0 0.75859375 0.75703125 0.0421875 0.05
0 0.77734375 0.690625 0.040625 0.05
0 0.86484375 0.83203125 0.04375 0.053125
0 0.76640625 0.6015625 0.040625 0.0484375
0 0.8796875 0.67578125 0.046875 0.0515625
0 0.8125 0.8546875 0.04375 0.05
0 0.89921875 0.83125 0.0453125 0.05
0 0.74921875 0.846875 0.04375 0.0515625
0 0.946875 0.52109375 0.04375 0.05
0 0.72578125 0.31328125 0.0390625 0.046875
0 0.83515625 0.68515625 0.04375 0.05
0 0.86640625 0.88671875 0.04375 0.0515625
0 0.98984375 0.3453125 0.0203125 0.05
0 0.83515625 0.8859375 0.04375 0.0515625
0 0.728125 0.73125 0.0421875 0.05
0 0.66875 0.80390625 0.04375 0.0515625
0 0.715625 0.7765625 0.04375 0.05
0 0.17421875 0.22578125 0.040625 0.0484375
0 0.6578125 0.696875 0.040625 0.05
0 0.8296875 0.75078125 0.04375 0.05
0 0.77421875 0.81015625 0.04375 0.05
0 0.23046875 0.24921875 0.040625 0.0484375
0 0.24765625 0.16640625 0.040625 0.05
0 0.89140625 0.90859375 0.04375 0.05
0 0.80859375 0.8109375 0.04375 0.05
0 0.328125 0.6125 0.0421875 0.05
0 0.7171875 0.2765625 0.040625 0.0484375
0 0.96875 0.47265625 0.04375 0.05
0 0.725 0.409375 0.04375 0.05
0 0.9375 0.4484375 0.04375 0.05
0 0.33984375 0.49140625 0.040625 0.05
0 0.25546875 0.45078125 0.040625 0.05
0 0.86015625 0.7328125 0.04375 0.0484375
0 0.37265625 0.68984375 0.040625 0.05
0 0.30234375 0.125 0.040625 0.0484375
0 0.76796875 0.55390625 0.0390625 0.046875
0 0.18046875 0.49296875 0.040625 0.0484375
0 0.24765625 0.30390625 0.04375 0.05
0 0.7265625 0.540625 0.040625 0.0484375
0 0.28828125 0.47734375 0.040625 0.05
0 0.9765625 0.4296875 0.04375 0.05
0 0.1359375 0.39140625 0.040625 0.0515625
0 0.3203125 0.45703125 0.040625 0.0484375
0 0.365625 0.60625 0.040625 0.05
0 0.440625 0.73515625 0.0421875 0.05
0 0.75 0.890625 0.04375 0.053125
0 0.90625 0.86953125 0.04375 0.05
0 0.48671875 0.70859375 0.040625 0.0484375
0 0.46953125 0.215625 0.040625 0.05
0 0.4078125 0.77734375 0.0421875 0.053125
0 0.17421875 0.31484375 0.040625 0.0484375
0 0.3109375 0.5359375 0.04375 0.05
0 0.334375 0.15703125 0.040625 0.05
0 0.428125 0.62265625 0.040625 0.05
0 0.978125 0.60078125 0.03125 0.046875
0 0.378125 0.84296875 0.040625 0.05
0 0.33046875 0.7125 0.040625 0.0515625
0 0.3328125 0.565625 0.040625 0.0484375
0 0.12421875 0.46328125 0.0421875 0.05
0 0.8078125 0.503125 0.0390625 0.0453125
0 0.48203125 0.64296875 0.040625 0.05
0 0.77890625 0.515625 0.0390625 0.046875
0 0.4578125 0.67578125 0.040625 0.05
0 0.89765625 0.209375 0.04375 0.0515625
0 0.96328125 0.65859375 0.0359375 0.0515625
0 0.90234375 0.2484375 0.04375 0.053125
0 0.34921875 0.646875 0.040625 0.053125
0 0.4015625 0.7140625 0.040625 0.05
0 0.2546875 0.6984375 0.040625 0.053125
0 0.97265625 0.39296875 0.0421875 0.05
0 0.36171875 0.2546875 0.040625 0.053125
0 0.9875 0.51328125 0.025 0.0484375
0 0.8234375 0.465625 0.0390625 0.046875
0 0.74140625 0.3578125 0.0421875 0.0546875
0 0.83046875 0.22265625 0.040625 0.0484375
0 0.4703125 0.50625 0.040625 0.05
0 0.3453125 0.37734375 0.04375 0.05625
0 0.2609375 0.39609375 0.04375 0.05
0 0.58046875 0.59453125 0.040625 0.05
0 0.36953125 0.20703125 0.040625 0.05
0 0.68828125 0.09375 0.040625 0.053125
0 0.42890625 0.6671875 0.04375 0.053125
0 0.29453125 0.7015625 0.040625 0.053125
0 0.77890625 0.86484375 0.04375 0.0515625
0 0.93359375 0.41015625 0.04375 0.0484375
0 0.2859375 0.6078125 0.040625 0.053125
0 0.425 0.25390625 0.0390625 0.0484375
0 0.553125 0.47265625 0.0390625 0.046875
0 0.24765625 0.49375 0.040625 0.05
0 0.37109375 0.73125 0.040625 0.05
0 0.990625 0.4453125 0.01875 0.05
0 0.8078125 0.14609375 0.0453125 0.053125
0 0.3375 0.19453125 0.040625 0.0515625
0 0.65859375 0.17734375 0.040625 0.053125
0 0.54765625 0.6109375 0.040625 0.05
0 0.73359375 0.446875 0.040625 0.05
0 0.55625 0.51875 0.0390625 0.046875
0 0.4078125 0.221875 0.040625 0.05
0 0.88515625 0.39765625 0.0390625 0.046875
0 0.16640625 0.41015625 0.0421875 0.0484375
0 0.55625 0.41484375 0.040625 0.05
0 0.5296875 0.54453125 0.0390625 0.046875
0 0.51640625 0.61328125 0.040625 0.05
0 0.984375 0.2765625 0.03125 0.053125
0 0.94453125 0.33125 0.0390625 0.046875
0 0.78671875 0.47578125 0.0375 0.0453125
0 0.8421875 0.4328125 0.040625 0.0484375
0 0.6375 0.41328125 0.040625 0.053125
0 0.45859375 0.6265625 0.040625 0.05
0 0.44453125 0.5578125 0.040625 0.0546875
0 0.06796875 0.4390625 0.04375 0.05
0 0.52890625 0.1578125 0.040625 0.0484375
0 0.56015625 0.5703125 0.040625 0.05
0 0.8125 0.26015625 0.040625 0.05
0 0.8140625 0.32265625 0.040625 0.0484375
0 0.91328125 0.31796875 0.0390625 0.046875
0 0.8 0.43828125 0.0375 0.04375
0 0.55390625 0.19765625 0.040625 0.0515625
0 0.50546875 0.48125 0.040625 0.05
0 0.35703125 0.81484375 0.04375 0.053125
0 0.53125 0.44609375 0.040625 0.05
0 0.503125 0.1453125 0.040625 0.0515625
0 0.453125 0.7734375 0.046875 0.053125
0 0.5328125 0.64765625 0.04375 0.0484375
0 0.5015625 0.56484375 0.040625 0.05
0 0.84296875 0.3015625 0.0390625 0.046875
0 0.6921875 0.346875 0.040625 0.053125
0 0.690625 0.50234375 0.0453125 0.05
0 0.52890625 0.5015625 0.0390625 0.046875
0 0.87421875 0.296875 0.0390625 0.046875
0 0.4765625 0.546875 0.040625 0.0484375
0 0.471875 0.58671875 0.040625 0.05
0 0.93359375 0.36875 0.0390625 0.0453125
0 0.74765625 0.50859375 0.040625 0.05
0 0.49765625 0.6046875 0.0375 0.046875
0 0.32578125 0.759375 0.04375 0.0515625
0 0.90546875 0.36328125 0.0390625 0.046875
0 0.96171875 0.265625 0.040625 0.046875
0 0.8203125 0.40859375 0.0375 0.04375
0 0.83671875 0.371875 0.0390625 0.0453125
0 0.50390625 0.67109375 0.040625 0.05
0 0.721875 0.4875 0.040625 0.0484375
0 0.53671875 0.23359375 0.040625 0.0484375
0 0.80703125 0.36328125 0.0390625 0.046875
0 0.7875 0.396875 0.0390625 0.046875
0 0.86484375 0.37421875 0.040625 0.0484375
0 0.75703125 0.46796875 0.0390625 0.046875
0 0.85078125 0.33828125 0.0390625 0.046875
0 0.77109375 0.43203125 0.0390625 0.046875
0 0.8828125 0.3375 0.0375 0.04375
0 0.51875 0.20234375 0.0453125 0.05
0 0.50078125 0.5203125 0.0390625 0.0453125
0 0.5234375 0.1109375 0.04375 0.0484375
0 0.690625 0.21484375 0.040625 0.0515625
0 0.93828125 0.28984375 0.0390625 0.046875
0 0.95703125 0.72734375 0.0171875 0.0421875
0 0.9328125 0.83515625 0.015625 0.040625