0 0.3078125 0.809375 0.04375 0.0328125
0 0.3765625 0.81328125 0.04375 0.03203125
0 0.25859375 0.93046875 0.046875 0.03515625
0 0.4609375 0.78203125 0.0421875 0.03203125
0 0.4140625 0.909375 0.04296875 0.0375
0 0.225 0.884375 0.04296875 0.034375
0 0.2671875 0.96328125 0.04453125 0.0359375
0 0.21796875 0.82109375 0.0453125 0.034375
0 0.5796875 0.940625 0.04375 0.03359375
0 0.7328125 0.678125 0.040625 0.03046875
0 0.39453125 0.86796875 0.04375 0.03359375
0 0.20546875 0.94375 0.0453125 0.03515625
0 0.7640625 0.9546875 0.04296875 0.03359375
0 0.19921875 0.91328125 0.0453125 0.034375
0 0.32578125 0.77421875 0.04375 0.0328125
0 0.2421875 0.7328125 0.0453125 0.03359375
0 0.27890625 0.77265625 0.04296875 0.03359375
0 0.69375 0.12109375 0.0421875 0.03046875
0 0.34375 0.69765625 0.04296875 0.03203125
0 0.3296875 0.87734375 0.04296875 0.034375
0 0.259375 0.83671875 0.04453125 0.03359375
0 0.68359375 0.18125 0.0421875 0.03125
0 0.76796875 0.17890625 0.04296875 0.03046875
0 0.18984375 0.9734375 0.04375 0.034375
0 0.26640625 0.8703125 0.04375 0.03515625
0 0.3515625 0.3578125 0.04375 0.0328125
0 0.76640625 0.66171875 0.0421875 0.03203125
0 0.63203125 0.95078125 0.04375 0.034375
0 0.6390625 0.6984375 0.04296875 0.03359375
0 0.6484375 0.91484375 0.04296875 0.03359375
0 0.47265625 0.3421875 0.04296875 0.03125
0 0.49296875 0.25078125 0.04296875 0.03203125
0 0.35390625 0.903125 0.0421875 0.03359375
0 0.28671875 0.41875 0.04453125 0.03203125
0 0.82109375 0.22265625 0.0421875 0.03046875
0 0.5078125 0.7734375 0.040625 0.03203125
0 0.43515625 0.18671875 0.0421875 0.03203125
0 0.634375 0.21015625 0.04296875 0.034375
0 0.51171875 0.7296875 0.0421875 0.03203125
0 0.47421875 0.28828125 0.04296875 0.03203125
0 0.67578125 0.9484375 0.04375 0.03359375
0 0.52421875 0.12109375 0.0453125 0.03125
0 0.5015625 0.315625 0.0421875 0.03203125
0 0.36640625 0.39296875 0.04375 0.03125
0 0.2578125 0.4953125 0.04453125 0.0328125
0 0.17578125 0.83125 0.04609375 0.03515625
0 0.23125 0.97890625 0.04296875 0.03359375
0 0.29375 0.53359375 0.0421875 0.03203125
0 0.7703125 0.40625 0.04453125 0.03046875
0 0.209375 0.47265625 0.04765625 0.0328125
0 0.60703125 0.140625 0.0421875 0.03046875
0 0.42265625 0.3234375 0.04375 0.03359375
0 0.796875 0.26171875 0.04375 0.03203125
0 0.3640625 0.4578125 0.04453125 0.03203125
0 0.509375 0.98828125 0.04375 0.02265625
0 0.13828125 0.45859375 0.04453125 0.03203125
0 0.2546875 0.3828125 0.0453125 0.03203125
0 0.3984375 0.3515625 0.0421875 0.03125
0 0.4515625 0.12578125 0.04375 0.0328125
0 0.56640625 0.80078125 0.0390625 0.03046875
0 0.35703125 0.51484375 0.04296875 0.03125
0 0.54765625 0.775 0.04140625 0.03046875
0 0.31953125 0.4984375 0.04453125 0.03203125
0 0.87265625 0.821875 0.0453125 0.034375
0 0.45 0.98671875 0.046875 0.0265625
0 0.83515625 0.83515625 0.046875 0.03359375
0 0.32265625 0.3859375 0.046875 0.03203125
0 0.26953125 0.45234375 0.04453125 0.03203125
0 0.2515625 0.30546875 0.046875 0.03203125
0 0.7109375 0.93671875 0.04375 0.0328125
0 0.7078125 0.31015625 0.04609375 0.03125
0 0.59765625 0.98515625 0.04296875 0.02734375
0 0.60625 0.80703125 0.03984375 0.03046875
0 0.69296875 0.703125 0.0484375 0.0328125
0 0.84453125 0.759375 0.0421875 0.03203125
0 0.4875 0.47265625 0.04375 0.03203125
0 0.58515625 0.321875 0.05 0.0328125
0 0.54765625 0.24375 0.04296875 0.034375
0 0.42578125 0.6 0.04296875 0.03125
0 0.75625 0.30703125 0.04375 0.03203125
0 0.93828125 0.5921875 0.046875 0.03046875
0 0.32109375 0.46796875 0.046875 0.034375
0 0.25703125 0.3453125 0.04609375 0.03203125
0 0.20703125 0.85390625 0.04453125 0.03515625
0 0.68515625 0.90234375 0.0421875 0.03359375
0 0.346875 0.315625 0.04609375 0.03203125
0 0.72265625 0.371875 0.0421875 0.0296875
0 0.53828125 0.5453125 0.04140625 0.03125
0 0.44921875 0.253125 0.04375 0.03203125
0 0.24609375 0.4265625 0.04453125 0.03203125
0 0.665625 0.97890625 0.04296875 0.03359375
0 0.9140625 0.7203125 0.046875 0.0359375
0 0.7609375 0.27265625 0.0453125 0.03203125
0 0.85 0.58203125 0.04765625 0.03203125
0 0.40234375 0.57109375 0.04296875 0.03125
0 0.60390625 0.715625 0.04453125 0.03203125
0 0.49453125 0.55859375 0.04140625 0.03046875
0 0.75 0.34765625 0.04375 0.03125
0 0.68671875 0.85234375 0.04140625 0.03125
0 0.5125 0.1546875 0.0421875 0.0328125
0 0.5953125 0.5359375 0.04296875 0.03046875
0 0.46328125 0.5390625 0.03984375 0.03125
0 0.39296875 0.54140625 0.04375 0.03125
0 0.828125 0.928125 0.04609375 0.0328125
0 0.7640625 0.8953125 0.04140625 0.03203125
0 0.58828125 0.77421875 0.0390625 0.0296875
0 0.6421875 0.81875 0.0421875 0.03203125
0 0.98359375 0.95390625 0.0296875 0.03359375
0 0.615625 0.6140625 0.046875 0.03125
0 0.3671875 0.48828125 0.04453125 0.03203125
0 0.43125 0.45859375 0.0484375 0.03203125
0 0.4625 0.065625 0.04296875 0.03515625
0 0.83984375 0.4515625 0.0421875 0.03125
0 0.4453125 0.57421875 0.04453125 0.03203125
0 0.80390625 0.75078125 0.04296875 0.03203125
0 0.74375 0.76640625 0.0421875 0.03203125
0 0.7703125 0.86171875 0.04140625 0.03203125
0 0.62734375 0.778125 0.03828125 0.0296875
0 0.80703125 0.484375 0.0453125 0.03046875
0 0.51953125 0.50078125 0.04375 0.03125
0 0.1609375 0.43125 0.04609375 0.03359375
0 0.559375 0.51796875 0.04296875 0.03125
0 0.84609375 0.4234375 0.0453125 0.03203125
0 0.22265625 0.515625 0.0453125 0.0375
0 0.36328125 0.56484375 0.0421875 0.03359375
0 0.4375 0.51640625 0.04296875 0.03125
0 0.7703125 0.78984375 0.040625 0.03046875
0 0.6921875 0.653125 0.046875 0.03125
0 0.540625 0.6859375 0.04453125 0.0359375
0 0.5046875 0.52890625 0.040625 0.03046875
0 0.78203125 0.81875 0.03984375 0.03046875
0 0.44921875 0.4875 0.0421875 0.03125
0 0.409375 0.4921875 0.04296875 0.03125
0 0.72578125 0.89296875 0.0390625 0.03125
0 0.54765625 0.74296875 0.04375 0.03125
0 0.39765625 0.52109375 0.04140625 0.0296875
0 0.2078125 0.38828125 0.0453125 0.03515625
0 0.72421875 0.8640625 0.040625 0.03046875
0 0.83203125 0.896875 0.04140625 0.0328125
0 0.6609375 0.79140625 0.03828125 0.0296875
0 0.70078125 0.79921875 0.0390625 0.03046875
0 0.334375 0.5421875 0.04375 0.03203125
0 0.56171875 0.71328125 0.0421875 0.03125
0 0.76796875 0.47578125 0.0421875 0.03046875
0 0.70234375 0.76875 0.040625 0.03046875
0 0.66484375 0.75703125 0.03984375 0.03125
0 0.7046875 0.82734375 0.0421875 0.03046875
0 0.5890625 0.74296875 0.03984375 0.03203125
0 0.73671875 0.80546875 0.040625 0.03046875
0 0.62734375 0.7484375 0.040625 0.03203125
0 0.74453125 0.83671875 0.03828125 0.0296875
0 0.79453125 0.4515625 0.04453125 0.0359375
0 0.48046875 0.50546875 0.0390625 0.03046875
0 0.884375 0.43515625 0.0421875 0.03359375
0 0.69765625 0.9953125 0.040625 0.00859375
0 0.82109375 0.621875 0.0453125 0.03125
0 0.803125 0.8796875 0.04140625 0.03203125
0 0.38125 0.99609375 0.0421875 0.0078125
0 0.27109375 0.996875 0.03984375 0.00546875