0 0.93984375 0.8 0.0296875 0.04375
0 0.8578125 0.803125 0.034375 0.040625
0 0.875 0.77109375 0.034375 0.0421875
0 0.88671875 0.73984375 0.0359375 0.040625
0 0.8734375 0.71015625 0.0390625 0.0453125
0 0.89921875 0.7046875 0.034375 0.0421875
0 0.92265625 0.684375 0.034375 0.040625
0 0.89609375 0.64765625 0.0359375 0.04375
0 0.93984375 0.59296875 0.0328125 0.040625
0 0.94296875 0.5125 0.034375 0.040625
0 0.8984375 0.578125 0.034375 0.040625
0 0.86171875 0.60625 0.0328125 0.0390625
0 0.8796875 0.515625 0.0359375 0.0453125
0 0.8078125 0.76015625 0.034375 0.0421875
0 0.7796875 0.76875 0.034375 0.0421875
0 0.75546875 0.78359375 0.034375 0.0421875
0 0.7328125 0.80078125 0.03125 0.040625
0 0.7203125 0.83515625 0.034375 0.0421875
0 0.69921875 0.85625 0.034375 0.04375
0 0.690625 0.8921875 0.034375 0.0390625
0 0.675 0.925 0.034375 0.0390625
0 0.68203125 0.83359375 0.034375 0.0421875
0 0.65703125 0.9 0.034375 0.0421875
0 0.65703125 0.84609375 0.03125 0.0421875
0 0.6390625 0.88125 0.034375 0.040625
0 0.62421875 0.90546875 0.034375 0.0390625
0 0.62734375 0.853125 0.034375 0.04375
0 0.6046875 0.88359375 0.0328125 0.0421875
0 0.64453125 0.7796875 0.034375 0.0421875
0 0.6203125 0.79453125 0.0359375 0.0421875
0 0.625 0.746875 0.034375 0.040625
0 0.5859375 0.75859375 0.034375 0.0421875
0 0.60703125 0.72578125 0.034375 0.0390625
0 0.5921875 0.67265625 0.0328125 0.0421875
0 0.615625 0.69296875 0.034375 0.0390625
0 0.58125 0.71953125 0.034375 0.040625
0 0.5640625 0.98046875 0.034375 0.0390625
0 0.53125 0.9 0.034375 0.040625
0 0.5125 0.81484375 0.034375 0.0421875
0 0.47578125 0.84765625 0.034375 0.0421875
0 0.484375 0.81015625 0.034375 0.0390625
0 0.565625 0.6765625 0.034375 0.0390625
0 0.49609375 0.69140625 0.034375 0.0421875
0 0.540625 0.67265625 0.034375 0.040625
0 0.56640625 0.64453125 0.034375 0.0375
0 0.4765625 0.7125 0.034375 0.0421875
0 0.465625 0.671875 0.034375 0.0421875
0 0.4375 0.7125 0.034375 0.0390625
0 0.35 0.80546875 0.03125 0.0390625
0 0.34296875 0.82109375 0.03125 0.0359375
0 0.375 0.80234375 0.03125 0.0390625
0 0.32734375 0.7921875 0.0328125 0.0390625
0 0.36796875 0.76953125 0.03125 0.0421875
0 0.309375 0.7546875 0.0328125 0.040625
0 0.31484375 0.70625 0.03125 0.0390625
0 0.28359375 0.75546875 0.03125 0.0390625
0 0.33828125 0.68125 0.0328125 0.0375
0 0.259375 0.75078125 0.03125 0.0390625
0 0.31875 0.6671875 0.03125 0.0390625
0 0.27890625 0.725 0.034375 0.0375
0 0.34375 0.66015625 0.0328125 0.03125
0 0.21640625 0.7296875 0.034375 0.0421875
0 0.33515625 0.63515625 0.0328125 0.040625
0 0.19375 0.71640625 0.034375 0.0390625
0 0.18046875 0.74609375 0.03125 0.0390625
0 0.31171875 0.61328125 0.034375 0.040625
0 0.19453125 0.66796875 0.034375 0.0390625
0 0.18046875 0.6078125 0.034375 0.0390625
0 0.19296875 0.63515625 0.034375 0.040625
0 0.17421875 0.534375 0.0359375 0.0453125
0 0.3 0.5125 0.0375 0.0453125
0 0.284375 0.4515625 0.034375 0.0390625
0 0.325 0.41484375 0.034375 0.0421875
0 0.2875 0.41953125 0.034375 0.0390625
0 0.35546875 0.45703125 0.034375 0.040625
0 0.26875 0.41015625 0.0328125 0.0421875
0 0.32890625 0.38125 0.034375 0.0390625
0 0.2453125 0.40234375 0.03125 0.0375
0 0.328125 0.34921875 0.034375 0.0375
0 0.25 0.3765625 0.0296875 0.034375
0 0.21640625 0.3671875 0.034375 0.040625
0 0.2609375 0.37265625 0.0296875 0.034375
0 0.334375 0.275 0.034375 0.0421875
0 0.2546875 0.34296875 0.03125 0.0375
0 0.30625 0.20078125 0.03125 0.0375
0 0.378125 0.1625 0.034375 0.0421875
0 0.3765625 0.39609375 0.034375 0.0390625
0 0.38359375 0.3546875 0.0359375 0.0421875
0 0.42109375 0.3125 0.034375 0.0421875
0 0.36015625 0.3359375 0.034375 0.0421875
0 0.47734375 0.096875 0.0328125 0.0421875
0 0.46484375 0.22265625 0.034375 0.0421875
0 0.4578125 0.28203125 0.034375 0.040625
0 0.478125 0.3 0.03125 0.0390625
0 0.4953125 0.25390625 0.0359375 0.0453125
0 0.51953125 0.27578125 0.0359375 0.0453125
0 0.55625 0.275 0.034375 0.04375
0 0.50625 0.38359375 0.034375 0.0421875
0 0.56171875 0.30546875 0.0328125 0.0421875
0 0.57890625 0.328125 0.0328125 0.0421875
0 0.578125 0.246875 0.034375 0.0421875
0 0.590625 0.19140625 0.0359375 0.0453125
0 0.615625 0.23984375 0.0359375 0.0453125
0 0.62265625 0.3375 0.03125 0.0421875
0 0.67734375 0.22578125 0.034375 0.0421875
0 0.68046875 0.184375 0.034375 0.0421875
0 0.71640625 0.29453125 0.0328125 0.0421875
0 0.7625 0.209375 0.0390625 0.0453125
0 0.69765625 0.31796875 0.034375 0.0421875
0 0.71796875 0.34921875 0.0359375 0.0453125
0 0.66640625 0.36015625 0.0359375 0.0453125
0 0.64375 0.3875 0.0375 0.040625
0 0.74296875 0.37421875 0.034375 0.040625
0 0.72265625 0.40078125 0.034375 0.0421875
0 0.71328125 0.44453125 0.0375 0.0453125
0 0.684375 0.4875 0.034375 0.04375
0 0.6453125 0.41953125 0.03125 0.040625
0 0.6640625 0.43984375 0.034375 0.0390625
0 0.6328125 0.48828125 0.034375 0.0390625
0 0.64140625 0.5265625 0.03125 0.040625
0 0.66796875 0.5421875 0.034375 0.040625
0 0.615625 0.5296875 0.0328125 0.0390625
0 0.59140625 0.51015625 0.0328125 0.04375
0 0.56015625 0.446875 0.034375 0.0421875
0 0.5953125 0.5734375 0.0328125 0.0390625
0 0.6203125 0.58515625 0.034375 0.0390625
0 0.58671875 0.6078125 0.0359375 0.0421875
0 0.5296875 0.5078125 0.0328125 0.0421875
0 0.5046875 0.53125 0.034375 0.0421875
0 0.50078125 0.6109375 0.034375 0.0421875
0 0.47109375 0.5484375 0.03125 0.0390625
0 0.48046875 0.5859375 0.0328125 0.0421875
0 0.4484375 0.6015625 0.03125 0.0390625
0 0.42578125 0.60390625 0.03125 0.0421875
0 0.43984375 0.56484375 0.03125 0.0421875
0 0.459375 0.5 0.0328125 0.0421875
0 0.45078125 0.53359375 0.03125 0.0390625
0 0.4640625 0.446875 0.034375 0.0421875
0 0.4328125 0.5015625 0.03125 0.0375
0 0.38125 0.509375 0.034375 0.0390625
0 0.42734375 0.53515625 0.03125 0.0390625
0 0.4109375 0.484375 0.034375 0.0390625
0 0.40703125 0.5171875 0.0328125 0.0390625
0 0.375 0.61015625 0.0328125 0.0390625
0 0.36328125 0.68984375 0.034375 0.0421875
0 0.09765625 0.63046875 0.034375 0.040625
0 0.10859375 0.53046875 0.034375 0.0421875
0 0.09921875 0.49609375 0.034375 0.0421875
0 0.72578125 0.771875 0.034375 0.0421875
0 0.74453125 0.734375 0.034375 0.0421875
0 0.7125 0.7359375 0.034375 0.0421875
0 0.7234375 0.66328125 0.034375 0.0421875
0 0.72890625 0.70546875 0.034375 0.0390625
0 0.71875 0.63203125 0.034375 0.0421875
0 0.80390625 0.5734375 0.034375 0.0390625
0 0.80703125 0.475 0.0390625 0.0453125
0 0.8140625 0.41484375 0.0359375 0.040625
0 0.92578125 0.346875 0.0390625 0.0453125
0 0.98984375 0.4828125 0.0203125 0.04375
0 0.990625 0.3484375 0.01875 0.05
0 0.99296875 0.225 0.0140625 0.046875