0 0.2890625 0.0109375 0.03984375 0.02109375
0 0.27109375 0.090625 0.0359375 0.028125
0 0.30546875 0.08046875 0.03828125 0.02890625
0 0.33828125 0.075 0.0359375 0.0296875
0 0.36484375 0.09296875 0.04140625 0.03125
0 0.375 0.06875 0.03671875 0.028125
0 0.4 0.05 0.0359375 0.02890625
0 0.43046875 0.0828125 0.0390625 0.0296875
0 0.49296875 0.05078125 0.0359375 0.0265625
0 0.57265625 0.0625 0.0359375 0.028125
0 0.49921875 0.09375 0.0359375 0.028125
0 0.46484375 0.125 0.034375 0.0265625
0 0.55703125 0.12421875 0.040625 0.02734375
0 0.303125 0.1484375 0.03671875 0.028125
0 0.28984375 0.17421875 0.03828125 0.028125
0 0.2703125 0.1953125 0.03671875 0.02890625
0 0.24921875 0.2140625 0.0359375 0.02578125
0 0.21328125 0.21953125 0.03671875 0.028125
0 0.18828125 0.23671875 0.0390625 0.028125
0 0.1515625 0.23828125 0.03515625 0.02734375
0 0.11640625 0.246875 0.03515625 0.028125
0 0.20703125 0.2578125 0.03671875 0.028125
0 0.1375 0.26953125 0.03671875 0.02734375
0 0.190625 0.2796875 0.03671875 0.02578125
0 0.15234375 0.290625 0.0359375 0.028125
0 0.12578125 0.30078125 0.034375 0.028125
0 0.17734375 0.3078125 0.03828125 0.02734375
0 0.14375 0.32421875 0.03671875 0.0265625
0 0.253125 0.3046875 0.0375 0.02734375
0 0.23359375 0.32578125 0.0375 0.0296875
0 0.28125 0.33046875 0.0359375 0.028125
0 0.2625 0.36640625 0.03671875 0.028125
0 0.29921875 0.3515625 0.03515625 0.02734375
0 0.3484375 0.3765625 0.0375 0.0265625
0 0.3328125 0.35 0.034375 0.02890625
0 0.3 0.378125 0.0359375 0.028125
0 0.0390625 0.3453125 0.03671875 0.028125
0 0.11328125 0.39296875 0.0359375 0.02734375
0 0.19375 0.42734375 0.03671875 0.028125
0 0.15390625 0.45703125 0.03671875 0.02890625
0 0.1921875 0.45625 0.034375 0.02734375
0 0.3390625 0.4015625 0.03515625 0.02734375
0 0.31171875 0.4671875 0.03671875 0.028125
0 0.33828125 0.42734375 0.0359375 0.028125
0 0.37109375 0.40703125 0.0328125 0.02734375
0 0.28671875 0.4828125 0.03671875 0.02734375
0 0.325 0.50078125 0.0375 0.02734375
0 0.2796875 0.52109375 0.034375 0.02734375
0 0.171875 0.5890625 0.03359375 0.02578125
0 0.1546875 0.59296875 0.03125 0.025
0 0.1796875 0.56484375 0.03359375 0.02578125
0 0.18046875 0.6140625 0.034375 0.0265625
0 0.21015625 0.578125 0.0375 0.02578125
0 0.21328125 0.63828125 0.0359375 0.0265625
0 0.2625 0.6421875 0.03359375 0.025
0 0.2078125 0.66328125 0.034375 0.025
0 0.29140625 0.62421875 0.0328125 0.0265625
0 0.2078125 0.68828125 0.034375 0.025
0 0.3015625 0.64609375 0.03359375 0.02578125
0 0.23671875 0.67421875 0.0328125 0.02734375
0 0.31328125 0.62265625 0.0265625 0.02734375
0 0.2203125 0.734375 0.03671875 0.02890625
0 0.3359375 0.6359375 0.0359375 0.0265625
0 0.22890625 0.759375 0.03359375 0.02734375
0 0.19765625 0.76640625 0.03515625 0.02578125
0 0.353125 0.66328125 0.0359375 0.028125
0 0.2765625 0.76796875 0.034375 0.028125
0 0.33359375 0.79296875 0.034375 0.02734375
0 0.30859375 0.77578125 0.0359375 0.028125
0 0.40390625 0.81328125 0.03984375 0.02890625
0 0.45 0.69375 0.03984375 0.0296875
0 0.50625 0.72109375 0.03515625 0.02734375
0 0.55 0.68828125 0.03671875 0.02734375
0 0.53828125 0.72421875 0.03359375 0.02890625
0 0.51484375 0.65 0.0359375 0.02734375
0 0.54375 0.74375 0.03671875 0.0265625
0 0.58359375 0.690625 0.03359375 0.02890625
0 0.546875 0.76875 0.0328125 0.02578125
0 0.61484375 0.69765625 0.0328125 0.02890625
0 0.5734375 0.76875 0.0296875 0.025
0 0.5765625 0.80390625 0.0359375 0.02734375
0 0.5796875 0.759375 0.03203125 0.0234375
0 0.6890625 0.70546875 0.0375 0.02734375
0 0.60703125 0.77109375 0.0328125 0.02578125
0 0.75703125 0.74765625 0.0328125 0.02578125
0 0.8078125 0.684375 0.03671875 0.02734375
0 0.578125 0.640625 0.03515625 0.02734375
0 0.6203125 0.6421875 0.03828125 0.0296875
0 0.66875 0.61328125 0.03828125 0.02734375
0 0.634375 0.66875 0.0375 0.028125
0 0.89140625 0.59921875 0.03828125 0.0265625
0 0.765625 0.5875 0.0375 0.028125
0 0.70625 0.5828125 0.0359375 0.02734375
0 0.6921875 0.559375 0.034375 0.02578125
0 0.740625 0.5515625 0.03984375 0.028125
0 0.72421875 0.5234375 0.04140625 0.02734375
0 0.73203125 0.4875 0.0390625 0.02890625
0 0.615625 0.51640625 0.03828125 0.028125
0 0.703125 0.4765625 0.0375 0.0265625
0 0.68359375 0.45546875 0.03671875 0.0265625
0 0.76328125 0.471875 0.03671875 0.02734375
0 0.8203125 0.4703125 0.03984375 0.028125
0 0.77734375 0.4359375 0.03984375 0.02890625
0 0.6828125 0.4109375 0.0375 0.025
0 0.803125 0.378125 0.0375 0.02734375
0 0.84453125 0.3828125 0.03828125 0.028125
0 0.74296875 0.3265625 0.03671875 0.0265625
0 0.83515625 0.29765625 0.03984375 0.03203125
0 0.71640625 0.340625 0.0375 0.02734375
0 0.68984375 0.31484375 0.03984375 0.02734375
0 0.66875 0.36328125 0.03984375 0.028125
0 0.6375 0.38046875 0.0359375 0.03046875
0 0.66953125 0.28515625 0.0359375 0.02734375
0 0.63984375 0.3 0.03828125 0.028125
0 0.5953125 0.3015625 0.03984375 0.0296875
0 0.54765625 0.32109375 0.0390625 0.02890625
0 0.60703125 0.37265625 0.0359375 0.02578125
0 0.590625 0.35078125 0.03359375 0.02734375
0 0.53671875 0.371875 0.034375 0.02734375
0 0.50078125 0.35625 0.0359375 0.02578125
0 0.490625 0.32734375 0.0359375 0.02890625
0 0.49296875 0.38046875 0.03359375 0.0265625
0 0.50703125 0.40859375 0.0390625 0.0265625
0 0.5640625 0.45078125 0.03828125 0.028125
0 0.44609375 0.3921875 0.03359375 0.0265625
0 0.4390625 0.365625 0.03515625 0.028125
0 0.4109375 0.39453125 0.03671875 0.0296875
0 0.49765625 0.46953125 0.03828125 0.0265625
0 0.4703125 0.4890625 0.0375 0.02890625
0 0.39140625 0.478125 0.03671875 0.02890625
0 0.446875 0.51875 0.03359375 0.02421875
0 0.41171875 0.50234375 0.03671875 0.0265625
0 0.390625 0.53125 0.034375 0.02578125
0 0.38359375 0.553125 0.03671875 0.02578125
0 0.425 0.546875 0.0375 0.025
0 0.4921875 0.53984375 0.03671875 0.0265625
0 0.4578125 0.5421875 0.03515625 0.025
0 0.5453125 0.5453125 0.03828125 0.02734375
0 0.4859375 0.565625 0.0328125 0.02578125
0 0.46796875 0.61484375 0.03359375 0.02734375
0 0.4515625 0.56484375 0.03359375 0.02578125
0 0.4984375 0.590625 0.034375 0.02890625
0 0.465625 0.58828125 0.034375 0.0265625
0 0.36796875 0.6015625 0.03515625 0.0265625
0 0.2875 0.59765625 0.03671875 0.02734375
0 0.2953125 0.8703125 0.0359375 0.02890625
0 0.3953125 0.878125 0.0375 0.02734375
0 0.42734375 0.89453125 0.03828125 0.02734375
0 0.2765625 0.2265625 0.03671875 0.02734375
0 0.31640625 0.21484375 0.03671875 0.02890625
0 0.309375 0.24609375 0.03828125 0.02890625
0 0.38203125 0.24921875 0.03828125 0.028125
0 0.3421875 0.2359375 0.03515625 0.02890625
0 0.4125 0.26015625 0.03828125 0.028125
0 0.4859375 0.1875 0.03515625 0.028125
0 0.5828125 0.203125 0.040625 0.03203125
0 0.64375 0.2078125 0.0359375 0.0296875
0 0.73125 0.1109375 0.040625 0.03046875
0 0.6109375 0.01484375 0.0390625 0.02890625
0 0.74453125 0.0359375 0.04453125 0.03515625
0 0.865625 0.05546875 0.03984375 0.0328125