0 0.11875 0.4265625 0.06640625 0.04453125
0 0.2671875 0.5078125 0.065625 0.04453125
0 0.53203125 0.38671875 0.0640625 0.04453125
0 0.59765625 0.57578125 0.065625 0.0453125
0 0.57578125 0.10703125 0.06953125 0.0484375
0 0.62421875 0.4109375 0.059375 0.04375
0 0.19609375 0.5671875 0.06015625 0.04296875
0 0.728125 0.55703125 0.06171875 0.0421875
0 0.40234375 0.68984375 0.06796875 0.0453125
0 0.734375 0.50859375 0.059375 0.04296875
0 0.5015625 0.69765625 0.06015625 0.04375
0 0.18671875 0.175 0.0703125 0.04921875
0 0.62109375 0.51328125 0.06015625 0.04296875
0 0.0734375 0.325 0.06796875 0.05
0 0.63359375 0.1390625 0.065625 0.04609375
0 0.15390625 0.49140625 0.0625 0.04375
0 0.67734375 0.53203125 0.05859375 0.04140625
0 0.28359375 0.3796875 0.06640625 0.046875
0 0.11015625 0.66328125 0.0640625 0.04609375
0 0.25546875 0.5671875 0.0625 0.04375
0 0.45078125 0.334375 0.0609375 0.0453125
0 0.14140625 0.5921875 0.059375 0.0453125
0 0.6875 0.47109375 0.06171875 0.04453125
0 0.23359375 0.66875 0.065625 0.04609375
0 0.1328125 0.7046875 0.0625 0.04609375
0 0.61875 0.26171875 0.0625 0.046875
0 0.92734375 0.396875 0.06171875 0.04375
0 0.51953125 0.33359375 0.06015625 0.0453125
0 0.5640625 0.68828125 0.06171875 0.0453125
0 0.28828125 0.70234375 0.06484375 0.04765625
0 0.321875 0.33515625 0.0640625 0.0453125
0 0.42734375 0.2421875 0.06484375 0.04609375
0 0.2 0.459375 0.0640625 0.04453125
0 0.42421875 0.18984375 0.0640625 0.04609375
0 0.0296875 0.46875 0.059375 0.046875
0 0.85703125 0.49375 0.06015625 0.04296875
0 0.8125 0.24609375 0.06328125 0.0453125
0 0.5796875 0.34140625 0.065625 0.04609375
0 0.0921875 0.615625 0.05859375 0.04296875
0 0.0546875 0.17421875 0.06484375 0.046875
0 0.4734375 0.28671875 0.0625 0.046875
0 0.796875 0.49609375 0.0578125 0.04140625
0 0.8296875 0.35859375 0.06015625 0.04296875
0 0.08125 0.5609375 0.06015625 0.04453125
0 0.21484375 0.7390625 0.0640625 0.0453125
0 0.79140625 0.1328125 0.0640625 0.0453125
0 0.696875 0.371875 0.05859375 0.0421875
0 0.39140625 0.2984375 0.0625 0.0453125
0 0.8109375 0.571875 0.065625 0.04453125
0 0.78984375 0.4171875 0.0625 0.04453125
0 0.53359375 0.28515625 0.0609375 0.0453125
0 0.025 0.6046875 0.05 0.04453125
0 0.3609375 0.23828125 0.0625 0.04765625
0 0.55390625 0.22109375 0.06328125 0.046875
0 0.31875 0.2828125 0.06328125 0.04765625
0 0.49296875 0.23828125 0.059375 0.0453125
0 0.49765625 0.64765625 0.06328125 0.05
0 0.71953125 0.03125 0.0625 0.0453125
0 0.68828125 0.415625 0.0625 0.04453125
0 0.8171875 0.0859375 0.06875 0.05
0 0.75703125 0.45625 0.0640625 0.0421875
0 0.99375 0.34765625 0.0125 0.0359375
0 0.93125 0.27421875 0.06484375 0.04609375
0 0.09765625 0.05390625 0.06484375 0.04921875
0 0.14453125 0.746875 0.0609375 0.04453125
0 0.86796875 0.15 0.065625 0.05078125
0 0.3265625 0.7546875 0.0640625 0.05078125
0 0.35 0.5578125 0.065625 0.05078125
0 0.02265625 0.1390625 0.04453125 0.04140625
0 0.025 0.55390625 0.05 0.04453125
0 0.759375 0.36640625 0.06015625 0.04453125
0 0.07265625 0.00625 0.0578125 0.0125
0 0.98984375 0.2734375 0.01953125 0.0421875
0 0.77109375 0.0125 0.0609375 0.025
0 0.0359375 0.0921875 0.0625 0.04921875
0 0.02265625 0.04140625 0.0453125 0.04765625
0 0.66875 0.01015625 0.0578125 0.01953125
0 0.01171875 0.0109375 0.0234375 0.021875