0 0.1171875 0.43359375 0.0671875 0.046875
0 0.2671875 0.51171875 0.065625 0.0453125
0 0.5296875 0.3859375 0.0640625 0.0453125
0 0.59921875 0.57421875 0.065625 0.046875
0 0.56875 0.10546875 0.0703125 0.05
0 0.62265625 0.40859375 0.059375 0.0453125
0 0.19765625 0.57265625 0.059375 0.0453125
0 0.72890625 0.553125 0.0625 0.04375
0 0.40546875 0.69140625 0.06875 0.046875
0 0.734375 0.5046875 0.059375 0.0453125
0 0.5046875 0.69765625 0.059375 0.0453125
0 0.18125 0.18046875 0.071875 0.0515625
0 0.62109375 0.5109375 0.059375 0.0453125
0 0.0703125 0.3328125 0.0703125 0.0515625
0 0.62734375 0.13671875 0.0671875 0.0484375
0 0.15390625 0.49765625 0.0625 0.0453125
0 0.678125 0.52890625 0.059375 0.0421875
0 0.28125 0.38359375 0.0671875 0.0484375
0 0.11328125 0.6703125 0.065625 0.0484375
0 0.25703125 0.57109375 0.0625 0.0453125
0 0.44765625 0.33515625 0.0625 0.046875
0 0.14296875 0.5984375 0.0609375 0.046875
0 0.68671875 0.46796875 0.0625 0.0453125
0 0.23671875 0.6734375 0.0671875 0.0484375
0 0.13671875 0.7109375 0.0640625 0.0484375
0 0.61484375 0.259375 0.0640625 0.0484375
0 0.92578125 0.3890625 0.0625 0.0453125
0 0.51640625 0.33359375 0.0609375 0.046875
0 0.5671875 0.6875 0.0640625 0.046875
0 0.2921875 0.70625 0.0671875 0.0484375
0 0.31875 0.33828125 0.0640625 0.046875
0 0.42265625 0.24375 0.0671875 0.0484375
0 0.19921875 0.46484375 0.0640625 0.0453125
0 0.41875 0.19140625 0.065625 0.0484375
0 0.0296875 0.47734375 0.059375 0.0484375
0 0.85703125 0.4875 0.059375 0.0453125
0 0.8078125 0.240625 0.0640625 0.046875
0 0.5765625 0.33984375 0.0671875 0.0484375
0 0.09453125 0.62265625 0.059375 0.0453125
0 0.04921875 0.18203125 0.0671875 0.0484375
0 0.46953125 0.2875 0.0640625 0.0484375
0 0.796875 0.490625 0.0578125 0.0421875
0 0.82734375 0.353125 0.059375 0.0453125
0 0.08203125 0.56796875 0.059375 0.0453125
0 0.21875 0.74375 0.0640625 0.046875
0 0.78515625 0.128125 0.0640625 0.046875
0 0.69453125 0.36875 0.059375 0.04375
0 0.38828125 0.3 0.0640625 0.046875
0 0.8125 0.56640625 0.065625 0.0453125
0 0.78828125 0.4125 0.0625 0.0453125
0 0.5296875 0.284375 0.0625 0.046875
0 0.0265625 0.61328125 0.05 0.0453125
0 0.35625 0.240625 0.0640625 0.0484375
0 0.54921875 0.2203125 0.0640625 0.0484375
0 0.31484375 0.2859375 0.0640625 0.0484375
0 0.48828125 0.23828125 0.0609375 0.046875
0 0.5 0.64765625 0.0640625 0.0515625
0 0.7109375 0.02734375 0.0640625 0.046875
0 0.68671875 0.4125 0.0625 0.0453125
0 0.81015625 0.08046875 0.0703125 0.0515625
0 0.75625 0.4515625 0.0640625 0.04375
0 0.99140625 0.3390625 0.0125 0.0359375
0 0.92734375 0.26640625 0.0671875 0.0484375
0 0.08984375 0.0609375 0.0671875 0.0515625
0 0.14921875 0.753125 0.0625 0.046875
0 0.86171875 0.14375 0.0671875 0.053125
0 0.33125 0.7578125 0.065625 0.0515625
0 0.35078125 0.56015625 0.0671875 0.0515625
0 0.01875 0.146875 0.0375 0.040625
0 0.02578125 0.5625 0.05 0.0453125
0 0.75703125 0.36171875 0.059375 0.0453125
0 0.0640625 0.0140625 0.0578125 0.0140625
0 0.9859375 0.26484375 0.01875 0.0421875
0 0.76171875 0.01015625 0.0609375 0.0203125
0 0.03046875 0.09921875 0.0609375 0.0515625
0 0.01875 0.04921875 0.0375 0.0484375
0 0.66015625 0.00859375 0.0578125 0.0171875
0 0.00703125 0.01875 0.0140625 0.021875