0 0.47578125 0.275 0.0765625 0.065625
0 0.1859375 0.3578125 0.078125 0.0640625
0 0.41953125 0.8171875 0.075 0.0625
0 0.07109375 0.47734375 0.075 0.0609375
0 0.04921875 0.38515625 0.078125 0.065625
0 0.1796875 0.7625 0.0765625 0.0640625
0 0.5625 0.2953125 0.08125 0.065625
0 0.41171875 0.43828125 0.0765625 0.0625
0 0.23984375 0.709375 0.075 0.0640625
0 0.35390625 0.64296875 0.075 0.0640625
0 0.26015625 0.35546875 0.0734375 0.0609375
0 0.6359375 0.71484375 0.071875 0.0609375
0 0.528125 0.775 0.0734375 0.0609375
0 0.45625 0.1328125 0.0875 0.0671875
0 0.62890625 0.265625 0.071875 0.0625
0 0.4328125 0.67265625 0.075 0.0609375
0 0.271875 0.2875 0.0765625 0.0625
0 0.48203125 0.725 0.0734375 0.0609375
0 0.321875 0.22734375 0.078125 0.065625
0 0.46640625 0.46640625 0.0765625 0.0640625
0 0.4296875 0.0140625 0.08125 0.028125
0 0.35234375 0.2765625 0.075 0.0609375
0 0.68515625 0.25 0.075 0.0640625
0 0.4234375 0.29453125 0.078125 0.0640625
0 0.35078125 0.41640625 0.0734375 0.0609375
0 0.7390625 0.6859375 0.0765625 0.0625
0 0.56953125 0.215625 0.08125 0.065625
0 0.775 0.20234375 0.0734375 0.0625
0 0.3234375 0.36875 0.075 0.0609375
0 0.3765625 0.72421875 0.075 0.0640625
0 0.0421875 0.68984375 0.0796875 0.0640625
0 0.44765625 0.39765625 0.0734375 0.0609375
0 0.4046875 0.77265625 0.0765625 0.0625
0 0.109375 0.7234375 0.075 0.0609375
0 0.74140625 0.63984375 0.071875 0.0609375
0 0.83203125 0.14609375 0.075 0.0671875
0 0.64453125 0.621875 0.0734375 0.0625
0 0.6125 0.47421875 0.071875 0.0609375
0 0.0984375 0.55 0.0796875 0.071875
0 0.6734375 0.47734375 0.075 0.0640625
0 0.021875 0.5203125 0.04375 0.0625
0 0.6421875 0.43359375 0.0734375 0.0609375
0 0.453125 0.35078125 0.0734375 0.0625
0 0.55625 0.671875 0.075 0.0625
0 0.32734375 0.31953125 0.071875 0.0609375
0 0.58125 0.60625 0.071875 0.0609375
0 0.63359375 0.8453125 0.0796875 0.06875
0 0.58671875 0.5609375 0.071875 0.0609375
0 0.38828125 0.38203125 0.075 0.0609375
0 0.51015625 0.3796875 0.075 0.065625
0 0.46328125 0.62109375 0.071875 0.0625
0 0.5 0.6828125 0.0765625 0.0625
0 0.39140625 0.33125 0.078125 0.065625
0 0.73125 0.46484375 0.075 0.0625
0 0.78671875 0.55078125 0.075 0.0640625
0 0.559375 0.4515625 0.071875 0.0609375
0 0.56640625 0.40546875 0.078125 0.0625
0 0.265625 0.01953125 0.078125 0.0390625
0 0.33671875 0.01484375 0.0796875 0.0296875
0 0.9609375 0.18671875 0.078125 0.0671875
0 0.559375 0.49765625 0.075 0.0625
0 0.49765625 0.4296875 0.075 0.0609375
0 0.61796875 0.52265625 0.06875 0.059375
0 0.740625 0.5125 0.075 0.0640625
0 0.72890625 0.5609375 0.0703125 0.0625
0 0.14765625 0.68828125 0.08125 0.065625
0 0.70390625 0.60078125 0.071875 0.0578125
0 0.14765625 0.05390625 0.075 0.0609375
0 0.68046875 0.52109375 0.06875 0.0515625
0 0.5328125 0.534375 0.071875 0.0609375
0 0.65546875 0.56796875 0.06875 0.05625
0 0.67734375 0.5546875 0.0796875 0.06875
0 0.00546875 0.47734375 0.0109375 0.0421875
0 0.18515625 0.02578125 0.0796875 0.0515625
0 0.5234375 0.61171875 0.0765625 0.06875
0 0.1296875 0.01640625 0.053125 0.0328125