0 0.825 0.66484375 0.0359375 0.046875
0 0.82265625 0.5953125 0.034375 0.046875
0 0.95 0.703125 0.0390625 0.05
0 0.784375 0.5140625 0.034375 0.0453125
0 0.915625 0.55 0.040625 0.0453125
0 0.90703125 0.740625 0.0375 0.046875
0 0.98125 0.690625 0.0375 0.046875
0 0.84453125 0.753125 0.0375 0.0484375
0 0.93203125 0.38203125 0.0375 0.046875
0 0.65703125 0.25234375 0.034375 0.04375
0 0.87578125 0.57265625 0.0375 0.046875
0 0.96796875 0.7546875 0.0375 0.0484375
0 0.9296875 0.19765625 0.0375 0.046875
0 0.93828125 0.76328125 0.0375 0.0484375
0 0.78828125 0.65 0.0359375 0.046875
0 0.7546875 0.73671875 0.0375 0.0484375
0 0.790625 0.696875 0.0375 0.046875
0 0.10546875 0.33984375 0.034375 0.0453125
0 0.71015625 0.63828125 0.034375 0.046875
0 0.890625 0.63671875 0.0375 0.046875
0 0.85625 0.71015625 0.0375 0.046875
0 0.16640625 0.34453125 0.034375 0.0453125
0 0.15703125 0.2609375 0.034375 0.046875
0 0.98984375 0.7671875 0.0203125 0.046875
0 0.8890625 0.70078125 0.0375 0.046875
0 0.37109375 0.66015625 0.0359375 0.046875
0 0.6375 0.2203125 0.034375 0.0453125
0 0.9375 0.32890625 0.0375 0.046875
0 0.6859375 0.34453125 0.0375 0.046875
0 0.9 0.315625 0.0375 0.046875
0 0.3453125 0.540625 0.034375 0.046875
0 0.25234375 0.52890625 0.034375 0.046875
0 0.9140625 0.61015625 0.0375 0.0453125
0 0.4375 0.71953125 0.034375 0.046875
0 0.19609375 0.2046875 0.034375 0.0453125
0 0.771875 0.46875 0.034375 0.04375
0 0.19375 0.5921875 0.034375 0.0453125
0 0.19921875 0.39140625 0.0375 0.046875
0 0.728125 0.46796875 0.034375 0.0453125
0 0.29140625 0.54375 0.034375 0.046875
0 0.93125 0.2859375 0.0375 0.046875
0 0.1203125 0.50859375 0.034375 0.0484375
0 0.31640625 0.51484375 0.034375 0.0453125
0 0.4046875 0.6421875 0.034375 0.046875
0 0.51640625 0.74140625 0.0359375 0.046875
0 0.85859375 0.79375 0.0390625 0.05
0 0.990625 0.725 0.01875 0.046875
0 0.5515625 0.70234375 0.034375 0.0453125
0 0.3828125 0.2390625 0.034375 0.046875
0 0.4984375 0.7921875 0.0375 0.05
0 0.1328125 0.425 0.034375 0.0453125
0 0.33046875 0.5921875 0.0375 0.046875
0 0.23671875 0.225 0.034375 0.046875
0 0.46953125 0.6390625 0.034375 0.046875
0 0.9859375 0.4484375 0.025 0.0453125
0 0.490625 0.8640625 0.034375 0.046875
0 0.4046875 0.7546875 0.034375 0.0484375
0 0.3609375 0.6140625 0.034375 0.0453125
0 0.13125 0.58125 0.0359375 0.046875
0 0.79375 0.4078125 0.034375 0.0421875
0 0.52734375 0.64140625 0.034375 0.046875
0 0.76953125 0.42890625 0.034375 0.04375
0 0.5140625 0.6796875 0.034375 0.046875
0 0.78828125 0.10078125 0.0375 0.0484375
0 0.98671875 0.50703125 0.0265625 0.0484375
0 0.8046875 0.13671875 0.0390625 0.05
0 0.4015625 0.68671875 0.0359375 0.05
0 0.47265625 0.73359375 0.034375 0.046875
0 0.328125 0.7640625 0.0359375 0.05
0 0.91640625 0.2515625 0.0359375 0.046875
0 0.29296875 0.309375 0.0359375 0.05
0 0.975 0.36015625 0.03125 0.0453125
0 0.796875 0.3671875 0.034375 0.04375
0 0.68515625 0.28984375 0.0375 0.0515625
0 0.728125 0.134375 0.034375 0.0453125
0 0.47421875 0.51484375 0.034375 0.046875
0 0.31484375 0.43046875 0.0375 0.053125
0 0.240625 0.475 0.0375 0.046875
0 0.60625 0.56484375 0.034375 0.046875
0 0.28515625 0.26171875 0.034375 0.046875
0 0.55390625 0.05546875 0.0359375 0.05
0 0.48359375 0.68125 0.0390625 0.05
0 0.3671875 0.75546875 0.0359375 0.05
0 0.878125 0.7609375 0.0375 0.0484375
0 0.884375 0.28046875 0.0375 0.0453125
0 0.3296875 0.66875 0.0359375 0.05
0 0.353125 0.2890625 0.0328125 0.0453125
0 0.5421875 0.4578125 0.034375 0.04375
0 0.25859375 0.571875 0.034375 0.046875
0 0.44921875 0.759375 0.034375 0.046875
0 0.9625 0.29296875 0.0375 0.046875
0 0.68359375 0.06796875 0.040625 0.05
0 0.25078125 0.26015625 0.034375 0.0484375
0 0.5515625 0.14453125 0.0359375 0.05
0 0.5796875 0.59140625 0.034375 0.046875
0 0.70546875 0.37734375 0.034375 0.046875
0 0.55859375 0.5 0.034375 0.04375
0 0.3265625 0.2640625 0.034375 0.046875
0 0.834375 0.28359375 0.034375 0.04375
0 0.1546875 0.51796875 0.0359375 0.0453125
0 0.52734375 0.4015625 0.034375 0.046875
0 0.5421875 0.5328125 0.034375 0.04375
0 0.55078125 0.603125 0.034375 0.046875
0 0.89765625 0.1359375 0.0375 0.05
0 0.87109375 0.20234375 0.034375 0.04375
0 0.765625 0.38828125 0.0328125 0.0421875
0 0.80546875 0.33046875 0.034375 0.0453125
0 0.60390625 0.375 0.0359375 0.05
0 0.5 0.63359375 0.034375 0.046875
0 0.46484375 0.571875 0.0359375 0.0515625
0 0.0703125 0.575 0.0375 0.046875
0 0.421875 0.165625 0.034375 0.0453125
0 0.57890625 0.54765625 0.034375 0.046875
0 0.7234375 0.17578125 0.034375 0.046875
0 0.74453125 0.23359375 0.034375 0.0453125
0 0.83671875 0.19921875 0.034375 0.04375
0 0.765625 0.34921875 0.0328125 0.040625
0 0.4578125 0.1953125 0.034375 0.0484375
0 0.49921875 0.48046875 0.034375 0.046875
0 0.4609375 0.84375 0.0390625 0.05
0 0.5125 0.4390625 0.034375 0.046875
0 0.39375 0.16171875 0.034375 0.0484375
0 0.53984375 0.775 0.040625 0.0484375
0 0.5765625 0.63046875 0.0375 0.0453125
0 0.521875 0.5609375 0.034375 0.046875
0 0.76484375 0.20546875 0.034375 0.04375
0 0.6359375 0.2953125 0.0359375 0.05
0 0.68203125 0.44296875 0.0390625 0.046875
0 0.528125 0.49296875 0.034375 0.04375
0 0.79296875 0.19140625 0.034375 0.04375
0 0.4921875 0.5515625 0.034375 0.0453125
0 0.5 0.590625 0.034375 0.046875
0 0.871875 0.240625 0.034375 0.0421875
0 0.73828125 0.43125 0.034375 0.046875
0 0.5296875 0.6 0.0328125 0.04375
0 0.4140625 0.80078125 0.0375 0.0484375
0 0.84296875 0.24453125 0.034375 0.04375
0 0.86640625 0.134375 0.0359375 0.04375
0 0.7765625 0.3140625 0.0328125 0.040625
0 0.78046875 0.27421875 0.034375 0.0421875
0 0.55625 0.6609375 0.034375 0.046875
0 0.70703125 0.4203125 0.034375 0.0453125
0 0.45234375 0.23515625 0.034375 0.0453125
0 0.75 0.275 0.034375 0.04375
0 0.74140625 0.31328125 0.034375 0.04375
0 0.80859375 0.2671875 0.034375 0.0453125
0 0.734375 0.38984375 0.034375 0.04375
0 0.78359375 0.2375 0.034375 0.04375
0 0.73671875 0.3515625 0.034375 0.04375
0 0.8140625 0.22734375 0.0328125 0.040625
0 0.42578125 0.2109375 0.0390625 0.046875
0 0.50703125 0.51875 0.034375 0.0421875
0 0.4015625 0.12265625 0.0375 0.0453125
0 0.9765625 0.26015625 0.0125 0.040625
0 0.59375 0.16953125 0.034375 0.0484375
0 0.8515625 0.16484375 0.034375 0.04375