0 0.86484375 0.63203125 0.071875 0.053125
0 0.73125 0.52890625 0.071875 0.053125
0 0.45078125 0.60703125 0.0703125 0.053125
0 0.415625 0.41015625 0.071875 0.0546875
0 0.3640625 0.8765625 0.075 0.059375
0 0.36328125 0.56875 0.065625 0.053125
0 0.8109375 0.48125 0.065625 0.053125
0 0.28359375 0.4078125 0.06875 0.0515625
0 0.62578125 0.328125 0.075 0.05625
0 0.26953125 0.4546875 0.065625 0.053125
0 0.5296875 0.3046875 0.065625 0.053125
0 0.75859375 0.8703125 0.0765625 0.0609375
0 0.3828125 0.46796875 0.065625 0.053125
0 0.89375 0.73984375 0.075 0.059375
0 0.31171875 0.8359375 0.071875 0.05625
0 0.840625 0.5625 0.06875 0.053125
0 0.3296875 0.440625 0.065625 0.05
0 0.69453125 0.65234375 0.071875 0.05625
0 0.9109375 0.4 0.0703125 0.05625
0 0.75234375 0.471875 0.06875 0.053125
0 0.52265625 0.67109375 0.0671875 0.0546875
0 0.86875 0.46484375 0.065625 0.0546875
0 0.31015625 0.49921875 0.06875 0.053125
0 0.78984375 0.375 0.071875 0.05625
0 0.89453125 0.35546875 0.06875 0.05625
0 0.3453125 0.71640625 0.06875 0.05625
0 0.06171875 0.53515625 0.06875 0.053125
0 0.4546875 0.6609375 0.065625 0.0546875
0 0.46640625 0.30390625 0.06875 0.0546875
0 0.740625 0.33359375 0.071875 0.05625
0 0.65 0.690625 0.0703125 0.0546875
0 0.53125 0.765625 0.071875 0.05625
0 0.78984375 0.58671875 0.0703125 0.053125
0 0.5265625 0.81796875 0.0703125 0.05625
0 0.959375 0.6046875 0.065625 0.05625
0 0.14609375 0.45 0.065625 0.053125
0 0.1515625 0.7015625 0.06875 0.0546875
0 0.39609375 0.64453125 0.071875 0.05625
0 0.92109375 0.44921875 0.065625 0.053125
0 0.8890625 0.89140625 0.071875 0.05625
0 0.49296875 0.71484375 0.06875 0.05625
0 0.20625 0.45703125 0.0640625 0.0484375
0 0.15234375 0.58828125 0.065625 0.053125
0 0.9234375 0.50546875 0.065625 0.053125
0 0.81875 0.30859375 0.0703125 0.0546875
0 0.1546875 0.8171875 0.0703125 0.0546875
0 0.28515625 0.59609375 0.065625 0.0515625
0 0.57578125 0.71640625 0.06875 0.0546875
0 0.20390625 0.38046875 0.071875 0.053125
0 0.20078125 0.53671875 0.06875 0.053125
0 0.43359375 0.70703125 0.0671875 0.0546875
0 0.978125 0.47109375 0.04375 0.0515625
0 0.59609375 0.78046875 0.06875 0.05625
0 0.403125 0.7671875 0.06875 0.05625
0 0.6453125 0.74296875 0.06875 0.05625
0 0.465625 0.759375 0.065625 0.0546875
0 0.52578125 0.3546875 0.0703125 0.059375
0 0.21015625 0.92890625 0.06875 0.0546875
0 0.30078125 0.55390625 0.06875 0.053125
0 0.121875 0.859375 0.075 0.059375
0 0.2390625 0.503125 0.0703125 0.0515625
0 0.0390625 0.65546875 0.071875 0.05625
0 0.8265625 0.98671875 0.071875 0.0265625
0 0.88984375 0.31171875 0.0671875 0.053125
0 0.08203125 0.78828125 0.071875 0.059375
0 0.7109375 0.27578125 0.071875 0.059375
0 0.65703125 0.46640625 0.071875 0.059375
0 0.91484375 0.93125 0.05 0.046875
0 0.97421875 0.52109375 0.0515625 0.0515625
0 0.22265625 0.59140625 0.065625 0.053125
0 0.15625 0.9390625 0.0640625 0.034375
0 0.89453125 0.97265625 0.0703125 0.0546875
0 0.25703125 0.95703125 0.059375 0.028125