0 0.421875 0.2875 0.06484375 0.0515625
0 0.1609375 0.43828125 0.06796875 0.0484375
0 0.4984375 0.82734375 0.06484375 0.0484375
0 0.078125 0.58203125 0.065625 0.04765625
0 0.03515625 0.49765625 0.06796875 0.04921875
0 0.25234375 0.83203125 0.0671875 0.04921875
0 0.5109375 0.28671875 0.071875 0.04921875
0 0.39921875 0.46171875 0.0671875 0.04765625
0 0.2984375 0.76640625 0.06640625 0.04921875
0 0.39296875 0.67421875 0.065625 0.04921875
0 0.23203125 0.41796875 0.0640625 0.046875
0 0.68359375 0.67578125 0.06328125 0.04765625
0 0.59375 0.76015625 0.0640625 0.046875
0 0.36875 0.1546875 0.07734375 0.04921875
0 0.56875 0.24140625 0.06328125 0.0484375
0 0.4765625 0.68359375 0.065625 0.04765625
0 0.22734375 0.34921875 0.06640625 0.0484375
0 0.53671875 0.72265625 0.0640625 0.04609375
0 0.2609375 0.27890625 0.06796875 0.05078125
0 0.459375 0.47578125 0.0671875 0.04921875
0 0.309375 0.02734375 0.071875 0.05078125
0 0.30234375 0.31875 0.06484375 0.04765625
0 0.61953125 0.2125 0.06484375 0.04921875
0 0.37578125 0.31953125 0.06875 0.0484375
0 0.33515625 0.4546875 0.0640625 0.04609375
0 0.7765625 0.62265625 0.0671875 0.046875
0 0.4984375 0.20703125 0.07265625 0.04921875
0 0.69453125 0.14453125 0.0640625 0.0484375
0 0.296875 0.415625 0.06484375 0.04765625
0 0.434375 0.74765625 0.06640625 0.04921875
0 0.1015625 0.7953125 0.0703125 0.04921875
0 0.42421875 0.41328125 0.0640625 0.046875
0 0.4734375 0.7875 0.0671875 0.046875
0 0.175 0.8109375 0.06484375 0.046875
0 0.76796875 0.57734375 0.06328125 0.046875
0 0.2453125 0.015625 0.0671875 0.03046875
0 0.73671875 0.0765625 0.0640625 0.053125
0 0.66953125 0.58359375 0.0640625 0.0484375
0 0.603125 0.44765625 0.0625 0.04609375
0 0.12265625 0.6453125 0.06640625 0.05703125
0 0.6625 0.4359375 0.0640625 0.05
0 0.02890625 0.6390625 0.05703125 0.05078125
0 0.621875 0.40078125 0.0640625 0.04609375
0 0.41875 0.36640625 0.0640625 0.0484375
0 0.59609375 0.653125 0.065625 0.0484375
0 0.2890625 0.36640625 0.06328125 0.046875
0 0.6046875 0.58359375 0.06328125 0.04765625
0 0.71328125 0.80234375 0.06796875 0.05234375
0 0.59921875 0.53828125 0.06328125 0.04765625
0 0.36328125 0.4125 0.06484375 0.04765625
0 0.48046875 0.38125 0.0640625 0.0515625
0 0.49375 0.6265625 0.0625 0.0484375
0 0.54453125 0.67734375 0.0671875 0.0484375
0 0.35390625 0.3625 0.06796875 0.04921875
0 0.715625 0.41015625 0.065625 0.0484375
0 0.790625 0.4796875 0.0640625 0.04921875
0 0.54609375 0.43828125 0.0625 0.046875
0 0.54140625 0.3921875 0.06875 0.04765625
0 0.153125 0.078125 0.06875 0.0484375
0 0.16015625 0.02890625 0.06640625 0.04921875
0 0.2203125 0.0515625 0.06953125 0.05078125
0 0.875 0.084375 0.0734375 0.0515625
0 0.55703125 0.48359375 0.065625 0.0484375
0 0.48046875 0.43203125 0.06640625 0.04765625
0 0.6203125 0.49375 0.059375 0.046875
0 0.73671875 0.45390625 0.0640625 0.05
0 0.73671875 0.50390625 0.06015625 0.04921875
0 0.20390625 0.76796875 0.07109375 0.05
0 0.721875 0.5484375 0.06171875 0.04453125
0 0.05 0.15234375 0.06640625 0.04765625
0 0.68046875 0.4765625 0.0609375 0.03671875
0 0.09609375 0.0515625 0.06640625 0.04765625
0 0.53984375 0.52578125 0.06171875 0.04765625
0 0.04765625 0.02109375 0.06796875 0.0421875
0 0.6671875 0.528125 0.059375 0.04375
0 0.68515625 0.51015625 0.06875 0.05234375
0 0.1109375 0.01171875 0.06484375 0.02265625
0 0.00859375 0.6 0.01484375 0.0390625
0 0.078125 0.10859375 0.06796875 0.05234375
0 0.55 0.60234375 0.06640625 0.0546875
0 0.01015625 0.03046875 0.0203125 0.04140625
0 0.021875 0.109375 0.04296875 0.04765625