0 0.97734375 0.7359375 0.0234375 0.0421875
0 0.896875 0.75 0.0296875 0.0375
0 0.90859375 0.71640625 0.0296875 0.0390625
0 0.915625 0.68359375 0.03125 0.0375
0 0.89921875 0.65625 0.0328125 0.0421875
0 0.92421875 0.64765625 0.0296875 0.0390625
0 0.94453125 0.6234375 0.0296875 0.0375
0 0.91328125 0.59140625 0.03125 0.040625
0 0.9484375 0.53046875 0.028125 0.0375
0 0.940625 0.45 0.0296875 0.0375
0 0.90546875 0.521875 0.0296875 0.0375
0 0.87265625 0.5546875 0.028125 0.0359375
0 0.878125 0.4625 0.0296875 0.0421875
0 0.840625 0.71484375 0.0296875 0.0390625
0 0.8140625 0.7265625 0.0296875 0.0390625
0 0.7921875 0.7453125 0.0296875 0.0390625
0 0.77265625 0.765625 0.0265625 0.0375
0 0.76484375 0.80078125 0.0296875 0.0390625
0 0.746875 0.825 0.0296875 0.040625
0 0.74296875 0.86171875 0.0296875 0.0359375
0 0.7328125 0.89609375 0.0296875 0.0359375
0 0.7265625 0.80546875 0.0296875 0.0390625
0 0.7109375 0.87421875 0.0296875 0.0390625
0 0.70390625 0.8203125 0.0265625 0.0390625
0 0.690625 0.8578125 0.0296875 0.0375
0 0.6796875 0.884375 0.0296875 0.0359375
0 0.675 0.83203125 0.0296875 0.040625
0 0.65703125 0.86484375 0.028125 0.0390625
0 0.68203125 0.75703125 0.0296875 0.0390625
0 0.66015625 0.775 0.03125 0.0390625
0 0.6578125 0.72734375 0.0296875 0.0375
0 0.62109375 0.74453125 0.0296875 0.0390625
0 0.6375 0.70859375 0.0296875 0.0359375
0 0.615625 0.6578125 0.028125 0.0390625
0 0.64140625 0.675 0.0296875 0.0359375
0 0.6109375 0.70625 0.0296875 0.0375
0 0.63046875 0.96875 0.0296875 0.0390625
0 0.58671875 0.89140625 0.0296875 0.0375
0 0.55625 0.809375 0.0296875 0.0390625
0 0.525 0.84765625 0.0296875 0.0390625
0 0.52734375 0.809375 0.0296875 0.0359375
0 0.58984375 0.665625 0.0296875 0.0359375
0 0.52265625 0.68984375 0.0296875 0.0390625
0 0.5640625 0.665625 0.0296875 0.0375
0 0.5859375 0.63359375 0.0296875 0.034375
0 0.50625 0.7140625 0.0296875 0.0390625
0 0.48984375 0.675 0.0296875 0.0390625
0 0.4671875 0.71875 0.0296875 0.0359375
0 0.39375 0.82265625 0.0265625 0.0359375
0 0.3890625 0.83984375 0.0265625 0.0328125
0 0.41875 0.81640625 0.0265625 0.0359375
0 0.36953125 0.81328125 0.028125 0.0359375
0 0.40703125 0.78515625 0.0265625 0.0390625
0 0.346875 0.77890625 0.028125 0.0375
0 0.3453125 0.7296875 0.0265625 0.0359375
0 0.321875 0.78359375 0.0265625 0.0359375
0 0.36484375 0.7015625 0.028125 0.034375
0 0.296875 0.78203125 0.0265625 0.0359375
0 0.34375 0.690625 0.0265625 0.0359375
0 0.3125 0.75390625 0.0296875 0.034375
0 0.36796875 0.6796875 0.0296875 0.028125
0 0.2515625 0.7671875 0.0296875 0.0390625
0 0.35546875 0.65703125 0.028125 0.0375
0 0.2265625 0.75703125 0.0296875 0.0359375
0 0.21796875 0.78828125 0.0265625 0.0359375
0 0.32890625 0.63828125 0.0296875 0.0375
0 0.22109375 0.709375 0.0296875 0.0359375
0 0.1984375 0.65078125 0.0296875 0.0359375
0 0.21484375 0.6765625 0.0296875 0.0375
0 0.18203125 0.5796875 0.0296875 0.0421875
0 0.30390625 0.53984375 0.03125 0.0421875
0 0.2796875 0.48203125 0.0296875 0.0359375
0 0.31484375 0.43984375 0.0296875 0.0390625
0 0.278125 0.45 0.0296875 0.0359375
0 0.35078125 0.47734375 0.0296875 0.0375
0 0.25859375 0.44375 0.028125 0.0390625
0 0.3140625 0.40625 0.0296875 0.0359375
0 0.234375 0.4390625 0.0265625 0.034375
0 0.30859375 0.375 0.0296875 0.034375
0 0.23515625 0.4125 0.0265625 0.03125
0 0.20078125 0.4078125 0.0296875 0.0375
0 0.2453125 0.40703125 0.025 0.0328125
0 0.3046875 0.30078125 0.0296875 0.0390625
0 0.23515625 0.37890625 0.0265625 0.034375
0 0.26640625 0.23046875 0.0265625 0.034375
0 0.33203125 0.1828125 0.0296875 0.0390625
0 0.36328125 0.41484375 0.0296875 0.0359375
0 0.3640625 0.37265625 0.03125 0.0390625
0 0.39609375 0.32578125 0.0296875 0.0390625
0 0.33828125 0.35703125 0.0296875 0.0390625
0 0.42109375 0.10390625 0.028125 0.0390625
0 0.4265625 0.23046875 0.0296875 0.0390625
0 0.428125 0.28984375 0.0296875 0.0375
0 0.45078125 0.3046875 0.0265625 0.0359375
0 0.4609375 0.25703125 0.0296875 0.0421875
0 0.48828125 0.275 0.0296875 0.0421875
0 0.525 0.26875 0.0296875 0.040625
0 0.48984375 0.38359375 0.0296875 0.0390625
0 0.534375 0.2984375 0.028125 0.0390625
0 0.55390625 0.31875 0.028125 0.0390625
0 0.5421875 0.23828125 0.0296875 0.0390625
0 0.54609375 0.18203125 0.0296875 0.0421875
0 0.578125 0.2265625 0.0296875 0.0421875
0 0.5984375 0.321875 0.0265625 0.0390625
0 0.6375 0.20390625 0.0296875 0.0390625
0 0.63515625 0.16171875 0.0296875 0.0390625
0 0.6859375 0.26640625 0.028125 0.0390625
0 0.71953125 0.17578125 0.0328125 0.0421875
0 0.6703125 0.2921875 0.0296875 0.0390625
0 0.69453125 0.3203125 0.0296875 0.0421875
0 0.6453125 0.33828125 0.0296875 0.0421875
0 0.6265625 0.36875 0.0328125 0.0375
0 0.7234375 0.3421875 0.0296875 0.0375
0 0.70703125 0.37109375 0.0296875 0.0390625
0 0.703125 0.41484375 0.03125 0.0421875
0 0.68125 0.46171875 0.0296875 0.040625
0 0.6328125 0.4 0.0265625 0.0375
0 0.65390625 0.4171875 0.0296875 0.0359375
0 0.6296875 0.4703125 0.0296875 0.0359375
0 0.64375 0.50703125 0.0265625 0.0375
0 0.671875 0.51875 0.0296875 0.0375
0 0.61875 0.51328125 0.028125 0.0359375
0 0.59140625 0.49765625 0.028125 0.040625
0 0.55234375 0.43828125 0.0296875 0.0390625
0 0.6046875 0.559375 0.028125 0.0359375
0 0.63125 0.56796875 0.0296875 0.0359375
0 0.60078125 0.59453125 0.03125 0.0390625
0 0.53046875 0.50390625 0.028125 0.0390625
0 0.509375 0.53046875 0.0296875 0.0390625
0 0.51640625 0.609375 0.0296875 0.0390625
0 0.478125 0.55234375 0.0265625 0.0359375
0 0.49296875 0.58828125 0.028125 0.0390625
0 0.46328125 0.6078125 0.0265625 0.0359375
0 0.440625 0.61328125 0.0265625 0.0390625
0 0.44921875 0.57265625 0.0265625 0.0390625
0 0.46015625 0.50546875 0.028125 0.0390625
0 0.45546875 0.53984375 0.0265625 0.0359375
0 0.45703125 0.45234375 0.0296875 0.0390625
0 0.43359375 0.5109375 0.0265625 0.034375
0 0.38359375 0.52578125 0.0296875 0.0359375
0 0.4328125 0.5453125 0.0265625 0.0359375
0 0.409375 0.496875 0.0296875 0.0359375
0 0.41015625 0.5296875 0.028125 0.0359375
0 0.39140625 0.6265625 0.028125 0.0359375
0 0.39140625 0.70703125 0.0296875 0.0390625
0 0.11953125 0.68515625 0.0296875 0.0375
0 0.1171875 0.584375 0.0296875 0.0390625
0 0.10234375 0.5515625 0.0296875 0.0390625
0 0.76171875 0.7375 0.0296875 0.0390625
0 0.775 0.6984375 0.0296875 0.0390625
0 0.74375 0.70390625 0.0296875 0.0390625
0 0.74453125 0.63125 0.0296875 0.0390625
0 0.75546875 0.67109375 0.0296875 0.0359375
0 0.73515625 0.6 0.0296875 0.0390625
0 0.81171875 0.53046875 0.0296875 0.0359375
0 0.80078125 0.4328125 0.0328125 0.0421875
0 0.79921875 0.371875 0.03125 0.0375
0 0.90078125 0.2890625 0.0328125 0.0421875
0 0.9875 0.4140625 0.025 0.040625
0 0.9765625 0.28046875 0.0359375 0.0453125
0 0.96328125 0.1578125 0.034375 0.0421875