0 0.46796875 0.27578125 0.075 0.0640625
0 0.18125 0.36875 0.0765625 0.0609375
0 0.43046875 0.81953125 0.075 0.0609375
0 0.0703125 0.4921875 0.0734375 0.059375
0 0.04609375 0.40078125 0.078125 0.0625
0 0.1890625 0.7734375 0.0765625 0.0625
0 0.5546875 0.29375 0.08125 0.0640625
0 0.409375 0.44140625 0.075 0.059375
0 0.24765625 0.71875 0.075 0.0625
0 0.359375 0.6484375 0.075 0.0625
0 0.2546875 0.3640625 0.071875 0.059375
0 0.64296875 0.71015625 0.0703125 0.059375
0 0.5375 0.77421875 0.071875 0.059375
0 0.44375 0.13515625 0.0875 0.065625
0 0.62109375 0.26171875 0.071875 0.0609375
0 0.4390625 0.675 0.0734375 0.059375
0 0.26484375 0.29609375 0.075 0.0609375
0 0.48984375 0.72578125 0.071875 0.059375
0 0.3125 0.234375 0.078125 0.0625
0 0.465625 0.46796875 0.0765625 0.0625
0 0.4109375 0.01484375 0.08125 0.0296875
0 0.34453125 0.28125 0.0734375 0.059375
0 0.6765625 0.24375 0.075 0.0625
0 0.41640625 0.29765625 0.0765625 0.0609375
0 0.3484375 0.42109375 0.071875 0.059375
0 0.7453125 0.67734375 0.075 0.059375
0 0.559375 0.21328125 0.08125 0.0640625
0 0.7640625 0.19296875 0.0734375 0.0609375
0 0.31875 0.375 0.0734375 0.059375
0 0.384375 0.72890625 0.075 0.0625
0 0.04921875 0.70625 0.0796875 0.0640625
0 0.44375 0.39921875 0.071875 0.059375
0 0.4140625 0.77578125 0.075 0.059375
0 0.1171875 0.73671875 0.0734375 0.059375
0 0.74609375 0.63125 0.0703125 0.059375
0 0.81953125 0.13515625 0.0734375 0.065625
0 0.6484375 0.6171875 0.0734375 0.0609375
0 0.61171875 0.4703125 0.0703125 0.059375
0 0.10078125 0.5640625 0.0765625 0.06875
0 0.67265625 0.47109375 0.0734375 0.0625
0 0.02109375 0.53828125 0.0421875 0.0609375
0 0.63984375 0.428125 0.071875 0.059375
0 0.4484375 0.35234375 0.0734375 0.0609375
0 0.5625 0.66953125 0.075 0.0609375
0 0.32109375 0.32578125 0.0703125 0.059375
0 0.58515625 0.60390625 0.0703125 0.059375
0 0.64609375 0.83984375 0.078125 0.065625
0 0.5890625 0.5578125 0.0703125 0.059375
0 0.384375 0.3859375 0.0734375 0.059375
0 0.50546875 0.3796875 0.0734375 0.0640625
0 0.4671875 0.62265625 0.071875 0.0609375
0 0.50703125 0.6828125 0.0765625 0.0609375
0 0.3859375 0.33515625 0.078125 0.0625
0 0.7296875 0.45703125 0.075 0.0609375
0 0.78828125 0.540625 0.0734375 0.0625
0 0.5578125 0.44921875 0.0703125 0.059375
0 0.56328125 0.403125 0.0765625 0.059375
0 0.24765625 0.02265625 0.0765625 0.0453125
0 0.31875 0.0171875 0.078125 0.034375
0 0.953125 0.17109375 0.0828125 0.065625
0 0.559375 0.49609375 0.075 0.0609375
0 0.4953125 0.4296875 0.0734375 0.059375
0 0.61875 0.51875 0.0671875 0.0578125
0 0.74140625 0.50390625 0.0734375 0.0625
0 0.73046875 0.553125 0.06875 0.0609375
0 0.1546875 0.70078125 0.08125 0.0640625
0 0.70703125 0.59375 0.0703125 0.05625
0 0.13203125 0.06640625 0.0734375 0.059375
0 0.68125 0.51484375 0.0671875 0.05
0 0.53359375 0.53359375 0.0703125 0.059375
0 0.6578125 0.5625 0.0671875 0.0546875
0 0.67890625 0.5484375 0.078125 0.065625
0 0.0046875 0.49453125 0.009375 0.0421875
0 0.16875 0.03125 0.078125 0.0625
0 0.52734375 0.61015625 0.075 0.0671875
0 0.1125 0.02265625 0.053125 0.0453125