0 0.9578125 0.353125 0.025 0.028125
0 0.91875 0.3828125 0.025 0.0234375
0 0.90234375 0.3625 0.0234375 0.0265625
0 0.8953125 0.42578125 0.0234375 0.028125
0 0.890625 0.3875 0.0203125 0.025
0 0.8734375 0.3859375 0.0234375 0.0265625
0 0.86640625 0.40546875 0.025 0.025
0 0.86171875 0.43359375 0.025 0.0265625
0 0.8359375 0.42421875 0.0234375 0.0265625
0 0.825 0.37734375 0.021875 0.025
0 0.79375 0.46171875 0.0265625 0.0265625
0 0.809375 0.4515625 0.021875 0.025
0 0.7953125 0.43359375 0.025 0.025
0 0.775 0.39140625 0.0265625 0.0296875
0 0.75234375 0.37265625 0.0265625 0.0265625
0 0.7140625 0.3078125 0.0265625 0.028125
0 0.71171875 0.3390625 0.025 0.025
0 0.72109375 0.45 0.0265625 0.0296875
0 0.74140625 0.43515625 0.028125 0.0296875
0 0.75390625 0.40625 0.0234375 0.03125
0 0.73515625 0.40703125 0.0234375 0.0265625
0 0.71796875 0.41328125 0.0234375 0.03125
0 0.70390625 0.42734375 0.0234375 0.028125
0 0.6875 0.44453125 0.025 0.025
0 0.69453125 0.39453125 0.0265625 0.028125
0 0.690625 0.35546875 0.0265625 0.028125
0 0.67421875 0.38046875 0.0265625 0.028125
0 0.65859375 0.359375 0.025 0.0296875
0 0.659375 0.4203125 0.0265625 0.028125
0 0.65 0.38046875 0.0265625 0.028125
0 0.6359375 0.3984375 0.0265625 0.0265625
0 0.62890625 0.421875 0.0296875 0.03125
0 0.60078125 0.36171875 0.0265625 0.028125
0 0.59140625 0.2828125 0.0296875 0.0296875
0 0.5984375 0.3359375 0.0265625 0.0296875
0 0.6109375 0.446875 0.0265625 0.028125
0 0.59609375 0.41328125 0.0296875 0.03125
0 0.57578125 0.40078125 0.03125 0.0328125
0 0.53828125 0.33359375 0.03125 0.0359375
0 0.5671875 0.43046875 0.0328125 0.034375
0 0.52578125 0.35625 0.0296875 0.0296875
0 0.56328125 0.4640625 0.0296875 0.0328125
0 0.51171875 0.38359375 0.028125 0.034375
0 0.5421875 0.4390625 0.0296875 0.0328125
0 0.52578125 0.41171875 0.0296875 0.0328125
0 0.5375 0.384375 0.028125 0.0328125
0 0.50234375 0.4125 0.0296875 0.0328125
0 0.4890625 0.38515625 0.028125 0.0296875
0 0.484375 0.421875 0.028125 0.0296875
0 0.4828125 0.47421875 0.0296875 0.03125
0 0.48671875 0.45 0.03125 0.0328125
0 0.496875 0.49609375 0.0296875 0.0328125
0 0.48515625 0.534375 0.0296875 0.0328125
0 0.47109375 0.496875 0.0296875 0.03125
0 0.4578125 0.47421875 0.0265625 0.028125
0 0.4609375 0.4421875 0.0296875 0.034375
0 0.45625 0.3953125 0.0296875 0.0296875
0 0.44375 0.3703125 0.0328125 0.03125
0 0.4328125 0.40078125 0.03125 0.03125
0 0.43671875 0.43359375 0.0296875 0.03125
0 0.4359375 0.49140625 0.0296875 0.03125
0 0.4359375 0.46328125 0.0296875 0.0328125
0 0.415625 0.45078125 0.0296875 0.0328125
0 0.40703125 0.37890625 0.03125 0.0328125
0 0.37109375 0.37890625 0.0328125 0.0328125
0 0.4109375 0.42109375 0.0296875 0.0328125
0 0.3828125 0.4046875 0.0328125 0.0296875
0 0.35546875 0.40390625 0.03125 0.034375
0 0.3921875 0.440625 0.0296875 0.03125
0 0.36796875 0.4296875 0.03125 0.03125
0 0.39765625 0.46875 0.0296875 0.0296875
0 0.37265625 0.45703125 0.03125 0.0296875
0 0.34609375 0.446875 0.03125 0.0328125
0 0.3265625 0.42265625 0.0328125 0.0359375
0 0.328125 0.38984375 0.0328125 0.0328125
0 0.3046875 0.36484375 0.0375 0.0375
0 0.296875 0.39375 0.0359375 0.0359375
0 0.409375 0.48984375 0.0328125 0.03125
0 0.3828125 0.5140625 0.0328125 0.0359375
0 0.37578125 0.48515625 0.0296875 0.0328125
0 0.3515625 0.47421875 0.0328125 0.0328125
0 0.32265625 0.45390625 0.0328125 0.0328125
0 0.3 0.4328125 0.034375 0.0328125
0 0.3515625 0.503125 0.0359375 0.0359375
0 0.32421875 0.48515625 0.034375 0.0328125
0 0.296875 0.4703125 0.0359375 0.0359375
0 0.278125 0.45234375 0.0375 0.0375
0 0.25 0.43515625 0.0421875 0.0390625
0 0.25625 0.47578125 0.0359375 0.034375
0 0.3 0.5015625 0.0359375 0.034375
0 0.2734375 0.50390625 0.0328125 0.034375
0 0.2421875 0.5046875 0.0390625 0.040625
0 0.1875 0.55390625 0.0421875 0.0375
0 0.2140625 0.52890625 0.040625 0.04375
0 0.22734375 0.4765625 0.0359375 0.034375
0 0.20703125 0.4515625 0.0390625 0.0375
0 0.1765625 0.4609375 0.0390625 0.0359375
0 0.140625 0.44765625 0.0421875 0.040625
0 0.0890625 0.48046875 0.046875 0.040625