0 0.5171875 0.33359375 0.0359375 0.0359375
0 0.715625 0.275 0.0359375 0.040625
0 0.7375 0.3140625 0.0328125 0.0359375
0 0.38515625 0.67890625 0.0234375 0.01875
0 0.2203125 0.53984375 0.025 0.021875
0 0.94765625 0.51171875 0.028125 0.0234375
0 0.24453125 0.54375 0.025 0.021875
0 0.77109375 0.56640625 0.0234375 0.0203125
0 0.503125 0.4703125 0.028125 0.0234375
0 0.57890625 0.69140625 0.0203125 0.01875
0 0.8875 0.51171875 0.0265625 0.021875
0 0.8375 0.596875 0.025 0.021875
0 0.8359375 0.634375 0.0234375 0.01875
0 0.76171875 0.6484375 0.021875 0.01875
0 0.63125 0.63984375 0.025 0.01875
0 0.5703125 0.46171875 0.0265625 0.0234375
0 0.54921875 0.6921875 0.0203125 0.0171875
0 0.94765625 0.4609375 0.028125 0.025
0 0.66015625 0.54453125 0.025 0.021875
0 0.57578125 0.56484375 0.0265625 0.021875
0 0.68203125 0.6234375 0.021875 0.01875
0 0.971875 0.4390625 0.028125 0.025
0 0.70078125 0.53828125 0.028125 0.021875
0 0.7421875 0.634375 0.021875 0.01875
0 0.6 0.4734375 0.025 0.025
0 0.69609375 0.453125 0.028125 0.025
0 0.615625 0.6609375 0.021875 0.0171875
0 0.49375 0.7078125 0.0203125 0.0171875
0 0.5609375 0.484375 0.0265625 0.0234375
0 0.71640625 0.58828125 0.0234375 0.0203125
0 0.59921875 0.665625 0.0203125 0.01875
0 0.3265625 0.58671875 0.025 0.0203125
0 0.7390625 0.51015625 0.0265625 0.021875
0 0.784375 0.6140625 0.0234375 0.01875
0 0.80078125 0.621875 0.0234375 0.0203125
0 0.53046875 0.6984375 0.0203125 0.0171875
0 0.65703125 0.45859375 0.028125 0.0234375
0 0.31171875 0.51484375 0.0265625 0.021875
0 0.51875 0.709375 0.0234375 0.01875
0 0.8984375 0.421875 0.0296875 0.025
0 0.29609375 0.56953125 0.0234375 0.0203125
0 0.92578125 0.42421875 0.028125 0.025
0 0.946875 0.44140625 0.028125 0.025
0 0.50625 0.70234375 0.0203125 0.0171875
0 0.66015625 0.6140625 0.0234375 0.0203125
0 0.84765625 0.43515625 0.028125 0.025
0 0.8328125 0.4921875 0.028125 0.025
0 0.81875 0.61484375 0.0234375 0.01875
0 0.690625 0.590625 0.0234375 0.0203125
0 0.64140625 0.5328125 0.025 0.021875
0 0.6984375 0.60390625 0.0234375 0.0203125
0 0.65625 0.5171875 0.025 0.021875
0 0.5125 0.49453125 0.025 0.0234375
0 0.61171875 0.53828125 0.0265625 0.021875
0 0.68203125 0.50078125 0.0265625 0.021875
0 0.65 0.48359375 0.028125 0.0234375
0 0.6234375 0.4890625 0.0265625 0.021875
0 0.584375 0.55 0.025 0.021875
0 0.89609375 0.4390625 0.028125 0.0234375
0 0.86328125 0.48515625 0.0296875 0.0234375
0 0.90546875 0.45859375 0.028125 0.025
0 0.79296875 0.44921875 0.0296875 0.025
0 0.6765625 0.60546875 0.021875 0.0203125
0 0.8375 0.4515625 0.028125 0.025
0 0.8328125 0.47421875 0.028125 0.0234375
0 0.4125 0.5109375 0.025 0.021875
0 0.76328125 0.45390625 0.028125 0.0234375
0 0.2984375 0.5390625 0.025 0.021875
0 0.5515625 0.540625 0.025 0.021875
0 0.70859375 0.47265625 0.028125 0.0234375
0 0.54375 0.5 0.025 0.021875
0 0.7015625 0.48828125 0.0265625 0.0234375
0 0.4796875 0.49609375 0.0265625 0.0234375
0 0.4515625 0.50234375 0.025 0.021875
0 0.671875 0.48828125 0.025 0.0234375
0 0.390625 0.52109375 0.025 0.021875
0 0.671875 0.4703125 0.0265625 0.021875
0 0.91875 0.44296875 0.028125 0.025
0 0.640625 0.503125 0.025 0.021875
0 0.86953125 0.4359375 0.028125 0.025
0 0.3265625 0.528125 0.025 0.021875
0 0.88203125 0.4734375 0.028125 0.021875
0 0.80703125 0.48828125 0.028125 0.0234375
0 0.86015625 0.45546875 0.0265625 0.025
0 0.79453125 0.4765625 0.028125 0.025
0 0.61953125 0.5078125 0.025 0.021875
0 0.740625 0.4921875 0.028125 0.0234375
0 0.3546875 0.57734375 0.0234375 0.0203125
0 0.61015625 0.5234375 0.0265625 0.021875
0 0.41875 0.575 0.0234375 0.01875
0 0.74453125 0.46796875 0.028125 0.0234375
0 0.3609375 0.52890625 0.025 0.021875
0 0.7625 0.49296875 0.0265625 0.021875
0 0.4359375 0.51328125 0.025 0.021875
0 0.59609375 0.5109375 0.025 0.021875
0 0.546875 0.5234375 0.025 0.021875
0 0.32265625 0.57265625 0.0234375 0.0203125
0 0.784375 0.49453125 0.025 0.025
0 0.8109375 0.46171875 0.028125 0.0234375
0 0.5015625 0.51640625 0.025 0.021875
0 0.3 0.5546875 0.028125 0.021875
0 0.4703125 0.5109375 0.0234375 0.0203125
0 0.57421875 0.521875 0.025 0.021875
0 0.51171875 0.55 0.025 0.021875
0 0.5265625 0.5390625 0.025 0.021875
0 0.34453125 0.53671875 0.025 0.021875
0 0.484375 0.56484375 0.0234375 0.0203125
0 0.78046875 0.4640625 0.0265625 0.0234375
0 0.39453125 0.571875 0.0265625 0.021875
0 0.8546875 0.465625 0.028125 0.0234375
0 0.31953125 0.5421875 0.028125 0.021875
0 0.88203125 0.45390625 0.028125 0.025
0 0.490625 0.55234375 0.0265625 0.021875
0 0.42265625 0.5265625 0.028125 0.021875
0 0.53125 0.51328125 0.025 0.021875
0 0.465625 0.57109375 0.025 0.021875
0 0.49921875 0.5328125 0.025 0.021875
0 0.7625 0.47734375 0.028125 0.025
0 0.37578125 0.57890625 0.0234375 0.01875
0 0.340625 0.56484375 0.021875 0.0203125
0 0.72421875 0.484375 0.025 0.025
0 0.56171875 0.5109375 0.021875 0.021875
0 0.5734375 0.53984375 0.0203125 0.01875
0 0.51875 0.528125 0.025 0.021875
0 0.4828125 0.5234375 0.021875 0.021875
0 0.46328125 0.52578125 0.0234375 0.0203125
0 0.47890625 0.5390625 0.0234375 0.0171875
0 0.44296875 0.53046875 0.0203125 0.01875
0 0.459375 0.5421875 0.0234375 0.015625
0 0.46953125 0.55390625 0.025 0.021875
0 0.43828125 0.5453125 0.0234375 0.01875
0 0.4515625 0.559375 0.021875 0.01875
0 0.44453125 0.575 0.0234375 0.01875
0 0.41953125 0.54921875 0.021875 0.0203125
0 0.43203125 0.56640625 0.0234375 0.021875
0 0.40625 0.53671875 0.0203125 0.0203125
0 0.4078125 0.5625 0.025 0.01875
0 0.384375 0.53671875 0.0234375 0.0203125
0 0.39765625 0.55 0.0265625 0.01875
0 0.36796875 0.54609375 0.0234375 0.01875
0 0.38203125 0.56015625 0.021875 0.0171875
0 0.35078125 0.55390625 0.0234375 0.015625
0 0.36484375 0.5640625 0.0203125 0.0203125
0 0.321875 0.559375 0.0265625 0.0203125