0 0.1125 0.303125 0.034375 0.03515625
0 0.51875 0.28125 0.0328125 0.03359375
0 0.4890625 0.2125 0.034375 0.03515625
0 0.6546875 0.2703125 0.03359375 0.0359375
0 0.4375 0.18203125 0.0328125 0.034375
0 0.3796875 0.49765625 0.0328125 0.0328125
0 0.5515625 0.2828125 0.0328125 0.03515625
0 0.68046875 0.33125 0.034375 0.034375
0 0.29140625 0.29453125 0.034375 0.034375
0 0.35546875 0.17109375 0.03515625 0.0359375
0 0.3609375 0.2359375 0.0328125 0.0328125
0 0.67890625 0.2921875 0.0328125 0.0359375
0 0.353125 0.48046875 0.0328125 0.03359375
0 0.35625 0.44453125 0.03359375 0.03359375
0 0.40546875 0.53984375 0.03359375 0.03359375
0 0.38515625 0.2140625 0.0328125 0.03359375
0 0.3671875 0.26953125 0.0328125 0.03359375
0 0.471875 0.3265625 0.0328125 0.0359375
0 0.33046875 0.20546875 0.0328125 0.03359375
0 0.6609375 0.23671875 0.034375 0.03515625
0 0.54609375 0.2515625 0.03359375 0.03359375
0 0.61953125 0.30390625 0.0328125 0.03671875
0 0.7125 0.5921875 0.03515625 0.03359375
0 0.1234375 0.33984375 0.034375 0.03359375
0 0.1125 0.38125 0.034375 0.03359375
0 0.2859375 0.45859375 0.03359375 0.0328125
0 0.6546875 0.35859375 0.03359375 0.03515625
0 0.2578125 0.3546875 0.034375 0.03359375
0 0.33515625 0.4203125 0.03359375 0.03359375
0 0.6140625 0.26796875 0.03359375 0.03515625
0 0.25859375 0.2140625 0.03359375 0.034375
0 0.49921875 0.24609375 0.034375 0.03671875
0 0.290625 0.2140625 0.0328125 0.03359375
0 0.5796875 0.26328125 0.03359375 0.03359375
0 0.68671875 0.3625 0.03359375 0.03359375
0 0.2125 0.14609375 0.034375 0.03515625
0 0.309375 0.32265625 0.0328125 0.0328125
0 0.64921875 0.3140625 0.03359375 0.03515625
0 0.32421875 0.49453125 0.03359375 0.03359375
0 0.30390625 0.3953125 0.03359375 0.03515625
0 0.0734375 0.42265625 0.03359375 0.0359375
0 0.290625 0.48984375 0.03359375 0.034375
0 0.365625 0.140625 0.0328125 0.03359375
0 0.484375 0.475 0.0328125 0.03359375
0 0.5203125 0.1234375 0.03515625 0.03515625
0 0.55078125 0.4390625 0.03671875 0.03359375
0 0.709375 0.31796875 0.03359375 0.03359375
0 0.4125 0.57421875 0.03359375 0.03359375
0 0.7015625 0.5015625 0.03359375 0.03359375
0 0.7046875 0.38984375 0.0328125 0.03671875
0 0.70234375 0.234375 0.0359375 0.03515625
0 0.675 0.51875 0.0359375 0.0328125
0 0.3390625 0.53984375 0.0328125 0.034375
0 0.5953125 0.43515625 0.03359375 0.03359375
0 0.50859375 0.09375 0.0328125 0.03359375
0 0.3859375 0.31875 0.034375 0.03359375
0 0.6296875 0.34140625 0.0328125 0.0375
0 0.80703125 0.31015625 0.03359375 0.03359375
0 0.275 0.42109375 0.0328125 0.03359375
0 0.74921875 0.6296875 0.03359375 0.03359375
0 0.05859375 0.4453125 0.03203125 0.03359375
0 0.33515625 0.29296875 0.0375 0.03359375
0 0.4390625 0.59296875 0.034375 0.034375
0 0.7015625 0.62734375 0.03515625 0.03359375
0 0.6640625 0.390625 0.03203125 0.03515625
0 0.7625 0.76171875 0.034375 0.034375
0 0.553125 0.11171875 0.03359375 0.034375
0 0.65 0.565625 0.0328125 0.03515625
0 0.740625 0.7359375 0.034375 0.0359375
0 0.47734375 0.61640625 0.034375 0.0328125
0 0.090625 0.33671875 0.03515625 0.03359375
0 0.4515625 0.1203125 0.03359375 0.03515625
0 0.6796875 0.6 0.03359375 0.034375
0 0.8953125 0.34453125 0.03359375 0.03359375
0 0.7296875 0.36875 0.03359375 0.0328125
0 0.765625 0.66328125 0.0359375 0.03515625
0 0.2453125 0.51484375 0.03359375 0.03359375
0 0.778125 0.7296875 0.034375 0.03359375
0 0.11484375 0.48671875 0.034375 0.0328125
0 0.48359375 0.1203125 0.0328125 0.03359375
0 0.709375 0.68984375 0.0359375 0.03515625
0 0.30625 0.4328125 0.03515625 0.03515625
0 0.79609375 0.4109375 0.034375 0.03515625
0 0.7328125 0.65859375 0.03359375 0.034375
0 0.46171875 0.08984375 0.03671875 0.0359375
0 0.58515625 0.6859375 0.03203125 0.03359375
0 0.58046875 0.63359375 0.03359375 0.03359375
0 0.9015625 0.4078125 0.034375 0.03203125
0 0.7859375 0.44296875 0.03515625 0.034375
0 0.82734375 0.43828125 0.0359375 0.0328125
0 0.8078125 0.46953125 0.03515625 0.03515625
0 0.825 0.5546875 0.03359375 0.0328125
0 0.9359375 0.434375 0.03359375 0.03359375
0 0.76015625 0.4234375 0.03359375 0.0375
0 0.6078125 0.659375 0.03203125 0.03359375
0 0.77421875 0.69609375 0.03359375 0.034375
0 0.8921875 0.51171875 0.034375 0.0328125
0 0.45703125 0.83046875 0.0328125 0.03359375
0 0.95 0.21015625 0.0359375 0.03515625
0 0.91640625 0.4859375 0.03828125 0.034375
0 0.30703125 0.5671875 0.0328125 0.03515625
0 0.36953125 0.75078125 0.0359375 0.034375
0 0.7328125 0.34140625 0.0359375 0.03203125
0 0.78046875 0.371875 0.03359375 0.0328125
0 0.6953125 0.66015625 0.03359375 0.0359375
0 0.4890625 0.76953125 0.0328125 0.034375
0 0.8125 0.3828125 0.0328125 0.03359375
0 0.3359375 0.64609375 0.034375 0.03359375
0 0.43515625 0.80625 0.0359375 0.03359375
0 0.37265625 0.78984375 0.03359375 0.034375
0 0.203125 0.5109375 0.034375 0.0328125
0 0.484375 0.0671875 0.03359375 0.03515625
0 0.784375 0.521875 0.03359375 0.0328125
0 0.87421875 0.5578125 0.034375 0.03359375
0 0.21484375 0.625 0.034375 0.03359375
0 0.29453125 0.77578125 0.0328125 0.03359375
0 0.353125 0.9234375 0.03359375 0.034375
0 0.87890625 0.7375 0.03359375 0.0328125
0 0.234375 0.75078125 0.03359375 0.03359375
0 0.1765625 0.5140625 0.03046875 0.03203125
0 0.834375 0.3609375 0.03828125 0.034375
0 0.825 0.696875 0.03359375 0.034375
0 0.371875 0.096875 0.0359375 0.0359375
0 0.2640625 0.73671875 0.03203125 0.0328125
0 0.9171875 0.73515625 0.034375 0.0328125
0 0.09453125 0.66875 0.03515625 0.03515625
0 0.85859375 0.67890625 0.03203125 0.034375
0 0.396875 0.11640625 0.03203125 0.0328125
0 0.6359375 0.878125 0.03359375 0.03515625
0 0.2359375 0.71796875 0.03359375 0.03359375
0 0.384375 0.715625 0.034375 0.03359375
0 0.74140625 0.6921875 0.034375 0.0359375
0 0.35546875 0.81875 0.0328125 0.034375
0 0.39296875 0.88359375 0.0328125 0.03515625
0 0.3265625 0.9484375 0.03359375 0.03515625
0 0.103125 0.69921875 0.034375 0.034375
0 0.85703125 0.5875 0.034375 0.03515625
0 0.86171875 0.4984375 0.03359375 0.03203125
0 0.18359375 0.753125 0.03359375 0.034375
0 0.81953125 0.52265625 0.0359375 0.03515625
0 0.2234375 0.79921875 0.03359375 0.034375
0 0.4265625 0.75703125 0.03359375 0.03359375
0 0.92421875 0.24609375 0.034375 0.034375
0 0.10703125 0.62265625 0.03515625 0.03359375
0 0.38125 0.83828125 0.0328125 0.034375
0 0.17890625 0.85625 0.034375 0.034375
0 0.5125 0.0484375 0.034375 0.03359375
0 0.39765625 0.8109375 0.03203125 0.034375
0 0.85078125 0.5296875 0.0328125 0.03203125
0 0.17734375 0.78828125 0.034375 0.0359375
0 0.06953125 0.628125 0.034375 0.03359375
0 0.2359375 0.54765625 0.03984375 0.034375
0 0.28046875 0.878125 0.03359375 0.034375
0 0.2578125 0.6921875 0.03515625 0.034375
0 0.24375 0.87421875 0.03671875 0.03515625
0 0.71796875 0.16484375 0.0359375 0.03828125
0 0.3078125 0.73984375 0.034375 0.03359375
0 0.465625 0.3671875 0.03359375 0.03984375
0 0.1515625 0.76796875 0.03359375 0.0328125
0 0.140625 0.69140625 0.0390625 0.034375
0 0.7921875 0.17734375 0.03515625 0.03828125
0 0.38828125 0.94375 0.03359375 0.0359375
0 0.41015625 0.8546875 0.03359375 0.034375
0 0.15546875 0.8140625 0.03515625 0.0328125
0 0.40859375 0.740625 0.03515625 0.03671875
0 0.36171875 0.565625 0.03515625 0.0296875
0 0.28671875 0.7140625 0.0328125 0.0359375
0 0.33828125 0.1046875 0.03359375 0.03984375
0 0.8296875 0.4921875 0.0328125 0.03046875
0 0.41953125 0.025 0.03359375 0.03671875
0 0.51796875 0.23046875 0.0328125 0.03828125
0 0.203125 0.821875 0.0296875 0.03046875
0 0.23515625 0.83828125 0.03125 0.0328125
0 0.86953125 0.609375 0.03671875 0.0328125
0 0.31640625 0.23359375 0.03359375 0.034375
0 0.2109375 0.8421875 0.03515625 0.03359375
0 0.365625 0.5375 0.03359375 0.03671875
0 0.75390625 0.38828125 0.0328125 0.034375