0 0.234375 0.52109375 0.0421875 0.05
0 0.25546875 0.6640625 0.04375 0.04375
0 0.27890625 0.69765625 0.0375 0.04375
0 0.25078125 0.7359375 0.0453125 0.0453125
0 0.209375 0.759375 0.04375 0.04375
0 0.30078125 0.6640625 0.040625 0.040625
0 0.31640625 0.7046875 0.040625 0.0421875
0 0.29609375 0.746875 0.04375 0.040625
0 0.3046875 0.79921875 0.040625 0.0421875
0 0.3453125 0.83671875 0.046875 0.04375
0 0.334375 0.7578125 0.0375 0.0375
0 0.37578125 0.76015625 0.0453125 0.0421875
0 0.35078125 0.796875 0.04375 0.040625
0 0.35625 0.7234375 0.040625 0.0375
0 0.3359375 0.64140625 0.0421875 0.040625
0 0.353125 0.68203125 0.040625 0.04375
0 0.3953125 0.6828125 0.040625 0.0421875
0 0.365625 0.61640625 0.0453125 0.046875
0 0.328125 0.5921875 0.0421875 0.04375
0 0.29453125 0.621875 0.0453125 0.046875
0 0.36484375 0.55625 0.040625 0.040625
0 0.28046875 0.5453125 0.0484375 0.046875
0 0.33203125 0.51640625 0.04375 0.04375
0 0.37734375 0.50703125 0.046875 0.0453125
0 0.35 0.4171875 0.0515625 0.0515625
0 0.39765625 0.4078125 0.0484375 0.0484375
0 0.42890625 0.35078125 0.0453125 0.0453125
0 0.396875 0.80234375 0.040625 0.04375
0 0.4390625 0.81328125 0.04375 0.0421875
0 0.396875 0.725 0.04375 0.0421875
0 0.41953125 0.765625 0.040625 0.040625
0 0.39921875 0.58828125 0.040625 0.040625
0 0.40234375 0.63984375 0.0421875 0.0421875
0 0.4078125 0.54453125 0.040625 0.040625
0 0.4203125 0.4859375 0.0421875 0.0453125
0 0.446875 0.5234375 0.040625 0.04375
0 0.44609375 0.56640625 0.040625 0.04375
0 0.43515625 0.60859375 0.040625 0.040625
0 0.4359375 0.66171875 0.040625 0.0375
0 0.43359375 0.70390625 0.046875 0.04375
0 0.46171875 0.78125 0.0421875 0.046875
0 0.4953125 0.75859375 0.04375 0.0421875
0 0.50546875 0.625 0.040625 0.04375
0 0.48203125 0.65390625 0.04375 0.034375
0 0.47578125 0.59140625 0.0375 0.040625
0 0.46640625 0.63515625 0.04375 0.0421875
0 0.47421875 0.68515625 0.0375 0.0375
0 0.4734375 0.725 0.046875 0.0453125
0 0.515625 0.6890625 0.0453125 0.0453125
0 0.515625 0.57734375 0.040625 0.04375
0 0.52109375 0.40703125 0.0453125 0.0453125
0 0.5296875 0.53515625 0.0390625 0.040625
0 0.4953125 0.45859375 0.0421875 0.040625
0 0.484375 0.5 0.04375 0.046875
0 0.48984375 0.5421875 0.04375 0.040625
0 0.52734375 0.49140625 0.04375 0.04375
0 0.5703125 0.52265625 0.0453125 0.0453125
0 0.5609375 0.5671875 0.04375 0.040625
0 0.54453125 0.6078125 0.04375 0.0421875
0 0.540625 0.65625 0.040625 0.04375
0 0.546875 0.721875 0.04375 0.04375
0 0.53984375 0.77421875 0.0484375 0.05
0 0.56796875 0.6859375 0.04375 0.046875
0 0.59140625 0.59453125 0.0484375 0.0421875
0 0.57734375 0.634375 0.040625 0.04375
0 0.60078125 0.55 0.046875 0.0453125
0 0.628125 0.58046875 0.0453125 0.046875
0 0.6203125 0.6265625 0.0453125 0.0453125
0 0.60546875 0.665625 0.0421875 0.0484375
0 0.61484375 0.71796875 0.04375 0.0421875
0 0.58359375 0.74765625 0.040625 0.04375
0 0.61796875 0.7890625 0.0484375 0.0484375
0 0.6453125 0.68359375 0.04375 0.04375
0 0.6578125 0.728125 0.04375 0.04375
0 0.6453125 0.53984375 0.04375 0.04375
0 0.57578125 0.47890625 0.0453125 0.0453125
0 0.6140625 0.50390625 0.0484375 0.046875
0 0.60859375 0.43203125 0.046875 0.0484375
0 0.64296875 0.46953125 0.046875 0.0484375
0 0.69765625 0.50859375 0.0515625 0.0484375
0 0.68671875 0.553125 0.04375 0.04375
0 0.671875 0.59375 0.04375 0.04375
0 0.6640625 0.63671875 0.046875 0.04375
0 0.68828125 0.68046875 0.046875 0.0484375
0 0.7078125 0.628125 0.0453125 0.046875
0 0.75625 0.646875 0.0546875 0.0484375
0 0.7515625 0.7015625 0.0515625 0.0515625
0 0.78046875 0.6 0.053125 0.05
0 0.784375 0.52734375 0.05 0.0484375
0 0.821875 0.50078125 0.0515625 0.0484375
0 0.846875 0.5421875 0.0546875 0.0484375
0 0.7046875 0.184375 0.0609375 0.053125
0 0.76796875 0.25234375 0.0546875 0.05
0 0.753125 0.359375 0.05 0.0515625
0 0.82890625 0.41328125 0.0546875 0.0484375