0 0.46796875 0.709375 0.01640625 0.01796875
0 0.48828125 0.71015625 0.01640625 0.01875
0 0.48359375 0.690625 0.015625 0.01796875
0 0.49375 0.66640625 0.01640625 0.0171875
0 0.4796875 0.65078125 0.015625 0.01796875
0 0.425 0.671875 0.015625 0.0171875
0 0.384375 0.74140625 0.0171875 0.01640625
0 0.325 0.771875 0.01484375 0.0171875
0 0.31875 0.71953125 0.01484375 0.01640625
0 0.26953125 0.728125 0.0140625 0.015625
0 0.2578125 0.740625 0.01328125 0.0140625
0 0.25546875 0.72578125 0.0140625 0.0140625
0 0.2390625 0.73515625 0.01328125 0.0140625
0 0.240625 0.7515625 0.01328125 0.01484375
0 0.20546875 0.746875 0.0125 0.01328125
0 0.2078125 0.73359375 0.0125 0.01484375
0 0.21953125 0.7328125 0.0109375 0.0140625
0 0.21796875 0.71796875 0.01171875 0.01328125
0 0.23203125 0.71953125 0.01171875 0.0140625
0 0.24921875 0.7078125 0.01171875 0.0140625
0 0.2296875 0.6890625 0.0140625 0.0140625
0 0.26171875 0.7078125 0.0125 0.01484375
0 0.2375 0.675 0.01328125 0.0140625
0 0.16953125 0.7328125 0.0125 0.015625
0 0.159375 0.7515625 0.01328125 0.0125
0 0.3875 0.68359375 0.01328125 0.01484375
0 0.4109375 0.6921875 0.0125 0.0140625
0 0.40234375 0.68125 0.01328125 0.0140625
0 0.39765625 0.665625 0.01484375 0.015625
0 0.38671875 0.64921875 0.0140625 0.01640625
0 0.3265625 0.62890625 0.01328125 0.01640625
0 0.390625 0.6234375 0.0140625 0.01796875
0 0.39609375 0.60625 0.0140625 0.0171875
0 0.4109375 0.6125 0.01328125 0.015625
0 0.41015625 0.59609375 0.01484375 0.015625
0 0.42109375 0.6046875 0.01484375 0.015625
0 0.4671875 0.62578125 0.01328125 0.01875
0 0.278125 0.64609375 0.01328125 0.015625
0 0.24609375 0.6203125 0.015625 0.01640625
0 0.19453125 0.58125 0.0140625 0.01328125
0 0.16328125 0.57421875 0.01484375 0.01640625
0 0.14296875 0.57421875 0.0125 0.015625
0 0.140625 0.54453125 0.01328125 0.01484375
0 0.1609375 0.553125 0.0125 0.015625
0 0.1828125 0.5515625 0.0140625 0.01484375
0 0.25625 0.5609375 0.0140625 0.015625
0 0.28984375 0.5703125 0.01328125 0.0140625
0 0.30234375 0.56953125 0.0109375 0.01484375
0 0.309375 0.559375 0.0125 0.0140625
0 0.31796875 0.5671875 0.01171875 0.01484375
0 0.31796875 0.55078125 0.0125 0.01328125
0 0.3265625 0.55859375 0.0125 0.015625
0 0.334375 0.58125 0.0140625 0.015625
0 0.3359375 0.565625 0.01171875 0.01484375
0 0.3484375 0.56796875 0.0109375 0.01015625
0 0.34765625 0.56015625 0.0109375 0.0125
0 0.34609375 0.58203125 0.0109375 0.015625
0 0.3578125 0.58046875 0.0109375 0.01328125
0 0.36171875 0.5671875 0.0125 0.01328125
0 0.3734375 0.584375 0.01328125 0.01484375
0 0.37421875 0.56953125 0.0140625 0.0140625
0 0.3703125 0.55703125 0.0125 0.01328125
0 0.39375 0.565625 0.01171875 0.015625
0 0.39296875 0.546875 0.01328125 0.01484375
0 0.38203125 0.55390625 0.01328125 0.015625
0 0.37890625 0.5390625 0.0125 0.01484375
0 0.36796875 0.54453125 0.0140625 0.015625
0 0.35625 0.55078125 0.01328125 0.01328125
0 0.346875 0.54296875 0.01171875 0.0125
0 0.33671875 0.55078125 0.0109375 0.01328125
0 0.32734375 0.54140625 0.01171875 0.01328125
0 0.31328125 0.53359375 0.0125 0.01484375
0 0.33671875 0.53359375 0.01171875 0.0140625
0 0.34765625 0.52890625 0.0125 0.015625
0 0.3671875 0.528125 0.0125 0.01484375
0 0.38125 0.51640625 0.01328125 0.0140625
0 0.37890625 0.5 0.01328125 0.01484375
0 0.39765625 0.4921875 0.01328125 0.0140625
0 0.39140625 0.503125 0.0125 0.01484375
0 0.38203125 0.48359375 0.01328125 0.0140625
0 0.3671875 0.48515625 0.01171875 0.015625
0 0.35546875 0.48359375 0.0109375 0.01484375
0 0.34140625 0.4859375 0.01484375 0.0125
0 0.33515625 0.47734375 0.0125 0.0140625
0 0.35625 0.46796875 0.01328125 0.01328125
0 0.38203125 0.46796875 0.0125 0.0140625
0 0.3921875 0.47421875 0.0125 0.0140625
0 0.3515625 0.46015625 0.0125 0.0125
0 0.33984375 0.46171875 0.01171875 0.01328125
0 0.328125 0.46796875 0.0125 0.01171875
0 0.31796875 0.4734375 0.0125 0.0140625
0 0.30625 0.47734375 0.01171875 0.0140625
0 0.3125 0.48984375 0.0125 0.0140625
0 0.29375 0.4765625 0.0125 0.01484375
0 0.27265625 0.4890625 0.01328125 0.015625
0 0.26875 0.475 0.0140625 0.0140625
0 0.25234375 0.48671875 0.01328125 0.0140625
0 0.24453125 0.4703125 0.01328125 0.01484375
0 0.2203125 0.4796875 0.01484375 0.01484375
0 0.19140625 0.509375 0.01484375 0.0140625
0 0.26953125 0.5140625 0.01484375 0.01484375
0 0.31015625 0.46484375 0.0125 0.01328125
0 0.30859375 0.45234375 0.0125 0.01328125
0 0.3 0.44375 0.0125 0.01328125
0 0.2890625 0.44140625 0.01484375 0.01484375
0 0.30234375 0.428125 0.0140625 0.01328125
0 0.3140625 0.43671875 0.01171875 0.01328125
0 0.321875 0.44375 0.0140625 0.01328125
0 0.321875 0.45625 0.01328125 0.0140625
0 0.33359375 0.4515625 0.01171875 0.0140625
0 0.33515625 0.4390625 0.01171875 0.0140625
0 0.33125 0.4265625 0.0125 0.0125
0 0.31640625 0.4234375 0.01328125 0.01328125
0 0.3171875 0.4109375 0.01171875 0.0140625
0 0.30625 0.409375 0.0125 0.01484375
0 0.309375 0.3953125 0.0125 0.01328125
0 0.33125 0.3953125 0.0125 0.015625
0 0.34765625 0.3953125 0.01328125 0.0140625
0 0.3375 0.4078125 0.01328125 0.01484375
0 0.32734375 0.41484375 0.01328125 0.0125
0 0.34375 0.421875 0.01171875 0.0140625
0 0.365625 0.4265625 0.01328125 0.015625
0 0.35625 0.434375 0.015625 0.0140625
0 0.3453125 0.44140625 0.01171875 0.0140625
0 0.35546875 0.44765625 0.01328125 0.01484375
0 0.36640625 0.38984375 0.0140625 0.01328125
0 0.38203125 0.38671875 0.01328125 0.01328125
0 0.40859375 0.37734375 0.01484375 0.015625
0 0.3953125 0.3828125 0.01328125 0.0140625
0 0.34921875 0.36328125 0.01484375 0.0140625
0 0.33359375 0.36171875 0.0125 0.01484375
0 0.31953125 0.3625 0.0125 0.0140625
0 0.303125 0.36953125 0.01328125 0.01484375
0 0.31796875 0.3484375 0.015625 0.01484375
0 0.3171875 0.334375 0.01484375 0.01328125
0 0.32734375 0.32421875 0.01484375 0.0171875
0 0.36171875 0.33671875 0.01640625 0.0171875
0 0.42734375 0.34375 0.015625 0.0171875
0 0.4140625 0.3359375 0.0140625 0.01484375
0 0.39921875 0.33984375 0.01484375 0.0140625
0 0.39609375 0.32734375 0.015625 0.0140625
0 0.396875 0.3109375 0.015625 0.01484375
0 0.421875 0.29765625 0.015625 0.01640625
0 0.41328125 0.2828125 0.015625 0.01640625