0 0.4859375 0.2765625 0.021875 0.025
0 0.525 0.31875 0.021875 0.021875
0 0.5484375 0.31171875 0.021875 0.025
0 0.53828125 0.33359375 0.021875 0.0234375
0 0.5203125 0.340625 0.021875 0.025
0 0.47734375 0.35546875 0.021875 0.021875
0 0.51171875 0.36328125 0.0203125 0.0234375
0 0.534375 0.353125 0.021875 0.021875
0 0.559375 0.33359375 0.021875 0.0265625
0 0.36640625 0.36953125 0.021875 0.021875
0 0.31171875 0.32890625 0.01875 0.0203125
0 0.3015625 0.37890625 0.01875 0.0203125
0 0.2703125 0.3625 0.0203125 0.0203125
0 0.25078125 0.359375 0.021875 0.01875
0 0.2375 0.3734375 0.01875 0.01875
0 0.234375 0.39453125 0.01875 0.0203125
0 0.1453125 0.38515625 0.01875 0.021875
0 0.14609375 0.409375 0.0171875 0.01875
0 0.2484375 0.38828125 0.0171875 0.0171875
0 0.25078125 0.40859375 0.01875 0.0203125
0 0.2609375 0.384375 0.0171875 0.0203125
0 0.27890625 0.3859375 0.01875 0.01875
0 0.26796875 0.4015625 0.01875 0.01875
0 0.26484375 0.421875 0.021875 0.0203125
0 0.28125 0.409375 0.01875 0.01875
0 0.30234375 0.43515625 0.01875 0.021875
0 0.30859375 0.45078125 0.01875 0.0203125
0 0.36171875 0.4625 0.0203125 0.021875
0 0.3578125 0.48359375 0.01875 0.021875
0 0.37421875 0.48671875 0.01875 0.0203125
0 0.409375 0.4671875 0.01875 0.021875
0 0.42578125 0.48359375 0.01875 0.021875
0 0.39375 0.51796875 0.021875 0.021875
0 0.43515625 0.5 0.0203125 0.01875
0 0.4203125 0.5140625 0.01875 0.0203125
0 0.4140625 0.5296875 0.01875 0.0203125
0 0.4375 0.5171875 0.01875 0.0203125
0 0.42890625 0.52890625 0.015625 0.0171875
0 0.4515625 0.51484375 0.01875 0.0203125
0 0.45703125 0.53046875 0.01875 0.021875
0 0.44296875 0.534375 0.01875 0.021875
0 0.4375 0.55078125 0.0171875 0.0171875
0 0.42421875 0.54609375 0.0171875 0.0171875
0 0.41015625 0.5484375 0.015625 0.0203125
0 0.3921875 0.53984375 0.01875 0.021875
0 0.39921875 0.559375 0.0171875 0.0171875
0 0.41796875 0.5640625 0.0171875 0.0171875
0 0.43359375 0.56796875 0.0171875 0.0203125
0 0.453125 0.5484375 0.0171875 0.01875
0 0.44765625 0.56640625 0.01875 0.0203125
0 0.42734375 0.58203125 0.01875 0.021875
0 0.4640625 0.56328125 0.01875 0.021875
0 0.44375 0.584375 0.0171875 0.0203125
0 0.44921875 0.603125 0.021875 0.01875
0 0.475 0.5375 0.01875 0.021875
0 0.49375 0.5203125 0.0203125 0.021875
0 0.47265625 0.51875 0.01875 0.021875
0 0.49453125 0.54140625 0.01875 0.021875
0 0.496875 0.4921875 0.021875 0.021875
0 0.49453125 0.45625 0.021875 0.021875
0 0.5125 0.48359375 0.01875 0.0234375
0 0.48984375 0.47421875 0.01875 0.021875