0 0.51640625 0.20234375 0.040625 0.0328125
0 0.4890625 0.1765625 0.0421875 0.0453125
0 0.51015625 0.21796875 0.04375 0.0484375
0 0.48671875 0.23515625 0.046875 0.040625
0 0.46015625 0.20703125 0.046875 0.046875
0 0.41953125 0.2078125 0.0390625 0.0421875
0 0.434375 0.2328125 0.040625 0.0453125
0 0.4578125 0.2625 0.040625 0.0421875
0 0.42421875 0.2796875 0.04375 0.0421875
0 0.39609375 0.2515625 0.0453125 0.0453125
0 0.3640625 0.2359375 0.0421875 0.04375
0 0.34296875 0.2671875 0.04375 0.0453125
0 0.375 0.2875 0.04375 0.0421875
0 0.3984375 0.3171875 0.04375 0.0421875
0 0.3734375 0.346875 0.046875 0.0421875
0 0.4078125 0.36484375 0.0421875 0.0421875
0 0.36875 0.3828125 0.0421875 0.0390625
0 0.4359375 0.32421875 0.0421875 0.04375
0 0.47109375 0.3328125 0.0453125 0.04375
0 0.47890625 0.2953125 0.0421875 0.0421875
0 0.51484375 0.27265625 0.05 0.04375
0 0.55625 0.26015625 0.0453125 0.0421875
0 0.58359375 0.2359375 0.04375 0.04375
0 0.62109375 0.25625 0.04375 0.0421875
0 0.59140625 0.27734375 0.0421875 0.0421875
0 0.57421875 0.31171875 0.04375 0.046875
0 0.5390625 0.29375 0.0453125 0.0453125
0 0.50859375 0.31796875 0.0421875 0.0453125
0 0.5375 0.3421875 0.0421875 0.0421875
0 0.50234375 0.3546875 0.0421875 0.040625
0 0.4484375 0.35859375 0.0453125 0.0421875
0 0.68203125 0.2484375 0.0421875 0.0421875
0 0.6625 0.28203125 0.0421875 0.040625
0 0.62578125 0.29296875 0.0453125 0.0421875
0 0.60859375 0.32734375 0.0453125 0.0453125
0 0.5734375 0.34921875 0.0421875 0.0453125
0 0.7 0.28671875 0.04375 0.0421875
0 0.690625 0.3234375 0.04375 0.040625
0 0.653125 0.3203125 0.04375 0.04375
0 0.7359375 0.328125 0.040625 0.0421875
0 0.71640625 0.36171875 0.0453125 0.0421875
0 0.6734375 0.35703125 0.0421875 0.0421875
0 0.6359375 0.35234375 0.0453125 0.0421875
0 0.6046875 0.36875 0.04375 0.0453125
0 0.6828125 0.39375 0.0453125 0.0453125
0 0.7203125 0.39921875 0.0421875 0.0453125
0 0.73203125 0.434375 0.0453125 0.0421875
0 0.69375 0.4296875 0.0453125 0.0421875
0 0.65703125 0.42265625 0.0453125 0.0453125
0 0.63125 0.39453125 0.046875 0.0484375
0 0.57578125 0.39453125 0.04375 0.046875
0 0.5390625 0.3828125 0.0421875 0.0453125
0 0.5109375 0.4046875 0.0421875 0.0453125
0 0.478125 0.38359375 0.0453125 0.046875
0 0.5921875 0.428125 0.0453125 0.0421875
0 0.5453125 0.42578125 0.04375 0.0453125
0 0.440625 0.39609375 0.0453125 0.04375
0 0.40546875 0.4078125 0.0453125 0.0453125
0 0.36875 0.428125 0.0453125 0.0421875
0 0.33828125 0.40703125 0.046875 0.0484375
0 0.33828125 0.45078125 0.0453125 0.04375
0 0.39921875 0.446875 0.0453125 0.0453125
0 0.43359375 0.43203125 0.04375 0.0421875
0 0.47890625 0.4234375 0.0453125 0.04375
0 0.49921875 0.4546875 0.0453125 0.0453125
0 0.73203125 0.4734375 0.0421875 0.0453125
0 0.69296875 0.465625 0.0453125 0.0421875
0 0.65078125 0.459375 0.04375 0.04375
0 0.66875 0.49296875 0.0421875 0.0421875
0 0.7078125 0.503125 0.046875 0.046875
0 0.753125 0.50703125 0.0453125 0.04375
0 0.628125 0.48828125 0.0453125 0.040625
0 0.60078125 0.4640625 0.04375 0.0453125
0 0.5625 0.4578125 0.0453125 0.0421875
0 0.5296875 0.47421875 0.04375 0.0453125
0 0.4515625 0.4640625 0.04375 0.0421875
0 0.48125 0.4875 0.0421875 0.0453125
0 0.50859375 0.5109375 0.0421875 0.0453125
0 0.56484375 0.49453125 0.040625 0.04375
0 0.59375 0.51640625 0.0421875 0.04375
0 0.64375 0.52109375 0.0421875 0.0421875
0 0.68046875 0.528125 0.04375 0.0421875
0 0.7234375 0.5375 0.0421875 0.0421875
0 0.7359375 0.57265625 0.0453125 0.04375
0 0.69609375 0.5609375 0.0421875 0.040625
0 0.65625 0.5546875 0.04375 0.04375
0 0.6171875 0.5453125 0.0421875 0.04375
0 0.57421875 0.546875 0.0421875 0.0421875
0 0.540625 0.52890625 0.04375 0.046875
0 0.45 0.5078125 0.0421875 0.0421875
0 0.4765625 0.53359375 0.0421875 0.0421875
0 0.5109375 0.54765625 0.04375 0.04375
0 0.43984375 0.54296875 0.0421875 0.0421875
0 0.4078125 0.52578125 0.0421875 0.0421875
0 0.41953125 0.48359375 0.0421875 0.0453125
0 0.38125 0.4796875 0.0421875 0.0421875
0 0.34453125 0.48671875 0.0390625 0.0421875
0 0.3703125 0.5171875 0.0421875 0.0421875
0 0.39609375 0.56171875 0.0421875 0.0421875
0 0.34609375 0.5734375 0.04375 0.0421875
0 0.4 0.5984375 0.04375 0.0453125
0 0.4453125 0.5796875 0.0421875 0.040625
0 0.484375 0.571875 0.040625 0.040625
0 0.5359375 0.57421875 0.0421875 0.0421875
0 0.509375 0.59921875 0.0421875 0.0421875
0 0.4703125 0.60625 0.0421875 0.0421875
0 0.4953125 0.63515625 0.0421875 0.0421875
0 0.53828125 0.621875 0.0421875 0.04375
0 0.5640625 0.5984375 0.0421875 0.04375
0 0.59453125 0.5765625 0.0421875 0.0421875
0 0.63125 0.58203125 0.0421875 0.0421875
0 0.6671875 0.58984375 0.0421875 0.0421875
0 0.70546875 0.5984375 0.0421875 0.0421875
0 0.734375 0.6328125 0.0453125 0.040625
0 0.73046875 0.67109375 0.0421875 0.0421875
0 0.73515625 0.70703125 0.0453125 0.0421875
0 0.69375 0.69609375 0.0453125 0.0421875
0 0.6875 0.65703125 0.0453125 0.0421875
0 0.65859375 0.68125 0.04375 0.04375
0 0.6640625 0.62734375 0.04375 0.0421875
0 0.71796875 0.73984375 0.0421875 0.0421875
0 0.68046875 0.73046875 0.0453125 0.04375
0 0.64296875 0.72109375 0.0421875 0.0421875
0 0.6546875 0.759375 0.0453125 0.04375
0 0.6765625 0.7921875 0.046875 0.04375
0 0.66953125 0.82890625 0.0453125 0.0421875
0 0.63515625 0.7921875 0.0421875 0.04375
0 0.63046875 0.83046875 0.0421875 0.0453125
0 0.59453125 0.815625 0.0421875 0.0453125
0 0.5875 0.85234375 0.05 0.0453125
0 0.5984375 0.77734375 0.04375 0.0453125
0 0.6171875 0.74453125 0.0421875 0.040625
0 0.621875 0.690625 0.04375 0.0421875
0 0.5953125 0.71484375 0.0421875 0.0421875
0 0.5765625 0.746875 0.0421875 0.0453125
0 0.63203125 0.6546875 0.0421875 0.04375
0 0.59609375 0.6640625 0.0421875 0.0421875
0 0.565625 0.690625 0.0421875 0.0453125
0 0.5484375 0.7234375 0.0390625 0.0421875
0 0.53984375 0.7671875 0.04375 0.04375
0 0.5625 0.7953125 0.0421875 0.040625
0 0.553125 0.83203125 0.0421875 0.04375
0 0.54375 0.86796875 0.04375 0.0453125
0 0.62265625 0.61796875 0.0421875 0.04375
0 0.58671875 0.62734375 0.040625 0.0453125
0 0.559375 0.6546875 0.0421875 0.0453125
0 0.52421875 0.65625 0.040625 0.0421875
0 0.5265625 0.69375 0.0421875 0.0421875
0 0.43359375 0.61328125 0.0390625 0.0421875
0 0.45859375 0.64140625 0.040625 0.0421875
0 0.4890625 0.671875 0.0453125 0.0421875
0 0.453125 0.67890625 0.0421875 0.0421875
0 0.490625 0.70859375 0.0421875 0.0390625
0 0.5140625 0.73671875 0.04375 0.0453125
0 0.47421875 0.74140625 0.0453125 0.04375
0 0.49921875 0.77265625 0.0453125 0.04375
0 0.5203125 0.803125 0.0421875 0.0421875
0 0.478125 0.81171875 0.0453125 0.0453125
0 0.4625 0.778125 0.0421875 0.04375
0 0.51640625 0.8390625 0.0421875 0.0421875
0 0.47890625 0.84921875 0.04375 0.04375
0 0.50625 0.8765625 0.0390625 0.0421875
0 0.4703125 0.8859375 0.0421875 0.0421875
0 0.428125 0.88046875 0.0421875 0.0453125
0 0.4421875 0.84296875 0.040625 0.04375
0 0.43671875 0.80546875 0.04375 0.0421875
0 0.41015625 0.7796875 0.0390625 0.040625
0 0.434375 0.75234375 0.040625 0.0421875
0 0.446875 0.71640625 0.04375 0.040625
0 0.421875 0.65 0.0421875 0.0453125
0 0.415625 0.6875 0.0453125 0.0453125
0 0.403125 0.72265625 0.0453125 0.0453125
0 0.38203125 0.75546875 0.0453125 0.04375
0 0.34375 0.7578125 0.0453125 0.0453125
0 0.36171875 0.72265625 0.046875 0.046875
0 0.32265625 0.72578125 0.046875 0.05
0 0.29765625 0.69375 0.046875 0.0515625
0 0.3375 0.6875 0.0453125 0.0421875
0 0.37578125 0.6859375 0.0484375 0.046875
0 0.34609375 0.65078125 0.0484375 0.04375
0 0.38125 0.63671875 0.0421875 0.0421875