0 0.1625 0.575 0.0390625 0.0375
0 0.4359375 0.63046875 0.040625 0.040625
0 0.453125 0.57578125 0.0421875 0.0421875
0 0.54453125 0.628125 0.040625 0.0375
0 0.55625 0.6609375 0.0390625 0.0375
0 0.58046875 0.70078125 0.040625 0.0375
0 0.390625 0.4671875 0.040625 0.040625
0 0.51875 0.515625 0.0421875 0.0375
0 0.56015625 0.54765625 0.0359375 0.0375
0 0.5421875 0.53984375 0.034375 0.0390625
0 0.50703125 0.44375 0.040625 0.0375
0 0.49609375 0.38125 0.0375 0.0375
0 0.68203125 0.371875 0.0421875 0.0390625
0 0.73125 0.47421875 0.0421875 0.0390625
0 0.728125 0.50703125 0.040625 0.0375
0 0.7734375 0.4828125 0.040625 0.040625
0 0.76328125 0.30546875 0.046875 0.0421875