0 0.83671875 0.83984375 0.025 0.025
0 0.796875 0.80234375 0.025 0.0234375
0 0.7765625 0.81015625 0.0234375 0.0234375
0 0.75546875 0.8203125 0.0203125 0.01875
0 0.73828125 0.81015625 0.0203125 0.021875
0 0.76015625 0.79921875 0.0234375 0.0234375
0 0.77890625 0.78984375 0.0203125 0.0203125
0 0.75859375 0.77890625 0.0234375 0.0234375
0 0.74453125 0.76796875 0.0234375 0.025
0 0.73984375 0.79453125 0.0234375 0.0234375
0 0.721875 0.8046875 0.021875 0.0203125
0 0.72109375 0.8234375 0.0234375 0.0234375
0 0.69609375 0.828125 0.021875 0.021875
0 0.66328125 0.8328125 0.021875 0.0234375
0 0.6453125 0.83046875 0.0234375 0.0234375
0 0.62734375 0.8515625 0.021875 0.0203125
0 0.68125 0.81484375 0.0234375 0.021875
0 0.7015625 0.8015625 0.0234375 0.0234375
0 0.68125 0.79609375 0.025 0.0234375
0 0.7234375 0.7859375 0.025 0.0234375
0 0.703125 0.78203125 0.0234375 0.025
0 0.69921875 0.76328125 0.021875 0.021875
0 0.67890625 0.75078125 0.025 0.0234375
0 0.665625 0.771875 0.0234375 0.021875
0 0.64609375 0.765625 0.0234375 0.0234375
0 0.65703125 0.74140625 0.0234375 0.025
0 0.625 0.75234375 0.025 0.0234375
0 0.59296875 0.80859375 0.0234375 0.025
0 0.57265625 0.8125 0.0234375 0.0234375
0 0.553125 0.80234375 0.021875 0.021875
0 0.57578125 0.79453125 0.025 0.021875
0 0.5640625 0.7796875 0.0234375 0.025
0 0.5828125 0.76875 0.0234375 0.0234375
0 0.53046875 0.7921875 0.0234375 0.0234375
0 0.52109375 0.7671875 0.0234375 0.0234375
0 0.5625 0.74765625 0.025 0.0234375
0 0.54140625 0.7765625 0.025 0.0234375
0 0.540625 0.75703125 0.025 0.0234375
0 0.4046875 0.85234375 0.025 0.0234375
0 0.3796875 0.81640625 0.0265625 0.025
0 0.503125 0.759375 0.025 0.0234375
0 0.52109375 0.74375 0.0234375 0.025
0 0.54609375 0.7359375 0.025 0.0234375
0 0.59140625 0.7171875 0.025 0.0234375
0 0.58984375 0.7390625 0.0265625 0.0265625
0 0.56875 0.7296875 0.025 0.0234375
0 0.55234375 0.71796875 0.025 0.0265625
0 0.52890625 0.72265625 0.025 0.025
0 0.50625 0.7265625 0.0265625 0.0265625
0 0.484375 0.7359375 0.0265625 0.025
0 0.5125 0.70390625 0.025 0.0234375
0 0.5515625 0.69609375 0.025 0.0234375
0 0.525 0.6859375 0.025 0.0234375
0 0.57109375 0.70625 0.025 0.025
0 0.54921875 0.67734375 0.0265625 0.025
0 0.5640625 0.6609375 0.0265625 0.0265625
0 0.5203125 0.6640625 0.0265625 0.0265625
0 0.503125 0.68359375 0.025 0.0234375
0 0.478125 0.68828125 0.0265625 0.0265625
0 0.49609375 0.659375 0.0265625 0.025
0 0.46796875 0.66171875 0.0265625 0.025
0 0.51640625 0.64140625 0.0265625 0.025
0 0.5375 0.628125 0.0265625 0.028125
0 0.5015625 0.6234375 0.0265625 0.028125
0 0.4765625 0.6359375 0.0265625 0.025
0 0.45234375 0.63671875 0.0265625 0.0265625
0 0.44765625 0.6078125 0.0265625 0.0265625
0 0.46171875 0.58515625 0.0265625 0.0265625
0 0.43671875 0.58515625 0.028125 0.0265625
0 0.45546875 0.56328125 0.028125 0.028125
0 0.42890625 0.5609375 0.0296875 0.028125
0 0.39453125 0.5453125 0.0296875 0.0296875
0 0.825 0.68125 0.0265625 0.0265625
0 0.8296875 0.6203125 0.0265625 0.0265625
0 0.76640625 0.66796875 0.0265625 0.0265625
0 0.74453125 0.66328125 0.0265625 0.0265625
0 0.728125 0.60859375 0.0265625 0.0296875
0 0.66328125 0.56953125 0.0265625 0.0265625
0 0.66796875 0.5484375 0.0296875 0.0265625
0 0.64296875 0.559375 0.0265625 0.0265625
0 0.61640625 0.5671875 0.0296875 0.028125
0 0.63515625 0.53828125 0.0296875 0.0296875
0 0.63046875 0.5125 0.0296875 0.0296875
0 0.5890625 0.56875 0.0296875 0.0265625
0 0.60390625 0.54765625 0.0296875 0.0265625
0 0.5953125 0.52734375 0.0296875 0.0265625
0 0.5765625 0.5484375 0.0296875 0.0265625
0 0.553125 0.5859375 0.028125 0.0296875
0 0.5234375 0.5640625 0.028125 0.0296875
0 0.54453125 0.5421875 0.0265625 0.0296875
0 0.55703125 0.5203125 0.0265625 0.028125
0 0.478125 0.55859375 0.0265625 0.028125
0 0.48984375 0.5375 0.0296875 0.0296875
0 0.4640625 0.5390625 0.0296875 0.0265625
0 0.48125 0.5046875 0.03125 0.03125
0 0.4546875 0.515625 0.028125 0.0265625
0 0.4359375 0.53515625 0.0296875 0.0265625
0 0.425 0.5109375 0.0296875 0.028125
0 0.446875 0.4890625 0.0296875 0.0296875
0 0.421875 0.48828125 0.0296875 0.0265625
0 0.6109375 0.5015625 0.028125 0.028125
0 0.59609375 0.4828125 0.0296875 0.0296875
0 0.584375 0.45703125 0.0296875 0.0296875
0 0.5671875 0.42578125 0.0296875 0.0296875
0 0.5390625 0.40078125 0.028125 0.0296875
0 0.50234375 0.4390625 0.0296875 0.0296875
0 0.42734375 0.45546875 0.03125 0.03125
0 0.403125 0.47265625 0.028125 0.028125
0 0.39140625 0.49609375 0.0296875 0.0296875
0 0.3734375 0.475 0.0296875 0.0296875
0 0.378125 0.4515625 0.028125 0.028125
0 0.396875 0.43828125 0.0296875 0.0296875
0 0.3640625 0.4296875 0.0296875 0.0296875
0 0.375 0.40703125 0.0328125 0.03125
0 0.33515625 0.415625 0.0328125 0.03125
0 0.3390625 0.38671875 0.03125 0.0328125
0 0.4578125 0.390625 0.0296875 0.0296875
0 0.35859375 0.36953125 0.0296875 0.0265625
0 0.50390625 0.37109375 0.03125 0.03125
0 0.5484375 0.33515625 0.03125 0.0328125
0 0.528125 0.3625 0.03125 0.0328125
0 0.52265625 0.3328125 0.0296875 0.0296875
0 0.4984375 0.328125 0.0296875 0.0296875
0 0.471875 0.32109375 0.0328125 0.03125
0 0.51484375 0.3078125 0.0328125 0.03125
0 0.4796875 0.296875 0.0328125 0.0359375
0 0.45546875 0.28359375 0.0328125 0.034375
0 0.5421875 0.30390625 0.03125 0.0328125
0 0.50390625 0.2828125 0.03125 0.0328125
0 0.5546875 0.28203125 0.0328125 0.0328125
0 0.52890625 0.278125 0.034375 0.0328125
0 0.58046875 0.265625 0.0328125 0.034375
0 0.54609375 0.25625 0.03125 0.0328125
0 0.51796875 0.25234375 0.0359375 0.034375
0 0.4859375 0.26328125 0.03125 0.03125
0 0.4546875 0.25234375 0.0375 0.034375
0 0.48515625 0.2359375 0.034375 0.0375
0 0.51015625 0.221875 0.03125 0.0328125
0 0.5671875 0.2203125 0.034375 0.034375
0 0.53671875 0.228125 0.03125 0.0328125
0 0.53515625 0.19609375 0.034375 0.034375
0 0.49765625 0.19375 0.040625 0.0359375
0 0.5703125 0.1796875 0.034375 0.034375
0 0.29453125 0.2984375 0.034375 0.0328125