0 0.08359375 0.559375 0.034375 0.03515625
0 0.10859375 0.5140625 0.03515625 0.03125
0 0.13046875 0.54921875 0.0375 0.0296875
0 0.115625 0.58671875 0.0359375 0.03203125
0 0.15234375 0.57578125 0.03515625 0.03125
0 0.16953125 0.55 0.03203125 0.0296875
0 0.178125 0.521875 0.03203125 0.02734375
0 0.1296875 0.459375 0.0375 0.03359375
0 0.16875 0.49375 0.03359375 0.028125
0 0.18046875 0.46640625 0.03203125 0.0296875
0 0.16171875 0.44296875 0.03125 0.02734375
0 0.2 0.446875 0.034375 0.028125
0 0.21953125 0.465625 0.03125 0.0296875
0 0.24453125 0.4875 0.03046875 0.02734375
0 0.2015625 0.4921875 0.03125 0.0265625
0 0.2203125 0.515625 0.034375 0.0328125
0 0.20390625 0.54375 0.03359375 0.02734375
0 0.19453125 0.5703125 0.03515625 0.03125
0 0.16953125 0.6 0.03671875 0.0359375
0 0.2 0.259375 0.03125 0.025
0 0.21875 0.27265625 0.02734375 0.02265625
0 0.2296875 0.29140625 0.028125 0.0234375
0 0.26171875 0.27109375 0.028125 0.02265625
0 0.26171875 0.290625 0.03046875 0.02421875
0 0.196875 0.3 0.03203125 0.02578125
0 0.21875 0.31171875 0.02734375 0.025
0 0.24453125 0.309375 0.03046875 0.02578125
0 0.23203125 0.33515625 0.03046875 0.0265625
0 0.2671875 0.32421875 0.03046875 0.025
0 0.19921875 0.33046875 0.03203125 0.028125
0 0.196875 0.38671875 0.0359375 0.02890625
0 0.2234375 0.36484375 0.03046875 0.0234375
0 0.25078125 0.35390625 0.03046875 0.02421875
0 0.2796875 0.353125 0.0296875 0.02734375
0 0.26484375 0.378125 0.03203125 0.0265625
0 0.23515625 0.38515625 0.02734375 0.02421875
0 0.25859375 0.4015625 0.03046875 0.025
0 0.2421875 0.42421875 0.03046875 0.025
0 0.278125 0.43359375 0.03125 0.028125
0 0.2625 0.45625 0.02890625 0.0265625
0 0.29453125 0.4578125 0.03125 0.0234375
0 0.27734375 0.48515625 0.03203125 0.02890625
0 0.34140625 0.46875 0.03359375 0.02890625
0 0.309375 0.4921875 0.03046875 0.02734375
0 0.2515625 0.5140625 0.03125 0.028125
0 0.28515625 0.51484375 0.03203125 0.03203125
0 0.315625 0.5203125 0.03359375 0.03125
0 0.234375 0.5484375 0.03203125 0.0296875
0 0.23046875 0.5796875 0.03359375 0.0296875
0 0.209375 0.60546875 0.03515625 0.03515625
0 0.26640625 0.5375 0.0328125 0.02734375
0 0.29375 0.5515625 0.03046875 0.02890625
0 0.2625 0.56796875 0.03203125 0.03046875
0 0.26171875 0.60625 0.03515625 0.03671875
0 0.28984375 0.58359375 0.03046875 0.0296875
0 0.3234375 0.56875 0.034375 0.0296875
0 0.3109375 0.6109375 0.034375 0.03359375
0 0.34921875 0.3 0.034375 0.0265625
0 0.42734375 0.3046875 0.0328125 0.02578125
0 0.50078125 0.3421875 0.03046875 0.02578125
0 0.525 0.328125 0.028125 0.02734375
0 0.478125 0.18359375 0.025 0.028125
0 0.5046875 0.18203125 0.02734375 0.02578125
0 0.46328125 0.25546875 0.0296875 0.0265625
0 0.5359375 0.24296875 0.0296875 0.025
0 0.6234375 0.20078125 0.0296875 0.028125
0 0.678125 0.18828125 0.028125 0.025
0 0.734375 0.18671875 0.0265625 0.02421875
0 0.75234375 0.20703125 0.02734375 0.0203125
0 0.759375 0.2328125 0.0296875 0.02421875
0 0.76953125 0.25234375 0.02890625 0.0203125
0 0.76171875 0.27265625 0.0296875 0.02734375
0 0.6765625 0.334375 0.03046875 0.02890625
0 0.628125 0.35625 0.03046875 0.02578125
0 0.396875 0.69609375 0.04375 0.03984375
0 0.503125 0.3828125 0.0296875 0.02734375
0 0.60703125 0.40078125 0.0328125 0.028125
0 0.57265625 0.403125 0.0296875 0.02578125
0 0.58359375 0.42578125 0.03203125 0.0265625
0 0.60625 0.45 0.03046875 0.028125
0 0.48125 0.4421875 0.0328125 0.0296875
0 0.5109375 0.43359375 0.0296875 0.02578125
0 0.5390625 0.43828125 0.03046875 0.02734375
0 0.51171875 0.46015625 0.03125 0.028125
0 0.57421875 0.45 0.03359375 0.02890625
0 0.55 0.4625 0.03046875 0.02421875
0 0.5734375 0.48125 0.03046875 0.02890625
0 0.6046875 0.478125 0.0328125 0.03046875
0 0.54609375 0.4890625 0.03203125 0.028125
0 0.5140625 0.503125 0.03046875 0.03046875
0 0.59140625 0.50390625 0.0359375 0.0296875
0 0.63828125 0.52890625 0.0359375 0.03125
0 0.515625 0.53984375 0.0328125 0.0328125
0 0.6046875 0.5328125 0.0328125 0.03203125
0 0.56796875 0.58046875 0.03671875 0.03515625
0 0.53984375 0.62734375 0.03828125 0.03515625
0 0.60234375 0.628125 0.03671875 0.034375
0 0.615625 0.6609375 0.0359375 0.034375
0 0.72578125 0.7078125 0.04296875 0.0421875
0 0.70390625 0.765625 0.04375 0.040625