0 0.959375 0.659375 0.0234375 0.0234375
0 0.93515625 0.66328125 0.025 0.0234375
0 0.88984375 0.6859375 0.0296875 0.0265625
0 0.83359375 0.6921875 0.028125 0.025
0 0.78125 0.6625 0.0265625 0.0265625
0 0.7515625 0.690625 0.0265625 0.025
0 0.7546875 0.646875 0.025 0.021875
0 0.75390625 0.6671875 0.025 0.021875
0 0.7953125 0.49375 0.025 0.0234375
0 0.72109375 0.53046875 0.0265625 0.025
0 0.70234375 0.6046875 0.025 0.0234375
0 0.71640625 0.625 0.0234375 0.0234375
0 0.721875 0.64765625 0.0265625 0.025
0 0.69609375 0.6546875 0.025 0.0234375
0 0.70546875 0.678125 0.0265625 0.0265625
0 0.69453125 0.7046875 0.025 0.0234375
0 0.6703125 0.7109375 0.0234375 0.0234375
0 0.68203125 0.7375 0.021875 0.021875
0 0.6375 0.71875 0.025 0.0265625
0 0.6125 0.7125 0.0234375 0.0234375
0 0.62734375 0.67578125 0.025 0.0234375
0 0.6359375 0.696875 0.021875 0.021875
0 0.6296875 0.65546875 0.0234375 0.0234375
0 0.60703125 0.66796875 0.025 0.0234375
0 0.59140625 0.70390625 0.021875 0.021875
0 0.61640625 0.63671875 0.021875 0.021875
0 0.59921875 0.64765625 0.0234375 0.0234375
0 0.5859375 0.621875 0.025 0.0234375
0 0.5765625 0.64296875 0.021875 0.0203125
0 0.57421875 0.66796875 0.025 0.0234375
0 0.571875 0.6953125 0.0234375 0.0234375
0 0.56640625 0.72578125 0.0234375 0.0234375
0 0.54609375 0.71796875 0.0234375 0.0234375
0 0.546875 0.69140625 0.021875 0.021875
0 0.5296875 0.7046875 0.0234375 0.021875
0 0.54453125 0.6703125 0.025 0.0234375
0 0.5234375 0.68515625 0.0234375 0.0234375
0 0.553125 0.65078125 0.021875 0.021875
0 0.51328125 0.6640625 0.021875 0.021875
0 0.5171875 0.72109375 0.0234375 0.0234375
0 0.50625 0.69921875 0.021875 0.021875
0 0.52265625 0.76171875 0.0234375 0.025
0 0.49453125 0.74609375 0.025 0.0234375
0 0.50078125 0.76796875 0.0265625 0.0265625
0 0.4859375 0.69609375 0.021875 0.021875
0 0.46875 0.709375 0.0234375 0.025
0 0.45234375 0.72578125 0.025 0.0234375
0 0.471875 0.7796875 0.0265625 0.0265625
0 0.4328125 0.7703125 0.0234375 0.0234375
0 0.4671875 0.67265625 0.025 0.025
0 0.43203125 0.7171875 0.021875 0.0203125
0 0.4109375 0.72265625 0.021875 0.021875
0 0.41640625 0.75625 0.021875 0.021875
0 0.3984375 0.765625 0.021875 0.021875
0 0.4 0.78984375 0.021875 0.021875
0 0.4046875 0.8140625 0.0234375 0.0234375
0 0.40625 0.74453125 0.0234375 0.021875
0 0.39140625 0.72109375 0.021875 0.021875
0 0.371875 0.73203125 0.021875 0.021875
0 0.38515625 0.69921875 0.0234375 0.021875
0 0.3640625 0.690625 0.0234375 0.0234375
0 0.35390625 0.71171875 0.0234375 0.0234375
0 0.34375 0.68359375 0.021875 0.021875
0 0.3671875 0.66171875 0.021875 0.01875
0 0.34375 0.6625 0.021875 0.021875
0 0.37890625 0.6453125 0.021875 0.01875
0 0.35703125 0.628125 0.0234375 0.0234375
0 0.3796875 0.621875 0.025 0.0234375
0 0.36328125 0.60703125 0.021875 0.021875
0 0.36015625 0.86640625 0.0265625 0.0265625
0 0.33203125 0.8703125 0.0265625 0.0265625
0 0.31015625 0.8390625 0.0265625 0.0265625
0 0.3046875 0.81015625 0.0265625 0.028125
0 0.28828125 0.7171875 0.0265625 0.0265625
0 0.2578125 0.72890625 0.0265625 0.0296875
0 0.27578125 0.653125 0.0265625 0.025
0 0.26796875 0.62890625 0.025 0.0234375
0 0.23671875 0.640625 0.025 0.021875
0 0.2296875 0.66015625 0.025 0.0203125
0 0.196875 0.66640625 0.021875 0.021875
0 0.19453125 0.68828125 0.0265625 0.025
0 0.1828125 0.7453125 0.0265625 0.0265625
0 0.2171875 0.8171875 0.0265625 0.0265625
0 0.25625 0.8359375 0.025 0.0265625
0 0.2359375 0.82578125 0.025 0.0234375
0 0.1546875 0.759375 0.028125 0.0265625
0 0.165625 0.67734375 0.021875 0.021875
0 0.14765625 0.66640625 0.021875 0.0203125
0 0.18203125 0.6546875 0.0265625 0.021875
0 0.16171875 0.646875 0.0234375 0.0234375
0 0.21015625 0.859375 0.025 0.0234375
0 0.1890625 0.878125 0.0265625 0.0265625
0 0.1421875 0.871875 0.0265625 0.0265625
0 0.1328125 0.934375 0.028125 0.03125
0 0.11640625 0.8859375 0.028125 0.0265625
0 0.11484375 0.8640625 0.025 0.0234375
0 0.1171875 0.8390625 0.0265625 0.028125
0 0.1171875 0.81796875 0.021875 0.0203125
0 0.1125 0.80234375 0.0234375 0.0234375
0 0.0421875 0.87265625 0.03125 0.0296875
0 0.72890625 0.446875 0.021875 0.01875
0 0.73359375 0.47265625 0.021875 0.0203125
0 0.71328125 0.484375 0.01875 0.01875
0 0.696875 0.4984375 0.021875 0.021875
0 0.71328125 0.4640625 0.0203125 0.01875
0 0.69453125 0.47421875 0.021875 0.01875
0 0.70390625 0.44609375 0.021875 0.01875
0 0.65703125 0.42890625 0.021875 0.0203125
0 0.6328125 0.40703125 0.0203125 0.015625
0 0.61484375 0.41328125 0.021875 0.01875
0 0.609375 0.4296875 0.01875 0.01875
0 0.628125 0.54921875 0.021875 0.021875
0 0.60859375 0.5359375 0.025 0.0234375
0 0.5859375 0.51875 0.021875 0.021875
0 0.51640625 0.5171875 0.021875 0.021875
0 0.54140625 0.57734375 0.0234375 0.0234375
0 0.52578125 0.59921875 0.021875 0.0203125
0 0.50234375 0.5984375 0.021875 0.01875
0 0.46875 0.62265625 0.021875 0.021875
0 0.484375 0.5859375 0.025 0.021875
0 0.4703125 0.6 0.025 0.0234375
0 0.4515625 0.5859375 0.0234375 0.0234375
0 0.4828125 0.5328125 0.025 0.021875
0 0.47734375 0.503125 0.021875 0.0203125
0 0.4609375 0.53359375 0.025 0.0234375
0 0.46328125 0.48984375 0.0265625 0.0296875
0 0.37890625 0.540625 0.0234375 0.0203125
0 0.353125 0.53671875 0.021875 0.01875
0 0.34140625 0.559375 0.021875 0.01875
0 0.34609375 0.5859375 0.025 0.0203125
0 0.31171875 0.53515625 0.0234375 0.021875
0 0.31328125 0.48125 0.021875 0.021875
0 0.2828125 0.47265625 0.021875 0.01875
0 0.26640625 0.50859375 0.021875 0.0203125
0 0.2703125 0.5890625 0.0234375 0.0234375
0 0.25 0.6078125 0.021875 0.01875
0 0.2484375 0.5875 0.0234375 0.021875
0 0.23203125 0.571875 0.021875 0.01875
0 0.2171875 0.54609375 0.0234375 0.021875
0 0.20703125 0.58046875 0.021875 0.01875
0 0.19140625 0.5703125 0.021875 0.01875
0 0.17421875 0.56484375 0.01875 0.01875
0 0.14921875 0.565625 0.0234375 0.0234375
0 0.1546875 0.50078125 0.021875 0.021875