0 0.62421875 0.37109375 0.0171875 0.01015625
0 0.6171875 0.38046875 0.0140625 0.01015625
0 0.5859375 0.40078125 0.0140625 0.009375
0 0.63046875 0.39609375 0.0140625 0.01015625
0 0.53515625 0.36328125 0.01328125 0.0109375
0 0.5421875 0.37421875 0.01328125 0.01171875
0 0.52265625 0.35703125 0.01484375 0.0109375
0 0.496875 0.34375 0.01640625 0.0109375
0 0.46640625 0.35859375 0.0140625 0.009375
0 0.478125 0.35 0.01328125 0.01015625
0 0.44765625 0.3515625 0.015625 0.01015625
0 0.43828125 0.38125 0.01484375 0.0109375
0 0.45546875 0.37109375 0.0140625 0.01015625
0 0.5734375 0.42421875 0.0125 0.009375
0 0.60234375 0.42578125 0.01484375 0.009375
0 0.56328125 0.4296875 0.01640625 0.01015625
0 0.48046875 0.39765625 0.01328125 0.01171875
0 0.521875 0.415625 0.0125 0.01015625
0 0.5125 0.42890625 0.01171875 0.0109375
0 0.44375 0.4203125 0.0140625 0.0078125
0 0.4015625 0.40234375 0.01328125 0.0109375
0 0.4078125 0.4140625 0.01328125 0.01015625
0 0.44296875 0.428125 0.015625 0.009375
0 0.45703125 0.43203125 0.0140625 0.0109375
0 0.5046875 0.42265625 0.0125 0.01015625
0 0.52421875 0.43515625 0.0140625 0.01015625
0 0.559375 0.45078125 0.015625 0.01171875
0 0.515625 0.4453125 0.01328125 0.0109375
0 0.49921875 0.44609375 0.015625 0.0109375
0 0.4390625 0.4453125 0.0125 0.0109375
0 0.41796875 0.4296875 0.0140625 0.0109375
0 0.35078125 0.38203125 0.01328125 0.009375
0 0.36484375 0.421875 0.01328125 0.0109375
0 0.36640625 0.4359375 0.01328125 0.01015625
0 0.42578125 0.44921875 0.01484375 0.009375
0 0.49453125 0.4578125 0.01328125 0.0109375
0 0.55625 0.46875 0.0140625 0.0109375
0 0.55859375 0.478125 0.0140625 0.009375
0 0.54765625 0.49921875 0.0140625 0.0109375
0 0.490625 0.48671875 0.01328125 0.01015625
0 0.490625 0.503125 0.01328125 0.0109375
0 0.4328125 0.47734375 0.0125 0.009375
0 0.44921875 0.4796875 0.0140625 0.01171875
0 0.41484375 0.48203125 0.0125 0.01171875
0 0.44375 0.49609375 0.01328125 0.0109375
0 0.45234375 0.50625 0.01484375 0.0109375
0 0.46484375 0.51640625 0.0140625 0.01171875
0 0.35390625 0.46015625 0.0171875 0.01015625
0 0.375 0.4546875 0.01484375 0.009375
0 0.3421875 0.475 0.01171875 0.009375
0 0.37265625 0.49765625 0.0140625 0.0109375
0 0.35 0.49140625 0.01328125 0.009375
0 0.3578125 0.5078125 0.01171875 0.01015625
0 0.36953125 0.51484375 0.0140625 0.01015625
0 0.3828125 0.51875 0.0140625 0.0109375
0 0.38984375 0.51015625 0.01328125 0.01171875
0 0.38671875 0.53125 0.0125 0.01015625
0 0.409375 0.53359375 0.01328125 0.01171875
0 0.26484375 0.4609375 0.0125 0.01015625
0 0.2671875 0.47578125 0.015625 0.0109375
0 0.25859375 0.49296875 0.01328125 0.009375
0 0.2859375 0.49296875 0.0140625 0.009375
0 0.3015625 0.49609375 0.01484375 0.01015625
0 0.24921875 0.50078125 0.01328125 0.0109375
0 0.24765625 0.51328125 0.01484375 0.0109375
0 0.253125 0.52734375 0.01484375 0.00859375
0 0.26484375 0.534375 0.0125 0.01015625
0 0.2765625 0.5296875 0.01484375 0.0109375
0 0.290625 0.525 0.0140625 0.01171875
0 0.26796875 0.51484375 0.0140625 0.009375
0 0.253125 0.5421875 0.01328125 0.01171875
0 0.2703125 0.54375 0.0140625 0.01015625
0 0.284375 0.5421875 0.0125 0.01015625
0 0.2859375 0.56640625 0.01328125 0.0109375
0 0.31640625 0.540625 0.0140625 0.01015625
0 0.34375 0.5484375 0.01171875 0.0109375
0 0.3109375 0.55078125 0.01484375 0.01015625
0 0.33203125 0.5453125 0.01328125 0.0109375
0 0.35078125 0.55703125 0.0140625 0.0109375
0 0.3640625 0.5609375 0.01328125 0.0109375
0 0.32109375 0.56640625 0.01484375 0.01015625
0 0.3390625 0.56640625 0.01484375 0.01171875
0 0.3640625 0.57578125 0.01328125 0.0125
0 0.3296875 0.60078125 0.01484375 0.01171875
0 0.346875 0.61953125 0.015625 0.01015625
0 0.3921875 0.6359375 0.015625 0.0125
0 0.3984375 0.5796875 0.01484375 0.0109375
0 0.42421875 0.6125 0.015625 0.009375
0 0.5359375 0.578125 0.015625 0.01015625
0 0.54140625 0.5671875 0.01328125 0.01171875
0 0.50703125 0.55859375 0.0140625 0.01171875
0 0.5078125 0.54375 0.01484375 0.01171875
0 0.4984375 0.5671875 0.0140625 0.0109375
0 0.52109375 0.5859375 0.01484375 0.0109375
0 0.51484375 0.5703125 0.01484375 0.01171875
0 0.4875 0.55859375 0.01328125 0.0109375
0 0.46328125 0.55625 0.0140625 0.0109375
0 0.47734375 0.58359375 0.01328125 0.01171875
0 0.49453125 0.58671875 0.0140625 0.01171875