0 0.46484375 0.509375 0.0140625 0.0125
0 0.44140625 0.50625 0.0140625 0.0125
0 0.503125 0.51796875 0.0140625 0.0140625
0 0.48046875 0.45703125 0.0140625 0.0125
0 0.540625 0.49921875 0.0140625 0.0140625
0 0.4765625 0.49296875 0.0140625 0.0140625
0 0.44296875 0.49296875 0.015625 0.015625
0 0.49140625 0.503125 0.0140625 0.0140625
0 0.47578125 0.53671875 0.0140625 0.0140625
0 0.4640625 0.49765625 0.0140625 0.0125
0 0.48984375 0.54609375 0.015625 0.015625
0 0.48828125 0.5203125 0.0140625 0.0140625
0 0.46484375 0.48359375 0.0140625 0.0125
0 0.47578125 0.58203125 0.015625 0.015625
0 0.42578125 0.42265625 0.0140625 0.0109375
0 0.43671875 0.44921875 0.0140625 0.0125
0 0.49765625 0.596875 0.015625 0.015625
0 0.4625 0.4109375 0.0140625 0.0125
0 0.54609375 0.5109375 0.0140625 0.0140625
0 0.52265625 0.48671875 0.0140625 0.0140625
0 0.48828125 0.53046875 0.0140625 0.0140625
0 0.45078125 0.525 0.0140625 0.0140625
0 0.4140625 0.6390625 0.01875 0.0171875
0 0.51328125 0.44375 0.0140625 0.0125
0 0.484375 0.40703125 0.0140625 0.0125
0 0.41953125 0.54140625 0.015625 0.015625
0 0.4265625 0.51875 0.0140625 0.0140625
0 0.46171875 0.53359375 0.0140625 0.0140625
0 0.4703125 0.42890625 0.0140625 0.0125
0 0.45 0.390625 0.0140625 0.0125
0 0.425 0.49375 0.0140625 0.0125
0 0.496875 0.65546875 0.015625 0.015625
0 0.43359375 0.56171875 0.015625 0.015625
0 0.44375 0.62578125 0.01875 0.0171875
0 0.440625 0.3984375 0.0140625 0.0109375
0 0.42109375 0.478125 0.0140625 0.0125
0 0.50625 0.490625 0.0140625 0.0125
0 0.4421875 0.41015625 0.0140625 0.0109375
0 0.46875 0.446875 0.0140625 0.0140625
0 0.5375 0.48828125 0.0140625 0.0140625
0 0.515625 0.53515625 0.0140625 0.0140625
0 0.428125 0.40859375 0.0140625 0.0109375
0 0.4734375 0.40078125 0.0140625 0.0125
0 0.51875 0.41953125 0.0140625 0.0109375
0 0.44453125 0.4703125 0.0140625 0.0125
0 0.415625 0.58046875 0.015625 0.015625
0 0.475 0.4203125 0.0140625 0.0140625
0 0.46015625 0.67734375 0.01875 0.01875
0 0.5203125 0.43671875 0.0140625 0.0109375
0 0.48359375 0.475 0.0140625 0.0140625
0 0.43125 0.4375 0.0140625 0.0140625
0 0.4953125 0.6390625 0.0171875 0.01875
0 0.50390625 0.6265625 0.015625 0.015625
0 0.42421875 0.55234375 0.0140625 0.0140625
0 0.44921875 0.42421875 0.0140625 0.0125
0 0.45 0.484375 0.0140625 0.0140625
0 0.43828125 0.48125 0.0140625 0.0125
0 0.48046875 0.3921875 0.0140625 0.0109375
0 0.43671875 0.57421875 0.015625 0.015625
0 0.46171875 0.40234375 0.0140625 0.0109375
0 0.4640625 0.47265625 0.0140625 0.0125
0 0.49765625 0.39921875 0.0140625 0.0109375
0 0.43984375 0.6734375 0.01875 0.01875
0 0.5078125 0.41484375 0.0140625 0.0109375
0 0.4625 0.6203125 0.0171875 0.015625
0 0.409375 0.625 0.015625 0.015625
0 0.4921875 0.58515625 0.0140625 0.0140625
0 0.4609375 0.69296875 0.01875 0.0171875
0 0.45546875 0.43671875 0.0140625 0.0125
0 0.4328125 0.3890625 0.0140625 0.0109375
0 0.41015625 0.53359375 0.0140625 0.0140625
0 0.4296875 0.64609375 0.0171875 0.015625
0 0.4140625 0.6609375 0.0171875 0.0171875
0 0.41484375 0.61328125 0.015625 0.015625
0 0.46640625 0.559375 0.0140625 0.0140625
0 0.4171875 0.59375 0.015625 0.015625
0 0.4546875 0.66484375 0.01875 0.0171875
0 0.53203125 0.4765625 0.0140625 0.0140625
0 0.44296875 0.54296875 0.0140625 0.0140625
0 0.4625 0.45703125 0.0140625 0.0140625
0 0.42578125 0.66953125 0.0171875 0.0171875
0 0.40390625 0.6875 0.01875 0.01875
0 0.50546875 0.66953125 0.01875 0.01875
0 0.621875 0.57265625 0.0171875 0.015625
0 0.43359375 0.58515625 0.015625 0.015625
0 0.515625 0.47734375 0.0140625 0.0140625
0 0.45 0.6125 0.015625 0.015625
0 0.44375 0.3828125 0.0140625 0.0109375
0 0.4375 0.41875 0.0140625 0.0140625
0 0.40703125 0.5703125 0.0140625 0.0140625
0 0.44609375 0.6890625 0.01875 0.0171875
0 0.44140625 0.6390625 0.01875 0.01875
0 0.65546875 0.5828125 0.0171875 0.015625
0 0.4515625 0.56484375 0.015625 0.015625
0 0.46796875 0.63203125 0.0171875 0.015625
0 0.42890625 0.609375 0.0171875 0.015625
0 0.4484375 0.45546875 0.0171875 0.015625
0 0.44453125 0.55546875 0.0171875 0.015625
0 0.4546875 0.7078125 0.01875 0.01875
0 0.4734375 0.56953125 0.015625 0.015625
0 0.46953125 0.646875 0.01875 0.01875
0 0.65 0.5671875 0.015625 0.015625
0 0.6234375 0.584375 0.015625 0.015625
0 0.42734375 0.634375 0.015625 0.015625
0 0.45859375 0.55 0.0140625 0.0140625
0 0.4515625 0.58671875 0.015625 0.015625
0 0.40703125 0.60390625 0.015625 0.015625
0 0.5875 0.53125 0.0140625 0.0125
0 0.4625 0.60703125 0.015625 0.015625
0 0.43515625 0.6578125 0.01875 0.0171875
0 0.48984375 0.6875 0.01875 0.01875
0 0.4765625 0.375 0.0140625 0.0109375
0 0.55234375 0.42890625 0.0140625 0.0109375
0 0.42578125 0.62265625 0.015625 0.015625
0 0.4171875 0.68203125 0.015625 0.015625
0 0.43125 0.6875 0.01875 0.01875
0 0.4234375 0.70078125 0.01875 0.0171875
0 0.46328125 0.59453125 0.0171875 0.0171875
0 0.57890625 0.45546875 0.0140625 0.0109375
0 0.52734375 0.46796875 0.0140625 0.0140625
0 0.4546875 0.46484375 0.015625 0.0140625
0 0.46015625 0.371875 0.0140625 0.0109375
0 0.44140625 0.7015625 0.01875 0.01875
0 0.59609375 0.51953125 0.0140625 0.0140625
0 0.64140625 0.5484375 0.015625 0.015625
0 0.49609375 0.37734375 0.0140625 0.0109375
0 0.59140625 0.44609375 0.0140625 0.0109375
0 0.659375 0.59609375 0.0140625 0.0140625
0 0.56328125 0.41015625 0.0140625 0.0109375
0 0.42890625 0.39921875 0.0140625 0.0109375
0 0.4703125 0.43671875 0.0140625 0.0109375
0 0.3484375 0.4625 0.0140625 0.0125
0 0.31640625 0.46953125 0.0140625 0.0140625
0 0.43203125 0.734375 0.01875 0.01875
0 0.43125 0.75234375 0.01875 0.0203125
0 0.3203125 0.55390625 0.0171875 0.015625
0 0.4890625 0.6125 0.0140625 0.0140625
0 0.59375 0.665625 0.01875 0.01875
0 0.4625 0.41171875 0.0140625 0.0109375
0 0.4421875 0.440625 0.0125 0.0140625
0 0.43828125 0.42890625 0.0140625 0.0125
0 0.45390625 0.446875 0.0140625 0.0109375
0 0.4515625 0.57578125 0.015625 0.015625
0 0.45 0.6 0.0140625 0.0140625
0 0.43671875 0.59609375 0.0140625 0.0140625