0 0.2421875 0.76796875 0.0375 0.01875
0 0.27578125 0.78046875 0.034375 0.0234375
0 0.25 0.79921875 0.0359375 0.0234375
0 0.3109375 0.75859375 0.034375 0.0203125
0 0.246875 0.75625 0.0359375 0.025
0 0.334375 0.71171875 0.0390625 0.025
0 0.30703125 0.69296875 0.0359375 0.025
0 0.271875 0.696875 0.0390625 0.028125
0 0.21875 0.7203125 0.0375 0.028125
0 0.18359375 0.72265625 0.034375 0.025
0 0.32890625 0.67421875 0.0421875 0.028125
0 0.290625 0.65546875 0.0390625 0.028125
0 0.2703125 0.66953125 0.0296875 0.0203125
0 0.24609375 0.66015625 0.0328125 0.028125
0 0.28984375 0.621875 0.0390625 0.0296875
0 0.29765625 0.57734375 0.0421875 0.028125
0 0.2671875 0.58984375 0.0390625 0.028125
0 0.23515625 0.575 0.0421875 0.0296875
0 0.228125 0.60703125 0.0390625 0.03125
0 0.14453125 0.66953125 0.0390625 0.028125
0 0.10859375 0.665625 0.040625 0.0265625
0 0.08828125 0.60546875 0.0421875 0.034375
0 0.38125 0.790625 0.0296875 0.0203125
0 0.359375 0.77265625 0.0375 0.0234375
0 0.41171875 0.79921875 0.0296875 0.0203125
0 0.4109375 0.78046875 0.0328125 0.0203125
0 0.446875 0.79375 0.0296875 0.0234375
0 0.4390625 0.77421875 0.034375 0.0203125
0 0.471875 0.78671875 0.0328125 0.01875
0 0.46328125 0.76953125 0.0296875 0.0203125
0 0.49765625 0.80078125 0.0359375 0.021875
0 0.49921875 0.7796875 0.0296875 0.0203125
0 0.55703125 0.79296875 0.0359375 0.021875
0 0.53125 0.77421875 0.0359375 0.021875
0 0.49609375 0.7609375 0.0359375 0.0234375
0 0.57421875 0.775 0.034375 0.0203125
0 0.54609375 0.76171875 0.0328125 0.0203125
0 0.521875 0.74765625 0.0359375 0.021875
0 0.49375 0.73359375 0.0359375 0.021875
0 0.56171875 0.746875 0.0296875 0.0203125
0 0.54140625 0.7296875 0.0390625 0.021875
0 0.47265625 0.71796875 0.0390625 0.025
0 0.5890625 0.75859375 0.0375 0.021875
0 0.71171875 0.765625 0.0390625 0.025
0 0.41171875 0.66640625 0.0421875 0.028125
0 0.51171875 0.71484375 0.0390625 0.025
0 0.490625 0.69375 0.0390625 0.0265625
0 0.5984375 0.74375 0.0421875 0.021875
0 0.584375 0.72421875 0.0421875 0.0265625
0 0.553125 0.71015625 0.0390625 0.028125
0 0.64375 0.7390625 0.0359375 0.021875
0 0.63046875 0.71875 0.0453125 0.025
0 0.6015625 0.7046875 0.0359375 0.025
0 0.5703125 0.68984375 0.0421875 0.028125
0 0.525 0.68125 0.0484375 0.025
0 0.66171875 0.7078125 0.034375 0.0203125
0 0.68046875 0.73046875 0.0390625 0.0265625
0 0.6734375 0.6859375 0.0359375 0.021875
0 0.64921875 0.66796875 0.0390625 0.0234375
0 0.396875 0.53828125 0.04375 0.03125
0 0.3578125 0.54140625 0.0421875 0.03125
0 0.31875 0.528125 0.0421875 0.0375
0 0.63203125 0.68203125 0.0453125 0.025
0 0.6984375 0.66953125 0.0390625 0.028125
0 0.66640625 0.64609375 0.0453125 0.025
0 0.65390625 0.62421875 0.0421875 0.028125
0 0.6359375 0.59609375 0.0328125 0.0265625
0 0.69765625 0.62109375 0.0484375 0.03125
0 0.690625 0.5921875 0.0359375 0.028125
0 0.66171875 0.5953125 0.0421875 0.028125
0 0.6046875 0.58359375 0.0421875 0.0296875
0 0.56328125 0.5796875 0.0421875 0.03125
0 0.5203125 0.5734375 0.0453125 0.03125
0 0.4953125 0.6140625 0.04375 0.03125
0 0.50859375 0.53125 0.0484375 0.034375
0 0.63671875 0.56484375 0.0453125 0.0296875
0 0.5734375 0.54921875 0.0453125 0.03125
0 0.85 0.7265625 0.046875 0.03125
0 0.79765625 0.7359375 0.0421875 0.028125
0 0.83984375 0.6640625 0.0421875 0.028125
0 0.81015625 0.67265625 0.0453125 0.028125
0 0.67265625 0.54375 0.0421875 0.0296875
0 0.7375 0.5359375 0.0453125 0.034375
0 0.71484375 0.50703125 0.0515625 0.034375
0 0.88984375 0.5671875 0.0515625 0.034375
0 0.84453125 0.53203125 0.0515625 0.0390625
0 0.78046875 0.48515625 0.0515625 0.034375
0 0.73359375 0.47890625 0.0484375 0.0375
0 0.7484375 0.41171875 0.053125 0.040625
0 0.65703125 0.3890625 0.05625 0.0390625
0 0.471875 0.446875 0.0515625 0.0359375
0 0.371875 0.4328125 0.05 0.0390625
0 0.390625 0.5109375 0.0453125 0.028125
0 0.35390625 0.48984375 0.0484375 0.034375
0 0.23125 0.5078125 0.05 0.034375
0 0.1828125 0.43671875 0.046875 0.03125
0 0.24453125 0.440625 0.0515625 0.0390625
0 0.1921875 0.4203125 0.0515625 0.034375
0 0.303125 0.37734375 0.0546875 0.040625