0 0.403125 0.225 0.034375 0.025
0 0.37734375 0.23203125 0.028125 0.0203125
0 0.3796875 0.25234375 0.028125 0.025
0 0.38125 0.275 0.025 0.021875
0 0.4296875 0.2625 0.025 0.0234375
0 0.44375 0.28046875 0.03125 0.0234375
0 0.39453125 0.28984375 0.028125 0.0234375
0 0.38125 0.30625 0.0265625 0.0234375
0 0.41640625 0.30703125 0.0296875 0.0265625
0 0.3921875 0.20703125 0.0296875 0.0265625
0 0.41640625 0.20390625 0.0265625 0.025
0 0.44375 0.20234375 0.028125 0.0234375
0 0.45390625 0.24921875 0.028125 0.0234375
0 0.47890625 0.25078125 0.025 0.0234375
0 0.4625 0.221875 0.0296875 0.0234375
0 0.48984375 0.221875 0.028125 0.0234375
0 0.509375 0.2375 0.028125 0.025
0 0.53046875 0.23046875 0.025 0.025
0 0.55390625 0.23125 0.0265625 0.0234375
0 0.56796875 0.21796875 0.025 0.0234375
0 0.62109375 0.209375 0.0296875 0.0234375
0 0.61171875 0.23046875 0.0265625 0.0234375
0 0.55390625 0.25625 0.028125 0.0234375
0 0.57265625 0.240625 0.028125 0.0234375
0 0.596875 0.24375 0.028125 0.025
0 0.53046875 0.24921875 0.025 0.0234375
0 0.53828125 0.26875 0.0296875 0.021875
0 0.5625 0.271875 0.025 0.0234375
0 0.58671875 0.26796875 0.025 0.021875
0 0.60703125 0.2734375 0.025 0.0234375
0 0.6265625 0.26171875 0.0265625 0.0234375
0 0.6515625 0.26484375 0.028125 0.0234375
0 0.63359375 0.2875 0.0296875 0.0234375
0 0.58515625 0.28671875 0.028125 0.021875
0 0.60859375 0.29140625 0.025 0.0203125
0 0.61875 0.3078125 0.028125 0.0234375
0 0.52578125 0.29765625 0.025 0.0234375
0 0.5453125 0.2859375 0.021875 0.021875
0 0.5546875 0.3015625 0.028125 0.0234375
0 0.5765625 0.30390625 0.0234375 0.021875
0 0.5953125 0.3140625 0.025 0.0234375
0 0.54296875 0.31875 0.025 0.021875
0 0.5640625 0.32265625 0.025 0.0203125
0 0.58203125 0.334375 0.028125 0.0234375
0 0.5828125 0.36015625 0.0296875 0.0265625
0 0.509375 0.31640625 0.025 0.0234375
0 0.4828125 0.32265625 0.028125 0.025
0 0.5078125 0.3375 0.0265625 0.0234375
0 0.46640625 0.353125 0.028125 0.0234375
0 0.4375 0.346875 0.028125 0.0234375
0 0.4453125 0.36640625 0.0265625 0.021875
0 0.4015625 0.346875 0.028125 0.0234375
0 0.41953125 0.36875 0.028125 0.0234375
0 0.41640625 0.3859375 0.028125 0.0234375
0 0.43984375 0.38515625 0.025 0.0234375
0 0.42265625 0.41328125 0.028125 0.0234375
0 0.39296875 0.3859375 0.025 0.021875
0 0.40078125 0.40625 0.0265625 0.0265625
0 0.36640625 0.38984375 0.025 0.0203125
0 0.378125 0.40390625 0.0265625 0.0234375
0 0.3375 0.38671875 0.0265625 0.0234375
0 0.3484375 0.403125 0.028125 0.0234375
0 0.3640625 0.41953125 0.025 0.0234375
0 0.3875 0.42421875 0.028125 0.0234375
0 0.3375 0.4203125 0.0265625 0.0234375
0 0.35859375 0.43828125 0.025 0.0234375
0 0.33203125 0.43984375 0.025 0.0234375
0 0.30703125 0.43984375 0.028125 0.0234375
0 0.29375 0.42578125 0.025 0.0234375
0 0.275 0.44453125 0.028125 0.0234375
0 0.29921875 0.4609375 0.028125 0.025
0 0.32265625 0.4625 0.025 0.0234375
0 0.2609375 0.4609375 0.028125 0.0234375
0 0.278125 0.471875 0.025 0.021875
0 0.2984375 0.4796875 0.025 0.021875
0 0.315625 0.49140625 0.025 0.0234375
0 0.28828125 0.5 0.028125 0.0234375
0 0.26796875 0.49296875 0.028125 0.0234375
0 0.25 0.4796875 0.0234375 0.021875
0 0.23046875 0.46875 0.028125 0.0234375
0 0.228125 0.4375 0.028125 0.0234375
0 0.2203125 0.48984375 0.0265625 0.0234375
0 0.2390625 0.50234375 0.028125 0.0234375
0 0.20078125 0.5078125 0.0265625 0.0234375
0 0.22421875 0.51796875 0.028125 0.0234375
0 0.17421875 0.5203125 0.028125 0.025
0 0.1203125 0.46875 0.0296875 0.0234375
0 0.13671875 0.4953125 0.0296875 0.0265625
0 0.121875 0.52890625 0.028125 0.0234375
0 0.109375 0.54921875 0.0296875 0.0265625
0 0.1265625 0.5734375 0.0296875 0.0265625
0 0.15 0.6015625 0.025 0.0234375
0 0.17265625 0.61171875 0.0296875 0.0265625
0 0.1953125 0.60625 0.025 0.0234375
0 0.1984375 0.5828125 0.028125 0.0234375
0 0.15 0.58203125 0.0265625 0.0234375
0 0.17578125 0.578125 0.028125 0.0234375
0 0.1921875 0.56171875 0.028125 0.0234375