0 0.546875 0.62890625 0.0203125 0.0203125
0 0.603125 0.540625 0.0203125 0.01875
0 0.596875 0.5234375 0.0203125 0.0203125
0 0.61171875 0.45078125 0.0203125 0.01875
0 0.60859375 0.43046875 0.021875 0.01875
0 0.61875 0.41875 0.0203125 0.0203125
0 0.60546875 0.4109375 0.0234375 0.0203125
0 0.625 0.43671875 0.0203125 0.021875
0 0.61328125 0.396875 0.0234375 0.0203125
0 0.6359375 0.37578125 0.021875 0.0203125
0 0.6171875 0.37734375 0.0203125 0.021875
0 0.64609375 0.35625 0.021875 0.0203125
0 0.62734375 0.36015625 0.0203125 0.0234375
0 0.64296875 0.3390625 0.0203125 0.0203125
0 0.65078125 0.32578125 0.0203125 0.021875
0 0.66015625 0.28125 0.0203125 0.0203125
0 0.5578125 0.43671875 0.0203125 0.01875
0 0.52421875 0.47890625 0.0203125 0.01875
0 0.509375 0.490625 0.01875 0.0171875
0 0.5125 0.5171875 0.0203125 0.0171875
0 0.51171875 0.53671875 0.0203125 0.0171875
0 0.5015625 0.55625 0.0203125 0.01875
0 0.48984375 0.5734375 0.0203125 0.01875
0 0.4859375 0.55859375 0.01875 0.0203125
0 0.49453125 0.54140625 0.0171875 0.01875
0 0.49921875 0.525 0.0203125 0.0203125
0 0.4984375 0.509375 0.01875 0.0171875
0 0.4953125 0.49296875 0.0203125 0.01875
0 0.48046875 0.5125 0.021875 0.01875
0 0.47890625 0.496875 0.01875 0.0171875
0 0.48984375 0.47578125 0.0203125 0.01875
0 0.4734375 0.48125 0.01875 0.0203125
0 0.47421875 0.46484375 0.021875 0.0203125
0 0.4703125 0.44765625 0.01875 0.0203125
0 0.4625 0.49453125 0.0203125 0.0203125
0 0.4515625 0.50546875 0.0203125 0.0203125
0 0.4375 0.5140625 0.0234375 0.0203125
0 0.4578125 0.5859375 0.0203125 0.01875
0 0.46640625 0.57109375 0.0203125 0.01875
0 0.46328125 0.5546875 0.0234375 0.0203125
0 0.4625 0.534375 0.0203125 0.0203125
0 0.4921875 0.37734375 0.0234375 0.0234375
0 0.3546875 0.56640625 0.0234375 0.0203125
0 0.35078125 0.584375 0.025 0.0203125