0 0.85703125 0.6578125 0.0328125 0.0265625
0 0.8 0.6125 0.0328125 0.028125
0 0.5375 0.5671875 0.0328125 0.0265625
0 0.52109375 0.59453125 0.03125 0.0265625
0 0.5484375 0.58984375 0.0296875 0.0234375
0 0.57734375 0.6 0.028125 0.0234375
0 0.54609375 0.6125 0.03125 0.0234375
0 0.5703125 0.62109375 0.0296875 0.0234375
0 0.58671875 0.6390625 0.028125 0.025
0 0.60546875 0.6203125 0.0296875 0.0265625
0 0.61640625 0.64296875 0.0296875 0.025
0 0.6640625 0.66640625 0.03125 0.0265625
0 0.63671875 0.7125 0.0296875 0.025
0 0.60390625 0.69453125 0.0296875 0.0234375
0 0.5859375 0.68125 0.0296875 0.0203125
0 0.57890625 0.66171875 0.028125 0.0234375
0 0.546875 0.6453125 0.0296875 0.0234375
0 0.51640625 0.63203125 0.0296875 0.0234375
0 0.49765625 0.61328125 0.0296875 0.0265625
0 0.590625 0.72890625 0.0296875 0.0234375
0 0.56171875 0.71328125 0.03125 0.0234375
0 0.534375 0.6984375 0.0296875 0.0234375
0 0.53671875 0.6765625 0.0265625 0.0234375
0 0.51640625 0.66171875 0.0265625 0.0234375
0 0.50390625 0.68125 0.0265625 0.0234375
0 0.50859375 0.70390625 0.028125 0.021875
0 0.50390625 0.7296875 0.0265625 0.0234375
0 0.484375 0.74609375 0.025 0.0234375
0 0.47890625 0.725 0.0265625 0.021875
0 0.46484375 0.7125 0.0265625 0.021875
0 0.45390625 0.746875 0.025 0.0234375
0 0.45390625 0.72734375 0.0265625 0.021875
0 0.46796875 0.6921875 0.0265625 0.0234375
0 0.44921875 0.68125 0.0265625 0.0234375
0 0.42421875 0.68359375 0.0265625 0.0265625
0 0.43671875 0.70390625 0.028125 0.021875
0 0.43203125 0.72109375 0.0265625 0.0234375
0 0.43046875 0.74296875 0.0265625 0.021875
0 0.41484375 0.75703125 0.0265625 0.0234375
0 0.40859375 0.73359375 0.0234375 0.0234375
0 0.40078125 0.71171875 0.0296875 0.025
0 0.37265625 0.72734375 0.0265625 0.021875
0 0.3875 0.7421875 0.0234375 0.0203125
0 0.38671875 0.76015625 0.0296875 0.0203125
0 0.36171875 0.76015625 0.0265625 0.0203125
0 0.34765625 0.7421875 0.028125 0.0234375
0 0.30078125 0.76640625 0.0265625 0.0234375
0 0.3203125 0.74375 0.028125 0.0234375
0 0.29453125 0.7390625 0.0265625 0.021875
0 0.321875 0.72734375 0.025 0.0203125
0 0.3390625 0.71484375 0.0296875 0.0234375
0 0.31171875 0.7109375 0.0265625 0.0203125
0 0.2875 0.7109375 0.0265625 0.021875
0 0.26640625 0.7265625 0.0265625 0.0234375
0 0.228125 0.71328125 0.0265625 0.025
0 0.21328125 0.6828125 0.03125 0.025
0 0.2796875 0.684375 0.0296875 0.0234375
0 0.3140625 0.68359375 0.0296875 0.0234375
0 0.3515625 0.68984375 0.0296875 0.021875
0 0.365625 0.66875 0.0265625 0.0203125
0 0.33515625 0.6734375 0.0265625 0.0203125
0 0.31328125 0.6625 0.0265625 0.0203125
0 0.28828125 0.66015625 0.025 0.0234375
0 0.29453125 0.6359375 0.0265625 0.0234375
0 0.31953125 0.6421875 0.025 0.0234375
0 0.30625 0.6171875 0.0265625 0.025
0 0.34453125 0.640625 0.028125 0.0234375
0 0.33046875 0.62265625 0.0265625 0.0203125
0 0.33046875 0.6015625 0.0296875 0.025
0 0.37265625 0.646875 0.0265625 0.0234375
0 0.3546875 0.61640625 0.0265625 0.0234375
0 0.3984375 0.64296875 0.0265625 0.0203125
0 0.40546875 0.62421875 0.0265625 0.0203125
0 0.37890625 0.6234375 0.0265625 0.0234375
0 0.37890625 0.60234375 0.0296875 0.0234375
0 0.35078125 0.5890625 0.0296875 0.0234375
0 0.4046875 0.60390625 0.0265625 0.0234375
0 0.434375 0.60390625 0.0296875 0.0265625
0 0.3859375 0.584375 0.0265625 0.025
0 0.3625 0.5671875 0.03125 0.0265625
0 0.41171875 0.58203125 0.025 0.0203125
0 0.41875 0.56015625 0.0296875 0.025
0 0.39296875 0.56484375 0.0296875 0.0265625
0 0.4390625 0.5765625 0.0265625 0.0234375
0 0.44375 0.553125 0.0296875 0.025
0 0.39375 0.5421875 0.0265625 0.0265625
0 0.3671875 0.5328125 0.0296875 0.0265625
0 0.4390625 0.528125 0.0265625 0.0234375
0 0.4125 0.52734375 0.028125 0.0234375
0 0.38984375 0.5046875 0.0328125 0.028125
0 0.4671875 0.5234375 0.0296875 0.0265625
0 0.44140625 0.50546875 0.0296875 0.0265625
0 0.58828125 0.51953125 0.0328125 0.0296875
0 0.490625 0.503125 0.0296875 0.0265625
0 0.4625 0.49296875 0.0296875 0.0296875
0 0.46484375 0.45546875 0.0296875 0.028125
0 0.44765625 0.43046875 0.0328125 0.0296875
0 0.6390625 0.2953125 0.0359375 0.0375
0 0.6375 0.253125 0.0390625 0.0375