0 0.7984375 0.43984375 0.03125 0.028125
0 0.77421875 0.453125 0.034375 0.028125
0 0.7765625 0.53125 0.034375 0.0296875
0 0.76328125 0.5859375 0.034375 0.03125
0 0.71875 0.57421875 0.034375 0.028125
0 0.74765625 0.62421875 0.034375 0.034375
0 0.71640625 0.6453125 0.0421875 0.0359375
0 0.671875 0.521875 0.0328125 0.0296875
0 0.678125 0.475 0.034375 0.025
0 0.7125 0.4359375 0.028125 0.028125
0 0.67734375 0.43828125 0.03125 0.03125
0 0.67734375 0.3953125 0.03125 0.0265625
0 0.6875 0.4171875 0.03125 0.025
0 0.59453125 0.38828125 0.03125 0.028125
0 0.5640625 0.38359375 0.028125 0.025
0 0.5453125 0.434375 0.0296875 0.028125
0 0.52109375 0.40078125 0.028125 0.025
0 0.5171875 0.42578125 0.0296875 0.0234375
0 0.5859375 0.51640625 0.03125 0.025
0 0.55859375 0.5453125 0.034375 0.0296875
0 0.6125 0.59921875 0.03125 0.03125
0 0.56953125 0.6203125 0.034375 0.028125
0 0.61875 0.66640625 0.0328125 0.034375
0 0.66484375 0.67421875 0.0328125 0.034375
0 0.62421875 0.7265625 0.0359375 0.03125
0 0.59296875 0.78984375 0.034375 0.034375
0 0.52734375 0.77734375 0.034375 0.034375
0 0.51953125 0.87578125 0.0390625 0.0390625
0 0.509375 0.70625 0.034375 0.034375
0 0.49140625 0.675 0.0328125 0.034375
0 0.51953125 0.68046875 0.028125 0.03125
0 0.503125 0.6375 0.03125 0.03125
0 0.521875 0.65390625 0.03125 0.03125
0 0.52578125 0.584375 0.03125 0.03125
0 0.5 0.61171875 0.028125 0.028125
0 0.4796875 0.6296875 0.03125 0.028125
0 0.49765625 0.58046875 0.028125 0.028125
0 0.47578125 0.6046875 0.0296875 0.028125
0 0.50234375 0.55625 0.0296875 0.025
0 0.47109375 0.5734375 0.03125 0.028125
0 0.47109375 0.54296875 0.028125 0.028125
0 0.509375 0.5328125 0.028125 0.028125
0 0.47890625 0.48125 0.028125 0.028125
0 0.46328125 0.5 0.028125 0.025
0 0.4546875 0.4765625 0.025 0.028125
0 0.45546875 0.41953125 0.0296875 0.025
0 0.42578125 0.428125 0.028125 0.025
0 0.4171875 0.4578125 0.028125 0.025
0 0.3953125 0.45546875 0.028125 0.025
0 0.41640625 0.48203125 0.0328125 0.025
0 0.41015625 0.50859375 0.03125 0.0265625
0 0.409375 0.54921875 0.03125 0.03125
0 0.440625 0.575 0.0296875 0.0296875
0 0.41640625 0.58984375 0.03125 0.028125
0 0.4453125 0.615625 0.03125 0.0296875
0 0.42109375 0.61171875 0.028125 0.028125
0 0.39609375 0.61015625 0.03125 0.03125
0 0.39609375 0.63828125 0.03125 0.03125
0 0.4109375 0.66328125 0.03125 0.0296875
0 0.4609375 0.65234375 0.03125 0.03125
0 0.42265625 0.6375 0.0296875 0.0296875
0 0.43671875 0.659375 0.03125 0.028125
0 0.44453125 0.68359375 0.0296875 0.03125
0 0.42265625 0.7046875 0.03125 0.0328125
0 0.446875 0.721875 0.03125 0.03125
0 0.42421875 0.76484375 0.034375 0.034375
0 0.47421875 0.71875 0.034375 0.034375
0 0.36484375 0.80703125 0.034375 0.034375
0 0.3859375 0.67265625 0.0296875 0.03125
0 0.36484375 0.60234375 0.0296875 0.028125
0 0.39453125 0.58515625 0.028125 0.028125
0 0.384375 0.55703125 0.028125 0.0265625
0 0.3734375 0.5765625 0.025 0.025
0 0.35 0.57421875 0.028125 0.0265625
0 0.38125 0.53203125 0.0296875 0.03125
0 0.36796875 0.44296875 0.03125 0.025
0 0.3609375 0.46484375 0.0234375 0.021875
0 0.35625 0.49453125 0.028125 0.025
0 0.33046875 0.49921875 0.0265625 0.0234375
0 0.3078125 0.53828125 0.028125 0.025
0 0.3421875 0.4796875 0.025 0.021875
0 0.30078125 0.51953125 0.025 0.021875
0 0.32421875 0.471875 0.025 0.025
0 0.30234375 0.4828125 0.025 0.0234375
0 0.29921875 0.5 0.0234375 0.021875
0 0.27734375 0.5125 0.03125 0.025
0 0.27421875 0.53515625 0.0296875 0.025
0 0.3046875 0.4625 0.028125 0.0265625
0 0.28046875 0.47109375 0.028125 0.0265625
0 0.24921875 0.4921875 0.028125 0.025
0 0.2484375 0.51640625 0.0296875 0.025
0 0.23203125 0.55078125 0.028125 0.028125
0 0.23515625 0.57890625 0.03125 0.028125
0 0.2421875 0.6046875 0.028125 0.028125
0 0.20546875 0.55859375 0.028125 0.0265625
0 0.20703125 0.58359375 0.03125 0.0265625
0 0.20078125 0.609375 0.03125 0.03125
0 0.1828125 0.5671875 0.028125 0.028125
0 0.15625 0.59765625 0.03125 0.028125