0 0.25703125 0.74609375 0.0578125 0.04375
0 0.28046875 0.6453125 0.0546875 0.0453125
0 0.31796875 0.62109375 0.0546875 0.04375
0 0.403125 0.60703125 0.05 0.046875
0 0.3140625 0.565625 0.0546875 0.05
0 0.36171875 0.58203125 0.0546875 0.046875
0 0.4234375 0.77265625 0.0484375 0.04375
0 0.45234375 0.8 0.053125 0.04375
0 0.48203125 0.77734375 0.0515625 0.0421875
0 0.5296875 0.7640625 0.0515625 0.0453125
0 0.52734375 0.9109375 0.0515625 0.04375
0 0.5640625 0.88984375 0.046875 0.040625
0 0.75 0.8734375 0.0453125 0.0359375
0 0.715625 0.765625 0.0515625 0.040625
0 0.784375 0.83671875 0.04375 0.0375
0 0.7921875 0.8 0.040625 0.0375
0 0.8140625 0.821875 0.0421875 0.0359375
0 0.83984375 0.79609375 0.046875 0.0375
0 0.8734375 0.740625 0.0421875 0.0375
0 0.75 0.66328125 0.05 0.040625
0 0.8578125 0.67578125 0.04375 0.0390625
0 0.78125 0.6265625 0.04375 0.0390625
0 0.91796875 0.64765625 0.0421875 0.0390625
0 0.925 0.5875 0.040625 0.0390625
0 0.55078125 0.621875 0.0515625 0.040625
0 0.57734375 0.59453125 0.0484375 0.040625
0 0.61796875 0.5578125 0.046875 0.04375
0 0.6921875 0.55234375 0.046875 0.040625
0 0.746875 0.57421875 0.0421875 0.0421875
0 0.7234375 0.534375 0.0484375 0.0375
0 0.75859375 0.540625 0.04375 0.0359375
0 0.78984375 0.52734375 0.0453125 0.0375
0 0.81875 0.5421875 0.0453125 0.0375
0 0.853125 0.55078125 0.040625 0.0375
0 0.83515625 0.509375 0.0328125 0.034375
0 0.85546875 0.5171875 0.0359375 0.0359375
0 0.85859375 0.48671875 0.040625 0.0328125
0 0.89609375 0.49921875 0.040625 0.034375
0 0.91796875 0.52109375 0.0375 0.034375
0 0.92421875 0.48125 0.0359375 0.034375
0 0.8890625 0.52890625 0.0359375 0.0390625
0 0.9515625 0.4875 0.0359375 0.0359375
0 0.8890625 0.46953125 0.0375 0.0328125
0 0.9125 0.453125 0.0390625 0.0328125
0 0.92265625 0.425 0.0421875 0.0328125
0 0.90859375 0.3421875 0.0453125 0.0375
0 0.771875 0.50078125 0.04375 0.034375
0 0.80859375 0.50234375 0.0421875 0.0359375
0 0.75625 0.45546875 0.0421875 0.0359375
0 0.784375 0.47265625 0.0453125 0.0359375
0 0.67109375 0.48203125 0.0515625 0.046875
0 0.7265625 0.471875 0.0421875 0.0359375
0 0.72109375 0.4421875 0.0453125 0.0359375
0 0.7359375 0.41328125 0.04375 0.0328125
0 0.77890625 0.39453125 0.040625 0.03125
0 0.790625 0.409375 0.040625 0.025
0 0.79140625 0.43125 0.0453125 0.0359375
0 0.821875 0.4140625 0.0359375 0.0328125
0 0.809375 0.384375 0.046875 0.0375
0 0.746875 0.384375 0.04375 0.0359375
0 0.69453125 0.4171875 0.0421875 0.0359375
0 0.65625 0.43828125 0.0484375 0.04375
0 0.7 0.38515625 0.046875 0.0390625
0 0.625 0.40390625 0.05 0.04375
0 0.66484375 0.39765625 0.04375 0.0390625
0 0.6125 0.43359375 0.0515625 0.04375
0 0.50859375 0.50703125 0.053125 0.04375
0 0.509375 0.47109375 0.0546875 0.04375
0 0.559375 0.47578125 0.0515625 0.0421875
0 0.2984375 0.48046875 0.0578125 0.0453125
0 0.35390625 0.434375 0.05625 0.0484375
0 0.3875 0.39375 0.053125 0.05
0 0.3046875 0.41015625 0.053125 0.0453125
0 0.34375 0.3953125 0.0484375 0.0421875
0 0.2953125 0.35859375 0.0546875 0.046875
0 0.2703125 0.29921875 0.0578125 0.0484375
0 0.31875 0.3015625 0.0578125 0.046875
0 0.3234375 0.2640625 0.0578125 0.046875
0 0.41640625 0.296875 0.05625 0.046875
0 0.4171875 0.2578125 0.0546875 0.04375
0 0.31171875 0.22734375 0.059375 0.0453125
0 0.24453125 0.19375 0.065625 0.0515625
0 0.2875 0.153125 0.0609375 0.05
0 0.3234375 0.19140625 0.0515625 0.04375
0 0.365625 0.18515625 0.0515625 0.0453125
0 0.39765625 0.1640625 0.0546875 0.04375
0 0.415625 0.1296875 0.0546875 0.04375
0 0.4421875 0.2078125 0.0546875 0.0453125
0 0.52890625 0.22109375 0.053125 0.0453125
0 0.51484375 0.15703125 0.0546875 0.040625
0 0.503125 0.19140625 0.053125 0.04375
0 0.540625 0.1140625 0.0515625 0.046875
0 0.57890625 0.09453125 0.0515625 0.04375
0 0.6171875 0.08359375 0.05 0.04375
0 0.64453125 0.15234375 0.0484375 0.0390625
0 0.68125 0.1734375 0.0515625 0.0421875
0 0.665625 0.10390625 0.0484375 0.0453125
0 0.59375 0.05078125 0.0546875 0.04375
0 0.6625 0.0703125 0.05 0.046875