0 0.09375 0.3515625 0.025 0.025
0 0.078125 0.27109375 0.025 0.025
0 0.13515625 0.3890625 0.025 0.025
0 0.1671875 0.37265625 0.025 0.025
0 0.1515625 0.3296875 0.025 0.0234375
0 0.26015625 0.31953125 0.025 0.025
0 0.23203125 0.42578125 0.025 0.025
0 0.2109375 0.4671875 0.025 0.025
0 0.16328125 0.240625 0.028125 0.0265625
0 0.29140625 0.35859375 0.025 0.025
0 0.25234375 0.49296875 0.025 0.025
0 0.2671875 0.25078125 0.025 0.025
0 0.18046875 0.32421875 0.025 0.025
0 0.24453125 0.28828125 0.025 0.025
0 0.3 0.31015625 0.025 0.025
0 0.30390625 0.428125 0.025 0.0234375
0 0.1484375 0.4703125 0.025 0.025
0 0.41796875 0.39453125 0.025 0.025
0 0.40703125 0.47265625 0.0234375 0.025
0 0.1890625 0.29609375 0.025 0.0234375
0 0.1984375 0.315625 0.025 0.0234375
0 0.48359375 0.42578125 0.0234375 0.0234375
0 0.16875 0.459375 0.025 0.025
0 0.4375 0.46171875 0.025 0.025
0 0.359375 0.353125 0.025 0.025
0 0.321875 0.31171875 0.0234375 0.025
0 0.21953125 0.29453125 0.0234375 0.0234375
0 0.51953125 0.415625 0.021875 0.0234375
0 0.20625 0.27890625 0.025 0.025
0 0.590625 0.39609375 0.021875 0.0234375
0 0.5421875 0.61171875 0.025 0.025
0 0.59140625 0.48828125 0.021875 0.025
0 0.6328125 0.365625 0.021875 0.021875
0 0.63046875 0.509375 0.021875 0.0234375
0 0.6515625 0.309375 0.025 0.0234375
0 0.6671875 0.634375 0.021875 0.021875
0 0.525 0.3625 0.021875 0.01875
0 0.62265625 0.4578125 0.021875 0.025
0 0.67265625 0.5484375 0.021875 0.0234375
0 0.6375 0.5984375 0.021875 0.025
0 0.6546875 0.58359375 0.021875 0.021875
0 0.65234375 0.546875 0.021875 0.0234375
0 0.68828125 0.58515625 0.021875 0.021875
0 0.66796875 0.45546875 0.025 0.021875
0 0.88125 0.4140625 0.021875 0.021875
0 0.68984375 0.50546875 0.025 0.0234375
0 0.80078125 0.70390625 0.021875 0.021875
0 0.903125 0.47109375 0.021875 0.021875
0 0.78125 0.4375 0.021875 0.021875
0 0.92421875 0.4984375 0.021875 0.021875
0 0.90859375 0.440625 0.021875 0.021875
0 0.79765625 0.653125 0.021875 0.021875
0 0.9140625 0.80390625 0.021875 0.021875
0 0.85234375 0.40546875 0.021875 0.021875
0 0.8875 0.54453125 0.021875 0.021875
0 0.7359375 0.56328125 0.021875 0.021875
0 0.88671875 0.8890625 0.021875 0.021875
0 0.9296875 0.309375 0.021875 0.021875
0 0.86015625 0.4390625 0.021875 0.021875
0 0.7890625 0.61796875 0.021875 0.021875
0 0.7734375 0.384375 0.021875 0.021875
0 0.7828125 0.478125 0.021875 0.021875
0 0.90703125 0.30390625 0.021875 0.021875
0 0.75546875 0.44375 0.021875 0.021875
0 0.8 0.46953125 0.021875 0.021875
0 0.7265625 0.54609375 0.021875 0.021875
0 0.84921875 0.36796875 0.021875 0.021875
0 0.90625 0.3953125 0.021875 0.025
0 0.93515625 0.42109375 0.021875 0.021875
0 0.859375 0.34609375 0.021875 0.021875
0 0.83359375 0.3953125 0.021875 0.021875
0 0.865625 0.65625 0.0234375 0.0234375
0 0.89453125 0.453125 0.021875 0.021875
0 0.74140625 0.61328125 0.021875 0.021875
0 0.87265625 0.37421875 0.025 0.0234375
0 0.715625 0.4796875 0.021875 0.0234375
0 0.89375 0.56640625 0.025 0.021875
0 0.7359375 0.48515625 0.0234375 0.021875
0 0.953125 0.50859375 0.021875 0.021875
0 0.7703125 0.45390625 0.021875 0.021875
0 0.92265625 0.28984375 0.021875 0.021875
0 0.734375 0.5859375 0.021875 0.021875
0 0.715625 0.58515625 0.021875 0.021875
0 0.90078125 0.28359375 0.021875 0.021875
0 0.8421875 0.33671875 0.021875 0.021875
0 0.87734375 0.44609375 0.021875 0.021875
0 0.77890625 0.49921875 0.021875 0.021875
0 0.93046875 0.51875 0.021875 0.021875
0 0.9046875 0.50234375 0.021875 0.021875
0 0.89140625 0.4875 0.021875 0.0234375
0 0.9640625 0.39609375 0.021875 0.021875
0 0.9875 0.3875 0.021875 0.021875
0 0.90859375 0.55390625 0.021875 0.021875
0 0.9296875 0.43984375 0.021875 0.021875
0 0.8796875 0.7421875 0.021875 0.021875
0 0.76640625 0.6234375 0.021875 0.021875
0 0.80703125 0.3390625 0.021875 0.021875
0 0.9046875 0.346875 0.021875 0.021875
0 0.77890625 0.35390625 0.021875 0.025
0 0.9 0.23359375 0.021875 0.021875
0 0.940625 0.628125 0.0234375 0.021875
0 0.97265625 0.32421875 0.021875 0.021875
0 0.91171875 0.521875 0.021875 0.021875
0 0.9546875 0.41328125 0.021875 0.021875
0 0.8015625 0.3828125 0.021875 0.021875
0 0.84609375 0.66171875 0.021875 0.021875
0 0.9453125 0.528125 0.021875 0.021875
0 0.81484375 0.56171875 0.0234375 0.0234375
0 0.93828125 0.371875 0.021875 0.021875
0 0.85703125 0.69609375 0.021875 0.021875
0 0.91953125 0.58671875 0.021875 0.025
0 0.990625 0.3140625 0.01875 0.021875
0 0.7203125 0.52890625 0.0234375 0.0234375
0 0.8875 0.61171875 0.021875 0.025
0 0.93203125 0.759375 0.021875 0.021875
0 0.8671875 0.540625 0.0234375 0.025
0 0.98828125 0.29609375 0.021875 0.021875
0 0.88359375 0.71171875 0.021875 0.021875
0 0.7890625 0.33515625 0.021875 0.0234375
0 0.96953125 0.303125 0.021875 0.0234375
0 0.93515625 0.73046875 0.021875 0.021875
0 0.91953125 0.45546875 0.021875 0.021875
0 0.93203125 0.55390625 0.021875 0.0234375
0 0.965625 0.375 0.021875 0.021875
0 0.934375 0.275 0.0234375 0.021875
0 0.95546875 0.71484375 0.021875 0.021875
0 0.97578125 0.5921875 0.021875 0.021875
0 0.84140625 0.25625 0.021875 0.0234375
0 0.87421875 0.246875 0.021875 0.021875
0 0.903125 0.321875 0.0234375 0.0234375
0 0.96171875 0.33828125 0.021875 0.021875
0 0.8484375 0.2359375 0.021875 0.0234375
0 0.8171875 0.50390625 0.021875 0.021875
0 0.96328125 0.6265625 0.021875 0.021875
0 0.87265625 0.22734375 0.021875 0.025
0 0.95234375 0.68125 0.021875 0.0234375
0 0.86015625 0.41953125 0.021875 0.021875
0 0.9734375 0.52265625 0.021875 0.021875
0 0.98984375 0.5171875 0.0203125 0.021875
0 0.82421875 0.34375 0.021875 0.021875
0 0.978125 0.53984375 0.021875 0.021875
0 0.99296875 0.403125 0.0140625 0.021875
0 0.9515625 0.77578125 0.01875 0.021875
0 0.82109375 0.5734375 0.021875 0.021875
0 0.98125 0.6125 0.015625 0.0203125
0 0.99296875 0.5359375 0.0140625 0.021875
0 0.521875 0.35078125 0.025 0.025