0 0.425 0.93828125 0.0421875 0.0453125
0 0.59296875 0.928125 0.028125 0.0359375
0 0.6578125 0.91171875 0.028125 0.03125
0 0.66484375 0.88046875 0.0265625 0.028125
0 0.6796875 0.8921875 0.025 0.0265625
0 0.69921875 0.90234375 0.0234375 0.0296875
0 0.703125 0.8765625 0.025 0.0296875
0 0.55625 0.759375 0.03125 0.03125
0 0.5796875 0.765625 0.0265625 0.03125
0 0.60546875 0.7609375 0.025 0.0296875
0 0.49296875 0.7859375 0.03125 0.040625
0 0.51640625 0.75390625 0.0296875 0.0359375
0 0.37734375 0.7921875 0.034375 0.0375
0 0.3328125 0.7515625 0.034375 0.0390625
0 0.3703125 0.75625 0.034375 0.0375
0 0.4015625 0.7421875 0.03125 0.034375
0 0.2828125 0.6890625 0.0375 0.0375
0 0.49140625 0.71875 0.034375 0.034375
0 0.45625 0.70234375 0.03125 0.034375
0 0.484375 0.69375 0.028125 0.03125
0 0.5109375 0.68515625 0.028125 0.0328125
0 0.4390625 0.67265625 0.0296875 0.034375
0 0.46640625 0.67265625 0.03125 0.03125
0 0.42421875 0.63828125 0.0328125 0.0328125
0 0.49140625 0.6546875 0.028125 0.03125
0 0.5171875 0.65390625 0.03125 0.0328125
0 0.50703125 0.60703125 0.03125 0.034375
0 0.53359375 0.61015625 0.0296875 0.034375
0 0.5421875 0.63671875 0.028125 0.0328125
0 0.54453125 0.73125 0.025 0.0296875
0 0.56796875 0.734375 0.025 0.0296875
0 0.59140625 0.73671875 0.028125 0.0359375
0 0.57578125 0.69375 0.028125 0.034375
0 0.6015625 0.6953125 0.028125 0.034375
0 0.60390625 0.665625 0.028125 0.03125
0 0.60078125 0.640625 0.0265625 0.0296875
0 0.57890625 0.66484375 0.028125 0.028125
0 0.57578125 0.6390625 0.0265625 0.0265625
0 0.5921875 0.61484375 0.025 0.028125
0 0.56484375 0.61484375 0.03125 0.028125
0 0.578125 0.5921875 0.0265625 0.0265625
0 0.6640625 0.66875 0.0265625 0.0296875
0 0.70546875 0.71171875 0.025 0.0265625
0 0.71015625 0.68515625 0.0234375 0.0234375
0 0.71796875 0.66171875 0.025 0.0265625
0 0.7 0.64765625 0.025 0.03125
0 0.721875 0.6375 0.025 0.0265625
0 0.740625 0.621875 0.0234375 0.0296875
0 0.71796875 0.61015625 0.025 0.0265625
0 0.67890625 0.646875 0.0234375 0.0265625
0 0.68828125 0.62421875 0.021875 0.0296875
0 0.65859375 0.63359375 0.025 0.0265625
0 0.671875 0.609375 0.0265625 0.0296875
0 0.61484375 0.60546875 0.0234375 0.0296875
0 0.62890625 0.62421875 0.0265625 0.0265625
0 0.628125 0.6390625 0.0234375 0.0140625
0 0.64375 0.6 0.0265625 0.0265625
0 0.64921875 0.61640625 0.021875 0.025
0 0.66484375 0.58046875 0.028125 0.03125
0 0.69921875 0.6 0.0234375 0.0265625
0 0.7171875 0.584375 0.025 0.0296875
0 0.73515625 0.56875 0.025 0.0265625
0 0.72734375 0.54453125 0.025 0.0328125
0 0.7046875 0.53671875 0.0296875 0.03125
0 0.6640625 0.55625 0.025 0.0265625
0 0.6796875 0.53359375 0.0265625 0.0296875
0 0.58125 0.56171875 0.03125 0.0296875
0 0.5546875 0.53359375 0.028125 0.034375
0 0.5984375 0.51484375 0.028125 0.034375
0 0.5796875 0.48125 0.0296875 0.0328125
0 0.61640625 0.48203125 0.028125 0.0359375
0 0.6375 0.5 0.0265625 0.0296875
0 0.6671875 0.5046875 0.028125 0.03125
0 0.69140625 0.50390625 0.025 0.0296875
0 0.715625 0.5078125 0.028125 0.028125
0 0.759375 0.51875 0.025 0.0296875
0 0.828125 0.51875 0.025 0.0296875
0 0.74375 0.47265625 0.025 0.0296875
0 0.7109375 0.46953125 0.025 0.028125
0 0.7328125 0.453125 0.0265625 0.0265625
0 0.85234375 0.4140625 0.021875 0.028125
0 0.83515625 0.453125 0.025 0.0265625
0 0.8421875 0.43203125 0.0203125 0.0203125
0 0.83984375 0.38359375 0.028125 0.0296875
0 0.90859375 0.353125 0.025 0.0296875
0 0.82578125 0.359375 0.025 0.0296875
0 0.8375 0.29140625 0.028125 0.0328125
0 0.79921875 0.3296875 0.0265625 0.0328125
0 0.73203125 0.42265625 0.025 0.03125
0 0.76875 0.41171875 0.0265625 0.0296875
0 0.77421875 0.34296875 0.025 0.0296875
0 0.7015625 0.40546875 0.028125 0.03125
0 0.67734375 0.3921875 0.0265625 0.0265625
0 0.6453125 0.4375 0.028125 0.03125
0 0.65546875 0.39140625 0.028125 0.03125
0 0.62734375 0.3921875 0.028125 0.0296875
0 0.60390625 0.40859375 0.0265625 0.028125
0 0.596875 0.38828125 0.021875 0.0296875
0 0.57421875 0.37890625 0.0296875 0.03125
0 0.54453125 0.36015625 0.0296875 0.034375
0 0.578125 0.35234375 0.028125 0.0296875
0 0.52578125 0.47421875 0.03125 0.034375
0 0.403125 0.50625 0.03125 0.0375
0 0.42734375 0.51640625 0.0328125 0.0359375
0 0.375 0.4921875 0.03125 0.03125
0 0.4125 0.46640625 0.034375 0.0390625
0 0.375 0.46015625 0.03125 0.0375
0 0.31484375 0.35234375 0.0390625 0.0390625
0 0.41171875 0.4203125 0.03125 0.0359375
0 0.4125 0.38125 0.0328125 0.034375
0 0.4390625 0.34765625 0.034375 0.0375
0 0.525 0.33203125 0.03125 0.03125
0 0.47109375 0.29296875 0.03125 0.034375
0 0.6796875 0.36328125 0.025 0.0265625
0 0.70078125 0.37109375 0.025 0.0296875
0 0.65546875 0.36328125 0.028125 0.03125
0 0.68828125 0.3390625 0.028125 0.0296875
0 0.734375 0.31328125 0.028125 0.03125
0 0.69296875 0.28359375 0.028125 0.03125
0 0.61015625 0.2828125 0.028125 0.03125
0 0.6171875 0.25390625 0.028125 0.03125
0 0.65625 0.25703125 0.03125 0.03125
0 0.5953125 0.2375 0.028125 0.034375
0 0.559375 0.25 0.03125 0.0359375
0 0.49921875 0.16875 0.0328125 0.0359375
0 0.5484375 0.16953125 0.03125 0.0375
0 0.58984375 0.1734375 0.0296875 0.0328125
0 0.64375 0.18125 0.028125 0.034375
0 0.715625 0.20859375 0.028125 0.03125
0 0.66796875 0.23203125 0.028125 0.03125
0 0.7171875 0.24375 0.028125 0.03125
0 0.76171875 0.23515625 0.025 0.0296875
0 0.81796875 0.2265625 0.0265625 0.03125