0 0.95625 0.44609375 0.0265625 0.0234375
0 0.89296875 0.42109375 0.0296875 0.025
0 0.86796875 0.44453125 0.0265625 0.0265625
0 0.85390625 0.38125 0.0265625 0.0265625
0 0.8484375 0.42109375 0.0265625 0.0234375
0 0.82265625 0.425 0.0296875 0.0234375
0 0.8109375 0.40625 0.0265625 0.0234375
0 0.803125 0.38046875 0.0265625 0.0265625
0 0.76640625 0.39296875 0.0265625 0.0234375
0 0.75625 0.43828125 0.0265625 0.0234375
0 0.725 0.37109375 0.025 0.0234375
0 0.703125 0.3640625 0.028125 0.0234375
0 0.71015625 0.390625 0.025 0.0234375
0 0.6234375 0.51015625 0.025 0.0234375
0 0.61796875 0.4859375 0.0265625 0.0234375
0 0.59296875 0.47265625 0.0234375 0.0234375
0 0.5890625 0.43984375 0.0234375 0.0234375
0 0.68671875 0.4328125 0.025 0.0234375
0 0.6625 0.45234375 0.0265625 0.0234375
0 0.65859375 0.42265625 0.0234375 0.0234375
0 0.6359375 0.42421875 0.0234375 0.0234375
0 0.640625 0.3984375 0.0234375 0.0234375
0 0.61484375 0.38828125 0.028125 0.025
0 0.6140625 0.4203125 0.0234375 0.025
0 0.59609375 0.4109375 0.025 0.0234375
0 0.575 0.39921875 0.0265625 0.0234375
0 0.5484375 0.4234375 0.0234375 0.021875
0 0.56953125 0.45546875 0.0234375 0.021875
0 0.55703125 0.47421875 0.0234375 0.0234375
0 0.54453125 0.45703125 0.0234375 0.0203125
0 0.4984375 0.53828125 0.025 0.0234375
0 0.4984375 0.49609375 0.0234375 0.0234375
0 0.52734375 0.44375 0.021875 0.021875
0 0.496875 0.4765625 0.0234375 0.0234375
0 0.51484375 0.4265625 0.0234375 0.0234375
0 0.49140625 0.4078125 0.0265625 0.0234375
0 0.48359375 0.4375 0.0234375 0.0203125
0 0.440625 0.50390625 0.0234375 0.025
0 0.42421875 0.4875 0.0234375 0.0234375
0 0.43203125 0.46484375 0.021875 0.0203125
0 0.46328125 0.4484375 0.0234375 0.0203125
0 0.44140625 0.4 0.0234375 0.0234375
0 0.45078125 0.4265625 0.0234375 0.0234375
0 0.425 0.425 0.0234375 0.025
0 0.41484375 0.44609375 0.0203125 0.0234375
0 0.4078125 0.46796875 0.021875 0.0203125
0 0.3953125 0.44765625 0.0203125 0.0234375
0 0.38671875 0.46796875 0.021875 0.0203125
0 0.375 0.4421875 0.0234375 0.0203125
0 0.37265625 0.421875 0.021875 0.0203125
0 0.3734375 0.3828125 0.0234375 0.021875
0 0.36328125 0.40234375 0.0203125 0.021875
0 0.353125 0.428125 0.0203125 0.0203125
0 0.35703125 0.46484375 0.021875 0.0203125
0 0.3515625 0.48359375 0.0234375 0.0234375
0 0.35390625 0.35234375 0.025 0.0234375
0 0.34921875 0.3859375 0.0234375 0.021875
0 0.34140625 0.40390625 0.021875 0.0203125
0 0.32421875 0.415625 0.0234375 0.0203125
0 0.3328125 0.43828125 0.0234375 0.021875
0 0.33515625 0.4625 0.0234375 0.021875
0 0.31328125 0.4484375 0.021875 0.0203125
0 0.31875 0.47890625 0.0234375 0.0203125
0 0.3109375 0.4265625 0.021875 0.0203125
0 0.32109375 0.3953125 0.021875 0.021875
0 0.29921875 0.39765625 0.0234375 0.021875
0 0.2921875 0.41640625 0.0234375 0.0203125
0 0.29375 0.43671875 0.0234375 0.0203125
0 0.29296875 0.46171875 0.0234375 0.0203125
0 0.290625 0.48203125 0.0234375 0.0203125
0 0.2765625 0.446875 0.0234375 0.0203125
0 0.27109375 0.4671875 0.0234375 0.0203125
0 0.2546875 0.478125 0.021875 0.0203125
0 0.2421875 0.49609375 0.0234375 0.0203125
0 0.27578125 0.4265625 0.0203125 0.0203125
0 0.27265625 0.40625 0.0234375 0.0203125
0 0.25546875 0.41640625 0.0234375 0.0203125
0 0.25859375 0.4375 0.021875 0.0203125
0 0.24765625 0.45546875 0.021875 0.0203125
0 0.23125 0.47734375 0.0234375 0.0203125
0 0.2703125 0.38515625 0.025 0.0234375
0 0.24921875 0.396875 0.0234375 0.021875
0 0.23671875 0.434375 0.0234375 0.021875
0 0.2265625 0.45078125 0.0234375 0.0203125
0 0.23359375 0.4125 0.0234375 0.0203125
0 0.190625 0.45390625 0.021875 0.0203125
0 0.21640625 0.42421875 0.0203125 0.0203125
0 0.20625 0.4390625 0.0234375 0.0203125
0 0.2125 0.40390625 0.021875 0.0203125
0 0.19140625 0.4046875 0.0234375 0.021875
0 0.18671875 0.425 0.021875 0.0203125
0 0.17109375 0.409375 0.021875 0.0203125
0 0.14609375 0.39375 0.0234375 0.0234375
0 0.1234375 0.38046875 0.025 0.0234375
0 0.16640625 0.428125 0.0234375 0.021875
0 0.15859375 0.44453125 0.0234375 0.0234375
0 0.13671875 0.4421875 0.0234375 0.0203125
0 0.1171875 0.45390625 0.0234375 0.021875
0 0.08046875 0.4375 0.0234375 0.021875