0 0.14140625 0.90078125 0.040625 0.034375
0 0.2078125 0.77265625 0.03125 0.03125
0 0.19921875 0.8125 0.034375 0.0328125
0 0.1609375 0.759375 0.034375 0.0359375
0 0.2109375 0.740625 0.028125 0.0328125
0 0.23828125 0.76171875 0.0359375 0.0375
0 0.253125 0.7953125 0.03125 0.03125
0 0.26171875 0.83828125 0.034375 0.034375
0 0.28203125 0.865625 0.034375 0.0328125
0 0.3171875 0.8046875 0.03125 0.0328125
0 0.26796875 0.69921875 0.0328125 0.0328125
0 0.2765625 0.7328125 0.034375 0.034375
0 0.30703125 0.7453125 0.0296875 0.0296875
0 0.32578125 0.76953125 0.0328125 0.0296875
0 0.33125 0.696875 0.0328125 0.034375
0 0.30390625 0.6828125 0.0328125 0.03125
0 0.25390625 0.60703125 0.0328125 0.03125
0 0.278125 0.63046875 0.03125 0.0328125
0 0.30546875 0.64296875 0.0328125 0.03125
0 0.33046875 0.65859375 0.03125 0.03125
0 0.36015625 0.6859375 0.0296875 0.03125
0 0.353125 0.71484375 0.0328125 0.0296875
0 0.38671875 0.8578125 0.0375 0.0359375
0 0.3546875 0.790625 0.034375 0.0328125
0 0.3765625 0.8203125 0.0359375 0.0375
0 0.428125 0.82890625 0.0375 0.0359375
0 0.396875 0.7640625 0.0390625 0.034375
0 0.3578125 0.7484375 0.0328125 0.03125
0 0.40546875 0.8109375 0.0328125 0.03125
0 0.46015625 0.8296875 0.034375 0.034375
0 0.48203125 0.86484375 0.0375 0.0359375
0 0.38984375 0.6890625 0.0328125 0.034375
0 0.4109375 0.73359375 0.0328125 0.03125
0 0.44140625 0.790625 0.034375 0.034375
0 0.41640625 0.70234375 0.0328125 0.03125
0 0.44296875 0.715625 0.0359375 0.034375
0 0.4390625 0.7484375 0.0328125 0.03125
0 0.475 0.759375 0.0359375 0.03125
0 0.47421875 0.78984375 0.034375 0.03125
0 0.4953125 0.81953125 0.034375 0.034375
0 0.34140625 0.6171875 0.03125 0.03125
0 0.35859375 0.640625 0.0265625 0.0265625
0 0.384375 0.66171875 0.03125 0.0328125
0 0.415625 0.67421875 0.03125 0.03125
0 0.44296875 0.684375 0.0296875 0.0296875
0 0.47109375 0.70078125 0.034375 0.0359375
0 0.484375 0.73125 0.03125 0.03125
0 0.5078125 0.7515625 0.0328125 0.034375
0 0.50703125 0.78515625 0.034375 0.034375
0 0.52578125 0.81328125 0.0375 0.034375
0 0.54453125 0.928125 0.0375 0.034375
0 0.34140625 0.5875 0.03125 0.0328125
0 0.384375 0.625 0.03125 0.03125
0 0.371875 0.5859375 0.03125 0.03125
0 0.4171875 0.64453125 0.03125 0.03125
0 0.39609375 0.565625 0.03125 0.03125
0 0.41640625 0.5875 0.0296875 0.0296875
0 0.4125 0.615625 0.0328125 0.03125
0 0.4390625 0.628125 0.0296875 0.0296875
0 0.45625 0.653125 0.0296875 0.0296875
0 0.47734375 0.67265625 0.0296875 0.0296875
0 0.5109375 0.71171875 0.03125 0.03125
0 0.54140625 0.74765625 0.034375 0.034375
0 0.5609375 0.77265625 0.034375 0.034375
0 0.5046875 0.68046875 0.0328125 0.03125
0 0.540625 0.71640625 0.0328125 0.03125
0 0.5015625 0.64921875 0.03125 0.03125
0 0.44453125 0.59765625 0.0328125 0.03125
0 0.4765625 0.6296875 0.03125 0.0328125
0 0.4234375 0.546875 0.03125 0.03125
0 0.48671875 0.56796875 0.0296875 0.0296875
0 0.4734375 0.59296875 0.03125 0.03125
0 0.453125 0.540625 0.034375 0.034375
0 0.45390625 0.56875 0.0328125 0.028125
0 0.503125 0.60234375 0.03125 0.0328125
0 0.528125 0.62734375 0.03125 0.03125
0 0.53203125 0.65625 0.03125 0.03125
0 0.5375 0.6859375 0.034375 0.034375
0 0.56953125 0.72421875 0.034375 0.034375
0 0.5984375 0.71171875 0.034375 0.034375
0 0.55859375 0.66796875 0.03125 0.0328125
0 0.48203125 0.52890625 0.03125 0.0328125
0 0.50859375 0.54921875 0.0328125 0.0296875
0 0.5171875 0.575 0.03125 0.03125
0 0.559375 0.6390625 0.0296875 0.0296875
0 0.5875 0.6765625 0.03125 0.03125
0 0.63671875 0.71484375 0.0328125 0.0296875
0 0.653125 0.76640625 0.0375 0.034375
0 0.6203125 0.68046875 0.03125 0.03125
0 0.55546875 0.6125 0.0296875 0.0296875
0 0.51171875 0.52109375 0.03125 0.03125
0 0.546875 0.58359375 0.0328125 0.03125
0 0.58203125 0.596875 0.0328125 0.03125
0 0.58203125 0.62734375 0.028125 0.0296875
0 0.60625 0.6484375 0.034375 0.03125
0 0.54453125 0.51953125 0.0296875 0.0296875
0 0.54921875 0.5484375 0.0296875 0.028125
0 0.57421875 0.5671875 0.03125 0.03125
0 0.6078125 0.6109375 0.0296875 0.0296875
0 0.60546875 0.575 0.0328125 0.03125
0 0.57421875 0.534375 0.0328125 0.03125
0 0.5578125 0.48671875 0.03125 0.03125
0 0.584375 0.50390625 0.0328125 0.03125
0 0.634375 0.56796875 0.03125 0.03125
0 0.6046875 0.540625 0.0328125 0.0328125
0 0.63515625 0.596875 0.0296875 0.0296875
0 0.653125 0.621875 0.0328125 0.03125
0 0.66875 0.6484375 0.034375 0.0328125
0 0.58515625 0.4671875 0.034375 0.034375
0 0.6078125 0.48828125 0.03125 0.03125
0 0.6234375 0.51328125 0.03125 0.0296875
0 0.63984375 0.540625 0.034375 0.0296875
0 0.665625 0.5625 0.03125 0.0328125
0 0.66484375 0.5921875 0.0328125 0.03125
0 0.68828125 0.609375 0.0328125 0.0328125
0 0.715625 0.62265625 0.0375 0.0328125
0 0.62578125 0.46171875 0.034375 0.034375
0 0.63984375 0.4890625 0.03125 0.03125
0 0.65625 0.51640625 0.03125 0.03125
0 0.69453125 0.56875 0.0328125 0.0296875
0 0.7203125 0.59140625 0.03125 0.03125
0 0.68046875 0.4890625 0.0328125 0.03125
0 0.68359375 0.52734375 0.0296875 0.0296875
0 0.7125 0.5359375 0.0328125 0.03125
0 0.72890625 0.5625 0.0328125 0.03125
0 0.74921875 0.5890625 0.03125 0.03125
0 0.66484375 0.4609375 0.03125 0.03125
0 0.7125 0.47421875 0.03125 0.028125
0 0.709375 0.50234375 0.0328125 0.028125
0 0.7390625 0.50859375 0.034375 0.0328125
0 0.74765625 0.53984375 0.0375 0.034375
0 0.7671875 0.565625 0.034375 0.03125
0 0.6984375 0.4515625 0.0328125 0.0296875
0 0.74453125 0.47734375 0.034375 0.034375
0 0.76875 0.5078125 0.0375 0.034375
0 0.7875 0.5328125 0.0375 0.03125
0 0.7625 0.42421875 0.0375 0.0359375
0 0.77109375 0.45625 0.0375 0.0328125
0 0.78828125 0.48125 0.034375 0.0328125
0 0.8265625 0.49375 0.0359375 0.03125
0 0.59765625 0.0796875 0.03125 0.03125
0 0.62890625 0.0796875 0.0328125 0.03125