0 0.55078125 0.41171875 0.0265625 0.0265625
0 0.5703125 0.4171875 0.021875 0.0265625
0 0.5640625 0.3890625 0.025 0.0265625
0 0.584375 0.396875 0.0234375 0.0234375
0 0.5765625 0.37109375 0.0234375 0.025
0 0.60234375 0.35625 0.0265625 0.0265625
0 0.60078125 0.38046875 0.0234375 0.025
0 0.62109375 0.34375 0.0265625 0.0265625
0 0.64765625 0.34921875 0.021875 0.025
0 0.63203125 0.365625 0.0234375 0.025
0 0.6265625 0.39140625 0.0234375 0.025
0 0.609375 0.40390625 0.0234375 0.025
0 0.59453125 0.421875 0.0234375 0.025
0 0.6140625 0.4296875 0.021875 0.021875
0 0.6328125 0.41640625 0.0234375 0.0234375
0 0.6546875 0.37421875 0.021875 0.0234375
0 0.64921875 0.3984375 0.0203125 0.0234375
0 0.675 0.3640625 0.0234375 0.0234375
0 0.6703125 0.3890625 0.0203125 0.021875
0 0.6953125 0.3671875 0.0234375 0.025
0 0.68515625 0.4140625 0.0234375 0.0265625
0 0.66484375 0.4125 0.0234375 0.025
0 0.66640625 0.4375 0.0234375 0.025
0 0.64375 0.43828125 0.0234375 0.025
0 0.65625 0.4578125 0.0234375 0.025
0 0.68671875 0.43671875 0.0203125 0.021875
0 0.67890625 0.4578125 0.0234375 0.0234375
0 0.69375 0.39140625 0.0234375 0.025
0 0.7171875 0.38359375 0.021875 0.025
0 0.71015625 0.40625 0.0234375 0.025
0 0.7109375 0.42890625 0.0203125 0.021875
0 0.70390625 0.45 0.0234375 0.0234375
0 0.73828125 0.38828125 0.025 0.0265625
0 0.73515625 0.41171875 0.0203125 0.0234375
0 0.7734375 0.39453125 0.0203125 0.025
0 0.7546875 0.396875 0.0203125 0.0234375
0 0.75546875 0.4203125 0.021875 0.0234375
0 0.73515625 0.43515625 0.0234375 0.025
0 0.7265625 0.4546875 0.0234375 0.0234375
0 0.7125 0.471875 0.0234375 0.025
0 0.6921875 0.475 0.021875 0.0234375
0 0.6671875 0.4796875 0.0234375 0.0234375
0 0.68359375 0.4953125 0.0234375 0.025
0 0.7078125 0.4953125 0.0234375 0.025
0 0.73203125 0.4796875 0.0234375 0.025
0 0.75390625 0.44296875 0.021875 0.025
0 0.74609375 0.4625 0.01875 0.021875
0 0.771875 0.43515625 0.021875 0.0234375
0 0.7984375 0.40625 0.0203125 0.021875
0 0.78125 0.415625 0.021875 0.0234375
0 0.815625 0.4140625 0.01875 0.021875
0 0.79921875 0.43046875 0.0203125 0.025
0 0.78828125 0.44765625 0.0203125 0.021875
0 0.7703125 0.459375 0.0203125 0.025
0 0.7609375 0.478125 0.021875 0.025
0 0.74765625 0.49453125 0.0203125 0.0234375
0 0.7296875 0.50546875 0.021875 0.025
0 0.81796875 0.43828125 0.01875 0.021875
0 0.84140625 0.4484375 0.01875 0.021875
0 0.82421875 0.459375 0.0203125 0.0234375
0 0.80625 0.45546875 0.01875 0.021875
0 0.79375 0.46953125 0.021875 0.025
0 0.81171875 0.47734375 0.01875 0.021875
0 0.8234375 0.49609375 0.0234375 0.0234375
0 0.76796875 0.50390625 0.0234375 0.025
0 0.79921875 0.49453125 0.0171875 0.021875
0 0.78125 0.48671875 0.01875 0.021875
0 0.78671875 0.509375 0.0171875 0.021875
0 0.77265625 0.52890625 0.021875 0.025
0 0.753125 0.51875 0.0203125 0.025
0 0.7359375 0.53046875 0.0265625 0.0265625
0 0.71328125 0.51875 0.0234375 0.0234375
0 0.69375 0.51640625 0.0234375 0.025
0 0.646875 0.59140625 0.021875 0.040625
0 0.68046875 0.55703125 0.025 0.0265625
0 0.715625 0.54296875 0.0234375 0.0234375
0 0.6953125 0.540625 0.01875 0.021875
0 0.67578125 0.53125 0.0234375 0.025
0 0.66640625 0.509375 0.0234375 0.025
0 0.6515625 0.4921875 0.0234375 0.025
0 0.63984375 0.471875 0.0234375 0.025
0 0.6265625 0.45 0.0234375 0.025
0 0.52890625 0.440625 0.025 0.03125
0 0.571875 0.44296875 0.0234375 0.025
0 0.5984375 0.446875 0.0234375 0.025
0 0.61171875 0.4671875 0.0234375 0.025
0 0.62421875 0.4875 0.0234375 0.0234375
0 0.6359375 0.50859375 0.0234375 0.025
0 0.653125 0.525 0.021875 0.021875
0 0.61328125 0.509375 0.0234375 0.0234375
0 0.6 0.4890625 0.0234375 0.025
0 0.5859375 0.46640625 0.0234375 0.025
0 0.56328125 0.465625 0.0265625 0.028125
0 0.5765625 0.490625 0.025 0.0265625
0 0.58046875 0.5171875 0.025 0.0265625
0 0.60078125 0.5296875 0.0234375 0.028125
0 0.625 0.53046875 0.0234375 0.025
0 0.61171875 0.55078125 0.025 0.0265625
0 0.6421875 0.54765625 0.0265625 0.0265625
0 0.63125 0.56640625 0.0265625 0.0265625