0 0.6390625 0.51015625 0.009375 0.0125
0 0.6328125 0.51875 0.009375 0.0125
0 0.63984375 0.53125 0.009375 0.015625
0 0.6265625 0.5078125 0.009375 0.0125
0 0.63046875 0.534375 0.009375 0.0125
0 0.61875 0.49765625 0.009375 0.0125
0 0.61484375 0.53046875 0.009375 0.0125
0 0.61171875 0.54453125 0.0125 0.0125
0 0.60390625 0.48984375 0.009375 0.015625
0 0.6046875 0.46171875 0.0109375 0.015625
0 0.59453125 0.4890625 0.009375 0.015625
0 0.59453125 0.459375 0.009375 0.0140625
0 0.5875 0.49765625 0.009375 0.0140625
0 0.58671875 0.4734375 0.0109375 0.0125
0 0.59140625 0.43046875 0.0109375 0.015625
0 0.5875 0.45078125 0.009375 0.0140625
0 0.57890625 0.42109375 0.0109375 0.0140625
0 0.5828125 0.440625 0.009375 0.0125
0 0.571875 0.46953125 0.009375 0.0125
0 0.5734375 0.43984375 0.009375 0.015625
0 0.5625 0.46875 0.009375 0.0140625
0 0.56484375 0.44296875 0.009375 0.0140625
0 0.5546875 0.43125 0.0109375 0.0125
0 0.55546875 0.44375 0.009375 0.0125
0 0.53984375 0.43984375 0.0109375 0.0140625
0 0.53203125 0.453125 0.009375 0.0125
0 0.5359375 0.4640625 0.009375 0.0125
0 0.5265625 0.44296875 0.009375 0.0125
0 0.5234375 0.45859375 0.0109375 0.0125
0 0.509375 0.44453125 0.009375 0.0125
0 0.48671875 0.4515625 0.0109375 0.0140625
0 0.48359375 0.4640625 0.009375 0.015625
0 0.478125 0.4765625 0.009375 0.0140625
0 0.46484375 0.4453125 0.009375 0.0125
0 0.47265625 0.45390625 0.009375 0.0125
0 0.43671875 0.4421875 0.009375 0.0140625
0 0.43046875 0.4890625 0.0109375 0.0125
0 0.4234375 0.49921875 0.009375 0.015625
0 0.43125 0.50859375 0.0109375 0.0125
0 0.4359375 0.521875 0.009375 0.0125
0 0.4359375 0.58671875 0.0109375 0.015625
0 0.4015625 0.60390625 0.0109375 0.0125
0 0.3890625 0.528125 0.0125 0.0140625
0 0.3953125 0.5390625 0.0109375 0.0125
0 0.41171875 0.61484375 0.0109375 0.0125
0 0.425 0.615625 0.0109375 0.0140625
0 0.41796875 0.6265625 0.009375 0.0125
0 0.42734375 0.63671875 0.009375 0.015625
0 0.446875 0.646875 0.0109375 0.015625
0 0.46796875 0.634375 0.0109375 0.0140625
0 0.4796875 0.66015625 0.0109375 0.015625
0 0.4703125 0.5921875 0.0109375 0.015625
0 0.4828125 0.60078125 0.009375 0.0140625
0 0.5 0.65703125 0.009375 0.0125
0 0.49765625 0.58671875 0.009375 0.0125
0 0.4765625 0.521875 0.0109375 0.0140625
0 0.48515625 0.53046875 0.009375 0.0140625
0 0.4984375 0.5421875 0.009375 0.015625
0 0.503125 0.56484375 0.009375 0.0125
0 0.50859375 0.57578125 0.009375 0.0140625
0 0.509375 0.58828125 0.009375 0.0125
0 0.5140625 0.59921875 0.009375 0.0125
0 0.5125 0.61015625 0.009375 0.0140625
0 0.509375 0.62265625 0.009375 0.0125
0 0.52109375 0.58984375 0.009375 0.0125
0 0.5234375 0.60390625 0.009375 0.0140625
0 0.51875 0.6359375 0.0109375 0.0125
0 0.521875 0.65 0.009375 0.0125
0 0.534375 0.6609375 0.0109375 0.0125
0 0.528125 0.63828125 0.009375 0.0140625
0 0.51953125 0.62265625 0.009375 0.0078125
0 0.5296875 0.62265625 0.009375 0.0125
0 0.5359375 0.6328125 0.009375 0.0125
0 0.521875 0.61796875 0.009375 0.0125
0 0.53515625 0.646875 0.009375 0.0125
0 0.54375 0.64296875 0.009375 0.015625
0 0.553125 0.64375 0.009375 0.015625
0 0.53046875 0.59453125 0.009375 0.0140625
0 0.5234375 0.55625 0.0125 0.0140625
0 0.52734375 0.5734375 0.009375 0.0125
0 0.53359375 0.58359375 0.009375 0.0125
0 0.53515625 0.54765625 0.009375 0.0125
0 0.53671875 0.56953125 0.009375 0.0125
0 0.54609375 0.5734375 0.009375 0.0125
0 0.54921875 0.5921875 0.0078125 0.0125
0 0.55 0.603125 0.009375 0.0140625
0 0.55390625 0.58671875 0.009375 0.0125
0 0.55859375 0.5984375 0.009375 0.0140625
0 0.54296875 0.59453125 0.009375 0.0125
0 0.57890625 0.6328125 0.0109375 0.015625
0 0.5546875 0.57578125 0.009375 0.0125
0 0.54296875 0.5609375 0.009375 0.0125
0 0.55234375 0.559375 0.009375 0.0125
0 0.54375 0.5359375 0.009375 0.0125
0 0.546875 0.54921875 0.009375 0.0125
0 0.534375 0.53359375 0.009375 0.0125
0 0.5203125 0.51796875 0.009375 0.0140625
0 0.50859375 0.50390625 0.0109375 0.0125
0 0.51875 0.50234375 0.009375 0.0125