0 0.51640625 0.41640625 0.0140625 0.0140625
0 0.503125 0.4203125 0.0140625 0.015625
0 0.5484375 0.4421875 0.0140625 0.0140625
0 0.55703125 0.45546875 0.0171875 0.0203125
0 0.56953125 0.4875 0.0140625 0.0140625
0 0.5625 0.47265625 0.0140625 0.015625
0 0.54921875 0.428125 0.0140625 0.0140625
0 0.478125 0.44296875 0.0140625 0.0140625
0 0.571875 0.4546875 0.0140625 0.0140625
0 0.43203125 0.4890625 0.0140625 0.015625
0 0.71875 0.496875 0.0125 0.0125
0 0.5390625 0.35625 0.0171875 0.0203125
0 0.73046875 0.5453125 0.0125 0.0125
0 0.578125 0.44140625 0.0140625 0.0140625
0 0.48515625 0.46953125 0.0140625 0.0140625
0 0.56171875 0.415625 0.0140625 0.015625
0 0.6734375 0.5171875 0.0125 0.0125
0 0.5765625 0.51015625 0.0140625 0.0140625
0 0.58671875 0.45859375 0.0140625 0.015625
0 0.571875 0.42890625 0.0140625 0.0140625
0 0.6359375 0.353125 0.0140625 0.0140625
0 0.559375 0.49609375 0.0140625 0.0140625
0 0.4390625 0.4109375 0.015625 0.015625
0 0.57890625 0.49453125 0.0140625 0.0140625
0 0.58125 0.4765625 0.0140625 0.0140625
0 0.5 0.3796875 0.0140625 0.015625
0 0.53125 0.3890625 0.0140625 0.015625
0 0.5359375 0.41484375 0.0140625 0.015625
0 0.61484375 0.33671875 0.0140625 0.0140625
0 0.6828125 0.521875 0.0140625 0.0140625
0 0.73515625 0.52421875 0.009375 0.0109375
0 0.5515625 0.3984375 0.0140625 0.0140625
0 0.68203125 0.56640625 0.0125 0.0125
0 0.6796875 0.49453125 0.0140625 0.0140625
0 0.49921875 0.45859375 0.0140625 0.0140625
0 0.58984375 0.43828125 0.0140625 0.0140625
0 0.57734375 0.5234375 0.0140625 0.0140625
0 0.5625 0.5265625 0.0140625 0.0140625
0 0.6625 0.5625 0.0109375 0.0125
0 0.7046875 0.54609375 0.009375 0.0109375
0 0.49375 0.39375 0.0140625 0.015625
0 0.640625 0.52734375 0.0125 0.0125
0 0.49375 0.5328125 0.0140625 0.0140625
0 0.50390625 0.40390625 0.0140625 0.015625
0 0.515625 0.3984375 0.0140625 0.015625
0 0.49609375 0.43203125 0.0171875 0.0171875
0 0.4234375 0.46015625 0.015625 0.015625
0 0.65390625 0.5 0.0140625 0.015625
0 0.66484375 0.50234375 0.0125 0.0125
0 0.68828125 0.6140625 0.009375 0.009375
0 0.634375 0.37109375 0.0140625 0.0140625
0 0.4828125 0.38046875 0.0140625 0.015625
0 0.634375 0.4 0.0140625 0.0140625
0 0.66171875 0.5171875 0.0125 0.0125
0 0.56015625 0.54296875 0.0140625 0.0140625
0 0.4765625 0.36171875 0.015625 0.0140625
0 0.69765625 0.53203125 0.0140625 0.0140625
0 0.43984375 0.50234375 0.015625 0.015625
0 0.71484375 0.52890625 0.0125 0.0125
0 0.68828125 0.55390625 0.0125 0.0125
0 0.53984375 0.40078125 0.0140625 0.015625
0 0.44140625 0.46953125 0.0203125 0.0203125
0 0.571875 0.5484375 0.0140625 0.0140625
0 0.4296875 0.4734375 0.0140625 0.015625
0 0.421875 0.50859375 0.01875 0.0203125
0 0.4296875 0.5203125 0.0203125 0.01875
0 0.43828125 0.43046875 0.01875 0.0203125
0 0.6484375 0.484375 0.0125 0.0125
0 0.48046875 0.4578125 0.0140625 0.015625
0 0.546875 0.496875 0.0140625 0.0140625
0 0.60390625 0.57734375 0.0140625 0.0140625
0 0.4625 0.3671875 0.0140625 0.015625
0 0.7390625 0.50703125 0.0109375 0.0125
0 0.5703125 0.53515625 0.0140625 0.015625
0 0.6484375 0.40078125 0.0140625 0.0140625
0 0.69453125 0.50859375 0.0125 0.0125
0 0.62109375 0.528125 0.0140625 0.0140625
0 0.4125 0.4515625 0.01875 0.0203125
0 0.5671875 0.44296875 0.0140625 0.0140625
0 0.478125 0.48359375 0.015625 0.0140625
0 0.69609375 0.4859375 0.0140625 0.0140625
0 0.615625 0.5578125 0.0125 0.0125
0 0.55234375 0.51875 0.0140625 0.0140625
0 0.65859375 0.4671875 0.0125 0.0125
0 0.4078125 0.49609375 0.015625 0.015625
0 0.62734375 0.54140625 0.0125 0.0125
0 0.62421875 0.35703125 0.0140625 0.015625
0 0.61015625 0.36796875 0.0140625 0.015625
0 0.41953125 0.4375 0.015625 0.015625
0 0.4453125 0.36875 0.01875 0.0203125
0 0.403125 0.53046875 0.021875 0.021875
0 0.65390625 0.5546875 0.0125 0.0125
0 0.6328125 0.51875 0.0140625 0.0140625
0 0.67265625 0.57421875 0.0109375 0.0125
0 0.72265625 0.4765625 0.0109375 0.0125
0 0.60703125 0.35703125 0.0140625 0.0140625
0 0.39453125 0.50234375 0.01875 0.0203125
0 0.4265625 0.42265625 0.0140625 0.0140625
0 0.625 0.56640625 0.0125 0.0125
0 0.56484375 0.509375 0.0125 0.0125
0 0.659375 0.48515625 0.0140625 0.0140625
0 0.71015625 0.47421875 0.0125 0.0125
0 0.39296875 0.45703125 0.015625 0.015625
0 0.64921875 0.56875 0.0125 0.0125
0 0.3640625 0.4953125 0.015625 0.015625
0 0.5390625 0.5125 0.0140625 0.0140625
0 0.67109375 0.46796875 0.0140625 0.0140625
0 0.68203125 0.46953125 0.0125 0.0125
0 0.38046875 0.503125 0.015625 0.015625
0 0.640625 0.4625 0.0140625 0.0140625
0 0.43359375 0.54375 0.0203125 0.0203125
0 0.63984375 0.49296875 0.0140625 0.0140625
0 0.38828125 0.44375 0.021875 0.021875
0 0.415625 0.4765625 0.015625 0.0140625
0 0.43203125 0.3796875 0.0140625 0.0140625
0 0.415625 0.53671875 0.0203125 0.01875
0 0.6046875 0.34296875 0.0140625 0.015625
0 0.496875 0.51875 0.0203125 0.01875
0 0.37265625 0.4640625 0.0203125 0.0203125
0 0.65703125 0.578125 0.0125 0.0125
0 0.64375 0.5078125 0.0140625 0.0140625
0 0.3859375 0.47265625 0.01875 0.0203125
0 0.7046875 0.50859375 0.0109375 0.0125
0 0.665625 0.45 0.0125 0.0125
0 0.628125 0.4859375 0.0140625 0.0140625
0 0.69921875 0.47109375 0.0125 0.0140625
0 0.38515625 0.4875 0.01875 0.0203125
0 0.7046875 0.5203125 0.0125 0.0125
0 0.38359375 0.5328125 0.0203125 0.01875
0 0.72890625 0.4890625 0.0125 0.0125
0 0.6421875 0.384375 0.0125 0.0125
0 0.4 0.48125 0.0140625 0.015625
0 0.71015625 0.48671875 0.0125 0.0125
0 0.67265625 0.4828125 0.0125 0.0125
0 0.684375 0.48359375 0.0140625 0.0140625
0 0.35 0.4625 0.0203125 0.01875
0 0.36015625 0.4734375 0.015625 0.015625
0 0.6515625 0.515625 0.0125 0.0125
0 0.4921875 0.44296875 0.0140625 0.0140625
0 0.65390625 0.45 0.0109375 0.0125
0 0.52578125 0.40390625 0.01875 0.0203125
0 0.40625 0.4671875 0.021875 0.0203125
0 0.37265625 0.4828125 0.015625 0.015625
0 0.490625 0.425 0.0140625 0.0140625