0 0.26953125 0.35078125 0.02578125 0.0265625
0 0.32265625 0.4296875 0.02734375 0.028125
0 0.21640625 0.52578125 0.0265625 0.03203125
0 0.26796875 0.56484375 0.028125 0.02890625
0 0.234375 0.571875 0.028125 0.0265625
0 0.25859375 0.59921875 0.03046875 0.02890625
0 0.24140625 0.61953125 0.02578125 0.02578125
0 0.27109375 0.6234375 0.02890625 0.02890625
0 0.3171875 0.65 0.028125 0.02734375
0 0.38046875 0.634375 0.025 0.02734375
0 0.421875 0.65390625 0.02734375 0.02890625
0 0.46015625 0.653125 0.02890625 0.0265625
0 0.42734375 0.60625 0.02890625 0.03125
0 0.4234375 0.54609375 0.02734375 0.03125
0 0.44140625 0.51015625 0.02890625 0.02734375
0 0.44765625 0.478125 0.02578125 0.028125
0 0.503125 0.44296875 0.02734375 0.02734375
0 0.51875 0.46640625 0.028125 0.02890625
0 0.5421875 0.4703125 0.0265625 0.03046875
0 0.4921875 0.6265625 0.025 0.02890625
0 0.60078125 0.54921875 0.028125 0.02890625
0 0.62578125 0.41953125 0.0265625 0.0265625
0 0.4796875 0.33828125 0.0265625 0.028125
0 0.56796875 0.6609375 0.0265625 0.02734375
0 0.58125 0.68515625 0.02890625 0.0265625
0 0.52265625 0.71171875 0.0265625 0.0265625
0 0.54921875 0.7203125 0.0296875 0.02890625
0 0.6734375 0.71640625 0.02734375 0.0296875
0 0.63046875 0.6421875 0.02890625 0.028125
0 0.68125 0.66640625 0.02890625 0.03125
0 0.73671875 0.64140625 0.025 0.03203125
0 0.7625 0.6375 0.0265625 0.02734375
0 0.77421875 0.61328125 0.02421875 0.02578125
0 0.75859375 0.5921875 0.0265625 0.025
0 0.72890625 0.58359375 0.02578125 0.0265625
0 0.78359375 0.55859375 0.02890625 0.03046875
0 0.8171875 0.6 0.028125 0.0265625
0 0.81875 0.540625 0.03046875 0.03125
0 0.90078125 0.515625 0.03046875 0.0328125
0 0.7140625 0.4328125 0.0265625 0.02890625
0 0.77890625 0.43828125 0.02578125 0.028125
0 0.81171875 0.4234375 0.02578125 0.02890625
0 0.7390625 0.35625 0.02421875 0.02734375
0 0.71875 0.38828125 0.03046875 0.03203125
0 0.6640625 0.34296875 0.028125 0.0296875