0 0.53984375 0.76328125 0.0515625 0.04375
0 0.68046875 0.73203125 0.0453125 0.0453125
0 0.7125 0.70703125 0.0453125 0.0390625
0 0.753125 0.73203125 0.0453125 0.046875
0 0.77890625 0.771875 0.0453125 0.0453125
0 0.67734375 0.68671875 0.0421875 0.0421875
0 0.7171875 0.66875 0.04375 0.0421875
0 0.76015625 0.6859375 0.0421875 0.0453125
0 0.81171875 0.6734375 0.04375 0.0421875
0 0.84609375 0.63046875 0.0453125 0.0484375
0 0.76875 0.646875 0.0390625 0.0390625
0 0.76875 0.60546875 0.0421875 0.046875
0 0.80625 0.628125 0.0421875 0.0453125
0 0.7328125 0.628125 0.0390625 0.0421875
0 0.653125 0.65390625 0.0421875 0.04375
0 0.69140625 0.63359375 0.0453125 0.0421875
0 0.6890625 0.59140625 0.04375 0.0421875
0 0.62578125 0.62578125 0.0484375 0.046875
0 0.60390625 0.66484375 0.0453125 0.04375
0 0.6359375 0.69609375 0.0484375 0.046875
0 0.565625 0.63125 0.0421875 0.0421875
0 0.5609375 0.715625 0.0484375 0.0484375
0 0.528125 0.66640625 0.0453125 0.0453125
0 0.515625 0.621875 0.046875 0.0484375
0 0.42734375 0.65546875 0.053125 0.053125
0 0.41484375 0.60859375 0.05 0.05
0 0.35625 0.58125 0.0453125 0.046875
0 0.80859375 0.58125 0.0453125 0.0421875
0 0.81640625 0.5390625 0.04375 0.0453125
0 0.73125 0.5875 0.04375 0.0453125
0 0.77109375 0.56171875 0.0421875 0.0421875
0 0.59453125 0.59453125 0.0421875 0.0421875
0 0.64609375 0.5875 0.04375 0.04375
0 0.55078125 0.5890625 0.0421875 0.0421875
0 0.49140625 0.58046875 0.046875 0.0421875
0 0.5265625 0.55078125 0.0453125 0.0421875
0 0.56953125 0.54921875 0.0453125 0.0421875
0 0.6125 0.5578125 0.0421875 0.0421875
0 0.665625 0.55234375 0.0390625 0.0421875
0 0.7078125 0.5515625 0.0453125 0.0484375
0 0.78359375 0.51875 0.0484375 0.04375
0 0.75859375 0.48671875 0.04375 0.0453125
0 0.62421875 0.4859375 0.0453125 0.0421875
0 0.6546875 0.5078125 0.0359375 0.0453125
0 0.59296875 0.51796875 0.0421875 0.0390625
0 0.6375 0.52421875 0.04375 0.0453125
0 0.68671875 0.51328125 0.0390625 0.0390625
0 0.7265625 0.5109375 0.046875 0.0484375
0 0.6875 0.47109375 0.046875 0.0453125
0 0.5765625 0.47890625 0.0453125 0.0421875
0 0.40625 0.48515625 0.046875 0.0453125
0 0.5328125 0.46796875 0.0421875 0.040625
0 0.45859375 0.5078125 0.0421875 0.04375
0 0.50078125 0.515625 0.0484375 0.0453125
0 0.54296875 0.50703125 0.0421875 0.0453125
0 0.4890625 0.4734375 0.0453125 0.0453125
0 0.5171875 0.42890625 0.046875 0.0453125
0 0.56328125 0.43515625 0.0421875 0.0453125
0 0.6046875 0.4484375 0.04375 0.0453125
0 0.653125 0.44921875 0.0453125 0.0421875
0 0.71796875 0.4375 0.0453125 0.0453125
0 0.77109375 0.44140625 0.0515625 0.05
0 0.68046875 0.41953125 0.0484375 0.0453125
0 0.58828125 0.40234375 0.04375 0.05
0 0.628125 0.41328125 0.0453125 0.0421875
0 0.54296875 0.39609375 0.046875 0.0484375
0 0.57109375 0.36640625 0.0484375 0.046875
0 0.61796875 0.37109375 0.046875 0.0453125
0 0.6578125 0.3828125 0.05 0.04375
0 0.709375 0.3703125 0.04375 0.0453125
0 0.74140625 0.39921875 0.0453125 0.0421875
0 0.7796875 0.3625 0.05 0.05
0 0.6734375 0.3421875 0.0453125 0.0453125
0 0.71640625 0.3265625 0.0453125 0.0453125
0 0.5296875 0.35234375 0.0453125 0.0453125
0 0.4734375 0.42578125 0.0453125 0.046875
0 0.4953125 0.3859375 0.0484375 0.0484375
0 0.425 0.396875 0.0484375 0.0484375
0 0.46015625 0.359375 0.0484375 0.0484375
0 0.4953125 0.30234375 0.05 0.053125
0 0.53984375 0.31015625 0.0453125 0.0453125
0 0.58125 0.321875 0.0453125 0.0453125
0 0.625 0.3265625 0.0453125 0.0484375
0 0.6671875 0.29921875 0.0484375 0.0484375
0 0.61328125 0.28359375 0.0484375 0.046875
0 0.628125 0.234375 0.05 0.05625
0 0.68359375 0.23515625 0.053125 0.053125
0 0.58046875 0.21328125 0.0515625 0.0546875
0 0.5078125 0.2140625 0.05 0.0515625
0 0.478125 0.17890625 0.05 0.053125
0 0.51796875 0.15078125 0.0515625 0.05625
0 0.1703125 0.31796875 0.0546875 0.0625
0 0.234375 0.25 0.0515625 0.05625
0 0.34140625 0.25703125 0.053125 0.0515625
0 0.390625 0.178125 0.0515625 0.05625