0 0.29296875 0.30234375 0.0734375 0.065625
0 0.328125 0.49921875 0.0703125 0.075
0 0.43671875 0.4375 0.06875 0.071875
0 0.553125 0.33359375 0.06875 0.065625
0 0.50546875 0.4859375 0.0671875 0.06875
0 0.54609375 0.4484375 0.0609375 0.0609375
0 0.60078125 0.475 0.06875 0.06875
0 0.59921875 0.553125 0.0640625 0.0625
0 0.5890625 0.61328125 0.065625 0.06875
0 0.62734375 0.75703125 0.0671875 0.071875
0 0.67109375 0.7875 0.065625 0.075
0 0.6625 0.659375 0.06875 0.065625
0 0.65625 0.58828125 0.065625 0.065625
0 0.66328125 0.4984375 0.06875 0.06875
0 0.66171875 0.34140625 0.071875 0.0671875
0 0.70625 0.40625 0.065625 0.065625
0 0.7359375 0.47578125 0.0640625 0.065625
0 0.70859375 0.57109375 0.0625 0.0640625
0 0.7171875 0.62734375 0.065625 0.0640625
0 0.71171875 0.690625 0.0671875 0.0671875
0 0.753125 0.7671875 0.065625 0.065625
0 0.77265625 0.60546875 0.071875 0.06875
0 0.77734375 0.5484375 0.06875 0.06875
0 0.83671875 0.559375 0.0671875 0.06875
0 0.84921875 0.68671875 0.065625 0.06875
0 0.88515625 0.52265625 0.065625 0.071875
0 0.8953125 0.4265625 0.071875 0.0625