0 0.84765625 0.33046875 0.04375 0.0296875
0 0.8515625 0.36328125 0.04296875 0.0328125
0 0.809375 0.38046875 0.04453125 0.03125
0 0.68671875 0.59296875 0.04140625 0.03125
0 0.46953125 0.34765625 0.03671875 0.03359375
0 0.56640625 0.43984375 0.04765625 0.0328125
0 0.4953125 0.4234375 0.0421875 0.03359375
0 0.49921875 0.4578125 0.04140625 0.02890625
0 0.47890625 0.4828125 0.040625 0.0296875
0 0.584375 0.51796875 0.04296875 0.03203125
0 0.53046875 0.51328125 0.04140625 0.028125
0 0.51328125 0.54375 0.03828125 0.0296875
0 0.4859375 0.5125 0.04296875 0.0296875
0 0.42109375 0.4890625 0.040625 0.028125
0 0.39296875 0.44140625 0.03828125 0.03125
0 0.42421875 0.46015625 0.03984375 0.0296875
0 0.34296875 0.41328125 0.0390625 0.03125
0 0.29921875 0.4546875 0.040625 0.02890625
0 0.3359375 0.44453125 0.03671875 0.02890625
0 0.3578125 0.4703125 0.0359375 0.028125
0 0.3828125 0.4921875 0.0375 0.0265625
0 0.4078125 0.5171875 0.0375 0.0296875
0 0.446875 0.5171875 0.0390625 0.03203125
0 0.47421875 0.5390625 0.03671875 0.02890625
0 0.4265625 0.55 0.03828125 0.02890625
0 0.40234375 0.575 0.03671875 0.02734375
0 0.43828125 0.58359375 0.03828125 0.02734375
0 0.46875 0.56640625 0.03984375 0.02890625
0 0.50625 0.57265625 0.03828125 0.02890625
0 0.50625 0.6015625 0.03515625 0.0296875
0 0.459375 0.60859375 0.0390625 0.02734375
0 0.4875 0.6265625 0.0359375 0.02734375
0 0.525 0.634375 0.03828125 0.02890625
0 0.14140625 0.484375 0.04453125 0.03359375
0 0.23828125 0.465625 0.03984375 0.02890625
0 0.2765625 0.47890625 0.0390625 0.03046875
0 0.31875 0.484375 0.03984375 0.03125
0 0.2890625 0.509375 0.03984375 0.02890625
0 0.32890625 0.51328125 0.03828125 0.03046875
0 0.36875 0.5203125 0.03828125 0.02890625
0 0.3421875 0.54375 0.03828125 0.03046875
0 0.26484375 0.5328125 0.04375 0.03046875
0 0.303125 0.54453125 0.0375 0.03125
0 0.16015625 0.54375 0.0390625 0.03203125
0 0.20703125 0.540625 0.0421875 0.0296875
0 0.1640625 0.5765625 0.0390625 0.03046875
0 0.20390625 0.5734375 0.04140625 0.03046875
0 0.24453125 0.56484375 0.04140625 0.03203125
0 0.28515625 0.57734375 0.03984375 0.0296875
0 0.315625 0.59765625 0.03828125 0.0296875
0 0.32421875 0.56796875 0.04140625 0.028125
0 0.3625 0.5765625 0.03828125 0.03046875
0 0.38359375 0.60078125 0.0375 0.03125
0 0.41796875 0.61171875 0.03828125 0.03046875
0 0.4421875 0.63515625 0.0375 0.02890625
0 0.47109375 0.653125 0.0375 0.0296875
0 0.5078125 0.665625 0.0390625 0.028125
0 0.50078125 0.696875 0.03984375 0.0328125
0 0.4953125 0.740625 0.0421875 0.03203125
0 0.5359375 0.7609375 0.04140625 0.03203125
0 0.53828125 0.81015625 0.0421875 0.03046875
0 0.50078125 0.79375 0.03984375 0.02890625
0 0.48359375 0.82578125 0.040625 0.02890625
0 0.475 0.85625 0.0375 0.0296875
0 0.2125 0.77421875 0.040625 0.03046875
0 0.19921875 0.6078125 0.040625 0.03203125
0 0.23984375 0.60078125 0.03515625 0.0265625
0 0.27421875 0.61640625 0.0375 0.03046875
0 0.31015625 0.62734375 0.03671875 0.028125
0 0.34765625 0.6125 0.03828125 0.02890625
0 0.4015625 0.64609375 0.03828125 0.03046875
0 0.4359375 0.66484375 0.0375 0.0296875
0 0.4375 0.6921875 0.040625 0.02890625
0 0.41875 0.71953125 0.03671875 0.0296875
0 0.45390625 0.7359375 0.03984375 0.0328125
0 0.47578125 0.77109375 0.040625 0.028125
0 0.4578125 0.8 0.0390625 0.02890625
0 0.37578125 0.80625 0.03984375 0.03125
0 0.4109375 0.7875 0.04140625 0.02890625
0 0.42890625 0.75859375 0.040625 0.03125
0 0.3796875 0.7484375 0.0390625 0.03125
0 0.39765625 0.6765625 0.03828125 0.02890625
0 0.38671875 0.7046875 0.0359375 0.02890625
0 0.27734375 0.6453125 0.0390625 0.02890625
0 0.23671875 0.6453125 0.04140625 0.02890625
0 0.16875 0.66328125 0.04140625 0.03359375
0 0.17734375 0.7125 0.0421875 0.03125
0 0.203125 0.684375 0.03828125 0.03046875
0 0.22578125 0.70859375 0.04453125 0.02890625
0 0.253125 0.68203125 0.03984375 0.0328125
0 0.3359375 0.73125 0.03984375 0.03203125
0 0.30546875 0.68203125 0.040625 0.03046875
0 0.346875 0.7046875 0.03828125 0.03046875
0 0.390625 0.54375 0.034375 0.02890625
0 0.375 0.5515625 0.0234375 0.02734375
0 0.3515625 0.66171875 0.03515625 0.0296875
0 0.36484375 0.640625 0.0359375 0.028125
0 0.325 0.6546875 0.03203125 0.025
0 0.3625 0.67734375 0.0328125 0.0234375