0 0.221875 0.41484375 0.03125 0.03125
0 0.23671875 0.48046875 0.03125 0.03125
0 0.23125 0.440625 0.03125 0.03125
0 0.05078125 0.371875 0.034375 0.034375
0 0.28515625 0.565625 0.03125 0.03125
0 0.246875 0.5234375 0.0328125 0.0328125
0 0.18046875 0.52890625 0.0328125 0.0328125
0 0.07578125 0.42734375 0.03125 0.03125
0 0.32734375 0.49453125 0.03125 0.03125
0 0.24609375 0.56015625 0.034375 0.03125
0 0.271875 0.540625 0.03125 0.03125
0 0.27421875 0.6234375 0.03125 0.03125
0 0.2109375 0.38515625 0.03125 0.03125
0 0.1265625 0.3828125 0.03125 0.0296875
0 0.19296875 0.63671875 0.03125 0.03125
0 0.13359375 0.41328125 0.03125 0.03125
0 0.27734375 0.5921875 0.03125 0.03125
0 0.40703125 0.40078125 0.0328125 0.03125
0 0.34375 0.51875 0.03125 0.03125
0 0.425 0.42421875 0.0328125 0.03125
0 0.02265625 0.39296875 0.03125 0.03125
0 0.37890625 0.60078125 0.03125 0.03125
0 0.4375 0.5140625 0.03125 0.03125
0 0.17578125 0.5640625 0.034375 0.034375
0 0.3109375 0.55625 0.03125 0.03125
0 0.3859375 0.5265625 0.0328125 0.03125
0 0.14296875 0.3515625 0.03125 0.03125
0 0.3984375 0.5515625 0.03125 0.03125
0 0.42734375 0.4890625 0.03125 0.03125
0 0.3953125 0.428125 0.03125 0.03125
0 0.24609375 0.6171875 0.0328125 0.03125
0 0.10703125 0.42421875 0.03125 0.03125
0 0.3046875 0.52734375 0.0328125 0.03125
0 0.3546875 0.49296875 0.03125 0.03125
0 0.1484375 0.603125 0.03125 0.0328125
0 0.3796875 0.57265625 0.03125 0.03125
0 0.33125 0.596875 0.0328125 0.03125
0 0.49453125 0.50859375 0.03125 0.03125
0 0.4828125 0.53515625 0.03125 0.03125
0 0.36328125 0.54609375 0.03125 0.03125
0 0.4140625 0.721875 0.0328125 0.034375
0 0.525 0.50390625 0.0328125 0.03125
0 0.5390625 0.559375 0.03125 0.03125
0 0.11640625 0.6125 0.0328125 0.03125
0 0.4515625 0.621875 0.0328125 0.03125
0 0.31484375 0.63046875 0.03125 0.03125
0 0.484375 0.5625 0.03125 0.03125
0 0.45390625 0.4875 0.0328125 0.03125
0 0.459375 0.42734375 0.0328125 0.034375
0 0.38203125 0.5 0.0328125 0.03125
0 0.44140625 0.38515625 0.0328125 0.03125
0 0.1265625 0.50234375 0.0375 0.03125
0 0.1765625 0.59921875 0.03125 0.0328125
0 0.3453125 0.6515625 0.034375 0.034375
0 0.44765625 0.58046875 0.03125 0.03125
0 0.5671875 0.47890625 0.0328125 0.03125
0 0.51171875 0.55859375 0.0328125 0.03125
0 0.56484375 0.5546875 0.03125 0.03125
0 0.43515625 0.55546875 0.034375 0.03125
0 0.35703125 0.62265625 0.034375 0.03125
0 0.46953125 0.60078125 0.03125 0.03125
0 0.590625 0.5421875 0.0328125 0.03125
0 0.5546875 0.50390625 0.03125 0.03125
0 0.48203125 0.4828125 0.034375 0.03125
0 0.5125 0.5296875 0.0328125 0.03125
0 0.559375 0.453125 0.034375 0.03125
0 0.4234375 0.62734375 0.0328125 0.03125
0 0.43046875 0.45859375 0.034375 0.03125
0 0.33515625 0.5453125 0.0328125 0.03125
0 0.4265625 0.59609375 0.03125 0.03125
0 0.54609375 0.42734375 0.0328125 0.03125
0 0.09765625 0.58828125 0.034375 0.034375
0 0.30546875 0.5953125 0.0328125 0.0359375
0 0.56953125 0.5265625 0.0328125 0.03125
0 0.55859375 0.58125 0.0328125 0.03125
0 0.51328125 0.47890625 0.0328125 0.03125
0 0.34921875 0.5765625 0.034375 0.03125
0 0.4640625 0.4 0.03125 0.03125
0 0.45859375 0.56953125 0.0296875 0.03125
0 0.54140625 0.52734375 0.0328125 0.03125
0 0.5875 0.4421875 0.0328125 0.03125
0 0.67421875 0.5453125 0.034375 0.03125
0 0.64609375 0.5390625 0.034375 0.0328125
0 0.63828125 0.58828125 0.034375 0.03125
0 0.53125 0.45390625 0.03125 0.03125
0 0.70234375 0.55078125 0.0328125 0.03125
0 0.61875 0.565625 0.034375 0.03125
0 0.6703125 0.59921875 0.034375 0.03125
0 0.41015625 0.575 0.03125 0.03125
0 0.45234375 0.53671875 0.03125 0.03125
0 0.575 0.41484375 0.03125 0.03125
0 0.7875 0.38046875 0.034375 0.0328125
0 0.66015625 0.51484375 0.034375 0.03125
0 0.63125 0.515625 0.034375 0.03125
0 0.5890625 0.571875 0.034375 0.03125
0 0.75 0.484375 0.0359375 0.03125
0 0.596875 0.4671875 0.0328125 0.03125
0 0.52265625 0.65859375 0.03125 0.0359375
0 0.69921875 0.59921875 0.0328125 0.03125
0 0.646875 0.615625 0.034375 0.0328125
0 0.61796875 0.5390625 0.034375 0.03125
0 0.65625 0.56484375 0.034375 0.0328125
0 0.490625 0.4203125 0.03125 0.03125
0 0.4890625 0.4484375 0.034375 0.03125
0 0.68515625 0.4609375 0.0328125 0.03125
0 0.590625 0.4953125 0.034375 0.03125
0 0.72890625 0.603125 0.0328125 0.03125
0 0.61875 0.48984375 0.034375 0.03125
0 0.52578125 0.584375 0.0328125 0.03125
0 0.8375 0.58125 0.034375 0.03125
0 0.75703125 0.6 0.034375 0.03125
0 0.74296875 0.575 0.034375 0.03125
0 0.73046875 0.5484375 0.0328125 0.03125
0 0.41875 0.534375 0.028125 0.0296875
0 0.63359375 0.4640625 0.034375 0.03125
0 0.30859375 0.4734375 0.034375 0.03125
0 0.7171875 0.5765625 0.034375 0.03125
0 0.7171875 0.49609375 0.034375 0.03125
0 0.7921875 0.5328125 0.034375 0.03125
0 0.46640625 0.51328125 0.03125 0.03125
0 0.68203125 0.5734375 0.0328125 0.03125
0 0.6140625 0.62109375 0.0328125 0.03125
0 0.39453125 0.4859375 0.0328125 0.03125
0 0.7171875 0.52421875 0.034375 0.03125
0 0.77265625 0.559375 0.034375 0.03125
0 0.7828125 0.58671875 0.034375 0.03125
0 0.68984375 0.48984375 0.034375 0.03125
0 0.78671875 0.6140625 0.034375 0.03125
0 0.7640625 0.5328125 0.034375 0.0328125
0 0.66015625 0.48515625 0.0375 0.03125
0 0.6109375 0.59296875 0.034375 0.03125
0 0.76171875 0.628125 0.034375 0.03125
0 0.5890625 0.38515625 0.0328125 0.0328125
0 0.61484375 0.44375 0.034375 0.03125
0 0.740625 0.51484375 0.034375 0.0328125
0 0.67109375 0.63125 0.034375 0.0328125
0 0.81796875 0.61484375 0.034375 0.0328125
0 0.70390625 0.628125 0.034375 0.034375
0 0.7328125 0.63125 0.034375 0.034375
0 0.8109375 0.5859375 0.034375 0.03125
0 0.803125 0.55859375 0.034375 0.03125
0 0.91875 0.5171875 0.034375 0.0328125
0 0.6765625 0.521875 0.0171875 0.021875