0 0.125 0.83515625 0.034375 0.034375
0 0.1546875 0.82421875 0.0328125 0.034375
0 0.1515625 0.76953125 0.0359375 0.0359375
0 0.125 0.73828125 0.0359375 0.0359375
0 0.12734375 0.6921875 0.0328125 0.0328125
0 0.1078125 0.66875 0.034375 0.0328125
0 0.07265625 0.68515625 0.0359375 0.0328125
0 0.10703125 0.634375 0.0421875 0.0328125
0 0.08359375 0.59296875 0.034375 0.0375
0 0.1171875 0.59375 0.0328125 0.03125
0 0.08359375 0.52265625 0.034375 0.0328125
0 0.12421875 0.56328125 0.0515625 0.034375
0 0.12890625 0.5296875 0.0515625 0.034375
0 0.15546875 0.55 0.0328125 0.0328125
0 0.1421875 0.61171875 0.034375 0.0328125
0 0.15 0.58125 0.0328125 0.03125
0 0.16484375 0.51953125 0.0328125 0.0328125
0 0.05859375 0.41875 0.034375 0.0328125
0 0.13046875 0.3546875 0.0484375 0.0359375
0 0.16640625 0.38515625 0.0328125 0.0328125
0 0.1390625 0.290625 0.0328125 0.0328125
0 0.1265625 0.23203125 0.0484375 0.034375
0 0.1546875 0.20859375 0.0328125 0.0328125
0 0.1671875 0.2359375 0.0328125 0.0328125
0 0.18671875 0.26171875 0.0328125 0.0359375
0 0.21640625 0.2671875 0.0359375 0.034375
0 0.19296875 0.2140625 0.0328125 0.0328125
0 0.2328125 0.18203125 0.0359375 0.0359375
0 0.2421875 0.21953125 0.0328125 0.034375
0 0.24765625 0.25703125 0.034375 0.0359375
0 0.2765625 0.28203125 0.0328125 0.0328125
0 0.27890625 0.2453125 0.034375 0.0328125
0 0.278125 0.2140625 0.0328125 0.0328125
0 0.265625 0.1828125 0.0359375 0.034375
0 0.309375 0.23828125 0.0359375 0.0328125
0 0.31015625 0.27578125 0.0359375 0.034375
0 0.34140625 0.3015625 0.0359375 0.0359375
0 0.3546875 0.26640625 0.0328125 0.0328125
0 0.3796875 0.24375 0.0328125 0.0328125
0 0.365625 0.21171875 0.034375 0.0390625
0 0.3359375 0.22109375 0.034375 0.034375
0 0.40625 0.20078125 0.0328125 0.0328125
0 0.41015625 0.234375 0.0328125 0.0328125
0 0.390625 0.2765625 0.0328125 0.0328125
0 0.4203125 0.27265625 0.0328125 0.0328125
0 0.43828125 0.25078125 0.034375 0.0328125
0 0.41484375 0.3046875 0.034375 0.0359375
0 0.4453125 0.3 0.0328125 0.034375
0 0.3796875 0.365625 0.0328125 0.0359375
0 0.4453125 0.35234375 0.034375 0.034375
0 0.4765625 0.30546875 0.034375 0.034375
0 0.47578125 0.34296875 0.034375 0.0328125
0 0.48125 0.278125 0.034375 0.0328125
0 0.5046875 0.25625 0.0328125 0.0328125
0 0.50390625 0.33125 0.0359375 0.034375
0 0.51640625 0.29921875 0.034375 0.0328125
0 0.5359375 0.32421875 0.034375 0.034375
0 0.57578125 0.29609375 0.034375 0.034375
0 0.56484375 0.265625 0.0359375 0.0328125
0 0.59921875 0.31640625 0.0359375 0.034375
0 0.56875 0.33515625 0.034375 0.034375
0 0.62421875 0.33203125 0.0359375 0.0328125
0 0.67578125 0.3375 0.0359375 0.0359375
0 0.6640625 0.321875 0.0375 0.0328125
0 0.64453125 0.3609375 0.0359375 0.0328125
0 0.67578125 0.36953125 0.0359375 0.034375
0 0.7078125 0.3578125 0.034375 0.0328125
0 0.61484375 0.36953125 0.0359375 0.0359375
0 0.5796875 0.365625 0.034375 0.034375
0 0.54765625 0.35859375 0.0328125 0.034375
0 0.4296875 0.4078125 0.0328125 0.034375
0 0.4953125 0.36953125 0.0328125 0.0328125
0 0.52421875 0.4046875 0.0359375 0.034375
0 0.55546875 0.3984375 0.0359375 0.0359375
0 0.590625 0.4015625 0.034375 0.0328125
0 0.63671875 0.39140625 0.034375 0.034375
0 0.66796875 0.4 0.0359375 0.0328125
0 0.70234375 0.39765625 0.034375 0.0328125
0 0.7046875 0.428125 0.0359375 0.034375
0 0.678125 0.44921875 0.0359375 0.0328125
0 0.640625 0.45703125 0.034375 0.0328125
0 0.6671875 0.47890625 0.034375 0.0328125
0 0.6390625 0.49140625 0.034375 0.0328125
0 0.7015625 0.4734375 0.0359375 0.0328125
0 0.6125 0.47109375 0.0328125 0.0328125
0 0.5828125 0.46953125 0.0359375 0.0390625
0 0.596875 0.50390625 0.0328125 0.0328125
0 0.57109375 0.52109375 0.0328125 0.0328125
0 0.5515625 0.46875 0.034375 0.0359375
0 0.5640625 0.4421875 0.034375 0.0328125
0 0.4953125 0.43984375 0.034375 0.0328125
0 0.52265625 0.46171875 0.0359375 0.0328125
0 0.534375 0.496875 0.0328125 0.0328125
0 0.503125 0.49140625 0.034375 0.0359375
0 0.50234375 0.53046875 0.0328125 0.0328125
0 0.53203125 0.54140625 0.0328125 0.0328125
0 0.46953125 0.54609375 0.0328125 0.0328125
0 0.47421875 0.50078125 0.0328125 0.0328125
0 0.4796875 0.46640625 0.034375 0.0328125
0 0.475 0.4171875 0.0328125 0.0328125
0 0.4625 0.38515625 0.0328125 0.0328125
0 0.4484375 0.47265625 0.0328125 0.0359375
0 0.3828125 0.46328125 0.034375 0.0328125
0 0.4109375 0.51328125 0.0359375 0.0328125
0 0.45078125 0.4375 0.034375 0.034375
0 0.4421875 0.5078125 0.0359375 0.034375
0 0.43828125 0.5421875 0.0359375 0.0359375
0 0.39921875 0.54609375 0.034375 0.034375
0 0.3578125 0.52734375 0.0359375 0.0359375
0 0.32421875 0.521875 0.0328125 0.0328125
0 0.23671875 0.49609375 0.0328125 0.0328125
0 0.2640625 0.584375 0.034375 0.0328125
0 0.36953125 0.56875 0.0328125 0.0328125
0 0.3171875 0.56875 0.0359375 0.0328125
0 0.16015625 0.72421875 0.034375 0.034375
0 0.15703125 0.67734375 0.0328125 0.0328125
0 0.21640625 0.72734375 0.0328125 0.0359375
0 0.19140625 0.76171875 0.034375 0.0328125
0 0.2140625 0.7890625 0.0328125 0.034375
0 0.2125 0.82578125 0.0328125 0.0328125
0 0.24921875 0.79609375 0.034375 0.0328125
0 0.2484375 0.71875 0.0328125 0.0359375
0 0.28515625 0.76484375 0.0328125 0.0328125
0 0.27890625 0.8609375 0.034375 0.0328125
0 0.31796875 0.796875 0.0328125 0.034375
0 0.3515625 0.7953125 0.0359375 0.0328125
0 0.346875 0.8375 0.0359375 0.0375
0 0.328125 0.8984375 0.034375 0.034375
0 0.36484375 0.91796875 0.0328125 0.034375
0 0.39375 0.89140625 0.034375 0.0359375
0 0.425 0.890625 0.0328125 0.034375
0 0.390625 0.83359375 0.034375 0.034375
0 0.4078125 0.79765625 0.0359375 0.0328125
0 0.375 0.76640625 0.0359375 0.034375
0 0.4046875 0.7375 0.0328125 0.0390625
0 0.43828125 0.7015625 0.034375 0.034375
0 0.39296875 0.6609375 0.0359375 0.034375
0 0.378125 0.61484375 0.034375 0.0328125
0 0.4140625 0.621875 0.0328125 0.0328125
0 0.45546875 0.66640625 0.0328125 0.034375
0 0.48359375 0.7203125 0.0359375 0.034375
0 0.46484375 0.76875 0.0359375 0.0359375
0 0.4359375 0.78203125 0.0328125 0.034375
0 0.4734375 0.8015625 0.0328125 0.0328125
0 0.48203125 0.83359375 0.034375 0.0359375
0 0.553125 0.77734375 0.0359375 0.0359375
0 0.5359375 0.73203125 0.0359375 0.0359375
0 0.53203125 0.69140625 0.0359375 0.034375
0 0.57109375 0.68984375 0.0359375 0.034375
0 0.56640625 0.73828125 0.034375 0.0375
0 0.59921875 0.70234375 0.0328125 0.0359375
0 0.61171875 0.665625 0.034375 0.0359375
0 0.60390625 0.6046875 0.0328125 0.0328125
0 0.6140625 0.5546875 0.0359375 0.0359375
0 0.64453125 0.57109375 0.034375 0.034375
0 0.6375 0.6390625 0.0359375 0.0328125
0 0.70078125 0.62109375 0.0359375 0.034375
0 0.67265625 0.63671875 0.0359375 0.0328125
0 0.65859375 0.66484375 0.0359375 0.0328125
0 0.6546875 0.7359375 0.0390625 0.0328125
0 0.62265625 0.765625 0.0359375 0.0375
0 0.6515625 0.78828125 0.0359375 0.034375
0 0.6984375 0.7640625 0.0359375 0.0359375
0 0.68671875 0.8671875 0.0328125 0.034375
0 0.70546875 0.653125 0.0359375 0.034375
0 0.70234375 0.57265625 0.034375 0.0390625
0 0.7328125 0.59140625 0.0359375 0.034375
0 0.73359375 0.63046875 0.0359375 0.0328125
0 0.74765625 0.665625 0.0390625 0.0359375
0 0.79296875 0.68359375 0.0359375 0.0359375
0 0.80703125 0.65703125 0.0359375 0.034375
0 0.76328125 0.60859375 0.0359375 0.0328125
0 0.8265625 0.5671875 0.0421875 0.0359375
0 0.75234375 0.51484375 0.0359375 0.0328125
0 0.76484375 0.446875 0.0359375 0.0328125
0 0.7453125 0.39609375 0.0359375 0.0328125
0 0.8109375 0.7609375 0.034375 0.034375
0 0.81484375 0.36953125 0.0390625 0.0359375
0 0.7890625 0.334375 0.0375 0.034375
0 0.828125 0.3265625 0.0359375 0.0328125
0 0.653125 0.428125 0.034375 0.0328125