0 0.75625 0.69375 0.0359375 0.0359375
0 0.778125 0.64765625 0.0359375 0.0328125
0 0.75234375 0.6140625 0.0375 0.0359375
0 0.6890625 0.9359375 0.04375 0.04375
0 0.61640625 0.84765625 0.046875 0.0421875
0 0.6890625 0.7125 0.0421875 0.0359375
0 0.7296875 0.653125 0.0359375 0.0359375
0 0.70703125 0.6328125 0.0359375 0.03125
0 0.65 0.621875 0.0328125 0.0328125
0 0.68125 0.6203125 0.0359375 0.0328125
0 0.65625 0.65390625 0.0359375 0.0328125
0 0.628125 0.63828125 0.0359375 0.03125
0 0.5015625 0.6015625 0.0390625 0.0375
0 0.59765625 0.60703125 0.0390625 0.034375
0 0.628125 0.6015625 0.0328125 0.03125
0 0.6171875 0.5796875 0.034375 0.0328125
0 0.58828125 0.578125 0.0359375 0.0328125
0 0.56015625 0.565625 0.0359375 0.0328125
0 0.59453125 0.553125 0.034375 0.0328125
0 0.65859375 0.58828125 0.0359375 0.03125
0 0.64140625 0.5546875 0.0328125 0.0328125
0 0.61796875 0.53515625 0.034375 0.0296875
0 0.73046875 0.584375 0.034375 0.0296875
0 0.7015625 0.584375 0.0359375 0.0328125
0 0.6765625 0.559375 0.0359375 0.03125
0 0.734375 0.56015625 0.0328125 0.03125
0 0.70625 0.5546875 0.0359375 0.03125
0 0.77109375 0.56015625 0.03125 0.028125
0 0.7671875 0.51328125 0.028125 0.028125
0 0.76640625 0.5375 0.028125 0.0265625
0 0.74453125 0.5203125 0.03125 0.0296875
0 0.79296875 0.5453125 0.0328125 0.0296875
0 0.79296875 0.515625 0.0328125 0.0296875
0 0.803125 0.45546875 0.028125 0.028125
0 0.80234375 0.434375 0.03125 0.028125
0 0.8015625 0.48203125 0.0296875 0.0265625
0 0.7703125 0.47109375 0.0296875 0.0265625
0 0.77890625 0.45234375 0.03125 0.0265625
0 0.7828125 0.4921875 0.03125 0.0265625
0 0.7546875 0.490625 0.03125 0.0296875
0 0.73125 0.49296875 0.0328125 0.0296875
0 0.7203125 0.52109375 0.0328125 0.0296875
0 0.7015625 0.50234375 0.034375 0.0265625
0 0.7046875 0.47890625 0.034375 0.0265625
0 0.74140625 0.46328125 0.03125 0.0265625
0 0.7578125 0.4390625 0.0328125 0.0296875
0 0.77578125 0.41953125 0.0328125 0.0296875
0 0.77734375 0.3953125 0.028125 0.0265625
0 0.753125 0.396875 0.028125 0.0265625
0 0.7671875 0.3734375 0.028125 0.028125
0 0.7375 0.4109375 0.028125 0.028125
0 0.7046875 0.29140625 0.0296875 0.028125
0 0.74296875 0.35 0.0328125 0.0296875
0 0.7296875 0.3875 0.0296875 0.0265625
0 0.71875 0.36484375 0.0296875 0.0296875
0 0.69609375 0.35859375 0.028125 0.028125
0 0.6734375 0.3640625 0.0296875 0.0296875
0 0.7078125 0.41796875 0.03125 0.0296875
0 0.67421875 0.38984375 0.0328125 0.0296875
0 0.65078125 0.3734375 0.0296875 0.0265625
0 0.68125 0.428125 0.028125 0.0265625
0 0.6265625 0.3859375 0.028125 0.028125
0 0.6515625 0.42890625 0.03125 0.0265625
0 0.603125 0.3953125 0.034375 0.0265625
0 0.646875 0.4515625 0.0296875 0.0265625
0 0.58671875 0.415625 0.0328125 0.0296875
0 0.62265625 0.44375 0.0296875 0.0296875
0 0.5984375 0.440625 0.03125 0.028125
0 0.5625 0.43203125 0.0328125 0.03125
0 0.603125 0.47734375 0.0328125 0.0296875
0 0.5703125 0.47265625 0.0328125 0.0296875
0 0.5421875 0.47890625 0.0328125 0.0296875
0 0.4859375 0.50859375 0.034375 0.0328125
0 0.509375 0.4875 0.0328125 0.0296875
0 0.51015625 0.46328125 0.0328125 0.0296875
0 0.53046875 0.4296875 0.03125 0.03125
0 0.5890625 0.36328125 0.0328125 0.028125
0 0.61640625 0.35546875 0.03125 0.0265625
0 0.66796875 0.28671875 0.03125 0.028125
0 0.6234375 0.20546875 0.03125 0.0265625
0 0.50546875 0.25234375 0.028125 0.0265625
0 0.553125 0.24765625 0.03125 0.0234375
0 0.52734375 0.25390625 0.0265625 0.021875
0 0.534375 0.28125 0.028125 0.0265625
0 0.49375 0.26875 0.0296875 0.025
0 0.4765625 0.48515625 0.034375 0.0296875
0 0.5015625 0.425 0.0328125 0.0296875
0 0.47421875 0.40703125 0.03125 0.028125
0 0.49296875 0.38984375 0.0328125 0.0296875
0 0.4859375 0.35859375 0.028125 0.028125
0 0.50234375 0.334375 0.03125 0.0296875
0 0.46640625 0.34140625 0.028125 0.0265625
0 0.4734375 0.32109375 0.028125 0.028125
0 0.43515625 0.234375 0.03125 0.028125
0 0.43203125 0.403125 0.0328125 0.0296875
0 0.40703125 0.45 0.0328125 0.03125
0 0.35234375 0.3859375 0.0328125 0.0296875
0 0.2625 0.60390625 0.0359375 0.0359375
0 0.21015625 0.57421875 0.0390625 0.0375