0 0.89140625 0.571875 0.0328125 0.0453125
0 0.875 0.54140625 0.0296875 0.0421875
0 0.7875 0.6609375 0.03125 0.0421875
0 0.7671875 0.6328125 0.03125 0.0421875
0 0.75390625 0.58984375 0.0359375 0.0421875
0 0.76171875 0.68984375 0.0359375 0.0421875
0 0.73984375 0.83671875 0.0328125 0.0421875
0 0.65234375 0.82734375 0.034375 0.0421875
0 0.6328125 0.80078125 0.0328125 0.0421875
0 0.61640625 0.73203125 0.0359375 0.0453125
0 0.58359375 0.809375 0.034375 0.0453125
0 0.596875 0.7703125 0.034375 0.0453125
0 0.86796875 0.33671875 0.034375 0.0453125
0 0.75703125 0.38828125 0.0328125 0.0421875
0 0.83203125 0.29921875 0.0328125 0.0453125
0 0.7921875 0.29375 0.0328125 0.0421875
0 0.81796875 0.26484375 0.0328125 0.0390625
0 0.78984375 0.234375 0.0328125 0.0453125
0 0.73046875 0.1953125 0.0359375 0.04375
0 0.66328125 0.23125 0.0359375 0.0421875
0 0.62734375 0.153125 0.0375 0.046875
0 0.56171875 0.15625 0.0328125 0.0453125
0 0.6515625 0.3671875 0.0328125 0.0421875
0 0.61328125 0.33515625 0.0328125 0.0453125
0 0.6203125 0.5859375 0.0328125 0.0421875
0 0.5953125 0.559375 0.0328125 0.04375
0 0.55703125 0.52265625 0.034375 0.04375
0 0.5453125 0.44765625 0.0328125 0.0421875
0 0.56328125 0.38203125 0.034375 0.0421875
0 0.52734375 0.4171875 0.0328125 0.0453125
0 0.528125 0.37421875 0.0328125 0.0421875
0 0.51328125 0.340625 0.0359375 0.0421875
0 0.52265625 0.303125 0.0328125 0.0453125
0 0.52890625 0.26328125 0.034375 0.0453125
0 0.4890625 0.29140625 0.0328125 0.028125
0 0.49453125 0.2671875 0.03125 0.0421875
0 0.5 0.21796875 0.0328125 0.0453125
0 0.490625 0.17734375 0.0296875 0.0421875
0 0.44921875 0.17890625 0.034375 0.0421875
0 0.45078125 0.1375 0.034375 0.04375
0 0.4703125 0.21015625 0.03125 0.0390625
0 0.4421875 0.22421875 0.0296875 0.0421875
0 0.41953125 0.1953125 0.0328125 0.04375
0 0.3890625 0.18671875 0.0328125 0.0453125
0 0.46328125 0.26328125 0.034375 0.0453125
0 0.484375 0.325 0.0328125 0.0421875
0 0.459375 0.35390625 0.0328125 0.04375
0 0.4640625 0.4203125 0.0328125 0.0421875
0 0.4875 0.36484375 0.0296875 0.0421875
0 0.47890625 0.47734375 0.0375 0.0421875
0 0.44453125 0.3890625 0.03125 0.040625
0 0.4421875 0.50078125 0.0328125 0.0421875
0 0.434375 0.43203125 0.0359375 0.0453125
0 0.40546875 0.42109375 0.0328125 0.0390625
0 0.41796875 0.34921875 0.0265625 0.0421875
0 0.378125 0.37109375 0.0234375 0.0421875
0 0.4 0.3578125 0.0296875 0.0421875
0 0.39375 0.31796875 0.034375 0.0421875
0 0.365625 0.3359375 0.0328125 0.0421875
0 0.3765625 0.41171875 0.0328125 0.040625
0 0.41484375 0.46171875 0.0328125 0.0390625
0 0.38359375 0.46171875 0.0328125 0.0421875
0 0.4109375 0.53828125 0.0328125 0.0390625
0 0.403125 0.4984375 0.0328125 0.040625
0 0.440625 0.5484375 0.034375 0.0421875
0 0.48671875 0.64375 0.0328125 0.04375
0 0.48515625 0.5984375 0.034375 0.0453125
0 0.5203125 0.6453125 0.0328125 0.0453125
0 0.5140625 0.8328125 0.0328125 0.0421875
0 0.46875 0.79140625 0.0328125 0.0421875
0 0.43046875 0.76953125 0.0296875 0.0421875
0 0.45625 0.8390625 0.0328125 0.04375
0 0.43671875 0.8046875 0.0296875 0.0390625
0 0.41171875 0.85078125 0.0328125 0.0453125
0 0.36640625 0.87734375 0.0328125 0.0421875
0 0.3625 0.8359375 0.0328125 0.0453125
0 0.33125 0.834375 0.0328125 0.04375
0 0.34375 0.75390625 0.0328125 0.0453125
0 0.3109375 0.7578125 0.03125 0.04375
0 0.30234375 0.8484375 0.0296875 0.046875
0 0.284375 0.909375 0.0359375 0.0453125
0 0.271875 0.84453125 0.034375 0.0421875
0 0.24453125 0.88046875 0.0328125 0.04375
0 0.259375 0.81015625 0.0328125 0.0421875
0 0.23359375 0.78515625 0.0328125 0.040625
0 0.20234375 0.77578125 0.0359375 0.0390625
0 0.2625 0.73828125 0.0375 0.0484375
0 0.23671875 0.68828125 0.0328125 0.046875
0 0.26015625 0.6609375 0.034375 0.0484375
0 0.20625 0.67890625 0.0296875 0.04375
0 0.16015625 0.65859375 0.0359375 0.0453125
0 0.1328125 0.62421875 0.0328125 0.04375
0 0.090625 0.61875 0.0328125 0.0421875
0 0.11328125 0.59140625 0.0328125 0.040625
0 0.1703125 0.55390625 0.0328125 0.0421875
0 0.18046875 0.5140625 0.0328125 0.0421875
0 0.1203125 0.54140625 0.0328125 0.0421875
0 0.08984375 0.5484375 0.0328125 0.0453125
0 0.30390625 0.221875 0.0375 0.0453125