0 0.5234375 0.11640625 0.03046875 0.03359375
0 0.3375 0.221875 0.0296875 0.0296875
0 0.5484375 0.1765625 0.02890625 0.03125
0 0.5875 0.15859375 0.0296875 0.03203125
0 0.4515625 0.309375 0.02734375 0.028125
0 0.390625 0.31171875 0.028125 0.02890625
0 0.47890625 0.35390625 0.028125 0.028125
0 0.51875 0.240625 0.02734375 0.03046875
0 0.55625 0.1484375 0.03125 0.0328125
0 0.36796875 0.3265625 0.02578125 0.0265625
0 0.3984375 0.3546875 0.0296875 0.02890625
0 0.409375 0.4265625 0.0265625 0.02734375
0 0.49453125 0.25390625 0.02734375 0.0296875
0 0.43046875 0.32734375 0.02734375 0.028125
0 0.47109375 0.459375 0.02734375 0.02734375
0 0.44296875 0.4171875 0.028125 0.02734375
0 0.5640625 0.215625 0.02890625 0.03125
0 0.44375 0.50390625 0.0265625 0.0265625
0 0.521875 0.26875 0.02890625 0.03046875
0 0.48515625 0.4 0.028125 0.028125
0 0.44921875 0.47265625 0.02578125 0.02734375
0 0.546875 0.240625 0.0265625 0.0296875
0 0.42734375 0.48203125 0.025 0.02578125
0 0.41875 0.39140625 0.028125 0.028125
0 0.57265625 0.1890625 0.02890625 0.03125
0 0.5140625 0.184375 0.0296875 0.03125
0 0.384375 0.378125 0.028125 0.028125
0 0.41484375 0.45 0.0265625 0.0265625
0 0.53828125 0.3015625 0.0265625 0.02890625
0 0.55 0.27109375 0.02734375 0.03046875
0 0.4734375 0.42421875 0.02578125 0.028125
0 0.60625 0.18671875 0.028125 0.0296875
0 0.41953125 0.51484375 0.025 0.02578125
0 0.46328125 0.540625 0.025 0.02578125
0 0.403125 0.471875 0.025 0.025
0 0.5875 0.2296875 0.028125 0.03046875
0 0.44375 0.5296875 0.025 0.025
0 0.48515625 0.47890625 0.02578125 0.02734375
0 0.56328125 0.309375 0.02734375 0.02890625
0 0.48515625 0.19375 0.03125 0.03125
0 0.40390625 0.49609375 0.02578125 0.02578125
0 0.5125 0.29453125 0.02734375 0.02890625
0 0.57109375 0.25234375 0.0265625 0.02890625
0 0.41640625 0.53984375 0.02578125 0.02578125
0 0.48515625 0.50390625 0.02578125 0.02734375
0 0.48515625 0.5296875 0.025 0.02578125
0 0.35625 0.35625 0.03046875 0.02890625
0 0.38203125 0.42734375 0.02734375 0.02734375
0 0.440625 0.55390625 0.025 0.025
0 0.49453125 0.45078125 0.02578125 0.0265625
0 0.42421875 0.59375 0.02421875 0.028125
0 0.43984375 0.57734375 0.02421875 0.025
0 0.503125 0.215625 0.02890625 0.03125
0 0.534375 0.21015625 0.03203125 0.03203125
0 0.41171875 0.6125 0.025 0.025
0 0.35625 0.7140625 0.02421875 0.02421875
0 0.37421875 0.67265625 0.02421875 0.02421875
0 0.4453125 0.60390625 0.025 0.025
0 0.51328125 0.36953125 0.03125 0.02890625
0 0.39921875 0.728125 0.0234375 0.021875
0 0.38515625 0.74453125 0.02265625 0.0234375
0 0.39609375 0.6625 0.02421875 0.0234375
0 0.43828125 0.6625 0.02421875 0.02421875
0 0.3875 0.453125 0.0265625 0.02734375
0 0.4640625 0.49140625 0.02578125 0.0265625
0 0.38046875 0.5046875 0.02578125 0.0265625
0 0.33671875 0.88359375 0.02265625 0.02265625
0 0.3421875 0.75546875 0.02421875 0.02421875
0 0.47890625 0.2296875 0.0296875 0.0328125
0 0.46171875 0.58671875 0.025 0.025
0 0.39609375 0.55390625 0.02578125 0.02578125
0 0.43984375 0.44765625 0.025 0.0265625
0 0.4171875 0.565625 0.025 0.025
0 0.39375 0.6859375 0.02421875 0.025
0 0.334375 0.703125 0.025 0.025
0 0.36015625 0.784375 0.0234375 0.02265625
0 0.35625 0.65703125 0.025 0.02421875
0 0.3578125 0.63203125 0.02578125 0.02578125
0 0.3765625 0.72578125 0.0234375 0.0234375
0 0.37734375 0.646875 0.025 0.025
0 0.509375 0.49765625 0.0265625 0.0265625
0 0.434375 0.62265625 0.025 0.02421875
0 0.3375 0.7953125 0.02421875 0.02265625
0 0.31796875 0.72421875 0.02421875 0.02421875
0 0.38671875 0.6125 0.02578125 0.02734375
0 0.50625 0.54765625 0.02578125 0.025
0 0.35 0.6875 0.02578125 0.025
0 0.340625 0.7328125 0.025 0.0234375
0 0.34765625 0.85625 0.0234375 0.021875
0 0.46328125 0.5171875 0.02421875 0.02578125
0 0.3953125 0.40390625 0.02578125 0.02578125
0 0.29921875 0.8015625 0.02421875 0.02265625
0 0.46171875 0.6625 0.025 0.025
0 0.4875 0.28046875 0.02734375 0.028125
0 0.31015625 0.70234375 0.025 0.02578125
0 0.3796875 0.8015625 0.0234375 0.02265625
0 0.41484375 0.675 0.02265625 0.02265625
0 0.48359375 0.5578125 0.025 0.02578125
0 0.50859375 0.521875 0.02578125 0.0265625
0 0.51484375 0.40546875 0.028125 0.0265625
0 0.45234375 0.68046875 0.025 0.0234375
0 0.42265625 0.64375 0.02421875 0.02421875
0 0.32734375 0.86328125 0.021875 0.02109375
0 0.3390625 0.7765625 0.02421875 0.02421875
0 0.4859375 0.5828125 0.025 0.025
0 0.36875 0.82265625 0.021875 0.021875
0 0.37265625 0.69375 0.02265625 0.021875
0 0.3921875 0.7078125 0.0234375 0.0234375
0 0.36953125 0.8625 0.02265625 0.02109375
0 0.28125 0.78828125 0.02578125 0.0234375
0 0.446875 0.6421875 0.02421875 0.02265625
0 0.3125 0.82734375 0.02265625 0.02265625
0 0.321875 0.74375 0.0234375 0.02265625
0 0.3046875 0.8625 0.0234375 0.02265625
0 0.38203125 0.83984375 0.0234375 0.021875
0 0.321875 0.80859375 0.02421875 0.0234375
0 0.4609375 0.56640625 0.02578125 0.0265625
0 0.428125 0.7953125 0.0234375 0.02265625
0 0.39453125 0.7859375 0.0234375 0.021875
0 0.2921875 0.834375 0.0234375 0.021875
0 0.42734375 0.71640625 0.0234375 0.02265625
0 0.35859375 0.840625 0.021875 0.0234375
0 0.4140625 0.77421875 0.0234375 0.02265625
0 0.40703125 0.803125 0.0234375 0.0234375
0 0.46875 0.61640625 0.025 0.0265625
0 0.40703125 0.75390625 0.0234375 0.021875
0 0.31796875 0.76484375 0.0234375 0.0234375
0 0.33203125 0.83671875 0.0203125 0.02109375
0 0.3453125 0.81953125 0.021875 0.02109375
0 0.421875 0.7359375 0.0234375 0.02265625
0 0.3140625 0.846875 0.021875 0.021875
0 0.3578125 0.8046875 0.02265625 0.021875
0 0.43359375 0.6890625 0.0234375 0.0234375
0 0.40390625 0.8375 0.0234375 0.02421875
0 0.36484375 0.7640625 0.02421875 0.0234375
0 0.4 0.63359375 0.0234375 0.021875
0 0.31171875 0.784375 0.025 0.0234375
0 0.3875 0.7671875 0.025 0.02265625
0 0.36171875 0.74296875 0.02265625 0.0234375
0 0.29375 0.759375 0.02578125 0.02421875
0 0.4 0.5828125 0.02421875 0.0234375
0 0.39140625 0.81953125 0.02265625 0.0234375
0 0.41328125 0.6984375 0.021875 0.021875
0 0.39296875 0.53046875 0.028125 0.0265625