0 0.6859375 0.4671875 0.01484375 0.01484375
0 0.47109375 0.40546875 0.0140625 0.0140625
0 0.51328125 0.42421875 0.0140625 0.01484375
0 0.5671875 0.446875 0.0125 0.0140625
0 0.55703125 0.41796875 0.0125 0.01328125
0 0.5609375 0.43125 0.0125 0.01328125
0 0.55546875 0.44609375 0.01328125 0.0140625
0 0.5828125 0.465625 0.01640625 0.015625
0 0.57578125 0.4828125 0.0140625 0.01484375
0 0.52890625 0.49921875 0.01484375 0.0140625
0 0.525 0.52265625 0.0140625 0.01484375
0 0.53984375 0.52109375 0.0125 0.0140625
0 0.553125 0.5140625 0.01328125 0.01328125
0 0.5578125 0.5265625 0.01328125 0.0125
0 0.56171875 0.5390625 0.01328125 0.0140625
0 0.68203125 0.55078125 0.01484375 0.0171875
0 0.66484375 0.56171875 0.015625 0.0125
0 0.66953125 0.575 0.0140625 0.01328125
0 0.67578125 0.58671875 0.01484375 0.0140625
0 0.6703125 0.603125 0.0140625 0.01484375
0 0.67265625 0.61796875 0.01328125 0.01328125
0 0.67578125 0.63125 0.01484375 0.015625
0 0.62109375 0.56171875 0.01328125 0.01484375
0 0.62734375 0.57421875 0.0140625 0.01328125
0 0.59765625 0.5890625 0.01328125 0.0140625
0 0.6109375 0.6 0.0140625 0.0140625
0 0.58671875 0.61953125 0.01171875 0.01484375
0 0.59453125 0.60859375 0.01328125 0.01328125
0 0.58046875 0.60625 0.0140625 0.01328125
0 0.575 0.62421875 0.01328125 0.0140625
0 0.553125 0.63125 0.01328125 0.0140625
0 0.53828125 0.61875 0.0140625 0.01484375
0 0.53203125 0.58359375 0.01484375 0.0171875
0 0.41171875 0.52421875 0.0140625 0.01484375
0 0.40859375 0.5078125 0.01328125 0.015625
0 0.49921875 0.55078125 0.01484375 0.015625
0 0.47734375 0.5390625 0.01171875 0.0140625
0 0.471875 0.553125 0.0125 0.0140625
0 0.4640625 0.53671875 0.01328125 0.01171875
0 0.459375 0.54921875 0.01328125 0.01328125
0 0.4671875 0.52421875 0.01328125 0.01328125
0 0.48125 0.51953125 0.01484375 0.0140625
0 0.4328125 0.53046875 0.0140625 0.01328125
0 0.44765625 0.53203125 0.0140625 0.015625
0 0.42890625 0.50390625 0.01484375 0.0125
0 0.43125 0.51640625 0.01328125 0.01328125
0 0.42109375 0.49375 0.0125 0.01328125
0 0.4390625 0.496875 0.01328125 0.01328125
0 0.40859375 0.490625 0.0125 0.0125
0 0.41875 0.48125 0.01328125 0.0140625
0 0.43125 0.4859375 0.01328125 0.01328125
0 0.40625 0.478125 0.01328125 0.0125
0 0.43359375 0.47265625 0.0140625 0.01328125
0 0.41640625 0.46796875 0.0125 0.0125
0 0.428125 0.459375 0.01328125 0.0140625
0 0.46328125 0.46171875 0.01484375 0.0140625
0 0.4703125 0.47265625 0.0140625 0.0140625
0 0.41484375 0.45546875 0.01328125 0.0125
0 0.4203125 0.44375 0.0125 0.0140625
0 0.30859375 0.425 0.01484375 0.01328125
0 0.309375 0.4390625 0.0140625 0.0140625
0 0.3953125 0.43203125 0.0140625 0.01328125
0 0.40078125 0.44453125 0.015625 0.0125
0 0.39609375 0.459375 0.01484375 0.01484375
0 0.390625 0.47265625 0.01328125 0.01328125
0 0.3921875 0.4875 0.0140625 0.0140625
0 0.3953125 0.50390625 0.01171875 0.0140625
0 0.37109375 0.4890625 0.0140625 0.0140625
0 0.3828125 0.496875 0.0140625 0.0140625
0 0.3828125 0.51171875 0.01328125 0.0140625
0 0.39765625 0.51953125 0.0140625 0.0125
0 0.39765625 0.53203125 0.0140625 0.0125
0 0.3921875 0.5453125 0.0125 0.0140625
0 0.40390625 0.60390625 0.01484375 0.01640625
0 0.44609375 0.5625 0.0140625 0.0140625
0 0.4828125 0.5703125 0.0140625 0.015625
0 0.48359375 0.58828125 0.01328125 0.01484375
0 0.48203125 0.6046875 0.01484375 0.01484375
0 0.4828125 0.625 0.0140625 0.015625
0 0.4984375 0.634375 0.01484375 0.01640625
0 0.51796875 0.66328125 0.01484375 0.0171875
0 0.68515625 0.659375 0.01640625 0.01640625
0 0.50859375 0.678125 0.0140625 0.01796875
0 0.675 0.67265625 0.01640625 0.0171875