0 0.4921875 0.3609375 0.01328125 0.01015625
0 0.48359375 0.3671875 0.0125 0.01015625
0 0.47109375 0.359375 0.01484375 0.009375
0 0.49453125 0.3734375 0.0125 0.01015625
0 0.46796875 0.36875 0.01328125 0.01015625
0 0.5046875 0.38125 0.01328125 0.01015625
0 0.471875 0.384375 0.0125 0.01015625
0 0.4578125 0.3875 0.0125 0.01171875
0 0.51171875 0.39609375 0.015625 0.009375
0 0.53984375 0.39609375 0.01484375 0.0109375
0 0.5125 0.40546875 0.01484375 0.01015625
0 0.5421875 0.40625 0.0140625 0.01015625
0 0.50390625 0.4125 0.0140625 0.009375
0 0.528125 0.4140625 0.0125 0.0109375
0 0.57109375 0.41015625 0.01484375 0.0109375
0 0.55078125 0.41328125 0.0140625 0.00859375
0 0.58046875 0.42265625 0.0140625 0.0109375
0 0.5609375 0.41796875 0.0125 0.009375
0 0.53203125 0.42890625 0.0125 0.009375
0 0.56171875 0.42734375 0.01484375 0.009375
0 0.53203125 0.43828125 0.0140625 0.01015625
0 0.5578125 0.4359375 0.0140625 0.009375
0 0.56953125 0.446875 0.0125 0.0109375
0 0.55703125 0.4453125 0.01328125 0.01015625
0 0.5609375 0.4609375 0.0140625 0.0109375
0 0.54765625 0.46875 0.01328125 0.009375
0 0.53671875 0.46484375 0.01328125 0.01015625
0 0.5578125 0.47421875 0.0125 0.009375
0 0.5421875 0.47734375 0.0125 0.0109375
0 0.55546875 0.49140625 0.0125 0.01015625
0 0.5484375 0.5140625 0.0140625 0.0109375
0 0.5359375 0.5171875 0.01484375 0.01015625
0 0.52265625 0.52265625 0.0140625 0.01015625
0 0.55390625 0.5359375 0.0125 0.01015625
0 0.5453125 0.528125 0.01171875 0.009375
0 0.55703125 0.5640625 0.0140625 0.01015625
0 0.509375 0.56953125 0.01328125 0.0109375
0 0.49921875 0.5765625 0.01484375 0.01015625
0 0.48984375 0.56875 0.01328125 0.0109375
0 0.47734375 0.5640625 0.01328125 0.01015625
0 0.4125 0.5625 0.01484375 0.0109375
0 0.39453125 0.596875 0.01328125 0.0109375
0 0.4703125 0.61015625 0.0140625 0.01171875
0 0.459375 0.60390625 0.0125 0.0109375
0 0.38359375 0.5859375 0.01328125 0.0109375
0 0.3828125 0.57265625 0.0140625 0.0109375
0 0.371875 0.5796875 0.0125 0.01015625
0 0.36171875 0.5703125 0.015625 0.01015625
0 0.35234375 0.55078125 0.015625 0.0109375
0 0.36484375 0.5296875 0.0140625 0.0109375
0 0.33984375 0.5171875 0.01484375 0.0109375
0 0.40703125 0.528125 0.01484375 0.0109375
0 0.39921875 0.515625 0.0140625 0.01015625
0 0.34296875 0.496875 0.0125 0.01015625
0 0.41328125 0.50078125 0.01328125 0.009375
0 0.47734375 0.52265625 0.0140625 0.0109375
0 0.46953125 0.5140625 0.0140625 0.01015625
0 0.4578125 0.50078125 0.01484375 0.01015625
0 0.43515625 0.49609375 0.0125 0.009375
0 0.42421875 0.48984375 0.0140625 0.009375
0 0.41171875 0.4890625 0.01328125 0.01015625
0 0.40078125 0.484375 0.0125 0.01015625
0 0.38984375 0.4859375 0.0140625 0.009375
0 0.37734375 0.48828125 0.0125 0.01015625
0 0.41015625 0.47734375 0.01328125 0.01015625
0 0.396875 0.475 0.0140625 0.01015625
0 0.3640625 0.47890625 0.01328125 0.0109375
0 0.35078125 0.47578125 0.0125 0.009375
0 0.33984375 0.4625 0.01328125 0.0109375
0 0.3625 0.46953125 0.0140625 0.01015625
0 0.37734375 0.478125 0.0078125 0.009375
0 0.378125 0.46796875 0.0125 0.01015625
0 0.36796875 0.46171875 0.01328125 0.01015625
0 0.3828125 0.47578125 0.0125 0.009375
0 0.35390625 0.4625 0.01328125 0.009375
0 0.3578125 0.45390625 0.01484375 0.009375
0 0.35703125 0.44453125 0.01484375 0.01015625
0 0.40625 0.46796875 0.0140625 0.01015625
0 0.44453125 0.47578125 0.0140625 0.01171875
0 0.42734375 0.47109375 0.01328125 0.00859375
0 0.4171875 0.46484375 0.0125 0.01015625
0 0.453125 0.4640625 0.0125 0.00859375
0 0.43125 0.46171875 0.0125 0.00859375
0 0.42734375 0.45234375 0.01171875 0.00859375
0 0.40859375 0.44921875 0.0125 0.0078125
0 0.39765625 0.4484375 0.0140625 0.01015625
0 0.4140625 0.44453125 0.01171875 0.00859375
0 0.40234375 0.43984375 0.0140625 0.01015625
0 0.40625 0.45546875 0.0125 0.00859375
0 0.36875 0.41875 0.01484375 0.0109375
0 0.425 0.44375 0.0125 0.01015625
0 0.43984375 0.45625 0.0125 0.009375
0 0.44140625 0.446875 0.01328125 0.009375
0 0.46484375 0.45546875 0.0125 0.01015625
0 0.4515625 0.45234375 0.01328125 0.009375
0 0.4671875 0.46484375 0.0125 0.01015625
0 0.48203125 0.4796875 0.0140625 0.01015625
0 0.49609375 0.49140625 0.01328125 0.0109375
0 0.49765625 0.48125 0.01328125 0.009375