0 0.44921875 0.44375 0.0125 0.015625
0 0.4578125 0.43828125 0.0109375 0.0140625
0 0.46875 0.415625 0.0125 0.0171875
0 0.48125 0.41640625 0.0109375 0.0140625
0 0.4828125 0.40078125 0.0140625 0.015625
0 0.48828125 0.43828125 0.0125 0.0140625
0 0.4953125 0.428125 0.0125 0.0171875
0 0.45546875 0.45234375 0.0109375 0.0140625
0 0.41875 0.4859375 0.0125 0.0140625
0 0.44296875 0.4859375 0.0140625 0.0171875
0 0.46015625 0.48359375 0.0109375 0.0140625
0 0.46796875 0.49296875 0.0109375 0.0140625
0 0.4765625 0.49765625 0.0109375 0.0140625
0 0.48046875 0.5078125 0.0109375 0.0140625
0 0.48359375 0.51875 0.0109375 0.0125
0 0.46640625 0.52890625 0.0109375 0.0140625
0 0.478125 0.5296875 0.0125 0.0140625
0 0.49609375 0.5203125 0.0109375 0.0140625
0 0.50859375 0.50859375 0.0109375 0.0140625
0 0.51953125 0.50625 0.0109375 0.0140625
0 0.5078125 0.45234375 0.0125 0.0140625
0 0.5375 0.446875 0.0140625 0.0140625
0 0.553125 0.434375 0.0109375 0.0140625
0 0.553125 0.39453125 0.0140625 0.015625
0 0.4828125 0.6703125 0.015625 0.0171875
0 0.4953125 0.67109375 0.0109375 0.0140625
0 0.515625 0.69140625 0.0109375 0.0140625
0 0.509375 0.6828125 0.0109375 0.0140625
0 0.5140625 0.6578125 0.0109375 0.0140625
0 0.52265625 0.6484375 0.0109375 0.0125
0 0.53359375 0.64453125 0.0109375 0.0140625
0 0.5359375 0.659375 0.0109375 0.0140625
0 0.52734375 0.6890625 0.0109375 0.0125
0 0.5390625 0.66875 0.0109375 0.0125
0 0.54609375 0.659375 0.0109375 0.0125
0 0.5375 0.68125 0.009375 0.0140625
0 0.54609375 0.68359375 0.0109375 0.0140625
0 0.5546875 0.67734375 0.0109375 0.0140625
0 0.55625 0.665625 0.0109375 0.0125
0 0.47421875 0.56875 0.0125 0.0171875
0 0.484375 0.5703125 0.0109375 0.0140625
0 0.4984375 0.58359375 0.0109375 0.0140625
0 0.50625 0.5703125 0.0109375 0.0140625
0 0.50078125 0.5609375 0.0109375 0.0140625
0 0.52265625 0.5515625 0.0109375 0.0140625
0 0.5359375 0.5375 0.0109375 0.0140625
0 0.5328125 0.56171875 0.0109375 0.0140625
0 0.53828125 0.54765625 0.0109375 0.0140625
0 0.51015625 0.6140625 0.009375 0.0140625
0 0.50546875 0.62578125 0.009375 0.0140625
0 0.4953125 0.62265625 0.0109375 0.0140625
0 0.51484375 0.62578125 0.0109375 0.0140625
0 0.5203125 0.6140625 0.009375 0.0125
0 0.53046875 0.60703125 0.0109375 0.0125
0 0.52734375 0.61328125 0.0109375 0.0109375
0 0.53984375 0.59921875 0.0109375 0.0140625
0 0.55859375 0.63046875 0.0109375 0.0140625
0 0.5546875 0.6203125 0.0109375 0.0140625
0 0.5625 0.6125 0.0109375 0.0140625
0 0.57109375 0.6078125 0.0109375 0.0140625
0 0.57265625 0.5953125 0.0109375 0.0140625
0 0.56484375 0.5703125 0.0109375 0.0140625
0 0.56015625 0.58125 0.0109375 0.0140625
0 0.55390625 0.57421875 0.0109375 0.0140625
0 0.55390625 0.56484375 0.0078125 0.0109375
0 0.5578125 0.56015625 0.0078125 0.0125
0 0.5578125 0.546875 0.0109375 0.0125
0 0.56640625 0.52890625 0.0109375 0.0140625
0 0.57578125 0.52421875 0.0109375 0.0140625
0 0.54140625 0.5 0.009375 0.0109375
0 0.5328125 0.50390625 0.0109375 0.0125
0 0.54375 0.51328125 0.0109375 0.0125
0 0.5390625 0.50703125 0.009375 0.0125
0 0.55 0.525 0.0109375 0.0140625
0 0.55859375 0.5 0.0109375 0.0078125
0 0.5578125 0.5078125 0.009375 0.009375
0 0.5578125 0.51640625 0.0109375 0.0140625
0 0.55 0.49453125 0.0109375 0.0140625
0 0.56171875 0.4921875 0.0109375 0.0140625
0 0.56171875 0.4796875 0.0109375 0.0125
0 0.565625 0.46328125 0.0109375 0.0109375
0 0.5703125 0.45546875 0.0109375 0.0140625
0 0.584375 0.4359375 0.0109375 0.0140625
0 0.578125 0.46328125 0.0109375 0.0125
0 0.56875 0.50078125 0.009375 0.0109375
0 0.57421875 0.48515625 0.009375 0.0125
0 0.584375 0.47265625 0.0078125 0.0140625
0 0.5765625 0.49140625 0.009375 0.0140625
0 0.57734375 0.47421875 0.009375 0.0109375
0 0.58125 0.5015625 0.0109375 0.0140625
0 0.58515625 0.484375 0.009375 0.0125
0 0.5921875 0.4734375 0.009375 0.0140625
0 0.59375 0.48828125 0.0109375 0.0140625
0 0.603125 0.45859375 0.0109375 0.0140625
0 0.6 0.496875 0.0109375 0.0140625
0 0.61875 0.48359375 0.0125 0.0140625
0 0.62578125 0.57265625 0.0109375 0.0140625
0 0.61796875 0.565625 0.0109375 0.0125