0 0.55234375 0.9171875 0.034375 0.034375
0 0.50703125 0.89140625 0.03125 0.034375
0 0.54296875 0.8703125 0.0296875 0.0375
0 0.5796875 0.8859375 0.03125 0.0359375
0 0.56953125 0.84921875 0.03125 0.034375
0 0.54453125 0.83125 0.0296875 0.03125
0 0.51640625 0.821875 0.028125 0.03125
0 0.453125 0.86953125 0.034375 0.0375
0 0.48828125 0.83125 0.028125 0.034375
0 0.4609375 0.81875 0.0296875 0.03125
0 0.43671875 0.8375 0.028125 0.03125
0 0.44140625 0.79921875 0.028125 0.034375
0 0.4609375 0.7796875 0.0296875 0.03125
0 0.4828125 0.75546875 0.028125 0.03125
0 0.48671875 0.7984375 0.0265625 0.03125
0 0.5109375 0.7796875 0.0328125 0.034375
0 0.53828125 0.796875 0.028125 0.034375
0 0.56484375 0.80703125 0.03125 0.034375
0 0.59453125 0.83203125 0.0359375 0.0375
0 0.25390625 0.79609375 0.025 0.03125
0 0.26796875 0.77734375 0.021875 0.028125
0 0.28671875 0.76640625 0.0234375 0.028125
0 0.2671875 0.734375 0.021875 0.028125
0 0.28671875 0.734375 0.025 0.03125
0 0.29453125 0.79921875 0.025 0.0328125
0 0.30703125 0.778125 0.025 0.028125
0 0.3046875 0.75234375 0.025 0.03125
0 0.33046875 0.76484375 0.0265625 0.03125
0 0.3203125 0.7296875 0.025 0.03125
0 0.325 0.79765625 0.028125 0.0328125
0 0.38125 0.80078125 0.028125 0.0359375
0 0.36015625 0.77421875 0.0234375 0.03125
0 0.34921875 0.746875 0.025 0.03125
0 0.34921875 0.71796875 0.028125 0.0296875
0 0.37421875 0.7328125 0.0265625 0.03125
0 0.38046875 0.7625 0.025 0.028125
0 0.39765625 0.73984375 0.025 0.03125
0 0.41953125 0.75625 0.025 0.03125
0 0.4296875 0.7203125 0.028125 0.03125
0 0.45234375 0.73671875 0.0265625 0.028125
0 0.45390625 0.7046875 0.0234375 0.03125
0 0.48125 0.72265625 0.028125 0.03125
0 0.465625 0.6578125 0.028125 0.034375
0 0.4890625 0.690625 0.028125 0.03125
0 0.509375 0.7484375 0.028125 0.03125
0 0.5109375 0.71484375 0.03125 0.03125
0 0.5171875 0.684375 0.03125 0.034375
0 0.54375 0.76640625 0.0296875 0.03125
0 0.575 0.77109375 0.0296875 0.034375
0 0.6 0.7921875 0.034375 0.034375
0 0.53359375 0.734375 0.028125 0.0328125
0 0.54765625 0.70703125 0.028125 0.03125
0 0.5640625 0.73828125 0.03125 0.03125
0 0.60234375 0.73984375 0.0375 0.034375
0 0.5796875 0.71171875 0.0296875 0.03125
0 0.565625 0.678125 0.0296875 0.034375
0 0.6078125 0.690625 0.034375 0.034375
0 0.29765625 0.64765625 0.0265625 0.034375
0 0.303125 0.56953125 0.025 0.0328125
0 0.3421875 0.49609375 0.025 0.03125
0 0.32890625 0.471875 0.028125 0.028125
0 0.18359375 0.51640625 0.028125 0.025
0 0.18203125 0.48984375 0.025 0.028125
0 0.2546875 0.5328125 0.0265625 0.0296875
0 0.24375 0.459375 0.025 0.0296875
0 0.203125 0.37109375 0.028125 0.0296875
0 0.19140625 0.31640625 0.025 0.028125
0 0.190625 0.26015625 0.025 0.0265625
0 0.21171875 0.24296875 0.0203125 0.028125
0 0.2375 0.2359375 0.025 0.0296875
0 0.25703125 0.2265625 0.0203125 0.028125
0 0.27734375 0.234375 0.028125 0.0296875
0 0.3375 0.3203125 0.028125 0.03125
0 0.35859375 0.36953125 0.025 0.03125
0 0.69453125 0.60625 0.040625 0.04375
0 0.3828125 0.49453125 0.028125 0.0296875
0 0.40234375 0.39140625 0.028125 0.0328125
0 0.4046875 0.42578125 0.025 0.0296875
0 0.42734375 0.41484375 0.0265625 0.03125
0 0.4515625 0.39296875 0.028125 0.03125
0 0.4421875 0.51796875 0.0296875 0.0328125
0 0.43359375 0.48828125 0.025 0.0296875
0 0.4390625 0.46015625 0.028125 0.03125
0 0.46015625 0.4875 0.028125 0.03125
0 0.4515625 0.425 0.028125 0.034375
0 0.46328125 0.44921875 0.025 0.03125
0 0.4828125 0.4265625 0.028125 0.03125
0 0.4796875 0.3953125 0.03125 0.0328125
0 0.48984375 0.45390625 0.028125 0.03125
0 0.503125 0.4859375 0.03125 0.03125
0 0.50546875 0.40859375 0.0296875 0.0359375
0 0.53125 0.3625 0.03125 0.0359375
0 0.53984375 0.48515625 0.0328125 0.0328125
0 0.534375 0.39609375 0.03125 0.0328125
0 0.58203125 0.43359375 0.034375 0.0375
0 0.628125 0.4625 0.034375 0.0375
0 0.6296875 0.4 0.034375 0.0375
0 0.66328125 0.3875 0.034375 0.0359375
0 0.71171875 0.278125 0.0421875 0.04375
0 0.76953125 0.30078125 0.040625 0.04375