0 0.525 0.72265625 0.01953125 0.021875
0 0.55625 0.67421875 0.01796875 0.01875
0 0.58046875 0.67734375 0.01875 0.02109375
0 0.56640625 0.65703125 0.01875 0.0203125
0 0.54765625 0.653125 0.01875 0.021875
0 0.503125 0.64609375 0.01796875 0.01953125
0 0.53515625 0.6328125 0.0171875 0.0203125
0 0.559375 0.6390625 0.01796875 0.01953125
0 0.5875 0.65390625 0.01875 0.0234375
0 0.39140625 0.6515625 0.01796875 0.01875
0 0.34453125 0.70078125 0.01640625 0.0171875
0 0.32578125 0.65390625 0.015625 0.0171875
0 0.29765625 0.675 0.01640625 0.0171875
0 0.27890625 0.68203125 0.01796875 0.01640625
0 0.26328125 0.6703125 0.01640625 0.01640625
0 0.25703125 0.65 0.015625 0.0171875
0 0.17109375 0.675 0.01640625 0.01796875
0 0.1671875 0.65078125 0.0140625 0.0171875
0 0.271875 0.65390625 0.0140625 0.015625
0 0.2703125 0.63359375 0.015625 0.0171875
0 0.284375 0.65546875 0.0140625 0.01796875
0 0.30234375 0.65078125 0.01484375 0.01640625
0 0.28828125 0.6375 0.015625 0.015625
0 0.28203125 0.61796875 0.01796875 0.0171875
0 0.3 0.62734375 0.015625 0.015625
0 0.31640625 0.5984375 0.015625 0.01796875
0 0.3203125 0.58203125 0.01640625 0.0171875
0 0.3703125 0.5609375 0.0171875 0.01796875
0 0.3625 0.540625 0.01640625 0.01796875
0 0.378125 0.53515625 0.01640625 0.0171875
0 0.41640625 0.5484375 0.01640625 0.01875
0 0.4296875 0.52890625 0.015625 0.01796875
0 0.3921875 0.50078125 0.01796875 0.01796875
0 0.4359375 0.5109375 0.0171875 0.01640625
0 0.41875 0.5 0.015625 0.0171875
0 0.41015625 0.4859375 0.01484375 0.0171875
0 0.43515625 0.49375 0.01484375 0.0171875
0 0.425 0.48359375 0.01328125 0.01640625
0 0.45 0.49375 0.015625 0.0171875
0 0.45234375 0.47734375 0.01640625 0.01796875
0 0.4375 0.47578125 0.01484375 0.01796875
0 0.4296875 0.4609375 0.0140625 0.01640625
0 0.4171875 0.46796875 0.0140625 0.01640625
0 0.403125 0.46796875 0.01328125 0.01796875
0 0.38671875 0.4796875 0.015625 0.01796875
0 0.390625 0.459375 0.0140625 0.01640625
0 0.4078125 0.4515625 0.0140625 0.01640625
0 0.42265625 0.44453125 0.0140625 0.01796875
0 0.4453125 0.46015625 0.0140625 0.0171875
0 0.43671875 0.44375 0.015625 0.0171875
0 0.4140625 0.43203125 0.01484375 0.01875
0 0.45390625 0.44375 0.01640625 0.01953125
0 0.4296875 0.4265625 0.0140625 0.01796875
0 0.43203125 0.40703125 0.01796875 0.01640625
0 0.46875 0.4671875 0.01640625 0.01796875
0 0.490625 0.48125 0.0171875 0.01796875
0 0.46953125 0.48671875 0.015625 0.01875
0 0.4875 0.46015625 0.01640625 0.01875
0 0.4984375 0.5078125 0.01796875 0.01875
0 0.50234375 0.54375 0.01796875 0.01875
0 0.51484375 0.5140625 0.015625 0.0203125
0 0.49453125 0.52734375 0.01640625 0.01796875