0 0.609375 0.7671875 0.0234375 0.021875
0 0.503125 0.79140625 0.0234375 0.0203125
0 0.62109375 0.6578125 0.0265625 0.021875
0 0.55625 0.71328125 0.0234375 0.0203125
0 0.66875 0.71484375 0.0234375 0.0203125
0 0.6640625 0.82734375 0.0234375 0.01875
0 0.44453125 0.78828125 0.0234375 0.0203125
0 0.59765625 0.6328125 0.025 0.021875
0 0.515625 0.6796875 0.0265625 0.0234375
0 0.4484375 0.76796875 0.0234375 0.0203125
0 0.6515625 0.8140625 0.025 0.0203125
0 0.73828125 0.81953125 0.0234375 0.0203125
0 0.4921875 0.7765625 0.0234375 0.01875
0 0.65390625 0.69140625 0.0234375 0.0203125
0 0.4859375 0.86171875 0.0234375 0.01875
0 0.60703125 0.68125 0.0234375 0.0203125
0 0.70625 0.86171875 0.0203125 0.0171875
0 0.72578125 0.8515625 0.0234375 0.0171875
0 0.5015625 0.86875 0.021875 0.0171875
0 0.6484375 0.73125 0.0234375 0.0203125
0 0.5390625 0.69453125 0.0234375 0.0203125
0 0.73984375 0.834375 0.0234375 0.0171875
0 0.4671875 0.77421875 0.0234375 0.0203125
0 0.49140625 0.84765625 0.021875 0.0171875
0 0.62734375 0.73359375 0.0234375 0.0203125
0 0.70234375 0.8375 0.0234375 0.01875
0 0.63203125 0.759375 0.0234375 0.0203125
0 0.64296875 0.70625 0.0234375 0.0203125
0 0.47734375 0.7875 0.0234375 0.01875
0 0.634375 0.7734375 0.0234375 0.01875
0 0.59453125 0.70078125 0.0265625 0.021875
0 0.5703125 0.671875 0.0234375 0.0203125
0 0.68203125 0.83203125 0.0234375 0.0171875
0 0.45078125 0.83359375 0.021875 0.01875
0 0.6796875 0.75703125 0.0234375 0.01875
0 0.73203125 0.8625 0.021875 0.0171875
0 0.67265625 0.80546875 0.025 0.021875
0 0.6953125 0.7984375 0.0234375 0.0203125
0 0.35546875 0.4671875 0.03125 0.0296875
0 0.56484375 0.75625 0.0234375 0.0203125
0 0.63828125 0.7859375 0.0265625 0.0203125
0 0.62265625 0.7140625 0.0234375 0.0203125
0 0.5484375 0.81484375 0.0234375 0.01875
0 0.43671875 0.853125 0.021875 0.0171875
0 0.71796875 0.79765625 0.0234375 0.0203125
0 0.546875 0.73203125 0.025 0.021875
0 0.65859375 0.7515625 0.0234375 0.0203125
0 0.6390625 0.85390625 0.021875 0.0171875
0 0.52890625 0.86953125 0.0234375 0.0171875
0 0.62109375 0.6984375 0.0234375 0.0203125
0 0.3609375 0.7609375 0.0234375 0.0203125
0 0.53984375 0.63828125 0.0265625 0.0234375
0 0.51796875 0.65 0.0265625 0.0234375
0 0.57265625 0.62578125 0.025 0.0234375
0 0.64921875 0.7984375 0.0234375 0.0171875
0 0.378125 0.45625 0.03125 0.028125
0 0.2734375 0.72734375 0.025 0.021875
0 0.4921875 0.50625 0.03125 0.028125
0 0.22421875 0.71171875 0.0265625 0.025
0 0.69140625 0.7703125 0.0234375 0.0203125
0 0.371875 0.4265625 0.0296875 0.028125
0 0.58125 0.7171875 0.0234375 0.0203125
0 0.51015625 0.6296875 0.0265625 0.025
0 0.2515625 0.715625 0.0265625 0.025
0 0.34453125 0.7515625 0.025 0.021875
0 0.55 0.66015625 0.0265625 0.0234375
0 0.71953125 0.82421875 0.0234375 0.0203125
0 0.70234375 0.8265625 0.0203125 0.015625
0 0.41640625 0.553125 0.0265625 0.0265625
0 0.4 0.76171875 0.0234375 0.0203125
0 0.53828125 0.59921875 0.0265625 0.025
0 0.6609375 0.78359375 0.0234375 0.0203125
0 0.63046875 0.63203125 0.0265625 0.0234375
0 0.72109375 0.83828125 0.0234375 0.0171875
0 0.48203125 0.88828125 0.021875 0.0171875
0 0.43125 0.57734375 0.0265625 0.025
0 0.67109375 0.77265625 0.025 0.021875
0 0.60703125 0.72734375 0.021875 0.0203125
0 0.2328125 0.69609375 0.0265625 0.025
0 0.28984375 0.75 0.025 0.021875
0 0.384375 0.49140625 0.028125 0.028125
0 0.6546875 0.76640625 0.0234375 0.0203125
0 0.45859375 0.54375 0.0265625 0.025
0 0.39296875 0.5125 0.03125 0.028125
0 0.515625 0.51953125 0.0265625 0.025
0 0.55859375 0.575 0.0265625 0.025
0 0.459375 0.60703125 0.0265625 0.0234375
0 0.52890625 0.6171875 0.0265625 0.025
0 0.4734375 0.42421875 0.03125 0.0296875
0 0.55078125 0.6234375 0.0265625 0.025
0 0.47421875 0.5265625 0.0265625 0.025
0 0.57109375 0.6 0.0265625 0.025
0 0.45625 0.44375 0.0296875 0.0265625
0 0.5109375 0.60390625 0.0265625 0.025
0 0.51171875 0.57109375 0.0265625 0.025
0 0.49765625 0.5890625 0.0265625 0.0234375
0 0.44765625 0.46640625 0.03125 0.028125
0 0.4015625 0.475 0.03125 0.028125
0 0.471875 0.5890625 0.0265625 0.025
0 0.440625 0.559375 0.0265625 0.025
0 0.65390625 0.884375 0.0203125 0.0171875
0 0.63828125 0.74609375 0.0234375 0.0171875
0 0.496875 0.534375 0.0265625 0.025
0 0.45078125 0.52109375 0.0265625 0.025
0 0.47109375 0.4796875 0.028125 0.0265625
0 0.4296875 0.44375 0.03125 0.028125
0 0.4734375 0.5578125 0.0265625 0.025
0 0.4421875 0.5921875 0.025 0.0234375
0 0.4109375 0.5296875 0.028125 0.028125
0 0.60234375 0.58203125 0.0265625 0.0265625
0 0.53515625 0.571875 0.025 0.0234375
0 0.21015625 0.6890625 0.0265625 0.0265625
0 0.68125 0.7875 0.0234375 0.0171875
0 0.4921875 0.68046875 0.0234375 0.0234375
0 0.54140625 0.55234375 0.0265625 0.025
0 0.48984375 0.62265625 0.0265625 0.025
0 0.51875 0.54375 0.0265625 0.025
0 0.396875 0.3609375 0.0328125 0.03125
0 0.46796875 0.5 0.028125 0.0265625
0 0.42734375 0.41796875 0.0296875 0.0265625
0 0.40390625 0.45078125 0.0296875 0.028125
0 0.51796875 0.5875 0.028125 0.025
0 0.559375 0.68828125 0.0234375 0.021875
0 0.4546875 0.5734375 0.0265625 0.0234375
0 0.496875 0.5515625 0.0265625 0.0265625
0 0.85703125 0.659375 0.0265625 0.021875
0 0.8234375 0.6859375 0.025 0.021875
0 0.5625 0.64453125 0.0234375 0.0234375
0 0.58203125 0.6859375 0.0234375 0.0203125
0 0.44765625 0.490625 0.0296875 0.028125
0 0.42578125 0.47578125 0.028125 0.0265625
0 0.4 0.42578125 0.028125 0.0265625
0 0.39453125 0.33125 0.0359375 0.034375
0 0.43515625 0.5390625 0.0265625 0.025
0 0.484375 0.57421875 0.0265625 0.025
0 0.48125 0.60859375 0.0265625 0.025
0 0.40546875 0.49765625 0.03125 0.028125
0 0.528125 0.66484375 0.0265625 0.021875
0 0.42890625 0.51171875 0.028125 0.0265625
0 0.7796875 0.54609375 0.028125 0.028125
0 0.20546875 0.5671875 0.03125 0.028125
0 0.68203125 0.81484375 0.0171875 0.0140625
0 0.6984375 0.81328125 0.0203125 0.0140625
0 0.7203125 0.81015625 0.0203125 0.0125