0 0.30234375 0.309375 0.0296875 0.03125
0 0.3390625 0.396875 0.0328125 0.0328125
0 0.21640625 0.47109375 0.0328125 0.0359375
0 0.26015625 0.51953125 0.0328125 0.0328125
0 0.22578125 0.51953125 0.0328125 0.03125
0 0.24375 0.5515625 0.0359375 0.0328125
0 0.2234375 0.56796875 0.0296875 0.0296875
0 0.2515625 0.57734375 0.0328125 0.0328125
0 0.2921875 0.6125 0.0328125 0.0328125
0 0.35703125 0.609375 0.0296875 0.0328125
0 0.39375 0.6359375 0.0328125 0.0328125
0 0.43203125 0.64296875 0.0328125 0.03125
0 0.40859375 0.590625 0.0328125 0.0359375
0 0.41640625 0.53046875 0.0328125 0.0359375
0 0.440625 0.4984375 0.0328125 0.0328125
0 0.453125 0.46875 0.0296875 0.0328125
0 0.5140625 0.44453125 0.0328125 0.0328125
0 0.525 0.4703125 0.0328125 0.0328125
0 0.546875 0.47890625 0.0328125 0.0359375
0 0.46796875 0.62265625 0.0296875 0.0328125
0 0.58984375 0.5671875 0.0328125 0.0328125
0 0.6390625 0.4453125 0.03125 0.03125
0 0.5109375 0.3375 0.03125 0.0328125
0 0.5359375 0.67109375 0.03125 0.0328125
0 0.54453125 0.696875 0.0328125 0.03125
0 0.48203125 0.7125 0.03125 0.03125
0 0.50625 0.72578125 0.034375 0.0328125
0 0.62890625 0.7453125 0.0328125 0.034375
0 0.60078125 0.66484375 0.0328125 0.0328125
0 0.64609375 0.69765625 0.0328125 0.0359375
0 0.70546875 0.68359375 0.03125 0.0359375
0 0.73125 0.68515625 0.03125 0.0328125
0 0.74765625 0.66328125 0.0296875 0.0296875
0 0.7359375 0.63984375 0.03125 0.0296875
0 0.70859375 0.62578125 0.0296875 0.03125
0 0.7671875 0.61171875 0.0328125 0.0359375
0 0.7921875 0.65859375 0.0328125 0.03125
0 0.80546875 0.60078125 0.0359375 0.0359375
0 0.890625 0.5921875 0.0375 0.0375
0 0.72265625 0.475 0.03125 0.0328125
0 0.7859375 0.49296875 0.0296875 0.0328125
0 0.8203125 0.484375 0.0296875 0.0328125
0 0.76171875 0.4046875 0.0296875 0.0328125
0 0.7359375 0.43203125 0.0359375 0.0359375
0 0.690625 0.37734375 0.0328125 0.034375