0 0.27265625 0.7984375 0.0359375 0.03984375
0 0.228125 0.75703125 0.0375 0.03671875
0 0.334375 0.76484375 0.040625 0.03828125
0 0.30078125 0.7484375 0.0328125 0.0375
0 0.265625 0.75859375 0.034375 0.0375
0 0.253125 0.72734375 0.0359375 0.034375
0 0.225 0.70390625 0.03515625 0.03515625
0 0.28828125 0.7140625 0.03359375 0.0375
0 0.259375 0.69375 0.03515625 0.03359375
0 0.32734375 0.721875 0.0375 0.0359375
0 0.396875 0.72109375 0.0375 0.0359375
0 0.36171875 0.72734375 0.0359375 0.03828125
0 0.3859375 0.690625 0.0328125 0.03515625
0 0.34921875 0.69453125 0.034375 0.0328125
0 0.315625 0.6890625 0.03515625 0.03359375
0 0.2828125 0.66796875 0.03515625 0.03359375
0 0.25390625 0.65234375 0.034375 0.0359375
0 0.23359375 0.6296875 0.03828125 0.03203125
0 0.27890625 0.63046875 0.03203125 0.03046875
0 0.31015625 0.646875 0.0375 0.03125
0 0.371875 0.66015625 0.0359375 0.03203125
0 0.3390625 0.6640625 0.03203125 0.03125
0 0.41171875 0.66796875 0.03359375 0.03515625
0 0.39765625 0.6390625 0.0328125 0.0328125
0 0.3484375 0.6328125 0.0359375 0.03046875
0 0.44453125 0.65703125 0.03671875 0.0328125
0 0.42890625 0.625 0.0359375 0.03046875
0 0.39375 0.609375 0.034375 0.02890625
0 0.36015625 0.60625 0.03203125 0.03125
0 0.321875 0.6171875 0.03359375 0.03203125
0 0.2953125 0.6015625 0.03515625 0.0296875
0 0.26328125 0.5921875 0.03359375 0.0296875
0 0.42265625 0.59375 0.034375 0.03203125
0 0.39453125 0.58125 0.03203125 0.02890625
0 0.36484375 0.5765625 0.028125 0.02734375
0 0.3328125 0.5890625 0.03046875 0.02734375
0 0.3078125 0.57421875 0.028125 0.02578125
0 0.33984375 0.56171875 0.03125 0.028125
0 0.3125 0.546875 0.0328125 0.028125
0 0.3078125 0.51953125 0.03125 0.028125
0 0.44765625 0.57578125 0.03203125 0.02890625
0 0.41875 0.56015625 0.03203125 0.03046875
0 0.3890625 0.5546875 0.0296875 0.02734375
0 0.3640625 0.5390625 0.03359375 0.02890625
0 0.3390625 0.52421875 0.03125 0.0265625
0 0.46015625 0.55 0.034375 0.0296875
0 0.44296875 0.52734375 0.028125 0.02734375
0 0.4125 0.5359375 0.034375 0.025
0 0.3921875 0.51875 0.03203125 0.02578125
0 0.3640625 0.50625 0.03203125 0.02421875
0 0.42109375 0.51015625 0.03046875 0.02890625
0 0.4 0.4921875 0.028125 0.028125
0 0.3828125 0.475 0.03203125 0.0296875
0 0.4703125 0.515625 0.03046875 0.0328125
0 0.44921875 0.50078125 0.03203125 0.02578125
0 0.42890625 0.48359375 0.03046875 0.02890625
0 0.409375 0.46484375 0.03046875 0.0296875
0 0.3890625 0.44765625 0.03125 0.02734375
0 0.496875 0.51171875 0.02890625 0.03125
0 0.48046875 0.4875 0.03359375 0.02890625
0 0.46484375 0.4671875 0.028125 0.02890625
0 0.43984375 0.45390625 0.0265625 0.028125
0 0.4265625 0.43203125 0.02890625 0.028125
0 0.51171875 0.48984375 0.03125 0.03125
0 0.4953125 0.46796875 0.03515625 0.0296875
0 0.48046875 0.446875 0.02734375 0.0234375
0 0.45546875 0.43359375 0.02734375 0.0265625
0 0.52265625 0.4421875 0.03046875 0.02421875
0 0.4984375 0.42890625 0.028125 0.0234375
0 0.4734375 0.4171875 0.02578125 0.02421875
0 0.4484375 0.40703125 0.02734375 0.02890625
0 0.51875 0.41328125 0.03046875 0.0265625
0 0.49453125 0.4015625 0.02890625 0.02265625
0 0.471875 0.39140625 0.03046875 0.02421875
0 0.44609375 0.37890625 0.0296875 0.021875
0 0.54609375 0.41171875 0.0296875 0.0265625
0 0.51953125 0.39140625 0.02890625 0.02421875
0 0.49765625 0.38046875 0.03046875 0.02421875
0 0.47734375 0.36796875 0.034375 0.02578125
0 0.4484375 0.35625 0.0296875 0.02578125
0 0.4359375 0.33515625 0.0296875 0.025
0 0.54765625 0.3875 0.02734375 0.0265625
0 0.521875 0.3703125 0.0265625 0.02421875
0 0.5 0.3609375 0.025 0.02578125
0 0.478125 0.3453125 0.025 0.021875
0 0.465625 0.33046875 0.02578125 0.0203125
0 0.57109375 0.38125 0.02890625 0.0234375
0 0.5484375 0.3625 0.02265625 0.01953125
0 0.52265625 0.35078125 0.025 0.021875
0 0.5046875 0.3375 0.02578125 0.0234375
0 0.49140625 0.3203125 0.0265625 0.0234375
0 0.46640625 0.3109375 0.0296875 0.0234375
0 0.575 0.35859375 0.028125 0.025
0 0.55078125 0.34375 0.02578125 0.02265625
0 0.5296875 0.33125 0.02578125 0.021875
0 0.51640625 0.3140625 0.0265625 0.021875
0 0.57890625 0.3390625 0.02734375 0.021875
0 0.55 0.3234375 0.02578125 0.02265625
0 0.5640625 0.3015625 0.0265625 0.025
0 0.5390625 0.3046875 0.02578125 0.0203125
0 0.50859375 0.2953125 0.02265625 0.0234375
0 0.48359375 0.29609375 0.02578125 0.01953125
0 0.453125 0.2953125 0.02421875 0.02109375
0 0.45234375 0.275 0.02734375 0.021875
0 0.54296875 0.2796875 0.025 0.021875
0 0.51328125 0.275 0.0265625 0.021875
0 0.4796875 0.27890625 0.02734375 0.021875
0 0.4671875 0.26015625 0.02578125 0.01953125
0 0.459375 0.24296875 0.02421875 0.0203125
0 0.43828125 0.228125 0.02578125 0.0203125
0 0.49296875 0.25546875 0.0265625 0.021875
0 0.4765625 0.2296875 0.0265625 0.02421875
0 0.45078125 0.21015625 0.025 0.0203125
0 0.5078125 0.21484375 0.0234375 0.01875
0 0.4765625 0.20234375 0.0265625 0.02265625
0 0.55390625 0.26328125 0.025 0.02265625
0 0.584375 0.26953125 0.02421875 0.02265625
0 0.5828125 0.24609375 0.0265625 0.0234375
0 0.55234375 0.23046875 0.0265625 0.02421875
0 0.53125 0.2046875 0.025 0.02578125
0 0.63125 0.2140625 0.0265625 0.0203125
0 0.60859375 0.20625 0.02265625 0.01796875
0 0.58671875 0.20078125 0.02578125 0.01953125
0 0.56171875 0.19140625 0.02734375 0.01953125
0 0.440625 0.1515625 0.0296875 0.01796875
0 0.55859375 0.16171875 0.02265625 0.01796875
0 0.59609375 0.18515625 0.02421875 0.01640625
0 0.5703125 0.17578125 0.02421875 0.01953125
0 0.6171875 0.190625 0.02421875 0.01796875
0 0.59140625 0.171875 0.0234375 0.0171875
0 0.578125 0.1578125 0.02109375 0.015625
0 0.565625 0.1453125 0.0234375 0.0171875
0 0.596875 0.11328125 0.021875 0.0171875
0 0.5875 0.14296875 0.021875 0.01640625
0 0.615625 0.17265625 0.02265625 0.01875
0 0.60703125 0.15625 0.025 0.01640625
0 0.63671875 0.18203125 0.02265625 0.015625
0 0.65390625 0.1703125 0.03046875 0.01484375
0 0.63046875 0.16484375 0.02265625 0.01953125
0 0.615625 0.1421875 0.01953125 0.0171875
0 0.66484375 0.15234375 0.0234375 0.01640625
0 0.6375 0.15078125 0.0203125 0.015625
0 0.625 0.13046875 0.02109375 0.01640625
0 0.64765625 0.13515625 0.0234375 0.0171875