0 0.29453125 0.40703125 0.015625 0.01875
0 0.31015625 0.41796875 0.0171875 0.01875
0 0.3125 0.4390625 0.0171875 0.021875
0 0.3171875 0.39375 0.01875 0.021875
0 0.33046875 0.325 0.01875 0.021875
0 0.31796875 0.3484375 0.01875 0.021875
0 0.3828125 0.35390625 0.01875 0.021875
0 0.36328125 0.35390625 0.01875 0.021875
0 0.34140625 0.35 0.01875 0.025
0 0.3296875 0.3734375 0.01875 0.025
0 0.3484375 0.38046875 0.01875 0.025
0 0.33984375 0.40078125 0.01875 0.021875
0 0.34453125 0.4453125 0.015625 0.021875
0 0.32734375 0.415625 0.015625 0.021875
0 0.328125 0.4375 0.01875 0.021875
0 0.34296875 0.4234375 0.015625 0.01875
0 0.35625 0.40859375 0.015625 0.01875
0 0.365625 0.38984375 0.01875 0.021875
0 0.39140625 0.3765625 0.01875 0.0203125
0 0.3828125 0.39609375 0.0171875 0.021875
0 0.3734375 0.4171875 0.015625 0.021875
0 0.3578125 0.43203125 0.0171875 0.021875
0 0.375 0.4375 0.01875 0.0203125
0 0.39140625 0.4203125 0.01875 0.0203125
0 0.4015625 0.46171875 0.01875 0.021875
0 0.39375 0.4421875 0.015625 0.01875
0 0.38046875 0.45859375 0.01875 0.0203125
0 0.3625 0.45234375 0.0171875 0.01875
0 0.34921875 0.46875 0.01875 0.0234375
0 0.33125 0.46171875 0.015625 0.01875
0 0.33515625 0.4828125 0.0171875 0.0203125
0 0.3359375 0.50546875 0.0171875 0.0203125
0 0.3515625 0.4921875 0.015625 0.01875
0 0.3859375 0.4828125 0.015625 0.021875
0 0.36796875 0.478125 0.021875 0.01875
0 0.36875 0.5 0.01875 0.021875
0 0.3515625 0.515625 0.0171875 0.021875
0 0.334375 0.52578125 0.015625 0.01875
0 0.34765625 0.54140625 0.01875 0.01875
0 0.3640625 0.53046875 0.01875 0.021875
0 0.37890625 0.5171875 0.01875 0.021875
0 0.39453125 0.5046875 0.01875 0.01875
0 0.40546875 0.4828125 0.021875 0.021875
0 0.4265625 0.5265625 0.01875 0.0203125
0 0.4140625 0.50625 0.0203125 0.021875
0 0.4046875 0.5265625 0.01875 0.025
0 0.38984375 0.5375 0.01875 0.021875
0 0.37421875 0.54921875 0.015625 0.0203125
0 0.35859375 0.55859375 0.0171875 0.0203125
0 0.3515625 0.58046875 0.01875 0.021875
0 0.33828125 0.56328125 0.01875 0.021875
0 0.32890625 0.54609375 0.015625 0.01875
0 0.321875 0.57265625 0.01875 0.021875
0 0.31171875 0.5515625 0.01875 0.0203125
0 0.3171875 0.5296875 0.0171875 0.0203125
0 0.3171875 0.50859375 0.01875 0.01875
0 0.31640625 0.48203125 0.015625 0.01875
0 0.30234375 0.49609375 0.015625 0.01875
0 0.30078125 0.47265625 0.015625 0.021875
0 0.29296875 0.45390625 0.01875 0.021875
0 0.3140625 0.459375 0.0171875 0.01875
0 0.29453125 0.43203125 0.01875 0.021875
0 0.275 0.45703125 0.01875 0.01875
0 0.26796875 0.47890625 0.0171875 0.01875
0 0.28671875 0.48515625 0.0171875 0.021875
0 0.26875 0.50546875 0.015625 0.021875
0 0.2859375 0.50625 0.01875 0.021875
0 0.2796875 0.52890625 0.01875 0.01875
0 0.27578125 0.55390625 0.01875 0.021875
0 0.30234375 0.5203125 0.015625 0.01875
0 0.296875 0.540625 0.015625 0.01875
0 0.29140625 0.5609375 0.01875 0.021875
0 0.28046875 0.578125 0.015625 0.01875
0 0.29453125 0.590625 0.01875 0.0203125
0 0.30390625 0.57421875 0.015625 0.01875
0 0.3125 0.59375 0.01875 0.01875
0 0.3171875 0.615625 0.01875 0.021875
0 0.33125 0.60078125 0.01875 0.0203125
0 0.33671875 0.63359375 0.01875 0.021875
0 0.35078125 0.60546875 0.01875 0.021875
0 0.36953125 0.603125 0.01875 0.021875
0 0.371875 0.5734375 0.01875 0.0203125
0 0.39140625 0.55859375 0.0171875 0.0203125
0 0.41171875 0.55 0.01875 0.021875
0 0.3984375 0.578125 0.0203125 0.021875
0 0.39140625 0.59921875 0.0203125 0.021875
0 0.40859375 0.6140625 0.0203125 0.025
0 0.4734375 0.18359375 0.021875 0.0265625
0 0.43515625 0.13359375 0.021875 0.028125
0 0.3859375 0.3109375 0.025 0.021875
0 0.4234375 0.35078125 0.0234375 0.025
0 0.43125 0.38203125 0.021875 0.021875
0 0.40390625 0.4015625 0.021875 0.021875
0 0.4109375 0.421875 0.021875 0.0203125
0 0.41328125 0.44375 0.021875 0.0203125
0 0.425 0.4640625 0.021875 0.0203125
0 0.425 0.4875 0.01875 0.01875
0 0.43828125 0.50390625 0.01875 0.0203125
0 0.45703125 0.51328125 0.021875 0.021875