0 0.62265625 0.3421875 0.021875 0.021875
0 0.62421875 0.5484375 0.025 0.021875
0 0.64140625 0.34375 0.025 0.021875
0 0.25078125 0.54921875 0.025 0.021875
0 0.29609375 0.55390625 0.0265625 0.0265625
0 0.31171875 0.54921875 0.025 0.025
0 0.3953125 0.41484375 0.025 0.0234375
0 0.33671875 0.540625 0.025 0.025
0 0.32578125 0.559375 0.025 0.025
0 0.35625 0.5375 0.025 0.025
0 0.34921875 0.55546875 0.025 0.025
0 0.43203125 0.4984375 0.0265625 0.0234375
0 0.37734375 0.5390625 0.025 0.0234375
0 0.39375 0.53515625 0.025 0.025
0 0.39765625 0.5515625 0.025 0.021875
0 0.4109375 0.5453125 0.0234375 0.021875
0 0.41328125 0.56328125 0.028125 0.0265625
0 0.42890625 0.55546875 0.0234375 0.021875
0 0.471875 0.415625 0.0203125 0.0203125
0 0.48671875 0.42578125 0.021875 0.0203125
0 0.4921875 0.44453125 0.021875 0.0203125
0 0.503125 0.4296875 0.021875 0.0203125
0 0.51796875 0.4234375 0.0203125 0.01875
0 0.5328125 0.41640625 0.021875 0.0203125
0 0.54453125 0.4046875 0.021875 0.021875
0 0.51640625 0.4390625 0.0203125 0.01875
0 0.484375 0.478125 0.0234375 0.0203125
0 0.5 0.4671875 0.021875 0.0203125
0 0.50703125 0.45390625 0.021875 0.0203125
0 0.53125 0.4453125 0.0203125 0.01875
0 0.52265625 0.4625 0.021875 0.0203125
0 0.52578125 0.4796875 0.0203125 0.01875
0 0.5375 0.4671875 0.0203125 0.0234375
0 0.5578125 0.4359375 0.021875 0.01875
0 0.5765625 0.4421875 0.0203125 0.021875
0 0.553125 0.4703125 0.01875 0.0203125
0 0.57421875 0.46484375 0.021875 0.01875
0 0.54609375 0.484375 0.021875 0.01875
0 0.56640625 0.48046875 0.021875 0.01875
0 0.58828125 0.475 0.021875 0.021875
0 0.59296875 0.45234375 0.021875 0.021875
0 0.61015625 0.4484375 0.021875 0.01875
0 0.50546875 0.56484375 0.021875 0.021875
0 0.52109375 0.5765625 0.021875 0.0203125