0 0.07578125 0.771875 0.0328125 0.0328125
0 0.03984375 0.6203125 0.0359375 0.0328125
0 0.03359375 0.5484375 0.0328125 0.0328125
0 0.06484375 0.5421875 0.0296875 0.0328125
0 0.046875 0.5203125 0.0328125 0.0296875
0 0.02734375 0.49765625 0.0296875 0.034375
0 0.0578125 0.49453125 0.034375 0.0296875
0 0.446875 0.76015625 0.0296875 0.0265625
0 0.45703125 0.78203125 0.0296875 0.025
0 0.471875 0.8 0.0265625 0.0265625
0 0.49765625 0.79375 0.0296875 0.0234375
0 0.48984375 0.771875 0.0296875 0.0265625
0 0.534375 0.7671875 0.0359375 0.0265625
0 0.5796875 0.8390625 0.0359375 0.0296875
0 0.63046875 0.8765625 0.0375 0.03125
0 0.7125 0.8484375 0.0328125 0.0265625
0 0.68828125 0.675 0.0296875 0.0265625
0 0.7078125 0.65625 0.0265625 0.0265625
0 0.71171875 0.74765625 0.0296875 0.0265625
0 0.69609375 0.72265625 0.028125 0.0265625
0 0.7328125 0.7265625 0.0296875 0.0265625
0 0.7171875 0.7078125 0.0296875 0.0265625
0 0.74296875 0.68828125 0.0265625 0.025
0 0.7640625 0.7125 0.0265625 0.0265625
0 0.790625 0.715625 0.0265625 0.0234375
0 0.78671875 0.6921875 0.028125 0.028125
0 0.80234375 0.73359375 0.0265625 0.0265625
0 0.3140625 0.8734375 0.0296875 0.0296875
0 0.25859375 0.84296875 0.034375 0.0296875
0 0.21640625 0.81015625 0.0328125 0.0265625
0 0.24765625 0.8125 0.0328125 0.028125
0 0.2546875 0.7890625 0.0328125 0.0265625
0 0.20390625 0.63046875 0.0296875 0.0296875
0 0.2328125 0.61875 0.0328125 0.0328125
0 0.20390625 0.60390625 0.0328125 0.0265625
0 0.21640625 0.6515625 0.028125 0.0265625
0 0.24140625 0.64140625 0.0296875 0.025
0 0.22109375 0.71015625 0.0328125 0.0296875
0 0.225 0.68515625 0.03125 0.0265625
0 0.24609375 0.6640625 0.0296875 0.0234375
0 0.2625 0.7109375 0.03125 0.0296875
0 0.28125 0.74140625 0.0296875 0.0234375
0 0.34296875 0.76875 0.0296875 0.0296875
0 0.3109375 0.7546875 0.03125 0.0265625
0 0.309375 0.73125 0.0296875 0.0265625
0 0.2859375 0.71875 0.0265625 0.025
0 0.29296875 0.6953125 0.0296875 0.0265625
0 0.32265625 0.7109375 0.028125 0.025
0 0.31796875 0.6875 0.0296875 0.0296875
0 0.2859375 0.62734375 0.0296875 0.0359375
0 0.2953125 0.59609375 0.03125 0.0296875
0 0.315625 0.6140625 0.0296875 0.0265625
0 0.21171875 0.54375 0.0296875 0.0265625
0 0.22734375 0.52265625 0.0296875 0.0265625
0 0.23515625 0.4921875 0.0296875 0.0296875
0 0.25078125 0.53828125 0.0328125 0.0265625
0 0.2546875 0.5109375 0.0296875 0.0296875
0 0.26328125 0.56875 0.0265625 0.0328125
0 0.2890625 0.5578125 0.0265625 0.0296875
0 0.32265625 0.5890625 0.028125 0.0265625
0 0.32421875 0.5640625 0.0265625 0.0265625
0 0.31015625 0.54140625 0.0296875 0.0296875
0 0.26328125 0.48359375 0.0296875 0.0296875
0 0.31796875 0.49921875 0.0296875 0.0296875
0 0.28984375 0.4796875 0.0296875 0.0296875
0 0.3296875 0.44609375 0.0328125 0.0296875
0 0.36328125 0.69140625 0.0296875 0.028125
0 0.33359375 0.65859375 0.0265625 0.0296875
0 0.3578125 0.66484375 0.0296875 0.0328125
0 0.346875 0.63359375 0.0296875 0.0265625
0 0.3609375 0.6109375 0.0296875 0.028125
0 0.35078125 0.5859375 0.028125 0.025
0 0.3765625 0.575 0.0296875 0.028125
0 0.35078125 0.56171875 0.0296875 0.0296875
0 0.33828125 0.534375 0.0296875 0.0296875
0 0.34375 0.509375 0.0328125 0.0265625
0 0.3890625 0.475 0.0328125 0.0296875
0 0.4296875 0.64765625 0.0296875 0.0296875
0 0.4 0.621875 0.028125 0.028125
0 0.3921875 0.596875 0.0265625 0.0265625
0 0.4015625 0.57265625 0.0265625 0.0296875
0 0.453125 0.58828125 0.03125 0.0265625
0 0.4640625 0.55859375 0.0296875 0.028125
0 0.428125 0.521875 0.0296875 0.028125
0 0.44453125 0.50390625 0.028125 0.028125
0 0.446875 0.4671875 0.03125 0.028125
0 0.53515625 0.484375 0.0296875 0.0296875
0 0.509375 0.53203125 0.03125 0.028125
0 0.54609375 0.51015625 0.028125 0.0265625
0 0.48671875 0.6140625 0.0265625 0.0265625
0 0.54921875 0.5953125 0.028125 0.0265625
0 0.51171875 0.60859375 0.028125 0.0265625
0 0.534375 0.61796875 0.0265625 0.0265625
0 0.525 0.5859375 0.0234375 0.0265625
0 0.5375 0.565625 0.0265625 0.028125
0 0.56171875 0.559375 0.0265625 0.0296875
0 0.5828125 0.52890625 0.0265625 0.0265625
0 0.58203125 0.50234375 0.028125 0.0265625
0 0.58984375 0.5546875 0.0265625 0.0265625
0 0.578125 0.58203125 0.0296875 0.0265625
0 0.56640625 0.61171875 0.028125 0.0265625
0 0.596875 0.6015625 0.0296875 0.0265625
0 0.6171875 0.5875 0.0265625 0.025
0 0.6140625 0.5625 0.0265625 0.0265625
0 0.6234375 0.5421875 0.0296875 0.028125
0 0.6296875 0.509375 0.0296875 0.0296875
0 0.6734375 0.428125 0.028125 0.0296875
0 0.69140625 0.44765625 0.0296875 0.0296875
0 0.66015625 0.45390625 0.0296875 0.0265625
0 0.678125 0.47109375 0.028125 0.028125
0 0.65625 0.5109375 0.0265625 0.0296875
0 0.65 0.540625 0.028125 0.0296875
0 0.671875 0.52890625 0.0265625 0.0265625
0 0.69140625 0.5578125 0.0296875 0.028125
0 0.69765625 0.53203125 0.0265625 0.028125
0 0.68125 0.5015625 0.028125 0.028125
0 0.7046875 0.478125 0.0328125 0.028125
0 0.72734375 0.46015625 0.0296875 0.0296875
0 0.72109375 0.5015625 0.0296875 0.028125
0 0.74609375 0.4984375 0.0265625 0.0265625
0 0.721875 0.54453125 0.0296875 0.0265625
0 0.74375 0.52578125 0.0265625 0.0265625
0 0.71796875 0.6015625 0.0265625 0.028125
0 0.71953125 0.56953125 0.028125 0.0265625
0 0.74921875 0.5484375 0.0265625 0.0234375
0 0.74609375 0.57265625 0.0296875 0.0234375
0 0.7703125 0.62578125 0.0265625 0.028125
0 0.7453125 0.621875 0.028125 0.0296875
0 0.74296875 0.596875 0.03125 0.028125
0 0.73359375 0.6421875 0.0265625 0.0265625
0 0.75859375 0.64609375 0.028125 0.0265625
0 0.78515625 0.646875 0.0265625 0.0234375
0 0.81015625 0.646875 0.0296875 0.0234375
0 0.79453125 0.6234375 0.0265625 0.0265625
0 0.8171875 0.61484375 0.028125 0.0265625
0 0.7890625 0.575 0.0296875 0.0265625
0 0.78203125 0.55234375 0.0296875 0.0265625
0 0.76953125 0.53125 0.0296875 0.0296875
0 0.771875 0.50390625 0.0296875 0.028125
0 0.765625 0.47734375 0.0328125 0.0296875
0 0.7921875 0.51484375 0.0296875 0.0265625
0 0.79296875 0.446875 0.0296875 0.03125
0 0.81953125 0.4484375 0.03125 0.0296875
0 0.84453125 0.459375 0.028125 0.0296875
0 0.85625 0.43359375 0.0296875 0.0296875
0 0.86640625 0.5765625 0.0296875 0.0296875
0 0.86328125 0.6625 0.0296875 0.0296875
0 0.89375 0.6625 0.028125 0.0265625
0 0.9171875 0.63671875 0.028125 0.0296875
0 0.93671875 0.61796875 0.0296875 0.0328125
0 0.9109375 0.425 0.028125 0.03125
0 0.93046875 0.4390625 0.0296875 0.03125
0 0.896875 0.44609375 0.0296875 0.0296875
0 0.89140625 0.49609375 0.03125 0.0296875
0 0.91328125 0.46484375 0.0296875 0.0296875
0 0.90625 0.51640625 0.0296875 0.0265625
0 0.9125 0.57734375 0.0296875 0.0328125
0 0.94140625 0.57109375 0.03125 0.0296875
0 0.92734375 0.4921875 0.028125 0.0296875
0 0.9359375 0.52734375 0.0265625 0.0265625
0 0.9484375 0.50546875 0.0296875 0.0265625