0 0.4359375 0.76796875 0.0234375 0.021875
0 0.46640625 0.7828125 0.0234375 0.021875
0 0.43984375 0.78515625 0.0234375 0.021875
0 0.4484375 0.8015625 0.0203125 0.021875
0 0.46875 0.8 0.021875 0.0203125
0 0.49765625 0.78671875 0.025 0.0234375
0 0.52265625 0.84921875 0.021875 0.021875
0 0.55625 0.8859375 0.0234375 0.0234375
0 0.61953125 0.8796875 0.0234375 0.021875
0 0.59609375 0.6078125 0.021875 0.0234375
0 0.61484375 0.61171875 0.0171875 0.0203125
0 0.63359375 0.61171875 0.021875 0.0203125
0 0.63515625 0.58671875 0.0234375 0.0234375
0 0.62421875 0.57421875 0.0203125 0.0203125
0 0.6359375 0.55703125 0.025 0.025
0 0.646875 0.575 0.0234375 0.0234375
0 0.653125 0.59765625 0.0234375 0.0203125
0 0.66328125 0.615625 0.0203125 0.0203125
0 0.6703125 0.58671875 0.0234375 0.0234375
0 0.70546875 0.6796875 0.021875 0.021875
0 0.7015625 0.66015625 0.021875 0.021875
0 0.69375 0.64453125 0.021875 0.0203125
0 0.6984375 0.62421875 0.021875 0.0203125
0 0.7140625 0.63671875 0.021875 0.0203125
0 0.6984375 0.603125 0.0203125 0.0203125
0 0.71875 0.5875 0.021875 0.021875
0 0.73984375 0.590625 0.0234375 0.0234375
0 0.7578125 0.6 0.0234375 0.021875
0 0.76875 0.58515625 0.025 0.025
0 0.17734375 0.72578125 0.028125 0.028125
0 0.17578125 0.6125 0.028125 0.025
0 0.1828125 0.5609375 0.0234375 0.0234375
0 0.20625 0.56015625 0.021875 0.0203125
0 0.1953125 0.54453125 0.021875 0.0203125
0 0.18671875 0.5265625 0.01875 0.0203125
0 0.2078125 0.528125 0.0265625 0.021875
0 0.28515625 0.69765625 0.028125 0.025
0 0.2921875 0.68125 0.0234375 0.0203125
0 0.3078125 0.66796875 0.0203125 0.01875
0 0.29140625 0.65546875 0.021875 0.0234375
0 0.30859375 0.65234375 0.0203125 0.0203125
0 0.2859375 0.640625 0.021875 0.021875
0 0.2890625 0.62109375 0.021875 0.0234375
0 0.30703125 0.634375 0.025 0.025
0 0.3015625 0.58203125 0.025 0.025
0 0.3171875 0.56640625 0.021875 0.0234375
0 0.33046875 0.58046875 0.0234375 0.0234375
0 0.3375 0.56171875 0.0234375 0.0234375
0 0.32578125 0.54609375 0.021875 0.0234375
0 0.346875 0.54453125 0.0234375 0.021875
0 0.334375 0.60546875 0.0203125 0.0234375
0 0.353125 0.6 0.021875 0.021875
0 0.34140625 0.64765625 0.025 0.025
0 0.35234375 0.62734375 0.0234375 0.0234375
0 0.36484375 0.6421875 0.0234375 0.021875
0 0.371875 0.6265625 0.0234375 0.0203125
0 0.3765625 0.60703125 0.0203125 0.0203125
0 0.37109375 0.59140625 0.0203125 0.021875
0 0.39140625 0.62734375 0.0203125 0.0203125
0 0.39453125 0.60859375 0.0203125 0.021875
0 0.3890625 0.58984375 0.0203125 0.021875
0 0.396875 0.571875 0.0234375 0.021875
0 0.3796875 0.56171875 0.0234375 0.021875
0 0.36484375 0.54609375 0.0203125 0.021875
0 0.39609375 0.52734375 0.028125 0.025
0 0.43203125 0.553125 0.025 0.025
0 0.325 0.834375 0.025 0.0265625
0 0.265625 0.77109375 0.0234375 0.0234375
0 0.28984375 0.8015625 0.0234375 0.021875
0 0.2890625 0.778125 0.0234375 0.0203125
0 0.2953125 0.76171875 0.0234375 0.021875
0 0.31171875 0.70546875 0.0203125 0.021875
0 0.328125 0.7140625 0.0203125 0.01875
0 0.33515625 0.6984375 0.021875 0.0203125
0 0.32109375 0.73046875 0.0203125 0.0203125
0 0.340625 0.74296875 0.021875 0.0203125
0 0.359375 0.75859375 0.025 0.025
0 0.34140625 0.72578125 0.0203125 0.01875
0 0.353125 0.71328125 0.0203125 0.01875
0 0.3546875 0.69453125 0.021875 0.0203125
0 0.36953125 0.6765625 0.0234375 0.021875
0 0.38671875 0.7046875 0.021875 0.0203125
0 0.38515625 0.684375 0.025 0.025
0 0.38203125 0.6609375 0.021875 0.0203125
0 0.3953125 0.64609375 0.0203125 0.0203125
0 0.409375 0.62265625 0.0234375 0.0234375
0 0.42109375 0.659375 0.021875 0.0203125
0 0.41796875 0.640625 0.0203125 0.0203125
0 0.428125 0.62421875 0.021875 0.0203125
0 0.43828125 0.6828125 0.0234375 0.0234375
0 0.4515625 0.5921875 0.021875 0.0203125
0 0.471875 0.55546875 0.0234375 0.0234375
0 0.46640625 0.58046875 0.0203125 0.0203125
0 0.4625 0.64296875 0.025 0.0234375
0 0.4734375 0.621875 0.0234375 0.021875
0 0.4828125 0.66640625 0.0203125 0.0203125
0 0.50078125 0.66484375 0.0203125 0.0203125
0 0.51640625 0.67421875 0.0203125 0.0203125
0 0.53984375 0.67421875 0.021875 0.0203125
0 0.52890625 0.66015625 0.0203125 0.0203125
0 0.5125 0.65078125 0.0203125 0.0203125
0 0.52421875 0.63671875 0.0203125 0.0203125
0 0.54296875 0.6359375 0.0203125 0.0203125
0 0.50859375 0.6078125 0.025 0.025
0 0.5375 0.5984375 0.0203125 0.0203125
0 0.5328125 0.57890625 0.025 0.025
0 0.5640625 0.6 0.021875 0.0203125
0 0.56171875 0.6171875 0.021875 0.0203125
0 0.5625 0.63671875 0.0203125 0.0203125
0 0.55234375 0.6546875 0.0203125 0.01875
0 0.56328125 0.671875 0.0203125 0.0203125
0 0.57890625 0.66484375 0.0203125 0.01875
0 0.57890625 0.646875 0.0203125 0.0203125
0 0.5890625 0.63203125 0.0203125 0.0203125
0 0.60859375 0.63515625 0.0203125 0.0203125
0 0.62578125 0.62890625 0.0203125 0.0203125
0 0.64296875 0.63515625 0.0203125 0.0203125
0 0.6609375 0.646875 0.0203125 0.01875
0 0.6796875 0.65390625 0.021875 0.0203125
0 0.6765625 0.6359375 0.0203125 0.0203125
0 0.68125 0.61796875 0.0203125 0.0203125
0 0.6375 0.65234375 0.021875 0.0203125
0 0.65625 0.66484375 0.021875 0.0203125
0 0.67578125 0.67109375 0.0234375 0.0203125
0 0.65078125 0.6875 0.021875 0.0234375
0 0.67109375 0.68828125 0.021875 0.0203125
0 0.621875 0.740625 0.0203125 0.0203125
0 0.6375 0.72890625 0.021875 0.0234375
0 0.6578125 0.72109375 0.0203125 0.01875
0 0.6703125 0.70546875 0.0234375 0.021875
0 0.67578125 0.728125 0.0203125 0.0203125
0 0.6875 0.71328125 0.0203125 0.0203125
0 0.69609375 0.7328125 0.0203125 0.01875
0 0.70546875 0.715625 0.0203125 0.0203125
0 0.71484375 0.73671875 0.0203125 0.0203125
0 0.72421875 0.7125 0.0203125 0.021875
0 0.63125 0.7984375 0.0234375 0.021875
0 0.62265625 0.7765625 0.0203125 0.0203125
0 0.63984375 0.76953125 0.0234375 0.0234375
0 0.64921875 0.7859375 0.0234375 0.021875
0 0.6609375 0.7578125 0.0234375 0.021875
0 0.67421875 0.7796875 0.0203125 0.01875
0 0.69296875 0.76796875 0.0234375 0.0234375
0 0.69375 0.7859375 0.0203125 0.0171875
0 0.7015625 0.8015625 0.0234375 0.0234375
0 0.7640625 0.69140625 0.0234375 0.021875
0 0.753125 0.75703125 0.0203125 0.0203125
0 0.778125 0.76171875 0.0203125 0.0203125
0 0.796875 0.74609375 0.0234375 0.021875
0 0.8140625 0.73359375 0.0234375 0.021875
0 0.8 0.70078125 0.0234375 0.025
0 0.82109375 0.696875 0.0234375 0.0234375
0 0.790625 0.63515625 0.0265625 0.0234375
0 0.79921875 0.65234375 0.021875 0.021875
0 0.8203125 0.66484375 0.021875 0.0203125
0 0.8328125 0.64921875 0.0234375 0.021875
0 0.81796875 0.6375 0.0234375 0.0234375
0 0.8078125 0.61640625 0.0234375 0.021875
0 0.79609375 0.6 0.0234375 0.021875
0 0.8109375 0.5859375 0.0234375 0.0234375
0 0.8234375 0.59921875 0.021875 0.0203125