0 0.09609375 0.2859375 0.025 0.0265625
0 0.11640625 0.2875 0.025 0.0265625
0 0.12734375 0.3046875 0.021875 0.0203125
0 0.1109375 0.31953125 0.025 0.025
0 0.12734375 0.36640625 0.025 0.025
0 0.115625 0.3859375 0.0234375 0.0234375
0 0.146875 0.41328125 0.0234375 0.0234375
0 0.18828125 0.46015625 0.028125 0.028125
0 0.2234375 0.63359375 0.028125 0.025
0 0.23046875 0.60625 0.025 0.025
0 0.21015625 0.56953125 0.025 0.025
0 0.23125 0.5734375 0.0234375 0.0234375
0 0.2203125 0.54609375 0.025 0.025
0 0.2390625 0.55390625 0.025 0.025
0 0.2546875 0.5375 0.0203125 0.0203125
0 0.26171875 0.55703125 0.0234375 0.021875
0 0.25234375 0.5765625 0.0265625 0.025
0 0.27421875 0.5890625 0.021875 0.0234375
0 0.28671875 0.6140625 0.025 0.0265625
0 0.27890625 0.56796875 0.0234375 0.0234375
0 0.29375 0.59375 0.021875 0.0234375
0 0.3328125 0.65625 0.025 0.025
0 0.3421875 0.6765625 0.025 0.028125
0 0.32890625 0.5921875 0.025 0.025
0 0.32734375 0.61328125 0.021875 0.0234375
0 0.340625 0.5734375 0.0234375 0.0265625
0 0.35 0.5921875 0.025 0.025
0 0.34609375 0.6140625 0.021875 0.0234375
0 0.3609375 0.659375 0.025 0.028125
0 0.3734375 0.6046875 0.0234375 0.0234375
0 0.38984375 0.625 0.0265625 0.0265625
0 0.29609375 0.48359375 0.025 0.025
0 0.3109375 0.50390625 0.025 0.025
0 0.33515625 0.50546875 0.0234375 0.0234375
0 0.346875 0.52890625 0.0203125 0.021875
0 0.37265625 0.5390625 0.0234375 0.0234375
0 0.3625 0.51796875 0.021875 0.025
0 0.38359375 0.5125 0.0234375 0.0234375
0 0.40390625 0.51328125 0.025 0.025
0 0.3578125 0.37890625 0.028125 0.028125
0 0.421875 0.4046875 0.028125 0.028125
0 0.38828125 0.30546875 0.025 0.025
0 0.4 0.3390625 0.025 0.025
0 0.4171875 0.31953125 0.025 0.025
0 0.42421875 0.29765625 0.0234375 0.0234375
0 0.44609375 0.30625 0.0265625 0.028125
0 0.4359375 0.34453125 0.025 0.028125
0 0.45859375 0.3421875 0.025 0.025
0 0.46796875 0.26640625 0.0265625 0.03125
0 0.55625 0.3265625 0.0265625 0.0296875
0 0.4625 0.4453125 0.025 0.025
0 0.46171875 0.46953125 0.028125 0.025
0 0.48203125 0.43671875 0.025 0.025
0 0.48046875 0.4609375 0.0234375 0.0234375
0 0.51953125 0.45078125 0.0265625 0.025
0 0.50078125 0.43203125 0.0234375 0.0234375
0 0.521875 0.43046875 0.025 0.028125
0 0.478125 0.36484375 0.0234375 0.0234375
0 0.48671875 0.3859375 0.025 0.028125
0 0.50703125 0.3515625 0.025 0.025
0 0.50078125 0.36796875 0.0234375 0.0234375
0 0.50859375 0.384375 0.021875 0.0203125
0 0.52734375 0.3625 0.0234375 0.0234375
0 0.52734375 0.38359375 0.021875 0.0203125
0 0.53671875 0.4046875 0.025 0.025
0 0.55 0.384375 0.0265625 0.025
0 0.55703125 0.403125 0.0234375 0.021875
0 0.55625 0.4765625 0.025 0.021875
0 0.5765625 0.41015625 0.0203125 0.021875
0 0.5953125 0.4015625 0.0234375 0.0234375
0 0.59375 0.421875 0.025 0.025
0 0.58515625 0.44140625 0.0265625 0.021875
0 0.5734375 0.459375 0.0234375 0.021875
0 0.58828125 0.47578125 0.025 0.025
0 0.61015625 0.4390625 0.0234375 0.0234375
0 0.60078125 0.4578125 0.0234375 0.0234375
0 0.62109375 0.45546875 0.0234375 0.0234375
0 0.6203125 0.4859375 0.025 0.0234375
0 0.64609375 0.453125 0.025 0.025
0 0.634375 0.47109375 0.0234375 0.021875
0 0.65546875 0.47734375 0.0234375 0.021875
0 0.646875 0.5 0.025 0.025
0 0.67734375 0.47578125 0.021875 0.021875
0 0.66953125 0.49609375 0.025 0.025
0 0.525 0.73046875 0.028125 0.028125
0 0.50546875 0.67734375 0.0265625 0.0265625
0 0.53046875 0.68203125 0.0265625 0.025
0 0.4203125 0.70078125 0.028125 0.0265625
0 0.44296875 0.7125 0.028125 0.025
0 0.46875 0.71484375 0.025 0.025
0 0.44375 0.64765625 0.0265625 0.028125
0 0.46953125 0.6640625 0.0234375 0.0234375
0 0.4765625 0.6484375 0.0234375 0.021875
0 0.47578125 0.67734375 0.021875 0.0203125
0 0.4515625 0.59296875 0.025 0.025
0 0.44140625 0.609375 0.021875 0.0234375
0 0.45625 0.61640625 0.0234375 0.025
0 0.46953125 0.61171875 0.01875 0.021875
0 0.4609375 0.51875 0.0296875 0.025
0 0.48125 0.521875 0.0234375 0.0234375
0 0.4890625 0.57109375 0.0265625 0.0234375
0 0.50546875 0.553125 0.025 0.025
0 0.503125 0.5328125 0.0234375 0.025
0 0.52578125 0.534375 0.0203125 0.0203125
0 0.54453125 0.54296875 0.0234375 0.0234375
0 0.56953125 0.525 0.0234375 0.0234375
0 0.56484375 0.54453125 0.0203125 0.0203125
0 0.5640625 0.559375 0.025 0.01875
0 0.58984375 0.5578125 0.025 0.025
0 0.5984375 0.53671875 0.028125 0.025
0 0.61328125 0.55234375 0.025 0.025
0 0.62578125 0.5828125 0.028125 0.025
0 0.58359375 0.6984375 0.025 0.025
0 0.59375 0.6625 0.0234375 0.0234375
0 0.603125 0.6859375 0.028125 0.028125
0 0.60859375 0.71875 0.0203125 0.028125
0 0.6234375 0.721875 0.015625 0.0234375
0 0.63671875 0.66484375 0.0234375 0.021875
0 0.65546875 0.67578125 0.025 0.025
0 0.6328125 0.69296875 0.025 0.025
0 0.64765625 0.7109375 0.0234375 0.0234375
0 0.66015625 0.73203125 0.028125 0.028125
0 0.696875 0.69296875 0.028125 0.025
0 0.66484375 0.653125 0.025 0.028125
0 0.70234375 0.67109375 0.025 0.025
0 0.67578125 0.67734375 0.0234375 0.021875
0 0.6875 0.63515625 0.025 0.025
0 0.68671875 0.6578125 0.025 0.025
0 0.6765625 0.61484375 0.0234375 0.025
0 0.7125 0.64140625 0.028125 0.025
0 0.7421875 0.6171875 0.0234375 0.0234375
0 0.759375 0.60546875 0.0265625 0.0265625
0 0.79375 0.24765625 0.028125 0.025
0 0.79921875 0.27109375 0.028125 0.028125
0 0.8140625 0.27578125 0.01875 0.0265625
0 0.7578125 0.31328125 0.025 0.0265625
0 0.76640625 0.32421875 0.0171875 0.0203125
0 0.73828125 0.3234375 0.028125 0.025
0 0.71953125 0.33828125 0.025 0.03125
0 0.74140625 0.390625 0.028125 0.025
0 0.79296875 0.4671875 0.025 0.028125
0 0.815625 0.4859375 0.028125 0.028125
0 0.86640625 0.63984375 0.03125 0.028125