0 0.5046875 0.70234375 0.01171875 0.0140625
0 0.5046875 0.68515625 0.01171875 0.0125
0 0.52578125 0.68828125 0.0109375 0.01328125
0 0.51171875 0.69375 0.01171875 0.01171875
0 0.51640625 0.6828125 0.0109375 0.0125
0 0.50859375 0.6734375 0.0109375 0.0125
0 0.4984375 0.66875 0.0109375 0.0125
0 0.4875 0.67421875 0.0109375 0.0125
0 0.53125 0.67421875 0.009375 0.01171875
0 0.5203125 0.67109375 0.0109375 0.01171875
0 0.51484375 0.6609375 0.0125 0.0109375
0 0.53046875 0.6625 0.01015625 0.01171875
0 0.553125 0.66875 0.01171875 0.01328125
0 0.55 0.65390625 0.01328125 0.01328125
0 0.503125 0.6578125 0.0109375 0.01171875
0 0.49140625 0.65546875 0.01171875 0.0109375
0 0.51015625 0.6484375 0.0109375 0.0125
0 0.525 0.653125 0.01171875 0.01171875
0 0.5328125 0.640625 0.01171875 0.0125
0 0.553125 0.6421875 0.0109375 0.01328125
0 0.54140625 0.63203125 0.01171875 0.01328125
0 0.5265625 0.62578125 0.0109375 0.0125
0 0.51796875 0.63515625 0.01015625 0.0125
0 0.50625 0.6375 0.01015625 0.01171875
0 0.496875 0.6453125 0.0109375 0.01328125
0 0.50234375 0.62890625 0.01171875 0.01328125
0 0.48125 0.65078125 0.0109375 0.0125
0 0.46953125 0.64765625 0.0109375 0.01328125
0 0.475 0.63671875 0.01171875 0.01171875
0 0.459375 0.63671875 0.01015625 0.01328125
0 0.4375 0.64921875 0.01171875 0.0125
0 0.428125 0.63828125 0.0109375 0.01171875
0 0.42578125 0.62421875 0.0109375 0.0125
0 0.41953125 0.61328125 0.01328125 0.0125
0 0.43203125 0.60546875 0.01015625 0.01171875
0 0.4421875 0.59453125 0.01015625 0.01171875
0 0.4296875 0.5921875 0.0125 0.0125
0 0.4484375 0.5859375 0.009375 0.0109375
0 0.4421875 0.57578125 0.01171875 0.01328125
0 0.46171875 0.5828125 0.01171875 0.0109375
0 0.465625 0.59296875 0.01171875 0.01171875
0 0.46953125 0.5890625 0.01171875 0.0109375
0 0.4796875 0.60078125 0.0109375 0.01171875
0 0.478125 0.58828125 0.0109375 0.0125
0 0.490625 0.596875 0.0109375 0.01171875
0 0.4890625 0.58125 0.0125 0.0125
0 0.51015625 0.59609375 0.0125 0.0140625
0 0.5 0.59296875 0.01328125 0.01328125
0 0.546875 0.57578125 0.0109375 0.01328125
0 0.53515625 0.57578125 0.01171875 0.01328125
0 0.559375 0.6265625 0.0125 0.0140625
0 0.45625 0.57109375 0.01171875 0.0109375
0 0.446875 0.56484375 0.01015625 0.0109375
0 0.434375 0.56328125 0.01015625 0.0109375
0 0.409375 0.56328125 0.01171875 0.0140625
0 0.453125 0.55546875 0.009375 0.01171875
0 0.44140625 0.5546875 0.0109375 0.01328125
0 0.4390625 0.54375 0.0125 0.0125
0 0.45 0.5328125 0.0109375 0.01328125
0 0.47265625 0.53984375 0.01171875 0.01171875
0 0.46171875 0.5421875 0.01015625 0.01171875
0 0.48203125 0.53125 0.01171875 0.01171875
0 0.47109375 0.5234375 0.0109375 0.01171875
0 0.46015625 0.521875 0.0125 0.0125
0 0.48046875 0.51640625 0.01171875 0.0125
0 0.46796875 0.5125 0.0109375 0.0109375
0 0.465625 0.50234375 0.01171875 0.01171875
0 0.4953125 0.52265625 0.01171875 0.009375
0 0.528125 0.53828125 0.01015625 0.0125
0 0.51484375 0.53359375 0.0109375 0.01171875
0 0.51484375 0.52265625 0.01328125 0.01328125
0 0.53046875 0.52578125 0.0109375 0.01171875
0 0.52421875 0.515625 0.0109375 0.0109375
0 0.5375 0.51484375 0.01171875 0.0109375
0 0.55078125 0.51484375 0.009375 0.01171875
0 0.553125 0.50234375 0.0109375 0.01171875
0 0.54296875 0.50625 0.0109375 0.01171875
0 0.53359375 0.5015625 0.01171875 0.009375
0 0.5234375 0.5046875 0.01328125 0.0125
0 0.5125 0.50546875 0.01171875 0.0109375
0 0.50703125 0.5140625 0.0125 0.01171875
0 0.4953125 0.5046875 0.0125 0.0125
0 0.48046875 0.503125 0.01171875 0.01171875
0 0.409375 0.49609375 0.01171875 0.0109375
0 0.40078125 0.50078125 0.01171875 0.01171875
0 0.390625 0.5046875 0.0109375 0.0109375
0 0.38359375 0.4953125 0.01171875 0.0125
0 0.3984375 0.4828125 0.01015625 0.01015625
0 0.39375 0.471875 0.01015625 0.0109375
0 0.4078125 0.471875 0.01171875 0.01171875
0 0.43046875 0.46640625 0.01171875 0.01171875
0 0.41796875 0.4609375 0.0109375 0.01328125
0 0.4296875 0.45234375 0.01171875 0.01328125
0 0.5 0.45859375 0.0125 0.0125
0 0.4796875 0.45 0.0109375 0.0140625
0 0.4671875 0.43828125 0.01171875 0.01171875
0 0.4671875 0.42734375 0.0109375 0.0125
0 0.4828125 0.43125 0.01328125 0.0140625
0 0.50390625 0.4453125 0.01015625 0.01015625
0 0.50390625 0.44609375 0.01171875 0.0109375
0 0.49609375 0.43828125 0.01015625 0.0109375
0 0.496875 0.42734375 0.01171875 0.0125
0 0.49375 0.4140625 0.01015625 0.01171875
0 0.48125 0.40703125 0.01171875 0.01328125
0 0.50234375 0.40546875 0.01015625 0.0125
0 0.49140625 0.40234375 0.01015625 0.01328125
0 0.49375 0.3890625 0.01171875 0.0109375
0 0.48046875 0.3890625 0.01328125 0.0109375
0 0.48125 0.3765625 0.01015625 0.0125
0 0.48359375 0.3625 0.0109375 0.0109375
0 0.4921875 0.37421875 0.0109375 0.0125
0 0.48203125 0.41875 0.0109375 0.01171875
0 0.57578125 0.4671875 0.01015625 0.01171875
0 0.559375 0.4578125 0.01015625 0.0109375
0 0.534375 0.4578125 0.01015625 0.0109375
0 0.546875 0.44921875 0.0109375 0.01171875
0 0.56640625 0.4484375 0.0109375 0.0109375
0 0.5265625 0.44921875 0.0109375 0.0109375
0 0.51640625 0.43984375 0.01015625 0.01171875
0 0.509375 0.43046875 0.009375 0.0109375
0 0.521875 0.4296875 0.01015625 0.009375
0 0.53359375 0.43828125 0.009375 0.01015625
0 0.52265625 0.41953125 0.0125 0.01015625
0 0.509375 0.41875 0.01015625 0.0109375
0 0.521875 0.40703125 0.009375 0.0109375
0 0.525 0.396875 0.01171875 0.01015625
0 0.51328125 0.3875 0.01015625 0.0109375
0 0.5125 0.37734375 0.0109375 0.0109375
0 0.5328125 0.378125 0.01015625 0.01171875
0 0.52265625 0.3734375 0.0109375 0.01328125
0 0.54375 0.36796875 0.01015625 0.01171875
0 0.5 0.3640625 0.01015625 0.01015625
0 0.49296875 0.35390625 0.01171875 0.0109375
0 0.528125 0.36015625 0.0109375 0.01015625
0 0.56640625 0.4234375 0.009375 0.0109375
0 0.55390625 0.42109375 0.01171875 0.0125
0 0.5609375 0.4109375 0.0109375 0.01171875
0 0.57421875 0.41328125 0.01171875 0.0109375
0 0.56953125 0.3984375 0.01015625 0.01171875
0 0.56328125 0.38984375 0.01015625 0.0125
0 0.55078125 0.384375 0.0109375 0.0109375
0 0.60234375 0.375 0.01328125 0.01328125
0 0.50859375 0.33828125 0.0125 0.0125
0 0.52265625 0.3390625 0.01171875 0.0140625
0 0.54140625 0.33984375 0.01171875 0.0140625