0 0.40546875 0.53828125 0.0296875 0.0296875
0 0.4078125 0.55859375 0.0296875 0.025
0 0.38125 0.5484375 0.028125 0.028125
0 0.3859375 0.56953125 0.0265625 0.025
0 0.36171875 0.5578125 0.028125 0.0265625
0 0.34375 0.58125 0.0296875 0.0296875
0 0.36796875 0.5828125 0.028125 0.0265625
0 0.32890625 0.5984375 0.0296875 0.0296875
0 0.33046875 0.62578125 0.028125 0.025
0 0.3484375 0.6125 0.028125 0.0265625
0 0.375 0.61015625 0.028125 0.0265625
0 0.38984375 0.59453125 0.028125 0.0265625
0 0.409375 0.58203125 0.028125 0.0265625
0 0.4140625 0.603125 0.025 0.025
0 0.3984375 0.6203125 0.0265625 0.025
0 0.35390625 0.63515625 0.0265625 0.0234375
0 0.37890625 0.63359375 0.0265625 0.021875
0 0.34140625 0.6546875 0.0265625 0.025
0 0.36640625 0.653125 0.025 0.0234375
0 0.34140625 0.675 0.028125 0.0265625
0 0.3890625 0.671875 0.0296875 0.0265625
0 0.38984375 0.6515625 0.028125 0.0265625
0 0.41484375 0.65625 0.028125 0.0265625
0 0.41875 0.63359375 0.028125 0.0265625
0 0.43671875 0.64921875 0.028125 0.0265625
0 0.4109375 0.6765625 0.025 0.0234375
0 0.43359375 0.671875 0.0265625 0.025
0 0.365625 0.67734375 0.028125 0.0265625
0 0.3546875 0.69921875 0.028125 0.025
0 0.37734375 0.6953125 0.028125 0.0265625
0 0.4 0.69921875 0.025 0.0234375
0 0.421875 0.69453125 0.0265625 0.025
0 0.35625 0.7203125 0.028125 0.028125
0 0.38046875 0.72109375 0.0265625 0.021875
0 0.35703125 0.75625 0.028125 0.0234375
0 0.3625 0.7375 0.0265625 0.021875
0 0.38515625 0.74140625 0.0265625 0.0234375
0 0.403125 0.72421875 0.028125 0.0265625
0 0.4234375 0.71796875 0.0265625 0.025
0 0.44296875 0.70625 0.028125 0.0265625
0 0.4484375 0.68671875 0.0265625 0.0234375
0 0.45625 0.6625 0.0265625 0.025
0 0.46953125 0.68125 0.028125 0.0265625
0 0.46640625 0.7046875 0.028125 0.0265625
0 0.446875 0.72734375 0.028125 0.0265625
0 0.4078125 0.74296875 0.028125 0.025
0 0.42890625 0.73828125 0.025 0.021875
0 0.39765625 0.76015625 0.0265625 0.0234375
0 0.365625 0.7828125 0.025 0.0234375
0 0.37734375 0.7671875 0.0265625 0.0234375
0 0.37109375 0.80078125 0.025 0.021875
0 0.3890625 0.78671875 0.028125 0.0234375
0 0.4078125 0.778125 0.025 0.0234375
0 0.421875 0.7625 0.028125 0.0234375
0 0.4421875 0.75546875 0.028125 0.025
0 0.46015625 0.74453125 0.0265625 0.021875
0 0.4734375 0.728125 0.028125 0.025
0 0.39453125 0.80625 0.025 0.021875
0 0.4015625 0.83046875 0.025 0.021875
0 0.41484375 0.815625 0.0265625 0.021875
0 0.41328125 0.79765625 0.025 0.021875
0 0.42890625 0.78671875 0.028125 0.025
0 0.434375 0.80546875 0.025 0.021875
0 0.45078125 0.81953125 0.0265625 0.025
0 0.46640625 0.76640625 0.028125 0.0265625
0 0.45234375 0.7953125 0.025 0.0203125
0 0.4484375 0.7765625 0.025 0.021875
0 0.46953125 0.78515625 0.025 0.0203125
0 0.490625 0.77421875 0.028125 0.025
0 0.4828125 0.753125 0.028125 0.0234375
0 0.496875 0.7375 0.0296875 0.0296875
0 0.4890625 0.7140625 0.0265625 0.025
0 0.48984375 0.69375 0.028125 0.0265625
0 0.56953125 0.65859375 0.04375 0.0265625
0 0.53125 0.68671875 0.028125 0.028125
0 0.5125 0.71953125 0.0265625 0.025
0 0.51328125 0.69921875 0.025 0.021875
0 0.50703125 0.678125 0.028125 0.0265625
0 0.4859375 0.665625 0.028125 0.0265625
0 0.47109375 0.64921875 0.028125 0.0265625
0 0.45234375 0.634375 0.028125 0.0265625
0 0.4328125 0.61796875 0.028125 0.0265625
0 0.43671875 0.5203125 0.0328125 0.028125
0 0.43359375 0.56328125 0.028125 0.0265625
0 0.43359375 0.58984375 0.028125 0.0265625
0 0.45234375 0.60546875 0.028125 0.0265625
0 0.47109375 0.62109375 0.0265625 0.025
0 0.48984375 0.6359375 0.028125 0.0265625
0 0.50390625 0.65546875 0.025 0.025
0 0.49375 0.61328125 0.0265625 0.025
0 0.475 0.596875 0.028125 0.0265625
0 0.4546875 0.58046875 0.028125 0.0265625
0 0.45703125 0.5578125 0.03125 0.0296875
0 0.4796875 0.57421875 0.028125 0.028125
0 0.50625 0.58203125 0.028125 0.028125
0 0.51484375 0.60390625 0.03125 0.0265625
0 0.51328125 0.628125 0.028125 0.0265625
0 0.534375 0.61796875 0.028125 0.028125
0 0.52734375 0.64765625 0.0296875 0.0296875
0 0.54765625 0.6390625 0.0296875 0.0296875