0 0.72734375 0.50390625 0.02578125 0.028125
0 0.75703125 0.49296875 0.025 0.02421875
0 0.76171875 0.52265625 0.0234375 0.02109375
0 0.74765625 0.56953125 0.02578125 0.02421875
0 0.77109375 0.59140625 0.025 0.025
0 0.67421875 0.59140625 0.02265625 0.02265625
0 0.67734375 0.61640625 0.02421875 0.02421875
0 0.70078125 0.65078125 0.02578125 0.0265625
0 0.63671875 0.6203125 0.02421875 0.021875
0 0.659375 0.628125 0.0203125 0.025
0 0.615625 0.6265625 0.02734375 0.02265625
0 0.6125 0.64765625 0.02421875 0.021875
0 0.6 0.67109375 0.0234375 0.02421875
0 0.5921875 0.5828125 0.0234375 0.021875
0 0.58203125 0.60078125 0.01953125 0.0171875
0 0.5796875 0.6203125 0.0234375 0.0234375
0 0.58203125 0.646875 0.02421875 0.02265625
0 0.58203125 0.68515625 0.02421875 0.02421875
0 0.44609375 0.47578125 0.02421875 0.021875
0 0.43671875 0.49921875 0.021875 0.021875
0 0.459375 0.50390625 0.021875 0.02421875
0 0.4296875 0.52421875 0.02265625 0.02265625
0 0.43125 0.575 0.0203125 0.0234375
0 0.4703125 0.553125 0.01953125 0.02265625
0 0.415625 0.55625 0.02265625 0.0234375
0 0.4453125 0.54921875 0.0234375 0.021875
0 0.4546875 0.57421875 0.02265625 0.02421875
0 0.5640625 0.5859375 0.025 0.0234375
0 0.56953125 0.56484375 0.02109375 0.02265625
0 0.5578125 0.540625 0.02421875 0.021875
0 0.5484375 0.50625 0.021875 0.02265625
0 0.5734375 0.51796875 0.02265625 0.02578125
0 0.62265625 0.528125 0.01875 0.02109375
0 0.61796875 0.50859375 0.02109375 0.02265625
0 0.60234375 0.52109375 0.0234375 0.02578125
0 0.60546875 0.48984375 0.021875 0.025
0 0.6234375 0.47578125 0.02265625 0.0234375
0 0.5375 0.44609375 0.02578125 0.0234375
0 0.56640625 0.46640625 0.025 0.025
0 0.5921875 0.4296875 0.0234375 0.0234375
0 0.57421875 0.396875 0.02109375 0.02421875
0 0.5578125 0.3828125 0.02265625 0.02265625
0 0.61484375 0.3609375 0.0140625 0.0203125
0 0.62421875 0.38515625 0.0234375 0.02421875
0 0.59765625 0.3640625 0.02109375 0.02109375
0 0.6328125 0.3625 0.02109375 0.02265625
0 0.66484375 0.225 0.02421875 0.0234375
0 0.6328125 0.20703125 0.0234375 0.02265625
0 0.6109375 0.2203125 0.021875 0.021875
0 0.628125 0.23515625 0.021875 0.02421875
0 0.3671875 0.07421875 0.0234375 0.021875
0 0.3640625 0.09453125 0.021875 0.0203125
0 0.38125 0.10859375 0.021875 0.02109375
0 0.3984375 0.09375 0.02109375 0.0203125
0 0.44765625 0.1171875 0.0234375 0.01953125
0 0.46875 0.1078125 0.02421875 0.0203125
0 0.49375 0.1453125 0.02109375 0.021875
0 0.53359375 0.196875 0.02421875 0.02421875
0 0.56328125 0.23515625 0.02421875 0.0234375
0 0.54296875 0.25703125 0.02109375 0.01953125
0 0.50390625 0.315625 0.025 0.0234375
0 0.509375 0.2859375 0.0203125 0.0234375
0 0.5140625 0.23203125 0.02265625 0.02265625
0 0.45625 0.22578125 0.021875 0.021875
0 0.4765625 0.23359375 0.01953125 0.0234375
0 0.45078125 0.246875 0.01796875 0.01953125
0 0.46484375 0.26328125 0.02421875 0.02109375
0 0.4140625 0.21796875 0.021875 0.0203125
0 0.4265625 0.23515625 0.01875 0.01484375
0 0.41875 0.24921875 0.021875 0.01796875
0 0.4171875 0.26640625 0.02265625 0.0125
0 0.40234375 0.2859375 0.02109375 0.02421875
0 0.325 0.30703125 0.02265625 0.02421875
0 0.3578125 0.32109375 0.0234375 0.02578125
0 0.39609375 0.3375 0.02265625 0.02265625
0 0.36328125 0.34765625 0.01953125 0.02109375
0 0.38046875 0.37109375 0.025 0.021875
0 0.33828125 0.36015625 0.0203125 0.02265625
0 0.359375 0.36953125 0.021875 0.021875
0 0.31953125 0.33515625 0.02578125 0.02109375
0 0.3140625 0.3578125 0.021875 0.02265625
0 0.3265625 0.3796875 0.01875 0.02265625
0 0.3484375 0.3890625 0.02109375 0.0203125
0 0.30625 0.38046875 0.02109375 0.021875
0 0.3140625 0.4015625 0.021875 0.0203125
0 0.30625 0.4234375 0.02109375 0.0203125
0 0.346875 0.41328125 0.0234375 0.02421875
0 0.365625 0.40234375 0.01953125 0.021875
0 0.38984375 0.409375 0.021875 0.02421875
0 0.3890625 0.4328125 0.0234375 0.02265625
0 0.21171875 0.3921875 0.02265625 0.02265625
0 0.25546875 0.403125 0.0234375 0.02109375
0 0.265625 0.4234375 0.0203125 0.02109375
0 0.259375 0.4453125 0.0203125 0.0203125
0 0.28203125 0.44453125 0.0203125 0.0234375
0 0.26484375 0.465625 0.0203125 0.01875
0 0.23671875 0.44921875 0.02265625 0.0203125
0 0.22890625 0.471875 0.01875 0.0203125
0 0.24453125 0.4734375 0.01015625 0.0234375
0 0.21171875 0.48359375 0.01953125 0.021875
0 0.2296875 0.49609375 0.0203125 0.01953125
0 0.2546875 0.48515625 0.01953125 0.0203125
0 0.2625 0.50546875 0.01796875 0.021875
0 0.27578125 0.50078125 0.01484375 0.01953125
0 0.21953125 0.51796875 0.0234375 0.021875
0 0.24296875 0.51484375 0.0203125 0.021875
0 0.31640625 0.490625 0.0234375 0.02265625
0 0.33828125 0.50859375 0.02265625 0.02109375
0 0.34296875 0.53203125 0.01953125 0.02421875
0 0.34375 0.55390625 0.02109375 0.02109375
0 0.3515625 0.575 0.021875 0.02265625
0 0.265625 0.55078125 0.01953125 0.02421875
0 0.29375 0.55 0.02578125 0.02109375
0 0.29375 0.575 0.02109375 0.02109375
0 0.30546875 0.5953125 0.021875 0.01875
0 0.3140625 0.58125 0.015625 0.01328125
0 0.3125 0.61171875 0.021875 0.01796875
0 0.303125 0.63125 0.02109375 0.02265625
0 0.29453125 0.6515625 0.02265625 0.0234375
0 0.34375 0.6453125 0.02421875 0.0234375
0 0.43515625 0.6296875 0.021875 0.02265625
0 0.45625 0.63359375 0.0203125 0.02109375
0 0.47109375 0.61875 0.0203125 0.0234375
0 0.46171875 0.65390625 0.0203125 0.02421875
0 0.484375 0.6578125 0.0234375 0.02421875
0 0.44296875 0.684375 0.02109375 0.0234375
0 0.46484375 0.68828125 0.0234375 0.02421875
0 0.48671875 0.696875 0.0203125 0.0234375
0 0.4734375 0.7265625 0.0203125 0.02421875
0 0.50546875 0.74140625 0.0234375 0.0265625
0 0.5015625 0.78046875 0.02265625 0.02265625
0 0.6125 0.7359375 0.0234375 0.021875
0 0.72109375 0.7921875 0.0234375 0.0234375
0 0.690625 0.8078125 0.01953125 0.02734375
0 0.703125 0.77421875 0.02265625 0.0234375
0 0.67109375 0.81015625 0.021875 0.02578125
0 0.60078125 0.81484375 0.0234375 0.0203125
0 0.5125 0.83984375 0.0234375 0.025
0 0.31953125 0.7171875 0.02421875 0.02421875
0 0.303125 0.73828125 0.02421875 0.02421875
0 0.3171875 0.76484375 0.02265625 0.0234375
0 0.2671875 0.79765625 0.02109375 0.025
0 0.24296875 0.78671875 0.02109375 0.025
0 0.26796875 0.815625 0.0234375 0.0140625