0 0.62578125 0.9328125 0.034375 0.0328125
0 0.36015625 0.9015625 0.025 0.0234375
0 0.4640625 0.9203125 0.0328125 0.03125
0 0.39765625 0.90859375 0.0265625 0.0265625
0 0.3921875 0.878125 0.0265625 0.0296875
0 0.375 0.8921875 0.0296875 0.0234375
0 0.353125 0.87734375 0.0265625 0.0265625
0 0.24765625 0.628125 0.0265625 0.0296875
0 0.22734375 0.60625 0.0265625 0.0296875
0 0.2171875 0.5703125 0.0265625 0.0296875
0 0.1140625 0.55078125 0.0265625 0.03125
0 0.2484375 0.5359375 0.0265625 0.03125
0 0.20703125 0.52265625 0.025 0.0328125
0 0.096875 0.46953125 0.0265625 0.0265625
0 0.09296875 0.44140625 0.0265625 0.0296875
0 0.1265625 0.36484375 0.0265625 0.0359375
0 0.10703125 0.30625 0.0265625 0.0359375
0 0.2875 0.6359375 0.0265625 0.0296875
0 0.27890625 0.65703125 0.0265625 0.0328125
0 0.2734375 0.7265625 0.0296875 0.0265625
0 0.26328125 0.7015625 0.0265625 0.0234375
0 0.33984375 0.6765625 0.025 0.0265625
0 0.3296875 0.62578125 0.0296875 0.0296875
0 0.340625 0.6515625 0.0265625 0.0296875
0 0.3828125 0.66015625 0.0296875 0.03125
0 0.39609375 0.6890625 0.0265625 0.0296875
0 0.38515625 0.63359375 0.0296875 0.0328125
0 0.67265625 0.8 0.0328125 0.0328125
0 0.4703125 0.7734375 0.0296875 0.03125
0 0.44453125 0.74453125 0.025 0.0296875
0 0.49609375 0.7703125 0.0265625 0.025
0 0.4828125 0.74375 0.021875 0.0265625
0 0.559375 0.7921875 0.0328125 0.0296875
0 0.53515625 0.7640625 0.0265625 0.0296875
0 0.50625 0.7421875 0.0265625 0.0296875
0 0.60859375 0.6875 0.0296875 0.0359375
0 0.59453125 0.71796875 0.028125 0.0296875
0 0.55703125 0.7328125 0.034375 0.0296875
0 0.58203125 0.68671875 0.0296875 0.034375
0 0.56484375 0.7078125 0.028125 0.0296875
0 0.5375 0.7015625 0.028125 0.0296875
0 0.46484375 0.72421875 0.028125 0.0265625
0 0.55625 0.67109375 0.0296875 0.0328125
0 0.52890625 0.67109375 0.0296875 0.0328125
0 0.484375 0.69765625 0.0296875 0.0296875
0 0.4703125 0.67265625 0.0265625 0.0296875
0 0.50390625 0.65546875 0.0265625 0.0296875
0 0.47265625 0.6484375 0.0265625 0.0265625
0 0.540625 0.6234375 0.0296875 0.0328125
0 0.5140625 0.62734375 0.0296875 0.03125
0 0.484375 0.628125 0.0265625 0.0296875
0 0.46484375 0.6078125 0.0265625 0.0265625
0 0.453125 0.6296875 0.0265625 0.025
0 0.43046875 0.61328125 0.0265625 0.0296875
0 0.31015625 0.57421875 0.0265625 0.0296875
0 0.27734375 0.525 0.0265625 0.0328125
0 0.29140625 0.55 0.0234375 0.0296875
0 0.27578125 0.49921875 0.0265625 0.028125
0 0.3 0.51015625 0.0234375 0.028125
0 0.28359375 0.47890625 0.0265625 0.025
0 0.25 0.45 0.0234375 0.0328125
0 0.28203125 0.4453125 0.025 0.0328125
0 0.2640625 0.43046875 0.0234375 0.0265625
0 0.253125 0.403125 0.0265625 0.0296875
0 0.2328125 0.4125 0.0234375 0.0265625
0 0.2359375 0.37578125 0.0296875 0.0328125
0 0.46328125 0.5828125 0.0296875 0.0265625
0 0.39765625 0.56640625 0.0265625 0.0296875
0 0.3765625 0.59609375 0.0296875 0.034375
0 0.4046875 0.5421875 0.0265625 0.0296875
0 0.403125 0.5171875 0.0265625 0.0265625
0 0.38046875 0.5078125 0.0265625 0.0296875
0 0.3734375 0.47421875 0.0296875 0.025
0 0.34609375 0.484375 0.0296875 0.028125
0 0.3328125 0.45 0.025 0.03125
0 0.36484375 0.42890625 0.0296875 0.0265625
0 0.353125 0.440625 0.0234375 0.0203125
0 0.43125 0.51875 0.0265625 0.0265625
0 0.4171875 0.478125 0.0265625 0.028125
0 0.44140625 0.53984375 0.0265625 0.0234375
0 0.4296875 0.5 0.0265625 0.0140625
0 0.49140625 0.52421875 0.0296875 0.0359375
0 0.4578125 0.50859375 0.0296875 0.0296875
0 0.52265625 0.49453125 0.0296875 0.03125
0 0.51953125 0.4640625 0.0296875 0.03125
0 0.4828125 0.471875 0.028125 0.0328125
0 0.71796875 0.7640625 0.0296875 0.034375
0 0.678125 0.76640625 0.0328125 0.0359375
0 0.64765625 0.753125 0.0328125 0.0328125
0 0.625 0.6546875 0.0328125 0.0328125
0 0.765625 0.70546875 0.0359375 0.0328125
0 0.87890625 0.5453125 0.0328125 0.0421875
0 0.828125 0.5890625 0.0359375 0.0375
0 0.7625 0.6109375 0.0328125 0.034375
0 0.69296875 0.62890625 0.0328125 0.034375
0 0.6171875 0.53828125 0.03125 0.03125
0 0.64453125 0.528125 0.03125 0.0359375
0 0.6359375 0.5703125 0.0359375 0.0359375
0 0.6703125 0.51484375 0.0328125 0.0296875
0 0.7125 0.5015625 0.0328125 0.0390625
0 0.67109375 0.4828125 0.034375 0.0328125
0 0.63125 0.48828125 0.034375 0.0375
0 0.715625 0.453125 0.0359375 0.0359375
0 0.6328125 0.44140625 0.0328125 0.0375
0 0.73046875 0.3765625 0.0390625 0.0390625
0 0.63046875 0.4046875 0.03125 0.0328125
0 0.603125 0.36953125 0.0328125 0.0359375
0 0.465625 0.39765625 0.0234375 0.03125
0 0.4921875 0.37890625 0.03125 0.0328125
0 0.45625 0.36953125 0.0265625 0.0328125
0 0.5125 0.3515625 0.0296875 0.0328125
0 0.56953125 0.3125 0.0265625 0.0359375
0 0.75703125 0.21484375 0.0359375 0.0375
0 0.415625 0.44453125 0.0296875 0.0328125
0 0.39375 0.41484375 0.0265625 0.0296875
0 0.328125 0.38828125 0.0265625 0.0296875
0 0.39453125 0.38203125 0.0265625 0.0328125
0 0.36875 0.3890625 0.0265625 0.0296875
0 0.36171875 0.36015625 0.0265625 0.0296875
0 0.33671875 0.36484375 0.0265625 0.028125
0 0.3046875 0.35625 0.0265625 0.0328125
0 0.2390625 0.3421875 0.0234375 0.0296875
0 0.23671875 0.30859375 0.0265625 0.0359375
0 0.26015625 0.31796875 0.025 0.0296875
0 0.25625 0.2859375 0.0265625 0.034375
0 0.33984375 0.2984375 0.0296875 0.0328125
0 0.41953125 0.296875 0.0265625 0.0328125
0 0.47265625 0.26640625 0.0296875 0.0359375
0 0.45390625 0.2359375 0.0265625 0.0359375
0 0.428125 0.24453125 0.0265625 0.0328125
0 0.53671875 0.18046875 0.0296875 0.0375
0 0.48125 0.18046875 0.0296875 0.0359375
0 0.4390625 0.18359375 0.028125 0.0296875
0 0.38984375 0.21875 0.0265625 0.03125
0 0.38203125 0.18984375 0.0296875 0.0359375
0 0.3546875 0.23984375 0.028125 0.034375
0 0.3046875 0.25625 0.0265625 0.03125
0 0.30078125 0.2234375 0.025 0.0328125
0 0.265625 0.23515625 0.0265625 0.0296875
0 0.30859375 0.175 0.0265625 0.0375
0 0.18984375 0.2296875 0.0265625 0.03125
0 0.16875 0.1953125 0.0265625 0.0328125
0 0.1984375 0.175 0.0265625 0.0328125
0 0.490625 0.55546875 0.0296875 0.0328125