0 0.6828125 0.23984375 0.02421875 0.0265625
0 0.653125 0.24296875 0.02578125 0.02578125
0 0.61953125 0.2109375 0.02421875 0.02421875
0 0.6203125 0.23515625 0.021875 0.021875
0 0.621875 0.2578125 0.0234375 0.02109375
0 0.59140625 0.22109375 0.02109375 0.0265625
0 0.5984375 0.24296875 0.0203125 0.021875
0 0.6 0.2640625 0.01953125 0.02265625
0 0.6109375 0.284375 0.02421875 0.021875
0 0.63125 0.27890625 0.0203125 0.02265625
0 0.62578125 0.30078125 0.0203125 0.0234375
0 0.58046875 0.25625 0.0203125 0.0234375
0 0.60390625 0.3109375 0.02109375 0.025
0 0.64296875 0.31875 0.021875 0.021875
0 0.659375 0.3 0.0234375 0.02421875
0 0.55234375 0.2625 0.021875 0.0234375
0 0.50234375 0.2921875 0.02578125 0.02578125
0 0.528125 0.28828125 0.0203125 0.02265625
0 0.55234375 0.28828125 0.0203125 0.02421875
0 0.55859375 0.31796875 0.02421875 0.0234375
0 0.53984375 0.3375 0.02265625 0.02578125
0 0.81796875 0.453125 0.021875 0.02265625
0 0.79765625 0.4765625 0.01796875 0.0203125
0 0.8234375 0.47890625 0.021875 0.021875
0 0.77734375 0.4703125 0.021875 0.021875
0 0.78046875 0.49296875 0.0203125 0.02109375
0 0.73046875 0.446875 0.021875 0.025
0 0.69921875 0.47421875 0.021875 0.021875
0 0.7203125 0.48046875 0.01953125 0.02265625
0 0.7546875 0.49609375 0.02109375 0.02109375
0 0.7859375 0.51640625 0.021875 0.021875
0 0.8125 0.53515625 0.02265625 0.0234375
0 0.80390625 0.5578125 0.01953125 0.021875
0 0.85390625 0.54296875 0.02109375 0.02265625
0 0.81484375 0.58125 0.01796875 0.02421875
0 0.4515625 0.46328125 0.01484375 0.02578125
0 0.43671875 0.48671875 0.021875 0.02421875
0 0.4109375 0.4859375 0.02734375 0.02578125
0 0.42265625 0.465625 0.01640625 0.0234375
0 0.43984375 0.4421875 0.02265625 0.021875
0 0.43671875 0.46015625 0.0203125 0.02421875
0 0.45390625 0.425 0.02421875 0.02734375
0 0.471875 0.3859375 0.0234375 0.02578125
0 0.4828125 0.44609375 0.02265625 0.02578125
0 0.49140625 0.4234375 0.02421875 0.025
0 0.51015625 0.41328125 0.02109375 0.0234375
0 0.53125 0.42265625 0.0234375 0.02421875
0 0.57734375 0.45 0.02109375 0.025
0 0.58984375 0.47578125 0.021875 0.02578125
0 0.646875 0.43984375 0.02421875 0.02578125
0 0.63203125 0.459375 0.02109375 0.02265625
0 0.63125 0.48359375 0.0234375 0.02265625
0 0.671875 0.4765625 0.02109375 0.0234375
0 0.71953125 0.5921875 0.01953125 0.025
0 0.70859375 0.5421875 0.01953125 0.021875
0 0.690625 0.515625 0.021875 0.021875
0 0.68203125 0.53671875 0.01796875 0.01953125
0 0.6921875 0.55625 0.02109375 0.0203125
0 0.69609375 0.5765625 0.02109375 0.02109375
0 0.70390625 0.5984375 0.02109375 0.02421875
0 0.62421875 0.56015625 0.02421875 0.02421875
0 0.5953125 0.578125 0.02421875 0.0234375
0 0.5609375 0.56171875 0.02109375 0.01484375
0 0.55625 0.59921875 0.0203125 0.0234375
0 0.56328125 0.57734375 0.02109375 0.0234375
0 0.65859375 0.61484375 0.02109375 0.021875
0 0.66875 0.6359375 0.021875 0.025
0 0.63125 0.6703125 0.02109375 0.02421875
0 0.6890625 0.665625 0.0234375 0.025
0 0.8109375 0.659375 0.02109375 0.0265625
0 0.4953125 0.2640625 0.02265625 0.0234375
0 0.47421875 0.240625 0.0234375 0.02734375
0 0.50703125 0.16875 0.02421875 0.0265625
0 0.4125 0.07734375 0.02421875 0.02421875
0 0.43671875 0.06953125 0.025 0.02265625
0 0.46171875 0.109375 0.02265625 0.0234375
0 0.32578125 0.0234375 0.028125 0.025
0 0.36015625 0.05 0.02265625 0.0234375
0 0.32265625 0.046875 0.025 0.02265625
0 0.34296875 0.0625 0.02265625 0.02421875
0 0.40625 0.30078125 0.02265625 0.02578125
0 0.3734375 0.33359375 0.02421875 0.02734375
0 0.334375 0.36953125 0.025 0.0265625
0 0.296875 0.35390625 0.02578125 0.02421875
0 0.3140625 0.38515625 0.025 0.0234375
0 0.3421875 0.4015625 0.02421875 0.025
0 0.3984375 0.54453125 0.02421875 0.025
0 0.35390625 0.528125 0.01953125 0.02421875
0 0.37421875 0.52578125 0.02265625 0.025
0 0.38046875 0.5625 0.02421875 0.025
0 0.33359375 0.54453125 0.02578125 0.021875
0 0.34453125 0.56875 0.02578125 0.02421875
0 0.2625 0.40703125 0.0234375 0.02578125
0 0.2921875 0.41796875 0.02578125 0.025
0 0.3171875 0.4203125 0.02578125 0.021875
0 0.33125 0.44140625 0.02734375 0.0234375
0 0.3234375 0.4671875 0.02578125 0.025
0 0.24375 0.43203125 0.025 0.0265625
0 0.2359375 0.46953125 0.02734375 0.02578125
0 0.23125 0.5109375 0.02578125 0.02734375
0 0.215625 0.534375 0.02421875 0.02578125
0 0.2421875 0.54140625 0.02734375 0.025
0 0.2609375 0.521875 0.028125 0.02265625
0 0.228125 0.5796875 0.02421875 0.02421875
0 0.2546875 0.5734375 0.02578125 0.0234375
0 0.3140625 0.59453125 0.02421875 0.0234375
0 0.3265625 0.6359375 0.0234375 0.025
0 0.334375 0.66484375 0.02421875 0.02578125
0 0.41953125 0.5984375 0.02421875 0.025
0 0.4265625 0.62421875 0.021875 0.0234375
0 0.4328125 0.6515625 0.02421875 0.025
0 0.4359375 0.67578125 0.025 0.0234375
0 0.475 0.70078125 0.02421875 0.02421875
0 0.48125 0.725 0.02265625 0.02734375
0 0.459375 0.684375 0.02265625 0.025
0 0.4578125 0.7171875 0.02265625 0.02578125
0 0.47109375 0.74765625 0.02265625 0.0265625
0 0.4328125 0.73671875 0.02265625 0.02578125
0 0.4078125 0.74921875 0.02265625 0.03046875
0 0.378125 0.7671875 0.0234375 0.03046875
0 0.2421875 0.84921875 0.02578125 0.015625
0 0.2125 0.82109375 0.0234375 0.0265625
0 0.240625 0.82890625 0.02890625 0.028125
0 0.3015625 0.79453125 0.0203125 0.01953125
0 0.3203125 0.74453125 0.025 0.02421875
0 0.30546875 0.765625 0.02421875 0.025
0 0.290625 0.78359375 0.02421875 0.02578125
0 0.47265625 0.85 0.025 0.02578125
0 0.4484375 0.83515625 0.0234375 0.025
0 0.425 0.81875 0.0234375 0.02578125
0 0.45546875 0.790625 0.02265625 0.02578125
0 0.4875 0.79375 0.0234375 0.02890625
0 0.66015625 0.81015625 0.021875 0.0234375
0 0.653125 0.771875 0.02265625 0.021875
0 0.64609375 0.7921875 0.021875 0.02578125
0 0.66796875 0.78828125 0.0203125 0.025
0 0.6359375 0.75078125 0.021875 0.025
0 0.65703125 0.7484375 0.0203125 0.0265625
0 0.62578125 0.72734375 0.021875 0.02421875
0 0.63359375 0.70390625 0.0203125 0.02421875
0 0.646875 0.7234375 0.01875 0.0234375
0 0.67109375 0.71484375 0.02109375 0.021875
0 0.68828125 0.69921875 0.021875 0.02109375
0 0.80625 0.73125 0.02109375 0.02578125