0 0.91953125 0.83203125 0.034375 0.0328125
0 0.965625 0.5859375 0.0296875 0.0296875
0 0.91875 0.48515625 0.0328125 0.03125
0 0.8109375 0.47265625 0.03125 0.028125
0 0.88828125 0.6171875 0.03125 0.03125
0 0.8703125 0.65546875 0.0296875 0.0296875
0 0.86171875 0.6265625 0.0328125 0.0296875
0 0.8515625 0.69609375 0.0296875 0.03125
0 0.8453125 0.66484375 0.0296875 0.0296875
0 0.79140625 0.7 0.0359375 0.0328125
0 0.8296875 0.6140625 0.03125 0.0296875
0 0.8109375 0.6375 0.0296875 0.0296875
0 0.7921875 0.6125 0.0296875 0.0328125
0 0.7640625 0.59921875 0.0328125 0.0296875
0 0.78828125 0.57890625 0.03125 0.0296875
0 0.7765625 0.546875 0.0296875 0.0296875
0 0.74609375 0.5453125 0.0328125 0.0296875
0 0.71484375 0.4546875 0.0296875 0.028125
0 0.7203125 0.43046875 0.0359375 0.0265625
0 0.709375 0.34609375 0.0296875 0.025
0 0.72421875 0.33046875 0.0265625 0.025
0 0.75 0.334375 0.0296875 0.0265625
0 0.74765625 0.31328125 0.028125 0.021875
0 0.7109375 0.2875 0.03125 0.0265625
0 0.671875 0.334375 0.0296875 0.0265625
0 0.67265625 0.2875 0.0328125 0.0265625
0 0.6515625 0.409375 0.03125 0.0296875
0 0.64453125 0.35390625 0.0296875 0.0265625
0 0.621875 0.3296875 0.03125 0.028125
0 0.5890625 0.4171875 0.0328125 0.028125
0 0.56484375 0.35234375 0.0296875 0.0265625
0 0.53515625 0.2546875 0.0296875 0.0265625
0 0.52421875 0.31953125 0.0296875 0.0265625
0 0.49453125 0.3140625 0.0296875 0.0265625
0 0.5796875 0.48359375 0.0296875 0.0265625
0 0.5515625 0.47734375 0.028125 0.0296875
0 0.578125 0.5109375 0.0296875 0.0296875
0 0.55078125 0.5078125 0.0265625 0.0296875
0 0.54921875 0.55 0.0296875 0.0265625
0 0.496875 0.50078125 0.0296875 0.0296875
0 0.53203125 0.52890625 0.028125 0.025
0 0.50625 0.5203125 0.028125 0.0265625
0 0.525 0.49765625 0.0265625 0.0265625
0 0.503125 0.44375 0.0296875 0.0296875
0 0.525 0.47109375 0.0296875 0.0265625
0 0.52265625 0.44609375 0.0203125 0.025
0 0.503125 0.42265625 0.03125 0.021875
0 0.475 0.44921875 0.0328125 0.0296875
0 0.4359375 0.45078125 0.03125 0.0265625
0 0.43046875 0.42421875 0.0328125 0.0265625
0 0.43203125 0.3984375 0.0296875 0.0296875
0 0.42109375 0.4765625 0.0296875 0.0296875
0 0.3953125 0.46796875 0.0296875 0.0296875
0 0.40625 0.50078125 0.03125 0.0296875
0 0.378125 0.49140625 0.0296875 0.0296875
0 0.36953125 0.46015625 0.0296875 0.0296875
0 0.34765625 0.4328125 0.03125 0.028125
0 0.33984375 0.459375 0.0328125 0.0265625
0 0.72734375 0.59609375 0.0328125 0.0296875
0 0.67890625 0.58046875 0.034375 0.0328125
0 0.625 0.63203125 0.0328125 0.0328125
0 0.6734375 0.6265625 0.0328125 0.03125
0 0.65078125 0.65625 0.0296875 0.0296875
0 0.7125 0.6734375 0.0328125 0.0328125
0 0.734375 0.69609375 0.0328125 0.03125
0 0.71015625 0.72109375 0.0328125 0.0328125
0 0.68125 0.7 0.0328125 0.03125
0 0.640625 0.68359375 0.0328125 0.0328125
0 0.646875 0.71640625 0.034375 0.0328125
0 0.63828125 0.7546875 0.03125 0.0328125
0 0.61640625 0.77265625 0.0328125 0.0328125
0 0.440625 0.51796875 0.0296875 0.0296875
0 0.46875 0.521875 0.0296875 0.028125
0 0.503125 0.55078125 0.0328125 0.03125
0 0.465625 0.55 0.03125 0.03125
0 0.4359375 0.5484375 0.0328125 0.0296875
0 0.39296875 0.54609375 0.0328125 0.03125
0 0.36953125 0.5296875 0.034375 0.0296875
0 0.378125 0.59296875 0.0328125 0.03125
0 0.36171875 0.5671875 0.0328125 0.0296875
0 0.37265625 0.62734375 0.0328125 0.0328125
0 0.34765625 0.596875 0.0328125 0.0296875
0 0.31328125 0.60859375 0.0328125 0.03125
0 0.28203125 0.62265625 0.0328125 0.03125
0 0.528125 0.68515625 0.0328125 0.034375
0 0.51796875 0.7265625 0.0328125 0.0328125
0 0.553125 0.80703125 0.03125 0.034375
0 0.52265625 0.82578125 0.0328125 0.0328125
0 0.52578125 0.79140625 0.03125 0.0328125
0 0.49453125 0.78203125 0.0359375 0.0328125
0 0.46328125 0.77890625 0.034375 0.034375
0 0.44453125 0.73984375 0.034375 0.0359375
0 0.41171875 0.74296875 0.03125 0.0296875
0 0.34375 0.646875 0.0328125 0.03125
0 0.43125 0.771875 0.0328125 0.03125
0 0.3796875 0.7515625 0.0265625 0.0328125
0 0.38671875 0.78125 0.034375 0.0328125
0 0.4671875 0.86015625 0.0390625 0.0359375
0 0.44140625 0.91875 0.0359375 0.0359375
0 0.41875 0.8859375 0.034375 0.0328125
0 0.4046875 0.9359375 0.0359375 0.0328125
0 0.384375 0.90859375 0.034375 0.0328125
0 0.36015625 0.8859375 0.0359375 0.0328125
0 0.334375 0.85625 0.0328125 0.0359375
0 0.334375 0.81796875 0.0328125 0.03125
0 0.3125 0.7921875 0.0359375 0.0328125
0 0.35546875 0.7921875 0.0328125 0.0328125
0 0.35 0.7609375 0.0359375 0.0328125
0 0.35703125 0.72890625 0.0296875 0.0328125
0 0.38671875 0.71640625 0.034375 0.0328125
0 0.32578125 0.72890625 0.0359375 0.03125
0 0.34921875 0.7 0.0328125 0.0296875
0 0.31796875 0.690625 0.0359375 0.0328125
0 0.31796875 0.7609375 0.03125 0.03125
0 0.2859375 0.75078125 0.0359375 0.0359375
0 0.24921875 0.68984375 0.0359375 0.0296875
0 0.2953125 0.709375 0.0328125 0.0296875
0 0.2546875 0.71640625 0.034375 0.03125
0 0.196875 0.63828125 0.0390625 0.0328125
0 0.13671875 0.59375 0.0359375 0.0328125
0 0.13203125 0.5625 0.034375 0.0328125
0 0.18359375 0.3046875 0.0328125 0.0328125
0 0.17265625 0.275 0.0328125 0.0296875
0 0.2140625 0.30234375 0.0328125 0.0296875
0 0.20703125 0.271875 0.0328125 0.0296875
0 0.22421875 0.3234375 0.03125 0.0265625
0 0.25234375 0.49140625 0.0375 0.0265625
0 0.309375 0.52890625 0.034375 0.0328125
0 0.27734375 0.53203125 0.0328125 0.03125
0 0.2703125 0.50703125 0.03125 0.0234375
0 0.21640625 0.51015625 0.0359375 0.0328125
0 0.234375 0.46484375 0.0359375 0.0296875
0 0.23671875 0.425 0.0328125 0.03125
0 0.15703125 0.4140625 0.034375 0.0296875
0 0.1953125 0.42734375 0.0359375 0.0296875
0 0.1484375 0.4453125 0.0328125 0.0296875
0 0.1265625 0.42890625 0.0328125 0.0296875
0 0.040625 0.44296875 0.034375 0.0296875
0 0.0921875 0.44296875 0.0375 0.0296875
0 0.0296875 0.465625 0.0328125 0.03125
0 0.0640625 0.40390625 0.034375 0.0328125