0 0.52578125 0.23515625 0.04921875 0.04140625
0 0.66796875 0.25859375 0.04296875 0.04453125
0 0.7015625 0.28203125 0.04296875 0.03828125
0 0.740625 0.2546875 0.04296875 0.0453125
0 0.7640625 0.2140625 0.04375 0.04296875
0 0.6671875 0.30390625 0.03984375 0.04140625
0 0.7078125 0.3203125 0.0421875 0.04140625
0 0.75 0.30078125 0.03984375 0.04296875
0 0.80234375 0.31015625 0.0421875 0.04140625
0 0.8390625 0.3515625 0.0421875 0.04609375
0 0.7609375 0.3390625 0.03828125 0.03828125
0 0.7625 0.38046875 0.04140625 0.0453125
0 0.79921875 0.35625 0.040625 0.04453125
0 0.72578125 0.36015625 0.03828125 0.04140625
0 0.64453125 0.33828125 0.03984375 0.0421875
0 0.684375 0.35625 0.04296875 0.04140625
0 0.684375 0.3984375 0.0421875 0.040625
0 0.61875 0.36796875 0.04765625 0.04296875
0 0.5953125 0.3296875 0.04375 0.0421875
0 0.62578125 0.296875 0.04765625 0.04296875
0 0.55859375 0.365625 0.04140625 0.04140625
0 0.54921875 0.28125 0.0453125 0.046875
0 0.51953125 0.33203125 0.04453125 0.04296875
0 0.509375 0.37734375 0.04375 0.04609375
0 0.41953125 0.3484375 0.04921875 0.04921875
0 0.409375 0.39609375 0.046875 0.04765625
0 0.35234375 0.4265625 0.04375 0.0453125
0 0.80390625 0.40234375 0.04453125 0.03984375
0 0.8140625 0.44453125 0.0421875 0.04453125
0 0.7265625 0.40078125 0.0421875 0.04375
0 0.7671875 0.42421875 0.04140625 0.040625
0 0.58984375 0.40078125 0.03984375 0.04140625
0 0.64140625 0.4046875 0.0421875 0.0421875
0 0.54609375 0.40859375 0.04140625 0.04140625
0 0.4875 0.4203125 0.0453125 0.04140625
0 0.52421875 0.44765625 0.04296875 0.04140625
0 0.5671875 0.446875 0.04453125 0.03984375
0 0.609375 0.43671875 0.040625 0.04140625
0 0.6625 0.4390625 0.0375 0.03984375
0 0.7046875 0.4375 0.0421875 0.04609375
0 0.78203125 0.46640625 0.046875 0.040625
0 0.75859375 0.5 0.0421875 0.04453125
0 0.625 0.5078125 0.04375 0.03984375
0 0.65390625 0.484375 0.034375 0.04453125
0 0.5921875 0.47734375 0.04140625 0.03828125
0 0.6359375 0.46875 0.0421875 0.04375
0 0.6859375 0.47734375 0.03828125 0.03828125
0 0.72578125 0.47734375 0.04296875 0.04765625
0 0.6890625 0.51875 0.0453125 0.04296875
0 0.57734375 0.5171875 0.04375 0.04140625
0 0.40703125 0.51953125 0.0453125 0.04375
0 0.534375 0.53046875 0.04140625 0.0390625
0 0.45859375 0.49453125 0.040625 0.0421875
0 0.5 0.484375 0.046875 0.0421875
0 0.5421875 0.490625 0.040625 0.04375
0 0.490625 0.52734375 0.04375 0.04453125
0 0.52109375 0.5703125 0.0453125 0.04296875
0 0.56640625 0.56171875 0.04140625 0.04296875
0 0.60703125 0.54609375 0.0421875 0.04296875
0 0.65546875 0.54296875 0.04453125 0.04140625
0 0.72109375 0.55078125 0.04296875 0.04453125
0 0.7734375 0.54453125 0.0484375 0.046875
0 0.684375 0.57109375 0.046875 0.0421875
0 0.59296875 0.59296875 0.04140625 0.0484375
0 0.6328125 0.5796875 0.04453125 0.04140625
0 0.5484375 0.6015625 0.04296875 0.046875
0 0.578125 0.6296875 0.046875 0.04375
0 0.62421875 0.62265625 0.0453125 0.04453125
0 0.6640625 0.60859375 0.0484375 0.04140625
0 0.715625 0.61875 0.0421875 0.04296875
0 0.74609375 0.58828125 0.04296875 0.04140625
0 0.78671875 0.62265625 0.046875 0.04765625
0 0.68125 0.6484375 0.04453125 0.04296875
0 0.725 0.66171875 0.04375 0.04375
0 0.5375 0.64609375 0.04296875 0.04453125
0 0.47734375 0.57578125 0.04453125 0.0453125
0 0.5015625 0.6140625 0.0453125 0.04609375
0 0.43046875 0.60703125 0.04765625 0.0453125
0 0.4671875 0.6421875 0.046875 0.0453125
0 0.50546875 0.69765625 0.046875 0.05078125
0 0.55 0.6875 0.04453125 0.04453125
0 0.590625 0.6734375 0.04296875 0.04375
0 0.63359375 0.66640625 0.0421875 0.04609375
0 0.67734375 0.69140625 0.04765625 0.0453125
0 0.62421875 0.71015625 0.04765625 0.04375
0 0.6421875 0.75859375 0.04765625 0.05234375
0 0.696875 0.7546875 0.04921875 0.04921875
0 0.5953125 0.78203125 0.0484375 0.0515625
0 0.52265625 0.78515625 0.04765625 0.0484375
0 0.4953125 0.821875 0.04609375 0.05
0 0.5359375 0.84765625 0.04765625 0.053125
0 0.18046875 0.69921875 0.0515625 0.06015625
0 0.24765625 0.76328125 0.0484375 0.05390625
0 0.3546875 0.75078125 0.04921875 0.0484375
0 0.4078125 0.82734375 0.04765625 0.05234375