0 0.55390625 0.55234375 0.015625 0.0203125
0 0.5765625 0.575 0.01875 0.021875
0 0.56484375 0.59140625 0.01875 0.021875
0 0.56015625 0.57109375 0.0171875 0.0203125
0 0.5390625 0.56796875 0.0171875 0.021875
0 0.54453125 0.60859375 0.01875 0.0234375
0 0.54609375 0.58671875 0.01875 0.021875
0 0.52890625 0.621875 0.0203125 0.025
0 0.503125 0.6234375 0.021875 0.0203125
0 0.51875 0.6046875 0.0203125 0.0234375
0 0.5234375 0.58203125 0.01875 0.021875
0 0.5 0.6015625 0.01875 0.025
0 0.50390625 0.57890625 0.01875 0.021875
0 0.47734375 0.615625 0.021875 0.021875
0 0.48203125 0.5921875 0.0203125 0.021875
0 0.45625 0.6171875 0.0234375 0.0234375
0 0.46015625 0.59453125 0.0234375 0.0203125
0 0.41328125 0.60625 0.021875 0.028125
0 0.4359375 0.60625 0.021875 0.021875
0 0.36328125 0.58515625 0.0234375 0.025
0 0.31875 0.59375 0.025 0.025
0 0.340625 0.59765625 0.0234375 0.025
0 0.3703125 0.60625 0.0234375 0.0234375
0 0.39296875 0.60078125 0.021875 0.025
0 0.39375 0.5765625 0.0234375 0.025
0 0.415625 0.58046875 0.021875 0.0234375
0 0.44140625 0.58359375 0.021875 0.021875
0 0.4421875 0.5609375 0.021875 0.021875
0 0.41796875 0.55703125 0.021875 0.0234375
0 0.428125 0.53671875 0.021875 0.021875
0 0.34375 0.57265625 0.0234375 0.0265625
0 0.3765625 0.5625 0.021875 0.0234375
0 0.31875 0.56796875 0.0234375 0.025
0 0.28984375 0.5609375 0.025 0.025
0 0.3109375 0.54375 0.0234375 0.028125
0 0.33359375 0.546875 0.0203125 0.025
0 0.35859375 0.55234375 0.021875 0.025
0 0.378125 0.53828125 0.021875 0.025
0 0.39765625 0.55234375 0.01875 0.021875
0 0.4078125 0.53046875 0.0203125 0.025
0 0.39140625 0.5171875 0.021875 0.0234375
0 0.35234375 0.5296875 0.025 0.025
0 0.32890625 0.52265625 0.0234375 0.0234375
0 0.31328125 0.5046875 0.025 0.0265625
0 0.3453125 0.50390625 0.025 0.025
0 0.36875 0.51015625 0.021875 0.025
0 0.3625 0.48515625 0.021875 0.025
0 0.38515625 0.49140625 0.021875 0.0265625
0 0.37890625 0.4640625 0.0234375 0.028125
0 0.403125 0.47421875 0.0234375 0.025
0 0.4078125 0.49921875 0.0203125 0.025
0 0.42421875 0.5125 0.01875 0.025
0 0.44375 0.51953125 0.0203125 0.021875
0 0.4515625 0.5390625 0.021875 0.025
0 0.46796875 0.54921875 0.021875 0.021875
0 0.4671875 0.571875 0.021875 0.0234375
0 0.48828125 0.5703125 0.021875 0.021875
0 0.48828125 0.54765625 0.0203125 0.0234375
0 0.47890625 0.52890625 0.01875 0.021875
0 0.4640625 0.5140625 0.01875 0.0234375
0 0.4484375 0.49609375 0.021875 0.0234375
0 0.42734375 0.4875 0.021875 0.0234375
0 0.42109375 0.46328125 0.021875 0.025
0 0.4421875 0.4484375 0.021875 0.021875
0 0.44375 0.47265625 0.0203125 0.025
0 0.475 0.49375 0.021875 0.021875
0 0.48828125 0.50859375 0.021875 0.0234375
0 0.49921875 0.52734375 0.01875 0.0234375
0 0.51015625 0.54296875 0.01875 0.021875
0 0.5203125 0.5609375 0.01875 0.021875
0 0.5375 0.546875 0.01875 0.01875
0 0.528125 0.53046875 0.021875 0.021875
0 0.51640625 0.5125 0.021875 0.0234375
0 0.50625 0.49453125 0.021875 0.0234375
0 0.49140625 0.48125 0.021875 0.0203125
0 0.4796875 0.4359375 0.021875 0.025
0 0.465625 0.47421875 0.021875 0.025
0 0.4640625 0.45 0.01875 0.021875
0 0.48515625 0.46015625 0.021875 0.025
0 0.528125 0.4265625 0.021875 0.025
0 0.515625 0.44609375 0.021875 0.021875
0 0.50625 0.46484375 0.01875 0.0234375
0 0.5203125 0.47734375 0.01875 0.0234375
0 0.5296875 0.49765625 0.01875 0.021875
0 0.53125 0.46015625 0.01875 0.021875
0 0.5421875 0.44140625 0.021875 0.021875
0 0.53984375 0.478125 0.0171875 0.021875
0 0.55078125 0.4609375 0.01875 0.021875
0 0.56796875 0.46953125 0.01875 0.025
0 0.54140625 0.5140625 0.01875 0.021875
0 0.5515625 0.4953125 0.01875 0.021875
0 0.57109375 0.49296875 0.01875 0.021875
0 0.55078125 0.53125 0.01875 0.0203125
0 0.56171875 0.5125 0.01875 0.021875
0 0.57265625 0.5328125 0.01875 0.021875
0 0.58046875 0.5125 0.01875 0.021875
0 0.571875 0.55390625 0.01875 0.021875
0 0.590625 0.55546875 0.01875 0.021875
0 0.60625 0.53046875 0.0203125 0.021875