0 0.6140625 0.26796875 0.01171875 0.0109375
0 0.35 0.496875 0.0125 0.01171875
0 0.3609375 0.45625 0.0125 0.0125
0 0.51328125 0.58125 0.01015625 0.0109375
0 0.5578125 0.31171875 0.0109375 0.01171875
0 0.29609375 0.48671875 0.01015625 0.0109375
0 0.39453125 0.43046875 0.0109375 0.0109375
0 0.459375 0.5953125 0.0109375 0.0109375
0 0.5109375 0.71328125 0.0125 0.01328125
0 0.5890625 0.6171875 0.0125 0.01328125
0 0.5265625 0.33046875 0.01328125 0.0125
0 0.36484375 0.528125 0.0109375 0.0109375
0 0.40546875 0.66328125 0.0140625 0.0140625
0 0.42578125 0.65234375 0.0125 0.01328125
0 0.32265625 0.496875 0.01171875 0.0125
0 0.659375 0.58515625 0.01171875 0.01328125
0 0.5109375 0.3171875 0.01328125 0.01328125
0 0.5109375 0.3296875 0.01328125 0.0125
0 0.603125 0.55625 0.01328125 0.01328125
0 0.446875 0.67109375 0.0125 0.01328125
0 0.51953125 0.29453125 0.01328125 0.0125
0 0.540625 0.365625 0.0140625 0.01328125
0 0.38984375 0.6625 0.0125 0.01328125
0 0.53046875 0.37578125 0.01328125 0.01328125
0 0.54140625 0.334375 0.0125 0.0125
0 0.55859375 0.490625 0.0125 0.01328125
0 0.43828125 0.653125 0.01328125 0.0140625
0 0.59453125 0.2921875 0.0125 0.0125
0 0.52265625 0.36171875 0.0125 0.0125
0 0.4328125 0.66953125 0.0125 0.01328125
0 0.575 0.43671875 0.0125 0.0125
0 0.60546875 0.35546875 0.0125 0.0125
0 0.50859375 0.3015625 0.0140625 0.01328125
0 0.534375 0.39140625 0.0125 0.0125
0 0.58515625 0.51015625 0.0125 0.0125
0 0.42265625 0.4234375 0.0125 0.0125
0 0.4921875 0.33515625 0.0125 0.0125
0 0.57109375 0.50078125 0.0125 0.01171875
0 0.578125 0.60234375 0.0125 0.01328125
0 0.4984375 0.359375 0.0125 0.0125
0 0.59453125 0.30625 0.0125 0.0125
0 0.41328125 0.678125 0.0125 0.0140625
0 0.6859375 0.621875 0.01328125 0.01328125
0 0.559375 0.3953125 0.0125 0.0125
0 0.390625 0.67578125 0.01328125 0.0140625
0 0.621875 0.2828125 0.01328125 0.0125
0 0.57890625 0.3625 0.0125 0.0125
0 0.59296875 0.63125 0.01328125 0.0140625
0 0.4125 0.621875 0.0125 0.01328125
0 0.575 0.45078125 0.0125 0.0125
0 0.615625 0.625 0.0125 0.0125
0 0.42578125 0.56875 0.009375 0.01015625
0 0.49375 0.371875 0.01328125 0.0125
0 0.53828125 0.490625 0.0125 0.01328125
0 0.55859375 0.45078125 0.0125 0.0140625
0 0.6015625 0.6421875 0.0125 0.0125
0 0.5453125 0.44765625 0.0125 0.0125
0 0.675 0.64296875 0.0125 0.0125
0 0.50390625 0.665625 0.0125 0.01328125
0 0.559375 0.36171875 0.0125 0.0125
0 0.403125 0.634375 0.0125 0.01328125
0 0.43515625 0.6828125 0.01328125 0.0140625
0 0.6109375 0.3171875 0.01171875 0.0125
0 0.45078125 0.43125 0.0125 0.0125
0 0.5828125 0.46953125 0.0125 0.0125
0 0.596875 0.31875 0.0125 0.0125
0 0.52421875 0.440625 0.0125 0.01328125
0 0.58671875 0.5265625 0.0125 0.0140625
0 0.5875 0.5640625 0.0125 0.01328125
0 0.57734375 0.63359375 0.01328125 0.0125
0 0.6140625 0.56328125 0.0125 0.01328125
0 0.57265625 0.4796875 0.0125 0.0125
0 0.625 0.3265625 0.01171875 0.0125
0 0.5828125 0.5796875 0.0125 0.01484375
0 0.60390625 0.57109375 0.0125 0.0125
0 0.68125 0.6609375 0.0125 0.01328125
0 0.52265625 0.5375 0.0125 0.0125
0 0.32421875 0.51796875 0.0125 0.01328125
0 0.4359375 0.5125 0.0125 0.01328125
0 0.67265625 0.60859375 0.0125 0.0140625
0 0.5640625 0.5421875 0.0125 0.0125
0 0.51015625 0.4203125 0.0125 0.0125
0 0.45 0.46875 0.0125 0.01328125
0 0.59140625 0.459375 0.0125 0.0125
0 0.5046875 0.5234375 0.0125 0.0125
0 0.51328125 0.515625 0.01328125 0.0125
0 0.525 0.5109375 0.0125 0.0140625
0 0.4890625 0.38984375 0.0125 0.0125
0 0.559375 0.5046875 0.01328125 0.0140625
0 0.4859375 0.40390625 0.0125 0.01328125
0 0.37734375 0.67734375 0.0125 0.01328125
0 0.58671875 0.44375 0.0125 0.01328125
0 0.45390625 0.44453125 0.01171875 0.0125
0 0.3296875 0.67578125 0.0125 0.01328125
0 0.5484375 0.43359375 0.01328125 0.01328125
0 0.47421875 0.40078125 0.01171875 0.0125
0 0.51015625 0.40703125 0.01328125 0.01328125
0 0.2984375 0.515625 0.0125 0.0140625
0 0.59140625 0.359375 0.01171875 0.0125
0 0.5359375 0.52734375 0.01484375 0.009375
0 0.53671875 0.51875 0.01328125 0.0125
0 0.546875 0.51015625 0.01171875 0.01171875
0 0.5 0.49140625 0.0125 0.01328125
0 0.43125 0.440625 0.0125 0.0125
0 0.375 0.690625 0.0125 0.01328125
0 0.53046875 0.42578125 0.0125 0.0125
0 0.47890625 0.4359375 0.0125 0.0125
0 0.4984375 0.45 0.0125 0.01328125
0 0.5734375 0.68671875 0.0125 0.01328125
0 0.53203125 0.44921875 0.01328125 0.01328125
0 0.56484375 0.53046875 0.0125 0.0125
0 0.50625 0.43515625 0.0125 0.0125
0 0.57265625 0.51484375 0.01328125 0.0125
0 0.47421875 0.52421875 0.01171875 0.0125
0 0.51484375 0.5 0.01328125 0.0140625
0 0.52421875 0.496875 0.01328125 0.01484375
0 0.5359375 0.53828125 0.0125 0.01171875
0 0.65859375 0.659375 0.01328125 0.01328125
0 0.41484375 0.69453125 0.0125 0.0140625
0 0.54765625 0.5375 0.0125 0.01328125
0 0.521875 0.3921875 0.0125 0.01328125
0 0.52421875 0.525 0.01171875 0.01171875
0 0.53671875 0.40859375 0.01328125 0.01171875
0 0.571875 0.46640625 0.01328125 0.01484375
0 0.3171875 0.69609375 0.0125 0.01328125
0 0.503125 0.40078125 0.0140625 0.01328125
0 0.4953125 0.51484375 0.01171875 0.01171875
0 0.49765625 0.4265625 0.0125 0.01328125
0 0.54765625 0.403125 0.0125 0.0125
0 0.4921875 0.43828125 0.0125 0.01328125
0 0.5171875 0.3796875 0.0140625 0.0125
0 0.54765625 0.41484375 0.0125 0.0140625
0 0.5375 0.50234375 0.01328125 0.01484375
0 0.5078125 0.37421875 0.0125 0.0125
0 0.49609375 0.41484375 0.01171875 0.01328125
0 0.50546875 0.38515625 0.01328125 0.01328125
0 0.48828125 0.52265625 0.01171875 0.0125
0 0.55078125 0.5265625 0.01171875 0.0125
0 0.56015625 0.521875 0.01328125 0.01484375
0 0.5046875 0.50859375 0.01171875 0.01328125
0 0.5171875 0.4296875 0.01171875 0.01328125
0 0.52265625 0.415625 0.01171875 0.0125
0 0.5421875 0.4265625 0.01171875 0.0125
0 0.52421875 0.403125 0.01328125 0.0140625