0 0.284375 0.44609375 0.0171875 0.0171875
0 0.31875 0.47578125 0.0171875 0.0171875
0 0.38359375 0.4390625 0.015625 0.0171875
0 0.39453125 0.40703125 0.0171875 0.0171875
0 0.41796875 0.39453125 0.0140625 0.0171875
0 0.43359375 0.40625 0.015625 0.0171875
0 0.41328125 0.41875 0.015625 0.015625
0 0.4234375 0.428125 0.0140625 0.0140625
0 0.44765625 0.43046875 0.0140625 0.0140625
0 0.465625 0.42734375 0.015625 0.0140625
0 0.45859375 0.44140625 0.0140625 0.0140625
0 0.4265625 0.4421875 0.015625 0.0140625
0 0.40859375 0.45390625 0.0171875 0.015625
0 0.415625 0.46875 0.015625 0.0171875
0 0.425 0.45546875 0.015625 0.0140625
0 0.434375 0.4671875 0.0140625 0.0140625
0 0.43046875 0.48125 0.0140625 0.0171875
0 0.44375 0.4515625 0.015625 0.015625
0 0.459375 0.4609375 0.0140625 0.0171875
0 0.4703125 0.47109375 0.0140625 0.0140625
0 0.44609375 0.471875 0.0140625 0.0140625
0 0.4453125 0.48671875 0.0140625 0.015625
0 0.45859375 0.48359375 0.0140625 0.0140625
0 0.45 0.50234375 0.015625 0.015625
0 0.44765625 0.415625 0.015625 0.015625
0 0.4625 0.41328125 0.015625 0.015625
0 0.4640625 0.39375 0.0140625 0.0171875
0 0.4765625 0.3953125 0.0140625 0.0140625
0 0.47421875 0.38125 0.015625 0.0140625
0 0.49140625 0.3796875 0.0140625 0.015625
0 0.50390625 0.384375 0.0140625 0.015625
0 0.4921875 0.39296875 0.0171875 0.0140625
0 0.484375 0.41875 0.0140625 0.0140625
0 0.48515625 0.40546875 0.0171875 0.0140625
0 0.503125 0.39921875 0.0140625 0.0140625
0 0.5 0.41171875 0.0140625 0.0140625
0 0.49375 0.4265625 0.0140625 0.015625
0 0.50703125 0.425 0.0140625 0.015625
0 0.51953125 0.40546875 0.0140625 0.015625
0 0.51484375 0.38984375 0.015625 0.0140625
0 0.51171875 0.3734375 0.015625 0.0140625
0 0.5265625 0.38359375 0.0140625 0.0140625
0 0.52734375 0.37109375 0.015625 0.015625
0 0.540625 0.36953125 0.0140625 0.0140625
0 0.53359375 0.39453125 0.0140625 0.0140625
0 0.54765625 0.38359375 0.0140625 0.0171875
0 0.56171875 0.3828125 0.015625 0.0171875
0 0.57265625 0.365625 0.0171875 0.0171875
0 0.56015625 0.3953125 0.015625 0.0140625
0 0.57578125 0.3859375 0.0140625 0.0140625
0 0.5515625 0.4046875 0.0140625 0.0140625
0 0.56484375 0.40703125 0.0140625 0.0140625
0 0.57734375 0.4078125 0.0140625 0.015625
0 0.5890625 0.3984375 0.0140625 0.0171875
0 0.60859375 0.4046875 0.015625 0.0171875
0 0.54375 0.421875 0.015625 0.0171875
0 0.56171875 0.4265625 0.015625 0.0171875
0 0.61328125 0.42578125 0.0171875 0.0171875
0 0.5796875 0.42578125 0.0140625 0.0171875
0 0.5359375 0.43515625 0.0140625 0.0140625
0 0.5515625 0.4328125 0.0140625 0.0140625
0 0.56171875 0.440625 0.0140625 0.0140625
0 0.575 0.4421875 0.0140625 0.0171875
0 0.51875 0.453125 0.0140625 0.015625
0 0.5328125 0.45078125 0.0140625 0.015625
0 0.5453125 0.45390625 0.015625 0.0140625
0 0.5578125 0.45390625 0.0140625 0.015625
0 0.5703125 0.4578125 0.0140625 0.0140625
0 0.5515625 0.46484375 0.0140625 0.0140625
0 0.5640625 0.46875 0.0140625 0.0140625
0 0.528125 0.465625 0.0140625 0.015625
0 0.540625 0.46875 0.0140625 0.0140625
0 0.515625 0.46484375 0.0140625 0.0140625
0 0.50078125 0.478125 0.015625 0.015625
0 0.515625 0.47734375 0.0140625 0.0140625
0 0.52890625 0.478125 0.015625 0.0140625
0 0.5515625 0.478125 0.0140625 0.0140625
0 0.54140625 0.48515625 0.0140625 0.0140625
0 0.53515625 0.4984375 0.0140625 0.015625
0 0.51171875 0.49140625 0.0140625 0.0140625
0 0.52421875 0.48984375 0.0140625 0.0140625
0 0.4984375 0.49375 0.0140625 0.015625
0 0.50703125 0.50390625 0.0140625 0.015625
0 0.5203125 0.5015625 0.0140625 0.015625
0 0.49609375 0.509375 0.015625 0.0140625
0 0.51953125 0.515625 0.0140625 0.0171875
0 0.53125 0.5203125 0.0140625 0.015625
0 0.49765625 0.521875 0.0140625 0.0140625
0 0.5109375 0.5234375 0.0140625 0.0140625
0 0.5203125 0.5359375 0.015625 0.0171875
0 0.4859375 0.52578125 0.015625 0.0171875
0 0.48671875 0.54296875 0.0140625 0.015625
0 0.496875 0.53515625 0.0140625 0.015625
0 0.428125 0.52890625 0.0140625 0.0171875
0 0.475 0.5375 0.015625 0.0171875
0 0.48671875 0.56171875 0.015625 0.0171875
0 0.49375 0.57421875 0.0171875 0.015625
0 0.415625 0.63984375 0.015625 0.015625
0 0.41796875 0.6578125 0.015625 0.015625