0 0.2140625 0.6515625 0.021875 0.025
0 0.22890625 0.66328125 0.0234375 0.0296875
0 0.20390625 0.621875 0.021875 0.0265625
0 0.2203125 0.63046875 0.0234375 0.028125
0 0.2359375 0.64296875 0.0234375 0.0265625
0 0.246875 0.66328125 0.0234375 0.028125
0 0.25859375 0.6875 0.025 0.028125
0 0.25546875 0.64296875 0.0265625 0.03125
0 0.26484375 0.6671875 0.0203125 0.025
0 0.284375 0.671875 0.0234375 0.03125
0 0.28046875 0.70234375 0.0265625 0.028125
0 0.28828125 0.64765625 0.0234375 0.028125
0 0.30390625 0.66796875 0.0265625 0.028125
0 0.27265625 0.63359375 0.0265625 0.028125
0 0.3046875 0.628125 0.0265625 0.028125
0 0.3171875 0.6484375 0.0265625 0.0296875
0 0.3296875 0.66953125 0.0234375 0.0296875
0 0.3328125 0.6359375 0.0296875 0.0328125
0 0.35 0.67109375 0.0296875 0.0328125
0 0.31484375 0.78046875 0.0296875 0.034375
0 0.41796875 0.728125 0.0265625 0.03125
0 0.38359375 0.78671875 0.034375 0.0375
0 0.41015625 0.77890625 0.03125 0.0359375
0 0.428125 0.7171875 0.0328125 0.0328125
0 0.39296875 0.72421875 0.028125 0.0328125
0 0.4484375 0.69296875 0.034375 0.0328125
0 0.42890625 0.653125 0.03125 0.034375
0 0.46640625 0.6078125 0.0328125 0.0359375
0 0.43828125 0.5953125 0.0296875 0.034375
0 0.42734375 0.565625 0.0296875 0.034375
0 0.4515625 0.55390625 0.03125 0.0359375
0 0.428125 0.53203125 0.028125 0.0265625
0 0.40390625 0.52265625 0.0234375 0.0296875
0 0.39765625 0.54765625 0.0296875 0.0328125
0 0.4234375 0.51484375 0.0296875 0.0296875
0 0.40546875 0.49375 0.0296875 0.034375
0 0.3796875 0.49765625 0.0265625 0.03125
0 0.3578125 0.5046875 0.028125 0.034375
0 0.36953125 0.53046875 0.0265625 0.0296875
0 0.34921875 0.58046875 0.0265625 0.03125
0 0.3359375 0.5 0.0265625 0.0296875
0 0.33359375 0.52578125 0.0296875 0.0296875
0 0.184375 0.5734375 0.021875 0.025
0 0.2015625 0.5734375 0.025 0.0265625
0 0.3171875 0.54765625 0.0265625 0.028125
0 0.3046875 0.52421875 0.0265625 0.028125
0 0.25546875 0.54140625 0.0265625 0.03125
0 0.2328125 0.559375 0.0234375 0.03125
0 0.2109375 0.55703125 0.021875 0.028125
0 0.178125 0.5453125 0.0203125 0.028125
0 0.19609375 0.54765625 0.021875 0.0265625
0 0.17890625 0.51953125 0.0203125 0.028125
0 0.203125 0.53046875 0.0203125 0.028125
0 0.22265625 0.53828125 0.0234375 0.028125
0 0.19296875 0.509375 0.0234375 0.0265625
0 0.215625 0.5140625 0.025 0.028125
0 0.1921875 0.48671875 0.0234375 0.028125
0 0.2109375 0.4890625 0.0234375 0.028125
0 0.20390625 0.4671875 0.0203125 0.028125
0 0.2265625 0.48359375 0.0265625 0.03125
0 0.18828125 0.459375 0.0234375 0.0265625
0 0.21875 0.4609375 0.0234375 0.0265625
0 0.2375 0.46015625 0.025 0.028125
0 0.2046875 0.4375 0.0234375 0.0296875
0 0.2265625 0.43828125 0.0234375 0.028125
0 0.21171875 0.4140625 0.0265625 0.0296875
0 0.2296875 0.41484375 0.0234375 0.03125
0 0.24375 0.4390625 0.0234375 0.03125
0 0.26640625 0.453125 0.0265625 0.028125
0 0.19609375 0.3875 0.025 0.03125
0 0.2015625 0.359375 0.0265625 0.03125
0 0.21796875 0.38359375 0.0265625 0.03125
0 0.2375 0.3828125 0.0234375 0.0328125
0 0.24921875 0.415625 0.0296875 0.03125
0 0.26796875 0.42890625 0.0265625 0.03125
0 0.25546875 0.375 0.0234375 0.03125
0 0.27578125 0.3828125 0.0265625 0.0296875
0 0.27734375 0.4078125 0.0265625 0.028125
0 0.29453125 0.42265625 0.0296875 0.034375
0 0.27578125 0.35546875 0.025 0.03125
0 0.24921875 0.32734375 0.03125 0.0328125
0 0.29609375 0.35390625 0.0296875 0.0328125
0 0.30703125 0.37578125 0.0265625 0.0328125
0 0.31484375 0.40078125 0.0296875 0.0328125
0 0.32890625 0.3640625 0.028125 0.034375
0 0.33203125 0.41875 0.0265625 0.034375
0 0.34296875 0.384375 0.0296875 0.034375
0 0.3515625 0.41015625 0.0296875 0.0328125
0 0.36875 0.390625 0.0328125 0.0359375
0 0.4015625 0.40078125 0.034375 0.0375
0 0.4390625 0.4265625 0.0328125 0.0359375
0 0.50234375 0.53828125 0.0359375 0.0375
0 0.50078125 0.7796875 0.034375 0.0359375
0 0.5390625 0.7609375 0.0375 0.0375
0 0.565625 0.61484375 0.0359375 0.0359375
0 0.25625 0.1140625 0.03125 0.0390625
0 0.30625 0.1609375 0.0328125 0.0390625
0 0.6125 0.31796875 0.040625 0.040625
0 0.6734375 0.3171875 0.040625 0.04375