0 0.3640625 0.084375 0.0359375 0.0390625
0 0.39453125 0.06328125 0.0375 0.0375
0 0.35859375 0.11796875 0.034375 0.0375
0 0.40390625 0.10859375 0.0375 0.040625
0 0.4328125 0.15703125 0.0359375 0.0375
0 0.43828125 0.196875 0.0375 0.0453125
0 0.38203125 0.1390625 0.034375 0.0375
0 0.39453125 0.16953125 0.0375 0.034375
0 0.4046875 0.20390625 0.034375 0.040625
0 0.325 0.121875 0.0375 0.040625
0 0.31796875 0.15859375 0.0375 0.0359375
0 0.35 0.15390625 0.034375 0.0375
0 0.36328125 0.18203125 0.034375 0.0375
0 0.3296875 0.190625 0.0375 0.034375
0 0.3390625 0.2203125 0.0296875 0.0375
0 0.37265625 0.21953125 0.034375 0.040625
0 0.42265625 0.23671875 0.034375 0.040625
0 0.30546875 0.228125 0.0390625 0.0390625
0 0.3234375 0.2578125 0.0375 0.0375
0 0.3546875 0.253125 0.0375 0.0375
0 0.3890625 0.24765625 0.0390625 0.034375
0 0.45703125 0.309375 0.0375 0.0375
0 0.41484375 0.2703125 0.0390625 0.0375
0 0.45078125 0.27578125 0.040625 0.0375
0 0.42578125 0.30625 0.0375 0.0375
0 0.37421875 0.28125 0.0375 0.0375
0 0.39140625 0.309375 0.0375 0.0375
0 0.34140625 0.2875 0.03125 0.034375
0 0.36015625 0.31328125 0.0359375 0.0375
0 0.28671875 0.26640625 0.0390625 0.0375
0 0.3109375 0.290625 0.034375 0.0375
0 0.32890625 0.31875 0.034375 0.0375
0 0.346875 0.35 0.034375 0.040625
0 0.37890625 0.34296875 0.034375 0.0390625
0 0.41328125 0.33828125 0.0375 0.0390625
0 0.39921875 0.37109375 0.040625 0.0375
0 0.36484375 0.37890625 0.0375 0.0375
0 0.29609375 0.325 0.034375 0.034375
0 0.28359375 0.35078125 0.034375 0.03125
0 0.31640625 0.35 0.0328125 0.034375
0 0.26953125 0.37890625 0.034375 0.0375
0 0.3015625 0.38046875 0.034375 0.034375
0 0.33203125 0.38125 0.034375 0.034375
0 0.38203125 0.40703125 0.0359375 0.0375
0 0.2828125 0.409375 0.03125 0.034375
0 0.31171875 0.4125 0.034375 0.034375
0 0.3453125 0.41484375 0.0328125 0.0375
0 0.26171875 0.4375 0.0375 0.0375
0 0.29453125 0.44140625 0.034375 0.0359375
0 0.3265625 0.44453125 0.0359375 0.0390625
0 0.27578125 0.47109375 0.034375 0.0375
0 0.3078125 0.47421875 0.0375 0.034375
0 0.37421875 0.4703125 0.0375 0.040625
0 0.39296875 0.4390625 0.0375 0.0375
0 0.42109375 0.41171875 0.0375 0.040625
0 0.43671875 0.37890625 0.0390625 0.0359375
0 0.44453125 0.3453125 0.0375 0.0375
0 0.48125 0.33828125 0.0375 0.0375
0 0.47109375 0.37265625 0.0375 0.0359375
0 0.478125 0.4078125 0.0375 0.0375
0 0.4984375 0.44140625 0.040625 0.0421875
0 0.51484375 0.4078125 0.0375 0.040625
0 0.46484375 0.44375 0.0359375 0.0375
0 0.43125 0.45703125 0.034375 0.0375
0 0.46015625 0.478125 0.034375 0.0359375
0 0.49296875 0.47578125 0.0375 0.0375
0 0.5265625 0.49140625 0.040625 0.040625
0 0.56171875 0.50703125 0.040625 0.0296875
0 0.559375 0.53203125 0.0375 0.0390625
0 0.5921875 0.53984375 0.034375 0.040625
0 0.484375 0.53125 0.0375 0.0375
0 0.46171875 0.51484375 0.034375 0.034375
0 0.4234375 0.51484375 0.0375 0.040625
0 0.38515625 0.54140625 0.0375 0.0375
0 0.35625 0.52265625 0.034375 0.0359375
0 0.3140625 0.50625 0.0375 0.034375
0 0.32734375 0.53828125 0.0375 0.034375
0 0.34921875 0.5625 0.0375 0.0375
0 0.28984375 0.53984375 0.0375 0.0375
0 0.309375 0.565625 0.034375 0.0359375
0 0.2640625 0.5640625 0.034375 0.034375
0 0.275 0.5984375 0.0359375 0.0359375
0 0.22578125 0.571875 0.0390625 0.034375
0 0.225 0.60703125 0.0375 0.0375
0 0.21171875 0.65859375 0.0359375 0.040625
0 0.2421875 0.6453125 0.0359375 0.0375
0 0.27578125 0.6515625 0.0390625 0.0390625
0 0.3109375 0.66171875 0.0359375 0.0375
0 0.29453125 0.621875 0.034375 0.0375
0 0.31796875 0.59765625 0.034375 0.034375
0 0.33515625 0.6296875 0.034375 0.0359375
0 0.34765625 0.59609375 0.0328125 0.034375
0 0.36953125 0.625 0.0390625 0.0375
0 0.384375 0.59375 0.0359375 0.034375
0 0.41796875 0.59765625 0.0375 0.0375
0 0.41953125 0.559375 0.0375 0.0390625
0 0.45390625 0.5625 0.034375 0.040625
0 0.45390625 0.60078125 0.040625 0.040625
0 0.6109375 0.64140625 0.0421875 0.04375
0 0.54609375 0.571875 0.04375 0.04375
0 0.57265625 0.6359375 0.040625 0.0421875
0 0.503125 0.6765625 0.040625 0.0421875
0 0.53828125 0.62265625 0.040625 0.040625
0 0.5 0.63828125 0.0375 0.0390625
0 0.46796875 0.659375 0.040625 0.0375
0 0.346875 0.690625 0.0375 0.0375
0 0.38046875 0.684375 0.0359375 0.0375
0 0.45390625 0.6921875 0.0375 0.0375
0 0.41328125 0.65703125 0.0390625 0.0375
0 0.41953125 0.69296875 0.034375 0.034375
0 0.40390625 0.72578125 0.0390625 0.0375
0 0.43984375 0.72421875 0.0375 0.0375
0 0.40390625 0.77578125 0.0375 0.0375
0 0.43203125 0.76015625 0.0421875 0.040625
0 0.37578125 0.74140625 0.0359375 0.0375
0 0.3671875 0.77421875 0.0375 0.0359375
0 0.34296875 0.7546875 0.028125 0.0375
0 0.31484375 0.74921875 0.034375 0.0375
0 0.29375 0.7515625 0.0296875 0.040625
0 0.2484375 0.73828125 0.034375 0.0375
0 0.225 0.7484375 0.0328125 0.0390625
0 0.26796875 0.76015625 0.034375 0.0375
0 0.26328125 0.7953125 0.03125 0.0390625
0 0.29296875 0.7890625 0.0375 0.040625
0 0.32421875 0.78671875 0.0359375 0.0375
0 0.3515625 0.80703125 0.034375 0.0375
0 0.38515625 0.80859375 0.0375 0.0375
0 0.29453125 0.82265625 0.0359375 0.0359375
0 0.32265625 0.82421875 0.03125 0.040625
0 0.33515625 0.8390625 0.03125 0.03125
0 0.36484375 0.840625 0.034375 0.0375
0 0.39609375 0.8609375 0.0390625 0.0390625
0 0.27890625 0.85078125 0.034375 0.0375
0 0.3109375 0.86171875 0.034375 0.0375
0 0.3421875 0.87265625 0.0375 0.0375
0 0.37265625 0.88671875 0.0359375 0.040625
0 0.31328125 0.89921875 0.028125 0.0375
0 0.34140625 0.909375 0.0375 0.0375
0 0.31953125 0.93359375 0.034375 0.034375
0 0.35078125 0.94765625 0.0375 0.040625
0 0.4171875 0.02578125 0.0390625 0.04375