0 0.48984375 0.384375 0.059375 0.059375
0 0.425 0.415625 0.0609375 0.0515625
0 0.40234375 0.4609375 0.05625 0.05078125
0 0.4609375 0.4578125 0.05234375 0.053125
0 0.5171875 0.46171875 0.05390625 0.05390625
0 0.57421875 0.47578125 0.05859375 0.05078125
0 0.6953125 0.47890625 0.05546875 0.05625
0 0.6359375 0.49453125 0.05703125 0.04921875
0 0.64375 0.54765625 0.05703125 0.05078125
0 0.759375 0.69375 0.0546875 0.04765625
0 0.69375 0.65625 0.05703125 0.04375
0 0.709375 0.70234375 0.05234375 0.0453125
0 0.66484375 0.60546875 0.05546875 0.04921875
0 0.56640625 0.53828125 0.05859375 0.05078125
0 0.61328125 0.5796875 0.0515625 0.0484375
0 0.51171875 0.51328125 0.0515625 0.046875
0 0.46875 0.54296875 0.046875 0.05078125
0 0.51875 0.56015625 0.0484375 0.04375
0 0.55859375 0.5875 0.0515625 0.04453125
0 0.59296875 0.62109375 0.05 0.04453125
0 0.634375 0.65 0.0546875 0.04453125
0 0.6484375 0.69140625 0.05625 0.04296875
0 0.6671875 0.725 0.046875 0.03828125
0 0.6140625 0.721875 0.05078125 0.04609375
0 0.596875 0.67890625 0.0453125 0.04375
0 0.5609375 0.653125 0.04765625 0.04453125
0 0.52578125 0.61875 0.053125 0.04921875
0 0.48515625 0.590625 0.05 0.046875
0 0.4328125 0.56875 0.04765625 0.04765625
0 0.42109375 0.5109375 0.04921875 0.05
0 0.34296875 0.45859375 0.05078125 0.04921875
0 0.36875 0.5015625 0.0515625 0.053125
0 0.296875 0.4765625 0.05390625 0.04921875
0 0.27734375 0.5296875 0.0546875 0.05234375
0 0.32734375 0.51953125 0.05234375 0.04609375
0 0.3375 0.56484375 0.05 0.0453125
0 0.3859375 0.553125 0.04765625 0.04375
0 0.36171875 0.53046875 0.00078125 0.0015625
0 0.3953125 0.5984375 0.05 0.04765625
0 0.44453125 0.61328125 0.046875 0.04375
0 0.4390625 0.65703125 0.0484375 0.04375
0 0.48515625 0.6421875 0.04921875 0.04453125
0 0.39140625 0.6421875 0.05 0.04296875
0 0.3484375 0.6109375 0.04921875 0.04453125
0 0.28515625 0.5828125 0.05546875 0.046875
0 0.246875 0.625 0.05 0.04609375
0 0.2984375 0.63046875 0.05078125 0.04375
0 0.34296875 0.65625 0.04765625 0.04375
0 0.2953125 0.6734375 0.04453125 0.0421875
0 0.24609375 0.675 0.0484375 0.040625
0 0.25703125 0.71875 0.0515625 0.04140625
0 0.3328125 0.6984375 0.0453125 0.04375
0 0.378125 0.68828125 0.04765625 0.04296875
0 0.43203125 0.6953125 0.0453125 0.03984375
0 0.4796875 0.6859375 0.04453125 0.04296875
0 0.52734375 0.67734375 0.04765625 0.04140625
0 0.56640625 0.71640625 0.04375 0.0453125
0 0.51484375 0.7171875 0.04921875 0.040625
0 0.46015625 0.72890625 0.046875 0.04140625
0 0.41328125 0.728125 0.04296875 0.03984375
0 0.36640625 0.728125 0.04609375 0.0359375
0 0.30703125 0.72890625 0.04609375 0.040625
0 0.3125 0.7671875 0.046875 0.03671875
0 0.30703125 0.809375 0.04765625 0.034375
0 0.34765625 0.7984375 0.04140625 0.034375
0 0.3578125 0.76484375 0.04609375 0.03984375
0 0.40234375 0.771875 0.0421875 0.0421875
0 0.4453125 0.76484375 0.04140625 0.03984375
0 0.48984375 0.7578125 0.04453125 0.040625
0 0.53828125 0.75703125 0.05 0.04140625
0 0.5953125 0.7609375 0.04765625 0.03828125
0 0.6546875 0.76484375 0.04765625 0.0421875
0 0.56796875 0.79140625 0.04453125 0.0390625
0 0.61875 0.7953125 0.0484375 0.03828125
0 0.521875 0.790625 0.04609375 0.03671875
0 0.47578125 0.79375 0.0453125 0.0375
0 0.4328125 0.80078125 0.03984375 0.034375
0 0.390625 0.8078125 0.04375 0.03671875
0 0.4203125 0.83671875 0.04375 0.0375
0 0.4640625 0.82890625 0.0453125 0.0359375
0 0.5078125 0.8234375 0.04609375 0.03515625
0 0.55625 0.825 0.0453125 0.0359375
0 0.60390625 0.82734375 0.0484375 0.0390625
0 0.57578125 0.8578125 0.04296875 0.03984375
0 0.5265625 0.85625 0.04609375 0.0375
0 0.48046875 0.8625 0.0453125 0.0390625
0 0.43515625 0.8734375 0.04296875 0.03984375
0 0.36015625 0.84140625 0.0453125 0.0375
0 0.38984375 0.875 0.04921875 0.0390625
0 0.35625 0.90859375 0.0453125 0.0375
0 0.3796875 0.94453125 0.0484375 0.03671875
0 0.41640625 0.91484375 0.04765625 0.03984375
0 0.46484375 0.91484375 0.0453125 0.0328125
0 0.51015625 0.91796875 0.04453125 0.03671875
0 0.53515625 0.88984375 0.04296875 0.0328125
0 0.63046875 0.88828125 0.0453125 0.04296875
0 0.59921875 0.93203125 0.04609375 0.03984375
0 0.50546875 0.97734375 0.04765625 0.034375