0 0.91171875 0.45 0.0328125 0.03125
0 0.44453125 0.75546875 0.0296875 0.0265625
0 0.434375 0.790625 0.0296875 0.0265625
0 0.696875 0.6609375 0.0296875 0.0265625
0 0.47890625 0.765625 0.028125 0.0265625
0 0.51796875 0.7359375 0.0296875 0.0265625
0 0.525 0.7546875 0.028125 0.025
0 0.48984375 0.7890625 0.0296875 0.025
0 0.76640625 0.8265625 0.0265625 0.0234375
0 0.475 0.72890625 0.0296875 0.0265625
0 0.584375 0.70234375 0.028125 0.0265625
0 0.45625 0.78125 0.028125 0.0265625
0 0.646875 0.6828125 0.0296875 0.025
0 0.6078125 0.703125 0.0296875 0.0265625
0 0.60625 0.72265625 0.0296875 0.0265625
0 0.80078125 0.66796875 0.0296875 0.0265625
0 0.67578125 0.65390625 0.0296875 0.0265625
0 0.740625 0.61015625 0.0296875 0.0265625
0 0.5984375 0.684375 0.0296875 0.0265625
0 0.45234375 0.8 0.028125 0.0265625
0 0.5859375 0.73359375 0.0296875 0.025
0 0.4671875 0.7484375 0.028125 0.025
0 0.62421875 0.68828125 0.0296875 0.0265625
0 0.49296875 0.74140625 0.0296875 0.0265625
0 0.72578125 0.7078125 0.0296875 0.025
0 0.4109375 0.79375 0.028125 0.025
0 0.38671875 0.796875 0.0296875 0.0265625
0 0.75 0.69375 0.0296875 0.025
0 0.546875 0.7171875 0.0296875 0.0265625
0 0.3625 0.79453125 0.0296875 0.0265625
0 0.628125 0.7171875 0.0296875 0.0265625
0 0.50234375 0.7640625 0.0296875 0.0265625
0 0.7046875 0.6328125 0.0296875 0.0265625
0 0.7171875 0.66953125 0.03125 0.028125
0 0.4515625 0.73515625 0.0296875 0.0265625
0 0.94375 0.63984375 0.0296875 0.025
0 0.59296875 0.765625 0.0296875 0.0265625
0 0.9234375 0.659375 0.0296875 0.025
0 0.56953125 0.7171875 0.028125 0.0265625
0 0.9171875 0.62890625 0.0296875 0.028125
0 0.78125 0.659375 0.0296875 0.025
0 0.29140625 0.7359375 0.025 0.0203125
0 0.6625 0.69453125 0.0296875 0.0265625
0 0.3328125 0.79453125 0.0296875 0.0265625
0 0.65390625 0.6625 0.0296875 0.0265625
0 0.4265625 0.74375 0.0296875 0.0265625
0 0.82734375 0.7015625 0.0328125 0.028125
0 0.84609375 0.68203125 0.0296875 0.025
0 0.6890625 0.61953125 0.0296875 0.0265625
0 0.82890625 0.6578125 0.0296875 0.0265625
0 0.778125 0.63125 0.0296875 0.0265625
0 0.346875 0.809375 0.0296875 0.0265625
0 0.54765625 0.75390625 0.0296875 0.0265625
0 0.87265625 0.67578125 0.0296875 0.0265625
0 0.89375 0.63203125 0.0296875 0.0265625
0 0.35078125 0.71875 0.0328125 0.0296875
0 0.86015625 0.66171875 0.0296875 0.0265625
0 0.7140625 0.69375 0.0296875 0.0265625
0 0.8375 0.56015625 0.0296875 0.0265625
0 0.371875 0.746875 0.021875 0.0203125
0 0.8265625 0.63515625 0.0296875 0.0265625
0 0.31875 0.77109375 0.0296875 0.0265625
0 0.5234375 0.70390625 0.0296875 0.0265625
0 0.76171875 0.67421875 0.0296875 0.0265625
0 0.30546875 0.7921875 0.0296875 0.0265625
0 0.89296875 0.665625 0.0296875 0.0265625
0 0.73515625 0.63515625 0.0328125 0.028125
0 0.31171875 0.8109375 0.0296875 0.025
0 0.89375 0.56015625 0.0296875 0.028125
0 0.88203125 0.53984375 0.03125 0.0296875
0 0.7578125 0.571875 0.0296875 0.0265625
0 0.96484375 0.6453125 0.0296875 0.028125
0 0.43515625 0.7046875 0.03125 0.028125
0 0.946875 0.6671875 0.028125 0.025
0 0.5703125 0.76171875 0.0296875 0.0265625
0 0.85078125 0.63046875 0.0296875 0.0265625
0 0.66875 0.63515625 0.0296875 0.0265625
0 0.29140625 0.77578125 0.0296875 0.0265625
0 0.4984375 0.7078125 0.0328125 0.03125
0 0.571875 0.675 0.0296875 0.028125
0 0.328125 0.73125 0.025 0.021875
0 0.73671875 0.59140625 0.03125 0.028125
0 0.715625 0.6078125 0.03125 0.0296875
0 0.56484375 0.7359375 0.0296875 0.0265625
0 0.94765625 0.58828125 0.0296875 0.025
0 0.803125 0.64375 0.0296875 0.0265625
0 0.409375 0.7140625 0.0296875 0.028125
0 0.7984375 0.6953125 0.0296875 0.025
0 0.4734375 0.80625 0.028125 0.025
0 0.34609375 0.7734375 0.0296875 0.0265625
0 0.740625 0.665625 0.03125 0.028125
0 0.87109375 0.615625 0.0328125 0.028125
0 0.56171875 0.70234375 0.0296875 0.0265625
0 0.63984375 0.7453125 0.0296875 0.0265625
0 0.98828125 0.5828125 0.0234375 0.025
0 0.9328125 0.56171875 0.0296875 0.0265625
0 0.9875 0.55 0.025 0.028125
0 0.91015625 0.590625 0.0328125 0.028125
0 0.54609375 0.6859375 0.0328125 0.028125
0 0.86171875 0.696875 0.0296875 0.0265625
0 0.32734375 0.82421875 0.0296875 0.025
0 0.86328125 0.53359375 0.03125 0.028125
0 0.365625 0.821875 0.0296875 0.0265625
0 0.6375 0.64921875 0.0296875 0.0265625
0 0.40546875 0.8125 0.0296875 0.0265625
0 0.696875 0.70859375 0.0296875 0.0265625
0 0.5140625 0.7859375 0.0296875 0.0265625
0 0.81875 0.68203125 0.0296875 0.0265625
0 0.78046875 0.6828125 0.0296875 0.025
0 0.29140625 0.82421875 0.0296875 0.0265625
0 0.26796875 0.79140625 0.0296875 0.0265625
0 0.7296875 0.7328125 0.0296875 0.0265625
0 0.53828125 0.79453125 0.0296875 0.0265625
0 0.3859375 0.72890625 0.0328125 0.028125
0 0.89609375 0.68671875 0.0296875 0.0265625
0 0.82890625 0.53359375 0.0296875 0.0265625
0 0.665625 0.61328125 0.03125 0.028125
0 0.46484375 0.6859375 0.0296875 0.0265625
0 0.53828125 0.73828125 0.0265625 0.0265625
0 0.92265625 0.60625 0.0328125 0.028125
0 0.43125 0.81328125 0.0296875 0.025
0 0.621875 0.66875 0.0296875 0.0265625
0 0.665625 0.71875 0.0296875 0.025
0 0.40390625 0.75625 0.03125 0.028125
0 0.80859375 0.55703125 0.0296875 0.0265625
0 0.98984375 0.61015625 0.0203125 0.0265625
0 0.69375 0.73515625 0.0296875 0.025
0 0.6125 0.77421875 0.0296875 0.0265625
0 0.6421875 0.62734375 0.0296875 0.0265625
0 0.58203125 0.8984375 0.0234375 0.021875
0 0.68359375 0.68046875 0.0296875 0.0265625
0 0.6171875 0.6421875 0.0296875 0.0265625
0 0.8171875 0.57734375 0.0296875 0.0265625
0 0.48984375 0.68828125 0.0296875 0.0265625
0 0.20234375 0.83671875 0.0328125 0.028125
0 0.70390625 0.55859375 0.03125 0.0296875
0 0.32265625 0.84296875 0.0296875 0.025
0 0.284375 0.8046875 0.0328125 0.0265625
0 0.41953125 0.7703125 0.0296875 0.0265625
0 0.37734375 0.7 0.0328125 0.0296875
0 0.39609375 0.7796875 0.0296875 0.0265625
0 0.2328125 0.82734375 0.03125 0.028125
0 0.92265625 0.6796875 0.021875 0.021875
0 0.75 0.86875 0.0265625 0.0265625