0 0.39453125 0.26875 0.0203125 0.025
0 0.39140625 0.29140625 0.0203125 0.025
0 0.40546875 0.2390625 0.0203125 0.0265625
0 0.4125 0.21953125 0.0203125 0.025
0 0.43984375 0.18984375 0.0234375 0.028125
0 0.446875 0.2109375 0.0203125 0.025
0 0.428125 0.21796875 0.0203125 0.025
0 0.41953125 0.24140625 0.0203125 0.025
0 0.40859375 0.26171875 0.0203125 0.025
0 0.41953125 0.27421875 0.0203125 0.0265625
0 0.446875 0.28984375 0.0203125 0.025
0 0.43046875 0.25625 0.0203125 0.028125
0 0.4359375 0.27734375 0.01875 0.021875
0 0.446875 0.2515625 0.021875 0.025
0 0.43984375 0.23203125 0.0203125 0.025
0 0.45703125 0.22890625 0.021875 0.0234375
0 0.4734375 0.2125 0.025 0.028125
0 0.4671875 0.2453125 0.021875 0.025
0 0.4765625 0.26171875 0.0234375 0.028125
0 0.45703125 0.26796875 0.021875 0.0265625
0 0.465625 0.28515625 0.021875 0.025
0 0.4875 0.28046875 0.0234375 0.025
0 0.475 0.3046875 0.0234375 0.025
0 0.45703125 0.3078125 0.0203125 0.025
0 0.42109375 0.29609375 0.0203125 0.025
0 0.43359375 0.3078125 0.0203125 0.025
0 0.4 0.3140625 0.0203125 0.025
0 0.41484375 0.31640625 0.0234375 0.028125
0 0.40625 0.29296875 0.01875 0.0234375
0 0.3828125 0.31015625 0.0234375 0.0265625
0 0.37734375 0.3328125 0.021875 0.025
0 0.39140625 0.34296875 0.0203125 0.028125
0 0.34765625 0.40234375 0.0203125 0.025
0 0.37578125 0.38359375 0.0203125 0.025
0 0.3609375 0.37734375 0.021875 0.025
0 0.36484375 0.3546875 0.0203125 0.025
0 0.37890625 0.35859375 0.0203125 0.025
0 0.390625 0.3703125 0.0203125 0.0265625
0 0.40703125 0.371875 0.0203125 0.025
0 0.40546875 0.3421875 0.01875 0.025
0 0.41796875 0.3546875 0.021875 0.0265625
0 0.434375 0.34609375 0.0203125 0.025
0 0.42734375 0.33046875 0.021875 0.025
0 0.44296875 0.32578125 0.021875 0.028125
0 0.46015625 0.33046875 0.0203125 0.025
0 0.47890625 0.32421875 0.0234375 0.028125
0 0.4859375 0.35078125 0.0234375 0.0296875
0 0.46875 0.35 0.021875 0.0265625
0 0.45078125 0.353125 0.0234375 0.0265625
0 0.434375 0.36875 0.0203125 0.0265625
0 0.403125 0.39296875 0.01875 0.025
0 0.41875 0.3828125 0.0203125 0.025
0 0.3875 0.39375 0.01875 0.025
0 0.3765625 0.4078125 0.021875 0.025
0 0.36328125 0.4 0.01875 0.0234375
0 0.35625 0.4203125 0.0203125 0.025
0 0.34140625 0.4296875 0.01875 0.021875
0 0.34453125 0.44921875 0.0203125 0.025
0 0.36875 0.428125 0.0171875 0.021875
0 0.384375 0.4265625 0.0203125 0.025
0 0.4 0.41796875 0.01875 0.021875
0 0.41484375 0.40703125 0.0203125 0.025
0 0.43046875 0.39765625 0.0234375 0.025
0 0.44453125 0.38203125 0.0203125 0.025
0 0.46171875 0.37265625 0.021875 0.025
0 0.47890625 0.37421875 0.021875 0.025
0 0.359375 0.490625 0.0203125 0.025
0 0.36875 0.5078125 0.021875 0.025
0 0.3515625 0.4734375 0.01875 0.021875
0 0.37578125 0.4875 0.0203125 0.0234375
0 0.35859375 0.4546875 0.01875 0.0234375
0 0.365625 0.47109375 0.015625 0.0203125
0 0.37421875 0.4484375 0.0203125 0.025
0 0.38125 0.46796875 0.0203125 0.025
0 0.396875 0.46640625 0.0203125 0.025
0 0.4125 0.4546875 0.01875 0.0234375
0 0.42734375 0.44375 0.01875 0.021875
0 0.3890625 0.4453125 0.01875 0.021875
0 0.40546875 0.4375 0.0234375 0.025
0 0.4203125 0.4265625 0.0234375 0.025
0 0.43671875 0.4171875 0.021875 0.025
0 0.45078125 0.4015625 0.0203125 0.025
0 0.46796875 0.3953125 0.0234375 0.028125
0 0.4859375 0.39296875 0.021875 0.025
0 0.4578125 0.4203125 0.021875 0.028125
0 0.44453125 0.43515625 0.021875 0.025
0 0.440625 0.45859375 0.01875 0.0234375
0 0.42578125 0.4703125 0.0234375 0.028125
0 0.4078125 0.48125 0.01875 0.0234375
0 0.39140625 0.490625 0.01875 0.021875
0 0.38046875 0.53125 0.021875 0.021875
0 0.40390625 0.50234375 0.0234375 0.0265625
0 0.42109375 0.49453125 0.0234375 0.025
0 0.440625 0.49453125 0.025 0.025
0 0.45078125 0.47578125 0.0265625 0.028125
0 0.45703125 0.45 0.021875 0.025
0 0.46796875 0.4671875 0.0234375 0.028125
0 0.471875 0.434375 0.021875 0.025
0 0.48359375 0.45078125 0.0234375 0.028125