0 0.91875 0.2 0.040625 0.040625
0 0.7390625 0.2265625 0.040625 0.040625
0 0.765625 0.25546875 0.040625 0.040625
0 0.83671875 0.25 0.04375 0.040625
0 0.8015625 0.26640625 0.0421875 0.04375
0 0.721875 0.28984375 0.0375 0.040625
0 0.759375 0.30234375 0.040625 0.046875
0 0.65546875 0.26796875 0.040625 0.040625
0 0.59296875 0.27421875 0.040625 0.040625
0 0.62578125 0.3015625 0.04375 0.040625
0 0.5828125 0.3140625 0.040625 0.040625
0 0.6171875 0.33671875 0.040625 0.0453125
0 0.59375 0.3671875 0.0453125 0.04375
0 0.58515625 0.40546875 0.040625 0.040625
0 0.459375 0.3984375 0.0421875 0.040625
0 0.5515625 0.36953125 0.0421875 0.040625
0 0.409375 0.3625 0.046875 0.040625
0 0.4484375 0.43515625 0.0421875 0.0375
0 0.490625 0.4421875 0.0421875 0.040625
0 0.37265625 0.3875 0.04375 0.040625
0 0.40703125 0.4140625 0.0421875 0.0390625
0 0.33046875 0.40234375 0.040625 0.0390625
0 0.36328125 0.42421875 0.0421875 0.0375
0 0.3859375 0.45546875 0.040625 0.0375
0 0.36875 0.503125 0.040625 0.040625
0 0.3859375 0.53828125 0.040625 0.040625
0 0.2984375 0.525 0.0421875 0.04375
0 0.34609375 0.5328125 0.040625 0.040625
0 0.303125 0.5640625 0.0421875 0.040625
0 0.35546875 0.57265625 0.0421875 0.04375
0 0.47421875 0.615625 0.04375 0.0421875
0 0.45234375 0.6484375 0.04375 0.040625
0 0.4015625 0.6703125 0.04375 0.04375
0 0.446875 0.71171875 0.0421875 0.04375
0 0.36796875 0.6953125 0.04375 0.04375
0 0.36328125 0.74140625 0.0453125 0.04375
0 0.45859375 0.78515625 0.04375 0.04375
0 0.46171875 0.8296875 0.04375 0.0484375
0 0.36015625 0.8609375 0.053125 0.046875
0 0.26015625 0.73046875 0.0421875 0.0421875
0 0.2578125 0.77265625 0.04375 0.040625
0 0.2359375 0.815625 0.046875 0.04375
0 0.18828125 0.834375 0.0453125 0.046875
0 0.13046875 0.6015625 0.046875 0.05