0 0.4515625 0.096875 0.0359375 0.0359375
0 0.50859375 0.18125 0.0390625 0.0390625
0 0.3609375 0.48125 0.0328125 0.0359375
0 0.3234375 0.3765625 0.034375 0.0359375
0 0.35234375 0.41640625 0.040625 0.040625
0 0.4046875 0.45234375 0.03125 0.0359375
0 0.37890625 0.37109375 0.0328125 0.0328125
0 0.4 0.3953125 0.0328125 0.0359375
0 0.371875 0.453125 0.0390625 0.0375
0 0.3578125 0.32890625 0.0390625 0.0390625
0 0.42734375 0.4078125 0.03125 0.0359375
0 0.42890625 0.30859375 0.034375 0.0359375
0 0.45390625 0.37109375 0.0375 0.0328125
0 0.48671875 0.38671875 0.0328125 0.0328125
0 0.46015625 0.40234375 0.03125 0.0328125
0 0.4484375 0.4453125 0.0359375 0.0328125
0 0.42578125 0.4765625 0.0328125 0.0359375
0 0.39296875 0.48984375 0.0359375 0.034375
0 0.26015625 0.628125 0.0390625 0.0359375
0 0.28515625 0.54375 0.0328125 0.0296875
0 0.29375 0.57578125 0.0375 0.0328125
0 0.26875 0.59609375 0.0390625 0.0359375
0 0.2921875 0.628125 0.0328125 0.0328125
0 0.25625 0.66015625 0.0390625 0.0359375
0 0.28984375 0.50703125 0.0390625 0.0390625
0 0.3171875 0.54453125 0.0328125 0.03125
0 0.3296875 0.571875 0.0359375 0.0328125
0 0.30625 0.5984375 0.0359375 0.0328125
0 0.32265625 0.48515625 0.0359375 0.034375
0 0.321875 0.5125 0.0359375 0.034375
0 0.3453125 0.53359375 0.034375 0.0328125
0 0.3578125 0.5640625 0.0328125 0.0328125
0 0.3734375 0.528125 0.0359375 0.0328125
0 0.3921875 0.5515625 0.034375 0.0328125
0 0.3875 0.57890625 0.034375 0.0328125
0 0.34140625 0.6078125 0.0328125 0.0328125
0 0.31640625 0.64375 0.0359375 0.0359375
0 0.28828125 0.67421875 0.0328125 0.0359375
0 0.31484375 0.703125 0.028125 0.03125
0 0.2859375 0.709375 0.0328125 0.0328125
0 0.29375 0.7390625 0.0390625 0.034375
0 0.2453125 0.7359375 0.0359375 0.034375
0 0.33671875 0.68125 0.0359375 0.0328125
0 0.3421875 0.7109375 0.0328125 0.0296875
0 0.3421875 0.73984375 0.0328125 0.0359375
0 0.31953125 0.76953125 0.0359375 0.0359375
0 0.33515625 0.81015625 0.0390625 0.0375
0 0.3796875 0.8140625 0.0375 0.0390625
0 0.3859375 0.703125 0.034375 0.0328125
0 0.3828125 0.7421875 0.0359375 0.0359375
0 0.375 0.66015625 0.0296875 0.0328125
0 0.39921875 0.678125 0.0328125 0.0328125
0 0.41484375 0.6984375 0.034375 0.0296875
0 0.41875 0.725 0.034375 0.0296875
0 0.51796875 0.4515625 0.0296875 0.0296875
0 0.40625 0.64375 0.034375 0.0296875
0 0.44375 0.66171875 0.028125 0.028125
0 0.4421875 0.68828125 0.028125 0.0265625
0 0.44921875 0.71640625 0.03125 0.0296875
0 0.4375 0.6328125 0.0296875 0.03125
0 0.46796875 0.67421875 0.0296875 0.0328125
0 0.4703125 0.69921875 0.0328125 0.0296875
0 0.46796875 0.62265625 0.0296875 0.0328125
0 0.475 0.6484375 0.028125 0.028125
0 0.44453125 0.6046875 0.0328125 0.0296875
0 0.49296875 0.6234375 0.028125 0.028125
0 0.4703125 0.59609375 0.0328125 0.0296875
0 0.48125 0.4234375 0.03125 0.03125
0 0.48984375 0.45 0.0328125 0.0328125
0 0.4640625 0.4796875 0.0296875 0.0328125
0 0.484375 0.5 0.0296875 0.0328125
0 0.4921875 0.67265625 0.03125 0.03125
0 0.4953125 0.59765625 0.0296875 0.0328125
0 0.51640625 0.6140625 0.028125 0.03125
0 0.5078125 0.6515625 0.0296875 0.0328125
0 0.5203125 0.58828125 0.028125 0.028125
0 0.540625 0.6046875 0.028125 0.0296875
0 0.5265625 0.5609375 0.0328125 0.0296875
0 0.54453125 0.58046875 0.0328125 0.0296875
0 0.49375 0.5640625 0.0328125 0.0296875
0 0.55625 0.55546875 0.0234375 0.0265625
0 0.56640625 0.603125 0.03125 0.0265625
0 0.5328125 0.6359375 0.0296875 0.0328125
0 0.578125 0.56171875 0.025 0.0265625
0 0.58125 0.5875 0.0296875 0.0328125
0 0.5703125 0.62734375 0.0296875 0.034375
0 0.60390625 0.55859375 0.0296875 0.0296875
0 0.603125 0.60546875 0.0296875 0.0328125
0 0.50703125 0.47578125 0.0359375 0.034375
0 0.58984375 0.53671875 0.03125 0.0359375
0 0.51015625 0.41953125 0.0375 0.0328125
0 0.61875 0.5390625 0.0328125 0.0296875
0 0.54765625 0.46328125 0.0328125 0.0359375
0 0.65234375 0.53828125 0.0296875 0.0296875
0 0.6125 0.51171875 0.028125 0.028125
0 0.67109375 0.5515625 0.0328125 0.0328125
0 0.7828125 0.40859375 0.0328125 0.0328125
0 0.596875 0.41875 0.0359375 0.0328125
0 0.81015625 0.415625 0.0328125 0.0296875