0 0.44921875 0.08828125 0.025 0.02734375
0 0.265625 0.615625 0.02109375 0.02421875
0 0.23359375 0.634375 0.02265625 0.02578125
0 0.29609375 0.34765625 0.021875 0.02578125
0 0.24765625 0.584375 0.02109375 0.0234375
0 0.26640625 0.53984375 0.021875 0.02421875
0 0.246875 0.5375 0.0203125 0.0234375
0 0.221875 0.5796875 0.0203125 0.02421875
0 0.11875 0.3203125 0.01875 0.0234375
0 0.28359375 0.5796875 0.021875 0.025
0 0.28359375 0.4671875 0.02265625 0.0234375
0 0.2375 0.61015625 0.02109375 0.0234375
0 0.28671875 0.4015625 0.0203125 0.02421875
0 0.2765625 0.44453125 0.021875 0.02421875
0 0.25859375 0.45078125 0.02265625 0.025
0 0.2640625 0.2484375 0.02109375 0.02578125
0 0.3078125 0.36640625 0.021875 0.025
0 0.33515625 0.29296875 0.02109375 0.025
0 0.29765625 0.44921875 0.021875 0.025
0 0.2203125 0.61875 0.02109375 0.0234375
0 0.25234375 0.4734375 0.0203125 0.025
0 0.2671875 0.5921875 0.0203125 0.0234375
0 0.2875 0.425 0.02109375 0.02421875
0 0.2671875 0.565625 0.021875 0.025
0 0.24375 0.33125 0.0203125 0.025
0 0.23671875 0.6578125 0.01953125 0.02421875
0 0.2390625 0.68203125 0.021875 0.02421875
0 0.2515625 0.30390625 0.0203125 0.025
0 0.278125 0.50703125 0.02109375 0.02421875
0 0.24765625 0.7046875 0.02109375 0.02578125
0 0.25859375 0.428125 0.02109375 0.02421875
0 0.24296875 0.56171875 0.021875 0.02421875
0 0.321875 0.33359375 0.021875 0.025
0 0.2828125 0.33046875 0.02109375 0.0265625
0 0.28359375 0.60390625 0.021875 0.025
0 0.25703125 0.103125 0.0203125 0.02421875
0 0.21953125 0.47421875 0.02109375 0.025
0 0.24296875 0.12734375 0.0203125 0.02421875
0 0.27265625 0.48515625 0.02109375 0.0234375
0 0.27421875 0.1265625 0.02265625 0.025
0 0.27734375 0.265625 0.0203125 0.02578125
0 0.321875 0.759375 0.01640625 0.021875
0 0.271875 0.3890625 0.02109375 0.025
0 0.2546875 0.73359375 0.02109375 0.025
0 0.3046875 0.38984375 0.021875 0.025
0 0.28125 0.63046875 0.021875 0.02578125
0 0.225 0.23125 0.021875 0.02890625
0 0.23984375 0.2078125 0.0203125 0.025
0 0.33828125 0.3453125 0.021875 0.02578125
0 0.2671875 0.21875 0.02109375 0.02421875
0 0.30546875 0.26171875 0.02109375 0.02578125
0 0.23671875 0.7234375 0.021875 0.02578125
0 0.2421875 0.51484375 0.02109375 0.02421875
0 0.2390625 0.18125 0.02109375 0.02421875
0 0.2765625 0.15 0.02109375 0.02421875
0 0.32421875 0.69765625 0.0234375 0.02734375
0 0.25625 0.18984375 0.02109375 0.02578125
0 0.26015625 0.3390625 0.021875 0.025
0 0.36015625 0.18671875 0.021875 0.02578125
0 0.29140625 0.684375 0.01484375 0.01875
0 0.28984375 0.215625 0.02265625 0.025
0 0.28046875 0.74140625 0.021875 0.02578125
0 0.296875 0.5265625 0.021875 0.02578125
0 0.26796875 0.28828125 0.02109375 0.02578125
0 0.26328125 0.759375 0.02109375 0.025
0 0.24453125 0.15859375 0.02265625 0.025
0 0.31171875 0.3046875 0.02265625 0.02734375
0 0.24375 0.7578125 0.0203125 0.02421875
0 0.34609375 0.1328125 0.02265625 0.02578125
0 0.36875 0.1390625 0.02265625 0.0265625
0 0.36796875 0.2671875 0.02265625 0.02578125
0 0.246875 0.084375 0.0234375 0.025
0 0.3171875 0.6125 0.02265625 0.0265625
0 0.2296875 0.10703125 0.0203125 0.0234375
0 0.22890625 0.4953125 0.02109375 0.02421875
0 0.28828125 0.19140625 0.02265625 0.025
0 0.328125 0.36875 0.021875 0.02578125
0 0.2828125 0.76875 0.02109375 0.02578125
0 0.2984375 0.5515625 0.02421875 0.02734375
0 0.3125 0.47265625 0.0234375 0.025
0 0.3171875 0.72265625 0.0171875 0.02109375
0 0.35390625 0.2921875 0.02265625 0.0265625
0 0.34296875 0.3171875 0.0234375 0.0265625
0 0.25546875 0.49453125 0.02109375 0.025
0 0.30625 0.08671875 0.0203125 0.025
0 0.2875 0.240625 0.021875 0.02578125
0 0.3140625 0.63984375 0.0234375 0.02578125
0 0.23828125 0.2578125 0.0203125 0.02421875
0 0.209375 0.6 0.01953125 0.02421875
0 0.271875 0.715625 0.02265625 0.02578125
0 0.28125 0.30625 0.02109375 0.0265625
0 0.29765625 0.16796875 0.02265625 0.02734375
0 0.2890625 0.4890625 0.021875 0.02421875
0 0.228125 0.4234375 0.021875 0.025
0 0.3 0.04296875 0.0203125 0.02421875
0 0.33515625 0.0953125 0.02109375 0.025
0 0.33203125 0.0359375 0.021875 0.0265625
0 0.31328125 0.12421875 0.02109375 0.028125
0 0.30859375 0.5 0.02265625 0.02734375
0 0.221875 0.196875 0.02109375 0.02421875
0 0.22734375 0.74609375 0.0203125 0.025
0 0.3796875 0.15546875 0.02265625 0.0265625
0 0.2203125 0.70859375 0.02109375 0.025
0 0.321875 0.40234375 0.021875 0.02421875
0 0.21953125 0.6671875 0.02109375 0.02421875
0 0.25 0.359375 0.021875 0.025
0 0.21875 0.55546875 0.02109375 0.025
0 0.24609375 0.23515625 0.02109375 0.025
0 0.2546875 0.271875 0.0203125 0.02578125
0 0.2359375 0.78046875 0.02109375 0.025
0 0.2734375 0.7953125 0.02109375 0.02578125
0 0.21875 0.33359375 0.02109375 0.025
0 0.2046875 0.534375 0.02109375 0.025
0 0.30546875 0.66640625 0.02265625 0.028125
0 0.22265625 0.1609375 0.02109375 0.02421875
0 0.3875 0.1890625 0.02265625 0.02578125
0 0.35 0.36640625 0.02265625 0.0265625
0 0.328125 0.57890625 0.02265625 0.02578125
0 0.259375 0.5203125 0.021875 0.02265625
0 0.29453125 0.115625 0.021875 0.02734375
0 0.2125 0.6421875 0.0203125 0.02421875
0 0.30703125 0.42265625 0.021875 0.02421875
0 0.24765625 0.3921875 0.0203125 0.025
0 0.275 0.65546875 0.02265625 0.0265625
0 0.3703125 0.2140625 0.02265625 0.02578125
0 0.2734375 0.04609375 0.02265625 0.025
0 0.225 0.36875 0.0203125 0.02421875
0 0.20703125 0.45703125 0.02109375 0.02421875
0 0.3421875 0.39296875 0.021875 0.02578125
0 0.09375 0.51640625 0.0171875 0.0203125
0 0.28046875 0.365625 0.02109375 0.02421875
0 0.33359375 0.4203125 0.02265625 0.02578125
0 0.3484375 0.2109375 0.021875 0.02578125
0 0.31953125 0.55546875 0.02265625 0.02578125
0 0.2453125 0.8703125 0.021875 0.028125
0 0.39375 0.31640625 0.0234375 0.0265625
0 0.21015625 0.7546875 0.02109375 0.025
0 0.25625 0.7828125 0.0203125 0.02734375
0 0.25703125 0.64375 0.02109375 0.02421875
0 0.3359375 0.6671875 0.0234375 0.028125
0 0.25390625 0.66875 0.02109375 0.02421875
0 0.246875 0.83828125 0.021875 0.0265625
0 0.2234375 0.13359375 0.01640625 0.01875
0 0.08203125 0.346875 0.02265625 0.021875