0 0.41328125 0.35 0.0296875 0.0296875
0 0.4578125 0.3453125 0.0296875 0.0265625
0 0.5578125 0.5 0.025 0.025
0 0.5453125 0.5203125 0.0234375 0.025
0 0.52890625 0.50078125 0.025 0.021875
0 0.52734375 0.4796875 0.025 0.025
0 0.5125 0.44453125 0.025 0.0234375
0 0.503125 0.42109375 0.0265625 0.025
0 0.49375 0.39921875 0.025 0.025
0 0.46484375 0.41328125 0.0265625 0.025
0 0.45859375 0.45859375 0.0265625 0.028125
0 0.45234375 0.43359375 0.028125 0.025
0 0.5546875 0.55546875 0.028125 0.025
0 0.528125 0.56953125 0.0265625 0.0265625
0 0.50625 0.596875 0.0265625 0.0265625
0 0.49140625 0.5171875 0.025 0.021875
0 0.4640625 0.515625 0.0203125 0.0234375
0 0.475 0.4984375 0.025 0.021875
0 0.45390625 0.5203125 0.0234375 0.021875
0 0.4515625 0.49921875 0.025 0.0234375
0 0.43203125 0.503125 0.025 0.021875
0 0.42421875 0.484375 0.025 0.025
0 0.4046875 0.50078125 0.025 0.0234375
0 0.4859375 0.5671875 0.025 0.0234375
0 0.4765625 0.5484375 0.025 0.025
0 0.46953125 0.57421875 0.025 0.025
0 0.459375 0.55859375 0.025 0.0234375
0 0.46015625 0.61875 0.025 0.0234375
0 0.446875 0.6 0.025 0.025
0 0.425 0.62109375 0.025 0.025
0 0.44296875 0.67265625 0.025 0.0234375
0 0.42421875 0.65546875 0.025 0.025
0 0.4375 0.63203125 0.021875 0.0234375
0 0.42109375 0.60078125 0.0234375 0.0234375
0 0.4296875 0.56640625 0.025 0.025
0 0.396875 0.55625 0.0265625 0.0265625
0 0.36640625 0.60859375 0.025 0.0234375
0 0.38203125 0.59765625 0.025 0.025
0 0.375 0.62734375 0.025 0.021875
0 0.3484375 0.61875 0.0234375 0.025