0 0.1546875 0.37890625 0.040625 0.040625
0 0.1421875 0.3515625 0.0390625 0.034375
0 0.77734375 0.8265625 0.0421875 0.04375
0 0.75 0.75078125 0.0390625 0.0421875
0 0.73125 0.72578125 0.04375 0.0390625
0 0.734375 0.6953125 0.040625 0.040625
0 0.69765625 0.68984375 0.040625 0.0421875
0 0.71171875 0.6609375 0.04375 0.0453125
0 0.675 0.66015625 0.0375 0.040625
0 0.6625 0.6265625 0.040625 0.04375
0 0.6421875 0.60390625 0.040625 0.04375
0 0.55 0.5671875 0.0375 0.040625
0 0.6671875 0.584375 0.0359375 0.0375
0 0.64296875 0.5671875 0.0375 0.040625
0 0.44453125 0.69140625 0.0421875 0.04375
0 0.6734375 0.54921875 0.040625 0.040625
0 0.64609375 0.5296875 0.040625 0.040625
0 0.4796875 0.49921875 0.040625 0.040625
0 0.38984375 0.56796875 0.0375 0.040625
0 0.39375 0.53671875 0.040625 0.040625
0 0.4515625 0.48125 0.0359375 0.0375
0 0.41875 0.5125 0.040625 0.040625
0 0.3875 0.50625 0.040625 0.040625
0 0.365625 0.4859375 0.0375 0.0375
0 0.42265625 0.48125 0.0375 0.0375
0 0.39296875 0.47734375 0.0390625 0.040625
0 0.34453125 0.46796875 0.040625 0.0390625
0 0.31328125 0.459375 0.04375 0.04375
0 0.42578125 0.45 0.0375 0.0421875
0 0.39296875 0.45 0.0421875 0.04375
0 0.44921875 0.43203125 0.0375 0.040625
0 0.42265625 0.42109375 0.040625 0.0421875
0 0.35546875 0.41328125 0.040625 0.040625
0 0.44375 0.396875 0.040625 0.0421875
0 0.4140625 0.3921875 0.040625 0.040625
0 0.35078125 0.37734375 0.04375 0.0421875
0 0.4234375 0.36640625 0.040625 0.040625
0 0.390625 0.3625 0.040625 0.040625
0 0.3546875 0.34453125 0.0421875 0.040625
0 0.3984375 0.33359375 0.0421875 0.0390625
0 0.3359375 0.32109375 0.040625 0.040625
0 0.48671875 0.2234375 0.0421875 0.0421875
0 0.603125 0.3984375 0.0421875 0.04375
0 0.6109375 0.36875 0.0421875 0.046875