0 0.53671875 0.55234375 0.0171875 0.0203125
0 0.5265625 0.54453125 0.0171875 0.0203125
0 0.4984375 0.58671875 0.0171875 0.01875
0 0.48671875 0.615625 0.0171875 0.0203125
0 0.52578125 0.496875 0.0171875 0.0203125
0 0.509375 0.52265625 0.01875 0.01875
0 0.49140625 0.5171875 0.0171875 0.0203125
0 0.47578125 0.5046875 0.01875 0.0203125
0 0.46015625 0.540625 0.0171875 0.0203125
0 0.453125 0.51015625 0.0171875 0.0203125
0 0.42890625 0.51328125 0.0171875 0.01875
0 0.43203125 0.52890625 0.0171875 0.01875
0 0.421875 0.540625 0.0171875 0.01875
0 0.4109375 0.55 0.015625 0.01875
0 0.41953125 0.57109375 0.015625 0.0203125
0 0.40625 0.565625 0.0171875 0.01875
0 0.446875 0.7453125 0.01875 0.021875
0 0.4296875 0.628125 0.0140625 0.01875
0 0.41640625 0.6296875 0.015625 0.01875
0 0.4109375 0.64921875 0.0171875 0.0203125
0 0.3984375 0.65625 0.0140625 0.01875
0 0.38984375 0.66953125 0.0171875 0.01875
0 0.40234375 0.62578125 0.015625 0.01875
0 0.38984375 0.6359375 0.0171875 0.01875
0 0.38515625 0.653125 0.0140625 0.0171875
0 0.37109375 0.6578125 0.0171875 0.01875
0 0.37578125 0.64375 0.0140625 0.0171875
0 0.37109375 0.6296875 0.015625 0.01875
0 0.35859375 0.63515625 0.0140625 0.0203125
0 0.4015625 0.6078125 0.0171875 0.0171875
0 0.38984375 0.61953125 0.015625 0.0171875
0 0.39609375 0.590625 0.0171875 0.0171875
0 0.38671875 0.60390625 0.0140625 0.0171875
0 0.38046875 0.58671875 0.015625 0.0171875
0 0.36640625 0.5796875 0.0140625 0.0203125
0 0.39140625 0.5734375 0.0171875 0.0171875
0 0.39921875 0.5546875 0.0140625 0.01875
0 0.3828125 0.56015625 0.0140625 0.01875
0 0.3984375 0.521875 0.0140625 0.0203125
0 0.384375 0.5421875 0.0171875 0.0171875
0 0.3859375 0.52109375 0.0140625 0.01875
0 0.37265625 0.5234375 0.015625 0.0203125
0 0.38828125 0.50546875 0.015625 0.01875
0 0.40234375 0.50234375 0.015625 0.01875
0 0.4421875 0.47890625 0.0171875 0.0203125
0 0.45546875 0.45703125 0.0171875 0.01875
0 0.47421875 0.45546875 0.0203125 0.0203125
0 0.49921875 0.4171875 0.01875 0.01875
0 0.484375 0.40234375 0.0171875 0.0203125
0 0.4109375 0.371875 0.0203125 0.0203125
0 0.38984375 0.3640625 0.0171875 0.0171875
0 0.39921875 0.4453125 0.0171875 0.01875
0 0.384375 0.4171875 0.015625 0.0203125
0 0.371875 0.40859375 0.015625 0.0171875
0 0.36015625 0.38984375 0.0171875 0.0171875
0 0.3421875 0.41484375 0.0171875 0.0171875
0 0.3453125 0.37890625 0.0171875 0.0171875
0 0.34296875 0.36328125 0.015625 0.0171875
0 0.33046875 0.4765625 0.015625 0.0171875
0 0.33359375 0.49296875 0.0140625 0.0171875
0 0.3203125 0.4875 0.0140625 0.0171875
0 0.31328125 0.50625 0.0140625 0.0171875
0 0.3234375 0.51640625 0.015625 0.0171875
0 0.3078125 0.5203125 0.0140625 0.0171875
0 0.31328125 0.53046875 0.0140625 0.0171875
0 0.32421875 0.5375 0.015625 0.01875
0 0.3703125 0.71640625 0.0171875 0.01875
0 0.35625 0.7203125 0.0140625 0.0203125
0 0.35859375 0.7359375 0.015625 0.01875
0 0.35546875 0.7546875 0.0171875 0.0203125
0 0.33671875 0.76796875 0.015625 0.01875
0 0.32578125 0.7765625 0.015625 0.0203125
0 0.32578125 0.7453125 0.015625 0.01875
0 0.3390625 0.7203125 0.0140625 0.01875
0 0.3046875 0.7546875 0.0171875 0.0203125
0 0.35546875 0.6953125 0.015625 0.0171875
0 0.34140625 0.6953125 0.015625 0.0171875
0 0.3484375 0.67578125 0.015625 0.0203125
0 0.32890625 0.6859375 0.015625 0.0203125
0 0.3359375 0.6703125 0.0140625 0.0203125
0 0.3375 0.6453125 0.0171875 0.0171875
0 0.3265625 0.65625 0.0140625 0.01875
0 0.3046875 0.68515625 0.015625 0.01875
0 0.29140625 0.7203125 0.01875 0.021875
0 0.296875 0.66875 0.015625 0.0203125
0 0.28125 0.68984375 0.0171875 0.01875
0 0.271875 0.6640625 0.0140625 0.01875
0 0.25546875 0.66015625 0.0140625 0.0171875
0 0.26015625 0.64296875 0.0140625 0.0171875
0 0.3109375 0.59765625 0.015625 0.01875
0 0.29921875 0.60546875 0.0140625 0.0171875
0 0.2578125 0.62109375 0.0140625 0.0171875
0 0.24453125 0.6203125 0.0140625 0.0171875
0 0.21953125 0.62421875 0.0140625 0.0171875
0 0.22578125 0.65859375 0.0171875 0.0203125
0 0.25625 0.5890625 0.015625 0.0171875
0 0.23515625 0.6 0.0140625 0.01875
0 0.20078125 0.63515625 0.0140625 0.0171875
0 0.2421875 0.58203125 0.015625 0.0171875
0 0.2109375 0.5921875 0.015625 0.0171875
0 0.18515625 0.60546875 0.0140625 0.0171875
0 0.16640625 0.61875 0.0125 0.01875
0 0.1734375 0.62890625 0.0140625 0.0171875
0 0.1578125 0.63984375 0.0140625 0.0171875
0 0.28203125 0.50078125 0.0140625 0.01875
0 0.27890625 0.528125 0.0140625 0.0171875
0 0.271875 0.5421875 0.0140625 0.0171875
0 0.28828125 0.546875 0.0140625 0.0171875
0 0.29921875 0.4875 0.0140625 0.0171875
0 0.30859375 0.45625 0.0171875 0.0203125
0 0.2546875 0.54921875 0.0140625 0.0171875
0 0.28671875 0.4265625 0.0140625 0.0171875
0 0.3015625 0.38671875 0.0140625 0.0171875
0 0.28828125 0.38046875 0.0140625 0.0171875
0 0.271875 0.40703125 0.0125 0.0171875
0 0.2671875 0.390625 0.0140625 0.015625
0 0.26171875 0.40390625 0.0140625 0.0171875
0 0.25 0.4 0.0140625 0.0171875
0 0.24296875 0.41328125 0.0125 0.0171875
0 0.253125 0.4203125 0.0140625 0.0171875
0 0.23359375 0.465625 0.0140625 0.0171875
0 0.2375 0.48359375 0.0140625 0.0171875
0 0.25 0.4890625 0.0140625 0.015625
0 0.24609375 0.51015625 0.0140625 0.015625
0 0.23828125 0.5015625 0.0140625 0.015625
0 0.2296875 0.51015625 0.0140625 0.015625
0 0.221875 0.49609375 0.0140625 0.0171875
0 0.21875 0.509375 0.0125 0.015625
0 0.22421875 0.52421875 0.0140625 0.015625
0 0.21328125 0.521875 0.0125 0.0171875
0 0.2015625 0.5234375 0.0140625 0.0171875
0 0.19140625 0.503125 0.0140625 0.0171875
0 0.1875 0.53125 0.0140625 0.0171875
0 0.234375 0.5359375 0.0140625 0.0171875
0 0.2015625 0.54609375 0.0140625 0.0171875
0 0.1828125 0.5546875 0.0125 0.015625
0 0.1875 0.56953125 0.0140625 0.0171875
0 0.1765625 0.5453125 0.0140625 0.0203125
0 0.17265625 0.521875 0.0140625 0.0171875
0 0.15859375 0.51640625 0.0140625 0.015625
0 0.15625 0.53203125 0.0140625 0.0171875
0 0.1703125 0.575 0.0140625 0.0171875
0 0.17734375 0.58828125 0.0140625 0.0171875
0 0.1625 0.590625 0.0140625 0.0171875