0 0.33125 0.490625 0.034375 0.0359375
0 0.36015625 0.484375 0.034375 0.0375
0 0.33359375 0.56171875 0.0375 0.034375
0 0.415625 0.54921875 0.034375 0.034375
0 0.33359375 0.52890625 0.0359375 0.0359375
0 0.38671875 0.5 0.0375 0.0359375
0 0.4234375 0.4828125 0.0359375 0.0375
0 0.39921875 0.471875 0.0375 0.0375
0 0.45390625 0.45 0.0375 0.0375
0 0.509375 0.44375 0.0375 0.0375
0 0.31015625 0.51171875 0.0375 0.0375
0 0.4578125 0.6203125 0.0359375 0.0359375
0 0.38203125 0.58984375 0.0375 0.0359375
0 0.3828125 0.559375 0.034375 0.0375
0 0.28046875 0.5203125 0.0390625 0.0375
0 0.3765625 0.6203125 0.0375 0.0359375
0 0.30546875 0.540625 0.0375 0.0375
0 0.440625 0.56953125 0.0359375 0.034375
0 0.41171875 0.578125 0.0359375 0.0375
0 0.3859375 0.5328125 0.0359375 0.034375
0 0.596875 0.584375 0.0359375 0.0359375
0 0.35859375 0.54453125 0.0375 0.0375
0 0.54375 0.59921875 0.0375 0.0359375
0 0.4390625 0.6 0.0359375 0.0359375
0 0.48046875 0.4640625 0.0375 0.0375
0 0.44921875 0.4984375 0.0375 0.0375
0 0.56484375 0.6203125 0.0375 0.034375
0 0.3578125 0.5109375 0.034375 0.034375
0 0.425 0.45234375 0.0375 0.0375
0 0.43046875 0.6265625 0.0375 0.0375
0 0.24921875 0.528125 0.040625 0.0390625
0 0.465625 0.5890625 0.0359375 0.034375
0 0.51640625 0.6078125 0.0375 0.0375
0 0.3421875 0.4625 0.0375 0.0375
0 0.40703125 0.60546875 0.0375 0.0375
0 0.56640625 0.58125 0.0375 0.0359375
0 0.371875 0.45703125 0.0375 0.0359375
0 0.59765625 0.553125 0.0375 0.0375
0 0.2203125 0.5375 0.040625 0.0390625
0 0.59296875 0.61328125 0.0375 0.0359375
0 0.6796875 0.53046875 0.0375 0.034375
0 0.3578125 0.57421875 0.0375 0.0359375
0 0.30625 0.48046875 0.0390625 0.0375
0 0.48203125 0.43671875 0.0375 0.0375
0 0.33046875 0.5890625 0.0375 0.0375
0 0.5421875 0.63515625 0.0375 0.0359375
0 0.68359375 0.50078125 0.0390625 0.0375
0 0.24453125 0.4953125 0.040625 0.040625
0 0.60234375 0.5234375 0.0375 0.034375
0 0.559375 0.66328125 0.0375 0.0390625
0 0.415625 0.51484375 0.0359375 0.0375
0 0.70625 0.51484375 0.0375 0.0375
0 0.58984375 0.6546875 0.0375 0.0375
0 0.48828125 0.61171875 0.0359375 0.0375
0 0.27421875 0.490625 0.040625 0.0390625
0 0.3046875 0.571875 0.0390625 0.0375
0 0.53984375 0.47578125 0.0375 0.0375
0 0.7046875 0.54609375 0.0375 0.0375
0 0.2765625 0.5515625 0.040625 0.0390625
0 0.71953125 0.6484375 0.034375 0.034375
0 0.78125 0.625 0.0375 0.0390625
0 0.734375 0.525 0.0375 0.0375
0 0.753125 0.653125 0.0375 0.0375
0 0.76875 0.6015625 0.034375 0.034375
0 0.25 0.5578125 0.040625 0.0390625
0 0.44140625 0.534375 0.0375 0.0359375
0 0.74765625 0.55234375 0.0390625 0.0375
0 0.7265625 0.60625 0.034375 0.0328125
0 0.48671875 0.4953125 0.0375 0.034375
0 0.509375 0.47578125 0.0375 0.0390625
0 0.75234375 0.62578125 0.0375 0.0375
0 0.578125 0.4875 0.0375 0.034375
0 0.57109375 0.5171875 0.0375 0.034375
0 0.40078125 0.6375 0.0390625 0.0375
0 0.71875 0.6265625 0.0328125 0.0328125
0 0.553125 0.54765625 0.0375 0.034375
0 0.46875 0.52734375 0.0375 0.0359375
0 0.53359375 0.5703125 0.0390625 0.0375
0 0.21484375 0.50390625 0.040625 0.040625
0 0.3984375 0.4390625 0.0375 0.0375
0 0.73046875 0.6765625 0.0375 0.0375
0 0.74375 0.5828125 0.0375 0.0359375
0 0.52578125 0.42265625 0.0375 0.0375
0 0.64296875 0.453125 0.0375 0.0390625
0 0.65625 0.48515625 0.0390625 0.0375
0 0.62109375 0.6 0.0375 0.0359375
0 0.60703125 0.49140625 0.0375 0.0359375
0 0.78203125 0.6546875 0.0375 0.0375
0 0.6140625 0.63671875 0.0375 0.0359375
0 0.55546875 0.45859375 0.0375 0.034375
0 0.77265625 0.571875 0.0375 0.0375
0 0.61953125 0.5671875 0.0375 0.0359375
0 0.7984375 0.5921875 0.0375 0.0375
0 0.190625 0.52421875 0.040625 0.0390625
0 0.53515625 0.50859375 0.0390625 0.0375
0 0.459375 0.41796875 0.0375 0.0375
0 0.71640625 0.57421875 0.0375 0.0359375
0 0.66953125 0.56484375 0.0375 0.0375
0 0.27578125 0.58515625 0.040625 0.0390625
0 0.275 0.4609375 0.040625 0.0390625
0 0.65 0.5328125 0.0375 0.0375
0 0.63125 0.42109375 0.0390625 0.0375
0 0.45078125 0.653125 0.0390625 0.040625
0 0.8234375 0.6171875 0.0375 0.0359375
0 0.4796875 0.63984375 0.0375 0.0375
0 0.59296875 0.7015625 0.0390625 0.0375
0 0.6453125 0.39609375 0.0375 0.0359375
0 0.67109375 0.45546875 0.0375 0.0359375
0 0.62734375 0.690625 0.0375 0.0375
0 0.8140625 0.6453125 0.0375 0.0375
0 0.54609375 0.3921875 0.034375 0.0375
0 0.5703125 0.371875 0.0375 0.034375
0 0.56328125 0.39453125 0.0375 0.0375
0 0.49375 0.5484375 0.0375 0.0359375
0 0.646875 0.62578125 0.0375 0.0359375
0 0.2421875 0.46171875 0.0390625 0.0375
0 0.6359375 0.65859375 0.0375 0.0375
0 0.75859375 0.6859375 0.0390625 0.040625
0 0.56328125 0.7 0.0375 0.0375
0 0.21640625 0.5640625 0.0421875 0.0421875
0 0.67265625 0.5953125 0.0375 0.0359375
0 0.81484375 0.56875 0.0375 0.0375
0 0.85390625 0.621875 0.0390625 0.0375
0 0.8453125 0.6421875 0.0390625 0.0375
0 0.30546875 0.61015625 0.0390625 0.0421875
0 0.83671875 0.590625 0.0375 0.0375
0 0.19453125 0.48125 0.04375 0.0390625
0 0.71796875 0.7171875 0.0390625 0.040625
0 0.8046875 0.675 0.0359375 0.0359375
0 0.184375 0.55546875 0.04375 0.0390625
0 0.159375 0.51640625 0.0390625 0.0375
0 0.65234375 0.365625 0.0375 0.0375
0 0.15078125 0.48671875 0.0390625 0.0375
0 0.6375 0.721875 0.0390625 0.0375
0 0.59296875 0.40703125 0.0453125 0.0421875
0 0.875 0.64609375 0.0375 0.0359375
0 0.88515625 0.61953125 0.0390625 0.0375
0 0.12109375 0.46484375 0.04375 0.0484375
0 0.35703125 0.60546875 0.034375 0.0375
0 0.70859375 0.69296875 0.0375 0.0375