0 0.37109375 0.1328125 0.046875 0.0390625
0 0.40234375 0.14296875 0.046875 0.0375
0 0.6 0.11640625 0.0484375 0.0390625
0 0.63828125 0.14453125 0.0453125 0.0390625
0 0.675 0.15390625 0.0421875 0.0375
0 0.7140625 0.1734375 0.053125 0.0375
0 0.653125 0.18203125 0.04375 0.0390625
0 0.56953125 0.23046875 0.053125 0.04375
0 0.75625 0.22421875 0.0484375 0.0421875
0 0.73203125 0.29609375 0.0453125 0.0359375
0 0.8140625 0.31484375 0.05 0.0390625
0 0.60625 0.328125 0.046875 0.0421875
0 0.64453125 0.359375 0.05 0.040625
0 0.60703125 0.41484375 0.0515625 0.0390625
0 0.82265625 0.37890625 0.0453125 0.0359375
0 0.6875 0.4390625 0.0421875 0.0375
0 0.72578125 0.42734375 0.0453125 0.0359375
0 0.70625 0.46875 0.0265625 0.0328125
0 0.72734375 0.459375 0.0421875 0.0359375
0 0.7734375 0.4453125 0.040625 0.034375
0 0.8109375 0.45 0.0453125 0.0359375
0 0.78046875 0.471875 0.0484375 0.0359375
0 0.734375 0.48828125 0.0453125 0.0359375
0 0.77421875 0.5015625 0.0421875 0.034375
0 0.81875 0.4875 0.0421875 0.0328125
0 0.80859375 0.5171875 0.0453125 0.0359375
0 0.85625 0.478125 0.0453125 0.0375
0 0.81875 0.54609375 0.0515625 0.040625
0 0.67421875 0.47734375 0.0453125 0.0359375
0 0.65234375 0.50703125 0.0453125 0.0359375
0 0.6546875 0.4546875 0.0421875 0.0359375
0 0.6375 0.48125 0.0421875 0.0375
0 0.584375 0.45234375 0.0421875 0.0359375
0 0.61953125 0.4453125 0.040625 0.034375
0 0.54921875 0.440625 0.0421875 0.0359375
0 0.47578125 0.4421875 0.046875 0.0390625
0 0.53203125 0.50859375 0.04375 0.0390625
0 0.5875 0.5125 0.0484375 0.0359375
0 0.6203125 0.52578125 0.0390625 0.0328125
0 0.5796875 0.5421875 0.0453125 0.0359375
0 0.596875 0.565625 0.0421875 0.0359375
0 0.6609375 0.54609375 0.040625 0.0296875
0 0.6484375 0.58359375 0.0421875 0.0328125
0 0.6546875 0.56484375 0.0421875 0.0359375
0 0.6953125 0.56171875 0.0453125 0.0359375
0 0.6828125 0.59140625 0.0421875 0.0359375
0 0.6109375 0.5921875 0.0421875 0.0359375
0 0.56328125 0.59453125 0.0390625 0.034375
0 0.55703125 0.565625 0.0390625 0.034375
0 0.515625 0.54765625 0.0421875 0.0359375
0 0.52578125 0.5828125 0.0421875 0.0359375
0 0.471875 0.5546875 0.0453125 0.0359375
0 0.48671875 0.58125 0.0390625 0.034375
0 0.4171875 0.52265625 0.0453125 0.0359375
0 0.37421875 0.52734375 0.0421875 0.0359375
0 0.36875 0.49609375 0.046875 0.0390625
0 0.40546875 0.3921875 0.0421875 0.0359375
0 0.43359375 0.41171875 0.0453125 0.0359375
0 0.26875 0.41953125 0.05 0.0390625
0 0.2015625 0.4625 0.04375 0.040625
0 0.23828125 0.44375 0.05 0.0390625
0 0.19921875 0.4171875 0.0421875 0.0359375
0 0.171875 0.39921875 0.046875 0.0390625
0 0.14765625 0.32109375 0.0484375 0.0390625
0 0.28359375 0.27421875 0.04375 0.040625
0 0.30625 0.24609375 0.0421875 0.0375
0 0.3375 0.2625 0.04375 0.0390625
0 0.37890625 0.26640625 0.05 0.0421875
0 0.1921875 0.5328125 0.0453125 0.0390625
0 0.23828125 0.56796875 0.046875 0.040625
0 0.26875 0.60078125 0.0421875 0.0375
0 0.19921875 0.5875 0.04375 0.0390625
0 0.2328125 0.596875 0.0453125 0.0375
0 0.19453125 0.6296875 0.05 0.0390625
0 0.178125 0.6765625 0.046875 0.040625
0 0.21640625 0.67421875 0.0453125 0.0390625
0 0.22109375 0.703125 0.0484375 0.0390625
0 0.2984375 0.678125 0.05 0.040625
0 0.3 0.7078125 0.0453125 0.0375
0 0.3234375 0.75 0.046875 0.0421875
0 0.2125 0.73203125 0.0484375 0.0359375
0 0.159375 0.759375 0.046875 0.0390625
0 0.19765625 0.790625 0.05 0.0390625
0 0.22265625 0.76015625 0.0453125 0.0359375
0 0.2578125 0.76640625 0.0453125 0.0390625
0 0.28515625 0.78515625 0.04375 0.0421875
0 0.378125 0.76796875 0.0453125 0.0375
0 0.39609375 0.74140625 0.046875 0.0390625
0 0.30078125 0.8140625 0.046875 0.0390625
0 0.3890625 0.7953125 0.0484375 0.0375
0 0.415625 0.83515625 0.04375 0.040625
0 0.45234375 0.85390625 0.0453125 0.0375
0 0.5125 0.80625 0.046875 0.0390625
0 0.55078125 0.7921875 0.0390625 0.0359375
0 0.53359375 0.8515625 0.0421875 0.0375
0 0.4859375 0.86484375 0.046875 0.0421875
0 0.5296875 0.88203125 0.0453125 0.0359375
0 0.46484375 0.88984375 0.046875 0.0390625
0 0.803125 0.63203125 0.04375 0.0390625