0 0.6296875 0.72421875 0.0234375 0.0234375
0 0.640625 0.628125 0.025 0.0234375
0 0.56953125 0.73359375 0.025 0.0234375
0 0.56953125 0.69453125 0.0234375 0.0234375
0 0.56796875 0.665625 0.0234375 0.0234375
0 0.515625 0.709375 0.0234375 0.0234375
0 0.540625 0.63515625 0.021875 0.021875
0 0.49921875 0.65859375 0.0234375 0.0234375
0 0.4984375 0.63515625 0.0234375 0.0234375
0 0.51796875 0.61875 0.0234375 0.0234375
0 0.54609375 0.60625 0.0234375 0.021875
0 0.55078125 0.58828125 0.025 0.0234375
0 0.490625 0.615625 0.0234375 0.0234375
0 0.47734375 0.60390625 0.0203125 0.0203125
0 0.46796875 0.5859375 0.0203125 0.0203125
0 0.45703125 0.60078125 0.021875 0.021875
0 0.43828125 0.615625 0.021875 0.021875
0 0.43828125 0.5921875 0.0234375 0.0234375
0 0.4515625 0.578125 0.021875 0.0203125
0 0.41796875 0.60390625 0.0234375 0.0234375
0 0.40390625 0.62890625 0.021875 0.021875
0 0.39765625 0.6109375 0.0234375 0.0234375
0 0.39296875 0.59453125 0.0234375 0.0234375
0 0.38359375 0.63046875 0.0234375 0.0234375
0 0.41015625 0.57890625 0.025 0.0234375
0 0.40625 0.56328125 0.0234375 0.0234375
0 0.3828125 0.575 0.0234375 0.0234375
0 0.34140625 0.6109375 0.025 0.0234375
0 0.328125 0.63046875 0.0234375 0.0234375
0 0.31484375 0.64375 0.025 0.0234375
0 0.25546875 0.58671875 0.0234375 0.0234375
0 0.721875 0.5921875 0.025 0.0234375
0 0.74609375 0.63125 0.025 0.0234375
0 0.765625 0.63671875 0.0234375 0.021875
0 0.79375 0.6203125 0.025 0.0234375
0 0.80703125 0.61171875 0.025 0.0234375
0 0.82578125 0.61171875 0.025 0.0234375
0 0.84609375 0.5921875 0.025 0.0234375
0 0.83359375 0.5703125 0.0234375 0.021875
0 0.846875 0.5359375 0.025 0.025
0 0.7828125 0.58515625 0.025 0.0234375
0 0.78984375 0.51953125 0.0234375 0.0234375
0 0.8203125 0.48359375 0.025 0.0234375
0 0.77421875 0.525 0.025 0.0234375
0 0.5953125 0.50234375 0.025 0.0234375
0 0.57265625 0.484375 0.0234375 0.0234375
0 0.5734375 0.4671875 0.025 0.0234375
0 0.54921875 0.490625 0.0234375 0.0234375
0 0.55 0.47265625 0.0234375 0.0203125
0 0.5484375 0.45390625 0.025 0.0234375
0 0.5203125 0.5234375 0.025 0.0234375
0 0.47734375 0.503125 0.0234375 0.0234375
0 0.4609375 0.5109375 0.0234375 0.0234375
0 0.4578125 0.53125 0.025 0.0234375
0 0.4421875 0.5421875 0.021875 0.021875
0 0.434375 0.55859375 0.0234375 0.0234375
0 0.43203125 0.525 0.021875 0.021875
0 0.41484375 0.5390625 0.0234375 0.0234375
0 0.4140625 0.51640625 0.0234375 0.0234375
0 0.396875 0.53359375 0.025 0.0234375
0 0.38125 0.55 0.0234375 0.0234375
0 0.3375 0.5546875 0.025 0.0234375
0 0.34296875 0.53359375 0.0234375 0.0234375
0 0.3546875 0.51953125 0.025 0.0234375
0 0.3765625 0.51171875 0.025 0.0234375
0 0.35390625 0.49765625 0.025 0.0234375
0 0.33125 0.5015625 0.025 0.0234375
0 0.3203125 0.51484375 0.0234375 0.0234375
0 0.290625 0.50390625 0.025 0.0234375
0 0.3109375 0.4609375 0.0265625 0.025
0 0.26640625 0.43125 0.025 0.0234375
0 0.3546875 0.46640625 0.025 0.0234375
0 0.3984375 0.49921875 0.0234375 0.0234375
0 0.396875 0.48125 0.021875 0.021875
0 0.38828125 0.4640625 0.0234375 0.0234375
0 0.43515625 0.48515625 0.0234375 0.0234375
0 0.43671875 0.503125 0.0203125 0.0203125
0 0.4671875 0.48125 0.0234375 0.0234375
0 0.4515625 0.46796875 0.0203125 0.0203125
0 0.41875 0.4640625 0.0203125 0.0203125
0 0.41953125 0.446875 0.0203125 0.0203125
0 0.403125 0.4390625 0.0234375 0.025
0 0.36953125 0.4421875 0.0234375 0.0234375
0 0.34296875 0.446875 0.0203125 0.0203125
0 0.334375 0.425 0.0234375 0.0234375
0 0.35625 0.4203125 0.0203125 0.0203125
0 0.36484375 0.40390625 0.0234375 0.0234375
0 0.37890625 0.4234375 0.0234375 0.0234375
0 0.39140625 0.41015625 0.0234375 0.0234375
0 0.38125 0.3953125 0.0234375 0.025
0 0.36953125 0.37734375 0.0234375 0.0234375
0 0.35625 0.3875 0.0234375 0.0234375
0 0.34453125 0.4046875 0.025 0.0234375
0 0.3359375 0.38203125 0.0234375 0.0234375
0 0.353125 0.36875 0.0234375 0.0234375
0 0.3703125 0.3578125 0.021875 0.021875
0 0.35625 0.34453125 0.0234375 0.0234375
0 0.33984375 0.3515625 0.0234375 0.0234375
0 0.3578125 0.32578125 0.0234375 0.0234375
0 0.34375 0.3125 0.025 0.0234375
0 0.37890625 0.32109375 0.0234375 0.0234375
0 0.384375 0.3015625 0.0234375 0.0234375
0 0.375 0.28203125 0.0234375 0.0234375
0 0.38359375 0.265625 0.0234375 0.0234375
0 0.396875 0.3265625 0.0234375 0.0234375
0 0.4109375 0.3125 0.025 0.0234375
0 0.409375 0.28671875 0.0234375 0.0234375
0 0.428125 0.275 0.025 0.0234375
0 0.4125 0.26171875 0.025 0.0234375
0 0.3890625 0.3515625 0.025 0.0234375
0 0.4109375 0.3390625 0.0234375 0.0234375
0 0.40859375 0.3625 0.0234375 0.0234375
0 0.39296875 0.37890625 0.0203125 0.0203125
0 0.403125 0.3953125 0.0234375 0.0234375
0 0.41640625 0.38125 0.0234375 0.0234375
0 0.43125 0.35703125 0.0234375 0.0234375
0 0.434375 0.384375 0.0234375 0.0234375
0 0.42578125 0.403125 0.0234375 0.0234375
0 0.4125 0.41953125 0.0234375 0.0234375
0 0.428125 0.42578125 0.0234375 0.0234375
0 0.4421875 0.41484375 0.021875 0.021875
0 0.45390625 0.40078125 0.0234375 0.0234375
0 0.446875 0.4328125 0.0234375 0.0234375
0 0.465625 0.43515625 0.025 0.025
0 0.47578125 0.396875 0.0234375 0.0234375
0 0.48515625 0.37734375 0.0234375 0.0234375
0 0.49296875 0.36015625 0.0234375 0.0234375
0 0.50234375 0.38046875 0.021875 0.021875
0 0.51015625 0.36484375 0.021875 0.0203125
0 0.51640625 0.3921875 0.021875 0.021875
0 0.5 0.41484375 0.0234375 0.0234375
0 0.50234375 0.43671875 0.0234375 0.0234375
0 0.521875 0.409375 0.0234375 0.0234375
0 0.5390625 0.4265625 0.0234375 0.0234375
0 0.54140625 0.4078125 0.0234375 0.0234375
0 0.534375 0.39140625 0.0234375 0.0234375
0 0.559375 0.403125 0.0234375 0.025
0 0.5515625 0.38671875 0.0234375 0.0234375
0 0.54453125 0.37109375 0.0203125 0.0203125
0 0.52734375 0.36484375 0.0234375 0.0234375
0 0.56171875 0.365625 0.021875 0.0203125
0 0.5734375 0.4265625 0.0234375 0.0234375
0 0.45234375 0.36875 0.0234375 0.0234375
0 0.371875 0.33828125 0.0234375 0.0234375
0 0.490625 0.33203125 0.0234375 0.0234375
0 0.528125 0.34140625 0.0234375 0.0234375
0 0.53515625 0.3125 0.0234375 0.0234375
0 0.55234375 0.34765625 0.025 0.0234375
0 0.5546875 0.32890625 0.0234375 0.0234375
0 0.5546875 0.3109375 0.0234375 0.0234375
0 0.57265625 0.34609375 0.0203125 0.0203125
0 0.57734375 0.32890625 0.0234375 0.021875
0 0.57265625 0.31171875 0.0234375 0.0234375
0 0.58828125 0.29921875 0.025 0.0234375
0 0.60234375 0.31875 0.0234375 0.0234375
0 0.6015625 0.3375 0.0234375 0.0234375
0 0.5890625 0.3609375 0.0234375 0.0234375
0 0.6109375 0.35703125 0.021875 0.0203125
0 0.609375 0.375 0.025 0.0234375
0 0.6328125 0.36171875 0.0234375 0.0234375
0 0.6828125 0.3890625 0.0234375 0.0234375
0 0.61640625 0.2484375 0.025 0.025
0 0.61953125 0.18515625 0.0234375 0.025
0 0.609375 0.13984375 0.0234375 0.0234375
0 0.5859375 0.18046875 0.0234375 0.0234375
0 0.575 0.16328125 0.0234375 0.025
0 0.578125 0.21875 0.0234375 0.0234375
0 0.55859375 0.2171875 0.0234375 0.0234375
0 0.559375 0.19921875 0.0234375 0.0234375
0 0.53828125 0.225 0.0234375 0.0234375
0 0.53203125 0.20234375 0.025 0.0234375
0 0.52109375 0.21640625 0.0234375 0.025
0 0.5015625 0.23125 0.0234375 0.0234375
0 0.48515625 0.25 0.0234375 0.0234375
0 0.465625 0.24140625 0.025 0.0234375
0 0.49765625 0.19375 0.025 0.0234375
0 0.50703125 0.159375 0.0234375 0.0234375
0 0.52890625 0.1609375 0.0234375 0.0234375
0 0.415625 0.2359375 0.025 0.0234375
0 0.42265625 0.14765625 0.0265625 0.0265625
0 0.37421875 0.071875 0.025 0.0265625