0 0.46796875 0.334375 0.0296875 0.02890625
0 0.48125 0.3609375 0.03046875 0.02890625
0 0.4 0.353125 0.028125 0.03046875
0 0.43203125 0.4296875 0.02890625 0.02890625
0 0.43125 0.3453125 0.0296875 0.0296875
0 0.47265625 0.38984375 0.0296875 0.03046875
0 0.4984375 0.421875 0.03046875 0.0296875
0 0.503125 0.3953125 0.03046875 0.03203125
0 0.5375 0.44296875 0.03125 0.03046875
0 0.55703125 0.4953125 0.03125 0.03125
0 0.44296875 0.31875 0.03125 0.03203125
0 0.3734375 0.48828125 0.0296875 0.0296875
0 0.384375 0.40703125 0.0296875 0.03046875
0 0.4140625 0.40078125 0.03046875 0.028125
0 0.42734375 0.2921875 0.03125 0.0328125
0 0.353125 0.409375 0.0296875 0.03125
0 0.41328125 0.32109375 0.03046875 0.03125
0 0.41796875 0.459375 0.02890625 0.0296875
0 0.403125 0.4328125 0.03046875 0.0296875
0 0.440625 0.396875 0.02890625 0.0296875
0 0.44140625 0.6140625 0.0296875 0.0296875
0 0.42265625 0.3734375 0.03046875 0.03046875
0 0.4140625 0.56640625 0.0296875 0.03125
0 0.38828125 0.46484375 0.0296875 0.0296875
0 0.53046875 0.47265625 0.03203125 0.03125
0 0.4890625 0.45 0.03046875 0.03203125
0 0.39921875 0.5921875 0.02890625 0.03046875
0 0.4546875 0.36484375 0.028125 0.028125
0 0.528125 0.415625 0.03203125 0.03203125
0 0.36015625 0.46328125 0.03046875 0.03125
0 0.41171875 0.26328125 0.03046875 0.03359375
0 0.40546875 0.48828125 0.02890625 0.0296875
0 0.39921875 0.5421875 0.03046875 0.03125
0 0.4984375 0.3375 0.03046875 0.03203125
0 0.375 0.43515625 0.03046875 0.03203125
0 0.4375 0.584375 0.0296875 0.03046875
0 0.5109375 0.365625 0.0296875 0.03203125
0 0.471875 0.6078125 0.03046875 0.03203125
0 0.39609375 0.2375 0.03203125 0.034375
0 0.4125 0.61796875 0.0296875 0.03046875
0 0.5140625 0.68203125 0.02890625 0.03125
0 0.39375 0.3796875 0.0296875 0.03125
0 0.471875 0.30703125 0.03125 0.0328125
0 0.55703125 0.4671875 0.03046875 0.03125
0 0.37265625 0.35703125 0.03203125 0.03203125
0 0.37890625 0.5734375 0.0296875 0.03125
0 0.54375 0.678125 0.03046875 0.0328125
0 0.44296875 0.25078125 0.0328125 0.03359375
0 0.5015625 0.6046875 0.02890625 0.03203125
0 0.35625 0.596875 0.0328125 0.03125
0 0.46484375 0.421875 0.03046875 0.0296875
0 0.53515625 0.70390625 0.03046875 0.03125
0 0.371875 0.62421875 0.03046875 0.03125
0 0.3890625 0.515625 0.03125 0.0296875
0 0.4546875 0.27890625 0.03203125 0.03359375
0 0.3828125 0.328125 0.03125 0.0328125
0 0.5328125 0.5328125 0.03046875 0.03046875
0 0.5046875 0.71015625 0.03046875 0.03046875
0 0.39609375 0.2953125 0.03203125 0.03359375
0 0.409375 0.74921875 0.028125 0.02890625
0 0.446875 0.803125 0.0328125 0.03125
0 0.5328125 0.73359375 0.03046875 0.03125
0 0.4125 0.7828125 0.03125 0.03125
0 0.46640625 0.78515625 0.02734375 0.028125
0 0.38359375 0.27109375 0.03125 0.03359375
0 0.45234375 0.4515625 0.0296875 0.03125
0 0.509375 0.753125 0.03046875 0.0328125
0 0.4515625 0.7453125 0.0265625 0.02890625
0 0.5015625 0.4859375 0.02890625 0.03203125
0 0.52578125 0.503125 0.0328125 0.03203125
0 0.4390625 0.775 0.03046875 0.03046875
0 0.53125 0.57265625 0.028125 0.03046875
0 0.50078125 0.5734375 0.02890625 0.03125
0 0.3421875 0.43671875 0.03125 0.0328125
0 0.43046875 0.74296875 0.0265625 0.0265625
0 0.46640625 0.56328125 0.02890625 0.03125
0 0.465625 0.4765625 0.0296875 0.03125
0 0.43984375 0.54921875 0.0296875 0.0328125
0 0.42734375 0.22421875 0.0328125 0.03359375
0 0.534375 0.38671875 0.03125 0.03125
0 0.384375 0.76640625 0.03046875 0.03203125
0 0.47890625 0.75625 0.0296875 0.03125
0 0.58125 0.50625 0.03203125 0.03203125
0 0.5796875 0.62734375 0.0328125 0.03203125
0 0.55234375 0.64765625 0.03203125 0.0328125
0 0.43203125 0.64140625 0.0296875 0.03046875
0 0.534375 0.6015625 0.0296875 0.03125
0 0.41796875 0.8109375 0.03046875 0.03203125
0 0.3953125 0.64375 0.0296875 0.03046875
0 0.55390625 0.54375 0.02890625 0.03125
0 0.49609375 0.78203125 0.03125 0.03125
0 0.4640625 0.63203125 0.0296875 0.03125
0 0.4828125 0.81171875 0.03046875 0.03046875
0 0.4015625 0.20546875 0.03125 0.03359375
0 0.5 0.5359375 0.03046875 0.0328125
0 0.56953125 0.440625 0.03125 0.03125
0 0.48046875 0.728125 0.0296875 0.03046875
0 0.478125 0.68046875 0.03125 0.03125
0 0.36328125 0.303125 0.03203125 0.03359375
0 0.48359375 0.271875 0.03125 0.03515625
0 0.5046875 0.653125 0.03046875 0.03203125
0 0.60859375 0.60859375 0.03046875 0.0328125
0 0.33984375 0.4890625 0.03359375 0.03125
0 0.46484375 0.8421875 0.0296875 0.03125
0 0.359375 0.5140625 0.03203125 0.03125
0 0.3265625 0.6390625 0.03203125 0.0328125
0 0.6359375 0.615625 0.0296875 0.03046875
0 0.584375 0.65546875 0.0296875 0.03046875
0 0.34609375 0.66953125 0.03125 0.03203125
0 0.43515625 0.83984375 0.03046875 0.03125
0 0.615625 0.51875 0.03046875 0.02890625
0 0.64140625 0.5375 0.028125 0.03125
0 0.61796875 0.5359375 0.03046875 0.03203125
0 0.4515625 0.50546875 0.0296875 0.03203125
0 0.41328125 0.67265625 0.0296875 0.03125
0 0.475 0.240625 0.03125 0.0328125
0 0.37890625 0.6703125 0.03046875 0.03203125
0 0.38203125 0.79609375 0.03359375 0.03046875
0 0.32109375 0.61015625 0.03125 0.03203125
0 0.36953125 0.240625 0.034375 0.034375
0 0.44921875 0.690625 0.0296875 0.03125
0 0.509375 0.821875 0.03125 0.03203125
0 0.4671875 0.87265625 0.0296875 0.0328125
0 0.4453125 0.86953125 0.03203125 0.0328125
0 0.34609375 0.3375 0.0359375 0.03203125
0 0.49375 0.8484375 0.03046875 0.03125
0 0.44453125 0.19921875 0.03125 0.03671875
0 0.3421875 0.7640625 0.03359375 0.03125
0 0.40390625 0.83828125 0.0296875 0.0296875
0 0.36953125 0.20703125 0.03046875 0.03671875
0 0.4015625 0.1734375 0.03046875 0.0328125
0 0.6671875 0.615625 0.03046875 0.03125
0 0.428125 0.1578125 0.03125 0.0328125
0 0.31796875 0.68671875 0.03125 0.0328125
0 0.6125 0.56796875 0.03359375 0.0375
0 0.44921875 0.89921875 0.0296875 0.03203125
0 0.47734375 0.90234375 0.03046875 0.0328125
0 0.4421875 0.12421875 0.03984375 0.03515625
0 0.36328125 0.38671875 0.03046875 0.02734375
0 0.36328125 0.74921875 0.03203125 0.03203125