0 0.1875 0.2046875 0.04921875 0.03671875
0 0.7609375 0.2359375 0.03671875 0.02890625
0 0.7328125 0.2546875 0.03125 0.02578125
0 0.7796875 0.29765625 0.03046875 0.0265625
0 0.40625 0.12421875 0.0359375 0.0296875
0 0.4265625 0.15 0.0421875 0.0328125
0 0.36953125 0.115625 0.04296875 0.0328125
0 0.30546875 0.1359375 0.0453125 0.034375
0 0.27109375 0.165625 0.0421875 0.03125
0 0.3328125 0.203125 0.04375 0.03046875
0 0.37578125 0.1734375 0.04140625 0.03203125
0 0.4984375 0.184375 0.02890625 0.0265625
0 0.51328125 0.21171875 0.0359375 0.02890625
0 0.58125 0.27421875 0.034375 0.02890625
0 0.6015625 0.33515625 0.03125 0.02890625
0 0.66328125 0.35078125 0.03203125 0.0296875
0 0.54140625 0.31640625 0.0375 0.03203125
0 0.5625 0.35546875 0.0359375 0.03046875
0 0.3953125 0.2625 0.0390625 0.03515625
0 0.3609375 0.2703125 0.0390625 0.03046875
0 0.38203125 0.3 0.04609375 0.0296875
0 0.209375 0.28828125 0.05234375 0.0328125
0 0.26015625 0.265625 0.04140625 0.03046875
0 0.29921875 0.2828125 0.040625 0.0359375
0 0.32578125 0.3125 0.0390625 0.03359375
0 0.4484375 0.33125 0.03828125 0.03125
0 0.37734375 0.3296875 0.034375 0.03359375
0 0.4125 0.33984375 0.0390625 0.03203125
0 0.34921875 0.346875 0.0390625 0.03046875
0 0.390625 0.3625 0.03515625 0.03125
0 0.42890625 0.3671875 0.0359375 0.02734375
0 0.4609375 0.3625 0.034375 0.03046875
0 0.49296875 0.36640625 0.034375 0.0296875
0 0.5265625 0.38125 0.03359375 0.0296875
0 0.54921875 0.4078125 0.03203125 0.03125
0 0.48515625 0.40546875 0.03203125 0.0296875
0 0.515625 0.40859375 0.03359375 0.028125
0 0.453125 0.39765625 0.03515625 0.0296875
0 0.40703125 0.38984375 0.04140625 0.02890625
0 0.428125 0.415625 0.03828125 0.02890625
0 0.2859375 0.31953125 0.04609375 0.03125
0 0.28046875 0.35234375 0.0453125 0.03671875
0 0.33203125 0.37890625 0.04609375 0.034375
0 0.32890625 0.40859375 0.04375 0.03203125
0 0.36328125 0.43046875 0.0421875 0.0296875
0 0.403125 0.478125 0.040625 0.03125
0 0.37578125 0.50390625 0.03984375 0.03671875
0 0.36953125 0.459375 0.03984375 0.03125
0 0.4078125 0.446875 0.03828125 0.02890625
0 0.440625 0.46171875 0.0390625 0.02890625
0 0.45546875 0.4296875 0.034375 0.02890625
0 0.4890625 0.43203125 0.03359375 0.02890625
0 0.521875 0.4390625 0.03515625 0.02890625
0 0.578125 0.453125 0.0390625 0.03203125
0 0.478125 0.4578125 0.03125 0.028125
0 0.51015625 0.4671875 0.03359375 0.02890625
0 0.54140625 0.4796875 0.0359375 0.028125
0 0.43671875 0.49140625 0.03671875 0.028125
0 0.46484375 0.5125 0.03671875 0.02734375
0 0.4734375 0.4859375 0.03515625 0.02578125
0 0.51484375 0.4953125 0.03203125 0.025
0 0.53828125 0.51953125 0.034375 0.02890625
0 0.49921875 0.51484375 0.034375 0.028125
0 0.43203125 0.52734375 0.034375 0.03203125
0 0.48203125 0.53984375 0.03359375 0.02890625
0 0.4375 0.59140625 0.03984375 0.03671875
0 0.421875 0.55859375 0.0359375 0.03203125
0 0.45859375 0.56171875 0.03203125 0.03125
0 0.4984375 0.56875 0.03671875 0.03203125
0 0.52265625 0.54296875 0.03359375 0.03046875
0 0.55546875 0.5453125 0.03203125 0.02890625
0 0.5875 0.54453125 0.03359375 0.02890625
0 0.57890625 0.5703125 0.02578125 0.02578125
0 0.60078125 0.58671875 0.03203125 0.02578125
0 0.55859375 0.57890625 0.02578125 0.02890625
0 0.575 0.603125 0.03203125 0.02890625
0 0.603125 0.61640625 0.0359375 0.0328125
0 0.53671875 0.62734375 0.03125 0.03046875
0 0.56875 0.63046875 0.03359375 0.028125
0 0.4921875 0.628125 0.040625 0.0359375
0 0.51015625 0.66484375 0.040625 0.03203125
0 0.546875 0.66796875 0.034375 0.0328125
0 0.5796875 0.659375 0.0359375 0.03359375
0 0.63125 0.678125 0.03671875 0.0328125
0 0.57890625 0.69296875 0.03125 0.02890625
0 0.5953125 0.7171875 0.03671875 0.03203125
0 0.63046875 0.7125 0.03671875 0.03203125
0 0.62734375 0.74453125 0.034375 0.03046875
0 0.6609375 0.734375 0.03359375 0.03125
0 0.5921875 0.74765625 0.03515625 0.03125
0 0.5125 0.73203125 0.03984375 0.03515625
0 0.5515625 0.75234375 0.0375 0.03671875
0 0.55703125 0.8109375 0.03828125 0.03359375
0 0.584375 0.77890625 0.0390625 0.03359375
0 0.65390625 0.7625 0.03671875 0.028125
0 0.68203125 0.78828125 0.0359375 0.03359375
0 0.625 0.784375 0.03359375 0.0296875
0 0.6546875 0.81015625 0.03515625 0.03125
0 0.646875 0.846875 0.034375 0.03125