0 0.39765625 0.83203125 0.028125 0.0265625
0 0.24765625 0.45234375 0.0265625 0.028125
0 0.271875 0.45078125 0.028125 0.0265625
0 0.2609375 0.428125 0.028125 0.028125
0 0.28359375 0.421875 0.028125 0.028125
0 0.2921875 0.44375 0.025 0.028125
0 0.30859375 0.4265625 0.0265625 0.025
0 0.3140625 0.4515625 0.0265625 0.025
0 0.33359375 0.42734375 0.0265625 0.0265625
0 0.32109375 0.40703125 0.0265625 0.025
0 0.35 0.39609375 0.028125 0.0265625
0 0.3328125 0.46953125 0.025 0.025
0 0.31640625 0.48203125 0.025 0.025
0 0.2984375 0.49296875 0.025 0.025
0 0.2953125 0.46875 0.025 0.0265625
0 0.275 0.49765625 0.025 0.025
0 0.2484375 0.478125 0.028125 0.025
0 0.25 0.50390625 0.025 0.025
0 0.27265625 0.4734375 0.025 0.0234375
0 0.22734375 0.4984375 0.025 0.0265625
0 0.221875 0.52421875 0.028125 0.025
0 0.24609375 0.5265625 0.0265625 0.025
0 0.225 0.5484375 0.028125 0.0234375
0 0.2484375 0.55703125 0.028125 0.025
0 0.2609375 0.5421875 0.025 0.0234375
0 0.26953125 0.52109375 0.0265625 0.025
0 0.29296875 0.51484375 0.0265625 0.025
0 0.27734375 0.56015625 0.0265625 0.0234375
0 0.284375 0.53828125 0.028125 0.025
0 0.246875 0.57890625 0.028125 0.0234375
0 0.26953125 0.57890625 0.025 0.025
0 0.2625 0.5984375 0.021875 0.0234375
0 0.240625 0.603125 0.025 0.025
0 0.2640625 0.6234375 0.025 0.025
0 0.2953125 0.62265625 0.025 0.0234375
0 0.28203125 0.6046875 0.025 0.0234375
0 0.30390625 0.60390625 0.021875 0.021875
0 0.28984375 0.5859375 0.025 0.0234375
0 0.31015625 0.54609375 0.025 0.025
0 0.2984375 0.56328125 0.025 0.021875
0 0.3125 0.584375 0.025 0.0234375
0 0.321875 0.5640625 0.0265625 0.025
0 0.33125 0.54296875 0.0265625 0.0234375
0 0.33671875 0.5203125 0.025 0.025
0 0.31484375 0.52578125 0.025 0.021875
0 0.31953125 0.50390625 0.025 0.021875
0 0.33984375 0.4953125 0.025 0.025
0 0.35703125 0.48046875 0.0265625 0.025
0 0.3546875 0.4578125 0.0265625 0.0265625
0 0.3578125 0.4328125 0.0265625 0.0265625
0 0.384375 0.44296875 0.028125 0.025
0 0.37890625 0.47265625 0.025 0.025
0 0.37421875 0.496875 0.025 0.025
0 0.3546875 0.54140625 0.025 0.025
0 0.35703125 0.51171875 0.025 0.025
0 0.3484375 0.56171875 0.025 0.0234375
0 0.32578125 0.6015625 0.025 0.021875
0 0.334375 0.58359375 0.025 0.0234375
0 0.3171875 0.62109375 0.021875 0.021875
0 0.33984375 0.61953125 0.0265625 0.021875
0 0.34765625 0.6015625 0.025 0.021875
0 0.35703125 0.58359375 0.025 0.025
0 0.37109375 0.56328125 0.025 0.0234375
0 0.38671875 0.5453125 0.025 0.0234375
0 0.371875 0.5296875 0.025 0.025
0 0.38828125 0.51484375 0.025 0.025
0 0.396875 0.49609375 0.025 0.021875
0 0.409375 0.553125 0.0265625 0.025
0 0.40390625 0.53125 0.025 0.025
0 0.39375 0.5703125 0.0265625 0.025
0 0.3703125 0.60234375 0.025 0.0234375
0 0.38359375 0.58828125 0.025 0.0234375
0 0.36171875 0.62265625 0.025 0.021875
0 0.34609375 0.6390625 0.0265625 0.025
0 0.3234375 0.6421875 0.025 0.021875
0 0.27734375 0.64453125 0.0265625 0.0265625
0 0.3015625 0.64453125 0.025 0.025
0 0.25859375 0.66484375 0.025 0.025
0 0.26796875 0.6875 0.028125 0.0265625
0 0.28671875 0.66953125 0.028125 0.025
0 0.31328125 0.67265625 0.0265625 0.0234375
0 0.3296875 0.71484375 0.0296875 0.025
0 0.33515625 0.67734375 0.025 0.0234375
0 0.3515625 0.66015625 0.0265625 0.021875
0 0.38125 0.690625 0.028125 0.025
0 0.39765625 0.665625 0.028125 0.025
0 0.3703125 0.64296875 0.025 0.025
0 0.38515625 0.6265625 0.028125 0.021875
0 0.39375 0.6078125 0.025 0.025
0 0.4109375 0.59296875 0.028125 0.025
0 0.41796875 0.571875 0.025 0.021875
0 0.4375 0.5625 0.025 0.025
0 0.46171875 0.5609375 0.028125 0.0265625
0 0.43203125 0.5375 0.028125 0.025
0 0.41953125 0.5109375 0.028125 0.025
0 0.4109375 0.48046875 0.0296875 0.025
0 0.41015625 0.45625 0.028125 0.0265625
0 0.43515625 0.45 0.028125 0.028125
0 0.34375 0.86171875 0.028125 0.028125