0 0.03671875 0.4890625 0.040625 0.040625
0 0.02421875 0.53515625 0.034375 0.0421875
0 0.0578125 0.51796875 0.0390625 0.0375
0 0.05703125 0.55390625 0.0390625 0.0390625
0 0.1046875 0.49609375 0.034375 0.0359375
0 0.0625 0.4578125 0.0359375 0.0359375
0 0.09609375 0.46484375 0.034375 0.0328125
0 0.0734375 0.49296875 0.0375 0.0390625
0 0.09296875 0.43046875 0.0359375 0.0359375
0 0.19921875 0.40234375 0.0453125 0.04375
0 0.13671875 0.40703125 0.0375 0.0390625
0 0.16953125 0.41640625 0.0390625 0.0390625
0 0.121875 0.44765625 0.034375 0.0359375
0 0.15703125 0.4484375 0.0359375 0.0359375
0 0.1328125 0.4796875 0.0359375 0.0359375
0 0.18984375 0.45546875 0.0359375 0.0359375
0 0.06484375 0.58671875 0.0328125 0.0359375
0 0.09375 0.553125 0.0375 0.0375
0 0.1 0.58515625 0.0375 0.0375
0 0.1015625 0.625 0.0390625 0.0390625
0 0.12578125 0.66328125 0.040625 0.0390625
0 0.1296875 0.60390625 0.034375 0.034375
0 0.1140625 0.5296875 0.0328125 0.034375
0 0.14296875 0.5109375 0.0359375 0.0359375
0 0.14296875 0.54609375 0.040625 0.040625
0 0.1546875 0.578125 0.0359375 0.0359375
0 0.16015625 0.61328125 0.0359375 0.0328125
0 0.18515625 0.5484375 0.0359375 0.034375
0 0.18828125 0.5828125 0.0375 0.0375
0 0.21875 0.64140625 0.0390625 0.0375
0 0.21875 0.71796875 0.0375 0.0390625
0 0.22578125 0.6078125 0.040625 0.0390625
0 0.16796875 0.48125 0.0390625 0.0375
0 0.175 0.5125 0.0328125 0.0359375
0 0.21015625 0.51875 0.040625 0.0375
0 0.2375 0.4890625 0.0421875 0.04375
0 0.2453125 0.53828125 0.040625 0.040625
0 0.346875 0.634375 0.040625 0.040625
0 0.31640625 0.659375 0.0390625 0.04375
0 0.3296875 0.59140625 0.040625 0.040625
0 0.28046875 0.56171875 0.0421875 0.0390625
0 0.296875 0.52109375 0.040625 0.040625
0 0.321875 0.478125 0.040625 0.040625
0 0.34140625 0.5203125 0.040625 0.040625
0 0.35703125 0.56015625 0.0375 0.0390625
0 0.36953125 0.59921875 0.040625 0.040625
0 0.39296875 0.56328125 0.0390625 0.040625
0 0.40703125 0.603125 0.0390625 0.0375
0 0.42734375 0.521875 0.0390625 0.0390625
0 0.42734375 0.55703125 0.0390625 0.0375
0 0.42734375 0.459375 0.0375 0.0375
0 0.45546875 0.41171875 0.0390625 0.0375
0 0.46640625 0.4640625 0.0421875 0.0375
0 0.4421875 0.4921875 0.0375 0.0375
0 0.478125 0.496875 0.0375 0.0375
0 0.46015625 0.53671875 0.0375 0.0375
0 0.4515625 0.5984375 0.0359375 0.0359375
0 0.465625 0.63359375 0.040625 0.040625
0 0.4890625 0.59765625 0.0390625 0.0390625
0 0.5203125 0.6296875 0.0390625 0.0375
0 0.49296875 0.55546875 0.0359375 0.0328125
0 0.5109375 0.4828125 0.0375 0.0390625
0 0.503125 0.5171875 0.0375 0.0390625
0 0.5296875 0.5390625 0.0375 0.0375
0 0.5296875 0.5765625 0.040625 0.0390625
0 0.5453125 0.49140625 0.0390625 0.040625
0 0.55859375 0.52265625 0.040625 0.040625
0 0.5578125 0.5578125 0.040625 0.040625
0 0.55859375 0.603125 0.040625 0.040625
0 0.56484375 0.6375 0.040625 0.040625
0 0.5953125 0.61328125 0.0390625 0.0375
0 0.58515625 0.57734375 0.0390625 0.0390625
0 0.58828125 0.540625 0.0390625 0.0375
0 0.61484375 0.559375 0.040625 0.040625
0 0.634375 0.5921875 0.0421875 0.040625
0 0.625 0.63203125 0.04375 0.04375
0 0.64921875 0.66796875 0.0453125 0.04375
0 0.66640625 0.63515625 0.04375 0.04375
0 0.59140625 0.50703125 0.0375 0.0375
0 0.6171875 0.52734375 0.0375 0.0375
0 0.5921875 0.46953125 0.040625 0.04375
0 0.62734375 0.49140625 0.0390625 0.0375
0 0.6546875 0.51953125 0.0421875 0.0375
0 0.65078125 0.55859375 0.04375 0.0421875
0 0.67265625 0.58828125 0.040625 0.040625
0 0.6875 0.54140625 0.04375 0.040625
0 0.70234375 0.56875 0.040625 0.0390625
0 0.734375 0.59453125 0.040625 0.040625
0 0.68984375 0.50625 0.040625 0.0375
0 0.72578125 0.51171875 0.040625 0.040625
0 0.73515625 0.54765625 0.04375 0.0390625
0 0.7609375 0.51640625 0.0453125 0.04375
0 0.7734375 0.5546875 0.0453125 0.0390625
0 0.79140625 0.58359375 0.04375 0.040625
0 0.8015625 0.49453125 0.04375 0.0421875
0 0.83828125 0.4734375 0.05 0.046875
0 0.83046875 0.5828125 0.04375 0.04375
0 0.8609375 0.6046875 0.04375 0.0421875
0 0.92109375 0.578125 0.04375 0.0421875