0 0.6 0.10703125 0.05234375 0.03984375
0 0.87890625 0.246875 0.03828125 0.03203125
0 0.82734375 0.2140625 0.03984375 0.0296875
0 0.834375 0.25078125 0.04296875 0.02890625
0 0.7359375 0.171875 0.0390625 0.028125
0 0.715625 0.1953125 0.03671875 0.02890625
0 0.75390625 0.19609375 0.0359375 0.028125
0 0.6125 0.18203125 0.04140625 0.03359375
0 0.63203125 0.2265625 0.034375 0.0296875
0 0.6078125 0.2578125 0.034375 0.0296875
0 0.6015625 0.2875 0.0359375 0.02890625
0 0.571875 0.303125 0.03203125 0.02890625
0 0.78125 0.28359375 0.0328125 0.02578125
0 0.81171875 0.3 0.03828125 0.02578125
0 0.753125 0.3484375 0.03671875 0.028125
0 0.784375 0.43515625 0.03828125 0.0296875
0 0.94140625 0.44609375 0.03828125 0.02890625
0 0.8265625 0.4734375 0.03984375 0.02734375
0 0.390625 0.31875 0.0390625 0.02890625
0 0.39609375 0.353125 0.03828125 0.02890625
0 0.4359375 0.39453125 0.0359375 0.028125
0 0.3671875 0.4 0.0390625 0.03125
0 0.409375 0.4171875 0.0359375 0.02734375
0 0.50390625 0.27265625 0.0390625 0.0265625
0 0.5109375 0.30703125 0.0328125 0.028125
0 0.5421875 0.31875 0.03203125 0.028125
0 0.55 0.35625 0.03828125 0.028125
0 0.5890625 0.3875 0.03671875 0.02734375
0 0.59921875 0.4171875 0.03515625 0.02734375
0 0.61640625 0.44921875 0.034375 0.02265625
0 0.6109375 0.471875 0.03515625 0.028125
0 0.5984375 0.4859375 0.0265625 0.02421875
0 0.6390625 0.47578125 0.02421875 0.025
0 0.65625 0.49921875 0.0359375 0.02578125
0 0.47734375 0.45546875 0.0390625 0.0296875
0 0.45234375 0.48828125 0.03515625 0.028125
0 0.49921875 0.49765625 0.03671875 0.02578125
0 0.52421875 0.4828125 0.03515625 0.0265625
0 0.565625 0.5171875 0.034375 0.028125
0 0.509375 0.55078125 0.03671875 0.028125
0 0.45078125 0.58671875 0.0328125 0.028125
0 0.459375 0.55234375 0.028125 0.03046875
0 0.4328125 0.55546875 0.03671875 0.02578125
0 0.48203125 0.56015625 0.01875 0.028125
0 0.4171875 0.57578125 0.0359375 0.02578125
0 0.35 0.53125 0.03671875 0.02734375
0 0.2828125 0.45625 0.03515625 0.02890625
0 0.25 0.41875 0.03515625 0.0296875
0 0.2453125 0.44921875 0.03671875 0.0265625
0 0.25625 0.47421875 0.03671875 0.0265625
0 0.29921875 0.5015625 0.03203125 0.02734375
0 0.32265625 0.50859375 0.0234375 0.02890625
0 0.29453125 0.4796875 0.03359375 0.0234375
0 0.09765625 0.40625 0.03984375 0.034375
0 0.1921875 0.5125 0.0328125 0.02734375
0 0.2109375 0.5359375 0.0328125 0.028125
0 0.17265625 0.5546875 0.0390625 0.02734375
0 0.15625 0.49296875 0.04140625 0.034375
0 0.08046875 0.49140625 0.0390625 0.03203125
0 0.10703125 0.446875 0.040625 0.03046875
0 0.05703125 0.5140625 0.0375 0.0296875
0 0.07578125 0.55078125 0.0375 0.028125
0 0.1078125 0.5734375 0.03671875 0.028125
0 0.14296875 0.5734375 0.028125 0.028125
0 0.10625 0.6 0.03984375 0.02578125
0 0.1296875 0.62109375 0.0375 0.03046875
0 0.16796875 0.6203125 0.03984375 0.03203125
0 0.17578125 0.58515625 0.03984375 0.03203125
0 0.2703125 0.60703125 0.04140625 0.03046875
0 0.29296875 0.584375 0.03515625 0.02578125
0 0.321875 0.60390625 0.0390625 0.02890625
0 0.34453125 0.628125 0.0390625 0.03046875
0 0.38359375 0.6234375 0.03828125 0.03046875
0 0.56953125 0.56484375 0.03515625 0.02578125
0 0.58828125 0.590625 0.03671875 0.02890625
0 0.63984375 0.52578125 0.0234375 0.02578125
0 0.59453125 0.53203125 0.025 0.02734375
0 0.6171875 0.52890625 0.03359375 0.02578125
0 0.646875 0.5546875 0.03359375 0.0265625
0 0.66796875 0.51953125 0.03359375 0.0140625
0 0.67109375 0.53671875 0.0328125 0.02421875
0 0.7046875 0.5234375 0.0359375 0.028125
0 0.7546875 0.52265625 0.03203125 0.025
0 0.78359375 0.53203125 0.03359375 0.025
0 0.84375 0.55625 0.03828125 0.0296875
0 0.7640625 0.55625 0.03515625 0.02578125
0 0.73984375 0.58046875 0.0390625 0.02265625
0 0.69765625 0.55859375 0.02890625 0.021875
0 0.73203125 0.5640625 0.03671875 0.025
0 0.7046875 0.5890625 0.0328125 0.0265625
0 0.65703125 0.58828125 0.0390625 0.02421875
0 0.6796875 0.56953125 0.03203125 0.02578125
0 0.74375 0.60390625 0.03515625 0.02421875
0 0.703125 0.61875 0.034375 0.02734375
0 0.7890625 0.62578125 0.0359375 0.02734375
0 0.68046875 0.6421875 0.0375 0.02890625
0 0.73046875 0.6875 0.040625 0.02890625
0 0.49609375 0.734375 0.0375 0.028125
0 0.48359375 0.76171875 0.03984375 0.028125