0 0.71171875 0.37265625 0.028125 0.021875
0 0.65546875 0.19375 0.0234375 0.0171875
0 0.62890625 0.175 0.021875 0.0171875
0 0.4890625 0.21484375 0.0234375 0.0203125
0 0.87734375 0.33203125 0.0234375 0.0203125
0 0.9328125 0.32578125 0.021875 0.01875
0 0.8953125 0.28046875 0.021875 0.015625
0 0.9 0.2609375 0.021875 0.0171875
0 0.8796875 0.2640625 0.0203125 0.0171875
0 0.85234375 0.253125 0.0203125 0.015625
0 0.828125 0.25234375 0.0203125 0.015625
0 0.85859375 0.26796875 0.0203125 0.0140625
0 0.8375 0.26796875 0.0203125 0.0140625
0 0.85625 0.2828125 0.021875 0.015625
0 0.834375 0.28203125 0.021875 0.015625
0 0.84375 0.29609375 0.021875 0.015625
0 0.8375 0.31015625 0.021875 0.0171875
0 0.81640625 0.29765625 0.01875 0.0125
0 0.81171875 0.26640625 0.01875 0.0171875
0 0.7921875 0.265625 0.01875 0.015625
0 0.8140625 0.28203125 0.01875 0.015625
0 0.79375 0.2828125 0.01875 0.01875
0 0.80078125 0.30234375 0.0203125 0.0171875
0 0.8125 0.31875 0.021875 0.0171875
0 0.78671875 0.31796875 0.01875 0.015625
0 0.76796875 0.30703125 0.021875 0.0125
0 0.77421875 0.2921875 0.021875 0.0171875
0 0.75234375 0.2828125 0.0234375 0.0171875
0 0.73125 0.290625 0.021875 0.0171875
0 0.75 0.2984375 0.021875 0.015625
0 0.76796875 0.321875 0.021875 0.0171875
0 0.7484375 0.32578125 0.01875 0.015625
0 0.73984375 0.3109375 0.0203125 0.0140625
0 0.71953125 0.30390625 0.021875 0.0171875
0 0.7328125 0.34140625 0.025 0.01875
0 0.72578125 0.32421875 0.021875 0.01875
0 0.70546875 0.31875 0.021875 0.0171875
0 0.675 0.3390625 0.021875 0.01875
0 0.6875 0.32578125 0.01875 0.0171875
0 0.68828125 0.309375 0.0203125 0.015625
0 0.66953125 0.29453125 0.0203125 0.01875
0 0.63671875 0.30234375 0.021875 0.0171875
0 0.653125 0.3125 0.021875 0.015625
0 0.63828125 0.325 0.01875 0.015625
0 0.6140625 0.33203125 0.021875 0.01875
0 0.61640625 0.35 0.01875 0.0171875
0 0.659375 0.3265625 0.021875 0.015625
0 0.6359375 0.34296875 0.021875 0.01875
0 0.65546875 0.35546875 0.021875 0.01875
0 0.6703125 0.3828125 0.021875 0.01875
0 0.646875 0.3734375 0.021875 0.0203125
0 0.58828125 0.41640625 0.0234375 0.0203125
0 0.59296875 0.396875 0.0203125 0.01875
0 0.61796875 0.38359375 0.021875 0.015625
0 0.61015625 0.36640625 0.021875 0.015625
0 0.59453125 0.35625 0.021875 0.015625
0 0.5875 0.31953125 0.021875 0.01875
0 0.5578125 0.31015625 0.021875 0.01875
0 0.553125 0.33203125 0.021875 0.01875
0 0.53984375 0.35 0.01875 0.0171875
0 0.57421875 0.36875 0.0203125 0.01875
0 0.55703125 0.35859375 0.0203125 0.01875
0 0.5765625 0.3859375 0.0203125 0.015625
0 0.55703125 0.390625 0.0203125 0.01875
0 0.5484375 0.37265625 0.021875 0.015625
0 0.5296875 0.3640625 0.021875 0.0171875
0 0.5078125 0.346875 0.021875 0.0171875
0 0.49609375 0.3234375 0.0234375 0.0203125
0 0.5 0.3671875 0.0203125 0.01875
0 0.47734375 0.3515625 0.0203125 0.0171875
0 0.51796875 0.378125 0.0203125 0.015625
0 0.5 0.3875 0.021875 0.015625
0 0.53046875 0.3921875 0.0203125 0.015625
0 0.5171875 0.40546875 0.021875 0.0171875
0 0.4890625 0.42265625 0.021875 0.01875
0 0.4953125 0.40625 0.021875 0.0171875
0 0.47890625 0.39453125 0.021875 0.015625
0 0.48125 0.378125 0.0203125 0.015625
0 0.4609375 0.38125 0.021875 0.0171875
0 0.4671875 0.365625 0.021875 0.015625
0 0.44765625 0.359375 0.0203125 0.015625
0 0.409375 0.37109375 0.0203125 0.01875
0 0.43359375 0.37109375 0.0203125 0.0171875
0 0.43984375 0.38671875 0.021875 0.0171875
0 0.46875 0.43125 0.021875 0.01875
0 0.4484375 0.43671875 0.0234375 0.0203125
0 0.45234375 0.41875 0.021875 0.015625
0 0.47265625 0.4109375 0.021875 0.015625
0 0.4578125 0.3984375 0.021875 0.015625
0 0.4375 0.4046875 0.021875 0.0171875
0 0.4171875 0.4109375 0.0203125 0.015625
0 0.41953125 0.38515625 0.01875 0.0171875
0 0.4046875 0.39765625 0.01875 0.01875
0 0.42890625 0.4265625 0.01875 0.01875
0 0.41640625 0.44140625 0.021875 0.01875
0 0.40546875 0.42578125 0.021875 0.015625
0 0.390625 0.4109375 0.021875 0.015625
0 0.38671875 0.38203125 0.021875 0.015625
0 0.35546875 0.39140625 0.01875 0.01875
0 0.37890625 0.39765625 0.021875 0.0171875
0 0.390625 0.43828125 0.021875 0.01875
0 0.36796875 0.4484375 0.021875 0.01875
0 0.375 0.425 0.021875 0.015625
0 0.36171875 0.41015625 0.021875 0.01875
0 0.3546875 0.4328125 0.0234375 0.0203125
0 0.340625 0.41953125 0.01875 0.01875
0 0.33828125 0.4015625 0.021875 0.015625
0 0.31875 0.3953125 0.021875 0.0171875
0 0.30546875 0.38046875 0.021875 0.0203125
0 0.32890625 0.43515625 0.0203125 0.01875
0 0.30859375 0.42734375 0.0234375 0.0171875
0 0.34375 0.4484375 0.021875 0.01875
0 0.309375 0.4640625 0.0265625 0.021875
0 0.28671875 0.40703125 0.025 0.0203125
0 0.30703125 0.44453125 0.021875 0.01875
0 0.309375 0.41015625 0.021875 0.0171875
0 0.28671875 0.42578125 0.021875 0.0171875
0 0.27734375 0.44375 0.0234375 0.021875
0 0.2265625 0.415625 0.025 0.0234375
0 0.20234375 0.4125 0.021875 0.021875
0 0.89140625 0.4265625 0.025 0.0234375
0 0.92265625 0.4734375 0.025 0.0234375
0 0.88671875 0.45 0.025 0.021875
0 0.87109375 0.4625 0.025 0.0203125
0 0.846875 0.453125 0.025 0.0234375
0 0.84921875 0.50546875 0.0296875 0.0265625
0 0.81484375 0.484375 0.0265625 0.025
0 0.79921875 0.396875 0.025 0.0234375
0 0.728125 0.43515625 0.021875 0.01875
0 0.7546875 0.43046875 0.021875 0.021875
0 0.74375 0.45234375 0.021875 0.0203125
0 0.71953125 0.45390625 0.021875 0.021875
0 0.73671875 0.47734375 0.025 0.0234375
0 0.7046875 0.46875 0.0265625 0.025
0 0.68515625 0.50703125 0.0265625 0.025
0 0.6765625 0.54375 0.025 0.0234375
0 0.6578125 0.55625 0.0265625 0.025
0 0.36953125 0.60390625 0.0328125 0.0296875
0 0.5453125 0.63359375 0.0296875 0.0296875
0 0.578125 0.625 0.0296875 0.0265625
0 0.64375 0.60546875 0.0296875 0.0265625
0 0.60234375 0.609375 0.0296875 0.0296875
0 0.56796875 0.64921875 0.0296875 0.0265625
0 0.528125 0.6515625 0.0296875 0.0296875