0 0.74453125 0.9109375 0.0203125 0.0203125
0 0.71484375 0.86484375 0.0203125 0.01953125
0 0.69296875 0.86796875 0.01875 0.01796875
0 0.6703125 0.87265625 0.0171875 0.01640625
0 0.65625 0.85859375 0.01640625 0.01796875
0 0.6796875 0.853125 0.01796875 0.01953125
0 0.70078125 0.8484375 0.0171875 0.0171875
0 0.68359375 0.83359375 0.01796875 0.01875
0 0.67265625 0.81953125 0.01875 0.0203125
0 0.66171875 0.84375 0.01953125 0.01875
0 0.64140625 0.84921875 0.01796875 0.01640625
0 0.6359375 0.8671875 0.01875 0.01796875
0 0.6109375 0.865625 0.01796875 0.0171875
0 0.578125 0.8625 0.0171875 0.0203125
0 0.5609375 0.85546875 0.01875 0.01796875
0 0.53828125 0.871875 0.01875 0.01640625
0 0.6 0.84921875 0.0203125 0.0171875
0 0.62265625 0.84140625 0.01796875 0.01796875
0 0.60390625 0.83125 0.02109375 0.01953125
0 0.64765625 0.83125 0.0203125 0.01953125
0 0.62890625 0.82265625 0.01796875 0.0203125
0 0.6296875 0.80390625 0.01953125 0.0171875
0 0.6125 0.78671875 0.02109375 0.01875
0 0.5953125 0.80390625 0.0203125 0.0171875
0 0.57734375 0.79296875 0.01953125 0.01875
0 0.59375 0.771875 0.01796875 0.0203125
0 0.56015625 0.775 0.0203125 0.01953125
0 0.515625 0.821875 0.01953125 0.0203125
0 0.49453125 0.82109375 0.01875 0.01875
0 0.478125 0.80625 0.01796875 0.0171875
0 0.50234375 0.80390625 0.02109375 0.0171875
0 0.49453125 0.78671875 0.01875 0.02109375
0 0.515625 0.78125 0.01953125 0.01953125
0 0.45859375 0.790625 0.01953125 0.01953125
0 0.45625 0.7640625 0.01953125 0.01875
0 0.50078125 0.75546875 0.021875 0.01953125
0 0.4734375 0.778125 0.021875 0.01875
0 0.47734375 0.759375 0.02109375 0.01953125
0 0.32265625 0.81875 0.0203125 0.01875
0 0.30703125 0.778125 0.02109375 0.0203125
0 0.440625 0.75234375 0.0203125 0.01953125
0 0.46171875 0.74140625 0.01953125 0.0203125
0 0.4875 0.73984375 0.0203125 0.01953125
0 0.5359375 0.7328125 0.0203125 0.01875
0 0.5296875 0.75390625 0.02265625 0.021875
0 0.5109375 0.7390625 0.02109375 0.01953125
0 0.49765625 0.72421875 0.0203125 0.02109375
0 0.47421875 0.72265625 0.0203125 0.0203125
0 0.4515625 0.72109375 0.02109375 0.021875
0 0.428125 0.725 0.02109375 0.0203125
0 0.4625 0.70078125 0.02109375 0.01875
0 0.50234375 0.70234375 0.021875 0.01953125
0 0.47890625 0.68671875 0.0203125 0.01953125
0 0.51875 0.7171875 0.0203125 0.0203125
0 0.5046875 0.68359375 0.02109375 0.0203125
0 0.5234375 0.671875 0.021875 0.021875
0 0.4796875 0.6640625 0.02265625 0.02109375
0 0.45859375 0.67890625 0.021875 0.01953125
0 0.43359375 0.67734375 0.021875 0.02109375
0 0.4578125 0.65390625 0.02109375 0.0203125
0 0.4296875 0.64921875 0.02265625 0.0203125
0 0.48125 0.64140625 0.02265625 0.0203125
0 0.50546875 0.63359375 0.02109375 0.0234375
0 0.471875 0.6203125 0.021875 0.0234375
0 0.44453125 0.6265625 0.02265625 0.0203125
0 0.42109375 0.62109375 0.02265625 0.02109375
0 0.4234375 0.5921875 0.021875 0.02265625
0 0.4421875 0.5734375 0.02265625 0.02265625
0 0.41796875 0.5671875 0.0234375 0.02265625
0 0.44140625 0.55078125 0.0234375 0.0234375
0 0.41640625 0.5421875 0.025 0.0234375
0 0.38671875 0.51875 0.025 0.025
0 0.77109375 0.7546875 0.021875 0.02265625
0 0.790625 0.69609375 0.02265625 0.021875
0 0.71796875 0.72734375 0.021875 0.02109375
0 0.69765625 0.7171875 0.021875 0.02265625
0 0.6953125 0.6609375 0.02265625 0.02421875
0 0.64140625 0.60703125 0.02265625 0.02265625
0 0.6515625 0.5875 0.025 0.02265625
0 0.62421875 0.5921875 0.02265625 0.021875
0 0.596875 0.59375 0.02421875 0.0234375
0 0.621875 0.56953125 0.025 0.025
0 0.6234375 0.54375 0.025 0.02421875
0 0.56953125 0.58828125 0.02578125 0.02265625
0 0.5890625 0.57109375 0.02421875 0.02109375
0 0.5859375 0.55 0.02421875 0.021875
0 0.5625 0.565625 0.02421875 0.02265625
0 0.53046875 0.59609375 0.0234375 0.025
0 0.50703125 0.56796875 0.0234375 0.025
0 0.5328125 0.5515625 0.02265625 0.025
0 0.55 0.53359375 0.021875 0.0234375
0 0.46484375 0.5515625 0.02265625 0.0234375
0 0.48125 0.534375 0.02421875 0.02421875
0 0.45546875 0.52890625 0.025 0.02265625
0 0.48046875 0.5 0.02421875 0.0265625
0 0.45234375 0.50390625 0.0234375 0.021875
0 0.42890625 0.51875 0.02578125 0.021875
0 0.425 0.4921875 0.025 0.0234375
0 0.45078125 0.4765625 0.02421875 0.025
0 0.42734375 0.46953125 0.02421875 0.02109375
0 0.60703125 0.528125 0.0234375 0.0234375
0 0.59765625 0.50703125 0.02421875 0.02421875
0 0.5921875 0.47890625 0.02421875 0.025
0 0.5828125 0.44453125 0.02578125 0.02421875
0 0.56171875 0.41328125 0.0234375 0.02421875
0 0.5171875 0.44140625 0.02578125 0.025
0 0.440625 0.4390625 0.0265625 0.02421875
0 0.4125 0.45 0.0234375 0.0234375
0 0.3953125 0.46953125 0.02421875 0.02421875
0 0.38359375 0.4453125 0.02578125 0.02421875
0 0.39375 0.4234375 0.0234375 0.0234375
0 0.41484375 0.41484375 0.02578125 0.02421875
0 0.38515625 0.39921875 0.025 0.02421875
0 0.4015625 0.3796875 0.028125 0.02578125
0 0.36015625 0.378125 0.02890625 0.02578125
0 0.37109375 0.35078125 0.02578125 0.028125
0 0.48515625 0.38359375 0.02578125 0.025
0 0.39453125 0.3390625 0.02578125 0.02265625
0 0.53515625 0.37578125 0.0265625 0.02421875
0 0.58671875 0.3515625 0.02421875 0.02734375
0 0.5609375 0.3734375 0.02421875 0.02734375
0 0.5625 0.34296875 0.02421875 0.025
0 0.53984375 0.3328125 0.02421875 0.02578125
0 0.515625 0.31953125 0.028125 0.02421875
0 0.5609375 0.3171875 0.028125 0.02578125
0 0.5296875 0.2984375 0.0265625 0.0296875
0 0.509375 0.2796875 0.0265625 0.02734375
0 0.58828125 0.3203125 0.025 0.028125
0 0.55625 0.28984375 0.02578125 0.02734375
0 0.60546875 0.3015625 0.0265625 0.0265625
0 0.58203125 0.29140625 0.02734375 0.0265625
0 0.634375 0.2921875 0.0265625 0.02890625
0 0.60390625 0.275 0.02578125 0.02734375
0 0.57734375 0.2640625 0.0296875 0.02734375
0 0.54375 0.2671875 0.025 0.0265625
0 0.515625 0.2484375 0.03046875 0.02890625
0 0.54921875 0.23984375 0.02734375 0.03046875
0 0.57734375 0.2328125 0.02578125 0.028125
0 0.6328125 0.24453125 0.028125 0.02890625
0 0.6015625 0.2453125 0.02578125 0.028125
0 0.6078125 0.21328125 0.028125 0.02890625
0 0.571875 0.20234375 0.03515625 0.028125
0 0.64609375 0.20625 0.02890625 0.02890625
0 0.34921875 0.2546875 0.02734375 0.0265625