0 0.4015625 0.05078125 0.021875 0.025
0 0.39765625 0.071875 0.021875 0.0234375
0 0.41796875 0.03984375 0.021875 0.0265625
0 0.4203125 0.08203125 0.025 0.028125
0 0.4375 0.04375 0.021875 0.0234375
0 0.43359375 0.0640625 0.021875 0.021875
0 0.45546875 0.03046875 0.025 0.028125
0 0.44140625 0.08359375 0.025 0.0296875
0 0.48203125 0.025 0.025 0.028125
0 0.496875 0.04140625 0.021875 0.0265625
0 0.52734375 0.0578125 0.0234375 0.0265625
0 0.55546875 0.0546875 0.028125 0.028125
0 0.4875 0.08125 0.025 0.0265625
0 0.4921875 0.10546875 0.0234375 0.0265625
0 0.47265625 0.11953125 0.0234375 0.025
0 0.48359375 0.13515625 0.0234375 0.0234375
0 0.503125 0.12578125 0.021875 0.0265625
0 0.46875 0.17578125 0.025 0.028125
0 0.46640625 0.2 0.028125 0.028125
0 0.484375 0.159375 0.021875 0.0234375
0 0.4859375 0.190625 0.021875 0.0234375
0 0.50390625 0.15 0.021875 0.0234375
0 0.50234375 0.175 0.025 0.025
0 0.51953125 0.1390625 0.025 0.025
0 0.4953125 0.21484375 0.025 0.028125
0 0.50859375 0.19453125 0.0234375 0.0265625
0 0.5203125 0.16328125 0.021875 0.0265625
0 0.53046875 0.1828125 0.0234375 0.0296875
0 0.5546875 0.146875 0.0265625 0.028125
0 0.5453125 0.20546875 0.025 0.03125
0 0.525 0.209375 0.021875 0.0296875
0 0.51796875 0.23203125 0.0234375 0.0265625
0 0.509375 0.2546875 0.028125 0.034375
0 0.52734375 0.26640625 0.025 0.028125
0 0.5359375 0.24375 0.025 0.03125
0 0.55 0.26015625 0.025 0.028125
0 0.571875 0.25546875 0.021875 0.0296875
0 0.56015625 0.28125 0.0234375 0.0296875
0 0.5390625 0.2875 0.025 0.03125
0 0.5125 0.2875 0.025 0.03125
0 0.5125 0.32734375 0.025 0.03125
0 0.52578125 0.30703125 0.0234375 0.0296875
0 0.55 0.30625 0.0234375 0.0265625
0 0.5359375 0.32734375 0.025 0.028125
0 0.57109375 0.3125 0.0265625 0.034375
0 0.5703125 0.3390625 0.025 0.03125
0 0.54921875 0.3453125 0.0234375 0.0328125
0 0.52421875 0.3484375 0.028125 0.03125
0 0.534375 0.3796875 0.0234375 0.0296875
0 0.459375 0.24453125 0.025 0.03125
0 0.45625 0.378125 0.025 0.034375
0 0.5265625 0.5046875 0.028125 0.034375
0 0.55 0.42421875 0.028125 0.0296875
0 0.54453125 0.453125 0.028125 0.0328125
0 0.54609375 0.4796875 0.025 0.034375
0 0.54921875 0.5078125 0.025 0.034375
0 0.5296875 0.534375 0.03125 0.0375
0 0.55234375 0.39765625 0.028125 0.03125
0 0.57265625 0.37578125 0.0265625 0.0265625
0 0.58984375 0.33984375 0.025 0.034375
0 0.62578125 0.3140625 0.021875 0.0234375
0 0.61328125 0.33125 0.025 0.03125
0 0.57734375 0.4078125 0.028125 0.0296875
0 0.5703125 0.44140625 0.021875 0.0265625
0 0.5796875 0.478125 0.0234375 0.021875
0 0.59609375 0.44921875 0.021875 0.0234375
0 0.57890625 0.45859375 0.028125 0.025
0 0.603125 0.425 0.025 0.0328125
0 0.584375 0.43359375 0.021875 0.0234375
0 0.5734375 0.49609375 0.028125 0.028125
0 0.575 0.52578125 0.028125 0.03125
0 0.5953125 0.49921875 0.028125 0.028125
0 0.6046875 0.4703125 0.025 0.034375
0 0.60625 0.5125 0.025 0.034375
0 0.6203125 0.66328125 0.0296875 0.03125
0 0.59375 0.68125 0.03125 0.0359375
0 0.5953125 0.64140625 0.0296875 0.034375
0 0.58359375 0.6234375 0.0265625 0.01875
0 0.58125 0.60546875 0.028125 0.0328125
0 0.6 0.58828125 0.025 0.028125
0 0.6171875 0.60703125 0.028125 0.03125
0 0.62734375 0.63359375 0.0296875 0.040625
0 0.596875 0.56328125 0.0296875 0.0375
0 0.640625 0.590625 0.03125 0.034375
0 0.60625 0.5390625 0.028125 0.0265625
0 0.615625 0.5703125 0.0234375 0.0296875
0 0.621875 0.528125 0.0171875 0.0234375
0 0.6296875 0.475 0.028125 0.028125
0 0.6296875 0.50234375 0.028125 0.03125
0 0.63515625 0.53046875 0.025 0.028125
0 0.64296875 0.5609375 0.015625 0.0265625
0 0.67421875 0.53125 0.0296875 0.0296875
0 0.66328125 0.5046875 0.025 0.028125
0 0.6515625 0.5265625 0.0203125 0.028125
0 0.63046875 0.55234375 0.028125 0.028125
0 0.6890625 0.50703125 0.0265625 0.0296875
0 0.6453125 0.4296875 0.028125 0.03125
0 0.69296875 0.403125 0.0265625 0.0328125
0 0.753125 0.39921875 0.028125 0.03125