0 0.44609375 0.41328125 0.02421875 0.025
0 0.4265625 0.41953125 0.0203125 0.0265625
0 0.43203125 0.39140625 0.0234375 0.025
0 0.41171875 0.4 0.021875 0.0234375
0 0.41875 0.37421875 0.02265625 0.02421875
0 0.39296875 0.36015625 0.02421875 0.02578125
0 0.3953125 0.384375 0.02265625 0.02421875
0 0.3734375 0.3484375 0.02421875 0.02421875
0 0.346875 0.3546875 0.0203125 0.025
0 0.36328125 0.3703125 0.021875 0.02578125
0 0.36953125 0.39609375 0.02109375 0.02421875
0 0.3875 0.4078125 0.02265625 0.025
0 0.403125 0.425 0.02265625 0.02578125
0 0.38359375 0.43359375 0.021875 0.02265625
0 0.3640625 0.42109375 0.02265625 0.0234375
0 0.34140625 0.3796875 0.0203125 0.0234375
0 0.34765625 0.40390625 0.01953125 0.0234375
0 0.3203125 0.3703125 0.02109375 0.0234375
0 0.32578125 0.3953125 0.0203125 0.02265625
0 0.3 0.37421875 0.02265625 0.02421875
0 0.31171875 0.4203125 0.02265625 0.0265625
0 0.33203125 0.41796875 0.021875 0.025
0 0.33125 0.44296875 0.02109375 0.02578125
0 0.35390625 0.44296875 0.02109375 0.02421875
0 0.3421875 0.46328125 0.02109375 0.025
0 0.3109375 0.44296875 0.0203125 0.02265625
0 0.31953125 0.4640625 0.02265625 0.0234375
0 0.30234375 0.3984375 0.021875 0.02421875
0 0.27890625 0.39140625 0.0203125 0.025
0 0.28671875 0.41328125 0.02109375 0.025
0 0.28671875 0.4359375 0.0203125 0.021875
0 0.29453125 0.45703125 0.02265625 0.0234375
0 0.2578125 0.396875 0.0234375 0.025
0 0.26171875 0.4203125 0.01953125 0.0234375
0 0.22265625 0.40390625 0.01953125 0.02421875
0 0.2421875 0.40546875 0.01953125 0.0234375
0 0.2421875 0.42890625 0.0203125 0.0234375
0 0.2625 0.44375 0.02109375 0.025
0 0.271875 0.4625 0.021875 0.0234375
0 0.28671875 0.4796875 0.02109375 0.02421875
0 0.30703125 0.48203125 0.0203125 0.0234375
0 0.33203125 0.48515625 0.02265625 0.0234375
0 0.31640625 0.5015625 0.02265625 0.025
0 0.2921875 0.50234375 0.02109375 0.025
0 0.2671875 0.4875 0.021875 0.02421875
0 0.24453125 0.4515625 0.0203125 0.02421875
0 0.253125 0.47109375 0.01953125 0.02265625
0 0.22578125 0.44453125 0.0203125 0.0234375
0 0.1984375 0.41640625 0.0203125 0.02265625
0 0.215625 0.42578125 0.0203125 0.0234375
0 0.18125 0.425 0.01953125 0.02265625
0 0.1984375 0.440625 0.01875 0.025
0 0.21015625 0.4578125 0.0203125 0.02265625
0 0.228125 0.46875 0.01875 0.025
0 0.23828125 0.4875 0.0203125 0.02421875
0 0.25234375 0.503125 0.01953125 0.0234375
0 0.2703125 0.51328125 0.0203125 0.025
0 0.1796875 0.44921875 0.01875 0.02265625
0 0.15703125 0.46015625 0.01875 0.021875
0 0.17421875 0.47109375 0.01875 0.0234375
0 0.1921875 0.46640625 0.01796875 0.021875
0 0.20546875 0.4796875 0.0203125 0.02578125
0 0.1875 0.48828125 0.01875 0.021875
0 0.1765625 0.50703125 0.02109375 0.0234375
0 0.23203125 0.51328125 0.021875 0.025
0 0.20078125 0.5046875 0.0171875 0.02265625
0 0.21875 0.496875 0.01953125 0.021875
0 0.2140625 0.51953125 0.0171875 0.02265625
0 0.228125 0.53828125 0.0203125 0.025
0 0.24765625 0.52734375 0.01875 0.02578125
0 0.265625 0.53828125 0.02421875 0.02421875
0 0.2875 0.5265625 0.02109375 0.0234375
0 0.30703125 0.5234375 0.02265625 0.025
0 0.35625 0.59609375 0.0203125 0.04140625
0 0.321875 0.56328125 0.0234375 0.02578125
0 0.2859375 0.55078125 0.021875 0.0234375
0 0.30625 0.54765625 0.01875 0.02265625
0 0.32578125 0.5375 0.02265625 0.025
0 0.334375 0.51484375 0.02109375 0.02421875
0 0.3484375 0.49765625 0.021875 0.02421875
0 0.359375 0.4765625 0.02265625 0.02421875
0 0.371875 0.4546875 0.021875 0.025
0 0.46875 0.44140625 0.0234375 0.0296875
0 0.42578125 0.4453125 0.02109375 0.025
0 0.4 0.45 0.021875 0.02421875
0 0.3875 0.47109375 0.02109375 0.02421875
0 0.37578125 0.4921875 0.02109375 0.0234375
0 0.3640625 0.51328125 0.02109375 0.02421875
0 0.34765625 0.53046875 0.02265625 0.02265625
0 0.3875 0.51328125 0.021875 0.0234375
0 0.4 0.4921875 0.021875 0.025
0 0.41328125 0.46953125 0.021875 0.02578125
0 0.4359375 0.46796875 0.025 0.0265625
0 0.4234375 0.49296875 0.0234375 0.02578125
0 0.4203125 0.5203125 0.0234375 0.02578125
0 0.4 0.5328125 0.021875 0.02734375
0 0.37578125 0.53515625 0.02265625 0.02421875
0 0.38984375 0.5546875 0.0234375 0.025
0 0.359375 0.55234375 0.02421875 0.02421875
0 0.37109375 0.57109375 0.02421875 0.02578125