0 0.8703125 0.53046875 0.0890625 0.0921875
0 0.81484375 0.48828125 0.0859375 0.078125
0 0.81015625 0.54921875 0.08125 0.075
0 0.7390625 0.48125 0.08125 0.078125
0 0.74296875 0.54375 0.0765625 0.075
0 0.659375 0.478125 0.0765625 0.0765625
0 0.68515625 0.41875 0.090625 0.0859375
0 0.60546875 0.39453125 0.0859375 0.08125
0 0.59765625 0.459375 0.0796875 0.0765625
0 0.60859375 0.52265625 0.0734375 0.0734375
0 0.67578125 0.54140625 0.0734375 0.0734375
0 0.68359375 0.60078125 0.075 0.0703125
0 0.64765625 0.64375 0.0671875 0.071875
0 0.62265625 0.5796875 0.075 0.0734375
0 0.5375 0.609375 0.06875 0.06875
0 0.546875 0.4890625 0.065625 0.0703125
0 0.5546875 0.55078125 0.0734375 0.075
0 0.53125 0.39453125 0.08125 0.08125
0 0.5015625 0.4546875 0.0765625 0.078125
0 0.4953125 0.5265625 0.0703125 0.071875
0 0.4875 0.57890625 0.0671875 0.0625
0 0.4390625 0.50390625 0.075 0.0703125
0 0.41953125 0.553125 0.0734375 0.0640625
0 0.4375 0.44140625 0.0796875 0.0765625
0 0.3625 0.41875 0.078125 0.0734375
0 0.38203125 0.4765625 0.075 0.065625
0 0.36015625 0.5234375 0.0734375 0.0671875
0 0.23671875 0.50625 0.0875 0.0765625
0 0.30078125 0.47734375 0.0828125 0.0765625
0 0.16484375 0.44453125 0.0875 0.0828125
0 0.0921875 0.46328125 0.0828125 0.0765625
0 0.16328125 0.52421875 0.078125 0.075
0 0.15859375 0.63828125 0.0734375 0.0671875
0 0.03984375 0.6140625 0.0796875 0.078125
0 0.1640625 0.58515625 0.0734375 0.0703125
0 0.24296875 0.5625 0.078125 0.06875
0 0.30859375 0.55546875 0.071875 0.0703125
0 0.36640625 0.57890625 0.071875 0.0671875
0 0.42578125 0.6046875 0.0671875 0.0625
0 0.48203125 0.6328125 0.0703125 0.06875
0 0.43125 0.65546875 0.071875 0.0671875
0 0.31875 0.60625 0.0734375 0.065625
0 0.38046875 0.63125 0.0671875 0.0625
0 0.3296875 0.65859375 0.0671875 0.0609375
0 0.27265625 0.671875 0.071875 0.0640625
0 0.26171875 0.62265625 0.071875 0.06875
0 0.2125 0.675 0.071875 0.0671875
0 0.13671875 0.7359375 0.0734375 0.0640625
0 0.21484375 0.77421875 0.0703125 0.065625
0 0.26953125 0.728125 0.0671875 0.0625
0 0.3671875 0.778125 0.071875 0.0609375
0 0.378125 0.6828125 0.0640625 0.059375
0 0.3234375 0.70625 0.0671875 0.0609375
0 0.31640625 0.75625 0.06875 0.0609375
0 0.37578125 0.73125 0.0625 0.05625
0 0.43203125 0.70859375 0.0671875 0.0625
0 0.48984375 0.690625 0.071875 0.0671875
0 0.53828125 0.6609375 0.0734375 0.0640625
0 0.5921875 0.63046875 0.071875 0.06875
0 0.603125 0.68046875 0.071875 0.0703125
0 0.54609375 0.71328125 0.0703125 0.0671875
0 0.62734375 0.7234375 0.0703125 0.065625
0 0.6734375 0.68984375 0.0703125 0.065625
0 0.709375 0.6453125 0.0671875 0.0609375
0 0.74921875 0.6 0.0703125 0.06875
0 0.884375 0.58671875 0.078125 0.071875
0 0.81953125 0.60078125 0.0734375 0.0671875
0 0.79140625 0.64921875 0.075 0.06875
0 0.7421875 0.6859375 0.0734375 0.065625
0 0.85859375 0.63984375 0.071875 0.0703125
0 0.84609375 0.6953125 0.0734375 0.0671875
0 0.9046875 0.67578125 0.078125 0.0703125
0 0.915625 0.73515625 0.0734375 0.0703125
0 0.8265625 0.746875 0.0703125 0.0640625
0 0.765625 0.72890625 0.06875 0.0640625
0 0.7046875 0.73203125 0.0703125 0.0640625
0 0.6609375 0.76171875 0.0671875 0.059375
0 0.5796875 0.75 0.0671875 0.0625
0 0.53203125 0.7734375 0.06875 0.0625
0 0.7921875 0.78828125 0.071875 0.0703125
0 0.721875 0.7765625 0.0671875 0.0640625
0 0.7546875 0.8359375 0.065625 0.0625
0 0.7625 0.8828125 0.0671875 0.0640625
0 0.6609375 0.809375 0.0671875 0.059375
0 0.7 0.83828125 0.065625 0.065625
0 0.6109375 0.78515625 0.0671875 0.0625
0 0.6203125 0.84453125 0.0625 0.059375
0 0.571875 0.81171875 0.0671875 0.059375
0 0.48828125 0.74375 0.0671875 0.0625
0 0.421875 0.76171875 0.065625 0.059375
0 0.47109375 0.7875 0.0671875 0.0578125
0 0.51484375 0.8203125 0.0640625 0.0625
0 0.55078125 0.86015625 0.065625 0.0609375
0 0.4140625 0.81484375 0.0671875 0.0609375
0 0.46640625 0.83359375 0.0609375 0.0578125
0 0.4921875 0.8671875 0.059375 0.05625
0 0.49609375 0.91328125 0.0671875 0.0609375