0 0.86640625 0.3359375 0.0375 0.0375
0 0.75546875 0.275 0.040625 0.0390625
0 0.79140625 0.25859375 0.04375 0.04375
0 0.8328125 0.33984375 0.0421875 0.0359375
0 0.71953125 0.3703125 0.0359375 0.0328125
0 0.64765625 0.325 0.0421875 0.0375
0 0.67734375 0.34453125 0.0421875 0.0375
0 0.7125 0.3296875 0.0421875 0.0375
0 0.6625 0.38359375 0.046875 0.040625
0 0.70546875 0.396875 0.0421875 0.0375
0 0.74375 0.38203125 0.0375 0.0375
0 0.7109375 0.44765625 0.0421875 0.0375
0 0.76640625 0.446875 0.0453125 0.040625
0 0.88046875 0.4109375 0.0421875 0.040625
0 0.734375 0.48203125 0.040625 0.0390625
0 0.76484375 0.48984375 0.0390625 0.0375
0 0.7109375 0.50625 0.0421875 0.0390625
0 0.72734375 0.2234375 0.0453125 0.0359375
0 0.6921875 0.18515625 0.0390625 0.0375
0 0.73203125 0.19765625 0.0421875 0.03125
0 0.71484375 0.14375 0.0421875 0.0359375
0 0.6640625 0.23828125 0.0453125 0.040625
0 0.54296875 0.19296875 0.04375 0.0390625
0 0.58046875 0.2015625 0.0421875 0.0390625
0 0.60625 0.225 0.0421875 0.0375
0 0.509375 0.2171875 0.0453125 0.0390625
0 0.55078125 0.22421875 0.0453125 0.0390625
0 0.446875 0.22421875 0.046875 0.0421875
0 0.484375 0.23984375 0.040625 0.0390625
0 0.52421875 0.24453125 0.0421875 0.0375
0 0.45859375 0.2625 0.0484375 0.0390625
0 0.4984375 0.26796875 0.04375 0.040625
0 0.3828125 0.2578125 0.05 0.04375
0 0.4234375 0.284375 0.0453125 0.040625
0 0.4671875 0.29453125 0.05 0.0421875
0 0.3734375 0.29921875 0.0453125 0.0390625
0 0.41171875 0.31640625 0.046875 0.0390625
0 0.44921875 0.33203125 0.0484375 0.0421875
0 0.48203125 0.34296875 0.04375 0.0421875
0 0.51484375 0.3625 0.0421875 0.0375
0 0.59140625 0.421875 0.0453125 0.0390625
0 0.36640625 0.33671875 0.0484375 0.0421875
0 0.40546875 0.35078125 0.0421875 0.0375
0 0.4359375 0.3671875 0.0453125 0.0390625
0 0.4765625 0.3796875 0.0421875 0.0375
0 0.5046875 0.40625 0.046875 0.0421875
0 0.36328125 0.3671875 0.04375 0.0375
0 0.3953125 0.3953125 0.046875 0.0421875
0 0.43515625 0.40546875 0.0484375 0.0421875
0 0.47734375 0.43828125 0.053125 0.0421875
0 0.42578125 0.4453125 0.053125 0.0421875
0 0.34453125 0.42265625 0.0515625 0.0390625
0 0.38828125 0.43359375 0.0515625 0.0421875
0 0.31875 0.3953125 0.05 0.0421875
0 0.221875 0.37265625 0.05625 0.046875
0 0.28359375 0.42265625 0.053125 0.0421875
0 0.3203125 0.45078125 0.05 0.0453125
0 0.3609375 0.5078125 0.05 0.0390625
0 0.31953125 0.4875 0.053125 0.0421875
0 0.3515625 0.54765625 0.046875 0.04375
0 0.37109375 0.478125 0.046875 0.0359375
0 0.30625 0.5265625 0.053125 0.04375
0 0.3375 0.59296875 0.05 0.0421875
0 0.378125 0.57421875 0.05 0.0421875
0 0.5296875 0.5234375 0.046875 0.0421875
0 0.40859375 0.60234375 0.0359375 0.0390625
0 0.35703125 0.62578125 0.040625 0.046875
0 0.3890625 0.61484375 0.04375 0.0390625
0 0.4421875 0.6078125 0.0484375 0.0453125
0 0.4828125 0.59453125 0.05 0.0421875
0 0.52421875 0.58828125 0.0484375 0.0421875
0 0.64296875 0.5859375 0.0484375 0.0390625
0 0.6734375 0.56953125 0.0421875 0.0375
0 0.70703125 0.5734375 0.0390625 0.0375
0 0.65546875 0.6171875 0.046875 0.040625
0 0.6859375 0.63046875 0.046875 0.040625
0 0.775 0.571875 0.0484375 0.0390625
0 0.81953125 0.6296875 0.040625 0.03125
0 0.7765625 0.6453125 0.0421875 0.0375
0 0.81328125 0.6515625 0.0421875 0.0328125
0 0.08046875 0.496875 0.059375 0.053125
0 0.13984375 0.4578125 0.065625 0.0546875
0 0.15 0.5953125 0.0578125 0.0546875
0 0.184375 0.56875 0.059375 0.046875
0 0.40390625 0.68046875 0.05625 0.0453125
0 0.42421875 0.6390625 0.059375 0.0453125
0 0.48828125 0.63671875 0.053125 0.0453125
0 0.38203125 0.73671875 0.05625 0.0484375
0 0.55234375 0.63359375 0.0515625 0.0453125
0 0.3421875 0.7125 0.05625 0.046875
0 0.3796875 0.7734375 0.05625 0.046875
0 0.165625 0.73203125 0.059375 0.05
0 0.2421875 0.759375 0.0609375 0.053125
0 0.3296875 0.784375 0.05625 0.05
0 0.39296875 0.84140625 0.0515625 0.0484375
0 0.47890625 0.83046875 0.053125 0.0453125
0 0.60546875 0.71171875 0.053125 0.0421875
0 0.68671875 0.69296875 0.05 0.04375
0 0.740625 0.721875 0.04375 0.040625