0 0.2671875 0.71640625 0.0296875 0.03125
0 0.296875 0.71953125 0.0296875 0.0296875
0 0.32265625 0.7578125 0.0296875 0.0296875
0 0.32734375 0.734375 0.0265625 0.0265625
0 0.33046875 0.71171875 0.028125 0.0265625
0 0.35234375 0.75390625 0.0265625 0.03125
0 0.35 0.73125 0.025 0.025
0 0.353125 0.71015625 0.0234375 0.025
0 0.346875 0.6875 0.0296875 0.0265625
0 0.32578125 0.6890625 0.025 0.025
0 0.3359375 0.66875 0.025 0.0265625
0 0.3703125 0.721875 0.025 0.0265625
0 0.359375 0.66328125 0.0265625 0.0296875
0 0.32265625 0.64765625 0.0265625 0.0265625
0 0.30234375 0.6625 0.028125 0.0296875
0 0.39921875 0.72109375 0.0265625 0.028125
0 0.4546875 0.703125 0.0296875 0.0296875
0 0.428125 0.7015625 0.025 0.025
0 0.4046875 0.69609375 0.025 0.028125
0 0.4046875 0.665625 0.0296875 0.028125
0 0.42734375 0.65078125 0.0265625 0.0296875
0 0.17890625 0.4796875 0.0265625 0.0265625
0 0.20390625 0.4609375 0.021875 0.0234375
0 0.17890625 0.453125 0.0265625 0.0265625
0 0.22265625 0.47109375 0.0265625 0.0265625
0 0.22421875 0.4484375 0.025 0.025
0 0.26328125 0.50390625 0.0265625 0.0296875
0 0.3 0.48359375 0.0265625 0.0265625
0 0.28046875 0.4734375 0.0234375 0.025
0 0.25 0.45078125 0.0265625 0.0265625
0 0.2234375 0.42421875 0.0265625 0.0265625
0 0.2015625 0.40078125 0.0265625 0.028125
0 0.21484375 0.38046875 0.0234375 0.025
0 0.1625 0.384375 0.0265625 0.0265625
0 0.20859375 0.3546875 0.0234375 0.028125
0 0.53984375 0.54609375 0.0203125 0.028125
0 0.559375 0.52578125 0.0265625 0.0296875
0 0.584375 0.53203125 0.0328125 0.0296875
0 0.56875 0.55 0.0203125 0.0265625
0 0.546875 0.56875 0.0265625 0.0265625
0 0.55390625 0.55234375 0.025 0.028125
0 0.5296875 0.5828125 0.0296875 0.0328125
0 0.50390625 0.6171875 0.028125 0.0296875
0 0.50546875 0.55625 0.0265625 0.0296875
0 0.4921875 0.5765625 0.0296875 0.0296875
0 0.471875 0.5828125 0.0265625 0.028125
0 0.453125 0.56953125 0.028125 0.0296875
0 0.4140625 0.5328125 0.0265625 0.0296875
0 0.40703125 0.5046875 0.0265625 0.0296875
0 0.34375 0.528125 0.0296875 0.0296875
0 0.3625 0.5125 0.0265625 0.0265625
0 0.36796875 0.4890625 0.028125 0.0265625
0 0.32734375 0.4875 0.0265625 0.028125
0 0.3046875 0.3640625 0.0234375 0.028125
0 0.3046875 0.415625 0.0234375 0.025
0 0.31640625 0.4453125 0.0265625 0.0265625
0 0.3296875 0.4265625 0.021875 0.021875
0 0.3234375 0.4046875 0.025 0.025
0 0.32421875 0.384375 0.0265625 0.0265625
0 0.32109375 0.3609375 0.0265625 0.0296875
0 0.390625 0.415625 0.0296875 0.0296875
0 0.42265625 0.40390625 0.0296875 0.028125
0 0.453125 0.42734375 0.025 0.0203125
0 0.465625 0.39140625 0.025 0.0265625
0 0.45390625 0.4109375 0.0265625 0.028125
0 0.36875 0.3546875 0.0265625 0.0265625
0 0.36328125 0.33203125 0.0265625 0.0296875
0 0.40703125 0.30625 0.0265625 0.0296875
0 0.34921875 0.2984375 0.028125 0.0296875
0 0.22890625 0.2796875 0.0265625 0.03125
0 0.45546875 0.73203125 0.0265625 0.028125
0 0.47109375 0.759375 0.028125 0.0328125
0 0.42421875 0.82265625 0.0296875 0.03125
0 0.49765625 0.93125 0.0296875 0.0296875
0 0.47265625 0.934375 0.0296875 0.0265625
0 0.45625 0.88984375 0.0265625 0.028125
0 0.57109375 0.99375 0.0328125 0.0125
0 0.54296875 0.96953125 0.0265625 0.028125
0 0.57890625 0.98046875 0.0296875 0.0265625
0 0.5625 0.9609375 0.0265625 0.0296875
0 0.55 0.7140625 0.0265625 0.0296875
0 0.5890625 0.6890625 0.0296875 0.0328125
0 0.63515625 0.66171875 0.0296875 0.03125
0 0.66796875 0.68515625 0.0296875 0.0296875
0 0.6578125 0.65078125 0.0296875 0.028125
0 0.63359375 0.62890625 0.0296875 0.0296875
0 0.60859375 0.47734375 0.0296875 0.0296875
0 0.6484375 0.503125 0.0234375 0.028125
0 0.628125 0.50078125 0.0265625 0.0296875
0 0.6296875 0.4640625 0.0296875 0.0296875
0 0.671875 0.49140625 0.0296875 0.0265625
0 0.66640625 0.46484375 0.0296875 0.0296875
0 0.71328125 0.640625 0.028125 0.0296875
0 0.6859375 0.6234375 0.0296875 0.0296875
0 0.6625 0.615625 0.0296875 0.0265625
0 0.653125 0.5921875 0.0328125 0.028125
0 0.665625 0.56875 0.0296875 0.0296875
0 0.73671875 0.61953125 0.0296875 0.03125
0 0.75234375 0.584375 0.0328125 0.0296875
0 0.76484375 0.5453125 0.0296875 0.0328125
0 0.78515625 0.52578125 0.0296875 0.0296875
0 0.7609375 0.51328125 0.0328125 0.0296875
0 0.73828125 0.528125 0.0328125 0.0265625
0 0.7828125 0.47890625 0.0296875 0.0296875
0 0.75546875 0.47890625 0.0296875 0.028125
0 0.7015625 0.44609375 0.0296875 0.028125
0 0.69765625 0.403125 0.028125 0.0296875
0 0.69609375 0.3734375 0.0296875 0.0296875
0 0.59921875 0.4203125 0.0296875 0.0296875
0 0.59765625 0.39375 0.0265625 0.028125
0 0.596875 0.365625 0.0296875 0.0296875
0 0.59921875 0.34140625 0.0296875 0.028125
0 0.56640625 0.30859375 0.0296875 0.0296875
0 0.56484375 0.28359375 0.0265625 0.0328125
0 0.578125 0.328125 0.0265625 0.0296875
0 0.58671875 0.29609375 0.0265625 0.0296875
0 0.5796875 0.2640625 0.0265625 0.03125
0 0.61484375 0.2828125 0.0265625 0.0296875
0 0.6421875 0.27578125 0.028125 0.034375
0 0.675 0.2640625 0.0296875 0.0359375
0 0.825 0.21171875 0.028125 0.0203125
0 0.84765625 0.2453125 0.028125 0.03125
0 0.821875 0.23203125 0.0328125 0.0328125
0 0.75546875 0.253125 0.0234375 0.021875
0 0.7265625 0.2984375 0.0296875 0.0296875
0 0.7453125 0.28046875 0.0296875 0.0296875
0 0.7640625 0.26640625 0.0296875 0.0296875
0 0.59921875 0.16328125 0.0296875 0.0296875
0 0.6203125 0.1828125 0.028125 0.0296875
0 0.63984375 0.20390625 0.028125 0.0296875
0 0.60390625 0.225 0.0265625 0.0296875
0 0.5734375 0.215625 0.028125 0.0328125
0 0.4078125 0.16328125 0.0265625 0.028125
0 0.40703125 0.20234375 0.0265625 0.0265625
0 0.41796875 0.18359375 0.0265625 0.0296875
0 0.3953125 0.1828125 0.025 0.028125
0 0.41953125 0.2265625 0.0265625 0.0296875
0 0.3984375 0.22421875 0.025 0.0296875
0 0.42421875 0.2515625 0.0265625 0.0296875
0 0.41171875 0.27265625 0.025 0.028125
0 0.403125 0.25078125 0.0234375 0.0265625
0 0.37734375 0.25390625 0.0265625 0.0265625
0 0.35703125 0.265625 0.0265625 0.0265625
0 0.2484375 0.21015625 0.0265625 0.0296875