0 0.80703125 0.584375 0.034375 0.040625
0 0.53671875 0.48671875 0.03125 0.034375
0 0.53984375 0.4453125 0.0296875 0.034375
0 0.528125 0.41640625 0.03125 0.03125
0 0.60546875 0.45390625 0.0296875 0.034375
0 0.60625 0.421875 0.0328125 0.034375
0 0.725 0.48125 0.0296875 0.034375
0 0.69609375 0.47421875 0.0328125 0.0359375
0 0.65390625 0.46171875 0.03125 0.0359375
0 0.64296875 0.4078125 0.0265625 0.0328125
0 0.63046875 0.38359375 0.028125 0.0328125
0 0.66328125 0.403125 0.025 0.034375
0 0.69453125 0.321875 0.03125 0.0359375
0 0.753125 0.3953125 0.0296875 0.040625
0 0.76640625 0.3578125 0.0296875 0.0359375
0 0.81640625 0.36796875 0.0296875 0.0359375
0 0.7890625 0.33359375 0.028125 0.03125
0 0.80234375 0.27109375 0.028125 0.0296875
0 0.79921875 0.3078125 0.0265625 0.0375
0 0.76171875 0.2296875 0.025 0.03125
0 0.7421875 0.2078125 0.025 0.03125
0 0.715625 0.2015625 0.028125 0.0328125
0 0.68125 0.06484375 0.025 0.03125
0 0.665625 0.0796875 0.025 0.028125
0 0.6296875 0.0640625 0.025 0.03125
0 0.6390625 0.134375 0.0296875 0.03125
0 0.58125 0.11640625 0.025 0.028125
0 0.58984375 0.18515625 0.0265625 0.034375
0 0.5984375 0.165625 0.025 0.03125
0 0.63671875 0.25234375 0.028125 0.03125
0 0.6328125 0.28671875 0.0234375 0.0328125
0 0.61484375 0.2765625 0.0265625 0.034375
0 0.59296875 0.25703125 0.0296875 0.034375
0 0.55703125 0.31953125 0.028125 0.034375
0 0.58125 0.30703125 0.028125 0.03125
0 0.57578125 0.2765625 0.028125 0.03125
0 0.5453125 0.19921875 0.0296875 0.03125
0 0.51328125 0.21328125 0.025 0.03125
0 0.49140625 0.2140625 0.025 0.03125
0 0.45 0.23984375 0.028125 0.03125
0 0.496875 0.340625 0.03125 0.034375
0 0.46171875 0.34453125 0.03125 0.03125
0 0.49140625 0.4328125 0.0296875 0.034375
0 0.46640625 0.42265625 0.028125 0.034375
0 0.440625 0.4 0.028125 0.03125
0 0.36875 0.32734375 0.0296875 0.034375
0 0.35390625 0.41796875 0.028125 0.03125
0 0.34140625 0.3703125 0.028125 0.0296875
0 0.33671875 0.33125 0.0265625 0.0328125
0 0.31953125 0.35234375 0.028125 0.0328125
0 0.31171875 0.32265625 0.0265625 0.0328125
0 0.3109375 0.27421875 0.028125 0.028125
0 0.28828125 0.2859375 0.025 0.028125
0 0.275 0.31640625 0.028125 0.03125
0 0.2921875 0.396875 0.028125 0.03125
0 0.27890625 0.36640625 0.025 0.03125
0 0.70078125 0.56875 0.0296875 0.040625
0 0.6671875 0.57265625 0.0296875 0.0375
0 0.61484375 0.565625 0.0328125 0.034375
0 0.6140625 0.61328125 0.03125 0.0375
0 0.58359375 0.64375 0.0359375 0.0359375
0 0.54140625 0.63359375 0.0296875 0.0375
0 0.51484375 0.58515625 0.028125 0.03125
0 0.49765625 0.621875 0.025 0.03125
0 0.47734375 0.6 0.028125 0.0328125
0 0.4625 0.5703125 0.0265625 0.034375
0 0.4828125 0.55 0.028125 0.03125
0 0.4328125 0.56875 0.028125 0.03125
0 0.4203125 0.51796875 0.028125 0.03125
0 0.4359375 0.73671875 0.0296875 0.0359375
0 0.41953125 0.6984375 0.028125 0.0359375
0 0.40703125 0.6734375 0.028125 0.03125
0 0.38515625 0.65703125 0.028125 0.0328125
0 0.36953125 0.62890625 0.0296875 0.034375
0 0.66015625 0.83828125 0.0328125 0.0390625
0 0.61796875 0.83671875 0.0328125 0.04375
0 0.56796875 0.7984375 0.034375 0.040625
0 0.5484375 0.7578125 0.0328125 0.040625
0 0.58203125 0.8703125 0.0328125 0.040625
0 0.56015625 0.8953125 0.0359375 0.04375
0 0.53125 0.9078125 0.0359375 0.040625
0 0.51953125 0.85625 0.0328125 0.0421875
0 0.484375 0.796875 0.0359375 0.0421875
0 0.471875 0.86875 0.0328125 0.034375
0 0.4765625 0.83359375 0.0328125 0.040625
0 0.49296875 0.89609375 0.0296875 0.040625
0 0.4546875 0.89921875 0.0328125 0.0421875
0 0.4421875 0.8546875 0.0328125 0.040625
0 0.4421875 0.8171875 0.0359375 0.0421875
0 0.4109375 0.7515625 0.03125 0.040625
0 0.38046875 0.82578125 0.0359375 0.0390625
0 0.3671875 0.734375 0.03125 0.0375
0 0.3625 0.6890625 0.03125 0.034375
0 0.33359375 0.63359375 0.0328125 0.0375
0 0.31875 0.5609375 0.0328125 0.0359375
0 0.28203125 0.72578125 0.0328125 0.0375
0 0.23359375 0.69140625 0.0359375 0.0390625
0 0.23828125 0.5171875 0.0296875 0.034375
0 0.1890625 0.59765625 0.0328125 0.034375