0 0.4625 0.2109375 0.03046875 0.01875
0 0.4359375 0.2125 0.025 0.01640625
0 0.43359375 0.2328125 0.025 0.0203125
0 0.43046875 0.25546875 0.021875 0.0171875
0 0.48046875 0.253125 0.02265625 0.01875
0 0.490625 0.2734375 0.028125 0.01953125
0 0.440625 0.27265625 0.025 0.01875
0 0.42421875 0.2859375 0.0234375 0.01953125
0 0.45859375 0.29375 0.025 0.02109375
0 0.45546875 0.190625 0.02578125 0.02109375
0 0.4796875 0.19296875 0.0234375 0.0203125
0 0.50703125 0.196875 0.025 0.01875
0 0.50703125 0.2453125 0.02421875 0.01875
0 0.53125 0.2515625 0.021875 0.01875
0 0.52109375 0.2203125 0.0265625 0.01796875
0 0.54765625 0.22578125 0.025 0.01796875
0 0.5640625 0.2453125 0.025 0.0203125
0 0.5859375 0.24296875 0.021875 0.0203125
0 0.60859375 0.2484375 0.0234375 0.01953125
0 0.625 0.23828125 0.021875 0.01875
0 0.67890625 0.240625 0.0265625 0.01875
0 0.665625 0.259375 0.0234375 0.01875
0 0.603125 0.27265625 0.02421875 0.01796875
0 0.625 0.26171875 0.02421875 0.01796875
0 0.64765625 0.26953125 0.02421875 0.0203125
0 0.58203125 0.2609375 0.02109375 0.01796875
0 0.58515625 0.28203125 0.0265625 0.0171875
0 0.60859375 0.28984375 0.02265625 0.01953125
0 0.6328125 0.29140625 0.02109375 0.0171875
0 0.6515625 0.30078125 0.02265625 0.01875
0 0.6734375 0.29296875 0.0234375 0.01875
0 0.696875 0.3015625 0.02578125 0.01875
0 0.675 0.3203125 0.0265625 0.01875
0 0.62734375 0.309375 0.02421875 0.0171875
0 0.64921875 0.31875 0.02109375 0.015625
0 0.65625 0.33671875 0.02578125 0.01953125
0 0.5671875 0.30703125 0.021875 0.01953125
0 0.5890625 0.3 0.01953125 0.01875
0 0.59453125 0.3171875 0.02421875 0.01875
0 0.615625 0.32421875 0.0203125 0.01796875
0 0.63203125 0.33828125 0.02109375 0.01875
0 0.5796875 0.33125 0.02265625 0.0171875
0 0.59921875 0.33984375 0.02109375 0.01640625
0 0.61484375 0.35546875 0.02421875 0.01875
0 0.61015625 0.38046875 0.025 0.02109375
0 0.54765625 0.32265625 0.02265625 0.01953125
0 0.5203125 0.32265625 0.02578125 0.0203125
0 0.54140625 0.34296875 0.0234375 0.01875
0 0.49765625 0.34921875 0.025 0.01875
0 0.4703125 0.3375 0.02421875 0.01953125
0 0.47421875 0.3578125 0.0234375 0.0171875
0 0.4359375 0.3296875 0.02421875 0.01875
0 0.4484375 0.3546875 0.02421875 0.01796875
0 0.4421875 0.37109375 0.02421875 0.01796875
0 0.46484375 0.375 0.02265625 0.01953125
0 0.4421875 0.39921875 0.02421875 0.01875
0 0.41875 0.36640625 0.02265625 0.0171875
0 0.42265625 0.3875 0.021875 0.02109375
0 0.3921875 0.36484375 0.02265625 0.01640625
0 0.40078125 0.38046875 0.0234375 0.01875
0 0.36484375 0.35546875 0.0234375 0.01875
0 0.371875 0.3734375 0.02421875 0.01953125
0 0.38359375 0.39296875 0.02265625 0.01953125
0 0.40546875 0.40234375 0.025 0.01796875
0 0.3578125 0.38828125 0.0234375 0.01796875
0 0.37421875 0.41015625 0.02265625 0.01875
0 0.3484375 0.40625 0.02265625 0.01875
0 0.3234375 0.40078125 0.02421875 0.01796875
0 0.3140625 0.384375 0.02265625 0.01953125
0 0.29140625 0.39921875 0.02421875 0.01796875
0 0.31171875 0.4203125 0.02421875 0.0203125
0 0.334375 0.4265625 0.021875 0.01875
0 0.27421875 0.41171875 0.02421875 0.01796875
0 0.2890625 0.4265625 0.021875 0.0171875
0 0.30703125 0.43828125 0.02265625 0.0171875
0 0.32109375 0.453125 0.021875 0.01796875
0 0.29296875 0.45625 0.02421875 0.01953125
0 0.27421875 0.44453125 0.025 0.01796875
0 0.259375 0.428125 0.0203125 0.01796875
0 0.24296875 0.41328125 0.02421875 0.01875
0 0.246875 0.38203125 0.02421875 0.01953125
0 0.228125 0.43203125 0.0234375 0.01875
0 0.24453125 0.4484375 0.02421875 0.01953125
0 0.20546875 0.4453125 0.0234375 0.01796875
0 0.2265625 0.46015625 0.02421875 0.01875
0 0.17734375 0.45234375 0.02421875 0.0203125
0 0.13515625 0.390625 0.0265625 0.01875
0 0.1453125 0.41953125 0.02578125 0.02109375
0 0.12421875 0.45 0.02421875 0.01875
0 0.1078125 0.4671875 0.02578125 0.021875
0 0.11953125 0.49453125 0.02578125 0.021875
0 0.13671875 0.5265625 0.02109375 0.01875
0 0.15625 0.54140625 0.025 0.02109375
0 0.1796875 0.540625 0.02265625 0.01875
0 0.1875 0.51796875 0.025 0.01953125
0 0.140625 0.5078125 0.0234375 0.01796875
0 0.16640625 0.50859375 0.025 0.01953125
0 0.1859375 0.49609375 0.02421875 0.01953125