0 0.571875 0.3953125 0.0390625 0.0453125
0 0.55703125 0.43203125 0.0328125 0.0453125
0 0.56875 0.47109375 0.0359375 0.0453125
0 0.59453125 0.4265625 0.0359375 0.0421875
0 0.62421875 0.4 0.0390625 0.0421875
0 0.609375 0.35703125 0.0328125 0.0453125
0 0.57734375 0.34765625 0.034375 0.0453125
0 0.6390625 0.30859375 0.04375 0.05
0 0.66640625 0.259375 0.0390625 0.0453125
0 0.5875 0.22578125 0.0359375 0.046875
0 0.55 0.2140625 0.0359375 0.0421875
0 0.5171875 0.2359375 0.0359375 0.0453125
0 0.61953125 0.25703125 0.0359375 0.04375
0 0.48671875 0.278125 0.0328125 0.04375
0 0.5859375 0.284375 0.0328125 0.04375
0 0.45703125 0.278125 0.0328125 0.040625
0 0.51953125 0.321875 0.0359375 0.0421875
0 0.475 0.315625 0.0328125 0.0390625
0 0.4140625 0.26015625 0.034375 0.0421875
0 0.46171875 0.35546875 0.0328125 0.0421875
0 0.434375 0.315625 0.0328125 0.0421875
0 0.47890625 0.38671875 0.0328125 0.0421875
0 0.4265625 0.3625 0.0296875 0.0390625
0 0.40078125 0.34453125 0.0265625 0.0390625
0 0.4125 0.40078125 0.028125 0.0390625
0 0.38671875 0.3875 0.0296875 0.0453125
0 0.53203125 0.4609375 0.0328125 0.0375
0 0.58359375 0.5140625 0.0359375 0.0453125
0 0.540625 0.50234375 0.03125 0.0484375
0 0.51484375 0.49140625 0.03125 0.0453125
0 0.54609375 0.5765625 0.03125 0.0453125
0 0.52265625 0.53671875 0.0296875 0.0421875
0 0.4953125 0.5421875 0.0296875 0.0453125
0 0.4859375 0.50390625 0.03125 0.0421875
0 0.46640625 0.48359375 0.028125 0.0390625
0 0.45546875 0.44765625 0.0328125 0.0421875
0 0.51484375 0.58671875 0.0296875 0.0453125
0 0.48671875 0.58046875 0.0265625 0.0421875
0 0.46640625 0.55234375 0.0296875 0.0390625
0 0.4546875 0.51875 0.0296875 0.0375
0 0.43828125 0.48984375 0.03125 0.0359375
0 0.42421875 0.4640625 0.028125 0.0390625
0 0.3953125 0.43984375 0.03125 0.0390625
0 0.42578125 0.5265625 0.0265625 0.0390625
0 0.4578125 0.5875 0.03125 0.0421875
0 0.43828125 0.56171875 0.0296875 0.040625
0 0.4078125 0.559375 0.0265625 0.0390625
0 0.43828125 0.6140625 0.0265625 0.040625
0 0.4109375 0.6 0.0234375 0.0421875
0 0.4140625 0.64609375 0.0265625 0.040625
0 0.38984375 0.6265625 0.028125 0.0453125
0 0.3765625 0.58515625 0.0296875 0.0390625
0 0.384375 0.546875 0.028125 0.0375
0 0.396875 0.50546875 0.034375 0.0421875
0 0.33671875 0.35546875 0.03125 0.034375
0 0.3359375 0.3921875 0.0265625 0.0375
0 0.309375 0.3921875 0.028125 0.034375
0 0.37421875 0.33203125 0.0296875 0.040625
0 0.2890625 0.42109375 0.028125 0.0375
0 0.31796875 0.43515625 0.0296875 0.0390625
0 0.29140625 0.45703125 0.0265625 0.0375
0 0.26015625 0.4265625 0.0296875 0.0390625
0 0.28125 0.3828125 0.028125 0.0375
0 0.26796875 0.47734375 0.0265625 0.040625
0 0.2421875 0.46484375 0.025 0.0359375
0 0.2734375 0.515625 0.0265625 0.0390625
0 0.31640625 0.4875 0.0296875 0.0390625
0 0.353125 0.56796875 0.0296875 0.0390625
0 0.3609375 0.6375 0.0296875 0.040625
0 0.4390625 0.75390625 0.0375 0.0484375
0 0.39375 0.765625 0.0328125 0.0453125
0 0.3375 0.66953125 0.0296875 0.0421875
0 0.325 0.590625 0.0296875 0.0453125
0 0.2984375 0.571875 0.03125 0.0359375
0 0.26875 0.55546875 0.028125 0.0390625
0 0.24765625 0.525 0.0328125 0.040625
0 0.23125 0.3578125 0.0296875 0.0390625
0 0.16328125 0.29921875 0.025 0.0328125
0 0.26171875 0.596875 0.0296875 0.0375
0 0.19296875 0.41328125 0.0265625 0.0390625
0 0.2765625 0.63046875 0.0296875 0.0390625
0 0.234375 0.57890625 0.0296875 0.0390625
0 0.19140625 0.4546875 0.0296875 0.0390625
0 0.23515625 0.6234375 0.0328125 0.040625
0 0.2046875 0.60859375 0.0296875 0.0390625
0 0.1953125 0.55 0.0234375 0.0390625
0 0.18984375 0.64609375 0.0328125 0.0359375
0 0.31875 0.9296875 0.0328125 0.0421875
0 0.21796875 0.6921875 0.0296875 0.0390625
0 0.28984375 0.87578125 0.0296875 0.0421875
0 0.1890625 0.684375 0.0296875 0.0359375
0 0.15859375 0.63671875 0.0296875 0.0390625
0 0.26015625 0.85859375 0.0296875 0.0390625
0 0.159375 0.69921875 0.0265625 0.0359375
0 0.18984375 0.79921875 0.0296875 0.034375
0 0.134375 0.69453125 0.0234375 0.0375
0 0.171875 0.75 0.0296875 0.0375
0 0.103125 0.684375 0.0296875 0.0359375
0 0.0859375 0.6359375 0.0296875 0.0390625