0 0.65234375 0.421875 0.015625 0.01015625
0 0.63984375 0.41328125 0.015625 0.0125
0 0.65234375 0.3984375 0.01640625 0.0125
0 0.64765625 0.43125 0.01796875 0.0125
0 0.540625 0.44140625 0.01796875 0.01484375
0 0.55390625 0.4328125 0.015625 0.015625
0 0.52421875 0.4328125 0.01640625 0.01328125
0 0.53984375 0.4265625 0.01640625 0.01171875
0 0.55078125 0.41953125 0.015625 0.0140625
0 0.5671875 0.42578125 0.01484375 0.0125
0 0.578125 0.41953125 0.015625 0.0125
0 0.5140625 0.4203125 0.01875 0.01484375
0 0.53828125 0.4109375 0.0203125 0.01484375
0 0.56328125 0.41328125 0.01953125 0.0140625
0 0.57734375 0.40625 0.015625 0.0125
0 0.5921875 0.41328125 0.01640625 0.01171875
0 0.6 0.42265625 0.015625 0.01328125
0 0.621875 0.4328125 0.01484375 0.01328125
0 0.65703125 0.45859375 0.015625 0.0140625
0 0.67265625 0.453125 0.01484375 0.01328125
0 0.6078125 0.46875 0.0171875 0.0140625
0 0.61953125 0.4796875 0.01640625 0.01484375
0 0.634375 0.475 0.01875 0.0140625
0 0.68203125 0.490625 0.01953125 0.01328125
0 0.6984375 0.49140625 0.0125 0.0125
0 0.6328125 0.49296875 0.01328125 0.0109375
0 0.64140625 0.5 0.015625 0.0125
0 0.60859375 0.49296875 0.015625 0.01171875
0 0.6234375 0.503125 0.01796875 0.0140625
0 0.6453125 0.5296875 0.01640625 0.01328125
0 0.69765625 0.5265625 0.01640625 0.01484375
0 0.62890625 0.540625 0.01484375 0.01484375
0 0.64140625 0.54765625 0.0171875 0.015625
0 0.6234375 0.52421875 0.0171875 0.0140625
0 0.61796875 0.54921875 0.0171875 0.015625
0 0.5046875 0.4359375 0.0171875 0.01328125
0 0.51796875 0.44375 0.01640625 0.01328125
0 0.53046875 0.45234375 0.01484375 0.0125
0 0.54296875 0.4609375 0.0171875 0.0125
0 0.55234375 0.47109375 0.01640625 0.01171875
0 0.5 0.44765625 0.0171875 0.0125
0 0.51328125 0.45859375 0.0171875 0.015625
0 0.5234375 0.4671875 0.01953125 0.0125
0 0.5359375 0.475 0.01640625 0.0109375
0 0.57734375 0.5015625 0.01875 0.01171875
0 0.54453125 0.48828125 0.01796875 0.01328125
0 0.49609375 0.46171875 0.01640625 0.0140625
0 0.50546875 0.4734375 0.01796875 0.0140625
0 0.51953125 0.48203125 0.01796875 0.0125
0 0.5328125 0.4984375 0.01796875 0.01484375
0 0.4796875 0.46796875 0.02109375 0.01328125
0 0.48671875 0.48125 0.01953125 0.01328125
0 0.49921875 0.48828125 0.01796875 0.0140625
0 0.51328125 0.4953125 0.01796875 0.01484375
0 0.46484375 0.47578125 0.01796875 0.015625
0 0.47421875 0.490625 0.01640625 0.015625
0 0.48984375 0.50546875 0.0171875 0.01484375
0 0.446875 0.4515625 0.0203125 0.0171875
0 0.4703125 0.50390625 0.01875 0.01328125
0 0.4828125 0.51484375 0.01640625 0.015625
0 0.4125 0.47734375 0.01875 0.0171875
0 0.4765625 0.5296875 0.01484375 0.0140625
0 0.39140625 0.4859375 0.0203125 0.015625
0 0.46484375 0.51796875 0.0203125 0.01328125
0 0.46796875 0.54609375 0.0171875 0.01484375
0 0.48515625 0.5421875 0.01875 0.01484375
0 0.5953125 0.5703125 0.01484375 0.0125
0 0.61015625 0.5765625 0.0171875 0.0140625
0 0.6375 0.5828125 0.01484375 0.01484375
0 0.58046875 0.575 0.01484375 0.01328125
0 0.584375 0.5875 0.01640625 0.0125
0 0.54375 0.5375 0.015625 0.0140625
0 0.50546875 0.5625 0.015625 0.01328125
0 0.49296875 0.55625 0.01484375 0.01328125
0 0.52109375 0.5609375 0.0171875 0.01484375
0 0.484375 0.56171875 0.01484375 0.0109375
0 0.53671875 0.56328125 0.01640625 0.01484375
0 0.471875 0.5609375 0.01640625 0.0140625
0 0.49375 0.5734375 0.0171875 0.015625
0 0.51875 0.5796875 0.01796875 0.01796875
0 0.65078125 0.6125 0.01953125 0.009375
0 0.54375 0.584375 0.01953125 0.01328125
0 0.64765625 0.621875 0.01640625 0.01328125
0 0.59609375 0.59765625 0.0171875 0.0140625
0 0.63046875 0.6140625 0.0171875 0.01484375
0 0.6109375 0.64296875 0.01640625 0.01484375
0 0.5890625 0.62265625 0.0171875 0.01484375
0 0.55703125 0.6234375 0.01953125 0.015625
0 0.47109375 0.60625 0.01796875 0.01640625
0 0.40546875 0.52734375 0.01875 0.01484375
0 0.48359375 0.58671875 0.01796875 0.015625
0 0.41953125 0.52265625 0.0203125 0.0140625
0 0.459375 0.59296875 0.01796875 0.0140625
0 0.46796875 0.62109375 0.0171875 0.0140625
0 0.3984375 0.58359375 0.02109375 0.01640625
0 0.4203125 0.6 0.02109375 0.01484375
0 0.45 0.62109375 0.01953125 0.01484375
0 0.46640625 0.65078125 0.01796875 0.015625
0 0.4984375 0.65625 0.0203125 0.01484375