0 0.659375 0.40625 0.0296875 0.0296875
0 0.5640625 0.34296875 0.028125 0.03125
0 0.85546875 0.05390625 0.03828125 0.03671875
0 0.69375 0.1140625 0.0328125 0.04296875
0 0.9375 0.5234375 0.03828125 0.03671875
0 0.79375 0.21171875 0.0359375 0.0390625
0 0.82890625 0.22578125 0.03515625 0.0390625
0 0.75859375 0.146875 0.034375 0.03515625
0 0.83125 0.34765625 0.0359375 0.03828125
0 0.75703125 0.6640625 0.040625 0.03515625
0 0.13359375 0.6421875 0.02265625 0.02734375
0 0.7421875 0.21015625 0.03359375 0.0328125
0 0.68046875 0.1796875 0.0328125 0.0359375
0 0.7 0.203125 0.03828125 0.0359375
0 0.63984375 0.25 0.0375 0.03671875
0 0.67890625 0.253125 0.03359375 0.03359375
0 0.1359375 0.66875 0.02265625 0.02734375
0 0.71484375 0.16796875 0.03359375 0.034375
0 0.546875 0.25546875 0.03125 0.0328125
0 0.759375 0.2796875 0.03515625 0.03515625
0 0.8484375 0.45703125 0.0375 0.03828125
0 0.5703125 0.27578125 0.03203125 0.03515625
0 0.48671875 0.853125 0.02890625 0.034375
0 0.784375 0.34296875 0.03515625 0.0359375
0 0.721875 0.29921875 0.0359375 0.0359375
0 0.6953125 0.28125 0.03671875 0.03515625
0 0.69609375 0.4796875 0.0328125 0.03359375
0 0.7953125 0.515625 0.040625 0.034375
0 0.6921875 0.64921875 0.034375 0.0375
0 0.74921875 0.32734375 0.0359375 0.03671875
0 0.58671875 0.30234375 0.03203125 0.0328125
0 0.6265625 0.29140625 0.03203125 0.03359375
0 0.7015625 0.3375 0.034375 0.03515625
0 0.721875 0.3765625 0.03359375 0.034375
0 0.80625 0.4375 0.03671875 0.0359375
0 0.8 0.4015625 0.03671875 0.0359375
0 0.79921875 0.478125 0.03671875 0.0359375
0 0.67734375 0.4328125 0.034375 0.03359375
0 0.75078125 0.55859375 0.034375 0.0328125
0 0.41796875 0.7875 0.02734375 0.03203125
0 0.7765625 0.3796875 0.0359375 0.03671875
0 0.603125 0.3234375 0.03125 0.03203125
0 0.709375 0.425 0.03359375 0.034375
0 0.7609375 0.459375 0.0359375 0.0359375
0 0.59140625 0.35703125 0.03125 0.0328125
0 0.64375 0.31796875 0.03203125 0.0328125
0 0.57578125 0.384375 0.03125 0.0328125
0 0.75703125 0.496875 0.03515625 0.034375
0 0.72421875 0.46171875 0.034375 0.03515625
0 0.69140625 0.39765625 0.03359375 0.03515625
0 0.55390625 0.45234375 0.0296875 0.03203125
0 0.53671875 0.34921875 0.03046875 0.0328125
0 0.64296875 0.38125 0.03359375 0.034375
0 0.684375 0.60546875 0.03359375 0.03359375
0 0.64140625 0.4390625 0.0328125 0.03359375
0 0.53515625 0.38046875 0.03046875 0.0328125
0 0.66484375 0.46796875 0.034375 0.0328125
0 0.65546875 0.6328125 0.03203125 0.034375
0 0.53984375 0.42578125 0.0296875 0.03203125
0 0.66640625 0.340625 0.0328125 0.0359375
0 0.59765625 0.4171875 0.03203125 0.03203125
0 0.50390625 0.43828125 0.02890625 0.03359375
0 0.61015625 0.37890625 0.0328125 0.03203125
0 0.6359375 0.35 0.03359375 0.03359375
0 0.6078125 0.50625 0.03125 0.0328125
0 0.5265625 0.465625 0.0296875 0.03203125
0 0.63359375 0.478125 0.03203125 0.0328125
0 0.51796875 0.40625 0.0296875 0.03203125
0 0.56796875 0.41640625 0.03125 0.03203125
0 0.5296875 0.49921875 0.0296875 0.03203125
0 0.58515625 0.44453125 0.03125 0.03125
0 0.7203125 0.53984375 0.034375 0.03359375
0 0.446875 0.79765625 0.02890625 0.03359375
0 0.696875 0.5734375 0.03359375 0.03359375
0 0.72421875 0.5 0.03515625 0.034375
0 0.75703125 0.42265625 0.0359375 0.03515625
0 0.553125 0.48359375 0.03046875 0.03203125
0 0.5890625 0.48203125 0.0328125 0.0328125
0 0.4984375 0.46796875 0.03203125 0.03203125
0 0.6453125 0.50859375 0.0328125 0.034375
0 0.6796875 0.5109375 0.03359375 0.03515625
0 0.5625 0.51328125 0.03203125 0.03203125
0 0.590625 0.5375 0.03125 0.0328125
0 0.64765625 0.5953125 0.03203125 0.0328125
0 0.6296875 0.41015625 0.0328125 0.0328125
0 0.471875 0.8140625 0.02890625 0.0328125
0 0.6875 0.5421875 0.034375 0.03359375
0 0.62421875 0.6859375 0.03046875 0.03359375
0 0.60625 0.45703125 0.03359375 0.0328125
0 0.59375 0.5953125 0.03046875 0.03203125
0 0.53671875 0.59140625 0.0296875 0.03203125
0 0.63671875 0.5671875 0.03125 0.03203125
0 0.5390625 0.53125 0.03046875 0.03203125
0 0.62109375 0.53984375 0.03125 0.03203125
0 0.48671875 0.5640625 0.028125 0.0328125
0 0.5015625 0.59296875 0.03203125 0.0328125
0 0.49296875 0.49921875 0.0296875 0.03125
0 0.54609375 0.56015625 0.0296875 0.03203125
0 0.61796875 0.61796875 0.03046875 0.0328125
0 0.65078125 0.53984375 0.03359375 0.03359375
0 0.5765625 0.56796875 0.03046875 0.03125
0 0.596875 0.67109375 0.03046875 0.03359375
0 0.5140625 0.56484375 0.02890625 0.0328125
0 0.51171875 0.52421875 0.03046875 0.0328125
0 0.58046875 0.621875 0.0296875 0.03125
0 0.5140625 0.6234375 0.03046875 0.03203125
0 0.44296875 0.60859375 0.03046875 0.03125
0 0.484375 0.53125 0.03125 0.03125
0 0.475 0.6046875 0.03046875 0.03203125
0 0.54609375 0.621875 0.03046875 0.03203125
0 0.4875 0.6453125 0.02890625 0.03203125
0 0.55 0.79453125 0.03046875 0.03515625
0 0.57109375 0.6546875 0.0296875 0.0328125
0 0.60546875 0.5671875 0.03125 0.03203125
0 0.5203125 0.81171875 0.0296875 0.03359375
0 0.45703125 0.58125 0.0296875 0.03125
0 0.46328125 0.63203125 0.03046875 0.03203125
0 0.4671875 0.6625 0.028125 0.03125
0 0.54375 0.65546875 0.03046875 0.0328125
0 0.51640625 0.6609375 0.03046875 0.03359375
0 0.58515625 0.709375 0.03046875 0.03359375
0 0.5671875 0.684375 0.0296875 0.03203125
0 0.571875 0.77421875 0.03046875 0.03671875
0 0.49296875 0.678125 0.02890625 0.03125
0 0.43984375 0.64921875 0.028125 0.0328125
0 0.603125 0.73671875 0.03125 0.0359375
0 0.546875 0.7171875 0.0296875 0.03359375
0 0.56484375 0.5953125 0.0296875 0.03046875
0 0.44296875 0.690625 0.0296875 0.03203125
0 0.51796875 0.7359375 0.02890625 0.03203125
0 0.53828125 0.6859375 0.02890625 0.0328125
0 0.50625 0.70625 0.03046875 0.03359375
0 0.46796875 0.70546875 0.03203125 0.03359375
0 0.4375 0.7234375 0.0296875 0.03203125
0 0.5703125 0.740625 0.03125 0.0328125
0 0.46484375 0.76875 0.02890625 0.03203125
0 0.459375 0.73828125 0.0296875 0.0328125
0 0.49453125 0.76328125 0.0296875 0.0328125
0 0.49453125 0.7953125 0.03046875 0.03359375
0 0.52265625 0.771875 0.0296875 0.03359375
0 0.54375 0.753125 0.0296875 0.0328125
0 0.48359375 0.73359375 0.02890625 0.03203125