0 0.58203125 0.20546875 0.03125 0.021875
0 0.54140625 0.21875 0.02734375 0.021875
0 0.47890625 0.2171875 0.0296875 0.021875
0 0.51796875 0.23359375 0.0296875 0.02109375
0 0.63359375 0.23203125 0.0296875 0.021875
0 0.65859375 0.2453125 0.028125 0.02109375
0 0.671875 0.2671875 0.02890625 0.02265625
0 0.49765625 0.25859375 0.028125 0.0234375
0 0.46171875 0.27734375 0.02578125 0.02265625
0 0.54609375 0.3140625 0.03203125 0.025
0 0.2765625 0.27265625 0.0296875 0.021875
0 0.83359375 0.265625 0.02578125 0.0203125
0 0.82109375 0.28359375 0.0265625 0.02109375
0 0.84921875 0.3171875 0.02890625 0.02421875
0 0.76171875 0.3234375 0.03046875 0.025
0 0.79375 0.37578125 0.0296875 0.0234375
0 0.71328125 0.38125 0.02890625 0.02109375
0 0.734375 0.36953125 0.02890625 0.02109375
0 0.6296875 0.35078125 0.028125 0.02421875
0 0.59453125 0.36328125 0.028125 0.0203125
0 0.61015625 0.37734375 0.028125 0.02109375
0 0.6328125 0.39296875 0.03203125 0.0234375
0 0.58203125 0.4125 0.03203125 0.02421875
0 0.615625 0.4140625 0.03203125 0.0265625
0 0.5734375 0.4375 0.03203125 0.0234375
0 0.70625 0.42578125 0.03125 0.0265625
0 0.7 0.46015625 0.03125 0.02265625
0 0.70078125 0.48203125 0.03125 0.02109375
0 0.68125 0.52578125 0.03359375 0.025
0 0.56640625 0.49765625 0.0328125 0.02578125
0 0.5640625 0.53046875 0.03125 0.02265625
0 0.4484375 0.47578125 0.03125 0.02421875
0 0.4796875 0.48125 0.0296875 0.02421875
0 0.40859375 0.48359375 0.03046875 0.02265625
0 0.46875 0.51640625 0.0296875 0.0234375
0 0.4828125 0.5375 0.0296875 0.02265625
0 0.509375 0.55703125 0.0296875 0.0234375
0 0.5984375 0.6171875 0.03203125 0.0234375
0 0.39453125 0.59296875 0.03203125 0.02578125
0 0.34609375 0.58828125 0.03203125 0.025
0 0.3375 0.5609375 0.0328125 0.02421875
0 0.309375 0.553125 0.0328125 0.021875
0 0.35546875 0.54140625 0.0328125 0.0234375
0 0.28671875 0.53828125 0.03046875 0.02109375
0 0.31875 0.5171875 0.03125 0.02421875
0 0.26953125 0.5015625 0.03046875 0.02421875
0 0.46953125 0.35703125 0.03046875 0.01875
0 0.465625 0.3765625 0.0328125 0.021875
0 0.49609375 0.384375 0.028125 0.02421875
0 0.46015625 0.4109375 0.0296875 0.02421875
0 0.4140625 0.3765625 0.0296875 0.02421875
0 0.39609375 0.34296875 0.03125 0.0234375
0 0.384375 0.3203125 0.028125 0.021875
0 0.30625 0.3578125 0.03125 0.02421875
0 0.30859375 0.384375 0.03203125 0.02578125
0 0.4296875 0.41953125 0.02734375 0.028125
0 0.32421875 0.42734375 0.03359375 0.025
0 0.27890625 0.43828125 0.03359375 0.02734375
0 0.2546875 0.46796875 0.0296875 0.02421875
0 0.090625 0.4359375 0.03359375 0.025
0 0.09765625 0.46640625 0.03515625 0.02421875
0 0.1671875 0.5125 0.0390625 0.025
0 0.13046875 0.5046875 0.03359375 0.02421875
0 0.07421875 0.5015625 0.0328125 0.02421875
0 0.0546875 0.5203125 0.0328125 0.02265625
0 0.05078125 0.546875 0.03359375 0.02734375
0 0.090625 0.54921875 0.03125 0.0234375
0 0.140625 0.571875 0.0296875 0.025
0 0.11171875 0.58203125 0.0328125 0.02265625
0 0.0625 0.5765625 0.03203125 0.025
0 0.08359375 0.5890625 0.03046875 0.02109375
0 0.0609375 0.6078125 0.03125 0.02734375
0 0.09609375 0.61328125 0.0328125 0.02578125
0 0.12734375 0.61015625 0.0328125 0.0265625
0 0.19375 0.60546875 0.03359375 0.02421875
0 0.18515625 0.6296875 0.034375 0.02578125
0 0.22734375 0.615625 0.03203125 0.02421875
0 0.25390625 0.625 0.03125 0.02421875
0 0.27109375 0.64140625 0.0328125 0.02265625
0 0.2984375 0.65234375 0.03203125 0.025
0 0.12578125 0.66171875 0.03359375 0.0265625
0 0.20390625 0.6625 0.034375 0.0265625
0 0.24375 0.66328125 0.03203125 0.025
0 0.3671875 0.69140625 0.03203125 0.02578125
0 0.2953125 0.68515625 0.0328125 0.02890625
0 0.22109375 0.7375 0.034375 0.025
0 0.25546875 0.778125 0.03203125 0.02421875
0 0.42265625 0.76328125 0.03046875 0.025
0 0.3515625 0.8140625 0.03046875 0.02421875
0 0.50546875 0.64296875 0.02890625 0.02421875
0 0.60078125 0.6484375 0.03203125 0.02265625
0 0.55625 0.6484375 0.02890625 0.021875
0 0.58125 0.66875 0.03203125 0.025
0 0.61328125 0.67265625 0.028125 0.02265625
0 0.66953125 0.6671875 0.02890625 0.02578125
0 0.65859375 0.69296875 0.0296875 0.0265625
0 0.5390625 0.69921875 0.03046875 0.02578125
0 0.5734375 0.709375 0.0296875 0.0234375
0 0.628125 0.70859375 0.03359375 0.0234375