0 0.48515625 0.75546875 0.01875 0.021875
0 0.453125 0.709375 0.021875 0.0203125
0 0.615625 0.44296875 0.01875 0.015625
0 0.61015625 0.4234375 0.0171875 0.015625
0 0.6 0.4375 0.015625 0.015625
0 0.596875 0.41484375 0.015625 0.015625
0 0.58828125 0.4296875 0.015625 0.015625
0 0.5796875 0.415625 0.015625 0.015625
0 0.57421875 0.40078125 0.015625 0.015625
0 0.55625 0.3890625 0.015625 0.015625
0 0.62578125 0.47890625 0.015625 0.01875
0 0.60859375 0.47734375 0.015625 0.0171875
0 0.61328125 0.46015625 0.015625 0.015625
0 0.596875 0.45390625 0.015625 0.0140625
0 0.5828125 0.446875 0.015625 0.015625
0 0.571875 0.43125 0.015625 0.015625
0 0.56328125 0.41171875 0.015625 0.015625
0 0.546875 0.4109375 0.0140625 0.015625
0 0.53046875 0.41484375 0.015625 0.015625
0 0.55703125 0.43984375 0.015625 0.015625
0 0.546875 0.42890625 0.015625 0.015625
0 0.5671875 0.45078125 0.015625 0.015625
0 0.59296875 0.4703125 0.015625 0.015625
0 0.578125 0.4625 0.0140625 0.0140625
0 0.56328125 0.46640625 0.015625 0.0140625
0 0.528125 0.4359375 0.015625 0.015625
0 0.55078125 0.45703125 0.015625 0.015625
0 0.540625 0.44453125 0.015625 0.0125
0 0.5484375 0.475 0.015625 0.015625
0 0.56171875 0.4828125 0.015625 0.015625
0 0.57734375 0.4796875 0.015625 0.015625
0 0.59296875 0.48828125 0.015625 0.015625
0 0.60859375 0.4953125 0.015625 0.015625
0 0.62578125 0.5 0.015625 0.015625
0 0.62109375 0.51640625 0.015625 0.015625
0 0.603125 0.51875 0.01875 0.0140625
0 0.5953125 0.50546875 0.015625 0.015625
0 0.58046875 0.49921875 0.015625 0.015625
0 0.5828125 0.515625 0.015625 0.015625
0 0.56796875 0.51484375 0.015625 0.0171875
0 0.5625 0.4984375 0.015625 0.0140625
0 0.5515625 0.5109375 0.015625 0.0140625
0 0.5484375 0.49375 0.015625 0.015625
0 0.53515625 0.503125 0.015625 0.015625
0 0.53359375 0.4875 0.015625 0.015625
0 0.53671875 0.465625 0.0140625 0.015625
0 0.525 0.47578125 0.0140625 0.0140625
0 0.528125 0.453125 0.015625 0.0125
0 0.51328125 0.4484375 0.0140625 0.015625
0 0.515625 0.4625 0.0140625 0.015625
0 0.4953125 0.4859375 0.015625 0.015625
0 0.5125 0.48515625 0.015625 0.015625
0 0.503125 0.5 0.015625 0.015625
0 0.51875 0.49921875 0.0140625 0.015625
0 0.52578125 0.51875 0.015625 0.015625
0 0.54140625 0.521875 0.015625 0.015625
0 0.55625 0.52734375 0.015625 0.015625
0 0.5703125 0.5328125 0.015625 0.0171875
0 0.58515625 0.53125 0.015625 0.015625
0 0.6015625 0.5359375 0.01875 0.01875
0 0.603125 0.55546875 0.015625 0.015625
0 0.58828125 0.546875 0.015625 0.015625
0 0.5734375 0.55 0.015625 0.015625
0 0.5578125 0.54375 0.015625 0.0140625
0 0.54375 0.5375 0.015625 0.015625
0 0.528125 0.53359375 0.0140625 0.015625
0 0.5140625 0.53046875 0.015625 0.015625
0 0.51640625 0.54609375 0.015625 0.0140625
0 0.546875 0.55390625 0.0140625 0.015625
0 0.53203125 0.5484375 0.015625 0.015625
0 0.5609375 0.56015625 0.015625 0.015625
0 0.5828125 0.5671875 0.015625 0.015625
0 0.55390625 0.575 0.015625 0.015625
0 0.56953125 0.58046875 0.015625 0.015625
0 0.58203125 0.6015625 0.015625 0.015625
0 0.5703125 0.61875 0.0171875 0.015625
0 0.559375 0.5984375 0.0171875 0.015625
0 0.52265625 0.62734375 0.0171875 0.0171875
0 0.54140625 0.5953125 0.015625 0.015625
0 0.525 0.59453125 0.015625 0.015625
0 0.5375 0.56796875 0.015625 0.015625
0 0.5234375 0.56328125 0.015625 0.015625
0 0.5171875 0.57734375 0.015625 0.015625
0 0.4921875 0.5953125 0.015625 0.015625
0 0.48515625 0.57265625 0.015625 0.015625
0 0.50546875 0.559375 0.015625 0.015625
0 0.5 0.54453125 0.015625 0.0140625
0 0.496875 0.52890625 0.015625 0.015625
0 0.50703125 0.515625 0.015625 0.015625
0 0.48828125 0.51484375 0.015625 0.015625
0 0.48828125 0.4984375 0.015625 0.0140625
0 0.4765625 0.48671875 0.015625 0.015625
0 0.4625 0.48203125 0.015625 0.0171875
0 0.4859375 0.471875 0.015625 0.0140625
0 0.503125 0.47109375 0.015625 0.015625
0 0.496875 0.4546875 0.015625 0.015625
0 0.50625 0.434375 0.015625 0.015625
0 0.5125 0.41953125 0.015625 0.015625
0 0.49609375 0.4109375 0.0171875 0.015625