0 0.6984375 0.2171875 0.0546875 0.05546875
0 0.54140625 0.23671875 0.0578125 0.05546875
0 0.565625 0.29453125 0.05703125 0.053125
0 0.47265625 0.271875 0.05390625 0.0546875
0 0.78046875 0.52890625 0.05703125 0.053125
0 0.6515625 0.26796875 0.0546875 0.05703125
0 0.603125 0.73828125 0.053125 0.05625
0 0.46640625 0.4625 0.0515625 0.05234375
0 0.134375 0.50234375 0.05546875 0.0546875
0 0.39765625 0.5046875 0.0546875 0.05078125
0 0.4046875 0.78046875 0.05546875 0.06015625
0 0.640625 0.8203125 0.0546875 0.0546875
0 0.415625 0.59765625 0.05390625 0.053125
0 0.346875 0.4078125 0.05703125 0.0546875
0 0.69921875 0.62265625 0.05390625 0.059375
0 0.084375 0.70234375 0.05546875 0.0546875
0 0.3125 0.46796875 0.05546875 0.053125
0 0.5265625 0.496875 0.053125 0.05078125
0 0.3375 0.603125 0.0625 0.05625
0 0.31640625 0.5265625 0.053125 0.053125
0 0.52578125 0.4453125 0.0515625 0.053125
0 0.365625 0.46015625 0.05234375 0.05234375
0 0.54609375 0.54609375 0.053125 0.0515625
0 0.60625 0.5765625 0.053125 0.0515625
0 0.59453125 0.62421875 0.0515625 0.05078125
0 0.54453125 0.6046875 0.053125 0.05625