0 0.753125 0.9078125 0.0328125 0.0328125
0 0.73203125 0.81328125 0.03125 0.0328125
0 0.65703125 0.84609375 0.0296875 0.03125
0 0.64140625 0.87421875 0.0265625 0.0265625
0 0.63671875 0.85078125 0.0265625 0.025
0 0.61875 0.8703125 0.0296875 0.03125
0 0.6140625 0.8453125 0.03125 0.03125
0 0.60234375 0.88671875 0.028125 0.028125
0 0.59296875 0.86171875 0.0296875 0.0296875
0 0.578125 0.87890625 0.0296875 0.0296875
0 0.59140625 0.8390625 0.028125 0.028125
0 0.60390625 0.8171875 0.028125 0.028125
0 0.59609375 0.79375 0.0328125 0.0296875
0 0.6140625 0.78046875 0.0296875 0.0296875
0 0.603125 0.759375 0.0296875 0.0328125
0 0.59296875 0.7328125 0.028125 0.028125
0 0.60625 0.70390625 0.0296875 0.0328125
0 0.603125 0.67578125 0.028125 0.028125
0 0.59375 0.65546875 0.0296875 0.0296875
0 0.571875 0.68671875 0.0296875 0.03125
0 0.57734375 0.6328125 0.028125 0.028125
0 0.5640625 0.65078125 0.0265625 0.025
0 0.55625 0.6234375 0.0296875 0.0296875
0 0.5546875 0.67109375 0.028125 0.028125
0 0.54140625 0.65390625 0.0296875 0.0296875
0 0.53984375 0.690625 0.028125 0.028125
0 0.540625 0.71484375 0.028125 0.028125
0 0.52421875 0.74921875 0.0296875 0.0296875
0 0.5234375 0.6703125 0.028125 0.028125
0 0.5328125 0.771875 0.0296875 0.0296875
0 0.51796875 0.78984375 0.0296875 0.0296875
0 0.53984375 0.840625 0.0328125 0.0328125
0 0.540625 0.7953125 0.0296875 0.03125
0 0.51875 0.82734375 0.0296875 0.0296875
0 0.48984375 0.79296875 0.03125 0.0328125
0 0.5203125 0.85234375 0.0296875 0.0296875
0 0.47109375 0.846875 0.0296875 0.0296875
0 0.45 0.815625 0.0296875 0.0296875
0 0.4859375 0.715625 0.0265625 0.0265625
0 0.4828125 0.69140625 0.028125 0.028125
0 0.7046875 0.7078125 0.0296875 0.0296875
0 0.69375 0.6796875 0.0296875 0.03125
0 0.70390625 0.653125 0.0296875 0.03125
0 0.68046875 0.65703125 0.0296875 0.0296875
0 0.65703125 0.66484375 0.03125 0.0296875
0 0.675 0.6328125 0.0328125 0.0296875
0 0.68046875 0.61171875 0.028125 0.028125
0 0.70390625 0.6046875 0.0296875 0.0328125
0 0.678125 0.58984375 0.0296875 0.0296875
0 0.65625 0.596875 0.0296875 0.03125
0 0.6703125 0.565625 0.0296875 0.0296875
0 0.6953125 0.5328125 0.0296875 0.03125
0 0.6875 0.5015625 0.03125 0.03125
0 0.66796875 0.5296875 0.0328125 0.0296875
0 0.64453125 0.55703125 0.0296875 0.0296875
0 0.62421875 0.5484375 0.0265625 0.0265625
0 0.63984375 0.51796875 0.0296875 0.0328125
0 0.6546875 0.484375 0.0296875 0.0296875
0 0.62421875 0.57109375 0.028125 0.028125
0 0.63203125 0.63984375 0.0296875 0.0296875
0 0.60625 0.58515625 0.0265625 0.0265625
0 0.60234375 0.55625 0.0265625 0.0265625
0 0.60625 0.53203125 0.028125 0.028125
0 0.5828125 0.56640625 0.0296875 0.0296875
0 0.59140625 0.51875 0.028125 0.0265625
0 0.61953125 0.50234375 0.028125 0.028125
0 0.578125 0.5359375 0.0296875 0.03125
0 0.58671875 0.496875 0.0265625 0.028125
0 0.56484375 0.51953125 0.0296875 0.0296875
0 0.565625 0.49765625 0.0296875 0.0296875
0 0.56484375 0.475 0.0296875 0.0296875
0 0.6515625 0.46015625 0.0296875 0.0296875
0 0.6484375 0.4375 0.028125 0.028125
0 0.628125 0.44765625 0.028125 0.028125
0 0.63203125 0.4140625 0.028125 0.028125
0 0.61484375 0.42890625 0.0328125 0.0296875
0 0.6671875 0.4171875 0.0296875 0.0296875
0 0.69453125 0.38046875 0.0296875 0.0328125
0 0.69296875 0.32265625 0.0296875 0.03125
0 0.68046875 0.28203125 0.0328125 0.0296875
0 0.6578125 0.2671875 0.03125 0.0296875
0 0.64140625 0.28671875 0.03125 0.0328125
0 0.6421875 0.23671875 0.0296875 0.0296875
0 0.61640625 0.2625 0.0296875 0.0296875
0 0.61015625 0.23515625 0.0296875 0.0296875
0 0.6140625 0.21328125 0.0296875 0.0296875
0 0.603125 0.18515625 0.0296875 0.0296875
0 0.5890625 0.2046875 0.028125 0.0265625
0 0.56328125 0.2 0.028125 0.028125
0 0.578125 0.1765625 0.0265625 0.025
0 0.5875 0.1515625 0.028125 0.028125
0 0.56484375 0.146875 0.0265625 0.028125
0 0.55625 0.17265625 0.025 0.025
0 0.53984375 0.18828125 0.0265625 0.028125
0 0.5515625 0.22734375 0.028125 0.028125
0 0.5375 0.2109375 0.03125 0.0265625
0 0.5890625 0.28515625 0.0296875 0.0296875
0 0.58203125 0.26171875 0.0296875 0.0296875
0 0.56796875 0.29375 0.0296875 0.028125
0 0.56328125 0.27265625 0.028125 0.0265625
0 0.55390625 0.253125 0.028125 0.028125
0 0.546875 0.3015625 0.0296875 0.0296875
0 0.53515625 0.278125 0.0265625 0.028125
0 0.52109375 0.2609375 0.028125 0.028125
0 0.52265625 0.296875 0.0328125 0.0296875
0 0.49765625 0.29921875 0.028125 0.028125
0 0.50078125 0.27578125 0.028125 0.0265625
0 0.5140625 0.240625 0.0265625 0.0265625
0 0.49375 0.2546875 0.0296875 0.0296875
0 0.49453125 0.23359375 0.0265625 0.0265625
0 0.49140625 0.20859375 0.028125 0.028125
0 0.47421875 0.23828125 0.025 0.025
0 0.4375 0.26171875 0.028125 0.0265625
0 0.46875 0.26328125 0.03125 0.0296875
0 0.42109375 0.27890625 0.025 0.025
0 0.41484375 0.25625 0.025 0.025
0 0.534375 0.34453125 0.025 0.025
0 0.55234375 0.38515625 0.0296875 0.0296875
0 0.5625 0.3546875 0.0296875 0.0296875
0 0.53203125 0.36796875 0.028125 0.0265625
0 0.54609375 0.4078125 0.028125 0.0265625
0 0.54609375 0.4546875 0.025 0.025
0 0.5265625 0.4625 0.028125 0.0265625
0 0.521875 0.4265625 0.0296875 0.0296875
0 0.5015625 0.41796875 0.0296875 0.03125
0 0.4921875 0.44765625 0.028125 0.03125
0 0.48046875 0.4296875 0.028125 0.028125
0 0.54296875 0.47578125 0.025 0.025
0 0.5171875 0.4828125 0.028125 0.0265625
0 0.5359375 0.51875 0.028125 0.0265625
0 0.54453125 0.496875 0.028125 0.028125
0 0.5203125 0.503125 0.0265625 0.025
0 0.5390625 0.5421875 0.0265625 0.0296875
0 0.51796875 0.53984375 0.028125 0.0296875
0 0.53671875 0.58671875 0.0296875 0.0296875
0 0.53125 0.565625 0.028125 0.0265625
0 0.528125 0.171875 0.0296875 0.0296875
0 0.5453125 0.153125 0.0296875 0.0296875
0 0.5421875 0.128125 0.028125 0.028125
0 0.5390625 0.10625 0.028125 0.028125
0 0.51484375 0.10703125 0.0265625 0.025
0 0.46953125 0.11875 0.0296875 0.0296875
0 0.47734375 0.09296875 0.0265625 0.028125
0 0.43671875 0.08671875 0.0296875 0.028125
0 0.41796875 0.1 0.03125 0.0296875
0 0.39296875 0.11484375 0.0296875 0.0296875
0 0.3875 0.1421875 0.028125 0.028125
0 0.42421875 0.1921875 0.0265625 0.0265625
0 0.4109375 0.2109375 0.0265625 0.0265625
0 0.39375 0.190625 0.028125 0.0265625
0 0.4078125 0.23046875 0.0265625 0.025
0 0.390625 0.2125 0.025 0.025
0 0.3859375 0.23671875 0.0265625 0.028125
0 0.384375 0.29140625 0.0296875 0.0296875
0 0.39375 0.259375 0.0265625 0.025
0 0.35078125 0.290625 0.025 0.0265625
0 0.33671875 0.2734375 0.028125 0.0265625
0 0.346875 0.24609375 0.025 0.0265625
0 0.353125 0.20390625 0.0265625 0.025
0 0.33046875 0.21796875 0.025 0.0265625
0 0.3359375 0.19453125 0.025 0.025
0 0.3171875 0.1796875 0.028125 0.0265625
0 0.3171875 0.24375 0.028125 0.028125
0 0.31484375 0.28359375 0.0296875 0.0296875
0 0.290625 0.25546875 0.0296875 0.0296875
0 0.4375 0.45234375 0.028125 0.0265625
0 0.446875 0.42734375 0.0296875 0.0296875
0 0.34609375 0.4453125 0.028125 0.028125
0 0.33203125 0.4125 0.03125 0.0296875
0 0.33125 0.390625 0.025 0.025
0 0.3140625 0.3796875 0.028125 0.028125
0 0.3140625 0.359375 0.0296875 0.0296875
0 0.30703125 0.340625 0.0265625 0.028125
0 0.29140625 0.325 0.028125 0.028125
0 0.296875 0.3921875 0.0296875 0.0296875
0 0.28828125 0.36875 0.0265625 0.025
0 0.2734375 0.3546875 0.025 0.025
0 0.2765625 0.3875 0.0265625 0.028125
0 0.2890625 0.43046875 0.0265625 0.028125
0 0.2703125 0.41953125 0.0265625 0.028125
0 0.2453125 0.41015625 0.0265625 0.0296875
0 0.24921875 0.4609375 0.025 0.025
0 0.2390625 0.4421875 0.028125 0.0265625
0 0.22890625 0.46796875 0.0265625 0.028125
0 0.2171875 0.43671875 0.025 0.025
0 0.20390625 0.4515625 0.025 0.0265625
0 0.1890625 0.35390625 0.0296875 0.0296875
0 0.1625 0.3015625 0.0265625 0.028125
0 0.1984375 0.2359375 0.025 0.0265625
0 0.2078125 0.49375 0.025 0.0265625
0 0.1890625 0.46640625 0.025 0.025
0 0.17890625 0.4875 0.0296875 0.0296875
0 0.125 0.5828125 0.021875 0.025
0 0.12421875 0.571875 0.021875 0.021875
0 0.396875 0.51171875 0.028125 0.028125
0 0.38984375 0.53671875 0.028125 0.0265625
0 0.3734375 0.5203125 0.025 0.021875
0 0.37265625 0.496875 0.025 0.025
0 0.38515625 0.5578125 0.025 0.025
0 0.36484375 0.54453125 0.0265625 0.025
0 0.34296875 0.52734375 0.025 0.025
0 0.35078125 0.5046875 0.028125 0.0265625
0 0.334375 0.54765625 0.025 0.0234375
0 0.37109375 0.5796875 0.0296875 0.0296875
0 0.35234375 0.5609375 0.03125 0.0265625
0 0.409375 0.64375 0.025 0.0265625
0 0.4046875 0.68046875 0.028125 0.028125
0 0.38984375 0.665625 0.025 0.0265625
0 0.37734375 0.64765625 0.0265625 0.028125
0 0.378125 0.69140625 0.0265625 0.028125
0 0.36953125 0.71328125 0.028125 0.028125
0 0.3296875 0.60234375 0.0265625 0.028125
0 0.31640625 0.58515625 0.028125 0.0265625
0 0.3 0.6 0.028125 0.0265625
0 0.30703125 0.65234375 0.025 0.025
0 0.30625 0.63046875 0.025 0.0265625
0 0.2859375 0.61796875 0.025 0.025
0 0.27890625 0.5859375 0.025 0.025
0 0.2796875 0.56484375 0.025 0.025
0 0.3046875 0.53984375 0.025 0.025
0 0.28203125 0.54375 0.025 0.025
0 0.30625 0.51796875 0.0265625 0.028125
0 0.26015625 0.5765625 0.025 0.025
0 0.2671875 0.6046875 0.025 0.025
0 0.25078125 0.61640625 0.0265625 0.025
0 0.24609375 0.59296875 0.0265625 0.025
0 0.2234375 0.590625 0.025 0.0265625
0 0.296875 0.69765625 0.0296875 0.0296875
0 0.28828125 0.6671875 0.0265625 0.028125
0 0.265625 0.68203125 0.025 0.0265625
0 0.2671875 0.64921875 0.025 0.025
0 0.2515625 0.64609375 0.025 0.028125
0 0.23203125 0.628125 0.025 0.0265625
0 0.234375 0.65703125 0.021875 0.025
0 0.21640625 0.65 0.021875 0.025
0 0.2046875 0.63046875 0.025 0.0265625
0 0.18359375 0.61484375 0.0265625 0.028125
0 0.14375 0.62578125 0.028125 0.028125
0 0.31875 0.92734375 0.0265625 0.025
0 0.33203125 0.909375 0.028125 0.0265625
0 0.3328125 0.8859375 0.025 0.025
0 0.3234375 0.83203125 0.028125 0.028125
0 0.33203125 0.79296875 0.0265625 0.0296875
0 0.31796875 0.84921875 0.0296875 0.0296875
0 0.290625 0.84921875 0.0328125 0.0296875
0 0.3046875 0.8109375 0.0265625 0.028125
0 0.32578125 0.7546875 0.0296875 0.0296875
0 0.265625 0.72265625 0.0265625 0.028125
0 0.240625 0.74609375 0.0296875 0.0296875
0 0.24140625 0.6984375 0.0296875 0.0265625
0 0.22734375 0.678125 0.0265625 0.025
0 0.2171875 0.7 0.0296875 0.0296875
0 0.196875 0.68125 0.025 0.025
0 0.17578125 0.6921875 0.0296875 0.0296875
0 0.1796875 0.6578125 0.0265625 0.028125