0 0.48671875 0.31171875 0.0171875 0.0171875
0 0.403125 0.51875 0.015625 0.015625
0 0.42578125 0.47890625 0.0171875 0.015625
0 0.45390625 0.42734375 0.015625 0.0140625
0 0.42421875 0.434375 0.0140625 0.0140625
0 0.43828125 0.43203125 0.0140625 0.0140625
0 0.45234375 0.4390625 0.015625 0.0140625
0 0.47421875 0.4140625 0.0171875 0.0171875
0 0.490625 0.42265625 0.0171875 0.015625
0 0.50234375 0.47109375 0.015625 0.0171875
0 0.525 0.47734375 0.0171875 0.015625
0 0.525 0.4625 0.015625 0.0140625
0 0.51953125 0.4484375 0.0140625 0.0140625
0 0.5328125 0.4453125 0.0140625 0.0140625
0 0.5453125 0.44296875 0.015625 0.0140625
0 0.56953125 0.32421875 0.01875 0.0171875
0 0.57890625 0.3421875 0.0140625 0.0171875
0 0.5921875 0.3390625 0.0140625 0.015625
0 0.6046875 0.334375 0.015625 0.0171875
0 0.6203125 0.34140625 0.0171875 0.015625
0 0.63515625 0.340625 0.0140625 0.0140625
0 0.64921875 0.3390625 0.0171875 0.0171875
0 0.57421875 0.3859375 0.0171875 0.0140625
0 0.5875 0.38125 0.0140625 0.015625
0 0.5984375 0.4125 0.015625 0.0140625
0 0.6109375 0.4 0.015625 0.015625
0 0.628125 0.4265625 0.0171875 0.0140625
0 0.61796875 0.4171875 0.0140625 0.0140625
0 0.6140625 0.43125 0.0140625 0.015625
0 0.63125 0.43828125 0.015625 0.0140625
0 0.6359375 0.4609375 0.015625 0.0140625
0 0.621875 0.47421875 0.0171875 0.015625
0 0.58671875 0.4765625 0.01875 0.0171875
0 0.51484375 0.590625 0.0171875 0.015625
0 0.4984375 0.59140625 0.0171875 0.0140625
0 0.55078125 0.50625 0.0171875 0.0171875
0 0.53671875 0.5265625 0.015625 0.0140625
0 0.55 0.53359375 0.015625 0.0140625
0 0.5328125 0.53984375 0.0140625 0.0140625
0 0.54453125 0.5453125 0.0140625 0.0140625
0 0.5203125 0.53515625 0.0140625 0.0140625
0 0.5171875 0.5203125 0.015625 0.0171875
0 0.5234375 0.5703125 0.0140625 0.015625
0 0.5265625 0.55546875 0.0171875 0.015625
0 0.49609375 0.57109375 0.0140625 0.0171875
0 0.509375 0.5703125 0.0140625 0.0140625
0 0.48515625 0.578125 0.0140625 0.0140625
0 0.490625 0.56015625 0.0140625 0.0140625
0 0.48125 0.58984375 0.0140625 0.0140625
0 0.47265625 0.57890625 0.015625 0.0140625
0 0.47890625 0.5671875 0.0140625 0.0140625
0 0.46875 0.590625 0.0140625 0.0140625
0 0.465625 0.56328125 0.0140625 0.015625
0 0.459375 0.5796875 0.0140625 0.0140625
0 0.45234375 0.5671875 0.015625 0.0140625
0 0.4578125 0.5328125 0.015625 0.0171875
0 0.46953125 0.5265625 0.015625 0.015625
0 0.446875 0.5796875 0.0140625 0.0140625
0 0.4359375 0.5734375 0.015625 0.0140625
0 0.40546875 0.6828125 0.0140625 0.0171875
0 0.41953125 0.68359375 0.015625 0.015625
0 0.42109375 0.596875 0.0140625 0.015625
0 0.434375 0.59296875 0.0140625 0.0171875
0 0.4484375 0.59921875 0.0171875 0.0171875
0 0.46171875 0.60625 0.0140625 0.0140625
0 0.4765625 0.60625 0.015625 0.015625
0 0.49296875 0.6046875 0.015625 0.0140625
0 0.47578125 0.62734375 0.015625 0.015625
0 0.484375 0.61640625 0.015625 0.015625
0 0.49921875 0.61796875 0.015625 0.0140625
0 0.50859375 0.60390625 0.0140625 0.015625
0 0.52109375 0.60546875 0.0140625 0.015625
0 0.53359375 0.61171875 0.015625 0.0140625
0 0.59296875 0.60625 0.0171875 0.0171875
0 0.55625 0.56015625 0.015625 0.015625
0 0.56796875 0.52421875 0.0171875 0.015625
0 0.5859375 0.52578125 0.0171875 0.0140625
0 0.60234375 0.52890625 0.0171875 0.0171875
0 0.62265625 0.53046875 0.0171875 0.015625
0 0.63359375 0.515625 0.0171875 0.0171875
0 0.6640625 0.49921875 0.01875 0.0171875
0 0.678125 0.3328125 0.0171875 0.0171875
0 0.678125 0.51015625 0.0203125 0.015625
0 0.68984375 0.34375 0.01875 0.0171875