0 0.57890625 0.80703125 0.0296875 0.0265625
0 0.521875 0.78359375 0.028125 0.028125
0 0.47578125 0.76328125 0.0296875 0.0265625
0 0.459375 0.72578125 0.0296875 0.0296875
0 0.46953125 0.79140625 0.0296875 0.0296875
0 0.4265625 0.76171875 0.0296875 0.028125
0 0.41796875 0.73828125 0.0296875 0.028125
0 0.38125 0.73203125 0.028125 0.0265625
0 0.38046875 0.70859375 0.0296875 0.0296875
0 0.3578125 0.7390625 0.0296875 0.0296875
0 0.3265625 0.721875 0.03125 0.0328125
0 0.39453125 0.79375 0.03125 0.03125
0 0.3421875 0.78671875 0.028125 0.0296875
0 0.303125 0.77890625 0.0296875 0.0296875
0 0.2609375 0.76796875 0.0296875 0.0296875
0 0.25078125 0.66953125 0.03125 0.0296875
0 0.2296875 0.6203125 0.0328125 0.03125
0 0.21015625 0.590625 0.0328125 0.0328125
0 0.12734375 0.59375 0.0375 0.034375
0 0.2140625 0.56171875 0.034375 0.0375
0 0.2203125 0.5234375 0.0375 0.0375
0 0.18828125 0.52265625 0.0328125 0.0328125
0 0.21640625 0.48828125 0.0328125 0.0328125
0 0.190625 0.496875 0.0328125 0.03125
0 0.24140625 0.48359375 0.03125 0.0328125
0 0.32578125 0.5359375 0.0359375 0.0359375
0 0.36328125 0.49375 0.0375 0.0375
0 0.3828125 0.53984375 0.0296875 0.03125
0 0.3046875 0.6515625 0.0328125 0.03125
0 0.359375 0.6453125 0.0328125 0.03125
0 0.32734375 0.63203125 0.0328125 0.03125
0 0.38203125 0.6203125 0.03125 0.0265625
0 0.3578125 0.62109375 0.0265625 0.028125
0 0.39375 0.60625 0.03125 0.0328125
0 0.41328125 0.6234375 0.03125 0.0328125
0 0.4359375 0.65390625 0.0296875 0.0296875
0 0.43984375 0.6296875 0.0328125 0.03125
0 0.48359375 0.65390625 0.0265625 0.0265625
0 0.46015625 0.6578125 0.0296875 0.028125
0 0.4640625 0.63359375 0.0296875 0.0296875
0 0.46328125 0.6796875 0.0296875 0.0296875
0 0.5078125 0.71171875 0.0296875 0.0296875
0 0.49140625 0.6265625 0.0296875 0.0296875
0 0.55546875 0.6953125 0.0296875 0.0296875
0 0.58046875 0.71328125 0.0296875 0.0296875
0 0.61640625 0.75703125 0.03125 0.0296875
0 0.7140625 0.7234375 0.0328125 0.03125
0 0.63828125 0.6796875 0.03125 0.03125
0 0.61640625 0.6984375 0.0296875 0.0296875
0 0.6515625 0.63515625 0.0265625 0.0265625
0 0.65625 0.6546875 0.0296875 0.028125
0 0.64765625 0.61484375 0.0265625 0.028125
0 0.5640625 0.63671875 0.0296875 0.0296875
0 0.52578125 0.6171875 0.0296875 0.0296875
0 0.53359375 0.59375 0.0265625 0.0265625
0 0.5515625 0.57890625 0.0296875 0.0296875
0 0.51484375 0.57578125 0.0296875 0.0296875
0 0.4390625 0.5890625 0.0328125 0.0328125
0 0.41875 0.54453125 0.03125 0.0328125
0 0.40546875 0.5140625 0.0296875 0.0296875
0 0.44140625 0.53515625 0.0296875 0.0296875
0 0.47265625 0.53515625 0.03125 0.0328125
0 0.49921875 0.5390625 0.0296875 0.028125
0 0.52578125 0.54296875 0.0296875 0.0265625
0 0.578125 0.54140625 0.0296875 0.0296875
0 0.65625 0.5546875 0.03125 0.0328125
0 0.54375 0.5109375 0.0328125 0.03125
0 0.51953125 0.5140625 0.0296875 0.0296875
0 0.49296875 0.5109375 0.03125 0.0296875
0 0.48203125 0.4921875 0.0328125 0.03125
0 0.484375 0.46640625 0.03125 0.03125
0 0.475 0.43359375 0.0265625 0.0265625
0 0.4640625 0.44765625 0.0296875 0.0296875
0 0.45703125 0.4125 0.028125 0.021875
0 0.453125 0.4234375 0.0296875 0.0265625
0 0.4375 0.4359375 0.0296875 0.028125
0 0.3953125 0.4703125 0.03125 0.0296875
0 0.3984375 0.44453125 0.0296875 0.0296875
0 0.559375 0.4890625 0.028125 0.028125
0 0.54453125 0.47265625 0.0328125 0.03125
0 0.5484375 0.4484375 0.0296875 0.028125
0 0.52578125 0.45546875 0.0296875 0.0265625
0 0.496875 0.44375 0.0328125 0.03125
0 0.4890625 0.4171875 0.034375 0.034375
0 0.51875 0.43046875 0.028125 0.0296875
0 0.55703125 0.42578125 0.0296875 0.0296875
0 0.5765625 0.440625 0.0296875 0.0296875
0 0.415625 0.42578125 0.0296875 0.0296875
0 0.38828125 0.4203125 0.03125 0.0296875
0 0.403125 0.40234375 0.03125 0.0265625
0 0.42734375 0.40390625 0.0265625 0.0296875
0 0.4359375 0.38125 0.0296875 0.0265625
0 0.409375 0.37734375 0.0296875 0.0296875
0 0.43828125 0.35390625 0.0359375 0.034375
0 0.41015625 0.35234375 0.0359375 0.03125
0 0.36953125 0.3984375 0.034375 0.034375
0 0.35703125 0.421875 0.0375 0.034375
0 0.328125 0.421875 0.03125 0.03125
0 0.34375 0.3796875 0.0359375 0.0328125
0 0.31953125 0.3765625 0.0296875 0.0296875
0 0.34296875 0.3515625 0.0328125 0.03125
0 0.31796875 0.33984375 0.0328125 0.0328125
0 0.2984375 0.3578125 0.0328125 0.03125
0 0.27109375 0.35390625 0.034375 0.034375
0 0.2921875 0.328125 0.034375 0.034375
0 0.32890625 0.31875 0.034375 0.034375
0 0.25234375 0.3828125 0.0359375 0.0328125
0 0.384375 0.31328125 0.0296875 0.0296875
0 0.35859375 0.2890625 0.03125 0.0296875
0 0.409375 0.3140625 0.0296875 0.0328125
0 0.40234375 0.2875 0.034375 0.0328125
0 0.43359375 0.315625 0.0390625 0.034375
0 0.45234375 0.290625 0.0359375 0.034375
0 0.4265625 0.2859375 0.03125 0.03125
0 0.33984375 0.2578125 0.0375 0.0359375
0 0.2453125 0.28828125 0.034375 0.0375
0 0.21953125 0.27421875 0.034375 0.0359375
0 0.22890625 0.240625 0.034375 0.034375
0 0.18203125 0.27421875 0.0359375 0.0375
0 0.1328125 0.32265625 0.034375 0.0359375
0 0.5125 0.40859375 0.0296875 0.0296875
0 0.5015625 0.3875 0.0328125 0.03125
0 0.53515625 0.41171875 0.0296875 0.03125
0 0.559375 0.4015625 0.0296875 0.0296875
0 0.55390625 0.37734375 0.03125 0.03125
0 0.5578125 0.3515625 0.0328125 0.03125
0 0.590625 0.184375 0.034375 0.034375
0 0.58984375 0.15546875 0.03125 0.0328125
0 0.56640625 0.1640625 0.0328125 0.0328125
0 0.54375 0.17890625 0.034375 0.034375
0 0.54296875 0.146875 0.0359375 0.040625
0 0.47109375 0.12734375 0.0359375 0.0390625
0 0.296875 0.10859375 0.0375 0.0375