0 0.65390625 0.5921875 0.0125 0.01875
0 0.64296875 0.5875 0.0125 0.015625
0 0.615625 0.56171875 0.0125 0.015625
0 0.63046875 0.60390625 0.0125 0.015625
0 0.64140625 0.503125 0.0140625 0.0140625
0 0.63203125 0.5125 0.015625 0.015625
0 0.64453125 0.48984375 0.0140625 0.0171875
0 0.6515625 0.46171875 0.0140625 0.0171875
0 0.63046875 0.43515625 0.0125 0.015625
0 0.64140625 0.4453125 0.0125 0.0140625
0 0.6328125 0.415625 0.0125 0.0171875
0 0.6015625 0.41328125 0.0140625 0.0171875
0 0.615625 0.42734375 0.0125 0.015625
0 0.590625 0.5546875 0.0125 0.0140625
0 0.5953125 0.5828125 0.0125 0.0171875
0 0.5828125 0.54609375 0.0125 0.0171875
0 0.5953125 0.4578125 0.015625 0.015625
0 0.5875 0.50234375 0.0125 0.0140625
0 0.571875 0.49609375 0.0140625 0.0140625
0 0.56484375 0.42734375 0.0109375 0.015625
0 0.57265625 0.38203125 0.0140625 0.0140625
0 0.56328125 0.390625 0.0125 0.0140625
0 0.55703125 0.428125 0.0125 0.0171875
0 0.55625 0.44296875 0.0140625 0.015625
0 0.5765625 0.4875 0.0125 0.0140625
0 0.56875 0.509375 0.0125 0.015625
0 0.5609375 0.546875 0.015625 0.01875
0 0.55703125 0.503125 0.0140625 0.0140625
0 0.55234375 0.4875 0.0140625 0.0171875
0 0.53984375 0.428125 0.0140625 0.0140625
0 0.55 0.40390625 0.0140625 0.015625
0 0.58125 0.328125 0.0125 0.0140625
0 0.54609375 0.35078125 0.0140625 0.0140625
0 0.53203125 0.35546875 0.0125 0.0140625
0 0.5328125 0.41640625 0.0125 0.0171875
0 0.53984375 0.48515625 0.0140625 0.0140625
0 0.54296875 0.54765625 0.0140625 0.015625
0 0.534375 0.55234375 0.0125 0.015625
0 0.51171875 0.54609375 0.0140625 0.015625
0 0.5109375 0.4875 0.0125 0.0140625
0 0.49453125 0.49140625 0.0140625 0.0140625
0 0.50703125 0.4296875 0.0125 0.0140625
0 0.50859375 0.44609375 0.015625 0.0171875
0 0.4984375 0.41328125 0.015625 0.015625
0 0.49140625 0.44453125 0.0140625 0.0140625
0 0.4828125 0.4546875 0.0140625 0.0171875
0 0.47578125 0.46953125 0.015625 0.0171875
0 0.50625 0.3484375 0.0125 0.01875
0 0.51640625 0.36796875 0.0125 0.0171875
0 0.4890625 0.340625 0.0125 0.0140625
0 0.4734375 0.37578125 0.0140625 0.015625
0 0.475 0.3515625 0.0125 0.0140625
0 0.46015625 0.36328125 0.0125 0.0140625
0 0.45625 0.3765625 0.0125 0.015625
0 0.45546875 0.38984375 0.0140625 0.015625
0 0.465625 0.3953125 0.015625 0.015625
0 0.44375 0.396875 0.0125 0.0140625
0 0.446875 0.41953125 0.015625 0.015625
0 0.48515625 0.26171875 0.0125 0.0140625
0 0.47109375 0.26796875 0.0140625 0.0171875
0 0.45234375 0.26328125 0.0125 0.0140625
0 0.45859375 0.28984375 0.0125 0.015625
0 0.459375 0.30546875 0.0125 0.0171875
0 0.44296875 0.25546875 0.0140625 0.0140625
0 0.43046875 0.25703125 0.0140625 0.0171875
0 0.41796875 0.265625 0.0125 0.0171875
0 0.41328125 0.27890625 0.0125 0.0140625
0 0.42109375 0.2890625 0.0140625 0.0171875
0 0.42890625 0.3015625 0.015625 0.0171875
0 0.43359375 0.27734375 0.0125 0.015625
0 0.403125 0.26875 0.015625 0.015625
0 0.40546875 0.2859375 0.0125 0.015625
0 0.41015625 0.29921875 0.0125 0.0140625
0 0.3875 0.30625 0.0140625 0.0140625
0 0.41875 0.33046875 0.0125 0.015625
0 0.41796875 0.35859375 0.0140625 0.0140625
0 0.4078125 0.32734375 0.0125 0.0171875
0 0.41796875 0.346875 0.0140625 0.0140625
0 0.4109375 0.3671875 0.0140625 0.015625
0 0.41015625 0.38125 0.0140625 0.0140625
0 0.3953125 0.340625 0.0125 0.0171875
0 0.39921875 0.3578125 0.015625 0.01875
0 0.3953125 0.384375 0.015625 0.015625
0 0.36328125 0.35703125 0.015625 0.01875
0 0.34921875 0.37734375 0.0125 0.0171875
0 0.34296875 0.42578125 0.015625 0.01875
0 0.39921875 0.41875 0.0140625 0.0171875
0 0.3734375 0.4515625 0.0125 0.0171875
0 0.43203125 0.55234375 0.0125 0.0171875
0 0.44375 0.55546875 0.015625 0.015625
0 0.44453125 0.5203125 0.015625 0.0171875
0 0.459375 0.5171875 0.015625 0.01875
0 0.434375 0.51328125 0.0140625 0.015625
0 0.42109375 0.53984375 0.0140625 0.0171875
0 0.43515625 0.53046875 0.015625 0.01875
0 0.43984375 0.50078125 0.0140625 0.0140625
0 0.43671875 0.4765625 0.0140625 0.015625
0 0.41328125 0.496875 0.015625 0.015625
0 0.4140625 0.5140625 0.015625 0.0171875