0 0.31640625 0.0578125 0.0265625 0.025
0 0.2484375 0.15546875 0.0234375 0.0234375
0 0.26171875 0.1953125 0.0234375 0.0234375
0 0.25625 0.2234375 0.025 0.025
0 0.57421875 0.121875 0.0234375 0.025
0 0.553125 0.1484375 0.0265625 0.0234375
0 0.56015625 0.17109375 0.0234375 0.0265625
0 0.46640625 0.2 0.0234375 0.0265625
0 0.5296875 0.1921875 0.0265625 0.028125
0 0.5671875 0.22109375 0.0234375 0.0265625
0 0.52734375 0.2640625 0.0234375 0.025
0 0.51171875 0.2859375 0.0234375 0.0265625
0 0.54296875 0.2828125 0.0234375 0.0265625
0 0.5765625 0.3484375 0.0234375 0.0265625
0 0.74375 0.33828125 0.0234375 0.0265625
0 0.45 0.353125 0.0234375 0.0265625
0 0.50546875 0.34765625 0.0234375 0.0234375
0 0.49296875 0.37890625 0.025 0.025
0 0.55234375 0.36328125 0.0234375 0.0234375
0 0.5328125 0.37578125 0.0234375 0.0234375
0 0.56015625 0.39375 0.0234375 0.025
0 0.5609375 0.44609375 0.0234375 0.0265625
0 0.50390625 0.43515625 0.0265625 0.0265625
0 0.46640625 0.49140625 0.0234375 0.0265625
0 0.47734375 0.52578125 0.025 0.0265625
0 0.34609375 0.49765625 0.0234375 0.0265625
0 0.36171875 0.51796875 0.0234375 0.0265625
0 0.36640625 0.5671875 0.0265625 0.0265625
0 0.2515625 0.375 0.0265625 0.0265625
0 0.253125 0.4046875 0.0265625 0.0265625
0 0.25390625 0.43046875 0.0296875 0.025
0 0.23359375 0.44453125 0.0265625 0.0265625
0 0.1875 0.50390625 0.0265625 0.025
0 0.2234375 0.478125 0.025 0.025
0 0.25390625 0.5078125 0.025 0.025
0 0.27265625 0.51875 0.025 0.0265625
0 0.26640625 0.54453125 0.0265625 0.0265625
0 0.26484375 0.590625 0.028125 0.0296875
0 0.715625 0.4734375 0.0265625 0.0234375
0 0.5203125 0.56796875 0.0265625 0.0265625
0 0.571875 0.50859375 0.0265625 0.025
0 0.63203125 0.509375 0.0265625 0.025
0 0.69609375 0.52578125 0.025 0.0265625
0 0.67890625 0.5484375 0.0265625 0.0265625
0 0.64296875 0.575 0.025 0.0234375
0 0.634375 0.59375 0.0234375 0.0265625
0 0.61328125 0.6140625 0.025 0.025
0 0.5875 0.61875 0.025 0.0265625
0 0.57734375 0.64140625 0.0234375 0.0265625
0 0.59921875 0.64140625 0.025 0.0234375
0 0.58671875 0.6640625 0.025 0.0234375
0 0.646875 0.64140625 0.0265625 0.0265625
0 0.60859375 0.6828125 0.025 0.025
0 0.62421875 0.66328125 0.0265625 0.0265625
0 0.67109375 0.66875 0.0265625 0.0265625
0 0.6296875 0.7109375 0.0296875 0.028125
0 0.65703125 0.6890625 0.0265625 0.0265625
0 0.7015625 0.69609375 0.025 0.028125
0 0.66015625 0.71484375 0.0265625 0.0234375
0 0.65390625 0.73671875 0.0265625 0.0265625
0 0.7296875 0.7515625 0.028125 0.0296875
0 0.70546875 0.76015625 0.0265625 0.0265625
0 0.55078125 0.6734375 0.0234375 0.0265625
0 0.49609375 0.7078125 0.0265625 0.0265625
0 0.49453125 0.64140625 0.0265625 0.0265625
0 0.4140625 0.625 0.0234375 0.028125
0 0.4421875 0.6328125 0.0234375 0.0265625
0 0.3453125 0.62734375 0.0265625 0.028125
0 0.39609375 0.6546875 0.0234375 0.0265625
0 0.3984375 0.6828125 0.0234375 0.025
0 0.42421875 0.6953125 0.025 0.0265625
0 0.36015625 0.7171875 0.025 0.0265625
0 0.38828125 0.70703125 0.025 0.025
0 0.40546875 0.7203125 0.0234375 0.0265625
0 0.478125 0.7578125 0.0296875 0.0296875
0 0.39765625 0.75234375 0.0234375 0.0265625
0 0.42734375 0.76015625 0.0265625 0.0265625
0 0.37265625 0.74453125 0.0265625 0.0265625
0 0.3734375 0.76875 0.028125 0.0234375
0 0.384375 0.78828125 0.0265625 0.0265625
0 0.41171875 0.78828125 0.0234375 0.0265625
0 0.3015625 0.6984375 0.025 0.0265625
0 0.2875 0.746875 0.0296875 0.0296875
0 0.32890625 0.76875 0.0265625 0.0234375
0 0.34140625 0.79140625 0.025 0.0265625
0 0.3515625 0.81484375 0.025 0.028125
0 0.30546875 0.80390625 0.0234375 0.0265625
0 0.30546875 0.8359375 0.0265625 0.0265625
0 0.35234375 0.84609375 0.0265625 0.0265625
0 0.5078125 0.81328125 0.0265625 0.025
0 0.51640625 0.8390625 0.028125 0.03125
0 0.51953125 0.88125 0.03125 0.03125
0 0.5765625 0.81328125 0.028125 0.0265625
0 0.57578125 0.8484375 0.0265625 0.028125
0 0.64296875 0.80234375 0.0265625 0.028125
0 0.66953125 0.8375 0.0265625 0.0265625
0 0.6859375 0.8578125 0.0234375 0.0265625
0 0.7015625 0.88359375 0.028125 0.0265625
0 0.68046875 0.925 0.028125 0.0296875