0 0.8984375 0.72265625 0.01875 0.01875
0 0.8109375 0.709375 0.021875 0.01875
0 0.8328125 0.66875 0.021875 0.01875
0 0.7890625 0.6265625 0.01875 0.01875
0 0.784375 0.59765625 0.01875 0.01875
0 0.74765625 0.8 0.01875 0.0140625
0 0.75390625 0.7890625 0.01875 0.01875
0 0.6640625 0.71328125 0.01875 0.0171875
0 0.64453125 0.7078125 0.01875 0.0171875
0 0.628125 0.7640625 0.01875 0.0171875
0 0.621875 0.70859375 0.01875 0.01875
0 0.60859375 0.71875 0.01875 0.01875
0 0.55859375 0.7640625 0.01875 0.015625
0 0.56796875 0.75234375 0.01875 0.015625
0 0.55703125 0.6859375 0.01875 0.01875
0 0.5359375 0.71640625 0.0234375 0.01875
0 0.5234375 0.77578125 0.01875 0.0171875
0 0.49140625 0.77578125 0.0171875 0.01875
0 0.4859375 0.7578125 0.01875 0.01875
0 0.45859375 0.77109375 0.0203125 0.01875
0 0.45859375 0.75 0.01875 0.0171875
0 0.4140625 0.7625 0.021875 0.0171875
0 0.38359375 0.76640625 0.01875 0.0171875
0 0.4 0.71484375 0.01875 0.01875
0 0.45 0.64609375 0.021875 0.021875
0 0.4265625 0.63984375 0.021875 0.01875
0 0.41875 0.60078125 0.01875 0.01875
0 0.39453125 0.59375 0.021875 0.0203125
0 0.403125 0.62890625 0.01875 0.01875
0 0.3828125 0.63359375 0.021875 0.01875
0 0.3875 0.68125 0.01875 0.01875
0 0.37578125 0.6640625 0.0203125 0.0171875
0 0.36484375 0.72109375 0.01875 0.01875
0 0.3703125 0.7046875 0.0203125 0.0171875
0 0.35078125 0.71015625 0.01875 0.015625
0 0.35625 0.78203125 0.021875 0.0171875
0 0.33203125 0.73984375 0.0171875 0.01875
0 0.33515625 0.721875 0.01875 0.015625
0 0.3265625 0.7078125 0.01875 0.01875
0 0.31640625 0.7296875 0.01875 0.0171875
0 0.871875 0.46328125 0.0234375 0.0203125
0 0.85625 0.48671875 0.025 0.01875
0 0.83515625 0.46015625 0.021875 0.021875
0 0.7703125 0.4875 0.021875 0.021875
0 0.7390625 0.471875 0.01875 0.0203125
0 0.72734375 0.446875 0.021875 0.0203125
0 0.71875 0.4703125 0.0203125 0.01875
0 0.65546875 0.515625 0.021875 0.01875
0 0.64140625 0.52734375 0.0203125 0.01875
0 0.621875 0.5375 0.0234375 0.01875
0 0.65390625 0.6015625 0.01875 0.0203125
0 0.64921875 0.58046875 0.021875 0.0203125
0 0.61640625 0.60703125 0.021875 0.0203125
0 0.59609375 0.61640625 0.01875 0.0203125
0 0.57265625 0.6140625 0.021875 0.01875
0 0.5546875 0.5484375 0.021875 0.021875
0 0.5296875 0.5578125 0.0203125 0.01875
0 0.50859375 0.49765625 0.021875 0.0203125
0 0.5140625 0.4328125 0.021875 0.0203125
0 0.515625 0.409375 0.021875 0.021875
0 0.496875 0.40546875 0.0203125 0.0203125
0 0.4828125 0.3921875 0.0203125 0.021875
0 0.46953125 0.40859375 0.025 0.0203125
0 0.43515625 0.4703125 0.021875 0.021875
0 0.4171875 0.50390625 0.021875 0.01875
0 0.4078125 0.528125 0.0203125 0.01875
0 0.38984375 0.5359375 0.021875 0.01875
0 0.38046875 0.51640625 0.021875 0.021875
0 0.3203125 0.671875 0.021875 0.0203125
0 0.346875 0.61875 0.0203125 0.0203125
0 0.36015625 0.6 0.01875 0.021875
0 0.35390625 0.5625 0.01875 0.01875
0 0.36796875 0.5453125 0.01875 0.0171875
0 0.35859375 0.52734375 0.01875 0.01875
0 0.34765625 0.5453125 0.015625 0.015625
0 0.340625 0.5375 0.01875 0.01875
0 0.3390625 0.51796875 0.021875 0.01875
0 0.31328125 0.61328125 0.021875 0.0203125
0 0.321875 0.54609375 0.0203125 0.01875
0 0.31953125 0.52734375 0.025 0.015625
0 0.3015625 0.5375 0.021875 0.0203125
0 0.28046875 0.53359375 0.021875 0.01875
0 0.28203125 0.5140625 0.021875 0.01875
0 0.25078125 0.55546875 0.021875 0.01875
0 0.24609375 0.575 0.021875 0.021875
0 0.29296875 0.7984375 0.0203125 0.01875
0 0.29765625 0.778125 0.0203125 0.01875
0 0.275 0.78359375 0.0203125 0.01875
0 0.28125 0.7671875 0.01875 0.0203125
0 0.26953125 0.7359375 0.0203125 0.01875
0 0.278125 0.70390625 0.0203125 0.01875
0 0.25390625 0.725 0.01875 0.01875
0 0.25390625 0.6359375 0.021875 0.0203125
0 0.2203125 0.66328125 0.025 0.01875
0 0.190625 0.65078125 0.0234375 0.021875
0 0.2140625 0.58515625 0.021875 0.01875
0 0.215625 0.54140625 0.0203125 0.021875
0 0.19375 0.5359375 0.025 0.0203125
0 0.15390625 0.4828125 0.028125 0.021875
0 0.12265625 0.4984375 0.025 0.021875