0 0.6609375 0.409375 0.0296875 0.0234375
0 0.6953125 0.43203125 0.03203125 0.02109375
0 0.775 0.4125 0.0265625 0.0203125
0 0.63359375 0.346875 0.02734375 0.01875
0 0.6515625 0.30234375 0.025 0.01875
0 0.675 0.31171875 0.0265625 0.01953125
0 0.6890625 0.27890625 0.0234375 0.01953125
0 0.71875 0.2734375 0.02578125 0.02109375
0 0.68125 0.25234375 0.025 0.01953125
0 0.6265625 0.24140625 0.02578125 0.02109375
0 0.60234375 0.2421875 0.0265625 0.01796875
0 0.61328125 0.22578125 0.025 0.01875
0 0.5265625 0.234375 0.025 0.02109375
0 0.54375 0.26640625 0.025 0.01953125
0 0.528125 0.28671875 0.028125 0.01796875
0 0.52265625 0.30859375 0.025 0.0203125
0 0.50234375 0.31953125 0.02421875 0.0203125
0 0.4546875 0.3 0.02734375 0.01953125
0 0.4609375 0.32265625 0.025 0.01953125
0 0.48359375 0.33046875 0.0234375 0.01875
0 0.52890625 0.396875 0.02578125 0.01953125
0 0.51953125 0.378125 0.02734375 0.01953125
0 0.48828125 0.35703125 0.0296875 0.02109375
0 0.375 0.33359375 0.02734375 0.021875
0 0.3796875 0.35625 0.028125 0.02109375
0 0.3609375 0.3890625 0.02890625 0.02109375
0 0.390625 0.40078125 0.025 0.01875
0 0.40859375 0.38515625 0.0265625 0.01875
0 0.4390625 0.42734375 0.02578125 0.02109375
0 0.42421875 0.44921875 0.02890625 0.01953125
0 0.459375 0.45625 0.028125 0.01953125
0 0.47578125 0.4453125 0.025 0.01953125
0 0.53828125 0.43515625 0.025 0.01796875
0 0.54140625 0.4203125 0.02421875 0.01640625
0 0.52890625 0.44765625 0.01953125 0.01796875
0 0.55625 0.4390625 0.0203125 0.015625
0 0.57109375 0.4546875 0.0234375 0.0171875
0 0.60859375 0.47109375 0.0265625 0.01796875
0 0.66484375 0.47578125 0.0203125 0.01875
0 0.7125 0.4921875 0.02890625 0.01953125
0 0.65078125 0.49375 0.0265625 0.01875
0 0.64453125 0.47109375 0.02265625 0.01796875
0 0.1671875 0.3984375 0.028125 0.02265625
0 0.17421875 0.42734375 0.0296875 0.02109375
0 0.15546875 0.46015625 0.02734375 0.02109375
0 0.13984375 0.4765625 0.028125 0.02109375
0 0.1515625 0.50234375 0.02578125 0.01953125
0 0.17421875 0.51796875 0.02734375 0.01953125
0 0.21796875 0.55078125 0.028125 0.0203125
0 0.18984375 0.5515625 0.028125 0.0203125
0 0.1734375 0.53671875 0.0265625 0.01875
0 0.20078125 0.51640625 0.02578125 0.0203125
0 0.22109375 0.5046875 0.0265625 0.02109375
0 0.2234375 0.525 0.02734375 0.01875
0 0.2125 0.459375 0.02578125 0.02109375
0 0.23515625 0.47265625 0.02578125 0.0203125
0 0.2515625 0.4890625 0.02578125 0.01953125
0 0.27734375 0.4046875 0.02890625 0.0203125
0 0.27421875 0.4265625 0.02890625 0.01875
0 0.28125 0.4453125 0.02734375 0.01953125
0 0.3015625 0.4296875 0.0265625 0.01875
0 0.3125 0.46171875 0.02421875 0.0203125
0 0.30859375 0.446875 0.02421875 0.0140625
0 0.3296875 0.46796875 0.01953125 0.01875
0 0.35 0.48359375 0.0265625 0.01953125
0 0.29453125 0.53828125 0.03046875 0.01875
0 0.31171875 0.521875 0.02734375 0.01875
0 0.33125 0.5359375 0.0265625 0.0203125
0 0.35 0.55234375 0.0265625 0.0203125
0 0.37734375 0.5484375 0.02890625 0.01953125
0 0.425 0.5203125 0.02421875 0.0203125
0 0.4 0.5140625 0.025 0.0171875
0 0.41171875 0.5 0.0265625 0.01953125
0 0.43046875 0.496875 0.02265625 0.01875
0 0.44375 0.5015625 0.0203125 0.01796875
0 0.46875 0.49453125 0.0265625 0.02109375
0 0.51171875 0.50390625 0.0265625 0.01875
0 0.525 0.52109375 0.0265625 0.01953125
0 0.5078125 0.46796875 0.025 0.01953125
0 0.53125 0.48046875 0.02109375 0.01953125
0 0.54609375 0.4765625 0.025 0.01796875
0 0.5609375 0.47578125 0.01796875 0.0203125
0 0.58203125 0.48046875 0.0265625 0.01875
0 0.58203125 0.4703125 0.02421875 0.01328125
0 0.56953125 0.49453125 0.02265625 0.01796875
0 0.59140625 0.50546875 0.02421875 0.01875
0 0.60390625 0.496875 0.02265625 0.0171875
0 0.575 0.51953125 0.025 0.01796875
0 0.61015625 0.51875 0.02734375 0.01953125
0 0.59609375 0.5578125 0.028125 0.02109375
0 0.6125 0.5390625 0.028125 0.01953125
0 0.63984375 0.5265625 0.0234375 0.02109375
0 0.628125 0.49921875 0.0234375 0.015625
0 0.6359375 0.5125 0.02421875 0.01484375
0 0.671875 0.5421875 0.028125 0.01953125
0 0.63515625 0.58984375 0.02890625 0.02265625
0 0.45703125 0.65 0.03125 0.0234375
0 0.4640625 0.62890625 0.03125 0.01953125
0 0.5140625 0.1859375 0.02421875 0.021875