0 0.37421875 0.2890625 0.059375 0.0609375
0 0.3140625 0.28984375 0.0515625 0.0578125
0 0.259375 0.30703125 0.059375 0.0609375
0 0.28203125 0.4015625 0.0515625 0.053125
0 0.290625 0.49140625 0.05625 0.0578125
0 0.728125 0.4390625 0.053125 0.05625
0 0.16015625 0.5171875 0.05625 0.0609375
0 0.09140625 0.6 0.053125 0.0546875
0 0.18046875 0.56953125 0.059375 0.0578125
0 0.225 0.6109375 0.0546875 0.0546875
0 0.2890625 0.60859375 0.05625 0.05625
0 0.334375 0.621875 0.0546875 0.0546875
0 0.41015625 0.571875 0.0515625 0.0546875
0 0.59765625 0.528125 0.0546875 0.0546875
0 0.53984375 0.58515625 0.05 0.0453125
0 0.49140625 0.5953125 0.0515625 0.0546875
0 0.44375 0.6 0.053125 0.0484375
0 0.4 0.6140625 0.0578125 0.053125
0 0.61640625 0.5953125 0.059375 0.05625
0 0.6796875 0.6 0.05625 0.05625
0 0.65 0.63515625 0.0515625 0.0515625
0 0.62578125 0.66640625 0.0546875 0.053125
0 0.68203125 0.659375 0.0453125 0.05
0 0.7265625 0.659375 0.05625 0.053125
0 0.703125 0.70625 0.0546875 0.0546875
0 0.80390625 0.675 0.053125 0.0515625
0 0.8234375 0.7203125 0.0546875 0.0546875
0 0.86640625 0.7328125 0.0515625 0.0515625
0 0.91484375 0.7078125 0.0515625 0.0515625
0 0.59765625 0.69921875 0.0515625 0.053125
0 0.6390625 0.7046875 0.053125 0.0546875
0 0.6703125 0.7578125 0.0515625 0.053125
0 0.61328125 0.7640625 0.0578125 0.053125
0 0.63984375 0.8 0.053125 0.053125
0 0.68515625 0.803125 0.053125 0.0515625
0 0.740625 0.78828125 0.0484375 0.05625
0 0.59375 0.81015625 0.0484375 0.05
0 0.67734375 0.87109375 0.053125 0.0515625
0 0.54765625 0.72890625 0.0515625 0.0515625
0 0.4734375 0.7890625 0.05 0.0546875
0 0.5 0.7046875 0.0515625 0.046875
0 0.5171875 0.625 0.05 0.046875
0 0.48203125 0.6515625 0.053125 0.0515625
0 0.43671875 0.65859375 0.0515625 0.0515625
0 0.459375 0.69375 0.0484375 0.0453125
0 0.403125 0.684375 0.0484375 0.053125
0 0.4390625 0.7421875 0.0515625 0.0484375
0 0.359375 0.66015625 0.0484375 0.0515625
0 0.328125 0.6953125 0.0515625 0.0515625
0 0.34453125 0.73125 0.053125 0.0484375
0 0.271875 0.65390625 0.046875 0.0453125
0 0.28671875 0.69453125 0.0484375 0.0515625
0 0.253125 0.7265625 0.053125 0.0484375
0 0.29921875 0.7375 0.05 0.05
0 0.28515625 0.7734375 0.046875 0.0484375
0 0.32734375 0.7953125 0.0515625 0.0484375
0 0.28671875 0.825 0.0484375 0.0484375
0 0.3484375 0.86015625 0.0484375 0.0515625
0 0.2171875 0.76015625 0.046875 0.0515625
0 0.18125 0.815625 0.053125 0.053125
0 0.1203125 0.765625 0.053125 0.0546875