0 0.58203125 0.3734375 0.01640625 0.01875
0 0.59921875 0.3828125 0.01640625 0.01875
0 0.6 0.40078125 0.0171875 0.01796875
0 0.61796875 0.39453125 0.0171875 0.0171875
0 0.6125 0.4125 0.01640625 0.01640625
0 0.6296875 0.4078125 0.01640625 0.01640625
0 0.64140625 0.42421875 0.01875 0.01875
0 0.6234375 0.42734375 0.01640625 0.0171875
0 0.60546875 0.42890625 0.01796875 0.01796875
0 0.5921875 0.4171875 0.015625 0.0171875
0 0.57734375 0.40703125 0.01640625 0.0171875
0 0.57109375 0.3875 0.01796875 0.01953125
0 0.5578125 0.375 0.0171875 0.01875
0 0.55390625 0.3921875 0.0171875 0.01796875
0 0.559375 0.4109375 0.01796875 0.01875
0 0.5734375 0.42578125 0.0171875 0.01953125
0 0.58828125 0.43515625 0.01640625 0.01796875
0 0.60234375 0.4484375 0.01796875 0.01875
0 0.62265625 0.4453125 0.0171875 0.01796875
0 0.5625 0.4390625 0.01640625 0.01796875
0 0.57734375 0.45 0.0171875 0.01875
0 0.590625 0.4609375 0.0171875 0.01796875
0 0.61171875 0.46171875 0.01875 0.01875
0 0.63046875 0.4625 0.0171875 0.01875
0 0.6578125 0.44453125 0.01875 0.01953125
0 0.5515625 0.45234375 0.0171875 0.0171875
0 0.5671875 0.46328125 0.02109375 0.01796875
0 0.54296875 0.4375 0.0171875 0.01875
0 0.54375 0.41953125 0.01796875 0.01875
0 0.53515625 0.38359375 0.01796875 0.01875
0 0.53828125 0.40234375 0.01640625 0.01796875
0 0.51484375 0.384375 0.01796875 0.01875
0 0.51796875 0.40234375 0.01875 0.01796875
0 0.52578125 0.41875 0.01640625 0.01875
0 0.52421875 0.4375 0.01796875 0.01796875
0 0.5328125 0.45234375 0.01796875 0.0171875
0 0.5421875 0.46796875 0.01796875 0.01796875
0 0.51875 0.46484375 0.01796875 0.01953125
0 0.52890625 0.48046875 0.0171875 0.0171875
0 0.49609375 0.39453125 0.0171875 0.0171875
0 0.50234375 0.41171875 0.01875 0.01796875
0 0.5015625 0.4296875 0.0171875 0.01640625
0 0.50859375 0.44609375 0.01953125 0.01796875
0 0.5015625 0.4625 0.0171875 0.01796875
0 0.484375 0.4671875 0.0171875 0.01875
0 0.4890625 0.44921875 0.0171875 0.01875
0 0.47109375 0.4546875 0.01796875 0.01796875
0 0.48046875 0.434375 0.01875 0.01875
0 0.47734375 0.396875 0.01953125 0.01953125
0 0.4796875 0.41640625 0.01796875 0.01875
0 0.46015625 0.403125 0.01640625 0.01796875
0 0.4421875 0.4 0.0171875 0.01875
0 0.46171875 0.42109375 0.0171875 0.01796875
0 0.4625 0.43828125 0.0171875 0.01796875
0 0.4453125 0.43125 0.0171875 0.01796875
0 0.43671875 0.41640625 0.0171875 0.01796875
0 0.41796875 0.4078125 0.01796875 0.01953125
0 0.4015625 0.41328125 0.01875 0.0203125
0 0.41953125 0.4265625 0.01953125 0.01953125
0 0.43046875 0.440625 0.01796875 0.01796875
0 0.446875 0.45 0.01796875 0.01953125
0 0.45703125 0.465625 0.0171875 0.01953125
0 0.4703125 0.4796875 0.01875 0.01796875
0 0.4 0.4328125 0.0203125 0.01875
0 0.37734375 0.4390625 0.01796875 0.0203125
0 0.39375 0.45 0.01796875 0.01796875
0 0.4125 0.44609375 0.01796875 0.01796875
0 0.4265625 0.459375 0.01796875 0.01796875
0 0.4078125 0.46328125 0.01796875 0.015625
0 0.3953125 0.47734375 0.0171875 0.01796875
0 0.4203125 0.4765625 0.01640625 0.0171875
0 0.43828125 0.471875 0.01875 0.01875
0 0.43359375 0.48984375 0.0171875 0.01796875
0 0.4515625 0.484375 0.01796875 0.0171875
0 0.44609375 0.5046875 0.01796875 0.01953125
0 0.465625 0.496875 0.01796875 0.0203125
0 0.5046875 0.47890625 0.0171875 0.01796875
0 0.48671875 0.4859375 0.01875 0.01796875
0 0.48125 0.50546875 0.0171875 0.01875
0 0.5015625 0.496875 0.01875 0.01796875
0 0.51953125 0.49609375 0.01796875 0.01796875
0 0.5328125 0.525 0.01875 0.01953125
0 0.5 0.515625 0.01875 0.01875
0 0.51796875 0.5140625 0.01796875 0.01796875
0 0.53671875 0.50625 0.01796875 0.0203125
0 0.54375 0.490625 0.01875 0.01875
0 0.55703125 0.47890625 0.01953125 0.01796875
0 0.5796875 0.47578125 0.0171875 0.01875
0 0.60078125 0.4765625 0.01796875 0.0203125
0 0.6203125 0.47890625 0.01796875 0.01796875
0 0.615625 0.49765625 0.01796875 0.0203125
0 0.5890625 0.490625 0.0171875 0.01796875
0 0.6 0.50546875 0.01640625 0.0203125
0 0.5703125 0.49140625 0.01796875 0.01953125
0 0.5578125 0.503125 0.01875 0.01953125
0 0.5796875 0.50703125 0.01796875 0.01875
0 0.590625 0.52109375 0.0171875 0.01953125
0 0.565625 0.51875 0.01640625 0.01875
0 0.57578125 0.5328125 0.0171875 0.01875