0 0.58046875 0.5375 0.034375 0.034375
0 0.628125 0.53203125 0.034375 0.034375
0 0.5609375 0.50859375 0.034375 0.0328125
0 0.6609375 0.596875 0.034375 0.034375
0 0.7625 0.5796875 0.034375 0.034375
0 0.6421875 0.6203125 0.0375 0.0359375
0 0.6640625 0.5390625 0.034375 0.034375
0 0.7796875 0.54140625 0.034375 0.034375
0 0.54296875 0.47734375 0.034375 0.034375
0 0.83984375 0.4515625 0.0328125 0.03125
0 0.8515625 0.4859375 0.034375 0.03125
0 0.615625 0.5765625 0.034375 0.034375
0 0.69375 0.5671875 0.034375 0.034375
0 0.81015625 0.58828125 0.0359375 0.0375
0 0.83046875 0.5375 0.034375 0.0359375
0 0.58125 0.56953125 0.0359375 0.034375
0 0.53671875 0.4453125 0.034375 0.03125
0 0.809375 0.49765625 0.034375 0.034375
0 0.64453125 0.56171875 0.034375 0.034375
0 0.746875 0.521875 0.034375 0.034375
0 0.771875 0.428125 0.0328125 0.03125
0 0.58671875 0.4890625 0.034375 0.0328125
0 0.56953125 0.44921875 0.0328125 0.03125
0 0.703125 0.60078125 0.034375 0.034375
0 0.72734375 0.57734375 0.034375 0.0359375
0 0.53125 0.4140625 0.0328125 0.03125
0 0.80859375 0.465625 0.034375 0.0328125
0 0.68671875 0.6296875 0.0375 0.0375
0 0.7625 0.49609375 0.0328125 0.03125
0 0.85078125 0.5171875 0.034375 0.03125
0 0.76015625 0.63828125 0.0375 0.034375
0 0.7859375 0.61640625 0.0375 0.034375
0 0.72734375 0.334375 0.03125 0.028125
0 0.83359375 0.41796875 0.0359375 0.0296875
0 0.715625 0.4546875 0.03125 0.03125
0 0.8015625 0.43203125 0.03125 0.0296875
0 0.82421875 0.634375 0.0359375 0.034375
0 0.73125 0.4875 0.0328125 0.03125
0 0.64921875 0.50078125 0.034375 0.03125
0 0.77421875 0.46171875 0.034375 0.03125
0 0.525 0.35078125 0.0328125 0.03125
0 0.62421875 0.64921875 0.034375 0.0375
0 0.7328125 0.29921875 0.03125 0.03125
0 0.61015625 0.4046875 0.034375 0.03125
0 0.84140625 0.5734375 0.034375 0.034375
0 0.69921875 0.53671875 0.034375 0.034375
0 0.6640625 0.31640625 0.0296875 0.03125
0 0.7 0.3078125 0.0296875 0.028125
0 0.740625 0.36328125 0.03125 0.028125
0 0.6015625 0.46328125 0.034375 0.03125
0 0.884375 0.46953125 0.0328125 0.0328125
0 0.7625 0.39453125 0.03125 0.0296875
0 0.55546875 0.2984375 0.03125 0.028125
0 0.7453125 0.66796875 0.0359375 0.0375
0 0.78984375 0.38046875 0.03125 0.028125
0 0.63984375 0.38359375 0.0328125 0.03125
0 0.47578125 0.30234375 0.034375 0.03125
0 0.6671875 0.2625 0.028125 0.03125
0 0.63671875 0.471875 0.034375 0.03125
0 0.684375 0.4421875 0.0328125 0.03125
0 0.58046875 0.33125 0.03125 0.0296875
0 0.59765625 0.43359375 0.0328125 0.03125
0 0.584375 0.38671875 0.03125 0.03125
0 0.47421875 0.2640625 0.0328125 0.0328125
0 0.571875 0.4171875 0.0328125 0.03125
0 0.69453125 0.33828125 0.03125 0.0296875
0 0.73359375 0.38828125 0.034375 0.03125
0 0.50390625 0.2578125 0.03125 0.028125
0 0.4796875 0.22890625 0.034375 0.03125
0 0.6953125 0.47890625 0.03125 0.03125
0 0.884375 0.56640625 0.034375 0.034375
0 0.5125 0.309375 0.03125 0.0296875
0 0.55390625 0.390625 0.0328125 0.034375
0 0.6109375 0.32890625 0.03125 0.03125
0 0.771875 0.72265625 0.040625 0.0375
0 0.534375 0.2484375 0.03125 0.0296875
0 0.64609375 0.21796875 0.028125 0.028125
0 0.72734375 0.41640625 0.03125 0.03125
0 0.5859375 0.2765625 0.03125 0.0296875
0 0.8640625 0.703125 0.0359375 0.0375
0 0.68359375 0.50703125 0.0328125 0.034375
0 0.55546875 0.353125 0.03125 0.03125
0 0.65390625 0.36015625 0.03125 0.03125
0 0.47265625 0.20078125 0.03125 0.0296875
0 0.4984375 0.2828125 0.03125 0.03125
0 0.62265625 0.35625 0.0296875 0.03125
0 0.69453125 0.415625 0.03125 0.03125
0 0.5921875 0.359375 0.03125 0.0296875
0 0.7890625 0.76328125 0.0359375 0.0375
0 0.6421875 0.26953125 0.0296875 0.0296875
0 0.61484375 0.28125 0.03125 0.03125
0 0.5578125 0.2671875 0.03125 0.03125
0 0.6140625 0.209375 0.0296875 0.028125
0 0.5078125 0.2203125 0.0328125 0.03125
0 0.528125 0.27734375 0.03125 0.0296875
0 0.54296875 0.32421875 0.0328125 0.03125
0 0.74609375 0.44609375 0.03125 0.03125
0 0.6140625 0.1828125 0.028125 0.028125
0 0.58359375 0.25 0.03125 0.0296875
0 0.6109375 0.25390625 0.0296875 0.028125
0 0.62578125 0.309375 0.028125 0.028125
0 0.81328125 0.7109375 0.034375 0.0359375
0 0.5921875 0.16640625 0.028125 0.028125
0 0.5890625 0.2234375 0.028125 0.028125
0 0.66953125 0.38671875 0.03125 0.03125
0 0.63046875 0.2375 0.03125 0.028125
0 0.5875 0.1953125 0.028125 0.028125
0 0.56484375 0.17734375 0.028125 0.0265625
0 0.49140625 0.32890625 0.034375 0.03125
0 0.5609375 0.203125 0.028125 0.028125
0 0.68359375 0.3625 0.03125 0.028125
0 0.5625 0.14609375 0.028125 0.028125
0 0.5375 0.1546875 0.028125 0.028125
0 0.546875 0.225 0.028125 0.028125
0 0.5265625 0.20078125 0.028125 0.0296875
0 0.7046875 0.6765625 0.0375 0.0375
0 0.5890625 0.3046875 0.03125 0.028125
0 0.596875 0.67421875 0.0359375 0.0375
0 0.503125 0.16796875 0.028125 0.0265625
0 0.7515625 0.753125 0.0375 0.0421875
0 0.6984375 0.38828125 0.03125 0.03125
0 0.5234375 0.38046875 0.034375 0.03125
0 0.51328125 0.1359375 0.028125 0.028125
0 0.83671875 0.78203125 0.0375 0.0375
0 0.48515625 0.14375 0.0296875 0.028125
0 0.45390625 0.14453125 0.03125 0.028125
0 0.659375 0.415625 0.03125 0.03125
0 0.89453125 0.68828125 0.034375 0.040625
0 0.53515625 0.1796875 0.028125 0.028125
0 0.78671875 0.2953125 0.0328125 0.028125
0 0.49921875 0.19140625 0.03125 0.0296875
0 0.6171875 0.49921875 0.0328125 0.03125
0 0.6609375 0.46171875 0.03125 0.03125
0 0.52890625 0.109375 0.028125 0.028125
0 0.94453125 0.42109375 0.03125 0.0296875
0 0.63671875 0.43671875 0.034375 0.03125
0 0.77265625 0.82734375 0.0390625 0.046875
0 0.0640625 0.184375 0.0359375 0.0296875
0 0.053125 0.21171875 0.0375 0.03125
0 0.640625 0.334375 0.028125 0.028125
0 0.9421875 0.86796875 0.040625 0.0453125
0 0.715625 0.5125 0.03125 0.03125