0 0.60546875 0.571875 0.03359375 0.034375
0 0.54765625 0.546875 0.028125 0.03046875
0 0.61328125 0.53984375 0.03046875 0.03125
0 0.33203125 0.49296875 0.03359375 0.03046875
0 0.31171875 0.6921875 0.03046875 0.03125
0 0.3515625 0.51875 0.03046875 0.0296875
0 0.52578125 0.7390625 0.03203125 0.03125
0 0.49375 0.540625 0.0296875 0.03125
0 0.57734375 0.51015625 0.03046875 0.0296875
0 0.44296875 0.69609375 0.0296875 0.0296875
0 0.44453125 0.509375 0.0296875 0.03046875
0 0.60390625 0.6140625 0.03046875 0.03125
0 0.31953125 0.6453125 0.03125 0.03046875
0 0.57890625 0.6609375 0.0296875 0.0296875
0 0.57265625 0.6328125 0.03125 0.03125
0 0.54765625 0.65390625 0.03203125 0.03203125
0 0.6625 0.61875 0.0296875 0.03046875
0 0.43046875 0.58984375 0.03046875 0.03046875
0 0.33359375 0.76875 0.0359375 0.03203125
0 0.63671875 0.54140625 0.02578125 0.0296875
0 0.43359375 0.55546875 0.0296875 0.03046875
0 0.31484375 0.615625 0.03203125 0.03125
0 0.3390625 0.67578125 0.0296875 0.03046875
0 0.63203125 0.61875 0.03046875 0.03046875
0 0.4953125 0.49140625 0.0296875 0.03203125
0 0.5296875 0.60625 0.03046875 0.03046875
0 0.5203125 0.50625 0.0296875 0.03046875
0 0.5625 0.44453125 0.0296875 0.0296875
0 0.38828125 0.3 0.03125 0.0328125
0 0.371875 0.675 0.03125 0.03046875
0 0.40703125 0.678125 0.0296875 0.0296875
0 0.3515625 0.60234375 0.03203125 0.03046875
0 0.52578125 0.5375 0.03125 0.03125
0 0.5 0.715625 0.03046875 0.03125
0 0.52421875 0.5765625 0.028125 0.02890625
0 0.45859375 0.48125 0.02890625 0.03046875
0 0.38125 0.51875 0.0296875 0.0296875
0 0.5046875 0.759375 0.03046875 0.03203125
0 0.5296875 0.71015625 0.03125 0.03125
0 0.365625 0.6296875 0.03046875 0.03046875
0 0.55 0.50078125 0.0296875 0.03046875
0 0.4578125 0.63671875 0.03046875 0.02890625
0 0.471875 0.68671875 0.0296875 0.0296875
0 0.37109375 0.57890625 0.02890625 0.0296875
0 0.39140625 0.54765625 0.02890625 0.03046875
0 0.528125 0.39140625 0.03125 0.03125
0 0.49453125 0.578125 0.02890625 0.03046875
0 0.4984375 0.65859375 0.02890625 0.03046875
0 0.521875 0.478125 0.03046875 0.03125
0 0.46015625 0.56796875 0.02890625 0.0296875
0 0.38828125 0.64921875 0.03046875 0.03046875
0 0.33984375 0.34140625 0.03359375 0.03125
0 0.4390625 0.81171875 0.03046875 0.0328125
0 0.50390625 0.36953125 0.03046875 0.0328125
0 0.48125 0.45546875 0.03046875 0.0296875
0 0.521875 0.41953125 0.03125 0.03046875
0 0.40625 0.62421875 0.03046875 0.02890625
0 0.3609375 0.24609375 0.03515625 0.03359375
0 0.55078125 0.471875 0.03046875 0.03046875
0 0.5390625 0.6828125 0.03125 0.03125
0 0.39609375 0.49296875 0.03046875 0.0296875
0 0.378125 0.771875 0.0296875 0.03125
0 0.5046875 0.82890625 0.03046875 0.03125
0 0.4453125 0.4546875 0.0296875 0.03046875
0 0.3765625 0.8015625 0.03125 0.03046875
0 0.39375 0.596875 0.02890625 0.028125
0 0.446875 0.28203125 0.03125 0.0328125
0 0.33671875 0.44140625 0.03046875 0.03046875
0 0.3609375 0.2125 0.0296875 0.03359375
0 0.49453125 0.609375 0.02890625 0.0296875
0 0.475 0.73515625 0.0296875 0.03203125
0 0.61015625 0.52265625 0.0296875 0.0265625
0 0.4078125 0.57109375 0.0296875 0.0296875
0 0.50859375 0.68671875 0.02890625 0.03125
0 0.425 0.64609375 0.02890625 0.02890625
0 0.41171875 0.46484375 0.0296875 0.0296875
0 0.37421875 0.3328125 0.03046875 0.03203125
0 0.35546875 0.3078125 0.03203125 0.03203125
0 0.375 0.2765625 0.03125 0.0328125
0 0.4671875 0.24453125 0.03046875 0.03046875
0 0.47734375 0.81875 0.0296875 0.03046875
0 0.39765625 0.84453125 0.02890625 0.0296875
0 0.434375 0.25390625 0.03046875 0.03203125
0 0.48828125 0.8546875 0.03046875 0.03203125
0 0.40546875 0.790625 0.03203125 0.034375
0 0.36484375 0.36171875 0.0296875 0.0296875
0 0.4640625 0.31015625 0.03046875 0.03125
0 0.47578125 0.27578125 0.03125 0.034375
0 0.465625 0.61171875 0.03046875 0.03046875
0 0.471875 0.76484375 0.0296875 0.03125
0 0.45625 0.4234375 0.03125 0.03046875
0 0.35234375 0.4671875 0.02890625 0.02890625
0 0.39296875 0.178125 0.0296875 0.03046875
0 0.4359375 0.61953125 0.0296875 0.0296875
0 0.40390625 0.7578125 0.02890625 0.03203125
0 0.434375 0.78203125 0.03125 0.03203125
0 0.44609375 0.7515625 0.0265625 0.02890625
0 0.4203125 0.1609375 0.03046875 0.03125
0 0.36796875 0.49296875 0.0296875 0.02890625
0 0.4609375 0.33828125 0.03046875 0.03203125
0 0.41796875 0.22734375 0.03125 0.03125
0 0.49140625 0.428125 0.0296875 0.0296875
0 0.34609375 0.415625 0.03046875 0.03046875
0 0.39296875 0.20859375 0.0296875 0.03125
0 0.45859375 0.7953125 0.03046875 0.03203125
0 0.4390625 0.8765625 0.0296875 0.03359375
0 0.428125 0.846875 0.0296875 0.03125
0 0.49453125 0.39921875 0.0296875 0.03046875
0 0.40390625 0.2671875 0.0296875 0.03203125
0 0.47421875 0.36796875 0.03046875 0.03125
0 0.4453125 0.37265625 0.03046875 0.03125
0 0.38203125 0.465625 0.0296875 0.0296875
0 0.40703125 0.40859375 0.03046875 0.03046875
0 0.459375 0.85078125 0.0296875 0.03046875
0 0.396875 0.43828125 0.03046875 0.03046875
0 0.42265625 0.75078125 0.02890625 0.0296875
0 0.4625 0.87890625 0.0296875 0.03203125
0 0.46484375 0.39453125 0.0296875 0.03046875
0 0.41875 0.296875 0.03046875 0.03203125
0 0.38515625 0.384375 0.03046875 0.03046875
0 0.409375 0.81875 0.02890625 0.03046875
0 0.4359375 0.2015625 0.03046875 0.03671875
0 0.4359375 0.321875 0.03046875 0.03125
0 0.40625 0.3265625 0.03046875 0.0328125
0 0.37734375 0.4125 0.03046875 0.0296875
0 0.3671875 0.43984375 0.0296875 0.0296875
0 0.39609375 0.35546875 0.0296875 0.03125
0 0.41484375 0.37734375 0.0296875 0.0296875
0 0.44375 0.90546875 0.028125 0.0296875
0 0.4359375 0.40078125 0.03046875 0.03046875
0 0.490625 0.7875 0.03046875 0.03125
0 0.3890625 0.23984375 0.03203125 0.0328125
0 0.4734375 0.909375 0.02890625 0.03125
0 0.35703125 0.39296875 0.0296875 0.0296875
0 0.446875 0.82421875 0.02890625 0.02890625
0 0.4265625 0.43125 0.0296875 0.0296875
0 0.4328125 0.128125 0.03671875 0.03359375
0 0.3578125 0.75625 0.03203125 0.0328125
0 0.428125 0.3484375 0.03984375 0.028125
0 0.49140625 0.340625 0.028125 0.03203125
0 0.53125 0.44765625 0.03359375 0.0296875