0 0.578125 0.03984375 0.040625 0.0390625
0 0.52421875 0.115625 0.0390625 0.040625
0 0.68984375 0.265625 0.040625 0.040625
0 0.72109375 0.3125 0.0375 0.0359375
0 0.70078125 0.34921875 0.04375 0.040625
0 0.6828125 0.38671875 0.0375 0.0390625
0 0.65234375 0.38828125 0.040625 0.0359375
0 0.63203125 0.4125 0.0375 0.034375
0 0.66171875 0.42421875 0.0375 0.0375
0 0.7671875 0.4953125 0.0328125 0.0328125
0 0.61875 0.24609375 0.0375 0.040625
0 0.66953125 0.30546875 0.0359375 0.0375
0 0.6515625 0.33125 0.034375 0.034375
0 0.6234375 0.34375 0.0328125 0.0328125
0 0.60625 0.38046875 0.0375 0.0359375
0 0.59140625 0.41875 0.0359375 0.034375
0 0.56953125 0.44296875 0.034375 0.034375
0 0.540625 0.41953125 0.0375 0.0375
0 0.5609375 0.39140625 0.0375 0.0375
0 0.56875 0.36484375 0.040625 0.0359375
0 0.59140625 0.3390625 0.0375 0.034375
0 0.5921875 0.30703125 0.0375 0.034375
0 0.56171875 0.3234375 0.0375 0.0375
0 0.5375 0.36015625 0.0390625 0.034375
0 0.53125 0.39453125 0.0359375 0.0359375
0 0.49921875 0.40703125 0.0375 0.0375
0 0.4359375 0.36484375 0.040625 0.0375
0 0.178125 0.36171875 0.0390625 0.034375
0 0.12265625 0.39609375 0.0390625 0.0375
0 0.69375 0.4125 0.0375 0.0359375
0 0.734375 0.41171875 0.0390625 0.0375
0 0.76484375 0.4328125 0.0359375 0.040625
0 0.73515625 0.4390625 0.034375 0.034375
0 0.74296875 0.46875 0.034375 0.0375
0 0.771875 0.4703125 0.0375 0.0375
0 0.8078125 0.571875 0.0375 0.0359375
0 0.78984375 0.51328125 0.0375 0.034375
0 0.8 0.5453125 0.0359375 0.034375
0 0.77421875 0.54609375 0.0328125 0.0328125
0 0.75625 0.52109375 0.0375 0.0375
0 0.71640625 0.45859375 0.0328125 0.034375
0 0.7328125 0.49765625 0.034375 0.034375
0 0.70625 0.49296875 0.0359375 0.0375
0 0.68828125 0.46015625 0.0328125 0.03125
0 0.6703125 0.48125 0.034375 0.034375
0 0.6796875 0.51015625 0.0390625 0.034375
0 0.72421875 0.53359375 0.0390625 0.0375
0 0.7515625 0.56484375 0.034375 0.0390625
0 0.7796875 0.5921875 0.0375 0.0359375
0 0.7875 0.621875 0.034375 0.0359375
0 0.75703125 0.621875 0.0375 0.0359375
0 0.78203125 0.653125 0.0375 0.034375
0 0.62734375 0.57734375 0.0359375 0.03125
0 0.61953125 0.5484375 0.034375 0.0359375
0 0.59140625 0.5578125 0.034375 0.034375
0 0.66328125 0.58125 0.0375 0.0375
0 0.69765625 0.590625 0.0375 0.0390625
0 0.73515625 0.60390625 0.0375 0.0375
0 0.7328125 0.63515625 0.034375 0.0359375
0 0.759375 0.68828125 0.034375 0.0390625
0 0.72421875 0.665625 0.0375 0.034375
0 0.69609375 0.67578125 0.034375 0.0390625
0 0.72734375 0.7796875 0.040625 0.040625
0 0.68046875 0.78828125 0.0453125 0.0421875
0 0.66875 0.66875 0.040625 0.0375
0 0.66328125 0.63125 0.0359375 0.0375
0 0.6375 0.6546875 0.040625 0.0375
0 0.60625 0.6375 0.040625 0.0375
0 0.6 0.678125 0.0375 0.0390625
0 0.575 0.6234375 0.040625 0.0359375
0 0.565625 0.66796875 0.0375 0.040625
0 0.553125 0.59453125 0.0390625 0.040625
0 0.5640625 0.5640625 0.0375 0.040625
0 0.56328125 0.5125 0.0375 0.040625
0 0.525 0.51875 0.04375 0.0390625
0 0.49140625 0.51171875 0.040625 0.0375
0 0.42578125 0.47421875 0.040625 0.0375
0 0.41640625 0.50390625 0.040625 0.0375
0 0.45390625 0.5 0.040625 0.0390625
0 0.45703125 0.5296875 0.0390625 0.034375
0 0.525 0.57265625 0.0421875 0.0390625
0 0.48359375 0.5734375 0.040625 0.0375
0 0.45078125 0.58203125 0.0421875 0.0421875
0 0.3390625 0.55 0.04375 0.0375
0 0.44375 0.63046875 0.04375 0.040625
0 0.4203125 0.60546875 0.040625 0.0375
0 0.37265625 0.61171875 0.034375 0.0375
0 0.2765625 0.63359375 0.040625 0.0375
0 0.43828125 0.67421875 0.0375 0.040625
0 0.41640625 0.7 0.0375 0.0375
0 0.4625 0.71015625 0.0375 0.0375
0 0.42890625 0.728125 0.040625 0.0390625
0 0.640625 0.91640625 0.0375 0.0375
0 0.46015625 0.8109375 0.0390625 0.0375
0 0.47578125 0.834375 0.0375 0.0375
0 0.509375 0.7875 0.0375 0.0375
0 0.50546875 0.83515625 0.0375 0.0359375
0 0.53984375 0.8453125 0.0375 0.040625
0 0.3859375 0.86484375 0.0421875 0.040625