0 0.484375 0.7109375 0.01875 0.021875
0 0.4640625 0.70703125 0.01875 0.021875
0 0.4734375 0.6890625 0.01875 0.021875
0 0.46875 0.66328125 0.01875 0.0203125
0 0.4859375 0.6515625 0.01875 0.021875
0 0.534375 0.684375 0.01875 0.0203125
0 0.55859375 0.7609375 0.0203125 0.01875
0 0.609375 0.80390625 0.01875 0.0203125
0 0.62734375 0.7546875 0.01875 0.01875
0 0.6734375 0.77421875 0.0171875 0.01875
0 0.68203125 0.7890625 0.015625 0.0171875
0 0.6875 0.775 0.0171875 0.0171875
0 0.7015625 0.7875 0.015625 0.0171875
0 0.69609375 0.803125 0.015625 0.01875
0 0.73125 0.80703125 0.015625 0.015625
0 0.73203125 0.79296875 0.015625 0.01875
0 0.72109375 0.78984375 0.0140625 0.015625
0 0.72578125 0.77578125 0.015625 0.015625
0 0.71171875 0.77421875 0.015625 0.0171875
0 0.69765625 0.75859375 0.015625 0.0171875
0 0.72109375 0.7453125 0.0171875 0.0171875
0 0.68515625 0.75625 0.015625 0.01875
0 0.71640625 0.7296875 0.015625 0.0171875
0 0.76953125 0.8015625 0.015625 0.01875
0 0.775 0.821875 0.015625 0.015625
0 0.56796875 0.70390625 0.015625 0.01875
0 0.54375 0.70703125 0.015625 0.0171875
0 0.5546875 0.6984375 0.015625 0.0171875
0 0.5625 0.684375 0.01875 0.01875
0 0.5765625 0.67109375 0.0171875 0.01875
0 0.63984375 0.66484375 0.015625 0.01875
0 0.57890625 0.64453125 0.0171875 0.021875
0 0.57734375 0.6265625 0.0171875 0.0203125
0 0.56171875 0.6296875 0.015625 0.01875
0 0.565625 0.6140625 0.01875 0.01875
0 0.553125 0.61953125 0.01875 0.01875
0 0.50390625 0.6296875 0.015625 0.0203125
0 0.68359375 0.6921875 0.015625 0.01875
0 0.7203125 0.67421875 0.01875 0.01875
0 0.7796875 0.64765625 0.0171875 0.015625
0 0.81171875 0.6484375 0.01875 0.01875
0 0.83125 0.65234375 0.015625 0.01875
0 0.83984375 0.62421875 0.015625 0.01875
0 0.81875 0.628125 0.015625 0.01875
0 0.79765625 0.621875 0.0171875 0.01875
0 0.7234375 0.6140625 0.0171875 0.01875
0 0.6890625 0.615625 0.015625 0.0171875
0 0.6765625 0.6125 0.0140625 0.0171875
0 0.67265625 0.60078125 0.015625 0.0171875
0 0.6625 0.60625 0.015625 0.01875
0 0.665625 0.590625 0.015625 0.015625
0 0.65546875 0.59609375 0.015625 0.01875
0 0.64296875 0.61640625 0.0171875 0.01875
0 0.6453125 0.60078125 0.015625 0.01875
0 0.63203125 0.6 0.0125 0.0109375
0 0.63515625 0.59296875 0.0140625 0.0140625
0 0.63125 0.61484375 0.0140625 0.0171875
0 0.6203125 0.61015625 0.0140625 0.0140625
0 0.61953125 0.596875 0.015625 0.015625
0 0.6046875 0.6109375 0.015625 0.01875
0 0.60703125 0.59609375 0.0171875 0.0171875
0 0.61328125 0.584375 0.015625 0.015625
0 0.5890625 0.5875 0.015625 0.01875
0 0.59375 0.56953125 0.015625 0.01875
0 0.603125 0.57890625 0.015625 0.01875
0 0.609375 0.565625 0.015625 0.01875
0 0.61875 0.5734375 0.0171875 0.01875
0 0.62890625 0.58203125 0.015625 0.015625
0 0.63984375 0.5765625 0.015625 0.015625
0 0.64765625 0.5859375 0.0140625 0.0140625
0 0.65859375 0.57890625 0.015625 0.015625
0 0.67421875 0.575 0.015625 0.01875
0 0.6515625 0.56953125 0.015625 0.0171875
0 0.6421875 0.5625 0.015625 0.01875
0 0.6234375 0.55703125 0.015625 0.01875
0 0.61171875 0.54296875 0.015625 0.0171875
0 0.61796875 0.52734375 0.015625 0.01875
0 0.6015625 0.515625 0.015625 0.0171875
0 0.60546875 0.52734375 0.015625 0.01875
0 0.61875 0.5109375 0.015625 0.0171875
0 0.6328125 0.515625 0.015625 0.01875
0 0.64453125 0.51640625 0.0140625 0.0171875
0 0.6578125 0.521875 0.01875 0.015625
0 0.665625 0.51484375 0.015625 0.0171875
0 0.64765625 0.50078125 0.015625 0.015625
0 0.621875 0.4953125 0.015625 0.0171875
0 0.6109375 0.49921875 0.015625 0.0171875
0 0.65390625 0.49453125 0.015625 0.015625
0 0.66484375 0.4984375 0.015625 0.015625
0 0.675 0.5078125 0.015625 0.015625
0 0.68359375 0.51484375 0.015625 0.0171875
0 0.69375 0.521875 0.015625 0.0171875
0 0.68515625 0.53203125 0.015625 0.0171875
0 0.70625 0.5234375 0.015625 0.01875
0 0.72421875 0.540625 0.015625 0.01875
0 0.73125 0.52734375 0.0171875 0.0171875
0 0.74453125 0.54296875 0.015625 0.0171875
0 0.75546875 0.52890625 0.015625 0.01875
0 0.77734375 0.54296875 0.01875 0.01875
0 0.7984375 0.57890625 0.01875 0.0171875
0 0.72109375 0.565625 0.01875 0.01875
0 0.69296875 0.50859375 0.015625 0.015625
0 0.696875 0.496875 0.015625 0.015625
0 0.7078125 0.48984375 0.015625 0.015625
0 0.71875 0.490625 0.01875 0.01875
0 0.70859375 0.47421875 0.0171875 0.015625
0 0.6953125 0.48046875 0.015625 0.015625
0 0.6859375 0.48515625 0.0171875 0.015625
0 0.68359375 0.49765625 0.015625 0.0171875
0 0.67265625 0.490625 0.015625 0.0171875
0 0.67421875 0.47734375 0.015625 0.0171875
0 0.68125 0.46640625 0.015625 0.015625
0 0.69609375 0.46640625 0.015625 0.015625
0 0.6984375 0.4546875 0.015625 0.0171875
0 0.709375 0.45546875 0.015625 0.01875
0 0.709375 0.440625 0.015625 0.015625
0 0.68828125 0.4359375 0.015625 0.01875
0 0.671875 0.43203125 0.015625 0.0171875
0 0.67890625 0.446875 0.015625 0.01875
0 0.6875 0.45625 0.015625 0.015625
0 0.66953125 0.459375 0.015625 0.0171875
0 0.64765625 0.45859375 0.015625 0.01875
0 0.6546875 0.46875 0.01875 0.0171875
0 0.6640625 0.47734375 0.015625 0.0171875
0 0.65234375 0.48125 0.015625 0.01875
0 0.6546875 0.42265625 0.0171875 0.015625
0 0.640625 0.41640625 0.015625 0.015625
0 0.61640625 0.40078125 0.01875 0.01875
0 0.628125 0.409375 0.015625 0.0171875
0 0.67734375 0.40078125 0.01875 0.0171875
0 0.69296875 0.40234375 0.015625 0.01875
0 0.70703125 0.40625 0.015625 0.0171875
0 0.72109375 0.4171875 0.015625 0.01875
0 0.71171875 0.39296875 0.01875 0.01875
0 0.715625 0.3796875 0.01875 0.015625
0 0.7078125 0.3671875 0.01875 0.0203125
0 0.67109375 0.371875 0.01875 0.0203125
0 0.60625 0.3640625 0.01875 0.0203125
0 0.6203125 0.359375 0.0171875 0.01875
0 0.634375 0.36640625 0.01875 0.0171875
0 0.63984375 0.35546875 0.01875 0.0171875
0 0.64296875 0.3390625 0.01875 0.01875
0 0.621875 0.3203125 0.01875 0.01875
0 0.63359375 0.3078125 0.01875 0.01875