0 0.43984375 0.15234375 0.02578125 0.02734375
0 0.46796875 0.16171875 0.02421875 0.028125
0 0.446875 0.17734375 0.0234375 0.02578125
0 0.478125 0.184375 0.025 0.03125
0 0.45546875 0.20078125 0.0234375 0.02734375
0 0.475 0.21328125 0.0234375 0.028125
0 0.49609375 0.2234375 0.02734375 0.03125
0 0.45234375 0.23125 0.0265625 0.0296875
0 0.4765625 0.2421875 0.02578125 0.02890625
0 0.51015625 0.25390625 0.02734375 0.0328125
0 0.44140625 0.26015625 0.02265625 0.02421875
0 0.4546875 0.28203125 0.0234375 0.02890625
0 0.47734375 0.27265625 0.0265625 0.03125
0 0.36796875 0.14140625 0.0234375 0.028125
0 0.3953125 0.14140625 0.025 0.02734375
0 0.34375 0.15 0.02421875 0.025
0 0.3703125 0.16484375 0.02421875 0.02421875
0 0.39453125 0.16875 0.02734375 0.02890625
0 0.31640625 0.18046875 0.0203125 0.02421875
0 0.33671875 0.17578125 0.02109375 0.02578125
0 0.3546875 0.18359375 0.02109375 0.02421875
0 0.3796875 0.190625 0.02265625 0.02734375
0 0.29453125 0.18203125 0.02109375 0.02578125
0 0.3 0.203125 0.01953125 0.02421875
0 0.31953125 0.20546875 0.01796875 0.02421875
0 0.3390625 0.2046875 0.02109375 0.0265625
0 0.359375 0.20546875 0.0203125 0.028125
0 0.38046875 0.21953125 0.02265625 0.03515625
0 0.3609375 0.259375 0.0265625 0.03203125
0 0.2765625 0.21015625 0.0234375 0.028125
0 0.29609375 0.22578125 0.0203125 0.028125
0 0.31484375 0.23125 0.0265625 0.0265625
0 0.23984375 0.21171875 0.02265625 0.02265625
0 0.25859375 0.22890625 0.02265625 0.02578125
0 0.27734375 0.24296875 0.01796875 0.02578125
0 0.29765625 0.253125 0.02265625 0.025
0 0.2375 0.24609375 0.02265625 0.0265625
0 0.26015625 0.2546875 0.021875 0.02421875
0 0.28125 0.2671875 0.021875 0.025
0 0.21875 0.22890625 0.025 0.0265625
0 0.2359375 0.27265625 0.02109375 0.0265625
0 0.26015625 0.28046875 0.02265625 0.028125
0 0.23125 0.29765625 0.025 0.025
0 0.07265625 0.34453125 0.02421875 0.0265625
0 0.10234375 0.39140625 0.02265625 0.0265625
0 0.471875 0.30234375 0.02734375 0.03515625
0 0.58203125 0.29296875 0.03359375 0.034375
0 0.434375 0.30859375 0.02421875 0.02890625
0 0.45078125 0.32421875 0.0234375 0.02890625
0 0.4671875 0.33984375 0.0296875 0.02890625
0 0.4375 0.34921875 0.0265625 0.0328125
0 0.46640625 0.36875 0.028125 0.02890625
0 0.34296875 0.33125 0.02421875 0.0265625
0 0.3640625 0.3421875 0.02421875 0.02890625
0 0.32421875 0.37734375 0.0203125 0.02890625
0 0.34296875 0.371875 0.02890625 0.02890625
0 0.32578125 0.40390625 0.02421875 0.02578125
0 0.38828125 0.38125 0.0265625 0.034375
0 0.2703125 0.3015625 0.0203125 0.025
0 0.290625 0.29296875 0.02109375 0.028125
0 0.1984375 0.29765625 0.021875 0.0265625
0 0.2171875 0.3265625 0.0203125 0.02421875
0 0.2375 0.32265625 0.0203125 0.0265625
0 0.25546875 0.32109375 0.0203125 0.0265625
0 0.26640625 0.33984375 0.021875 0.028125
0 0.21875 0.3515625 0.0203125 0.02578125
0 0.2328125 0.3640625 0.01875 0.02421875
0 0.2515625 0.3671875 0.0234375 0.025
0 0.26015625 0.409375 0.02265625 0.02734375
0 0.22734375 0.38671875 0.021875 0.02421875
0 0.240625 0.40390625 0.02265625 0.0265625
0 0.2640625 0.38515625 0.0234375 0.028125
0 0.2453125 0.4328125 0.0265625 0.02734375
0 0.32265625 0.43046875 0.025 0.02734375
0 0.3484375 0.415625 0.025 0.0296875
0 0.5734375 0.39609375 0.03125 0.03359375
0 0.5109375 0.45234375 0.028125 0.02890625
0 0.55859375 0.43359375 0.03046875 0.03515625
0 0.509375 0.41875 0.02578125 0.03046875
0 0.49765625 0.46796875 0.025 0.03046875
0 0.3390625 0.45703125 0.02265625 0.02578125
0 0.359375 0.44921875 0.0265625 0.03125
0 0.44296875 0.47421875 0.02578125 0.0296875
0 0.315625 0.4640625 0.02421875 0.03046875
0 0.3453125 0.48515625 0.02109375 0.02890625
0 0.25 0.4703125 0.02578125 0.02890625
0 0.32890625 0.4828125 0.01875 0.02890625
0 0.3703125 0.48125 0.028125 0.028125
0 0.39453125 0.49140625 0.0296875 0.028125
0 0.47421875 0.49453125 0.03046875 0.03359375
0 0.36015625 0.51171875 0.02734375 0.03125
0 0.40390625 0.52109375 0.0296875 0.03125
0 0.26875 0.50859375 0.028125 0.03046875
0 0.346875 0.56953125 0.03046875 0.0296875
0 0.54296875 0.553125 0.03359375 0.03671875
0 0.51875 0.5984375 0.02734375 0.03359375
0 0.4 0.63203125 0.028125 0.0328125
0 0.20546875 0.6796875 0.02578125 0.02890625
0 0.20625 0.73046875 0.025 0.03046875