0 0.63828125 0.8609375 0.0328125 0.046875
0 0.60546875 0.8625 0.0359375 0.046875
0 0.5921875 0.81875 0.034375 0.046875
0 0.39140625 0.678125 0.034375 0.04375
0 0.6546875 0.4828125 0.0375 0.040625
0 0.55390625 0.57109375 0.0375 0.05
0 0.5765625 0.50234375 0.0375 0.0453125
0 0.5421875 0.503125 0.03125 0.0421875
0 0.51875 0.48046875 0.0328125 0.04375
0 0.475 0.5828125 0.034375 0.046875
0 0.484375 0.52890625 0.03125 0.0421875
0 0.45546875 0.509375 0.0328125 0.040625
0 0.4890625 0.48515625 0.0328125 0.046875
0 0.51796875 0.42265625 0.03125 0.0421875
0 0.56796875 0.3984375 0.034375 0.040625
0 0.54609375 0.428125 0.0328125 0.04375
0 0.6 0.35078125 0.034375 0.0421875
0 0.5625 0.30390625 0.03125 0.0421875
0 0.56953125 0.34140625 0.03125 0.0390625
0 0.5421875 0.3609375 0.03125 0.0375
0 0.51796875 0.38359375 0.0296875 0.0390625
0 0.490625 0.40703125 0.0328125 0.040625
0 0.4875 0.4453125 0.034375 0.0421875
0 0.46328125 0.47109375 0.03125 0.0390625
0 0.45625 0.42265625 0.03125 0.0390625
0 0.43359375 0.39609375 0.03125 0.0390625
0 0.421875 0.43125 0.03125 0.0390625
0 0.43671875 0.46328125 0.03125 0.0421875
0 0.42734375 0.5 0.03125 0.0390625
0 0.3984375 0.49765625 0.0328125 0.0375
0 0.3953125 0.45 0.03125 0.040625
0 0.375 0.4765625 0.03125 0.0375
0 0.3640625 0.51328125 0.03125 0.0390625
0 0.546875 0.14375 0.0375 0.046875
0 0.55703125 0.2421875 0.03125 0.0421875
0 0.540625 0.27890625 0.034375 0.0421875
0 0.53125 0.32109375 0.034375 0.04375
0 0.509375 0.2890625 0.03125 0.0421875
0 0.5015625 0.328125 0.034375 0.040625
0 0.49140625 0.3671875 0.03125 0.0390625
0 0.4703125 0.3390625 0.034375 0.040625
0 0.4875 0.2625 0.034375 0.046875
0 0.47265625 0.3 0.034375 0.040625
0 0.4859375 0.1578125 0.034375 0.0421875
0 0.48515625 0.2046875 0.0328125 0.0453125
0 0.453125 0.15859375 0.034375 0.0421875
0 0.45234375 0.1984375 0.034375 0.04375
0 0.4578125 0.23984375 0.034375 0.04375
0 0.44140625 0.27890625 0.0328125 0.04375
0 0.41875 0.3078125 0.0328125 0.040625
0 0.44765625 0.31875 0.03125 0.0421875
0 0.4359375 0.35625 0.034375 0.040625
0 0.409375 0.375 0.034375 0.040625
0 0.39609375 0.40859375 0.034375 0.040625
0 0.3703125 0.43046875 0.03125 0.0390625
0 0.35 0.4578125 0.0328125 0.040625
0 0.334375 0.49296875 0.03125 0.040625
0 0.30390625 0.48359375 0.0359375 0.04375
0 0.2609375 0.47421875 0.034375 0.0453125
0 0.23671875 0.51328125 0.034375 0.04375
0 0.1875 0.5109375 0.034375 0.0453125
0 0.20703125 0.475 0.03125 0.0421875
0 0.1765625 0.45546875 0.03125 0.0421875
0 0.14765625 0.44375 0.0328125 0.040625
0 0.2515625 0.18984375 0.034375 0.04375
0 0.41875 0.190625 0.034375 0.04375
0 0.42265625 0.23203125 0.0296875 0.0359375
0 0.40390625 0.26484375 0.034375 0.040625
0 0.38984375 0.3 0.03125 0.0390625
0 0.4015625 0.33828125 0.03125 0.0390625
0 0.36328125 0.3890625 0.034375 0.040625
0 0.34140625 0.421875 0.0328125 0.040625
0 0.3140625 0.42109375 0.03125 0.0421875
0 0.28828125 0.4 0.0328125 0.040625
0 0.26875 0.43359375 0.0359375 0.04375
0 0.23203125 0.45234375 0.03125 0.0421875
0 0.2046875 0.43203125 0.03125 0.040625
0 0.20546875 0.34921875 0.034375 0.04375
0 0.22109375 0.3859375 0.03125 0.0421875
0 0.2484375 0.40625 0.034375 0.04375
0 0.26328125 0.35859375 0.034375 0.0421875
0 0.3328125 0.3828125 0.03125 0.0390625
0 0.30625 0.36953125 0.03125 0.0375
0 0.375 0.265625 0.03125 0.040625
0 0.378125 0.225 0.03125 0.0421875
0 0.36640625 0.15546875 0.0375 0.04375
0 0.31640625 0.16015625 0.034375 0.0453125
0 0.3421875 0.18828125 0.034375 0.040625
0 0.31640625 0.20859375 0.03125 0.0453125
0 0.33984375 0.23828125 0.0359375 0.04375
0 0.28359375 0.31640625 0.034375 0.04375
0 0.3359375 0.290625 0.034375 0.04375
0 0.309375 0.3296875 0.034375 0.040625
0 0.465625 0.3875 0.03125 0.0359375
0 0.459375 0.37109375 0.0296875 0.0265625
0 0.3515625 0.33828125 0.0328125 0.0375
0 0.371875 0.353125 0.03125 0.0375
0 0.3609375 0.3125 0.028125 0.0328125
0 0.33515625 0.34765625 0.0265625 0.034375