0 0.70625 0.57109375 0.0234375 0.03125
0 0.66796875 0.57421875 0.0234375 0.028125
0 0.61171875 0.61171875 0.02421875 0.02890625
0 0.625 0.5875 0.025 0.028125
0 0.5296875 0.5859375 0.028125 0.03125
0 0.54375 0.6125 0.0265625 0.03125
0 0.6 0.58828125 0.02421875 0.0296875
0 0.48828125 0.49921875 0.028125 0.03203125
0 0.52265625 0.55546875 0.02734375 0.03203125
0 0.6203125 0.63671875 0.02578125 0.0296875
0 0.76484375 0.496875 0.01953125 0.02734375
0 0.6828125 0.55546875 0.0234375 0.02890625
0 0.50078125 0.47421875 0.02890625 0.0328125
0 0.578125 0.58671875 0.0234375 0.028125
0 0.678125 0.4375 0.02265625 0.03046875
0 0.70234375 0.5453125 0.02265625 0.02734375
0 0.49609375 0.44375 0.028125 0.03125
0 0.5421875 0.44765625 0.02578125 0.03125
0 0.56640625 0.56015625 0.0265625 0.03046875
0 0.78046875 0.48515625 0.01953125 0.025
0 0.66484375 0.39921875 0.0234375 0.02890625
0 0.56328125 0.46484375 0.02578125 0.03125
0 0.63125 0.53828125 0.02421875 0.0296875
0 0.64453125 0.43828125 0.02421875 0.02890625
0 0.47421875 0.41875 0.028125 0.0328125
0 0.59453125 0.5625 0.02578125 0.03125
0 0.56640625 0.43515625 0.025 0.0296875
0 0.55703125 0.58671875 0.02578125 0.03046875
0 0.76640625 0.440625 0.0203125 0.02578125
0 0.64921875 0.5453125 0.02265625 0.028125
0 0.5796875 0.40859375 0.02421875 0.0296875
0 0.55390625 0.49140625 0.0265625 0.03046875
0 0.73515625 0.515625 0.0203125 0.0265625
0 0.63984375 0.51484375 0.0234375 0.028125
0 0.51015625 0.4203125 0.03125 0.0328125
0 0.64296875 0.48515625 0.0234375 0.028125
0 0.6453125 0.4078125 0.02421875 0.0296875
0 0.55 0.5421875 0.02578125 0.03125
0 0.5859375 0.45546875 0.025 0.0296875
0 0.659375 0.46796875 0.02421875 0.02890625
0 0.56328125 0.51796875 0.025 0.028125
0 0.5375 0.5140625 0.025 0.03046875
0 0.45234375 0.44140625 0.02890625 0.034375
0 0.73828125 0.40546875 0.02265625 0.0265625
0 0.7203125 0.528125 0.021875 0.02421875
0 0.70234375 0.42421875 0.02109375 0.028125
0 0.65234375 0.36875 0.02421875 0.03046875
0 0.64140625 0.56875 0.0234375 0.0265625
0 0.6296875 0.36796875 0.0234375 0.03125
0 0.5796875 0.53828125 0.02421875 0.028125
0 0.7671875 0.4671875 0.01953125 0.025
0 0.803125 0.46484375 0.01953125 0.025
0 0.53984375 0.4171875 0.02578125 0.03046875
0 0.55625 0.39765625 0.0265625 0.0296875
0 0.6609375 0.50859375 0.0234375 0.0296875
0 0.62109375 0.48671875 0.02265625 0.02890625
0 0.68359375 0.46328125 0.02265625 0.02734375
0 0.5890625 0.3703125 0.025 0.03203125
0 0.609375 0.4625 0.02578125 0.0296875
0 0.6765625 0.48671875 0.02109375 0.03125
0 0.56640625 0.37421875 0.0265625 0.03125
0 0.61484375 0.5109375 0.0234375 0.02890625
0 0.6078125 0.5375 0.025 0.02890625
0 0.715625 0.39609375 0.021875 0.02890625
0 0.5796875 0.49375 0.02421875 0.03046875
0 0.603125 0.4015625 0.025 0.0296875
0 0.509375 0.53046875 0.02734375 0.03203125
0 0.775 0.4140625 0.01953125 0.02578125
0 0.62421875 0.4 0.02265625 0.02890625
0 0.61953125 0.42578125 0.02421875 0.02890625
0 0.7421875 0.43125 0.02109375 0.0265625
0 0.69375 0.496875 0.021875 0.03125
0 0.70078125 0.44921875 0.02265625 0.02890625
0 0.74765625 0.478125 0.02109375 0.028125
0 0.609375 0.37578125 0.0234375 0.02890625
0 0.6296875 0.45234375 0.025 0.028125
0 0.66875 0.534375 0.02265625 0.0265625
0 0.7015625 0.52109375 0.02421875 0.028125
0 0.59296875 0.51640625 0.0234375 0.028125
0 0.73125 0.49296875 0.021875 0.02734375
0 0.4703125 0.3859375 0.028125 0.03203125
0 0.71875 0.440625 0.0203125 0.02734375
0 0.7234375 0.4671875 0.021875 0.02734375
0 0.43359375 0.40390625 0.0296875 0.0328125
0 0.6203125 0.56328125 0.025 0.03046875
0 0.74609375 0.453125 0.025 0.02734375
0 0.8125 0.48828125 0.02109375 0.02421875
0 0.7046875 0.47578125 0.02421875 0.0296875
0 0.784375 0.4609375 0.01875 0.0234375
0 0.7171875 0.49921875 0.021875 0.02734375
0 0.6015625 0.48671875 0.0234375 0.02734375
0 0.74921875 0.50078125 0.01953125 0.02578125
0 0.390625 0.47578125 0.03203125 0.03359375
0 0.72421875 0.41796875 0.021875 0.02578125
0 0.5984375 0.4359375 0.02421875 0.028125
0 0.5171875 0.5015625 0.02734375 0.02890625
0 0.28515625 0.3953125 0.03984375 0.03828125
0 0.68046875 0.51484375 0.01796875 0.0234375