0 0.5390625 0.39140625 0.01328125 0.01015625
0 0.5421875 0.3578125 0.01328125 0.01015625
0 0.55703125 0.42265625 0.0125 0.009375
0 0.43984375 0.5078125 0.0125 0.0109375
0 0.43828125 0.4875 0.01328125 0.01015625
0 0.4375 0.496875 0.01328125 0.0109375
0 0.640625 0.55625 0.0140625 0.01015625
0 0.63515625 0.54609375 0.0140625 0.0125
0 0.628125 0.51875 0.0125 0.0109375
0 0.628125 0.5609375 0.0125 0.0125
0 0.64296875 0.5765625 0.0140625 0.0109375
0 0.62890625 0.5984375 0.0140625 0.0125
0 0.5703125 0.53203125 0.0140625 0.01015625
0 0.353125 0.534375 0.01328125 0.01015625
0 0.32734375 0.52421875 0.01328125 0.01015625
0 0.509375 0.575 0.0125 0.01015625
0 0.66875 0.475 0.01328125 0.01015625
0 0.5046875 0.52421875 0.01328125 0.0109375
0 0.29921875 0.49765625 0.01328125 0.01015625
0 0.33203125 0.509375 0.0125 0.01015625
0 0.3609375 0.43515625 0.01328125 0.01015625
0 0.653125 0.40625 0.0125 0.01015625
0 0.415625 0.4828125 0.01328125 0.01015625
0 0.625 0.40390625 0.01328125 0.01015625
0 0.52109375 0.49453125 0.01328125 0.01015625
0 0.578125 0.540625 0.0125 0.01015625
0 0.6421875 0.446875 0.0140625 0.01015625
0 0.52265625 0.46953125 0.01328125 0.0109375
0 0.58203125 0.44765625 0.0125 0.01015625
0 0.66640625 0.46015625 0.01328125 0.01015625
0 0.41328125 0.4140625 0.01328125 0.01015625
0 0.3921875 0.50546875 0.01328125 0.01015625
0 0.30546875 0.5078125 0.01328125 0.01015625
0 0.57109375 0.55078125 0.0140625 0.009375
0 0.47109375 0.4484375 0.0125 0.01015625
0 0.3984375 0.4765625 0.0125 0.01015625
0 0.40859375 0.5609375 0.01328125 0.01015625
0 0.521875 0.50546875 0.0125 0.01015625
0 0.45234375 0.45390625 0.0125 0.009375
0 0.6359375 0.43125 0.01328125 0.0109375
0 0.44609375 0.52734375 0.0125 0.009375
0 0.46328125 0.465625 0.0125 0.01015625
0 0.29375 0.44296875 0.0140625 0.01015625
0 0.3140625 0.46015625 0.01328125 0.01171875
0 0.50546875 0.49609375 0.0140625 0.01015625
0 0.50390625 0.509375 0.0125 0.009375
0 0.2859375 0.48671875 0.01328125 0.01015625
0 0.4203125 0.52265625 0.0140625 0.01015625
0 0.57890625 0.425 0.0125 0.01015625
0 0.5953125 0.4234375 0.0125 0.00859375
0 0.2921875 0.4296875 0.0140625 0.01015625
0 0.46328125 0.5265625 0.0125 0.01015625
0 0.58515625 0.38671875 0.01484375 0.01015625
0 0.41796875 0.49609375 0.01328125 0.009375
0 0.45 0.40078125 0.01328125 0.0109375
0 0.48359375 0.4171875 0.0125 0.009375
0 0.57734375 0.41015625 0.0125 0.009375
0 0.2859375 0.46015625 0.0140625 0.0109375
0 0.27734375 0.46875 0.01328125 0.01015625
0 0.42734375 0.50546875 0.0125 0.009375
0 0.4578125 0.51640625 0.0125 0.009375
0 0.5453125 0.43125 0.0125 0.01015625
0 0.60078125 0.4140625 0.0140625 0.01015625
0 0.45234375 0.5078125 0.01328125 0.009375
0 0.56875 0.41875 0.01328125 0.01015625
0 0.540625 0.3734375 0.01328125 0.01015625
0 0.55078125 0.4140625 0.01328125 0.009375
0 0.56796875 0.39765625 0.01328125 0.009375
0 0.5515625 0.365625 0.0125 0.009375
0 0.44296875 0.51640625 0.0125 0.009375
0 0.39453125 0.5609375 0.0125 0.009375
0 0.49765625 0.39765625 0.0140625 0.0109375
0 0.5453125 0.40078125 0.01328125 0.01015625
0 0.55546875 0.3921875 0.0125 0.01015625
0 0.50859375 0.3453125 0.01328125 0.01015625
0 0.44375 0.37578125 0.01328125 0.01015625
0 0.478125 0.36875 0.01328125 0.01015625
0 0.46171875 0.38046875 0.0125 0.009375
0 0.4953125 0.34140625 0.01328125 0.01015625
0 0.4734375 0.359375 0.01328125 0.01015625
0 0.4875 0.3296875 0.01328125 0.0109375
0 0.534375 0.3828125 0.0140625 0.01015625
0 0.47265625 0.32734375 0.01328125 0.0109375
0 0.5265625 0.39140625 0.01328125 0.009375
0 0.5296875 0.35390625 0.0125 0.009375
0 0.52734375 0.3640625 0.01328125 0.01015625
0 0.5515625 0.35234375 0.0125 0.009375
0 0.51640625 0.35546875 0.01328125 0.01015625
0 0.446875 0.3609375 0.01328125 0.009375
0 0.48828125 0.35625 0.01328125 0.01171875
0 0.4640625 0.33671875 0.01484375 0.01171875
0 0.45 0.33828125 0.0140625 0.0109375
0 0.5 0.35859375 0.01171875 0.00859375
0 0.51328125 0.41015625 0.0125 0.009375
0 0.51953125 0.40703125 0.01328125 0.01015625
0 0.46015625 0.32578125 0.01328125 0.01015625
0 0.4515625 0.36796875 0.015625 0.01171875
0 0.4484375 0.34609375 0.01328125 0.0109375