0 0.28671875 0.228125 0.0578125 0.059375
0 0.44453125 0.2390625 0.0609375 0.059375
0 0.4234375 0.2984375 0.059375 0.05625
0 0.515625 0.27109375 0.05625 0.0578125
0 0.22109375 0.54375 0.059375 0.05625
0 0.33671875 0.2765625 0.0578125 0.059375
0 0.409375 0.74296875 0.05625 0.059375
0 0.53125 0.4609375 0.0546875 0.05625
0 0.865625 0.48359375 0.059375 0.0578125
0 0.60234375 0.49921875 0.0578125 0.053125
0 0.61015625 0.775 0.059375 0.0625
0 0.3765625 0.82734375 0.0578125 0.0578125
0 0.5890625 0.59296875 0.05625 0.05625
0 0.6484375 0.4 0.059375 0.0578125
0 0.3078125 0.6328125 0.05625 0.0625
0 0.92578125 0.68046875 0.059375 0.0578125
0 0.6859375 0.4578125 0.059375 0.05625
0 0.4734375 0.4984375 0.05625 0.053125
0 0.66796875 0.59453125 0.065625 0.059375
0 0.684375 0.5171875 0.05625 0.05625
0 0.47109375 0.446875 0.0546875 0.05625
0 0.63203125 0.453125 0.05625 0.05625
0 0.45625 0.5484375 0.05625 0.0546875
0 0.39765625 0.58203125 0.05625 0.0546875
0 0.41171875 0.62890625 0.0546875 0.053125
0 0.4609375 0.60703125 0.05625 0.059375