0 0.5234375 0.80390625 0.025 0.02890625
0 0.51328125 0.778125 0.025 0.03046875
0 0.43515625 0.7703125 0.0265625 0.03125
0 0.3828125 0.75078125 0.028125 0.03203125
0 0.4 0.7078125 0.02578125 0.03125
0 0.346875 0.73046875 0.03046875 0.03203125
0 0.3296875 0.696875 0.03046875 0.0390625
0 0.45703125 0.66796875 0.0265625 0.0296875
0 0.503125 0.6796875 0.02265625 0.03203125
0 0.5375 0.71875 0.025 0.02578125
0 0.53984375 0.68359375 0.02734375 0.02890625
0 0.58203125 0.6890625 0.0234375 0.02890625
0 0.559375 0.69609375 0.02265625 0.02734375
0 0.59921875 0.6078125 0.02578125 0.02734375
0 0.6078125 0.578125 0.021875 0.025
0 0.559375 0.553125 0.02578125 0.0265625
0 0.59609375 0.5328125 0.021875 0.02578125
0 0.571875 0.52578125 0.0203125 0.02734375
0 0.4734375 0.58359375 0.02265625 0.02890625
0 0.44765625 0.55234375 0.0265625 0.03203125
0 0.3875 0.59921875 0.02734375 0.028125
0 0.371875 0.5546875 0.025 0.03046875
0 0.3203125 0.59765625 0.03125 0.0296875
0 0.30703125 0.6421875 0.03125 0.0296875
0 0.26015625 0.59609375 0.02890625 0.0328125
0 0.20078125 0.55703125 0.03203125 0.03203125
0 0.22109375 0.49296875 0.03125 0.03203125
0 0.125 0.4734375 0.034375 0.03359375
0 0.29375 0.484375 0.03046875 0.03046875
0 0.32734375 0.4703125 0.03046875 0.0296875
0 0.31875 0.49765625 0.028125 0.025
0 0.36328125 0.48671875 0.028125 0.02890625
0 0.34453125 0.503125 0.028125 0.02734375
0 0.41328125 0.515625 0.02734375 0.02890625
0 0.3890625 0.48671875 0.02421875 0.02578125
0 0.3734375 0.4640625 0.025 0.02734375
0 0.4203125 0.4875 0.025 0.02578125
0 0.39921875 0.46328125 0.02578125 0.0265625
0 0.44375 0.4953125 0.021875 0.0265625
0 0.43046875 0.4625 0.02421875 0.02734375
0 0.4609375 0.46640625 0.02578125 0.025
0 0.46640625 0.50546875 0.02421875 0.02578125
0 0.52109375 0.48125 0.02421875 0.025
0 0.5046875 0.46328125 0.02265625 0.02578125
0 0.52890625 0.4578125 0.025 0.02265625
0 0.58515625 0.465625 0.021875 0.0265625
0 0.58046875 0.43515625 0.02109375 0.025
0 0.55234375 0.42265625 0.02109375 0.02578125
0 0.55703125 0.4015625 0.021875 0.02421875
0 0.528125 0.41953125 0.02265625 0.0296875
0 0.50234375 0.41015625 0.0234375 0.028125
0 0.4625 0.40390625 0.02890625 0.028125
0 0.4328125 0.43203125 0.0265625 0.0265625
0 0.42109375 0.40625 0.025 0.028125
0 0.3921875 0.43203125 0.0265625 0.02890625
0 0.3984375 0.4078125 0.02421875 0.025
0 0.403125 0.38359375 0.02734375 0.02734375
0 0.37578125 0.3796875 0.02890625 0.02734375
0 0.3484375 0.39140625 0.0265625 0.02734375
0 0.35390625 0.44296875 0.02734375 0.02734375
0 0.37265625 0.40625 0.0265625 0.0265625
0 0.34921875 0.41796875 0.025 0.02734375
0 0.32421875 0.42265625 0.02734375 0.0265625
0 0.30625 0.3984375 0.0296875 0.028125
0 0.2859375 0.4203125 0.02890625 0.028125
0 0.24609375 0.3921875 0.03125 0.03125
0 0.2859375 0.44765625 0.03125 0.03046875
0 0.21171875 0.328125 0.03046875 0.03125
0 0.3421875 0.365625 0.028125 0.0265625
0 0.41484375 0.353125 0.02421875 0.0265625
0 0.428125 0.38515625 0.02421875 0.02578125
0 0.4578125 0.378125 0.0234375 0.02578125
0 0.43984375 0.36484375 0.02265625 0.021875
0 0.44453125 0.3421875 0.0234375 0.02578125
0 0.4828125 0.378125 0.02734375 0.0265625
0 0.57265625 0.37578125 0.02265625 0.028125
0 0.5515625 0.36640625 0.01953125 0.02265625
0 0.52265625 0.3578125 0.021875 0.02578125
0 0.52109375 0.33203125 0.0203125 0.02578125
0 0.48515625 0.3046875 0.02265625 0.02578125
0 0.5390625 0.34609375 0.01953125 0.0234375
0 0.5046875 0.3 0.01953125 0.0234375
0 0.54921875 0.32890625 0.02109375 0.021875
0 0.54140625 0.30625 0.0203125 0.0234375
0 0.52421875 0.30078125 0.01953125 0.02265625
0 0.51484375 0.27734375 0.021875 0.028125
0 0.49296875 0.271875 0.02265625 0.0265625
0 0.5609375 0.3109375 0.0234375 0.02578125
0 0.55546875 0.2859375 0.0234375 0.02421875
0 0.53828125 0.25234375 0.021875 0.02578125
0 0.5140625 0.2484375 0.02265625 0.0265625
0 0.48203125 0.228125 0.02578125 0.02578125
0 0.45390625 0.22734375 0.02421875 0.028125
0 0.42734375 0.23125 0.02421875 0.02578125
0 0.47734375 0.20078125 0.0234375 0.02421875
0 0.45234375 0.19921875 0.0234375 0.028125
0 0.428125 0.18984375 0.02890625 0.028125
0 0.471875 0.17734375 0.025 0.02578125
0 0.4453125 0.146875 0.025 0.02890625