0 0.47578125 0.80234375 0.05 0.0453125
0 0.6328125 0.84609375 0.0296875 0.03125
0 0.53203125 0.865625 0.0328125 0.0359375
0 0.16015625 0.78984375 0.0328125 0.0359375
0 0.246875 0.65 0.03125 0.03125
0 0.6921875 0.19140625 0.025 0.0265625
0 0.478125 0.5484375 0.028125 0.028125
0 0.4765625 0.60234375 0.028125 0.028125
0 0.5875 0.31796875 0.028125 0.0234375
0 0.52109375 0.328125 0.025 0.0234375
0 0.16953125 0.64765625 0.03125 0.0296875
0 0.18203125 0.315625 0.025 0.025
0 0.4296875 0.69765625 0.03125 0.0296875
0 0.64609375 0.303125 0.0265625 0.0234375
0 0.0765625 0.68515625 0.03125 0.0296875
0 0.1234375 0.66796875 0.028125 0.028125
0 0.11015625 0.6953125 0.03125 0.03125
0 0.80546875 0.6328125 0.028125 0.028125
0 0.803125 0.53828125 0.028125 0.0265625
0 0.10859375 0.73515625 0.0328125 0.03125
0 0.6390625 0.70703125 0.0296875 0.028125
0 0.43984375 0.6109375 0.028125 0.0265625
0 0.5703125 0.190625 0.025 0.021875
0 0.740625 0.7078125 0.0296875 0.03125
0 0.41875 0.56953125 0.03125 0.0296875
0 0.7796875 0.36875 0.025 0.0234375
0 0.30234375 0.16484375 0.025 0.021875
0 0.43359375 0.40234375 0.028125 0.025
0 0.6234375 0.57734375 0.0265625 0.0296875
0 0.6921875 0.365625 0.0265625 0.025
0 0.34140625 0.1796875 0.025 0.025
0 0.38984375 0.72265625 0.0296875 0.0296875
0 0.36171875 0.72578125 0.028125 0.0296875
0 0.83984375 0.63984375 0.028125 0.0265625
0 0.88359375 0.54453125 0.028125 0.025
0 0.62890625 0.165625 0.025 0.021875
0 0.66875 0.6390625 0.028125 0.028125
0 0.44140625 0.16484375 0.025 0.021875
0 0.4140625 0.63359375 0.028125 0.0265625
0 0.371875 0.66875 0.0296875 0.028125
0 0.29375 0.47109375 0.028125 0.025
0 0.38671875 0.6921875 0.03125 0.03125
0 0.28984375 0.25390625 0.025 0.021875
0 0.4234375 0.6625 0.028125 0.0265625
0 0.659375 0.67890625 0.03125 0.0296875
0 0.85390625 0.5484375 0.028125 0.028125
0 0.615625 0.615625 0.028125 0.028125
0 0.7296875 0.35234375 0.028125 0.0234375
0 0.3546875 0.690625 0.028125 0.0296875
0 0.325 0.44375 0.028125 0.025
0 0.34453125 0.38125 0.028125 0.0265625
0 0.61328125 0.6640625 0.028125 0.028125
0 0.33984375 0.275 0.028125 0.0234375
0 0.65859375 0.39609375 0.028125 0.0265625
0 0.721875 0.64921875 0.028125 0.028125
0 0.69765625 0.67109375 0.0296875 0.028125
0 0.50625 0.40390625 0.025 0.025
0 0.54453125 0.43671875 0.025 0.025
0 0.63203125 0.6421875 0.028125 0.0296875
0 0.73828125 0.3765625 0.025 0.025
0 0.3125 0.51796875 0.028125 0.0265625
0 0.8828125 0.596875 0.028125 0.028125
0 0.86328125 0.6140625 0.028125 0.028125
0 0.29453125 0.55234375 0.028125 0.0265625
0 0.603125 0.45390625 0.0265625 0.028125
0 0.8359375 0.39453125 0.028125 0.025
0 0.2859375 0.51171875 0.028125 0.028125
0 0.6125 0.14296875 0.0234375 0.021875
0 0.47890625 0.25703125 0.0234375 0.021875
0 0.75390625 0.5703125 0.028125 0.0265625
0 0.2625 0.5234375 0.028125 0.025
0 0.37265625 0.29140625 0.0265625 0.025
0 0.35078125 0.55234375 0.028125 0.025
0 0.25234375 0.38046875 0.0265625 0.025
0 0.72578125 0.67578125 0.028125 0.0265625
0 0.5046875 0.4484375 0.025 0.025
0 0.82421875 0.4609375 0.028125 0.025
0 0.590625 0.13828125 0.0234375 0.021875
0 0.384375 0.1921875 0.021875 0.021875
0 0.24375 0.40234375 0.028125 0.025
0 0.31796875 0.2265625 0.025 0.0234375
0 0.74609375 0.60390625 0.028125 0.028125
0 0.4796875 0.2109375 0.025 0.025
0 0.32109375 0.5875 0.028125 0.0265625
0 0.32109375 0.32421875 0.025 0.0234375
0 0.2703125 0.42421875 0.025 0.0234375
0 0.328125 0.35859375 0.025 0.025
0 0.38203125 0.21953125 0.025 0.0234375
0 0.70390625 0.57265625 0.028125 0.028125
0 0.42265625 0.346875 0.025 0.0234375
0 0.8421875 0.48359375 0.0265625 0.025
0 0.3265625 0.5609375 0.028125 0.0265625
0 0.421875 0.1859375 0.025 0.021875
0 0.4421875 0.51953125 0.0265625 0.025
0 0.8609375 0.46328125 0.025 0.025
0 0.52265625 0.42109375 0.025 0.025
0 0.29453125 0.578125 0.028125 0.028125
0 0.85703125 0.4125 0.025 0.0234375
0 0.65 0.53828125 0.025 0.025
0 0.82265625 0.41484375 0.025 0.025
0 0.3796875 0.34375 0.025 0.025
0 0.32578125 0.246875 0.0296875 0.0234375
0 0.66953125 0.42109375 0.025 0.025
0 0.88515625 0.47890625 0.0265625 0.025
0 0.66484375 0.578125 0.028125 0.028125
0 0.690625 0.59453125 0.028125 0.0265625
0 0.6203125 0.4359375 0.0265625 0.025
0 0.58125 0.15703125 0.0234375 0.021875
0 0.71484375 0.50390625 0.025 0.025
0 0.8421875 0.43359375 0.025 0.0234375
0 0.696875 0.45859375 0.028125 0.025
0 0.37578125 0.3859375 0.025 0.0234375
0 0.26953125 0.39921875 0.0265625 0.025
0 0.871875 0.49765625 0.025 0.025
0 0.44375 0.2859375 0.025 0.0234375
0 0.603125 0.16015625 0.025 0.021875
0 0.4734375 0.4515625 0.028125 0.025
0 0.45390625 0.2625 0.025 0.0234375
0 0.45546875 0.21328125 0.0234375 0.021875
0 0.3765625 0.534375 0.0265625 0.028125
0 0.2796875 0.35546875 0.028125 0.0234375
0 0.72890625 0.5765625 0.028125 0.028125
0 0.49453125 0.47421875 0.025 0.0234375
0 0.6984375 0.43046875 0.028125 0.025
0 0.39375 0.4484375 0.0265625 0.025
0 0.41796875 0.278125 0.025 0.021875
0 0.403125 0.3609375 0.025 0.025
0 0.35390625 0.503125 0.028125 0.025
0 0.67421875 0.553125 0.028125 0.028125
0 0.4125 0.46640625 0.025 0.025
0 0.7203125 0.6 0.0265625 0.0265625
0 0.721875 0.46328125 0.025 0.0234375
0 0.35234375 0.475 0.025 0.025
0 0.6375 0.47578125 0.028125 0.025
0 0.30078125 0.33828125 0.0265625 0.025
0 0.4765625 0.49140625 0.025 0.025
0 0.45625 0.23515625 0.0234375 0.0234375
0 0.6390625 0.4515625 0.025 0.025
0 0.4265625 0.31015625 0.028125 0.0234375
0 0.42578125 0.22109375 0.025 0.0234375
0 0.37890625 0.49296875 0.028125 0.025
0 0.67421875 0.4421875 0.025 0.025
0 0.37890625 0.42890625 0.025 0.025
0 0.4171875 0.51171875 0.025 0.025
0 0.4 0.29453125 0.025 0.025
0 0.40703125 0.3265625 0.025 0.025
0 0.43203125 0.4796875 0.025 0.025
0 0.36640625 0.4484375 0.0265625 0.025
0 0.68046875 0.50625 0.028125 0.025
0 0.39296875 0.5125 0.0265625 0.025
0 0.45625 0.46875 0.025 0.025
0 0.67421875 0.5296875 0.028125 0.025
0 0.40234375 0.19765625 0.0234375 0.021875
0 0.43203125 0.23984375 0.025 0.025
0 0.403125 0.4890625 0.028125 0.025
0 0.36640625 0.40859375 0.028125 0.025
0 0.7078125 0.48125 0.0265625 0.0234375
0 0.6578125 0.4921875 0.025 0.025
0 0.45078125 0.496875 0.025 0.0234375
0 0.6828125 0.4828125 0.028125 0.025
0 0.665625 0.46484375 0.0265625 0.025