0 0.7875 0.41015625 0.021875 0.0234375
0 0.72109375 0.353125 0.0203125 0.01875
0 0.7171875 0.25078125 0.01875 0.0171875
0 0.70703125 0.21484375 0.0203125 0.0171875
0 0.59296875 0.4421875 0.01875 0.0171875
0 0.64765625 0.70078125 0.01875 0.0171875
0 0.72265625 0.609375 0.01875 0.01875
0 0.67109375 0.7 0.01875 0.01875
0 0.4609375 0.66171875 0.01875 0.0203125
0 0.81171875 0.403125 0.01875 0.0203125
0 0.7203125 0.3328125 0.0203125 0.0171875
0 0.70625 0.5890625 0.0171875 0.0171875
0 0.59609375 0.82578125 0.01875 0.01875
0 0.6390625 0.47890625 0.01875 0.0171875
0 0.63203125 0.83203125 0.01875 0.01875
0 0.7265625 0.2734375 0.0203125 0.0171875
0 0.52734375 0.44375 0.01875 0.01875
0 0.36484375 0.24765625 0.01875 0.0203125
0 0.40078125 0.37421875 0.01875 0.01875
0 0.39609375 0.2515625 0.0203125 0.01875
0 0.5828125 0.33125 0.0203125 0.0203125
0 0.4765625 0.68515625 0.01875 0.01875
0 0.67890625 0.1859375 0.0234375 0.021875
0 0.53984375 0.484375 0.01875 0.0171875
0 0.74765625 0.67890625 0.01875 0.0171875
0 0.47421875 0.584375 0.01875 0.01875
0 0.65546875 0.6015625 0.01875 0.0171875
0 0.6484375 0.62578125 0.0203125 0.0203125
0 0.6546875 0.28203125 0.0203125 0.01875
0 0.71953125 0.6890625 0.01875 0.0171875
0 0.5109375 0.41875 0.0171875 0.0171875
0 0.49453125 0.60234375 0.0203125 0.0203125
0 0.4546875 0.734375 0.0203125 0.0203125
0 0.57734375 0.69375 0.0203125 0.01875
0 0.3828125 0.66875 0.0203125 0.01875
0 0.46640625 0.12734375 0.0203125 0.0203125
0 0.284375 0.6125 0.0203125 0.01875
0 0.35390625 0.315625 0.0203125 0.0203125
0 0.57265625 0.221875 0.01875 0.0171875
0 0.284375 0.66484375 0.0203125 0.0203125
0 0.653125 0.83203125 0.01875 0.0171875
0 0.43515625 0.478125 0.0203125 0.01875
0 0.35234375 0.478125 0.0203125 0.0203125
0 0.40703125 0.43671875 0.0203125 0.021875
0 0.61328125 0.29765625 0.0203125 0.0171875
0 0.26484375 0.28515625 0.0203125 0.0203125
0 0.30625 0.64921875 0.0203125 0.0203125
0 0.2875 0.2734375 0.0203125 0.0203125
0 0.5875 0.21171875 0.0203125 0.0203125
0 0.40703125 0.1359375 0.0203125 0.0203125
0 0.25703125 0.5984375 0.0203125 0.01875
0 0.28359375 0.3328125 0.021875 0.0203125
0 0.53359375 0.53203125 0.0171875 0.01875
0 0.61953125 0.26015625 0.021875 0.0203125
0 0.4515625 0.18046875 0.0203125 0.0203125
0 0.65625 0.49765625 0.01875 0.0171875
0 0.66328125 0.67578125 0.01875 0.01875
0 0.3125 0.4828125 0.0203125 0.01875
0 0.7671875 0.5296875 0.01875 0.0171875
0 0.23984375 0.37421875 0.0203125 0.0203125
0 0.5984375 0.503125 0.01875 0.0171875
0 0.78984375 0.45546875 0.01875 0.0171875
0 0.24453125 0.434375 0.0203125 0.0171875
0 0.30234375 0.53046875 0.0203125 0.01875
0 0.29921875 0.4328125 0.0203125 0.0203125
0 0.7421875 0.259375 0.0203125 0.01875
0 0.34375 0.41328125 0.0203125 0.0203125
0 0.46796875 0.3421875 0.01875 0.0171875
0 0.2390625 0.32421875 0.0203125 0.0203125
0 0.684375 0.42578125 0.0203125 0.0171875
0 0.6703125 0.8328125 0.01875 0.0171875
0 0.3390625 0.6546875 0.0203125 0.0203125
0 0.3859375 0.41875 0.0203125 0.0203125
0 0.70703125 0.55625 0.0203125 0.0171875
0 0.80703125 0.45078125 0.01875 0.0171875
0 0.67890625 0.51484375 0.01875 0.0171875
0 0.3625 0.41640625 0.0203125 0.0203125
0 0.6328125 0.5796875 0.0203125 0.0171875
0 0.21953125 0.61640625 0.0203125 0.0203125
0 0.42734375 0.29921875 0.0171875 0.01875
0 0.69375 0.45703125 0.01875 0.01875
0 0.56640625 0.6484375 0.01875 0.0171875
0 0.6671875 0.24765625 0.0203125 0.01875
0 0.65859375 0.2609375 0.0203125 0.01875
0 0.3625 0.5984375 0.01875 0.0203125
0 0.525 0.62734375 0.0171875 0.01875
0 0.2953125 0.49765625 0.021875 0.0234375
0 0.50625 0.1875 0.021875 0.0203125
0 0.678125 0.484375 0.0203125 0.01875
0 0.378125 0.59296875 0.0203125 0.01875
0 0.26015625 0.45234375 0.021875 0.0203125
0 0.66484375 0.47109375 0.01875 0.0203125
0 0.85 0.43125 0.0203125 0.01875
0 0.6984375 0.66953125 0.0203125 0.0203125
0 0.4109375 0.525 0.01875 0.01875
0 0.83515625 0.43671875 0.0203125 0.01875
0 0.69765625 0.68671875 0.0203125 0.0203125
0 0.6328125 0.290625 0.0203125 0.01875
0 0.49453125 0.73671875 0.0171875 0.0203125
0 0.69921875 0.50703125 0.01875 0.0171875
0 0.56953125 0.553125 0.01875 0.0171875
0 0.43671875 0.7640625 0.0203125 0.01875
0 0.471875 0.36328125 0.0203125 0.0203125
0 0.35 0.73515625 0.0203125 0.0203125
0 0.33203125 0.57265625 0.0203125 0.0203125
0 0.21171875 0.3625 0.0203125 0.0203125
0 0.81953125 0.44140625 0.01875 0.0171875
0 0.340625 0.5578125 0.0203125 0.01875
0 0.5765625 0.53046875 0.0171875 0.01875
0 0.55703125 0.33203125 0.01875 0.01875
0 0.50703125 0.74921875 0.0203125 0.01875
0 0.54765625 0.5734375 0.0171875 0.01875
0 0.31171875 0.41875 0.0203125 0.0203125
0 0.5296875 0.696875 0.01875 0.0171875
0 0.753125 0.53671875 0.01875 0.0171875
0 0.55546875 0.53984375 0.01875 0.0171875
0 0.53046875 0.371875 0.0203125 0.01875
0 0.3296875 0.759375 0.0203125 0.0203125
0 0.37734375 0.74296875 0.0203125 0.0203125
0 0.68515625 0.5328125 0.01875 0.0171875
0 0.525 0.72109375 0.0171875 0.01875
0 0.5578125 0.66953125 0.01875 0.01875
0 0.74140625 0.52421875 0.01875 0.0171875
0 0.5265625 0.81484375 0.0203125 0.0203125
0 0.53125 0.5765625 0.0171875 0.0171875
0 0.30390625 0.54921875 0.0203125 0.0203125
0 0.528125 0.75390625 0.0203125 0.0203125
0 0.4421875 0.515625 0.0203125 0.0203125
0 0.44375 0.290625 0.0203125 0.0203125
0 0.54296875 0.74921875 0.0203125 0.0203125
0 0.55703125 0.68515625 0.01875 0.01875
0 0.4875 0.184375 0.0203125 0.0203125
0 0.54765625 0.69921875 0.01875 0.0171875
0 0.5109375 0.73125 0.01875 0.01875
0 0.371875 0.6484375 0.01875 0.0203125
0 0.68671875 0.44296875 0.01875 0.0171875
0 0.43359375 0.36328125 0.0171875 0.0203125
0 0.45078125 0.42421875 0.0203125 0.021875
0 0.4390625 0.37890625 0.0203125 0.0203125
0 0.540625 0.55390625 0.0203125 0.0203125
0 0.51796875 0.796875 0.01875 0.0203125
0 0.42734375 0.525 0.01875 0.01875
0 0.50390625 0.28828125 0.0203125 0.021875
0 0.484375 0.32734375 0.01875 0.0203125
0 0.67890625 0.6703125 0.0203125 0.01875
0 0.7203125 0.54375 0.01875 0.0171875
0 0.41015625 0.4078125 0.01875 0.0203125
0 0.4953125 0.3875 0.01875 0.0203125
0 0.4265625 0.50625 0.01875 0.01875
0 0.6453125 0.5234375 0.01875 0.01875
0 0.45546875 0.321875 0.0203125 0.0203125
0 0.321875 0.54296875 0.0203125 0.01875
0 0.73671875 0.5390625 0.01875 0.0171875
0 0.32109375 0.55859375 0.0203125 0.01875
0 0.53828125 0.76796875 0.0203125 0.01875
0 0.70625 0.5375 0.01875 0.0171875
0 0.54375 0.35234375 0.0203125 0.0203125
0 0.48359375 0.375 0.0203125 0.0203125
0 0.34453125 0.7515625 0.0203125 0.0203125
0 0.57578125 0.61015625 0.0171875 0.01875
0 0.40625 0.76171875 0.0203125 0.0203125
0 0.6296875 0.51796875 0.01875 0.0171875
0 0.56484375 0.62109375 0.0203125 0.0203125
0 0.51953125 0.3296875 0.0203125 0.0203125
0 0.59453125 0.55703125 0.0203125 0.01875
0 0.628125 0.56171875 0.01875 0.01875
0 0.35625 0.6515625 0.01875 0.0203125
0 0.39140625 0.75234375 0.0203125 0.0203125
0 0.60078125 0.5328125 0.0171875 0.0171875
0 0.6984375 0.52265625 0.0203125 0.0171875
0 0.590625 0.61328125 0.0203125 0.0203125
0 0.58828125 0.54140625 0.01875 0.01875
0 0.5203125 0.31171875 0.0203125 0.0203125
0 0.53359375 0.321875 0.0203125 0.0203125
0 0.39375 0.7359375 0.0203125 0.0203125
0 0.4390625 0.49453125 0.0203125 0.01875
0 0.6109375 0.56171875 0.0203125 0.01875
0 0.4984375 0.36953125 0.0203125 0.0203125
0 0.615625 0.5265625 0.0171875 0.0171875
0 0.478125 0.28515625 0.01875 0.01875
0 0.42265625 0.7546875 0.0203125 0.0203125
0 0.53046875 0.78203125 0.0203125 0.0171875
0 0.41640625 0.39375 0.01875 0.0203125
0 0.55234375 0.63125 0.01875 0.0203125
0 0.43046875 0.40078125 0.01875 0.0203125
0 0.6328125 0.5375 0.0203125 0.0171875
0 0.490625 0.29921875 0.01875 0.0203125
0 0.45 0.365625 0.0171875 0.01875
0 0.41171875 0.7453125 0.0203125 0.0203125
0 0.42265625 0.41640625 0.01875 0.01875
0 0.47109375 0.18359375 0.0203125 0.0203125
0 0.44609375 0.40625 0.01875 0.0203125
0 0.4546875 0.30546875 0.01875 0.0171875
0 0.5125 0.35703125 0.01875 0.0203125
0 0.475 0.321875 0.0203125 0.0203125
0 0.6203125 0.54609375 0.01875 0.01875
0 0.503125 0.309375 0.01875 0.0203125
0 0.47421875 0.30234375 0.0203125 0.0203125
0 0.540625 0.621875 0.01875 0.01875
0 0.5796875 0.628125 0.01875 0.015625
0 0.4609375 0.28984375 0.01875 0.0203125
0 0.5125 0.371875 0.01875 0.01875
0 0.528125 0.35234375 0.0203125 0.01875
0 0.54140625 0.33671875 0.0203125 0.0203125
0 0.5359375 0.80234375 0.0171875 0.0203125