0 0.58515625 0.121875 0.02265625 0.02265625
0 0.58984375 0.14609375 0.02265625 0.0234375
0 0.60625 0.13359375 0.01953125 0.021875
0 0.62421875 0.125 0.0203125 0.021875
0 0.6265625 0.146875 0.021875 0.02421875
0 0.52578125 0.11484375 0.02421875 0.02421875
0 0.38984375 0.11796875 0.02421875 0.02578125
0 0.34296875 0.22734375 0.02421875 0.0234375
0 0.33671875 0.2546875 0.02265625 0.025
0 0.3578125 0.2625 0.02109375 0.02265625
0 0.30625 0.2578125 0.021875 0.02734375
0 0.26796875 0.3015625 0.0234375 0.02265625
0 0.3703125 0.3390625 0.025 0.02421875
0 0.3859375 0.3125 0.021875 0.02578125
0 0.40078125 0.290625 0.021875 0.0234375
0 0.4296875 0.278125 0.02421875 0.02265625
0 0.4203125 0.29765625 0.0203125 0.021875
0 0.40625 0.31328125 0.021875 0.02109375
0 0.42578125 0.32734375 0.02109375 0.02265625
0 0.44140625 0.30390625 0.02265625 0.02265625
0 0.446875 0.3265625 0.0203125 0.02265625
0 0.46953125 0.3421875 0.0203125 0.021875
0 0.434375 0.24453125 0.02265625 0.025
0 0.4546875 0.25078125 0.01953125 0.0234375
0 0.50546875 0.2421875 0.01953125 0.021875
0 0.52734375 0.24453125 0.0203125 0.02109375
0 0.4859375 0.2484375 0.0203125 0.02109375
0 0.47265625 0.2703125 0.01953125 0.021875
0 0.49375 0.2703125 0.01953125 0.02265625
0 0.5140625 0.26484375 0.021875 0.0234375
0 0.49765625 0.2984375 0.021875 0.021875
0 0.51953125 0.29609375 0.02265625 0.02265625
0 0.4984375 0.31953125 0.02109375 0.02109375
0 0.52109375 0.31875 0.0203125 0.02265625
0 0.4953125 0.34140625 0.02109375 0.02265625
0 0.5171875 0.33984375 0.01875 0.02109375
0 0.5375 0.34296875 0.02109375 0.0171875
0 0.6203125 0.284375 0.02109375 0.02109375
0 0.578125 0.3171875 0.02265625 0.0234375
0 0.58984375 0.33515625 0.01953125 0.02265625
0 0.62109375 0.30546875 0.0203125 0.021875
0 0.6296875 0.32578125 0.021875 0.02109375
0 0.61015625 0.33515625 0.01953125 0.0234375
0 0.57109375 0.34609375 0.0203125 0.021875
0 0.59140625 0.36015625 0.02109375 0.02109375
0 0.63515625 0.346875 0.0203125 0.0203125
0 0.6546875 0.3578125 0.0203125 0.02265625
0 0.6265625 0.365625 0.01953125 0.02265625
0 0.60703125 0.37421875 0.01875 0.0203125
0 0.63203125 0.390625 0.02265625 0.02265625
0 0.5875 0.38125 0.02109375 0.0234375
0 0.5578125 0.36171875 0.01953125 0.02109375
0 0.528125 0.3671875 0.01953125 0.021875
0 0.5421875 0.35625 0.02109375 0.02109375
0 0.50859375 0.3578125 0.0203125 0.02109375
0 0.48515625 0.3578125 0.01953125 0.021875
0 0.46015625 0.36171875 0.02109375 0.02265625
0 0.43828125 0.36328125 0.021875 0.02265625
0 0.49609375 0.3765625 0.02109375 0.021875
0 0.49609375 0.4 0.021875 0.02265625
0 0.47109375 0.421875 0.0234375 0.02265625
0 0.5859375 0.425 0.02109375 0.021875
0 0.62265625 0.44765625 0.021875 0.02265625
0 0.5953125 0.4453125 0.021875 0.021875
0 0.5171875 0.4453125 0.021875 0.0234375
0 0.51640625 0.46953125 0.021875 0.02265625
0 0.5421875 0.4515625 0.0203125 0.02265625
0 0.49296875 0.46484375 0.02109375 0.0234375
0 0.44453125 0.4671875 0.021875 0.02265625
0 0.365625 0.4265625 0.021875 0.0234375
0 0.34609375 0.4328125 0.021875 0.02265625
0 0.325 0.4453125 0.02109375 0.02109375
0 0.33125 0.4671875 0.0234375 0.02265625
0 0.353125 0.46484375 0.0234375 0.02421875
0 0.34765625 0.49765625 0.02265625 0.02265625
0 0.34765625 0.521875 0.02265625 0.0234375
0 0.365625 0.55234375 0.0234375 0.0234375
0 0.54921875 0.5546875 0.021875 0.02265625
0 0.47578125 0.56328125 0.02421875 0.02265625
0 0.4625 0.58359375 0.02265625 0.02109375
0 0.48984375 0.58203125 0.021875 0.02265625
0 0.48515625 0.6078125 0.02109375 0.021875
0 0.5109375 0.590625 0.0203125 0.02265625
0 0.53203125 0.59921875 0.02109375 0.02421875
0 0.5046875 0.61796875 0.01953125 0.021875
0 0.459375 0.60546875 0.02265625 0.0234375
0 0.3890625 0.59609375 0.02265625 0.025
0 0.35859375 0.60703125 0.0234375 0.025
0 0.275 0.53671875 0.028125 0.0265625
0 0.21171875 0.58125 0.02578125 0.02578125
0 0.19921875 0.653125 0.025 0.02734375
0 0.24765625 0.65859375 0.02421875 0.02421875
0 0.2796875 0.6421875 0.02265625 0.02421875
0 0.3546875 0.659375 0.02421875 0.0234375
0 0.3796875 0.646875 0.02265625 0.025
0 0.371875 0.67890625 0.02265625 0.02421875
0 0.3921875 0.66484375 0.021875 0.02265625
0 0.40703125 0.68828125 0.021875 0.02421875
0 0.3828125 0.7078125 0.02265625 0.0234375
0 0.3578125 0.74375 0.0234375 0.02265625
0 0.37890625 0.73125 0.021875 0.02421875
0 0.39921875 0.72734375 0.02265625 0.02265625
0 0.48984375 0.73984375 0.02109375 0.02265625
0 0.4640625 0.734375 0.02109375 0.02265625
0 0.46953125 0.7546875 0.021875 0.02265625
0 0.44140625 0.74765625 0.021875 0.0234375
0 0.4640625 0.71171875 0.02109375 0.02265625
0 0.44296875 0.72578125 0.01953125 0.02109375
0 0.44609375 0.70078125 0.0203125 0.021875
0 0.42421875 0.640625 0.021875 0.021875
0 0.4421875 0.65625 0.021875 0.02265625
0 0.44765625 0.67734375 0.021875 0.02265625
0 0.47734375 0.67421875 0.0203125 0.02265625
0 0.46484375 0.690625 0.02109375 0.021875
0 0.47109375 0.65234375 0.02109375 0.02109375
0 0.49296875 0.65625 0.02109375 0.02109375
0 0.49296875 0.7 0.02265625 0.0234375
0 0.49921875 0.678125 0.0203125 0.0234375
0 0.51328125 0.659375 0.02109375 0.02265625
0 0.54296875 0.64375 0.02109375 0.01953125
0 0.53359375 0.66015625 0.0203125 0.0203125
0 0.53046875 0.67890625 0.02265625 0.02265625
0 0.52109375 0.6390625 0.02109375 0.0234375
0 0.5421875 0.628125 0.021875 0.02265625
0 0.58359375 0.58515625 0.02265625 0.02265625
0 0.571875 0.62421875 0.0234375 0.01953125
0 0.56796875 0.64609375 0.02265625 0.02109375
0 0.57421875 0.60390625 0.0234375 0.02265625
0 0.59609375 0.6078125 0.021875 0.0234375
0 0.5921875 0.63359375 0.02265625 0.02109375
0 0.61171875 0.63125 0.0203125 0.0203125
0 0.62578125 0.61640625 0.02265625 0.02109375
0 0.64375 0.6296875 0.02265625 0.02109375
0 0.6296875 0.64609375 0.02109375 0.02421875
0 0.5890625 0.65546875 0.02109375 0.0234375
0 0.6109375 0.653125 0.02109375 0.02421875
0 0.55859375 0.6640625 0.021875 0.02265625
0 0.6015625 0.67265625 0.01953125 0.021875
0 0.621875 0.6734375 0.02265625 0.02109375
0 0.58046875 0.68046875 0.021875 0.021875
0 0.596875 0.6953125 0.0234375 0.02421875
0 0.61328125 0.7078125 0.021875 0.02265625
0 0.61796875 0.73046875 0.02265625 0.02265625
0 0.615625 0.75234375 0.02109375 0.02265625
0 0.60703125 0.77421875 0.02109375 0.0234375
0 0.62578125 0.78515625 0.02421875 0.0234375
0 0.61328125 0.81875 0.0203125 0.0234375
0 0.6296875 0.83125 0.021875 0.025
0 0.59453125 0.834375 0.021875 0.0234375
0 0.615625 0.8484375 0.0203125 0.0234375
0 0.56953125 0.8171875 0.02109375 0.025
0 0.5515625 0.83203125 0.021875 0.02578125
0 0.571875 0.84921875 0.02109375 0.021875
0 0.42109375 0.796875 0.02421875 0.025
0 0.41796875 0.8265625 0.02265625 0.02421875
0 0.440625 0.846875 0.02421875 0.02421875
0 0.45546875 0.8625 0.025 0.025
0 0.49609375 0.8390625 0.02578125 0.02421875
0 0.5015625 0.8640625 0.02265625 0.0265625
0 0.53984375 0.85703125 0.0234375 0.0234375
0 0.559375 0.86875 0.021875 0.025