0 0.55859375 0.79609375 0.0265625 0.02890625
0 0.36875 0.83125 0.03046875 0.03046875
0 0.34140625 0.778125 0.0265625 0.02734375
0 0.071875 0.55546875 0.02265625 0.02421875
0 0.0703125 0.5890625 0.02265625 0.02890625
0 0.07109375 0.51640625 0.0234375 0.02578125
0 0.11640625 0.54375 0.02265625 0.02421875
0 0.125 0.603125 0.02421875 0.025
0 0.103125 0.6203125 0.021875 0.02734375
0 0.1484375 0.61953125 0.025 0.025
0 0.12421875 0.63984375 0.025 0.025
0 0.153125 0.64453125 0.0234375 0.02578125
0 0.17890625 0.6171875 0.02421875 0.0265625
0 0.1796875 0.6453125 0.0234375 0.0265625
0 0.21640625 0.64296875 0.02578125 0.02578125
0 0.20234375 0.62265625 0.025 0.025
0 0.2140625 0.59765625 0.0265625 0.0265625
0 0.23125 0.61796875 0.02734375 0.02578125
0 0.26015625 0.60546875 0.025 0.025
0 0.25390625 0.63203125 0.02578125 0.02421875
0 0.24453125 0.58046875 0.02578125 0.025
0 0.175 0.57578125 0.02421875 0.02578125
0 0.1515625 0.58125 0.02578125 0.0265625
0 0.14296875 0.55703125 0.025 0.02421875
0 0.15546875 0.53359375 0.028125 0.02421875
0 0.13046875 0.509375 0.0234375 0.02578125
0 0.1703125 0.484375 0.025 0.02578125
0 0.1796875 0.4625 0.0265625 0.0234375
0 0.24609375 0.46953125 0.02578125 0.02578125
0 0.22578125 0.45625 0.02578125 0.02421875
0 0.19609375 0.5484375 0.028125 0.025
0 0.24453125 0.55234375 0.02421875 0.028125
0 0.2203125 0.5578125 0.02265625 0.0265625
0 0.26953125 0.55625 0.021875 0.025
0 0.290625 0.53046875 0.025 0.025
0 0.2921875 0.5640625 0.0234375 0.025
0 0.27421875 0.58359375 0.025 0.02421875
0 0.315625 0.5734375 0.02421875 0.0234375
0 0.2984375 0.59375 0.0265625 0.0234375
0 0.28203125 0.615625 0.0265625 0.025
0 0.33203125 0.5203125 0.02578125 0.0265625
0 0.3328125 0.55859375 0.02421875 0.025
0 0.35859375 0.553125 0.025 0.02421875
0 0.3296875 0.5953125 0.02421875 0.02421875
0 0.36640625 0.58125 0.02578125 0.025
0 0.3578125 0.60390625 0.025 0.0234375
0 0.3875 0.59453125 0.02421875 0.02421875
0 0.359375 0.63515625 0.025 0.02578125
0 0.3953125 0.62421875 0.02578125 0.025
0 0.4203125 0.59375 0.025 0.025
0 0.39375 0.5546875 0.025 0.025
0 0.37890625 0.53046875 0.0265625 0.02421875
0 0.41953125 0.5484375 0.02421875 0.02421875
0 0.39765625 0.5015625 0.025 0.02578125
0 0.365625 0.475 0.02421875 0.02578125
0 0.34921875 0.44609375 0.0265625 0.02421875
0 0.33125 0.46015625 0.0265625 0.02421875
0 0.3015625 0.43828125 0.025 0.02578125
0 0.3234375 0.428125 0.02421875 0.025
0 0.34921875 0.4171875 0.025 0.02734375
0 0.37578125 0.4109375 0.02421875 0.02578125
0 0.4 0.39765625 0.0265625 0.02578125
0 0.428125 0.47734375 0.02734375 0.02578125
0 0.46328125 0.45234375 0.025 0.0265625
0 0.4609375 0.50078125 0.02578125 0.02421875
0 0.4375 0.50546875 0.02578125 0.025
0 0.496875 0.49765625 0.025 0.02890625
0 0.4796875 0.5234375 0.02734375 0.02578125
0 0.47734375 0.55078125 0.0265625 0.025
0 0.45859375 0.57109375 0.0265625 0.02265625
0 0.453125 0.61640625 0.02734375 0.02578125
0 0.5046875 0.625 0.0265625 0.02578125
0 0.4875 0.64296875 0.02578125 0.02578125
0 0.5265625 0.61171875 0.02578125 0.02734375
0 0.5015625 0.58046875 0.0265625 0.025
0 0.5125 0.553125 0.02421875 0.02421875
0 0.54609375 0.56171875 0.02421875 0.02578125
0 0.525 0.575 0.0234375 0.025
0 0.56796875 0.58515625 0.025 0.025
0 0.5453125 0.59375 0.02421875 0.02578125
0 0.53203125 0.5375 0.02421875 0.02421875
0 0.553125 0.521875 0.0234375 0.02578125
0 0.57890625 0.51640625 0.025 0.02734375
0 0.56953125 0.56015625 0.025 0.02421875
0 0.59609375 0.55703125 0.02421875 0.025
0 0.59375 0.5890625 0.02421875 0.02578125
0 0.5890625 0.62109375 0.028125 0.02734375
0 0.56875 0.63984375 0.0265625 0.0265625
0 0.61484375 0.61484375 0.025 0.02578125
0 0.65546875 0.61484375 0.02734375 0.025
0 0.63671875 0.63125 0.0234375 0.025
0 0.6453125 0.5921875 0.025 0.025
0 0.6171875 0.58125 0.025 0.025
0 0.621875 0.55546875 0.025 0.02421875
0 0.6078125 0.53515625 0.02421875 0.02421875
0 0.64765625 0.5546875 0.0265625 0.02421875
0 0.6328125 0.5328125 0.02578125 0.02421875
0 0.66015625 0.53359375 0.02578125 0.02578125
0 0.67578125 0.5625 0.0265625 0.0265625
0 0.67109375 0.5953125 0.02421875 0.02421875
0 0.70625 0.61171875 0.0265625 0.02578125
0 0.68125 0.62265625 0.025 0.02421875
0 0.6953125 0.5890625 0.025 0.0234375
0 0.703125 0.56484375 0.025 0.0234375
0 0.7203125 0.584375 0.025 0.025
0 0.684375 0.52109375 0.02578125 0.025
0 0.7140625 0.5171875 0.028125 0.0265625
0 0.740625 0.57109375 0.025 0.025
0 0.75 0.6078125 0.02578125 0.02578125
0 0.76328125 0.5859375 0.0265625 0.025
0 0.76953125 0.5625 0.02578125 0.02578125
0 0.7484375 0.5390625 0.02578125 0.02578125
0 0.77421875 0.528125 0.028125 0.028125
0 0.7953125 0.54765625 0.02578125 0.02578125
0 0.79765625 0.5734375 0.0265625 0.025
0 0.78828125 0.596875 0.025 0.02578125
0 0.80234375 0.61953125 0.02890625 0.02734375
0 0.825 0.5828125 0.0265625 0.0265625
0 0.821875 0.5546875 0.02734375 0.02578125
0 0.8328125 0.5296875 0.0265625 0.0265625
0 0.80234375 0.52265625 0.02734375 0.0265625
0 0.8828125 0.56328125 0.02734375 0.028125
0 0.91484375 0.56171875 0.028125 0.0265625
0 0.78671875 0.47578125 0.02890625 0.02578125
0 0.75078125 0.453125 0.02734375 0.028125
0 0.7234375 0.46796875 0.025 0.02578125
0 0.6921875 0.47421875 0.0265625 0.0265625
0 0.6640625 0.459375 0.02578125 0.02578125
0 0.6390625 0.4875 0.0296875 0.025
0 0.6046875 0.475 0.0265625 0.02734375
0 0.58125 0.4875 0.028125 0.02578125
0 0.19375 0.39453125 0.02734375 0.0265625
0 0.14296875 0.37578125 0.0265625 0.025
0 0.25703125 0.3421875 0.0296875 0.02734375
0 0.22734375 0.31484375 0.02578125 0.0265625
0 0.4359375 0.3203125 0.02890625 0.0265625
0 0.40859375 0.303125 0.02734375 0.02421875
0 0.51875 0.25703125 0.02578125 0.0296875
0 0.459375 0.21796875 0.0265625 0.0296875
0 0.5453125 0.25234375 0.02421875 0.02734375
0 0.5 0.20234375 0.02734375 0.02734375
0 0.53125 0.19140625 0.02578125 0.03046875
0 0.56171875 0.18671875 0.02734375 0.028125
0 0.71875 0.30234375 0.03125 0.02734375