0 0.66328125 0.2390625 0.03125 0.034375
0 0.7453125 0.25546875 0.03125 0.02890625
0 0.67734375 0.2984375 0.02890625 0.0296875
0 0.7078125 0.32421875 0.0296875 0.0296875
0 0.659375 0.3546875 0.02734375 0.028125
0 0.6765625 0.38203125 0.02734375 0.028125
0 0.665625 0.43671875 0.02890625 0.02734375
0 0.6453125 0.52734375 0.02578125 0.025
0 0.63671875 0.55546875 0.02734375 0.02890625
0 0.61484375 0.58203125 0.02578125 0.025
0 0.6421875 0.59140625 0.02578125 0.02734375
0 0.62578125 0.6109375 0.025 0.028125
0 0.4484375 0.4125 0.02734375 0.02734375
0 0.62578125 0.28359375 0.02578125 0.028125
0 0.60703125 0.30546875 0.0265625 0.02578125
0 0.60234375 0.33046875 0.02734375 0.02421875
0 0.61953125 0.35078125 0.025 0.02265625
0 0.59375 0.35390625 0.02578125 0.02421875
0 0.6 0.37890625 0.028125 0.025
0 0.63125 0.37421875 0.03125 0.02578125
0 0.62890625 0.4 0.02578125 0.02578125
0 0.60078125 0.40390625 0.02734375 0.02578125
0 0.6203125 0.42421875 0.02421875 0.0234375
0 0.5953125 0.4296875 0.0234375 0.025
0 0.61328125 0.4484375 0.02421875 0.025
0 0.6390625 0.45703125 0.0265625 0.025
0 0.65625 0.478125 0.0234375 0.02578125
0 0.63046875 0.48046875 0.02578125 0.0234375
0 0.62890625 0.50546875 0.02734375 0.02578125
0 0.6015625 0.5046875 0.025 0.02421875
0 0.5890625 0.48125 0.0234375 0.0234375
0 0.5859375 0.45625 0.02421875 0.025
0 0.57109375 0.43671875 0.025 0.02578125
0 0.571875 0.41171875 0.025 0.02421875
0 0.571875 0.3875 0.025 0.02421875
0 0.56875 0.35625 0.0234375 0.02578125
0 0.54453125 0.35078125 0.025 0.0265625
0 0.52734375 0.36953125 0.025 0.0265625
0 0.5453125 0.38828125 0.02578125 0.0265625
0 0.5203125 0.403125 0.02578125 0.0296875
0 0.54609375 0.41953125 0.0265625 0.02421875
0 0.540625 0.44453125 0.02890625 0.025
0 0.56171875 0.4640625 0.02421875 0.02578125
0 0.5359375 0.46875 0.02421875 0.02578125
0 0.559375 0.49453125 0.025 0.02578125
0 0.53125 0.4953125 0.0265625 0.025
0 0.546875 0.515625 0.0234375 0.0234375
0 0.55390625 0.53828125 0.0234375 0.0234375
0 0.578125 0.5296875 0.02578125 0.025
0 0.60546875 0.5328125 0.02734375 0.025
0 0.6015625 0.55859375 0.02421875 0.02578125
0 0.57734375 0.5609375 0.02421875 0.02578125
0 0.59375 0.59140625 0.0234375 0.0234375
0 0.5984375 0.6171875 0.02421875 0.0265625
0 0.59140625 0.65390625 0.02421875 0.025
0 0.5796875 0.63359375 0.028125 0.02421875
0 0.56484375 0.6171875 0.0234375 0.02421875
0 0.56953125 0.59375 0.025 0.025
0 0.5515625 0.57578125 0.02578125 0.0234375
0 0.540625 0.5984375 0.02421875 0.02421875
0 0.515625 0.57265625 0.02421875 0.0234375
0 0.5359375 0.5546875 0.025 0.02421875
0 0.52734375 0.53125 0.025 0.025
0 0.50859375 0.55 0.02578125 0.025
0 0.51484375 0.5109375 0.025 0.02578125
0 0.490625 0.49453125 0.02578125 0.0265625
0 0.459375 0.4859375 0.0265625 0.028125
0 0.490625 0.521875 0.02578125 0.02734375
0 0.46171875 0.52265625 0.0265625 0.0265625
0 0.41875 0.55078125 0.02578125 0.03046875
0 0.4546875 0.546875 0.02578125 0.02578125
0 0.4828125 0.5515625 0.02578125 0.025
0 0.47265625 0.58515625 0.02578125 0.025
0 0.50234375 0.59140625 0.0265625 0.02578125
0 0.51640625 0.61484375 0.025 0.025
0 0.5359375 0.634375 0.02734375 0.0265625
0 0.56171875 0.65859375 0.02578125 0.025
0 0.5328125 0.66171875 0.02421875 0.02421875
0 0.409375 0.5921875 0.02734375 0.028125
0 0.45234375 0.57421875 0.02421875 0.025
0 0.45 0.5984375 0.0265625 0.02421875
0 0.48359375 0.63359375 0.025 0.025
0 0.5078125 0.6453125 0.02578125 0.02734375
0 0.5078125 0.675 0.02421875 0.02578125
0 0.45546875 0.6234375 0.025 0.02578125
0 0.46328125 0.65 0.025 0.02421875
0 0.475 0.66953125 0.02421875 0.02421875
0 0.47421875 0.69453125 0.028125 0.02578125
0 0.440625 0.68359375 0.025 0.028125
0 0.415625 0.65546875 0.02890625 0.0265625
0 0.33671875 0.54296875 0.028125 0.02890625
0 0.39453125 0.6734375 0.025 0.02421875
0 0.27421875 0.6359375 0.02890625 0.0265625
0 0.34765625 0.59921875 0.028125 0.02890625
0 0.24296875 0.6578125 0.02890625 0.02734375
0 0.32890625 0.6671875 0.02734375 0.0265625
0 0.41171875 0.6921875 0.02578125 0.0265625
0 0.4296875 0.746875 0.02734375 0.0265625
0 0.23515625 0.6921875 0.02734375 0.02734375
0 0.240625 0.73671875 0.02578125 0.0265625