0 0.0578125 0.44609375 0.0328125 0.0296875
0 0.09765625 0.43671875 0.028125 0.0265625
0 0.0890625 0.484375 0.0296875 0.028125
0 0.078125 0.45625 0.028125 0.025
0 0.11953125 0.4890625 0.028125 0.0265625
0 0.1 0.4609375 0.03125 0.028125
0 0.1328125 0.52890625 0.0328125 0.0296875
0 0.12734375 0.46171875 0.0265625 0.0265625
0 0.12265625 0.44140625 0.0296875 0.028125
0 0.13203125 0.41953125 0.028125 0.0234375
0 0.11796875 0.403125 0.0328125 0.0296875
0 0.16484375 0.515625 0.03125 0.0265625
0 0.1453125 0.48046875 0.0296875 0.0296875
0 0.16640625 0.46484375 0.0296875 0.0265625
0 0.14765625 0.44765625 0.028125 0.0265625
0 0.15390625 0.42734375 0.028125 0.0265625
0 0.19375 0.5203125 0.0328125 0.0296875
0 0.196875 0.475 0.0328125 0.03125
0 0.17421875 0.4359375 0.0328125 0.0296875
0 0.16171875 0.403125 0.028125 0.0265625
0 0.228125 0.52265625 0.0328125 0.0265625
0 0.2140625 0.4890625 0.034375 0.028125
0 0.20546875 0.44609375 0.03125 0.025
0 0.22578125 0.4578125 0.03125 0.0265625
0 0.1796875 0.409375 0.03125 0.0265625
0 0.1984375 0.4234375 0.028125 0.0234375
0 0.21796875 0.41171875 0.03125 0.0234375
0 0.1703125 0.38125 0.0296875 0.0265625
0 0.178125 0.359375 0.028125 0.0234375
0 0.2 0.365625 0.03125 0.0265625
0 0.19609375 0.340625 0.03125 0.025
0 0.1734375 0.30625 0.028125 0.0265625
0 0.1921875 0.2859375 0.0265625 0.0265625
0 0.2203125 0.27734375 0.028125 0.0234375
0 0.24296875 0.26328125 0.028125 0.0234375
0 0.26015625 0.28125 0.028125 0.0234375
0 0.28515625 0.29296875 0.028125 0.025
0 0.2890625 0.27265625 0.0265625 0.0234375
0 0.27734375 0.36171875 0.028125 0.0265625
0 0.29296875 0.41484375 0.03125 0.0265625
0 0.2875 0.38046875 0.028125 0.0265625
0 0.3 0.390625 0.0296875 0.0296875
0 0.321875 0.3703125 0.03125 0.0265625
0 0.303125 0.35546875 0.0296875 0.0265625
0 0.2953125 0.33359375 0.0328125 0.0296875
0 0.3109375 0.31953125 0.028125 0.0265625
0 0.3046875 0.3 0.028125 0.025
0 0.3359375 0.309375 0.028125 0.025
0 0.32421875 0.2859375 0.028125 0.0265625
0 0.34765625 0.2890625 0.0265625 0.025
0 0.34921875 0.2671875 0.028125 0.0265625
0 0.34375 0.221875 0.028125 0.0265625
0 0.3703125 0.2953125 0.028125 0.0265625
0 0.36875 0.2765625 0.028125 0.0265625
0 0.34609375 0.478125 0.03125 0.0265625
0 0.34296875 0.453125 0.034375 0.0296875
0 0.39140625 0.265625 0.025 0.025
0 0.40078125 0.30625 0.0265625 0.025
0 0.4171875 0.28359375 0.028125 0.0265625
0 0.409375 0.325 0.028125 0.0265625
0 0.43125 0.3375 0.0296875 0.03125
0 0.44296875 0.31640625 0.0265625 0.0265625
0 0.4453125 0.29375 0.0265625 0.0234375
0 0.4640625 0.30546875 0.028125 0.0265625
0 0.45 0.35859375 0.03125 0.0296875
0 0.46171875 0.32734375 0.03125 0.028125
0 0.49140625 0.32421875 0.0296875 0.028125
0 0.48671875 0.29765625 0.0296875 0.028125
0 0.42734375 0.42578125 0.03125 0.0265625
0 0.43671875 0.39921875 0.0296875 0.028125
0 0.46171875 0.39296875 0.028125 0.0265625
0 0.45859375 0.42734375 0.0328125 0.0296875
0 0.47890625 0.4078125 0.0296875 0.0265625
0 0.48515625 0.434375 0.028125 0.0265625
0 0.49140625 0.4609375 0.03125 0.0296875
0 0.50859375 0.44296875 0.0296875 0.0265625
0 0.5234375 0.4640625 0.0296875 0.0265625
0 0.5171875 0.42265625 0.028125 0.028125
0 0.5046875 0.4046875 0.0296875 0.028125
0 0.50078125 0.38046875 0.0296875 0.028125
0 0.47578125 0.375 0.0296875 0.028125
0 0.49375 0.35078125 0.028125 0.0265625
0 0.4578125 0.1734375 0.0265625 0.0234375
0 0.4828125 0.19453125 0.0265625 0.0265625
0 0.46796875 0.1890625 0.0234375 0.021875
0 0.4734375 0.159375 0.0234375 0.021875
0 0.503125 0.17734375 0.0265625 0.025
0 0.521875 0.16640625 0.025 0.01875
0 0.53046875 0.18828125 0.028125 0.0265625
0 0.55078125 0.22265625 0.028125 0.0265625
0 0.55546875 0.2015625 0.028125 0.0234375
0 0.58125 0.2171875 0.0265625 0.0265625
0 0.5984375 0.33984375 0.028125 0.0265625
0 0.609375 0.3 0.028125 0.0265625
0 0.6296875 0.2734375 0.028125 0.0265625
0 0.65390625 0.26796875 0.028125 0.0265625
0 0.65390625 0.29375 0.028125 0.0234375
0 0.63046875 0.34296875 0.0296875 0.028125
0 0.6453125 0.32421875 0.0265625 0.025
0 0.66875 0.3203125 0.0296875 0.0265625
0 0.6171875 0.40234375 0.0328125 0.028125
0 0.63359375 0.3859375 0.028125 0.0265625
0 0.65 0.3609375 0.028125 0.025
0 0.66875 0.34453125 0.025 0.025
0 0.675 0.36796875 0.0296875 0.0265625
0 0.69453125 0.340625 0.0265625 0.0265625
0 0.70078125 0.30703125 0.028125 0.025
0 0.67890625 0.28984375 0.028125 0.0265625
0 0.70546875 0.284375 0.028125 0.0265625
0 0.72578125 0.2984375 0.03125 0.028125
0 0.72890625 0.3578125 0.03125 0.0296875
0 0.70078125 0.36640625 0.0296875 0.028125
0 0.72265625 0.31953125 0.034375 0.028125
0 0.753125 0.2984375 0.028125 0.0265625
0 0.7453125 0.27578125 0.028125 0.0265625
0 0.7734375 0.271875 0.028125 0.0234375
0 0.78515625 0.28984375 0.0296875 0.025
0 0.80703125 0.2703125 0.028125 0.0265625
0 0.815625 0.2984375 0.028125 0.0265625
0 0.83359375 0.28203125 0.0296875 0.0265625
0 0.8453125 0.35 0.0296875 0.0265625
0 0.840625 0.38359375 0.03125 0.0265625
0 0.80546875 0.3671875 0.03125 0.0265625
0 0.8078125 0.3453125 0.0296875 0.0265625
0 0.7953125 0.32578125 0.0265625 0.0234375
0 0.77109375 0.3328125 0.028125 0.0234375
0 0.75703125 0.359375 0.028125 0.0234375
0 0.66171875 0.39375 0.028125 0.0265625
0 0.6421875 0.42578125 0.028125 0.0265625
0 0.66015625 0.46484375 0.028125 0.0265625
0 0.6296875 0.45625 0.0296875 0.0265625
0 0.61640625 0.49375 0.03125 0.0265625
0 0.71640625 0.4265625 0.028125 0.0265625
0 0.71953125 0.4546875 0.028125 0.0265625
0 0.746875 0.4359375 0.03125 0.0296875
0 0.7515625 0.4671875 0.0328125 0.0296875
0 0.78359375 0.45078125 0.034375 0.0296875
0 0.80078125 0.4328125 0.03125 0.0296875
0 0.80390625 0.4078125 0.0296875 0.0296875
0 0.87109375 0.515625 0.034375 0.03125
0 0.9015625 0.36875 0.0328125 0.0265625
0 0.88828125 0.3328125 0.0296875 0.028125
0 0.87890625 0.30546875 0.0296875 0.0328125