0 0.63359375 0.796875 0.0515625 0.04375
0 0.67109375 0.75390625 0.053125 0.05
0 0.72109375 0.74296875 0.053125 0.0484375
0 0.68359375 0.71328125 0.0484375 0.04375
0 0.7265625 0.70546875 0.05 0.0453125
0 0.76484375 0.71328125 0.046875 0.04375
0 0.78359375 0.6765625 0.0484375 0.0453125
0 0.74375 0.6703125 0.05 0.04375
0 0.69375 0.6734375 0.0546875 0.0484375
0 0.6390625 0.71796875 0.0484375 0.04375
0 0.6484375 0.67890625 0.0515625 0.0453125
0 0.60234375 0.69609375 0.0515625 0.046875
0 0.62265625 0.76171875 0.053125 0.053125
0 0.58046875 0.81640625 0.0484375 0.04375
0 0.578125 0.77890625 0.053125 0.0484375
0 0.58984375 0.7375 0.0484375 0.046875
0 0.55390625 0.71875 0.053125 0.05
0 0.54765625 0.76171875 0.05 0.0453125
0 0.534375 0.82421875 0.0484375 0.0453125
0 0.515625 0.790625 0.05 0.05
0 0.51171875 0.7421875 0.053125 0.0484375
0 0.50234375 0.7046875 0.0515625 0.0453125
0 0.4546875 0.7296875 0.059375 0.05
0 0.4671875 0.76484375 0.0546875 0.05
0 0.471875 0.803125 0.05625 0.053125
0 0.41875 0.825 0.0515625 0.046875
0 0.42890625 0.7859375 0.053125 0.0453125
0 0.41015625 0.75625 0.0546875 0.046875
0 0.37109375 0.79609375 0.0578125 0.05
0 0.27578125 0.825 0.0578125 0.0546875
0 0.21953125 0.8234375 0.059375 0.0546875
0 0.259375 0.77734375 0.0625 0.05625
0 0.32265625 0.7828125 0.0625 0.05625
0 0.31953125 0.73984375 0.0640625 0.053125
0 0.37421875 0.65546875 0.0546875 0.053125
0 0.41328125 0.715625 0.0515625 0.04375
0 0.3703125 0.7390625 0.0578125 0.0515625
0 0.321875 0.69609375 0.05625 0.0515625
0 0.36953125 0.6984375 0.0515625 0.046875
0 0.4171875 0.675 0.0578125 0.0515625
0 0.45625 0.69296875 0.05625 0.0484375
0 0.54765625 0.6359375 0.053125 0.05
0 0.5015625 0.665625 0.0578125 0.0515625
0 0.54140625 0.67890625 0.05 0.0453125
0 0.58359375 0.659375 0.053125 0.05
0 0.62734375 0.6453125 0.053125 0.0484375
0 0.67265625 0.6421875 0.0515625 0.046875
0 0.70078125 0.60703125 0.053125 0.0484375
0 0.73125 0.634375 0.053125 0.0484375
0 0.7765625 0.63671875 0.05 0.05
0 0.78046875 0.59140625 0.0515625 0.05
0 0.81796875 0.60625 0.0578125 0.05
0 0.459375 0.64921875 0.05625 0.0515625
0 0.41484375 0.63203125 0.0578125 0.0515625
0 0.45703125 0.60546875 0.059375 0.0578125
0 0.5078125 0.61640625 0.059375 0.0578125
0 0.55234375 0.59453125 0.0578125 0.0546875
0 0.59609375 0.61875 0.059375 0.0546875
0 0.64921875 0.60546875 0.0546875 0.0515625
0 0.61640625 0.5796875 0.059375 0.053125
0 0.67734375 0.56796875 0.053125 0.053125
0 0.725 0.56640625 0.05625 0.0546875
0 0.8421875 0.553125 0.059375 0.05625
0 0.7765625 0.55 0.0640625 0.05625
0 0.76171875 0.50703125 0.0609375 0.0578125
0 0.70078125 0.52578125 0.0609375 0.0578125
0 0.64765625 0.54296875 0.0546875 0.0484375
0 0.5796875 0.55859375 0.0578125 0.0546875
0 0.540625 0.534375 0.053125 0.053125
0 0.5046875 0.57109375 0.059375 0.0546875
0 0.48984375 0.52890625 0.0609375 0.0578125
0 0.44375 0.55390625 0.0609375 0.0578125
0 0.40859375 0.5890625 0.0578125 0.053125
0 0.3640625 0.6109375 0.05625 0.0546875
0 0.32265625 0.64921875 0.0640625 0.0578125
0 0.13046875 0.721875 0.071875 0.0671875
0 0.246875 0.73046875 0.065625 0.05625
0 0.22890625 0.6875 0.065625 0.065625
0 0.27109375 0.65078125 0.0625 0.059375
0 0.31484375 0.60234375 0.0625 0.0578125
0 0.35078125 0.56796875 0.0578125 0.0609375
0 0.18203125 0.60234375 0.06875 0.065625
0 0.2453125 0.5546875 0.0671875 0.06875
0 0.39453125 0.54453125 0.0640625 0.0625
0 0.43515625 0.49921875 0.0625 0.0640625
0 0.48203125 0.48046875 0.059375 0.05625
0 0.528125 0.4890625 0.0625 0.0640625
0 0.578125 0.49453125 0.0640625 0.0640625
0 0.6109375 0.52265625 0.059375 0.0546875
0 0.6546875 0.496875 0.0578125 0.05625
0 0.690625 0.4640625 0.0609375 0.0640625
0 0.7390625 0.46171875 0.0578125 0.0578125
0 0.75703125 0.41015625 0.06875 0.065625
0 0.62265625 0.45625 0.0640625 0.0640625
0 0.56328125 0.43828125 0.0609375 0.0609375
0 0.50859375 0.434375 0.0609375 0.0578125
0 0.5109375 0.38203125 0.06875 0.06875