0 0.6046875 0.19375 0.040625 0.040625
0 0.68359375 0.19375 0.0375 0.0375
0 0.64609375 0.215625 0.0359375 0.0359375
0 0.74609375 0.225 0.0375 0.0375
0 0.6984375 0.2265625 0.0375 0.040625
0 0.63671875 0.26171875 0.034375 0.0375
0 0.7203125 0.24921875 0.0375 0.0359375
0 0.83984375 0.240625 0.040625 0.0390625
0 0.7546875 0.26640625 0.0359375 0.0359375
0 0.68671875 0.28203125 0.0375 0.0359375
0 0.68984375 0.31484375 0.0375 0.0359375
0 0.79453125 0.28984375 0.040625 0.0390625
0 0.76015625 0.31171875 0.040625 0.0375
0 0.8890625 0.2640625 0.0375 0.0375
0 0.8359375 0.328125 0.0375 0.0375
0 0.8046875 0.325 0.040625 0.0359375
0 0.97265625 0.32421875 0.0375 0.0375
0 0.95 0.35234375 0.0375 0.0390625
0 0.73828125 0.37265625 0.0375 0.0375
0 0.6703125 0.40546875 0.0359375 0.0390625
0 0.33046875 0.346875 0.040625 0.0375
0 0.31640625 0.446875 0.0390625 0.034375
0 0.2859375 0.46328125 0.0359375 0.03125
0 0.33125 0.47578125 0.0328125 0.03125
0 0.3046875 0.490625 0.034375 0.03125
0 0.225 0.46328125 0.03125 0.03125
0 0.24375 0.478125 0.0328125 0.0296875
0 0.1875 0.4234375 0.034375 0.0328125
0 0.19453125 0.45546875 0.034375 0.03125
0 0.1625 0.46640625 0.0296875 0.028125
0 0.13359375 0.4671875 0.03125 0.03125
0 0.1015625 0.4625 0.0328125 0.03125
0 0.115625 0.49140625 0.0328125 0.028125
0 0.1703125 0.49140625 0.0296875 0.028125
0 0.1953125 0.48203125 0.0296875 0.0296875
0 0.2 0.50625 0.0296875 0.025
0 0.19296875 0.52890625 0.0328125 0.028125
0 0.0828125 0.56328125 0.03125 0.028125
0 0.19921875 0.55234375 0.0296875 0.028125
0 0.221875 0.54375 0.0296875 0.021875
0 0.225 0.52421875 0.0328125 0.028125
0 0.159375 0.59765625 0.03125 0.0296875
0 0.24453125 0.55625 0.028125 0.0265625
0 0.23515625 0.578125 0.0296875 0.025
0 0.2890625 0.54375 0.03125 0.028125
0 0.271875 0.56015625 0.0296875 0.025
0 0.2875 0.58203125 0.028125 0.0265625
0 0.321875 0.57265625 0.0296875 0.0296875
0 0.3359375 0.59921875 0.0328125 0.0296875
0 0.346875 0.55 0.0328125 0.03125
0 0.390625 0.53359375 0.03125 0.03125
0 0.36484375 0.521875 0.034375 0.0328125
0 0.384375 0.50234375 0.0328125 0.0296875
0 0.434375 0.49453125 0.0328125 0.03125
0 0.43046875 0.52109375 0.03125 0.03125
0 0.46875 0.48984375 0.0328125 0.03125
0 0.45859375 0.5265625 0.0328125 0.03125
0 0.4546875 0.5515625 0.03125 0.028125
0 0.4796875 0.5140625 0.0359375 0.0265625
0 0.60546875 0.525 0.03125 0.03125
0 0.5796875 0.515625 0.0296875 0.0296875
0 0.55859375 0.5390625 0.03125 0.03125
0 0.53125 0.54375 0.0296875 0.0296875
0 0.5078125 0.5578125 0.03125 0.03125
0 0.48359375 0.571875 0.03125 0.0296875
0 0.515625 0.628125 0.0296875 0.0296875
0 0.47578125 0.6203125 0.03125 0.03125
0 0.46796875 0.64609375 0.0328125 0.028125
0 0.43125 0.66328125 0.0296875 0.0296875
0 0.4140625 0.55703125 0.0328125 0.03125
0 0.40546875 0.67109375 0.0296875 0.028125
0 0.365625 0.6734375 0.034375 0.028125
0 0.26640625 0.69453125 0.0296875 0.028125
0 0.17578125 0.73203125 0.028125 0.0234375
0 0.2296875 0.775 0.0296875 0.028125
0 0.1921875 0.76328125 0.028125 0.0234375
0 0.19921875 0.78671875 0.028125 0.0265625
0 0.1609375 0.77890625 0.028125 0.0265625
0 0.31640625 0.76171875 0.028125 0.028125
0 0.26796875 0.8109375 0.0265625 0.0234375
0 0.2390625 0.81640625 0.0265625 0.021875
0 0.34296875 0.7875 0.0296875 0.025
0 0.334375 0.821875 0.0234375 0.0171875
0 0.334375 0.80703125 0.0265625 0.0234375
0 0.3609375 0.8109375 0.025 0.0265625
0 0.36953125 0.828125 0.028125 0.0203125
0 0.39765625 0.83828125 0.0328125 0.028125
0 0.44921875 0.859375 0.0296875 0.025
0 0.490625 0.7703125 0.0328125 0.03125
0 0.4875 0.7109375 0.0359375 0.03125
0 0.5296875 0.6625 0.0328125 0.03125
0 0.57890625 0.69609375 0.03125 0.028125
0 0.5671875 0.6578125 0.028125 0.0265625
0 0.6 0.64140625 0.0265625 0.028125
0 0.60390625 0.66953125 0.03125 0.03125
0 0.621875 0.68671875 0.0265625 0.0265625
0 0.6390625 0.70234375 0.0265625 0.0265625
0 0.64375 0.62734375 0.0265625 0.0265625
0 0.63125 0.6484375 0.0171875 0.0234375
0 0.6484375 0.64921875 0.025 0.025
0 0.64765625 0.66953125 0.03125 0.025
0 0.69921875 0.62734375 0.028125 0.025
0 0.6765625 0.64375 0.028125 0.0265625
0 0.68671875 0.60234375 0.0296875 0.028125
0 0.63671875 0.565625 0.0328125 0.0296875
0 0.6421875 0.54140625 0.03125 0.028125
0 0.703125 0.58203125 0.03125 0.03125
0 0.721875 0.5640625 0.0296875 0.0296875
0 0.74453125 0.54609375 0.03125 0.0296875
0 0.8 0.5296875 0.0328125 0.028125
0 0.7859375 0.55546875 0.0328125 0.028125
0 0.7859375 0.58515625 0.0328125 0.03125
0 0.75546875 0.57109375 0.03125 0.0296875
0 0.74609375 0.596875 0.0328125 0.0296875
0 0.82421875 0.6328125 0.0328125 0.0296875
0 0.81875 0.684375 0.0296875 0.0296875
0 0.83984375 0.66015625 0.03125 0.028125
0 0.884375 0.7140625 0.0265625 0.0234375
0 0.9046875 0.70546875 0.0296875 0.025
0 0.7328125 0.69609375 0.03125 0.03125
0 0.71640625 0.68046875 0.028125 0.0265625
0 0.6921875 0.684375 0.0296875 0.0265625
0 0.67578125 0.7015625 0.0265625 0.021875
0 0.65859375 0.715625 0.0265625 0.0234375
0 0.65703125 0.68828125 0.028125 0.025
0 0.70234375 0.70390625 0.0296875 0.0265625
0 0.68671875 0.72109375 0.028125 0.0234375
0 0.7953125 0.74609375 0.0265625 0.0203125
0 0.7390625 0.728125 0.0296875 0.025
0 0.71171875 0.7453125 0.0296875 0.028125
0 0.76328125 0.7578125 0.028125 0.0234375
0 0.75703125 0.77890625 0.0265625 0.025
0 0.7234375 0.76953125 0.0265625 0.025
0 0.83671875 0.7765625 0.0296875 0.028125
0 0.8203125 0.75234375 0.028125 0.0234375
0 0.765625 0.865625 0.0265625 0.0234375
0 0.72421875 0.896875 0.0265625 0.0234375
0 0.56015625 0.8953125 0.028125 0.025
0 0.49765625 0.90390625 0.0265625 0.0234375
0 0.46484375 0.90625 0.0234375 0.0234375
0 0.44609375 0.88203125 0.0265625 0.021875
0 0.51796875 0.91796875 0.0265625 0.0234375
0 0.575 0.94453125 0.0265625 0.0265625
0 0.54375 0.94140625 0.0265625 0.025