0 0.5375 0.20078125 0.028125 0.0296875
0 0.34609375 0.17890625 0.0328125 0.0328125
0 0.32265625 0.23359375 0.028125 0.0296875
0 0.06875 0.47421875 0.0234375 0.0265625
0 0.06484375 0.44140625 0.0234375 0.0296875
0 0.07109375 0.51328125 0.025 0.0265625
0 0.1140625 0.4828125 0.0234375 0.0265625
0 0.11875 0.4234375 0.0265625 0.0265625
0 0.0953125 0.4078125 0.0234375 0.0296875
0 0.140625 0.40546875 0.0265625 0.0265625
0 0.115625 0.38671875 0.0265625 0.0265625
0 0.14375 0.3796875 0.025 0.0265625
0 0.171875 0.40546875 0.0265625 0.028125
0 0.1703125 0.37734375 0.025 0.028125
0 0.20703125 0.37734375 0.0265625 0.0265625
0 0.19453125 0.3984375 0.0265625 0.0265625
0 0.2078125 0.42265625 0.028125 0.028125
0 0.2234375 0.40078125 0.0296875 0.0265625
0 0.253125 0.41171875 0.0265625 0.0265625
0 0.2453125 0.38515625 0.0265625 0.0265625
0 0.23984375 0.4375 0.0265625 0.0265625
0 0.1703125 0.446875 0.0265625 0.0265625
0 0.146875 0.44296875 0.0265625 0.028125
0 0.13984375 0.46796875 0.0265625 0.0265625
0 0.15390625 0.490625 0.0296875 0.0265625
0 0.13046875 0.51640625 0.025 0.0265625
0 0.171875 0.53828125 0.0265625 0.0265625
0 0.1828125 0.559375 0.028125 0.025
0 0.24921875 0.5484375 0.0265625 0.0265625
0 0.2296875 0.5625 0.0265625 0.0265625
0 0.19375 0.47265625 0.0296875 0.0265625
0 0.24140625 0.465625 0.0265625 0.0296875
0 0.2171875 0.46171875 0.0234375 0.028125
0 0.26640625 0.46015625 0.0234375 0.0265625
0 0.2890625 0.484375 0.0265625 0.0265625
0 0.28828125 0.45078125 0.025 0.0265625
0 0.26875 0.43203125 0.0265625 0.0265625
0 0.3109375 0.43984375 0.0265625 0.025
0 0.2921875 0.4203125 0.028125 0.025
0 0.27421875 0.4 0.028125 0.0265625
0 0.33125 0.49140625 0.0265625 0.028125
0 0.32890625 0.453125 0.0265625 0.0265625
0 0.35546875 0.45703125 0.0265625 0.0265625
0 0.3234375 0.4171875 0.0265625 0.0265625
0 0.3609375 0.428125 0.0265625 0.0265625
0 0.35078125 0.40625 0.0265625 0.025
0 0.38125 0.41328125 0.0265625 0.0265625
0 0.35 0.375 0.0265625 0.0265625
0 0.38671875 0.38359375 0.0265625 0.0265625
0 0.4140625 0.41171875 0.0265625 0.0265625
0 0.38984375 0.453125 0.0265625 0.0265625
0 0.37734375 0.478125 0.028125 0.0265625
0 0.41640625 0.45703125 0.0265625 0.0265625
0 0.39765625 0.50546875 0.0265625 0.0265625
0 0.36796875 0.534375 0.0265625 0.0265625
0 0.353125 0.5640625 0.028125 0.0265625
0 0.334375 0.5515625 0.028125 0.0265625
0 0.30625 0.57578125 0.0265625 0.0265625
0 0.32890625 0.584375 0.0265625 0.0265625
0 0.35546875 0.59296875 0.0265625 0.0296875
0 0.38203125 0.59765625 0.0265625 0.0265625
0 0.40703125 0.609375 0.028125 0.0265625
0 0.4296875 0.52734375 0.0296875 0.0265625
0 0.46640625 0.55 0.0265625 0.028125
0 0.4609375 0.5015625 0.0265625 0.0265625
0 0.4375 0.49921875 0.0265625 0.0265625
0 0.496875 0.50234375 0.0265625 0.0296875
0 0.478125 0.478125 0.0296875 0.0265625
0 0.47421875 0.45078125 0.028125 0.0265625
0 0.45390625 0.43203125 0.028125 0.0234375
0 0.4453125 0.3875 0.0296875 0.0265625
0 0.49609375 0.375 0.028125 0.0265625
0 0.47734375 0.35859375 0.0265625 0.0265625
0 0.51875 0.38671875 0.0265625 0.0296875
0 0.49609375 0.41953125 0.028125 0.0265625
0 0.50859375 0.44609375 0.0265625 0.0265625
0 0.54140625 0.43515625 0.0265625 0.0265625
0 0.51953125 0.4234375 0.025 0.0265625
0 0.56171875 0.41015625 0.0265625 0.0265625
0 0.53828125 0.403125 0.0265625 0.0265625
0 0.5296875 0.46015625 0.0265625 0.0265625
0 0.5515625 0.47421875 0.025 0.0265625
0 0.57734375 0.478125 0.0265625 0.0296875
0 0.56484375 0.43515625 0.0265625 0.0265625
0 0.5921875 0.43671875 0.0265625 0.0265625
0 0.5875 0.4046875 0.0265625 0.0265625
0 0.58046875 0.37265625 0.0296875 0.0296875
0 0.55859375 0.35546875 0.028125 0.028125
0 0.60625 0.37734375 0.0265625 0.0265625
0 0.646875 0.37421875 0.0296875 0.0265625
0 0.62734375 0.359375 0.025 0.0265625
0 0.63828125 0.39765625 0.0265625 0.0265625
0 0.6109375 0.4109375 0.0265625 0.0265625
0 0.61796875 0.4359375 0.0265625 0.0265625
0 0.60546875 0.45703125 0.0265625 0.0265625
0 0.64375 0.43515625 0.028125 0.0265625
0 0.63046875 0.4578125 0.0265625 0.0265625
0 0.6578125 0.45546875 0.0265625 0.0265625
0 0.67109375 0.425 0.028125 0.028125
0 0.6640625 0.39296875 0.0265625 0.0265625
0 0.69765625 0.37421875 0.028125 0.0265625
0 0.671875 0.36484375 0.0265625 0.0265625
0 0.68828125 0.39765625 0.0265625 0.025
0 0.6984375 0.42109375 0.0265625 0.025
0 0.7140625 0.40078125 0.0265625 0.0265625
0 0.6828125 0.46640625 0.0265625 0.0265625
0 0.7125 0.46796875 0.0296875 0.028125
0 0.73515625 0.4125 0.0265625 0.0265625
0 0.7421875 0.375 0.0265625 0.0265625
0 0.75703125 0.39609375 0.028125 0.0265625
0 0.76484375 0.41875 0.0265625 0.0265625
0 0.7453125 0.44375 0.0265625 0.0265625
0 0.771875 0.453125 0.0296875 0.0296875
0 0.79140625 0.43203125 0.0265625 0.0265625
0 0.7921875 0.40625 0.028125 0.0265625
0 0.78046875 0.38359375 0.0265625 0.0265625
0 0.79296875 0.359375 0.0296875 0.0296875
0 0.81875 0.39453125 0.028125 0.028125
0 0.8171875 0.42265625 0.0296875 0.0265625
0 0.8296875 0.446875 0.028125 0.028125
0 0.8 0.45625 0.0296875 0.028125
0 0.87734375 0.41015625 0.0296875 0.0296875
0 0.909375 0.409375 0.0296875 0.028125
0 0.7875 0.50390625 0.0296875 0.0265625
0 0.753125 0.52890625 0.0296875 0.0296875
0 0.725 0.51640625 0.0265625 0.0265625
0 0.69375 0.5125 0.028125 0.028125
0 0.66640625 0.52890625 0.0265625 0.0265625
0 0.63984375 0.503125 0.03125 0.0265625
0 0.60625 0.51796875 0.028125 0.0296875
0 0.58203125 0.50703125 0.0296875 0.0265625
0 0.2015625 0.6265625 0.0296875 0.028125
0 0.15234375 0.6484375 0.028125 0.0265625
0 0.26875 0.67421875 0.03125 0.0296875
0 0.240625 0.70390625 0.0265625 0.028125
0 0.4484375 0.68359375 0.0296875 0.028125
0 0.42265625 0.703125 0.0296875 0.0265625
0 0.5359375 0.74140625 0.0265625 0.03125
0 0.47890625 0.784375 0.028125 0.03125
0 0.5625 0.74375 0.0265625 0.0296875
0 0.52109375 0.796875 0.0296875 0.0296875
0 0.55234375 0.80546875 0.0265625 0.0328125
0 0.58359375 0.80859375 0.0296875 0.0296875
0 0.73203125 0.68203125 0.0328125 0.0296875