0 0.22890625 0.73984375 0.0375 0.0375
0 0.12578125 0.4609375 0.0375 0.0390625
0 0.1171875 0.4984375 0.0390625 0.0375
0 0.209375 0.36640625 0.0421875 0.034375
0 0.21171875 0.41171875 0.0328125 0.034375
0 0.17734375 0.43125 0.0375 0.034375
0 0.25703125 0.353125 0.0359375 0.0328125
0 0.215625 0.490625 0.040625 0.0375
0 0.29296875 0.3609375 0.04375 0.040625
0 0.33125 0.30703125 0.05 0.0421875
0 0.35546875 0.278125 0.0421875 0.0359375
0 0.38203125 0.278125 0.0359375 0.034375
0 0.37109375 0.2421875 0.0328125 0.0328125
0 0.3953125 0.24921875 0.0328125 0.0328125
0 0.415625 0.2671875 0.0359375 0.0359375
0 0.38828125 0.13125 0.0390625 0.0375
0 0.39609375 0.16953125 0.0359375 0.0359375
0 0.44921875 0.246875 0.0359375 0.034375
0 0.44140625 0.1 0.0375 0.034375
0 0.45078125 0.1453125 0.0390625 0.034375
0 0.4734375 0.10703125 0.034375 0.0296875
0 0.46015625 0.0640625 0.0359375 0.0328125
0 0.5125 0.109375 0.034375 0.0328125
0 0.53828125 0.221875 0.0328125 0.0328125
0 0.41484375 0.43671875 0.0328125 0.0359375
0 0.48203125 0.4421875 0.0359375 0.034375
0 0.5453125 0.32734375 0.03125 0.0328125
0 0.5421875 0.37265625 0.0359375 0.0328125
0 0.54765625 0.40078125 0.0328125 0.0328125
0 0.55703125 0.4375 0.0328125 0.0328125
0 0.58125 0.45390625 0.0296875 0.0328125
0 0.5703125 0.48828125 0.0265625 0.028125
0 0.5703125 0.6515625 0.03125 0.0296875
0 0.55390625 0.6109375 0.0296875 0.0296875
0 0.5328125 0.61328125 0.03125 0.0296875
0 0.53046875 0.6421875 0.0296875 0.028125
0 0.52890625 0.596875 0.0265625 0.01875
0 0.54453125 0.5671875 0.028125 0.0265625
0 0.48828125 0.54140625 0.034375 0.0296875
0 0.53359375 0.496875 0.0328125 0.0296875
0 0.53203125 0.5359375 0.034375 0.03125
0 0.51484375 0.5703125 0.0328125 0.0328125
0 0.50859375 0.6109375 0.0296875 0.0296875
0 0.48984375 0.584375 0.03125 0.0328125
0 0.47109375 0.60234375 0.0296875 0.0328125
0 0.48671875 0.62109375 0.0296875 0.0328125
0 0.46875 0.63671875 0.03125 0.0265625
0 0.44375 0.64609375 0.034375 0.03125
0 0.4609375 0.66484375 0.0296875 0.034375
0 0.45390625 0.61953125 0.0296875 0.0328125
0 0.48671875 0.65390625 0.0296875 0.0328125
0 0.4875 0.68125 0.0328125 0.0265625
0 0.465625 0.69765625 0.0328125 0.03125
0 0.4296875 0.703125 0.034375 0.0390625
0 0.36171875 0.725 0.0359375 0.0359375
0 0.4125 0.678125 0.0328125 0.0359375
0 0.3765625 0.6875 0.0359375 0.0359375
0 0.38984375 0.73203125 0.0265625 0.03125
0 0.39609375 0.76328125 0.034375 0.0296875
0 0.38671875 0.78984375 0.0328125 0.0328125
0 0.35078125 0.8109375 0.034375 0.0359375
0 0.43515625 0.871875 0.0328125 0.0328125
0 0.42578125 0.8515625 0.0296875 0.0296875
0 0.4671875 0.77890625 0.0296875 0.03125
0 0.52265625 0.78203125 0.0328125 0.0359375
0 0.49296875 0.80078125 0.0328125 0.0359375
0 0.578125 0.7421875 0.0296875 0.0296875
0 0.571875 0.7078125 0.0265625 0.028125
0 0.54609375 0.66015625 0.0265625 0.0296875
0 0.59453125 0.71484375 0.0234375 0.03125
0 0.590625 0.66796875 0.0265625 0.0265625
0 0.60390625 0.68515625 0.0296875 0.0328125
0 0.6078125 0.7390625 0.0390625 0.0375
0 0.6203125 0.70390625 0.03125 0.028125
0 0.62890625 0.75078125 0.0296875 0.0296875
0 0.63671875 0.61484375 0.0328125 0.0296875
0 0.62890625 0.46953125 0.028125 0.028125
0 0.63671875 0.49140625 0.0296875 0.03125
0 0.64765625 0.5140625 0.028125 0.0265625
0 0.65078125 0.540625 0.0296875 0.0296875
0 0.66875 0.5625 0.0296875 0.028125
0 0.65625 0.58359375 0.028125 0.0265625
0 0.6125 0.60859375 0.03125 0.028125
0 0.65234375 0.44765625 0.034375 0.0296875
0 0.68359375 0.47421875 0.0265625 0.0296875
0 0.70546875 0.4671875 0.0296875 0.0296875
0 0.7046875 0.4390625 0.03125 0.0265625
0 0.67265625 0.453125 0.0296875 0.028125
0 0.68203125 0.42890625 0.0296875 0.0328125
0 0.675 0.38828125 0.0296875 0.0296875
0 0.65078125 0.40703125 0.0296875 0.0296875
0 0.70703125 0.3921875 0.0296875 0.0296875
0 0.69375 0.3703125 0.028125 0.0265625
0 0.65234375 0.32109375 0.0296875 0.0296875
0 0.64453125 0.2828125 0.0296875 0.0296875
0 0.68203125 0.29765625 0.0296875 0.028125
0 0.67734375 0.25390625 0.0265625 0.028125
0 0.6703125 0.278125 0.021875 0.0234375
0 0.70859375 0.21796875 0.0265625 0.028125
0 0.71015625 0.25 0.0203125 0.025
0 0.67109375 0.3484375 0.0296875 0.028125
0 0.69375 0.23671875 0.021875 0.021875
0 0.62421875 0.3234375 0.028125 0.0265625
0 0.6875 0.2125 0.0296875 0.0296875
0 0.72890625 0.23125 0.021875 0.021875
0 0.66171875 0.2359375 0.0296875 0.0296875
0 0.74453125 0.2125 0.0265625 0.028125
0 0.75 0.2359375 0.0234375 0.025
0 0.6953125 0.103125 0.0328125 0.0328125
0 0.653125 0.15859375 0.0296875 0.03125
0 0.75078125 0.16484375 0.0296875 0.03125
0 0.77734375 0.1640625 0.0296875 0.0328125
0 0.76796875 0.1890625 0.0296875 0.0328125
0 0.76640625 0.2140625 0.028125 0.0296875
0 0.74765625 0.28125 0.03125 0.0296875
0 0.76953125 0.24375 0.025 0.03125
0 0.7609375 0.265625 0.028125 0.0265625
0 0.72578125 0.3265625 0.0296875 0.0296875
0 0.73515625 0.35390625 0.0296875 0.0328125
0 0.7953125 0.24921875 0.0296875 0.03125
0 0.753125 0.3203125 0.0328125 0.03125
0 0.7625 0.35078125 0.03125 0.0328125
0 0.74453125 0.64296875 0.03125 0.0296875
0 0.75703125 0.696875 0.028125 0.0296875
0 0.828125 0.38203125 0.0328125 0.0328125
0 0.74453125 0.85390625 0.0265625 0.0296875
0 0.7625 0.86953125 0.0296875 0.0296875
0 0.77734375 0.76796875 0.0328125 0.0296875
0 0.809375 0.803125 0.028125 0.0296875
0 0.7796875 0.74296875 0.025 0.025
0 0.8296875 0.765625 0.0234375 0.028125
0 0.79453125 0.7078125 0.0296875 0.028125
0 0.80390625 0.73515625 0.028125 0.0265625
0 0.8 0.65703125 0.025 0.028125
0 0.821875 0.70546875 0.028125 0.0296875
0 0.82265625 0.65859375 0.0296875 0.0296875
0 0.8375 0.68046875 0.0265625 0.0265625
0 0.840625 0.621875 0.028125 0.03125
0 0.85234375 0.6640625 0.0265625 0.025
0 0.8484375 0.69921875 0.028125 0.0328125
0 0.86328125 0.62734375 0.028125 0.0265625
0 0.8703125 0.65390625 0.0234375 0.025
0 0.8796875 0.5984375 0.021875 0.025
0 0.18515625 0.6921875 0.0390625 0.034375