0 0.43515625 0.34609375 0.040625 0.03359375
0 0.81640625 0.35625 0.04140625 0.03125
0 0.8109375 0.3265625 0.04140625 0.03046875
0 0.7734375 0.37578125 0.04765625 0.03125
0 0.46484375 0.4203125 0.040625 0.03203125
0 0.53203125 0.43828125 0.0453125 0.0296875
0 0.55546875 0.51484375 0.0390625 0.028125
0 0.4984375 0.5109375 0.0375 0.028125
0 0.46640625 0.45703125 0.03515625 0.0296875
0 0.44765625 0.48203125 0.03984375 0.02890625
0 0.453125 0.5109375 0.04140625 0.03046875
0 0.4828125 0.5421875 0.03515625 0.028125
0 0.44375 0.53671875 0.0390625 0.028125
0 0.41640625 0.51484375 0.0375 0.03046875
0 0.390625 0.459375 0.03984375 0.03125
0 0.3625 0.44296875 0.03828125 0.03203125
0 0.3125 0.415625 0.040625 0.03125
0 0.30703125 0.44609375 0.0390625 0.028125
0 0.35234375 0.4921875 0.03828125 0.02734375
0 0.39296875 0.48828125 0.040625 0.028125
0 0.3265625 0.471875 0.0375 0.028125
0 0.2671875 0.45703125 0.040625 0.0296875
0 0.1140625 0.48515625 0.04296875 0.02890625
0 0.209375 0.46796875 0.040625 0.0265625
0 0.24765625 0.48046875 0.03984375 0.03125
0 0.290625 0.484375 0.040625 0.03203125
0 0.26015625 0.51015625 0.03515625 0.02890625
0 0.30078125 0.5140625 0.03828125 0.03125
0 0.3390625 0.5203125 0.0375 0.02890625
0 0.37734375 0.51640625 0.0390625 0.0265625
0 0.39765625 0.55078125 0.0375 0.02890625
0 0.359375 0.54609375 0.0375 0.0296875
0 0.34296875 0.55234375 0.02421875 0.02578125
0 0.31171875 0.54375 0.03515625 0.0328125
0 0.234375 0.534375 0.04140625 0.03046875
0 0.275 0.54296875 0.040625 0.028125
0 0.29453125 0.5703125 0.0390625 0.03046875
0 0.25546875 0.5796875 0.0375 0.0296875
0 0.1328125 0.5484375 0.0390625 0.03125
0 0.178125 0.54296875 0.04140625 0.03125
0 0.1359375 0.57890625 0.0390625 0.02890625
0 0.1765625 0.57578125 0.04140625 0.0328125
0 0.2140625 0.56640625 0.03828125 0.03359375
0 0.16796875 0.609375 0.040625 0.02734375
0 0.21171875 0.6015625 0.0390625 0.02734375
0 0.24765625 0.61796875 0.0390625 0.0296875
0 0.28671875 0.59765625 0.0359375 0.02578125
0 0.33203125 0.5765625 0.0375 0.02734375
0 0.371875 0.575 0.0359375 0.0265625
0 0.4078125 0.58359375 0.0375 0.02890625
0 0.43828125 0.5671875 0.0390625 0.02890625
0 0.47734375 0.571875 0.0375 0.02890625
0 0.65703125 0.58984375 0.0390625 0.03203125
0 0.1890625 0.77421875 0.046875 0.0328125
0 0.14921875 0.71328125 0.04375 0.03203125
0 0.19921875 0.7109375 0.0390625 0.0328125
0 0.14296875 0.6671875 0.040625 0.03046875
0 0.175 0.68515625 0.0390625 0.02890625
0 0.22578125 0.68359375 0.03984375 0.03359375
0 0.20859375 0.64765625 0.0390625 0.02890625
0 0.25 0.64765625 0.0375 0.0296875
0 0.28359375 0.62890625 0.03671875 0.03046875
0 0.3203125 0.61484375 0.040625 0.03046875
0 0.35546875 0.60234375 0.03984375 0.0296875
0 0.38984375 0.61171875 0.03671875 0.0296875
0 0.4796875 0.60078125 0.0375 0.028125
0 0.41328125 0.634375 0.03984375 0.02734375
0 0.43046875 0.60703125 0.0359375 0.02578125
0 0.459375 0.6265625 0.03671875 0.028125
0 0.49609375 0.634375 0.03828125 0.028125
0 0.4453125 0.6515625 0.03828125 0.02578125
0 0.4828125 0.665625 0.04140625 0.03125
0 0.47421875 0.696875 0.03984375 0.0328125
0 0.375 0.64609375 0.03515625 0.02890625
0 0.40703125 0.66328125 0.0375 0.028125
0 0.33671875 0.63984375 0.0328125 0.02578125
0 0.278125 0.68203125 0.0421875 0.03125
0 0.3234375 0.6625 0.0375 0.02890625
0 0.296875 0.65625 0.03125 0.0265625
0 0.33203125 0.6796875 0.04140625 0.02109375
0 0.371875 0.6765625 0.03828125 0.02890625
0 0.41171875 0.69296875 0.04375 0.03203125
0 0.30859375 0.73203125 0.040625 0.0296875
0 0.32109375 0.7046875 0.0421875 0.0296875
0 0.36015625 0.70546875 0.040625 0.0296875
0 0.39609375 0.7203125 0.04375 0.02890625
0 0.3546875 0.75 0.040625 0.03125
0 0.403125 0.7609375 0.040625 0.0328125
0 0.42890625 0.7359375 0.03984375 0.03046875
0 0.46953125 0.73828125 0.04453125 0.0296875
0 0.51015625 0.759375 0.04140625 0.0328125
0 0.45 0.771875 0.040625 0.03125
0 0.35390625 0.80625 0.04375 0.0296875
0 0.38671875 0.79140625 0.04375 0.034375
0 0.43671875 0.80078125 0.04296875 0.02890625
0 0.47734375 0.79453125 0.040625 0.03203125
0 0.51875 0.81015625 0.04453125 0.03125
0 0.4625 0.8265625 0.04375 0.0296875
0 0.45234375 0.85859375 0.04140625 0.03203125