0 0.5984375 0.18671875 0.03125 0.0234375
0 0.6671875 0.21015625 0.02578125 0.02265625
0 0.67734375 0.190625 0.021875 0.0203125
0 0.69140625 0.21171875 0.021875 0.02109375
0 0.7375 0.23125 0.0234375 0.01953125
0 0.74296875 0.25859375 0.02265625 0.021875
0 0.76875 0.2578125 0.0234375 0.02421875
0 0.7109375 0.27890625 0.021875 0.02109375
0 0.73046875 0.29296875 0.0234375 0.02109375
0 0.69453125 0.32734375 0.02890625 0.02578125
0 0.6109375 0.22578125 0.02421875 0.02421875
0 0.58984375 0.27109375 0.02734375 0.02421875
0 0.59375 0.24609375 0.028125 0.02109375
0 0.56796875 0.27890625 0.025 0.0234375
0 0.51953125 0.25078125 0.028125 0.02421875
0 0.52578125 0.27890625 0.02578125 0.0234375
0 0.54765625 0.28984375 0.02421875 0.025
0 0.55390625 0.32265625 0.028125 0.025
0 0.4375 0.28046875 0.0328125 0.02421875
0 0.440625 0.309375 0.03203125 0.025
0 0.4171875 0.34765625 0.03046875 0.02578125
0 0.44921875 0.36484375 0.03046875 0.025
0 0.4703125 0.34765625 0.03125 0.0234375
0 0.58203125 0.34921875 0.0265625 0.02578125
0 0.59140625 0.37265625 0.02578125 0.02265625
0 0.70390625 0.48671875 0.0265625 0.01953125
0 0.17890625 0.3375 0.0453125 0.028125
0 0.31640625 0.3578125 0.0328125 0.02890625
0 0.31328125 0.38671875 0.03125 0.02421875
0 0.31953125 0.4078125 0.0296875 0.02421875
0 0.34765625 0.39140625 0.0328125 0.02421875
0 0.35234375 0.41171875 0.02265625 0.01796875
0 0.37734375 0.44140625 0.03046875 0.021875
0 0.359375 0.4296875 0.02734375 0.01875
0 0.403125 0.4609375 0.03359375 0.025
0 0.184375 0.37734375 0.03828125 0.0296875
0 0.16015625 0.41953125 0.03359375 0.02890625
0 0.23671875 0.42265625 0.03515625 0.0296875
0 0.265625 0.43984375 0.03125 0.02734375
0 0.28359375 0.4640625 0.03359375 0.02734375
0 0.1390625 0.440625 0.0375 0.0265625
0 0.15234375 0.47421875 0.0359375 0.0265625
0 0.18515625 0.496875 0.03359375 0.02578125
0 0.2171875 0.49453125 0.0328125 0.02578125
0 0.2484375 0.48125 0.03515625 0.02890625
0 0.24921875 0.5078125 0.03359375 0.0265625
0 0.18515625 0.5234375 0.03125 0.02734375
0 0.2078125 0.5421875 0.034375 0.028125
0 0.24140625 0.540625 0.0328125 0.0296875
0 0.3359375 0.52578125 0.03515625 0.02734375
0 0.35703125 0.5078125 0.0359375 0.025
0 0.38203125 0.521875 0.03125 0.021875
0 0.39921875 0.54375 0.0328125 0.025
0 0.43046875 0.540625 0.03203125 0.02578125
0 0.5859375 0.51171875 0.0296875 0.02265625
0 0.57265625 0.490625 0.02890625 0.02421875
0 0.5296875 0.4796875 0.028125 0.0265625
0 0.49296875 0.4796875 0.02578125 0.02578125
0 0.50859375 0.484375 0.015625 0.025
0 0.4796875 0.509375 0.028125 0.02421875
0 0.45625 0.50078125 0.03125 0.02421875
0 0.46875 0.4796875 0.02734375 0.021875
0 0.5046875 0.3984375 0.03125 0.02578125
0 0.48515625 0.42421875 0.03359375 0.02265625
0 0.52265625 0.4359375 0.03046875 0.0234375
0 0.5390625 0.421875 0.02890625 0.02109375
0 0.60234375 0.39921875 0.02890625 0.01953125
0 0.60390625 0.41796875 0.02421875 0.021875
0 0.62109375 0.42109375 0.01953125 0.02421875
0 0.590625 0.43125 0.0234375 0.02421875
0 0.6328125 0.440625 0.0265625 0.02109375
0 0.56796875 0.45078125 0.02890625 0.0234375
0 0.6140625 0.4609375 0.02734375 0.02265625
0 0.58984375 0.46640625 0.0234375 0.02265625
0 0.64453125 0.4703125 0.02421875 0.01875
0 0.66875 0.46015625 0.02578125 0.02265625
0 0.640625 0.45625 0.021875 0.01171875
0 0.7171875 0.39296875 0.02421875 0.02421875
0 0.81484375 0.40546875 0.02734375 0.02265625
0 0.74453125 0.421875 0.02578125 0.02265625
0 0.69921875 0.4609375 0.025 0.0203125
0 0.71796875 0.46640625 0.01875 0.021875
0 0.64765625 0.4953125 0.0234375 0.01796875
0 0.62578125 0.48359375 0.0234375 0.021875
0 0.63359375 0.5109375 0.025 0.02265625
0 0.66328125 0.4859375 0.02265625 0.01796875
0 0.665625 0.5109375 0.02421875 0.021875
0 0.75703125 0.48671875 0.02578125 0.02265625
0 0.69140625 0.503125 0.02265625 0.01796875
0 0.6828125 0.4890625 0.01796875 0.015625
0 0.6953125 0.52109375 0.0234375 0.021875
0 0.65234375 0.55234375 0.025 0.02265625
0 0.6671875 0.5328125 0.0234375 0.01953125
0 0.725 0.5375 0.025 0.01953125
0 0.684375 0.5859375 0.0234375 0.0234375
0 0.521875 0.63125 0.02734375 0.0234375
0 0.5125 0.6546875 0.02890625 0.02578125
0 0.5875 0.12890625 0.0359375 0.03125