0 0.87109375 0.51171875 0.0359375 0.04375
0 0.85078125 0.5375 0.0375 0.0421875
0 0.8125 0.728125 0.0421875 0.05
0 0.76953125 0.75625 0.0421875 0.0453125
0 0.746875 0.7875 0.0421875 0.046875
0 0.72578125 0.74921875 0.04375 0.0484375
0 0.7125 0.815625 0.0453125 0.053125
0 0.709375 0.64296875 0.04375 0.05
0 0.63984375 0.83828125 0.0453125 0.0546875
0 0.57578125 0.778125 0.0453125 0.053125
0 0.51484375 0.853125 0.05 0.0609375
0 0.44609375 0.82734375 0.0453125 0.0546875
0 0.59921875 0.6328125 0.0453125 0.0515625
0 0.55234375 0.6515625 0.0453125 0.053125
0 0.5140625 0.590625 0.04375 0.0484375
0 0.61953125 0.42265625 0.0390625 0.04375
0 0.5875 0.4390625 0.040625 0.046875
0 0.54453125 0.45859375 0.0390625 0.04375
0 0.5140625 0.525 0.0390625 0.046875
0 0.48671875 0.54453125 0.040625 0.0484375
0 0.47734375 0.58515625 0.0421875 0.05
0 0.45 0.6171875 0.0390625 0.0453125
0 0.45 0.6546875 0.040625 0.05
0 0.44453125 0.696875 0.04375 0.05
0 0.40859375 0.66015625 0.0375 0.0390625
0 0.409375 0.67890625 0.040625 0.046875
0 0.37578125 0.67578125 0.04375 0.05
0 0.365625 0.73359375 0.0453125 0.05625
0 0.37421875 0.77734375 0.04375 0.0546875
0 0.39921875 0.7375 0.046875 0.0515625
0 0.3390625 0.7109375 0.0421875 0.05
0 0.33046875 0.76015625 0.0421875 0.05625
0 0.31640625 0.8109375 0.0453125 0.05625
0 0.303125 0.73515625 0.046875 0.0546875
0 0.265625 0.734375 0.0484375 0.0578125
0 0.29765625 0.57265625 0.040625 0.046875
0 0.321875 0.5984375 0.0453125 0.053125
0 0.321875 0.5421875 0.034375 0.04375
0 0.35546875 0.57421875 0.0390625 0.040625
0 0.34140625 0.5578125 0.040625 0.0515625
0 0.33515625 0.5046875 0.0421875 0.05
0 0.3578125 0.4625 0.0390625 0.0453125
0 0.36796875 0.5046875 0.040625 0.046875
0 0.3859375 0.43671875 0.0375 0.046875
0 0.38828125 0.471875 0.0390625 0.046875
0 0.409375 0.40390625 0.040625 0.0421875
0 0.4265625 0.4453125 0.040625 0.046875
0 0.4390625 0.4046875 0.0375 0.046875
0 0.453125 0.478125 0.040625 0.046875
0 0.39921875 0.503125 0.0390625 0.04375
0 0.39765625 0.54609375 0.0375 0.04375
0 0.4 0.5859375 0.04375 0.05
0 0.42421875 0.52265625 0.0390625 0.04375
0 0.43203125 0.58203125 0.040625 0.05
0 0.41640625 0.621875 0.0390625 0.04375
0 0.540625 0.3453125 0.0390625 0.046875
0 0.50859375 0.3359375 0.0390625 0.04375
0 0.49609375 0.375 0.0421875 0.046875
0 0.69765625 0.24296875 0.0328125 0.0390625
0 0.671875 0.25546875 0.0328125 0.0390625
0 0.6296875 0.2375 0.034375 0.0390625
0 0.63671875 0.27109375 0.0375 0.04375
0 0.64609375 0.303125 0.0375 0.046875
0 0.7703125 0.259375 0.040625 0.05
0 0.76953125 0.37890625 0.0390625 0.04375
0 0.78671875 0.40859375 0.0375 0.040625
0 0.76328125 0.42578125 0.0390625 0.04375
0 0.7453125 0.46015625 0.0390625 0.0453125
0 0.57734375 0.20234375 0.0359375 0.04375
0 0.52734375 0.21875 0.034375 0.0390625
0 0.5265625 0.18359375 0.03125 0.0359375
0 0.50546875 0.20078125 0.03125 0.0359375
0 0.48828125 0.22578125 0.0375 0.040625
0 0.49296875 0.1625 0.0359375 0.040625
0 0.459375 0.12890625 0.0328125 0.0375
0 0.44453125 0.15859375 0.03125 0.0359375
0 0.41875 0.1484375 0.034375 0.0421875
0 0.40625 0.2125 0.0375 0.0453125
0 0.3796875 0.2015625 0.0390625 0.05
0 0.396875 0.13359375 0.0359375 0.0421875
0 0.3984375 0.084375 0.034375 0.0375
0 0.36875 0.1265625 0.034375 0.0375
0 0.34765625 0.1484375 0.0359375 0.04375
0 0.35625 0.09375 0.0359375 0.040625
0 0.3203125 0.15859375 0.0375 0.04375
0 0.33046875 0.20078125 0.0359375 0.040625
0 0.290625 0.2296875 0.0390625 0.04375
0 0.303125 0.25703125 0.040625 0.046875
0 0.26015625 0.228125 0.0390625 0.046875
0 0.28828125 0.1578125 0.0390625 0.0453125
0 0.2109375 0.23125 0.040625 0.046875
0 0.17421875 0.24921875 0.040625 0.046875
0 0.18359375 0.31796875 0.0390625 0.0421875
0 0.17734375 0.35703125 0.04375 0.0453125
0 0.14375 0.2703125 0.040625 0.04375
0 0.1328125 0.24140625 0.040625 0.04375
0 0.13125 0.31328125 0.04375 0.05
0 0.1046875 0.29765625 0.0453125 0.0515625
0 0.18671875 0.66640625 0.046875 0.0546875