0 0.403125 0.2671875 0.0203125 0.0296875
0 0.38203125 0.259375 0.0390625 0.03125
0 0.43125 0.2703125 0.0390625 0.034375
0 0.40390625 0.234375 0.0390625 0.0359375
0 0.365625 0.23359375 0.0390625 0.0359375
0 0.32265625 0.23671875 0.04375 0.0375
0 0.43203125 0.3 0.0453125 0.0359375
0 0.43125 0.3359375 0.04375 0.0328125
0 0.440625 0.384375 0.040625 0.034375
0 0.41484375 0.36328125 0.04375 0.03125
0 0.38671875 0.39140625 0.0390625 0.0359375
0 0.3578125 0.328125 0.040625 0.0375
0 0.34140625 0.35703125 0.040625 0.034375
0 0.31484375 0.31484375 0.0359375 0.0328125
0 0.2796875 0.3203125 0.040625 0.034375
0 0.29921875 0.2734375 0.0390625 0.03125
0 0.25703125 0.27890625 0.040625 0.03125
0 0.2296875 0.30625 0.040625 0.034375
0 0.1953125 0.3 0.0390625 0.034375
0 0.1609375 0.30703125 0.0359375 0.0296875
0 0.05546875 0.290625 0.040625 0.034375
0 0.13671875 0.28828125 0.0375 0.03125
0 0.07265625 0.321875 0.0390625 0.03125
0 0.1328125 0.32890625 0.0359375 0.0328125
0 0.10078125 0.3390625 0.0375 0.034375
0 0.19921875 0.33203125 0.0390625 0.0328125
0 0.165625 0.34453125 0.0375 0.03125
0 0.05703125 0.37109375 0.0390625 0.034375
0 0.02265625 0.38359375 0.0328125 0.0328125
0 0.1953125 0.3625 0.040625 0.03125
0 0.15234375 0.371875 0.0390625 0.03125
0 0.1203125 0.37421875 0.0390625 0.03125
0 0.08984375 0.3859375 0.0390625 0.0296875
0 0.05 0.41484375 0.040625 0.034375
0 0.1875 0.38984375 0.0375 0.03125
0 0.12578125 0.40234375 0.0390625 0.0328125
0 0.09296875 0.4140625 0.040625 0.03125
0 0.07578125 0.440625 0.0390625 0.034375
0 0.21796875 0.40234375 0.040625 0.0328125
0 0.17265625 0.4140625 0.0421875 0.0296875
0 0.14140625 0.428125 0.0375 0.0328125
0 0.11328125 0.4453125 0.0390625 0.034375
0 0.19375 0.4390625 0.0359375 0.0296875
0 0.16171875 0.453125 0.0359375 0.03125
0 0.1390625 0.4734375 0.0390625 0.0375
0 0.2453125 0.42890625 0.0390625 0.03125
0 0.1421875 0.5125 0.0421875 0.034375
0 0.28671875 0.4328125 0.0421875 0.034375
0 0.2546875 0.46015625 0.0390625 0.034375
0 0.3625 0.46171875 0.04375 0.0328125
0 0.41875 0.45234375 0.040625 0.034375
0 0.39609375 0.49140625 0.0390625 0.03125
0 0.35703125 0.490625 0.040625 0.03125
0 0.3203125 0.47578125 0.04375 0.034375
0 0.40625 0.5171875 0.0359375 0.0359375
0 0.36953125 0.51953125 0.0390625 0.034375
0 0.44375 0.51171875 0.0375 0.0359375
0 0.43203125 0.5421875 0.0390625 0.034375
0 0.40234375 0.56015625 0.0421875 0.0359375
0 0.4828125 0.509375 0.040625 0.0328125
0 0.46796875 0.53671875 0.0390625 0.0328125
0 0.525 0.5 0.04375 0.03125
0 0.51328125 0.52734375 0.04375 0.03125
0 0.49375 0.55703125 0.0390625 0.034375
0 0.459375 0.5671875 0.040625 0.034375
0 0.5328125 0.55234375 0.040625 0.034375
0 0.60078125 0.546875 0.0421875 0.0328125
0 0.58515625 0.5765625 0.0421875 0.034375
0 0.5453125 0.58046875 0.0390625 0.034375
0 0.50703125 0.58515625 0.040625 0.0359375
0 0.634375 0.578125 0.0421875 0.0328125
0 0.60625 0.60703125 0.0421875 0.034375
0 0.56875 0.61640625 0.040625 0.0375
0 0.659375 0.59921875 0.04375 0.034375
0 0.63828125 0.62265625 0.0390625 0.0359375
0 0.609375 0.63828125 0.040625 0.034375
0 0.5859375 0.66171875 0.0421875 0.0375
0 0.70546875 0.5546875 0.04375 0.034375
0 0.709375 0.60703125 0.0453125 0.0328125
0 0.68046875 0.62890625 0.0421875 0.034375
0 0.659375 0.65234375 0.04375 0.034375
0 0.628125 0.66796875 0.0453125 0.0359375
0 0.7328125 0.6359375 0.04375 0.034375
0 0.70625 0.66171875 0.0453125 0.0359375
0 0.76484375 0.6609375 0.0421875 0.034375
0 0.73359375 0.684375 0.0421875 0.0375
0 0.8078125 0.6765625 0.0421875 0.0375
0 0.878125 0.5828125 0.04375 0.0359375
0 0.865625 0.625 0.0484375 0.0375
0 0.8953125 0.675 0.046875 0.034375
0 0.9171875 0.70625 0.0453125 0.0375
0 0.9015625 0.74765625 0.0421875 0.034375
0 0.8625 0.76796875 0.04375 0.0328125
0 0.82421875 0.7640625 0.0390625 0.034375
0 0.79140625 0.74296875 0.046875 0.0375
0 0.78828125 0.778125 0.0453125 0.0375
0 0.865625 0.80078125 0.0375 0.03125
0 0.83671875 0.821875 0.040625 0.0359375
0 0.7953125 0.8140625 0.0453125 0.034375