0 0.85859375 0.57890625 0.0328125 0.0328125
0 0.909375 0.4984375 0.0296875 0.0328125
0 0.85078125 0.45234375 0.03125 0.0359375
0 0.84375 0.41640625 0.028125 0.0296875
0 0.83359375 0.3796875 0.0296875 0.0328125
0 0.83125 0.440625 0.0296875 0.028125
0 0.82421875 0.4046875 0.028125 0.0296875
0 0.8046875 0.4453125 0.03125 0.0296875
0 0.7921875 0.41875 0.0296875 0.0296875
0 0.7859375 0.36328125 0.0328125 0.03125
0 0.76484375 0.46484375 0.0328125 0.03125
0 0.7734375 0.43671875 0.0296875 0.03125
0 0.75 0.490625 0.0296875 0.03125
0 0.75 0.44296875 0.0296875 0.03125
0 0.72578125 0.4859375 0.0296875 0.0328125
0 0.7171875 0.4359375 0.0328125 0.0328125
0 0.71953125 0.36953125 0.034375 0.0359375
0 0.73984375 0.3546875 0.0328125 0.03125
0 0.725 0.3265625 0.034375 0.0359375
0 0.6984375 0.340625 0.0328125 0.0296875
0 0.675 0.3203125 0.0296875 0.0328125
0 0.67421875 0.284375 0.0296875 0.0328125
0 0.65859375 0.26875 0.034375 0.034375
0 0.66328125 0.34609375 0.0328125 0.0328125
0 0.6421875 0.38671875 0.0328125 0.0328125
0 0.6671875 0.36953125 0.03125 0.0296875
0 0.67890625 0.39921875 0.0328125 0.0328125
0 0.67578125 0.4390625 0.0375 0.0375
0 0.90234375 0.284375 0.0375 0.0359375
0 0.7671875 0.565625 0.03125 0.03125
0 0.68359375 0.58515625 0.0359375 0.03125
0 0.68203125 0.56015625 0.03125 0.0296875
0 0.69296875 0.6828125 0.0265625 0.0265625
0 0.68671875 0.70078125 0.0296875 0.0265625
0 0.6671875 0.68359375 0.0296875 0.028125
0 0.6578125 0.6625 0.0296875 0.0296875
0 0.6484375 0.72109375 0.0296875 0.0296875
0 0.61328125 0.71328125 0.0328125 0.0296875
0 0.62421875 0.665625 0.0296875 0.0296875
0 0.5796875 0.65625 0.0328125 0.03125
0 0.603125 0.6390625 0.0328125 0.0328125
0 0.62109375 0.5890625 0.0328125 0.03125
0 0.56875 0.56796875 0.0328125 0.0328125
0 0.534375 0.6234375 0.0328125 0.03125
0 0.49296875 0.64453125 0.03125 0.0328125
0 0.4640625 0.6453125 0.0328125 0.0328125
0 0.4859375 0.71328125 0.0328125 0.0328125
0 0.57265625 0.32109375 0.034375 0.0359375
0 0.57265625 0.2828125 0.0328125 0.0328125
0 0.615625 0.22890625 0.034375 0.0359375
0 0.59453125 0.20390625 0.0328125 0.0328125
0 0.59140625 0.23125 0.034375 0.034375
0 0.56484375 0.23359375 0.03125 0.0328125
0 0.5171875 0.25625 0.0359375 0.034375
0 0.53984375 0.2296875 0.0296875 0.0328125
0 0.48984375 0.2453125 0.0328125 0.03125
0 0.5140625 0.2265625 0.034375 0.0359375
0 0.465625 0.26171875 0.0328125 0.03125
0 0.48046875 0.21015625 0.0359375 0.034375
0 0.46796875 0.23203125 0.03125 0.0328125
0 0.559375 0.16796875 0.0328125 0.0328125
0 0.55 0.1203125 0.0328125 0.0328125
0 0.52578125 0.09921875 0.0328125 0.0328125
0 0.5265625 0.1375 0.034375 0.034375
0 0.503125 0.11328125 0.0328125 0.0328125
0 0.4546875 0.14296875 0.034375 0.034375
0 0.48046875 0.12578125 0.0359375 0.034375
0 0.44609375 0.1703125 0.03125 0.0328125
0 0.45625 0.19609375 0.03125 0.0328125
0 0.425 0.1859375 0.034375 0.034375
0 0.446875 0.21796875 0.0296875 0.0328125
0 0.42109375 0.2125 0.0328125 0.0359375
0 0.41953125 0.2390625 0.0296875 0.03125
0 0.3921875 0.21328125 0.0328125 0.0328125
0 0.4453125 0.2453125 0.0328125 0.0328125
0 0.43046875 0.265625 0.0328125 0.03125
0 0.3890625 0.24765625 0.034375 0.034375
0 0.4046875 0.26875 0.03125 0.0328125
0 0.36015625 0.23359375 0.0328125 0.0328125
0 0.3484375 0.2515625 0.0328125 0.0328125
0 0.35859375 0.31640625 0.0328125 0.0328125
0 0.37890625 0.3359375 0.0328125 0.0328125
0 0.41484375 0.31015625 0.0328125 0.0328125
0 0.434375 0.33203125 0.0328125 0.0328125
0 0.409375 0.38125 0.034375 0.034375
0 0.43046875 0.36328125 0.0328125 0.0328125
0 0.40546875 0.353125 0.0296875 0.03125
0 0.2140625 0.33359375 0.0359375 0.034375
0 0.22734375 0.3078125 0.0359375 0.034375
0 0.290625 0.284375 0.034375 0.034375
0 0.27421875 0.39765625 0.0375 0.0375
0 0.31640625 0.415625 0.0328125 0.03125
0 0.33203125 0.39375 0.0328125 0.0359375
0 0.29765625 0.4234375 0.0359375 0.034375
0 0.35859375 0.40234375 0.034375 0.0359375
0 0.27578125 0.44453125 0.0328125 0.0328125
0 0.26484375 0.48125 0.0375 0.0375
0 0.2296875 0.46796875 0.0359375 0.034375
0 0.19375 0.4421875 0.034375 0.034375
0 0.19140625 0.47109375 0.0375 0.0359375
0 0.16875 0.45 0.0328125 0.0328125
0 0.14296875 0.42890625 0.0390625 0.034375
0 0.10546875 0.45859375 0.0359375 0.034375
0 0.0984375 0.41796875 0.0390625 0.03125
0 0.09609375 0.39765625 0.0375 0.034375
0 0.18125 0.58046875 0.034375 0.034375
0 0.22578125 0.57265625 0.0296875 0.0328125
0 0.20859375 0.58828125 0.034375 0.034375
0 0.19296875 0.61875 0.0375 0.0359375
0 0.1609375 0.6078125 0.0328125 0.0328125
0 0.3640625 0.4984375 0.034375 0.0328125
0 0.3640625 0.47265625 0.0328125 0.03125
0 0.390625 0.478125 0.0296875 0.0328125
0 0.40625 0.45234375 0.0296875 0.0328125
0 0.43125 0.40703125 0.03125 0.0296875
0 0.40859375 0.41640625 0.03125 0.03125
0 0.43203125 0.45078125 0.0296875 0.0328125
0 0.43984375 0.47421875 0.03125 0.0296875
0 0.415625 0.4765625 0.0328125 0.03125
0 0.465625 0.44296875 0.0296875 0.0296875
0 0.46796875 0.41328125 0.0328125 0.03125
0 0.490625 0.4453125 0.0296875 0.0296875
0 0.49375 0.41953125 0.03125 0.0296875
0 0.521875 0.4546875 0.0296875 0.0296875
0 0.5265625 0.42578125 0.0328125 0.0328125
0 0.50859375 0.46953125 0.0328125 0.0296875
0 0.53203125 0.4796875 0.0296875 0.0296875
0 0.5453125 0.4546875 0.028125 0.0296875
0 0.5625 0.4390625 0.0328125 0.03125
0 0.55390625 0.475 0.03125 0.0296875
0 0.5265625 0.5015625 0.0296875 0.0296875
0 0.55 0.50390625 0.0296875 0.03125
0 0.575 0.50546875 0.0296875 0.03125
0 0.57890625 0.4796875 0.0296875 0.0328125
0 0.503125 0.52265625 0.0265625 0.025
0 0.47890625 0.5125 0.0328125 0.0328125
0 0.49609375 0.54140625 0.0328125 0.0328125
0 0.521875 0.52578125 0.0234375 0.0265625
0 0.4296875 0.54765625 0.0328125 0.0328125
0 0.434375 0.5234375 0.0328125 0.0296875
0 0.4453125 0.5015625 0.0359375 0.03125