0 0.65703125 0.10703125 0.053125 0.03828125
0 0.61484375 0.159375 0.046875 0.03671875
0 0.64609375 0.2046875 0.053125 0.03125
0 0.65078125 0.17578125 0.03984375 0.03046875
0 0.43984375 0.18671875 0.0359375 0.0328125
0 0.47890625 0.18984375 0.02734375 0.03203125
0 0.40390625 0.2109375 0.0328125 0.03125
0 0.34921875 0.22109375 0.03203125 0.03125
0 0.37734375 0.2328125 0.03828125 0.0296875
0 0.4140625 0.24296875 0.03984375 0.03203125
0 0.44375 0.21796875 0.04375 0.0375
0 0.5015625 0.21484375 0.046875 0.034375
0 0.5625 0.22734375 0.0453125 0.0390625
0 0.67421875 0.27578125 0.05078125 0.0390625
0 0.725 0.2546875 0.04921875 0.04296875
0 0.353125 0.25703125 0.03125 0.02890625
0 0.3890625 0.26328125 0.034375 0.0359375
0 0.29765625 0.2546875 0.0390625 0.02890625
0 0.31953125 0.27890625 0.0375 0.0296875
0 0.35546875 0.2921875 0.0421875 0.03515625
0 0.5203125 0.33046875 0.03984375 0.03359375
0 0.553125 0.3578125 0.04296875 0.03984375
0 0.59453125 0.34140625 0.04609375 0.040625
0 0.74921875 0.36640625 0.04765625 0.040625
0 0.80859375 0.3671875 0.0515625 0.04609375
0 0.28203125 0.2953125 0.0359375 0.03359375
0 0.30859375 0.30703125 0.0328125 0.0296875
0 0.3296875 0.32109375 0.03515625 0.02890625
0 0.36171875 0.3375 0.034375 0.03125
0 0.38203125 0.359375 0.03359375 0.03046875
0 0.27109375 0.32421875 0.03203125 0.0296875
0 0.2984375 0.33828125 0.03125 0.03203125
0 0.32109375 0.35625 0.034375 0.03046875
0 0.34765625 0.37265625 0.03515625 0.0328125
0 0.2640625 0.3515625 0.0390625 0.02734375
0 0.27734375 0.37734375 0.034375 0.0296875
0 0.309375 0.3921875 0.03359375 0.0359375
0 0.36640625 0.40234375 0.0359375 0.03203125
0 0.23046875 0.37109375 0.0375 0.0203125
0 0.24140625 0.3984375 0.03515625 0.02890625
0 0.2703125 0.4140625 0.03125 0.0328125
0 0.296875 0.4265625 0.034375 0.0328125
0 0.3375 0.42890625 0.0421875 0.03515625
0 0.20390625 0.3921875 0.03515625 0.0265625
0 0.2203125 0.42109375 0.03203125 0.03125
0 0.17109375 0.34765625 0.03203125 0.03125
0 0.2375 0.47734375 0.0359375 0.025
0 0.21328125 0.45 0.02890625 0.0296875
0 0.246875 0.4546875 0.03984375 0.02890625
0 0.09609375 0.43203125 0.03046875 0.03359375
0 0.12578125 0.40859375 0.03203125 0.03046875
0 0.19765625 0.48046875 0.03515625 0.03203125
0 0.221875 0.5046875 0.03828125 0.02734375
0 0.1125 0.5078125 0.025 0.0296875
0 0.13046875 0.49375 0.03359375 0.03046875
0 0.2078125 0.5390625 0.03046875 0.03125
0 0.2046875 0.75390625 0.03203125 0.03359375
0 0.2390625 0.53203125 0.0359375 0.03125
0 0.4390625 0.4296875 0.0421875 0.03671875
0 0.5921875 0.38671875 0.0375 0.02890625
0 0.51640625 0.3984375 0.04375 0.0359375
0 0.56328125 0.421875 0.04140625 0.03515625
0 0.6125 0.41328125 0.046875 0.0421875
0 0.80703125 0.47578125 0.0546875 0.04375
0 0.62734375 0.49296875 0.04375 0.03828125
0 0.55859375 0.48125 0.04375 0.040625
0 0.57734375 0.525 0.0421875 0.03515625
0 0.6125 0.54609375 0.0453125 0.03828125
0 0.24765625 0.5640625 0.02890625 0.0328125
0 0.54609375 0.54765625 0.03828125 0.0375
0 0.221875 0.575 0.0359375 0.03125
0 0.23515625 0.62734375 0.03125 0.0328125
0 0.2578125 0.59921875 0.03125 0.034375
0 0.275 0.575 0.02890625 0.03203125
0 0.3078125 0.57421875 0.03046875 0.034375
0 0.3421875 0.58125 0.0390625 0.0359375
0 0.36171875 0.521875 0.04296875 0.0328125
0 0.1984375 0.6359375 0.0296875 0.028125
0 0.215625 0.66484375 0.03359375 0.0296875
0 0.10859375 0.60625 0.0296875 0.03203125
0 0.140625 0.64296875 0.02890625 0.0296875
0 0.17890625 0.6890625 0.025 0.028125
0 0.20546875 0.69375 0.0328125 0.03046875
0 0.30234375 0.61484375 0.0390625 0.03046875
0 0.44453125 0.61484375 0.0421875 0.03515625
0 0.484375 0.60625 0.034375 0.03359375
0 0.5171875 0.6234375 0.04453125 0.03984375
0 0.35078125 0.6328125 0.0390625 0.0359375
0 0.45078125 0.6484375 0.03984375 0.03125
0 0.4765625 0.6765625 0.04140625 0.0375
0 0.6 0.646875 0.05 0.0375
0 0.6421875 0.74375 0.04296875 0.046875
0 0.37890625 0.72265625 0.0390625 0.03671875
0 0.26328125 0.77890625 0.03984375 0.03359375
0 0.61796875 0.7625 0.03984375 0.04140625
0 0.46015625 0.740625 0.03984375 0.0390625
0 0.57734375 0.7328125 0.04375 0.04140625
0 0.5171875 0.80390625 0.040625 0.04296875