0 0.29296875 0.74609375 0.0375 0.0375
0 0.33828125 0.76953125 0.034375 0.0375
0 0.37265625 0.7453125 0.0375 0.0390625
0 0.0546875 0.665625 0.0453125 0.0453125
0 0.146875 0.5984375 0.0421875 0.046875
0 0.27734375 0.678125 0.0375 0.04375
0 0.33515625 0.721875 0.0375 0.0375
0 0.35703125 0.69921875 0.0328125 0.0359375
0 0.3703125 0.64296875 0.034375 0.034375
0 0.3703125 0.67421875 0.034375 0.0375
0 0.33828125 0.64765625 0.034375 0.0375
0 0.35546875 0.6203125 0.0328125 0.0359375
0 0.3984375 0.496875 0.0375 0.040625
0 0.38828125 0.5921875 0.034375 0.0390625
0 0.39140625 0.62265625 0.0328125 0.0328125
0 0.41484375 0.6125 0.034375 0.0359375
0 0.4171875 0.584375 0.034375 0.0375
0 0.43203125 0.55625 0.034375 0.0375
0 0.4421875 0.59140625 0.034375 0.0359375
0 0.403125 0.65390625 0.0328125 0.0359375
0 0.4375 0.63828125 0.034375 0.034375
0 0.45859375 0.615625 0.03125 0.0359375
0 0.40390625 0.72578125 0.03125 0.0359375
0 0.4046875 0.696875 0.034375 0.0375
0 0.43125 0.6734375 0.0328125 0.0359375
0 0.42734375 0.73125 0.0328125 0.0328125
0 0.434375 0.703125 0.0328125 0.0359375
0 0.42578125 0.7671875 0.0296875 0.0328125
0 0.47265625 0.76640625 0.028125 0.0296875
0 0.4484375 0.7640625 0.0265625 0.0296875
0 0.4671875 0.74375 0.0296875 0.03125
0 0.43984375 0.78984375 0.03125 0.0328125
0 0.46875 0.7921875 0.03125 0.0328125
0 0.528125 0.8046875 0.028125 0.0296875
0 0.55 0.80546875 0.0296875 0.0328125
0 0.50234375 0.80234375 0.0265625 0.03125
0 0.5140625 0.77109375 0.0265625 0.03125
0 0.5328125 0.78125 0.028125 0.0328125
0 0.49296875 0.7828125 0.028125 0.0328125
0 0.4953125 0.7546875 0.0296875 0.03125
0 0.49453125 0.73125 0.03125 0.0328125
0 0.4671875 0.71875 0.03125 0.0328125
0 0.4875 0.7015625 0.028125 0.0359375
0 0.51015625 0.70546875 0.028125 0.0359375
0 0.52421875 0.74296875 0.028125 0.0328125
0 0.54765625 0.76015625 0.03125 0.0328125
0 0.56640625 0.7796875 0.03125 0.0328125
0 0.590625 0.78203125 0.0265625 0.0296875
0 0.58984375 0.7578125 0.0265625 0.0296875
0 0.6125 0.7734375 0.028125 0.0296875
0 0.5765625 0.7421875 0.028125 0.0296875
0 0.696875 0.715625 0.028125 0.03125
0 0.63671875 0.75078125 0.03125 0.0328125
0 0.6 0.7359375 0.0265625 0.03125
0 0.6234375 0.72578125 0.0296875 0.0296875
0 0.63125 0.703125 0.0296875 0.028125
0 0.6265625 0.6796875 0.0296875 0.0296875
0 0.57109375 0.71171875 0.0296875 0.03125
0 0.6015625 0.6796875 0.03125 0.0328125
0 0.61875 0.65703125 0.0265625 0.03125
0 0.5625 0.684375 0.0265625 0.0296875
0 0.60703125 0.63203125 0.028125 0.0296875
0 0.5625 0.6546875 0.028125 0.0328125
0 0.59921875 0.60859375 0.028125 0.0359375
0 0.540625 0.64921875 0.0265625 0.03125
0 0.58046875 0.590625 0.03125 0.0328125
0 0.55 0.625 0.0296875 0.0296875
0 0.5546875 0.6015625 0.0296875 0.0328125
0 0.56484375 0.56640625 0.0328125 0.0328125
0 0.5171875 0.60390625 0.03125 0.034375
0 0.5234375 0.571875 0.03125 0.0328125
0 0.51875 0.54296875 0.03125 0.0328125
0 0.4921875 0.48515625 0.034375 0.0359375
0 0.5125 0.51015625 0.03125 0.0328125
0 0.53671875 0.5125 0.03125 0.034375
0 0.56796875 0.534375 0.03125 0.03125
0 0.63203125 0.59609375 0.0296875 0.034375
0 0.63828125 0.62421875 0.028125 0.0328125
0 0.70390625 0.67890625 0.0296875 0.0328125
0 0.78828125 0.63828125 0.028125 0.0328125
0 0.746875 0.51875 0.0265625 0.0296875
0 0.74921875 0.56640625 0.025 0.03125
0 0.74375 0.540625 0.0234375 0.0265625
0 0.71640625 0.54609375 0.0265625 0.0296875
0 0.73125 0.50625 0.025 0.0296875
0 0.515625 0.47734375 0.03125 0.0359375
0 0.575 0.50546875 0.03125 0.0328125
0 0.59375 0.47890625 0.0296875 0.0328125
0 0.61015625 0.49921875 0.03125 0.0328125
0 0.6421875 0.49375 0.028125 0.0296875
0 0.66484375 0.5109375 0.0296875 0.03125
0 0.66015625 0.47421875 0.0265625 0.0296875
0 0.68046875 0.4828125 0.028125 0.0296875
0 0.76875 0.44921875 0.0296875 0.0328125
0 0.6 0.4375 0.03125 0.0328125
0 0.5546875 0.41015625 0.0328125 0.0328125
0 0.621875 0.35859375 0.03125 0.0328125
0 0.40859375 0.2578125 0.0375 0.0375
0 0.44140625 0.20625 0.0375 0.040625