0 0.25078125 0.0625 0.03203125 0.03125
0 0.40390625 0.034375 0.03046875 0.034375
0 0.47578125 0.03203125 0.03046875 0.03203125
0 0.48046875 0.06328125 0.03046875 0.02890625
0 0.503125 0.04609375 0.028125 0.03125
0 0.52734375 0.028125 0.0328125 0.028125
0 0.52890625 0.05859375 0.02890625 0.0328125
0 0.24296875 0.43359375 0.02578125 0.02890625
0 0.2203125 0.4421875 0.0234375 0.028125
0 0.2015625 0.45625 0.025 0.02421875
0 0.20703125 0.48203125 0.02265625 0.028125
0 0.22890625 0.47578125 0.02421875 0.028125
0 0.23125 0.5203125 0.02578125 0.03515625
0 0.15703125 0.56171875 0.028125 0.03359375
0 0.1171875 0.6109375 0.0296875 0.0359375
0 0.140625 0.69375 0.025 0.03046875
0 0.315625 0.67890625 0.02578125 0.02890625
0 0.3328125 0.69921875 0.02578125 0.02578125
0 0.24140625 0.6984375 0.025 0.02734375
0 0.2671875 0.684375 0.02421875 0.0265625
0 0.26171875 0.7203125 0.025 0.028125
0 0.28125 0.70625 0.02578125 0.02734375
0 0.29921875 0.7328125 0.0234375 0.02578125
0 0.27421875 0.75234375 0.02421875 0.02578125
0 0.26953125 0.77890625 0.021875 0.025
0 0.29296875 0.7765625 0.0265625 0.0265625
0 0.25078125 0.78984375 0.02421875 0.02578125
0 0.13671875 0.29453125 0.02734375 0.028125
0 0.1703125 0.240625 0.028125 0.0328125
0 0.20546875 0.20078125 0.025 0.03125
0 0.20078125 0.23125 0.02578125 0.03046875
0 0.22421875 0.23984375 0.02578125 0.03046875
0 0.38515625 0.19765625 0.02734375 0.028125
0 0.3953125 0.22734375 0.03125 0.03125
0 0.41171875 0.19921875 0.02578125 0.03046875
0 0.36328125 0.20859375 0.02578125 0.0265625
0 0.37265625 0.234375 0.0234375 0.028125
0 0.3046875 0.21015625 0.02734375 0.03203125
0 0.3296875 0.215625 0.025 0.0296875
0 0.34921875 0.2375 0.021875 0.028125
0 0.3015625 0.2515625 0.028125 0.0296875
0 0.2703125 0.26875 0.02265625 0.028125
0 0.23984375 0.32890625 0.02734375 0.028125
0 0.25546875 0.29765625 0.025 0.0296875
0 0.27890625 0.29765625 0.025 0.028125
0 0.29296875 0.275 0.0234375 0.02578125
0 0.315625 0.2828125 0.02578125 0.02734375
0 0.2984375 0.31171875 0.0234375 0.0265625
0 0.32265625 0.30859375 0.02890625 0.028125
0 0.384375 0.2796875 0.03359375 0.02890625
0 0.41484375 0.290625 0.02890625 0.0296875
0 0.39609375 0.31015625 0.025 0.02734375
0 0.47109375 0.21015625 0.02578125 0.028125
0 0.49140625 0.2265625 0.025 0.02890625
0 0.521875 0.2359375 0.02734375 0.02734375
0 0.475 0.24921875 0.02578125 0.03203125
0 0.5015625 0.2546875 0.02734375 0.02890625
0 0.44375 0.26015625 0.03046875 0.02578125
0 0.453125 0.2859375 0.02890625 0.02578125
0 0.4203125 0.31796875 0.02578125 0.0265625
0 0.4453125 0.32109375 0.02578125 0.02421875
0 0.46875 0.30859375 0.02890625 0.02890625
0 0.52890625 0.26484375 0.02890625 0.028125
0 0.51015625 0.31796875 0.028125 0.028125
0 0.53125 0.29140625 0.028125 0.02734375
0 0.5625 0.3328125 0.02890625 0.03046875
0 0.31640625 0.353125 0.0265625 0.02734375
0 0.35 0.32578125 0.02734375 0.02421875
0 0.34296875 0.34921875 0.03046875 0.02890625
0 0.375 0.33984375 0.02421875 0.02734375
0 0.396875 0.35546875 0.0265625 0.02734375
0 0.421875 0.34609375 0.0234375 0.0265625
0 0.43125 0.37265625 0.0265625 0.028125
0 0.44609375 0.34765625 0.028125 0.028125
0 0.47421875 0.33671875 0.02734375 0.02734375
0 0.4984375 0.34375 0.025 0.03046875
0 0.53046875 0.390625 0.028125 0.03046875
0 0.35625 0.421875 0.02734375 0.028125
0 0.38359375 0.39375 0.0265625 0.0265625
0 0.40859375 0.3875 0.02578125 0.02578125
0 0.4328125 0.39765625 0.028125 0.025
0 0.4140625 0.4484375 0.02578125 0.0296875
0 0.44375 0.4609375 0.0265625 0.02890625
0 0.48203125 0.42734375 0.0265625 0.02890625
0 0.49921875 0.44453125 0.0265625 0.0265625
0 0.5359375 0.4484375 0.0265625 0.0296875
0 0.5140625 0.5359375 0.028125 0.028125
0 0.4671875 0.5078125 0.0265625 0.0296875
0 0.4875 0.5453125 0.02578125 0.0265625
0 0.38671875 0.48046875 0.025 0.02421875
0 0.40234375 0.54453125 0.025 0.0265625
0 0.390625 0.50625 0.025 0.0265625
0 0.38046875 0.528125 0.02578125 0.025
0 0.4125 0.5203125 0.02578125 0.02265625
0 0.4328125 0.534375 0.0265625 0.025
0 0.4375 0.55859375 0.028125 0.02421875
0 0.46640625 0.58125 0.025 0.025
0 0.49296875 0.58203125 0.02578125 0.0265625
0 0.440625 0.58671875 0.025 0.025
0 0.4140625 0.5734375 0.02421875 0.028125
0 0.38515625 0.56015625 0.02578125 0.0265625
0 0.39375 0.59140625 0.025 0.028125
0 0.40625 0.6125 0.0234375 0.02578125
0 0.43125 0.6109375 0.02578125 0.02421875
0 0.4515625 0.62109375 0.0265625 0.02734375
0 0.48359375 0.62890625 0.028125 0.028125
0 0.5625 0.6765625 0.028125 0.0265625
0 0.5421875 0.69375 0.02734375 0.02734375
0 0.5375 0.6625 0.02578125 0.02734375
0 0.51953125 0.6796875 0.0265625 0.0265625
0 0.48125 0.65546875 0.02890625 0.025
0 0.4515625 0.64765625 0.028125 0.0265625
0 0.4625 0.6703125 0.025 0.02421875
0 0.43203125 0.68828125 0.0265625 0.02734375
0 0.4578125 0.69609375 0.0265625 0.025
0 0.4890625 0.68125 0.0265625 0.0265625
0 0.5109375 0.70546875 0.0265625 0.03125
0 0.528125 0.72890625 0.028125 0.02890625
0 0.48671875 0.7203125 0.0265625 0.02734375
0 0.48828125 0.74609375 0.02578125 0.02578125
0 0.44375 0.71953125 0.025 0.02734375
0 0.46171875 0.7421875 0.02578125 0.02421875
0 0.3875 0.7125 0.0265625 0.025
0 0.41875 0.715625 0.02421875 0.0265625
0 0.43828125 0.74609375 0.02109375 0.025
0 0.41484375 0.7421875 0.02265625 0.028125
0 0.36015625 0.76328125 0.0265625 0.025
0 0.365625 0.73828125 0.02734375 0.0265625
0 0.390625 0.7375 0.0265625 0.0296875
0 0.34609375 0.72578125 0.025 0.02578125
0 0.340625 0.75078125 0.025 0.0265625
0 0.33828125 0.77734375 0.02265625 0.02421875
0 0.33671875 0.80234375 0.02265625 0.02734375
0 0.3609375 0.7875 0.02421875 0.02421875
0 0.36875 0.8109375 0.02578125 0.0265625
0 0.41015625 0.784375 0.02578125 0.02734375
0 0.4328125 0.77890625 0.02578125 0.02890625
0 0.4546875 0.7671875 0.02734375 0.028125
0 0.48203125 0.77109375 0.0265625 0.02734375
0 0.50859375 0.76640625 0.02890625 0.03046875
0 0.46953125 0.790625 0.025 0.02734375
0 0.5375 0.7953125 0.0296875 0.028125
0 0.534375 0.821875 0.02734375 0.0296875
0 0.52265625 0.84609375 0.02734375 0.0265625
0 0.54765625 0.859375 0.02890625 0.028125
0 0.4046875 0.86171875 0.02734375 0.02890625
0 0.31875 0.85390625 0.028125 0.02734375
0 0.3171875 0.884375 0.02578125 0.0265625
0 0.34140625 0.909375 0.02734375 0.0265625
0 0.359375 0.9296875 0.03125 0.02734375
0 0.553125 0.9140625 0.0296875 0.0265625
0 0.53828125 0.9328125 0.0296875 0.028125
0 0.5328125 0.89921875 0.02734375 0.028125
0 0.48359375 0.89140625 0.02890625 0.0296875
0 0.51328125 0.91484375 0.02890625 0.02890625
0 0.4625 0.9046875 0.02421875 0.02734375
0 0.4015625 0.9078125 0.03125 0.02734375
0 0.40625 0.93671875 0.028125 0.0296875
0 0.48515625 0.92734375 0.02734375 0.0265625
0 0.45 0.93359375 0.025 0.02578125
0 0.47109375 0.94765625 0.02578125 0.02734375