0 0.44375 0.3578125 0.01328125 0.01328125
0 0.4484375 0.38046875 0.0125 0.009375
0 0.4921875 0.38828125 0.01015625 0.00859375
0 0.49140625 0.3796875 0.0109375 0.01015625
0 0.50234375 0.384375 0.01015625 0.00859375
0 0.503125 0.3921875 0.01015625 0.00703125
0 0.50390625 0.40234375 0.009375 0.00625
0 0.51875 0.40234375 0.01015625 0.00703125
0 0.50625 0.39765625 0.009375 0.00859375
0 0.5140625 0.39765625 0.0078125 0.0078125
0 0.5265625 0.39296875 0.01171875 0.01015625
0 0.534375 0.40078125 0.009375 0.0078125
0 0.55390625 0.39765625 0.01015625 0.00859375
0 0.56171875 0.40625 0.0109375 0.00859375
0 0.5421875 0.39609375 0.009375 0.00859375
0 0.54765625 0.4078125 0.009375 0.00859375
0 0.51015625 0.4078125 0.00859375 0.00703125
0 0.52109375 0.409375 0.009375 0.0078125
0 0.53125 0.40859375 0.01015625 0.0078125
0 0.5390625 0.4125 0.0109375 0.0078125
0 0.49921875 0.40859375 0.009375 0.0078125
0 0.49375 0.40078125 0.01015625 0.009375
0 0.46328125 0.39609375 0.01171875 0.00859375
0 0.4828125 0.40078125 0.0109375 0.009375
0 0.49296875 0.41171875 0.01015625 0.0078125
0 0.50703125 0.41953125 0.01171875 0.009375
0 0.48359375 0.41015625 0.01015625 0.0078125
0 0.48671875 0.42109375 0.0078125 0.00859375
0 0.4953125 0.42109375 0.01015625 0.0078125
0 0.4796875 0.41875 0.01015625 0.0078125
0 0.47578125 0.4140625 0.009375 0.00625
0 0.4734375 0.42421875 0.009375 0.00703125
0 0.5125 0.43515625 0.01328125 0.00859375
0 0.46875 0.41953125 0.01015625 0.0078125
0 0.50078125 0.428125 0.009375 0.0078125
0 0.50078125 0.43671875 0.01015625 0.00859375
0 0.46328125 0.4140625 0.01015625 0.0078125
0 0.490625 0.43203125 0.01015625 0.009375
0 0.46796875 0.43359375 0.01015625 0.00859375
0 0.48046875 0.434375 0.01171875 0.00859375
0 0.46015625 0.4234375 0.0109375 0.0078125
0 0.45703125 0.43359375 0.01015625 0.0078125
0 0.44609375 0.42734375 0.01171875 0.00859375
0 0.425 0.41328125 0.01171875 0.00859375
0 0.41796875 0.41171875 0.01015625 0.0078125
0 0.4296875 0.421875 0.0125 0.0078125
0 0.41953125 0.43125 0.0125 0.00859375
0 0.43046875 0.43046875 0.01171875 0.0078125
0 0.43515625 0.4375 0.0109375 0.00703125
0 0.45078125 0.4421875 0.0109375 0.00859375
0 0.43828125 0.446875 0.01015625 0.0078125
0 0.428125 0.44453125 0.0125 0.0078125
0 0.4171875 0.4390625 0.009375 0.00703125
0 0.40703125 0.4375 0.01015625 0.0078125
0 0.39375 0.43359375 0.0109375 0.0078125
0 0.396875 0.44296875 0.0109375 0.00859375
0 0.4109375 0.4453125 0.0109375 0.0078125
0 0.4203125 0.44921875 0.01171875 0.00703125
0 0.4296875 0.453125 0.01015625 0.00859375
0 0.40234375 0.45078125 0.01015625 0.00859375
0 0.41171875 0.45546875 0.0109375 0.009375
0 0.390625 0.4484375 0.01171875 0.0078125
0 0.37109375 0.446875 0.01015625 0.00859375
0 0.375 0.4546875 0.01015625 0.0078125
0 0.3875 0.45703125 0.0109375 0.00859375
0 0.3984375 0.45859375 0.01015625 0.00859375
0 0.45546875 0.471875 0.01171875 0.01015625
0 0.340625 0.44765625 0.0125 0.00859375
0 0.3609375 0.45546875 0.01015625 0.0078125
0 0.36953125 0.46328125 0.0109375 0.0078125
0 0.38046875 0.4671875 0.0109375 0.0078125
0 0.39765625 0.47890625 0.01171875 0.00859375
0 0.35390625 0.4609375 0.0109375 0.00859375
0 0.3609375 0.46796875 0.01015625 0.00859375
0 0.36875 0.47265625 0.01015625 0.00703125
0 0.37578125 0.4796875 0.01171875 0.00859375
0 0.33984375 0.46328125 0.0109375 0.009375
0 0.3484375 0.46875 0.0109375 0.00859375
0 0.3546875 0.47578125 0.0109375 0.0078125
0 0.36328125 0.48046875 0.0109375 0.0078125
0 0.33359375 0.47109375 0.01171875 0.0078125
0 0.34140625 0.478125 0.01171875 0.00859375
0 0.3234375 0.4765625 0.0109375 0.00859375
0 0.3328125 0.484375 0.0109375 0.009375
0 0.29140625 0.453125 0.01328125 0.01015625
0 0.29453125 0.465625 0.0140625 0.01015625
0 0.3125 0.48046875 0.01328125 0.01015625
0 0.28671875 0.4796875 0.01171875 0.00859375
0 0.2796875 0.48828125 0.0109375 0.01015625
0 0.28515625 0.5 0.01171875 0.01015625
0 0.29453125 0.51484375 0.0109375 0.00859375
0 0.303125 0.5203125 0.0109375 0.009375
0 0.3140625 0.51953125 0.0109375 0.01015625
0 0.315625 0.5 0.0125 0.009375
0 0.2953125 0.50546875 0.0109375 0.00859375
0 0.30625 0.50546875 0.01015625 0.00859375
0 0.31640625 0.51015625 0.01171875 0.00859375