0 0.58515625 0.621875 0.0171875 0.0203125
0 0.57578125 0.6078125 0.0140625 0.0171875
0 0.584375 0.59375 0.0171875 0.0203125
0 0.55703125 0.61484375 0.0171875 0.01875
0 0.56328125 0.5875 0.0171875 0.0203125
0 0.56015625 0.525 0.0203125 0.0203125
0 0.52109375 0.6015625 0.0125 0.01875
0 0.521875 0.63125 0.0171875 0.0203125
0 0.53203125 0.61328125 0.0140625 0.015625
0 0.5296875 0.5953125 0.0171875 0.0234375
0 0.5171875 0.54453125 0.0171875 0.0171875
0 0.51640625 0.5265625 0.0171875 0.0203125
0 0.50546875 0.61796875 0.0171875 0.0171875
0 0.49453125 0.62890625 0.0140625 0.01875
0 0.5 0.60078125 0.0140625 0.01875
0 0.478125 0.57265625 0.0171875 0.0171875
0 0.47109375 0.55234375 0.0171875 0.021875
0 0.4484375 0.5828125 0.0140625 0.01875
0 0.428125 0.59375 0.0140625 0.01875
0 0.43671875 0.58125 0.0140625 0.01875
0 0.40859375 0.5796875 0.0203125 0.01875
0 0.45234375 0.61328125 0.015625 0.015625
0 0.4328125 0.6484375 0.0140625 0.015625
0 0.42890625 0.6640625 0.0140625 0.015625
0 0.44296875 0.66328125 0.0125 0.0140625
0 0.44453125 0.6390625 0.0171875 0.0203125
0 0.4375 0.67890625 0.0171875 0.0171875
0 0.45078125 0.675 0.0171875 0.0171875
0 0.4390625 0.7046875 0.0140625 0.015625
0 0.44609375 0.6921875 0.015625 0.015625
0 0.45546875 0.703125 0.0171875 0.0171875
0 0.459375 0.68671875 0.015625 0.015625
0 0.45 0.73046875 0.015625 0.015625
0 0.4625 0.71875 0.0140625 0.0171875
0 0.46875 0.7015625 0.015625 0.01875
0 0.4671875 0.73671875 0.0140625 0.015625
0 0.475 0.72421875 0.0140625 0.015625
0 0.4828125 0.7125 0.0140625 0.0171875
0 0.48984375 0.7 0.0140625 0.015625
0 0.50078125 0.6890625 0.0140625 0.0171875
0 0.4796875 0.74296875 0.015625 0.015625
0 0.4984375 0.71953125 0.0140625 0.015625
0 0.51953125 0.6984375 0.015625 0.0171875
0 0.4890625 0.72890625 0.0125 0.0125
0 0.50546875 0.7078125 0.0140625 0.015625
0 0.5015625 0.7640625 0.0140625 0.015625
0 0.49453125 0.746875 0.0171875 0.0203125
0 0.50546875 0.73828125 0.015625 0.015625
0 0.5140625 0.72421875 0.0140625 0.01875
0 0.509375 0.77734375 0.015625 0.015625
0 0.5234375 0.7671875 0.0140625 0.0171875
0 0.51328125 0.7578125 0.0140625 0.015625
0 0.52109375 0.74453125 0.0140625 0.015625
0 0.528125 0.73046875 0.0125 0.0140625
0 0.5296875 0.7109375 0.015625 0.0171875
0 0.5484375 0.7609375 0.0140625 0.01875
0 0.5328125 0.665625 0.0171875 0.01875
0 0.5390625 0.7546875 0.0140625 0.01875
0 0.53828125 0.7703125 0.0140625 0.0171875
0 0.5640625 0.7671875 0.0171875 0.0171875
0 0.5140625 0.81875 0.0140625 0.015625
0 0.4875 0.79140625 0.015625 0.01875
0 0.5234375 0.8359375 0.0140625 0.015625
0 0.5515625 0.77890625 0.0140625 0.0171875
0 0.57890625 0.77578125 0.015625 0.015625
0 0.57578125 0.76015625 0.015625 0.015625
0 0.57265625 0.7 0.0171875 0.0203125
0 0.59609375 0.740625 0.0171875 0.0171875
0 0.5984375 0.70859375 0.0171875 0.01875
0 0.590625 0.75546875 0.015625 0.015625
0 0.596875 0.7265625 0.0171875 0.0171875
0 0.59375 0.7703125 0.015625 0.0171875
0 0.56171875 0.8265625 0.0140625 0.015625
0 0.55625 0.81484375 0.015625 0.0171875
0 0.6125 0.82890625 0.0140625 0.015625
0 0.6296875 0.8125 0.0171875 0.0203125
0 0.63828125 0.771875 0.015625 0.015625
0 0.61953125 0.759375 0.0171875 0.01875
0 0.6265625 0.77890625 0.0171875 0.01875
0 0.6515625 0.790625 0.0140625 0.015625
0 0.653125 0.7765625 0.015625 0.01875
0 0.61328125 0.6625 0.0171875 0.01875
0 0.609375 0.64765625 0.0125 0.0140625
0 0.6171875 0.63203125 0.0171875 0.021875
0 0.6078125 0.75 0.0171875 0.0203125
0 0.61484375 0.728125 0.015625 0.01875
0 0.621875 0.70390625 0.015625 0.01875
0 0.62890625 0.66015625 0.015625 0.01875
0 0.63984375 0.65 0.0171875 0.0203125
0 0.6265625 0.6 0.0171875 0.021875
0 0.68203125 0.77578125 0.015625 0.01875
0 0.6921875 0.7484375 0.0171875 0.0203125
0 0.6625 0.69140625 0.015625 0.01875
0 0.665625 0.58203125 0.0171875 0.0203125
0 0.66875 0.65546875 0.0171875 0.01875
0 0.6921875 0.6328125 0.0171875 0.021875
0 0.66171875 0.609375 0.0171875 0.0171875
0 0.671875 0.59296875 0.0171875 0.0203125