0 0.5671875 0.3671875 0.01875 0.021875
0 0.56015625 0.3828125 0.015625 0.01875
0 0.5703125 0.3953125 0.01875 0.021875
0 0.540625 0.378125 0.01875 0.0203125
0 0.55078125 0.40390625 0.01875 0.021875
0 0.55625 0.46640625 0.021875 0.021875
0 0.50703125 0.396875 0.0140625 0.0203125
0 0.50390625 0.3671875 0.01875 0.021875
0 0.51640625 0.3828125 0.015625 0.0171875
0 0.515625 0.4015625 0.01875 0.025
0 0.5109375 0.453125 0.01875 0.01875
0 0.5125 0.47109375 0.01875 0.021875
0 0.4890625 0.3828125 0.01875 0.01875
0 0.4765625 0.3734375 0.015625 0.0203125
0 0.4859375 0.4 0.015625 0.0203125
0 0.46796875 0.43125 0.01875 0.01875
0 0.4640625 0.45234375 0.01875 0.0234375
0 0.4375 0.425 0.015625 0.0203125
0 0.415625 0.4171875 0.015625 0.0203125
0 0.4265625 0.428125 0.015625 0.0203125
0 0.3984375 0.43359375 0.021875 0.0203125
0 0.4375 0.39453125 0.0171875 0.01875
0 0.4125 0.3625 0.015625 0.0171875
0 0.40703125 0.34765625 0.015625 0.0171875
0 0.4203125 0.34609375 0.015625 0.015625
0 0.42578125 0.3703125 0.01875 0.021875
0 0.41328125 0.33125 0.01875 0.01875
0 0.42734375 0.33359375 0.01875 0.01875
0 0.4109375 0.30546875 0.015625 0.0171875
0 0.4203125 0.3171875 0.0171875 0.01875
0 0.428125 0.3046875 0.01875 0.01875
0 0.434375 0.32109375 0.0171875 0.01875
0 0.41875 0.27890625 0.0171875 0.01875
0 0.4328125 0.28828125 0.015625 0.01875
0 0.44140625 0.3046875 0.0171875 0.0203125
0 0.434375 0.2703125 0.015625 0.0171875
0 0.44375 0.28203125 0.015625 0.0171875
0 0.453125 0.2921875 0.015625 0.01875
0 0.46171875 0.30390625 0.015625 0.0171875
0 0.475 0.3125 0.015625 0.01875
0 0.44609375 0.2625 0.0171875 0.01875
0 0.46796875 0.2828125 0.015625 0.0171875
0 0.49140625 0.30078125 0.0171875 0.0203125
0 0.45703125 0.275 0.0140625 0.0140625
0 0.4765625 0.29375 0.015625 0.0171875
0 0.46484375 0.23828125 0.015625 0.0171875
0 0.4609375 0.25625 0.01875 0.021875
0 0.47265625 0.26328125 0.0171875 0.01875
0 0.4828125 0.27578125 0.015625 0.0203125
0 0.47109375 0.22421875 0.0171875 0.01875
0 0.4859375 0.23203125 0.015625 0.01875
0 0.47734375 0.24296875 0.015625 0.0171875
0 0.48671875 0.25546875 0.015625 0.0171875
0 0.4953125 0.26796875 0.015625 0.015625
0 0.5 0.28671875 0.0171875 0.0203125
0 0.51171875 0.23515625 0.015625 0.0203125
0 0.509375 0.33125 0.01875 0.0203125
0 0.503125 0.2421875 0.015625 0.0203125
0 0.5 0.22734375 0.015625 0.01875
0 0.5265625 0.2265625 0.01875 0.01875
0 0.46953125 0.18203125 0.015625 0.0171875
0 0.44765625 0.21328125 0.0171875 0.0203125
0 0.47578125 0.1640625 0.015625 0.0171875
0 0.5125 0.21640625 0.015625 0.01875
0 0.53984375 0.21640625 0.0171875 0.01875
0 0.5390625 0.23203125 0.0171875 0.01875
0 0.54375 0.29140625 0.01875 0.021875
0 0.56171875 0.2484375 0.01875 0.01875
0 0.56875 0.2796875 0.01875 0.0203125
0 0.55390625 0.23515625 0.0171875 0.01875
0 0.5640625 0.2625 0.01875 0.01875
0 0.55546875 0.21953125 0.0171875 0.0203125
0 0.515625 0.16796875 0.015625 0.0171875
0 0.51171875 0.18046875 0.0171875 0.0203125
0 0.565625 0.15859375 0.015625 0.0171875
0 0.58515625 0.17265625 0.01875 0.021875
0 0.59921875 0.21171875 0.0171875 0.01875
0 0.58203125 0.2265625 0.01875 0.0203125
0 0.5859375 0.20625 0.01875 0.0203125
0 0.609375 0.19140625 0.015625 0.0171875
0 0.61328125 0.2046875 0.0171875 0.0203125
0 0.58984375 0.3234375 0.01875 0.0203125
0 0.58828125 0.3390625 0.015625 0.015625
0 0.59765625 0.353125 0.01875 0.0234375
0 0.57265625 0.2375 0.01875 0.021875
0 0.58203125 0.2578125 0.0171875 0.0203125
0 0.5921875 0.28046875 0.0171875 0.0203125
0 0.6046875 0.3234375 0.0171875 0.0203125
0 0.61796875 0.33203125 0.01875 0.021875
0 0.6109375 0.38359375 0.01875 0.0234375
0 0.6421875 0.2015625 0.0171875 0.0203125
0 0.65546875 0.22734375 0.01875 0.021875
0 0.634375 0.2875 0.0171875 0.0203125
0 0.65234375 0.3953125 0.01875 0.021875
0 0.6453125 0.32265625 0.01875 0.0203125
0 0.671875 0.34140625 0.01875 0.0234375
0 0.64453125 0.36953125 0.01875 0.01875
0 0.65703125 0.384375 0.01875 0.021875