0 0.36875 0.91953125 0.0453125 0.04375
0 0.40234375 0.93515625 0.0421875 0.0421875
0 0.39765625 0.89375 0.040625 0.040625
0 0.403125 0.91015625 0.0421875 0.0390625
0 0.4 0.871875 0.0375 0.0375
0 0.36015625 0.87109375 0.0421875 0.0421875
0 0.453125 0.8875 0.0390625 0.040625
0 0.39140625 0.84609375 0.0390625 0.040625
0 0.43125 0.86640625 0.0390625 0.04375
0 0.3609375 0.82734375 0.040625 0.04375
0 0.34765625 0.790625 0.0390625 0.0421875
0 0.4734375 0.8421875 0.0421875 0.0453125
0 0.49375 0.81875 0.0421875 0.0421875
0 0.5234375 0.790625 0.0390625 0.04375
0 0.284375 0.80078125 0.0390625 0.040625
0 0.21953125 0.75625 0.0421875 0.0421875
0 0.25625 0.78671875 0.040625 0.04375
0 0.25078125 0.7484375 0.0390625 0.040625
0 0.24453125 0.7078125 0.0390625 0.04375
0 0.09140625 0.64609375 0.0390625 0.040625
0 0.06875 0.615625 0.0421875 0.0453125
0 0.1859375 0.653125 0.0421875 0.0453125
0 0.17109375 0.5984375 0.040625 0.046875
0 0.16484375 0.5375 0.0421875 0.0453125
0 0.1921875 0.50625 0.0421875 0.0421875
0 0.38984375 0.69765625 0.0359375 0.040625
0 0.4109375 0.703125 0.0375 0.040625
0 0.40546875 0.6703125 0.0375 0.0375
0 0.3921875 0.640625 0.040625 0.04375
0 0.41484375 0.609375 0.0390625 0.0421875
0 0.36796875 0.6765625 0.04375 0.0484375
0 0.38984375 0.60703125 0.0390625 0.0453125
0 0.3125 0.5828125 0.0390625 0.04375
0 0.496875 0.66328125 0.0359375 0.0421875
0 0.571875 0.6734375 0.0453125 0.0453125
0 0.146875 0.4890625 0.0359375 0.0390625
0 0.175 0.475 0.0390625 0.040625
0 0.15390625 0.4484375 0.0375 0.0375
0 0.02890625 0.43359375 0.0390625 0.040625
0 0.12421875 0.4328125 0.0375 0.040625
0 0.040625 0.3765625 0.04375 0.0484375
0 0.1609375 0.371875 0.0390625 0.040625
0 0.24140625 0.5140625 0.0375 0.0390625
0 0.2484375 0.48515625 0.040625 0.0390625
0 0.2703125 0.503125 0.0390625 0.040625
0 0.2859375 0.47734375 0.0375 0.0390625
0 0.3015625 0.51484375 0.040625 0.040625
0 0.37890625 0.4921875 0.0359375 0.040625
0 0.4 0.5140625 0.040625 0.0390625
0 0.3796875 0.4375 0.040625 0.040625
0 0.36484375 0.40859375 0.0421875 0.0453125
0 0.27578125 0.41796875 0.0390625 0.040625
0 0.2515625 0.3953125 0.0375 0.0390625
0 0.2609375 0.36484375 0.0375 0.0390625
0 0.50390625 0.575 0.0421875 0.0421875
0 0.49296875 0.546875 0.0390625 0.0421875
0 0.47734375 0.47578125 0.0390625 0.040625
0 0.459375 0.38671875 0.034375 0.0375
0 0.48828125 0.378125 0.034375 0.0375
0 0.34375 0.32890625 0.0375 0.040625
0 0.375 0.334375 0.0421875 0.0421875
0 0.378125 0.2953125 0.040625 0.0390625
0 0.2625 0.3046875 0.0375 0.0390625
0 0.25078125 0.25703125 0.0421875 0.0421875
0 0.365625 0.11328125 0.040625 0.040625
0 0.36328125 0.084375 0.0375 0.0375
0 0.390625 0.0625 0.034375 0.0359375
0 0.4046875 0.009375 0.053125 0.01875