0 0.33515625 0.71953125 0.028125 0.0265625
0 0.4171875 0.671875 0.0296875 0.0296875
0 0.50625 0.784375 0.0328125 0.028125
0 0.5484375 0.7359375 0.0296875 0.0296875
0 0.553125 0.7703125 0.028125 0.0296875
0 0.58203125 0.74765625 0.0296875 0.0328125
0 0.6015625 0.76640625 0.0265625 0.0265625
0 0.60703125 0.73671875 0.0296875 0.0296875
0 0.63671875 0.69296875 0.0296875 0.0296875
0 0.62578125 0.62890625 0.0296875 0.0265625
0 0.6484375 0.58828125 0.0296875 0.0296875
0 0.65 0.55078125 0.028125 0.0296875
0 0.60078125 0.5796875 0.0328125 0.0296875
0 0.540625 0.5796875 0.0328125 0.0296875
0 0.50625 0.559375 0.0296875 0.0296875
0 0.47421875 0.55078125 0.0296875 0.0265625
0 0.44296875 0.49296875 0.0296875 0.0296875
0 0.46796875 0.47890625 0.0296875 0.0296875
0 0.4734375 0.45546875 0.0328125 0.028125
0 0.62578125 0.51640625 0.0296875 0.0265625
0 0.55625 0.403125 0.0296875 0.0296875
0 0.428125 0.36875 0.028125 0.028125
0 0.3375 0.50859375 0.0296875 0.028125
0 0.665625 0.44375 0.0296875 0.028125
0 0.690625 0.43203125 0.028125 0.0296875
0 0.7125 0.4921875 0.028125 0.028125
0 0.7234375 0.46640625 0.0296875 0.03125
0 0.728125 0.3421875 0.03125 0.0296875
0 0.65078125 0.3796875 0.0296875 0.0296875
0 0.67890625 0.33046875 0.0328125 0.0296875
0 0.6578125 0.2734375 0.0328125 0.0265625
0 0.65546875 0.24765625 0.0296875 0.028125
0 0.63203125 0.234375 0.0265625 0.0265625
0 0.61015625 0.2484375 0.0265625 0.028125
0 0.59921875 0.27734375 0.028125 0.0265625
0 0.578125 0.22109375 0.0328125 0.0296875
0 0.621875 0.190625 0.028125 0.0296875
0 0.5625 0.18515625 0.0328125 0.0328125
0 0.54375 0.1015625 0.034375 0.0328125
0 0.44765625 0.28203125 0.0296875 0.028125
0 0.4578125 0.2171875 0.0296875 0.0265625
0 0.4453125 0.18359375 0.0296875 0.0265625
0 0.3734375 0.2515625 0.0296875 0.0265625
0 0.40390625 0.27421875 0.0328125 0.0328125
0 0.3546875 0.325 0.03125 0.0296875