0 0.68359375 0.63671875 0.0140625 0.015625
0 0.65390625 0.671875 0.015625 0.015625
0 0.54375 0.70234375 0.0140625 0.015625
0 0.5234375 0.66875 0.01328125 0.0140625
0 0.5109375 0.671875 0.01328125 0.01328125
0 0.496875 0.675 0.01328125 0.0125
0 0.50234375 0.6609375 0.0140625 0.01328125
0 0.4890625 0.66640625 0.01171875 0.01171875
0 0.51484375 0.65625 0.01171875 0.0125
0 0.50390625 0.646875 0.0125 0.01328125
0 0.490625 0.653125 0.01328125 0.0125
0 0.47890625 0.65703125 0.01171875 0.01171875
0 0.48203125 0.64453125 0.0125 0.0125
0 0.496875 0.63671875 0.01328125 0.01484375
0 0.4765625 0.66953125 0.01171875 0.01328125
0 0.4609375 0.66953125 0.01171875 0.01328125
0 0.4671875 0.65234375 0.0125 0.01484375
0 0.4546875 0.65703125 0.01328125 0.01328125
0 0.4421875 0.66875 0.01171875 0.01328125
0 0.43046875 0.66328125 0.0125 0.01328125
0 0.41796875 0.67578125 0.0125 0.0140625
0 0.4703125 0.63828125 0.01171875 0.0125
0 0.45625 0.64375 0.0125 0.01328125
0 0.47109375 0.625 0.01171875 0.01328125
0 0.46171875 0.6140625 0.0125 0.0125
0 0.45078125 0.62578125 0.01171875 0.0140625
0 0.43984375 0.61796875 0.0125 0.0140625
0 0.44921875 0.60234375 0.01328125 0.0140625
0 0.4296875 0.60546875 0.0125 0.01328125
0 0.55 0.59140625 0.0125 0.0140625
0 0.51953125 0.5734375 0.0109375 0.0125
0 0.50703125 0.5671875 0.0125 0.0125
0 0.55859375 0.55390625 0.01171875 0.01328125
0 0.4046875 0.6390625 0.01171875 0.0125
0 0.39140625 0.6390625 0.0109375 0.0109375
0 0.39765625 0.6265625 0.01171875 0.01171875
0 0.38203125 0.62890625 0.01328125 0.01328125
0 0.3921875 0.6140625 0.0109375 0.01328125
0 0.4046875 0.61015625 0.0125 0.0125
0 0.3703125 0.61796875 0.0125 0.0125
0 0.3796875 0.60859375 0.0125 0.01171875
0 0.3828125 0.596875 0.0125 0.0125
0 0.3703125 0.59921875 0.01171875 0.0125
0 0.3609375 0.590625 0.0125 0.01328125
0 0.3734375 0.584375 0.0125 0.0125
0 0.39609375 0.59375 0.0109375 0.0125
0 0.4125 0.59140625 0.0125 0.0140625
0 0.40234375 0.5828125 0.01171875 0.0125
0 0.38828125 0.58359375 0.01328125 0.0125
0 0.4171875 0.57890625 0.0125 0.01328125
0 0.40703125 0.56953125 0.01171875 0.0125
0 0.3953125 0.5734375 0.0125 0.01328125
0 0.38125 0.571875 0.0125 0.0125
0 0.36796875 0.5703125 0.01328125 0.01328125
0 0.3546875 0.575 0.0125 0.01328125
0 0.37421875 0.55859375 0.01171875 0.0125
0 0.39765625 0.559375 0.01171875 0.0125
0 0.3984375 0.546875 0.0125 0.0125
0 0.384375 0.54921875 0.01171875 0.0125
0 0.37265625 0.54375 0.01171875 0.0125
0 0.35859375 0.54296875 0.0125 0.01328125
0 0.38515625 0.53515625 0.01171875 0.01171875
0 0.37265625 0.52890625 0.0125 0.0125
0 0.35703125 0.5265625 0.0125 0.0125
0 0.409375 0.53984375 0.0125 0.0125
0 0.38671875 0.52265625 0.0125 0.0125
0 0.39921875 0.51640625 0.01328125 0.015625
0 0.38125 0.509375 0.0125 0.0140625
0 0.365625 0.51171875 0.0140625 0.01328125
0 0.35234375 0.509375 0.0125 0.01328125
0 0.5046875 0.53203125 0.0125 0.0140625
0 0.47265625 0.5 0.01328125 0.01328125
0 0.478125 0.48828125 0.0125 0.01328125
0 0.4640625 0.490625 0.01171875 0.01171875
0 0.4625 0.47734375 0.0125 0.0140625
0 0.45 0.49140625 0.01171875 0.01328125
0 0.4453125 0.4796875 0.0125 0.0109375
0 0.434375 0.48828125 0.0125 0.0109375
0 0.43046875 0.4765625 0.01171875 0.0125
0 0.44375 0.4671875 0.01328125 0.0125
0 0.46328125 0.46328125 0.01328125 0.0140625
0 0.453125 0.4546875 0.0125 0.0125
0 0.4140625 0.4921875 0.01328125 0.0140625
0 0.4015625 0.47734375 0.01328125 0.01484375
0 0.41484375 0.4671875 0.0125 0.01328125
0 0.4234375 0.45625 0.01328125 0.01328125
0 0.44921875 0.4421875 0.01328125 0.0125
0 0.44609375 0.42734375 0.0125 0.01328125
0 0.35390625 0.49140625 0.0125 0.0125
0 0.365625 0.48046875 0.0125 0.0125
0 0.353125 0.4765625 0.01171875 0.0125
0 0.365625 0.46640625 0.01171875 0.01328125
0 0.35234375 0.4625 0.0125 0.0125
0 0.33828125 0.44921875 0.01484375 0.01328125
0 0.36015625 0.44921875 0.0125 0.01328125
0 0.37734375 0.4671875 0.01171875 0.01328125
0 0.3734375 0.45546875 0.0125 0.0125
0 0.38671875 0.45859375 0.01171875 0.01328125
0 0.371875 0.44140625 0.0109375 0.0125
0 0.3875 0.43828125 0.01171875 0.01328125
0 0.35859375 0.43515625 0.0125 0.01171875
0 0.37265625 0.42578125 0.01171875 0.01328125
0 0.359375 0.42265625 0.01171875 0.01171875
0 0.34296875 0.421875 0.01171875 0.01171875
0 0.353125 0.4109375 0.01328125 0.0125
0 0.33671875 0.409375 0.0140625 0.01328125
0 0.34375 0.39765625 0.0125 0.0125
0 0.3671875 0.40546875 0.0125 0.0125
0 0.35625 0.3921875 0.0125 0.01328125
0 0.33984375 0.38515625 0.01171875 0.01171875
0 0.34765625 0.375 0.01328125 0.01328125
0 0.32734375 0.37421875 0.0125 0.01328125
0 0.334375 0.3609375 0.0125 0.0125
0 0.34609375 0.35546875 0.01171875 0.0125
0 0.390625 0.3765625 0.01328125 0.01328125
0 0.40703125 0.40625 0.01328125 0.01328125
0 0.44140625 0.409375 0.01171875 0.01328125
0 0.43046875 0.39296875 0.0140625 0.0140625
0 0.415625 0.3734375 0.01171875 0.0140625
0 0.42890625 0.37265625 0.01171875 0.0140625
0 0.440625 0.3609375 0.01171875 0.01328125
0 0.4296875 0.35703125 0.0125 0.0125
0 0.41875 0.35234375 0.01171875 0.01171875
0 0.40625 0.34609375 0.01484375 0.0125
0 0.428125 0.3453125 0.0125 0.01171875
0 0.4421875 0.346875 0.01171875 0.01328125
0 0.41328125 0.3359375 0.0109375 0.01328125
0 0.40234375 0.3265625 0.01171875 0.0140625
0 0.40703125 0.31328125 0.01171875 0.01328125
0 0.41953125 0.321875 0.01171875 0.01328125
0 0.43828125 0.33203125 0.0125 0.0125
0 0.4265625 0.33203125 0.0109375 0.0125
0 0.4484375 0.33671875 0.0125 0.01171875
0 0.46328125 0.3328125 0.01171875 0.01171875
0 0.4484375 0.32421875 0.01171875 0.0125
0 0.43515625 0.31953125 0.01328125 0.0125
0 0.42265625 0.30859375 0.0125 0.0109375
0 0.446875 0.31171875 0.0109375 0.0125
0 0.43515625 0.30546875 0.0109375 0.01171875
0 0.4625 0.3109375 0.01171875 0.01328125
0 0.44921875 0.29765625 0.01171875 0.01328125
0 0.4328125 0.2921875 0.0125 0.01328125
0 0.46796875 0.29453125 0.01328125 0.01484375
0 0.32578125 0.31484375 0.01484375 0.0140625