0 0.58125 0.4640625 0.034375 0.03359375
0 0.62890625 0.4703125 0.034375 0.034375
0 0.5609375 0.4921875 0.03359375 0.0328125
0 0.6625 0.40625 0.034375 0.03359375
0 0.7640625 0.425 0.03515625 0.034375
0 0.64453125 0.38203125 0.03671875 0.0359375
0 0.66484375 0.4640625 0.03359375 0.034375
0 0.78046875 0.46328125 0.03359375 0.034375
0 0.5421875 0.5234375 0.03359375 0.03359375
0 0.8390625 0.5546875 0.0328125 0.03125
0 0.8515625 0.5203125 0.034375 0.03203125
0 0.6171875 0.42578125 0.03359375 0.03359375
0 0.69453125 0.4359375 0.03515625 0.034375
0 0.81171875 0.4171875 0.0359375 0.03828125
0 0.83125 0.46796875 0.034375 0.0359375
0 0.5828125 0.43203125 0.0359375 0.034375
0 0.5359375 0.55546875 0.03515625 0.03125
0 0.809375 0.5078125 0.034375 0.03359375
0 0.6453125 0.440625 0.03359375 0.03359375
0 0.746875 0.4828125 0.03359375 0.03359375
0 0.7703125 0.5765625 0.0328125 0.03125
0 0.58671875 0.5125 0.03359375 0.0328125
0 0.56875 0.55234375 0.0328125 0.03203125
0 0.7046875 0.403125 0.03515625 0.034375
0 0.72890625 0.4265625 0.03515625 0.0359375
0 0.5296875 0.58671875 0.0328125 0.03203125
0 0.8078125 0.53984375 0.03359375 0.0328125
0 0.6890625 0.3734375 0.03671875 0.03828125
0 0.7625 0.50859375 0.0328125 0.03203125
0 0.85078125 0.4890625 0.034375 0.03203125
0 0.7625 0.36640625 0.0375 0.03515625
0 0.78828125 0.38828125 0.0375 0.03515625
0 0.72421875 0.66953125 0.03125 0.02890625
0 0.83203125 0.5875 0.0359375 0.0296875
0 0.71484375 0.54921875 0.03203125 0.03125
0 0.8 0.5734375 0.03203125 0.0296875
0 0.8265625 0.37109375 0.0359375 0.03515625
0 0.73125 0.51640625 0.0328125 0.03203125
0 0.64921875 0.5015625 0.03359375 0.03125
0 0.7734375 0.54296875 0.03359375 0.03203125
0 0.52265625 0.65 0.0328125 0.03203125
0 0.6265625 0.353125 0.03515625 0.03828125
0 0.72890625 0.7046875 0.03203125 0.03203125
0 0.60859375 0.596875 0.03359375 0.03125
0 0.84296875 0.4328125 0.03359375 0.03515625
0 0.7 0.46640625 0.034375 0.034375
0 0.6609375 0.68671875 0.0296875 0.03046875
0 0.696875 0.6953125 0.0296875 0.02890625
0 0.73828125 0.640625 0.03046875 0.02890625
0 0.60078125 0.53828125 0.034375 0.03203125
0 0.88359375 0.5375 0.0328125 0.0328125
0 0.7609375 0.61015625 0.03203125 0.0296875
0 0.5515625 0.70234375 0.03125 0.02890625
0 0.7484375 0.33671875 0.0359375 0.03671875
0 0.7875 0.62421875 0.03203125 0.028125
0 0.6375 0.61875 0.0328125 0.03203125
0 0.47265625 0.696875 0.03359375 0.03046875
0 0.66328125 0.740625 0.02890625 0.03046875
0 0.6359375 0.53046875 0.03359375 0.03203125
0 0.68359375 0.5609375 0.0328125 0.03125
0 0.57734375 0.6703125 0.03125 0.0296875
0 0.596875 0.56796875 0.0328125 0.03125
0 0.58203125 0.61484375 0.03203125 0.03046875
0 0.4703125 0.73515625 0.0328125 0.0328125
0 0.5703125 0.584375 0.0328125 0.03125
0 0.69140625 0.66484375 0.03125 0.0296875
0 0.73125 0.615625 0.03359375 0.03125
0 0.5 0.7421875 0.03046875 0.02890625
0 0.475 0.7703125 0.03359375 0.03046875
0 0.69453125 0.52421875 0.03203125 0.03203125
0 0.88515625 0.440625 0.03359375 0.034375
0 0.509375 0.690625 0.03203125 0.0296875
0 0.55234375 0.61015625 0.0328125 0.03359375
0 0.6078125 0.67265625 0.03046875 0.03046875
0 0.77578125 0.28203125 0.03984375 0.0375
0 0.5296875 0.75234375 0.03125 0.0296875
0 0.64140625 0.784375 0.02890625 0.02890625
0 0.72578125 0.5875 0.03046875 0.03046875
0 0.58203125 0.725 0.03125 0.0296875
0 0.8671875 0.303125 0.0359375 0.03828125
0 0.68359375 0.49609375 0.0328125 0.034375
0 0.553125 0.64765625 0.03203125 0.03125
0 0.6515625 0.6421875 0.03125 0.03125
0 0.4671875 0.7984375 0.03125 0.0296875
0 0.49453125 0.7171875 0.03125 0.03046875
0 0.6203125 0.64609375 0.0296875 0.03046875
0 0.69296875 0.5875 0.03125 0.03046875
0 0.58984375 0.6421875 0.03125 0.0296875
0 0.79375 0.2421875 0.0359375 0.03828125
0 0.63828125 0.7328125 0.0296875 0.0296875
0 0.6109375 0.72109375 0.03046875 0.03046875
0 0.55390625 0.73359375 0.03125 0.03046875
0 0.60859375 0.7921875 0.0296875 0.028125
0 0.503125 0.7796875 0.0328125 0.03203125
0 0.52421875 0.7234375 0.03046875 0.0296875
0 0.53984375 0.6765625 0.0328125 0.03046875
0 0.7453125 0.5578125 0.03203125 0.03046875
0 0.60859375 0.81875 0.02890625 0.02890625
0 0.57890625 0.7515625 0.03046875 0.0296875
0 0.60625 0.74765625 0.0296875 0.02890625
0 0.62265625 0.69296875 0.02890625 0.02734375
0 0.8171875 0.29453125 0.034375 0.0359375
0 0.58671875 0.83515625 0.028125 0.02734375
0 0.584375 0.778125 0.028125 0.028125
0 0.6671875 0.61640625 0.03125 0.03046875
0 0.62578125 0.76484375 0.03046875 0.02890625
0 0.58203125 0.80625 0.02890625 0.02734375
0 0.559375 0.8234375 0.028125 0.0265625
0 0.48828125 0.67109375 0.034375 0.03046875
0 0.55546875 0.79765625 0.02890625 0.02734375
0 0.68125 0.640625 0.03046875 0.028125
0 0.55625 0.8546875 0.02890625 0.02734375
0 0.53125 0.84609375 0.02890625 0.02734375
0 0.5421875 0.77578125 0.02890625 0.028125
0 0.52109375 0.8 0.028125 0.0296875
0 0.7078125 0.32734375 0.03828125 0.03671875
0 0.5859375 0.696875 0.03046875 0.02890625
0 0.6 0.32734375 0.0359375 0.0375
0 0.49765625 0.83203125 0.02890625 0.0265625
0 0.75625 0.2515625 0.0375 0.0421875
0 0.69609375 0.61484375 0.03203125 0.03046875
0 0.52109375 0.61953125 0.03359375 0.03125
0 0.50703125 0.8640625 0.02890625 0.02734375
0 0.84140625 0.22421875 0.03671875 0.0375
0 0.47890625 0.85625 0.0296875 0.02890625
0 0.44765625 0.8546875 0.03046875 0.028125
0 0.6578125 0.5875 0.03203125 0.03125
0 0.89765625 0.31875 0.034375 0.04140625
0 0.5296875 0.82109375 0.028125 0.02734375
0 0.7828125 0.709375 0.0328125 0.028125
0 0.49375 0.80859375 0.03046875 0.0296875
0 0.6171875 0.503125 0.0328125 0.03203125
0 0.66015625 0.54140625 0.03125 0.03046875
0 0.521875 0.89140625 0.028125 0.02734375
0 0.94296875 0.58671875 0.03046875 0.0296875
0 0.6359375 0.565625 0.03359375 0.03203125
0 0.778125 0.17734375 0.03828125 0.046875
0 0.05859375 0.8078125 0.0359375 0.0296875
0 0.0484375 0.78046875 0.0375 0.03046875
0 0.6375 0.66796875 0.02890625 0.02734375
0 0.9484375 0.13984375 0.0390625 0.0453125
0 0.715625 0.49140625 0.03203125 0.03203125