0 0.58359375 0.1234375 0.03125 0.03125
0 0.61328125 0.096875 0.028125 0.0296875
0 0.5828125 0.15 0.028125 0.0296875
0 0.6 0.17890625 0.0296875 0.0296875
0 0.63125 0.17890625 0.028125 0.028125
0 0.6234375 0.215625 0.028125 0.028125
0 0.59609375 0.2359375 0.028125 0.028125
0 0.57109375 0.21484375 0.028125 0.03125
0 0.51171875 0.0546875 0.028125 0.0328125
0 0.52578125 0.07109375 0.025 0.034375
0 0.50390625 0.1484375 0.0296875 0.03125
0 0.471875 0.1328125 0.03125 0.028125
0 0.44453125 0.159375 0.03125 0.0296875
0 0.7421875 0.1390625 0.028125 0.03125
0 0.79296875 0.17265625 0.028125 0.0296875
0 0.6 0.47265625 0.03125 0.028125
0 0.6671875 0.45625 0.034375 0.028125
0 0.89453125 0.3234375 0.028125 0.0296875
0 0.896875 0.3578125 0.03125 0.0296875
0 0.86640625 0.39375 0.0296875 0.028125
0 0.8234375 0.35078125 0.028125 0.03125
0 0.84765625 0.41875 0.0265625 0.028125
0 0.8578125 0.4546875 0.0296875 0.03125
0 0.825 0.48125 0.028125 0.028125
0 0.79453125 0.4828125 0.03125 0.0296875
0 0.7671875 0.57265625 0.025 0.028125
0 0.74296875 0.58359375 0.03125 0.028125
0 0.77734375 0.54296875 0.0296875 0.028125
0 0.74140625 0.61015625 0.0265625 0.03125
0 0.71640625 0.6046875 0.03125 0.03125
0 0.76171875 0.61015625 0.025 0.025
0 0.68984375 0.6359375 0.03125 0.034375
0 0.7765625 0.71171875 0.028125 0.0296875
0 0.76015625 0.6796875 0.03125 0.03125
0 0.72265625 0.72421875 0.028125 0.028125
0 0.74296875 0.75703125 0.028125 0.0296875
0 0.71171875 0.76484375 0.028125 0.0296875
0 0.73828125 0.79609375 0.028125 0.0296875
0 0.67578125 0.78359375 0.028125 0.03125
0 0.61328125 0.69453125 0.03125 0.03125
0 0.57109375 0.60078125 0.028125 0.0296875
0 0.56171875 0.559375 0.0296875 0.03125
0 0.546875 0.534375 0.03125 0.0296875
0 0.52265625 0.503125 0.03125 0.0328125
0 0.49375 0.49921875 0.0296875 0.0296875
0 0.49453125 0.46015625 0.03125 0.028125
0 0.53125 0.4390625 0.03125 0.03125
0 0.51953125 0.4015625 0.028125 0.028125
0 0.49453125 0.37421875 0.0296875 0.028125
0 0.5609375 0.3828125 0.0296875 0.03125
0 0.5265625 0.3640625 0.0296875 0.03125
0 0.5703125 0.26953125 0.028125 0.028125
0 0.5328125 0.228125 0.028125 0.03125
0 0.53828125 0.30625 0.028125 0.028125
0 0.54375 0.3421875 0.028125 0.028125
0 0.55859375 0.321875 0.0265625 0.0296875
0 0.5703125 0.2984375 0.025 0.0296875
0 0.55 0.28515625 0.025 0.028125
0 0.52734375 0.27421875 0.028125 0.03125
0 0.54765625 0.25625 0.0265625 0.03125
0 0.5171875 0.24921875 0.0296875 0.028125
0 0.47109375 0.334375 0.03125 0.028125
0 0.51640625 0.32109375 0.025 0.0296875
0 0.49453125 0.325 0.0296875 0.028125
0 0.496875 0.34140625 0.0296875 0.021875
0 0.484375 0.29765625 0.028125 0.03125
0 0.4609375 0.28125 0.028125 0.0328125
0 0.4109375 0.2890625 0.03125 0.028125
0 0.3875 0.2765625 0.028125 0.0296875
0 0.3625 0.25859375 0.03125 0.0296875
0 0.33828125 0.21328125 0.03125 0.03125
0 0.39765625 0.2109375 0.03125 0.03125
0 0.43671875 0.29921875 0.0296875 0.0296875
0 0.4171875 0.24453125 0.03125 0.03125
0 0.3890625 0.24375 0.03125 0.03125
0 0.36640625 0.2171875 0.03125 0.03125
0 0.36484375 0.39453125 0.03125 0.03125
0 0.40390625 0.3578125 0.03125 0.0328125
0 0.37734375 0.35703125 0.0296875 0.03125
0 0.36015625 0.42109375 0.0296875 0.028125
0 0.38828125 0.4375 0.028125 0.028125
0 0.4171875 0.48046875 0.0296875 0.03125
0 0.3984375 0.46015625 0.0296875 0.028125
0 0.43671875 0.50078125 0.0296875 0.028125
0 0.35234375 0.52734375 0.0296875 0.0296875
0 0.37578125 0.5140625 0.0296875 0.03125
0 0.39375 0.53203125 0.028125 0.03125
0 0.41953125 0.53125 0.0296875 0.0296875
0 0.43359375 0.56875 0.0296875 0.03125
0 0.39140625 0.55703125 0.03125 0.0296875
0 0.36328125 0.559375 0.0296875 0.0296875
0 0.378125 0.60546875 0.028125 0.03125
0 0.4109375 0.59609375 0.0296875 0.03125
0 0.403125 0.61953125 0.03125 0.028125
0 0.43515625 0.6328125 0.028125 0.03125
0 0.49140625 0.6375 0.028125 0.03125
0 0.465625 0.653125 0.028125 0.028125
0 0.4390625 0.68671875 0.028125 0.028125
0 0.48046875 0.6859375 0.03125 0.03125
0 0.459375 0.70078125 0.028125 0.028125
0 0.51875 0.80703125 0.03125 0.028125
0 0.48359375 0.73515625 0.028125 0.028125
0 0.459375 0.728125 0.0296875 0.028125
0 0.4921875 0.88203125 0.03125 0.03125
0 0.4609375 0.77109375 0.028125 0.028125
0 0.4359375 0.778125 0.028125 0.03125
0 0.4265625 0.75 0.028125 0.028125
0 0.44765625 0.74921875 0.025 0.028125
0 0.38671875 0.7796875 0.0265625 0.028125
0 0.41171875 0.7734375 0.028125 0.028125
0 0.40078125 0.80234375 0.028125 0.028125
0 0.40859375 0.85234375 0.0296875 0.0296875
0 0.38046875 0.86640625 0.0296875 0.0265625
0 0.3796875 0.8359375 0.03125 0.028125
0 0.37421875 0.8109375 0.0296875 0.028125
0 0.36015625 0.78359375 0.0296875 0.0296875
0 0.3265625 0.78984375 0.03125 0.03125
0 0.37109375 0.73515625 0.03125 0.028125
0 0.36171875 0.75390625 0.0296875 0.028125
0 0.37890625 0.67890625 0.03125 0.0328125
0 0.3578125 0.65625 0.03125 0.03125
0 0.3515625 0.69921875 0.03125 0.03125
0 0.32890625 0.67265625 0.03125 0.03125
0 0.2328125 0.66953125 0.0328125 0.03125
0 0.23359375 0.36015625 0.0359375 0.0328125
0 0.19453125 0.3078125 0.0328125 0.03125
0 0.146875 0.13046875 0.034375 0.028125
0 0.11796875 0.11875 0.034375 0.03125
0 0.14453125 0.26328125 0.03125 0.03125
0 0.1421875 0.23671875 0.034375 0.03125
0 0.08046875 0.20703125 0.03125 0.0328125
0 0.15234375 0.3640625 0.03125 0.03125
0 0.13828125 0.30546875 0.034375 0.03125
0 0.11640625 0.28125 0.03125 0.034375
0 0.06796875 0.25390625 0.0328125 0.03125
0 0.1234375 0.37109375 0.03125 0.03125
0 0.10234375 0.31875 0.03125 0.03125
0 0.09296875 0.35078125 0.0328125 0.028125
0 0.06875 0.33515625 0.0328125 0.0296875
0 0.0765625 0.37421875 0.03125 0.028125
0 0.053125 0.39375 0.03125 0.0296875
0 0.11328125 0.41875 0.03125 0.0296875
0 0.07421875 0.4203125 0.0328125 0.0296875
0 0.0625 0.45703125 0.03125 0.03125