0 0.3140625 0.3203125 0.01953125 0.01953125
0 0.409375 0.3328125 0.01875 0.0203125
0 0.28984375 0.37578125 0.01953125 0.0203125
0 0.328125 0.38515625 0.01875 0.01875
0 0.35546875 0.39375 0.01875 0.01875
0 0.30078125 0.434375 0.01953125 0.01875
0 0.37890625 0.428125 0.01796875 0.0171875
0 0.34609375 0.4625 0.01796875 0.01875
0 0.36875 0.46875 0.01796875 0.01796875
0 0.3890625 0.45390625 0.01875 0.01875
0 0.4078125 0.4296875 0.0171875 0.0203125
0 0.4265625 0.4296875 0.01953125 0.0203125
0 0.38515625 0.48125 0.01875 0.01796875
0 0.39375 0.496875 0.0171875 0.0171875
0 0.40859375 0.51015625 0.0171875 0.0171875
0 0.3921875 0.5171875 0.0171875 0.01796875
0 0.37265625 0.53203125 0.0171875 0.01796875
0 0.3953125 0.5375 0.01796875 0.01796875
0 0.4125 0.528125 0.01640625 0.01796875
0 0.37890625 0.5546875 0.01875 0.01875
0 0.3515625 0.56171875 0.0171875 0.01796875
0 0.3671875 0.57265625 0.01875 0.01875
0 0.38203125 0.58125 0.01796875 0.01875
0 0.3453125 0.58125 0.01796875 0.01875
0 0.4015625 0.56796875 0.01875 0.0203125
0 0.415625 0.57578125 0.01875 0.01796875
0 0.39921875 0.5953125 0.01796875 0.01875
0 0.35390625 0.62734375 0.01875 0.0203125
0 0.33203125 0.63515625 0.01953125 0.01875
0 0.315625 0.64453125 0.01953125 0.0203125
0 0.35703125 0.71640625 0.01875 0.01875
0 0.4640625 0.2625 0.01796875 0.02109375
0 0.43203125 0.2296875 0.01953125 0.0203125
0 0.43125 0.209375 0.0171875 0.0203125
0 0.4546875 0.1859375 0.01953125 0.0203125
0 0.465625 0.175 0.01875 0.0203125
0 0.4703125 0.15703125 0.01953125 0.0203125
0 0.49453125 0.1421875 0.01875 0.02109375
0 0.5125 0.159375 0.0171875 0.0203125
0 0.54921875 0.1546875 0.0203125 0.0203125
0 0.4859375 0.2046875 0.01953125 0.0203125
0 0.5515625 0.2140625 0.01796875 0.01953125
0 0.59375 0.19296875 0.01796875 0.02109375
0 0.5421875 0.228125 0.01875 0.0203125
0 0.52109375 0.40703125 0.01796875 0.0203125
0 0.5328125 0.43359375 0.01796875 0.01953125
0 0.54921875 0.43671875 0.01796875 0.02109375
0 0.52109375 0.4546875 0.01796875 0.01953125
0 0.5390625 0.4578125 0.01640625 0.0203125
0 0.55625 0.4640625 0.01875 0.0203125
0 0.48203125 0.47421875 0.01875 0.0203125
0 0.49140625 0.52109375 0.01875 0.01953125
0 0.4796875 0.53515625 0.01875 0.01953125
0 0.459375 0.53359375 0.01875 0.0203125
0 0.4453125 0.54609375 0.0171875 0.01953125
0 0.42734375 0.54921875 0.01796875 0.01953125
0 0.459375 0.56015625 0.0171875 0.01875
0 0.44140625 0.5734375 0.01796875 0.01953125
0 0.46328125 0.5796875 0.01875 0.01875
0 0.4421875 0.5921875 0.01953125 0.0203125
0 0.42265625 0.603125 0.01796875 0.01875
0 0.4078125 0.64453125 0.01875 0.02109375
0 0.4296875 0.64453125 0.01796875 0.01953125
0 0.44609375 0.63671875 0.01796875 0.0203125
0 0.45859375 0.6171875 0.01953125 0.0203125
0 0.4671875 0.6421875 0.01875 0.02109375
0 0.4578125 0.66328125 0.01875 0.0203125
0 0.4421875 0.67109375 0.01796875 0.01953125
0 0.4453125 0.70234375 0.01953125 0.02109375
0 0.4921875 0.69296875 0.0203125 0.021875
0 0.51015625 0.74296875 0.01953125 0.02109375
0 0.49765625 0.64921875 0.01875 0.0203125
0 0.4765625 0.5984375 0.01796875 0.01796875
0 0.49296875 0.6046875 0.0171875 0.01875
0 0.5078125 0.6171875 0.01796875 0.01953125
0 0.4984375 0.56640625 0.01796875 0.01796875
0 0.48125 0.5609375 0.0171875 0.0171875
0 0.51015625 0.53671875 0.01796875 0.01875
0 0.51953125 0.5546875 0.0171875 0.0171875
0 0.51484375 0.5875 0.0171875 0.0171875
0 0.53203125 0.590625 0.0171875 0.0171875
0 0.5359375 0.60859375 0.0203125 0.01796875
0 0.52421875 0.640625 0.01796875 0.01875
0 0.51328125 0.66484375 0.0171875 0.0171875
0 0.5328125 0.67890625 0.01796875 0.01796875
0 0.5421875 0.65859375 0.0171875 0.0171875
0 0.56015625 0.6546875 0.01796875 0.01796875
0 0.5453125 0.6359375 0.01953125 0.01953125
0 0.5609375 0.62734375 0.01953125 0.01875
0 0.57265625 0.640625 0.0203125 0.01796875
0 0.5875 0.65625 0.01953125 0.01953125
0 0.57421875 0.66640625 0.01875 0.01953125
0 0.5546875 0.67421875 0.01953125 0.02109375
0 0.575 0.6875 0.01875 0.01953125
0 0.5921875 0.67421875 0.01875 0.01875
0 0.60625 0.66015625 0.0171875 0.01953125
0 0.615625 0.67734375 0.01875 0.01953125
0 0.60546875 0.69140625 0.01953125 0.01875
0 0.634375 0.6796875 0.01796875 0.01796875
0 0.64453125 0.696875 0.01875 0.02109375
0 0.64453125 0.6609375 0.01796875 0.01796875
0 0.66484375 0.66015625 0.01796875 0.01875
0 0.68125 0.67421875 0.01875 0.01953125
0 0.69921875 0.66953125 0.01875 0.01796875
0 0.64296875 0.6421875 0.01875 0.01796875
0 0.66015625 0.63203125 0.01953125 0.0203125
0 0.68515625 0.63984375 0.01953125 0.01953125
0 0.70078125 0.62421875 0.01875 0.0203125
0 0.71015625 0.64296875 0.01953125 0.02109375
0 0.6171875 0.64375 0.01875 0.0203125
0 0.634375 0.625 0.01875 0.01953125
0 0.6109375 0.621875 0.01796875 0.01953125
0 0.59140625 0.6328125 0.0171875 0.0171875
0 0.578125 0.61953125 0.01796875 0.01796875
0 0.5953125 0.61015625 0.01875 0.01875
0 0.621875 0.6015625 0.01953125 0.01953125
0 0.59609375 0.59140625 0.01875 0.01796875
0 0.57578125 0.5953125 0.01875 0.01953125
0 0.55703125 0.6046875 0.01875 0.01875
0 0.5546875 0.5875 0.01796875 0.01796875
0 0.56875 0.5765625 0.0171875 0.01953125
0 0.58515625 0.56875 0.01875 0.01875
0 0.55234375 0.56796875 0.01796875 0.01875
0 0.5546875 0.54921875 0.0203125 0.0203125
0 0.59453125 0.5484375 0.01875 0.01875
0 0.615625 0.54375 0.01875 0.01875
0 0.634375 0.540625 0.01796875 0.01796875
0 0.61640625 0.5265625 0.01796875 0.0171875
0 0.63359375 0.52265625 0.01640625 0.01796875
0 0.60859375 0.51015625 0.01875 0.0171875
0 0.5828125 0.5203125 0.01875 0.01953125
0 0.56171875 0.51328125 0.01953125 0.01875
0 0.59296875 0.50078125 0.01875 0.01875
0 0.58046875 0.4796875 0.01796875 0.01875
0 0.59921875 0.48203125 0.01796875 0.01875
0 0.61328125 0.49296875 0.01875 0.01875
0 0.60859375 0.465625 0.0203125 0.01875
0 0.62265625 0.47734375 0.01953125 0.01953125
0 0.6359375 0.48828125 0.0171875 0.0171875
0 0.6375 0.50625 0.01875 0.01796875
0 0.6453125 0.47265625 0.01640625 0.01875
0 0.5890625 0.446875 0.01953125 0.01875
0 0.615625 0.578125 0.01953125 0.01953125
0 0.62578125 0.66328125 0.01796875 0.01875
0 0.6609375 0.55 0.01875 0.01796875
0 0.6609375 0.5109375 0.01796875 0.01875
0 0.690625 0.5109375 0.01953125 0.01875
0 0.66015625 0.4859375 0.01953125 0.0203125
0 0.67890625 0.48828125 0.01796875 0.01953125
0 0.696875 0.49296875 0.01875 0.01953125
0 0.6671875 0.4671875 0.0171875 0.0171875
0 0.684375 0.46640625 0.0171875 0.0203125
0 0.7 0.475 0.01953125 0.01953125
0 0.71640625 0.46328125 0.01875 0.02109375
0 0.70078125 0.44453125 0.01796875 0.01953125
0 0.68203125 0.440625 0.01875 0.01875
0 0.65625 0.446875 0.01796875 0.01796875
0 0.665625 0.4265625 0.01640625 0.01875
0 0.64765625 0.42421875 0.01953125 0.0203125
0 0.66640625 0.4046875 0.01796875 0.01796875
0 0.6515625 0.34921875 0.01875 0.01875
0 0.77265625 0.44765625 0.0203125 0.0203125
0 0.834375 0.46015625 0.0203125 0.01953125
0 0.87578125 0.48125 0.01953125 0.01953125
0 0.83125 0.49375 0.01875 0.01875
0 0.84453125 0.50859375 0.02109375 0.01953125
0 0.7921875 0.4921875 0.01875 0.01875
0 0.78828125 0.51171875 0.01796875 0.01875
0 0.80625 0.51484375 0.01875 0.01875
0 0.77578125 0.5296875 0.01796875 0.01875
0 0.796875 0.540625 0.01796875 0.0203125
0 0.78046875 0.5484375 0.0203125 0.01875
0 0.7609375 0.56328125 0.01953125 0.01875
0 0.7390625 0.575 0.01953125 0.01875
0 0.7421875 0.59609375 0.01875 0.0203125
0 0.796875 0.5765625 0.01796875 0.0203125
0 0.83203125 0.57578125 0.01875 0.01953125
0 0.8359375 0.55390625 0.01875 0.01875
0 0.7359375 0.64609375 0.01875 0.0203125
0 0.8234375 0.66015625 0.02109375 0.02109375
0 0.88515625 0.72578125 0.021875 0.0203125