0 0.73203125 0.4140625 0.0328125 0.040625
0 0.7359375 0.44375 0.0328125 0.034375
0 0.73984375 0.48046875 0.0328125 0.0359375
0 0.6953125 0.39921875 0.03125 0.0390625
0 0.7078125 0.4171875 0.025 0.021875
0 0.70859375 0.4359375 0.0265625 0.03125
0 0.67578125 0.49609375 0.0328125 0.0375
0 0.671875 0.3984375 0.03125 0.0390625
0 0.66015625 0.46484375 0.0296875 0.034375
0 0.640625 0.40859375 0.03125 0.0359375
0 0.62421875 0.42578125 0.028125 0.0375
0 0.63828125 0.4828125 0.03125 0.0359375
0 0.6046875 0.409375 0.0296875 0.034375
0 0.60546875 0.45390625 0.0296875 0.034375
0 0.7125 0.503125 0.03125 0.0359375
0 0.71328125 0.53828125 0.03125 0.0359375
0 0.675 0.5265625 0.0296875 0.0328125
0 0.69453125 0.56328125 0.028125 0.0359375
0 0.703125 0.5921875 0.028125 0.034375
0 0.7015625 0.6203125 0.028125 0.0328125
0 0.721875 0.6390625 0.0296875 0.0359375
0 0.678125 0.58984375 0.0265625 0.03125
0 0.66328125 0.625 0.0296875 0.0328125
0 0.68984375 0.6453125 0.0296875 0.034375
0 0.640625 0.61328125 0.0265625 0.03125
0 0.615625 0.6015625 0.0265625 0.034375
0 0.62265625 0.6296875 0.025 0.03125
0 0.62734375 0.66484375 0.028125 0.0328125
0 0.62421875 0.69609375 0.03125 0.0359375
0 0.65703125 0.72890625 0.03125 0.040625
0 0.6015625 0.64765625 0.0265625 0.0328125
0 0.57734375 0.59609375 0.0265625 0.0296875
0 0.584375 0.540625 0.03125 0.0390625
0 0.5625 0.58125 0.0265625 0.03125
0 0.63671875 0.82578125 0.03125 0.0359375
0 0.646875 0.8875 0.028125 0.0375
0 0.6046875 0.771875 0.0296875 0.034375
0 0.57890625 0.70546875 0.028125 0.0328125
0 0.60078125 0.721875 0.028125 0.034375
0 0.58046875 0.665625 0.028125 0.034375
0 0.5640625 0.68203125 0.028125 0.0328125
0 0.56796875 0.73203125 0.03125 0.0375
0 0.58125 0.7671875 0.0265625 0.0328125
0 0.5859375 0.85859375 0.03125 0.034375
0 0.53828125 0.66328125 0.028125 0.034375
0 0.525 0.746875 0.0265625 0.0328125
0 0.5515625 0.8734375 0.03125 0.0375
0 0.53828125 0.9265625 0.0296875 0.0328125
0 0.51015625 0.93515625 0.028125 0.034375
0 0.55546875 0.44140625 0.0328125 0.0359375
0 0.53671875 0.52265625 0.03125 0.0359375
0 0.50546875 0.37109375 0.0296875 0.034375
0 0.4359375 0.271875 0.028125 0.0375
0 0.41015625 0.11953125 0.028125 0.0359375
0 0.44609375 0.47890625 0.0234375 0.03125
0 0.46640625 0.515625 0.0296875 0.034375
0 0.42890625 0.509375 0.0265625 0.03125
0 0.37421875 0.465625 0.025 0.034375
0 0.37421875 0.38125 0.0265625 0.0328125
0 0.35625 0.471875 0.0234375 0.0296875
0 0.3421875 0.50859375 0.0265625 0.03125
0 0.371875 0.41875 0.0265625 0.03125
0 0.3375 0.4796875 0.0234375 0.028125
0 0.3296875 0.5234375 0.0265625 0.034375
0 0.3484375 0.43046875 0.025 0.0296875
0 0.321875 0.4921875 0.0234375 0.0296875
0 0.31640625 0.5375 0.0265625 0.03125
0 0.3359375 0.45390625 0.0234375 0.0296875
0 0.30546875 0.5046875 0.0234375 0.03125
0 0.3015625 0.45078125 0.028125 0.034375
0 0.31640625 0.38515625 0.0234375 0.03125
0 0.38515625 0.13828125 0.025 0.0375
0 0.3484375 0.13359375 0.028125 0.034375
0 0.3265625 0.1234375 0.028125 0.034375
0 0.359375 0.19296875 0.028125 0.034375
0 0.29765625 0.15703125 0.028125 0.034375
0 0.28671875 0.190625 0.0265625 0.03125
0 0.2703125 0.2140625 0.0265625 0.03125
0 0.28046875 0.26640625 0.028125 0.034375
0 0.2515625 0.26953125 0.028125 0.034375
0 0.246875 0.32734375 0.0265625 0.03125
0 0.221875 0.42265625 0.0265625 0.0296875
0 0.228125 0.45078125 0.0265625 0.03125
0 0.45078125 0.63203125 0.0296875 0.0328125
0 0.3921875 0.60703125 0.0265625 0.03125
0 0.40234375 0.6390625 0.0265625 0.034375
0 0.36328125 0.6125 0.0265625 0.0328125
0 0.38125 0.6453125 0.0265625 0.03125
0 0.3375 0.61875 0.0265625 0.03125
0 0.34375 0.76953125 0.0234375 0.03125
0 0.35625 0.753125 0.0234375 0.03125
0 0.32421875 0.7609375 0.0234375 0.028125
0 0.253125 0.65078125 0.0234375 0.0296875
0 0.3609375 0.88046875 0.0234375 0.03125
0 0.34453125 0.89453125 0.025 0.034375
0 0.40546875 0.86484375 0.0265625 0.03125
0 0.33046875 0.871875 0.0234375 0.028125
0 0.31171875 0.90234375 0.0234375 0.0296875
0 0.26796875 0.87890625 0.0234375 0.03125