0 0.37109375 0.709375 0.059375 0.0609375
0 0.31015625 0.70703125 0.053125 0.0578125
0 0.25625 0.6890625 0.0609375 0.0609375
0 0.28046875 0.59453125 0.053125 0.0546875
0 0.290625 0.50546875 0.05625 0.0578125
0 0.72734375 0.565625 0.053125 0.0578125
0 0.16015625 0.47734375 0.0578125 0.0625
0 0.09296875 0.39296875 0.053125 0.05625
0 0.18125 0.425 0.059375 0.0578125
0 0.2265625 0.384375 0.0546875 0.05625
0 0.29140625 0.3875 0.05625 0.05625
0 0.3359375 0.37578125 0.0546875 0.05625
0 0.4109375 0.4265625 0.0515625 0.0546875
0 0.5984375 0.4734375 0.0546875 0.05625
0 0.54140625 0.415625 0.0515625 0.046875
0 0.49296875 0.4046875 0.0515625 0.0546875
0 0.4453125 0.39921875 0.053125 0.05
0 0.4015625 0.384375 0.0578125 0.053125
0 0.61796875 0.40703125 0.059375 0.05625
0 0.68125 0.403125 0.05625 0.05625
0 0.65234375 0.36796875 0.053125 0.053125
0 0.62890625 0.3359375 0.05625 0.053125
0 0.684375 0.34375 0.046875 0.0515625
0 0.72890625 0.34453125 0.0578125 0.053125
0 0.70703125 0.29765625 0.05625 0.0546875
0 0.80703125 0.33046875 0.0546875 0.053125
0 0.82734375 0.28515625 0.0546875 0.05625
0 0.8703125 0.2734375 0.053125 0.053125
0 0.91875 0.29921875 0.053125 0.053125
0 0.60078125 0.303125 0.053125 0.0546875
0 0.64296875 0.2984375 0.053125 0.05625
0 0.675 0.2453125 0.053125 0.0546875
0 0.6171875 0.2375 0.0578125 0.053125
0 0.64453125 0.20234375 0.0546875 0.0546875
0 0.690625 0.2 0.0546875 0.053125
0 0.74609375 0.21640625 0.0484375 0.05625
0 0.59921875 0.19140625 0.0484375 0.05
0 0.68359375 0.13203125 0.0546875 0.053125
0 0.5515625 0.271875 0.053125 0.053125
0 0.47890625 0.21015625 0.05 0.0546875
0 0.50390625 0.2953125 0.0515625 0.0484375
0 0.51953125 0.375 0.05 0.046875
0 0.484375 0.3484375 0.0546875 0.053125
0 0.4390625 0.33984375 0.053125 0.053125
0 0.46328125 0.30546875 0.05 0.0453125
0 0.40625 0.3140625 0.05 0.053125
0 0.44296875 0.25703125 0.0515625 0.05
0 0.36171875 0.3375 0.05 0.0515625
0 0.33203125 0.3015625 0.053125 0.053125
0 0.3484375 0.26640625 0.053125 0.05
0 0.27421875 0.3421875 0.0484375 0.0453125
0 0.28984375 0.3015625 0.05 0.0515625
0 0.25703125 0.26953125 0.053125 0.05
0 0.303125 0.25859375 0.05 0.05
0 0.28984375 0.22265625 0.046875 0.0484375
0 0.33203125 0.2015625 0.0515625 0.05
0 0.29296875 0.171875 0.0484375 0.0484375
0 0.3546875 0.13671875 0.05 0.0515625
0 0.221875 0.234375 0.0484375 0.0515625
0 0.18671875 0.17890625 0.0546875 0.0546875
0 0.125 0.22734375 0.053125 0.05625