0 0.275 0.06640625 0.02265625 0.0203125
0 0.2703125 0.0859375 0.02109375 0.01796875
0 0.28515625 0.0984375 0.0203125 0.0234375
0 0.3015625 0.0796875 0.02265625 0.01796875
0 0.3421875 0.0984375 0.01875 0.02578125
0 0.36328125 0.0859375 0.01875 0.02109375
0 0.38359375 0.11875 0.0234375 0.02421875
0 0.51875 0.1640625 0.02109375 0.0203125
0 0.55078125 0.1765625 0.0265625 0.028125
0 0.5 0.17890625 0.0234375 0.0234375
0 0.51640625 0.19296875 0.01953125 0.02265625
0 0.42109375 0.16171875 0.021875 0.021875
0 0.44921875 0.196875 0.02109375 0.02265625
0 0.428125 0.22109375 0.0234375 0.02265625
0 0.40390625 0.20078125 0.02265625 0.02265625
0 0.3953125 0.253125 0.0265625 0.021875
0 0.34375 0.1984375 0.0234375 0.02265625
0 0.36796875 0.2046875 0.021875 0.02109375
0 0.309375 0.225 0.0203125 0.01953125
0 0.34140625 0.22109375 0.02109375 0.02265625
0 0.30859375 0.19609375 0.0203125 0.01875
0 0.3078125 0.23984375 0.01953125 0.01640625
0 0.32109375 0.21328125 0.01953125 0.01875
0 0.353125 0.2375 0.01875 0.0234375
0 0.29609375 0.2625 0.021875 0.02109375
0 0.3875 0.28515625 0.02109375 0.021875
0 0.22578125 0.2890625 0.0203125 0.021875
0 0.253125 0.29921875 0.01953125 0.02421875
0 0.2203125 0.315625 0.02265625 0.02109375
0 0.25625 0.32578125 0.01796875 0.02109375
0 0.28671875 0.31171875 0.01953125 0.0234375
0 0.2109375 0.3375 0.015625 0.02265625
0 0.23359375 0.3375 0.01796875 0.02265625
0 0.25 0.3484375 0.015625 0.0265625
0 0.2703125 0.3484375 0.0203125 0.02421875
0 0.20546875 0.359375 0.01796875 0.02421875
0 0.22265625 0.35859375 0.01796875 0.0234375
0 0.23984375 0.3640625 0.015625 0.01796875
0 0.2765625 0.384375 0.02265625 0.02265625
0 0.209375 0.37890625 0.02109375 0.01796875
0 0.23828125 0.39140625 0.0171875 0.02265625
0 0.253125 0.37734375 0.01875 0.021875
0 0.2734375 0.40859375 0.01953125 0.0234375
0 0.203125 0.40078125 0.01640625 0.021875
0 0.1609375 0.38359375 0.0203125 0.025
0 0.16796875 0.40390625 0.015625 0.0203125
0 0.121875 0.3734375 0.0171875 0.02109375
0 0.140625 0.42890625 0.0203125 0.0234375
0 0.1609375 0.42265625 0.01640625 0.01953125
0 0.153125 0.4625 0.02265625 0.0203125
0 0.165625 0.4421875 0.02265625 0.01796875
0 0.13203125 0.44921875 0.01796875 0.02109375
0 0.14609375 0.45 0.01171875 0.0234375
0 0.178125 0.4234375 0.01796875 0.021875
0 0.1171875 0.46171875 0.0140625 0.01953125
0 0.13046875 0.4734375 0.01640625 0.02109375
0 0.1546875 0.48203125 0.02109375 0.01953125
0 0.12109375 0.4953125 0.01875 0.0234375
0 0.140625 0.4921875 0.015625 0.021875
0 0.2234375 0.4859375 0.0203125 0.025
0 0.16875 0.478125 0.0140625 0.02421875
0 0.22578125 0.50546875 0.01875 0.0203125
0 0.20625 0.4671875 0.0203125 0.02578125
0 0.2265625 0.528125 0.021875 0.0234375
0 0.159375 0.52734375 0.01640625 0.0265625
0 0.1796875 0.525 0.02265625 0.02265625
0 0.23125 0.55078125 0.0203125 0.021875
0 0.32578125 0.45078125 0.0234375 0.0265625
0 0.31484375 0.47578125 0.01640625 0.02421875
0 0.33671875 0.47734375 0.02265625 0.021875
0 0.31015625 0.4984375 0.0234375 0.02578125
0 0.3203125 0.52734375 0.025 0.025
0 0.34453125 0.53046875 0.02109375 0.025
0 0.29296875 0.53359375 0.02421875 0.01953125
0 0.32890625 0.55234375 0.0234375 0.025
0 0.30625 0.553125 0.0234375 0.02578125
0 0.19609375 0.58671875 0.0171875 0.02734375
0 0.17890625 0.55234375 0.01953125 0.0203125
0 0.184375 0.57265625 0.0171875 0.02265625
0 0.1859375 0.609375 0.01953125 0.02421875
0 0.1984375 0.55859375 0.0140625 0.0171875
0 0.175 0.62734375 0.01640625 0.025
0 0.2203125 0.62421875 0.02109375 0.0234375
0 0.47890625 0.328125 0.0171875 0.0234375
0 0.49765625 0.32578125 0.01484375 0.02578125
0 0.51953125 0.3265625 0.02578125 0.02265625
0 0.4359375 0.35078125 0.02109375 0.02734375
0 0.45390625 0.36328125 0.0203125 0.025
0 0.50625 0.35 0.02109375 0.02734375
0 0.4734375 0.3984375 0.0234375 0.028125
0 0.4171875 0.41953125 0.025 0.02421875
0 0.5015625 0.446875 0.02265625 0.028125
0 0.4421875 0.43828125 0.02265625 0.02734375
0 0.48125 0.46015625 0.02109375 0.021875
0 0.49609375 0.48125 0.02578125 0.02265625
0 0.42578125 0.48125 0.02109375 0.028125
0 0.44921875 0.4921875 0.02265625 0.02734375
0 0.47578125 0.49765625 0.01953125 0.02734375
0 0.5 0.50546875 0.02265625 0.0265625
0 0.43359375 0.5171875 0.025 0.0234375
0 0.446875 0.5421875 0.0234375 0.0265625
0 0.4640625 0.56484375 0.021875 0.02734375
0 0.615625 0.475 0.025 0.03125
0 0.64921875 0.46484375 0.025 0.03046875
0 0.65390625 0.4953125 0.02421875 0.025
0 0.6359375 0.55 0.02421875 0.03046875
0 0.66171875 0.57421875 0.025 0.02890625
0 0.55546875 0.57421875 0.025 0.0234375
0 0.5578125 0.6015625 0.0234375 0.02734375
0 0.51328125 0.6046875 0.0203125 0.025
0 0.5359375 0.6140625 0.02265625 0.02734375
0 0.4890625 0.61015625 0.0234375 0.02890625
0 0.4515625 0.6046875 0.0234375 0.028125
0 0.43515625 0.565625 0.0203125 0.028125
0 0.45546875 0.58359375 0.01953125 0.0203125
0 0.484375 0.63671875 0.02265625 0.02421875
0 0.46953125 0.66015625 0.02109375 0.02890625
0 0.58046875 0.640625 0.02578125 0.02890625
0 0.45390625 0.6328125 0.0265625 0.02578125
0 0.45 0.671875 0.01953125 0.028125
0 0.48125 0.7375 0.02578125 0.03203125
0 0.58046875 0.79296875 0.025 0.03046875
0 0.6015625 0.8109375 0.02734375 0.03125
0 0.5390625 0.82734375 0.02421875 0.03203125
0 0.56640625 0.82734375 0.025 0.03203125
0 0.4671875 0.82578125 0.02421875 0.0296875
0 0.14140625 0.775 0.0203125 0.02421875
0 0.12421875 0.76328125 0.021875 0.02578125
0 0.14140625 0.7921875 0.01953125 0.021875
0 0.19375 0.696875 0.021875 0.02734375
0 0.1890625 0.74453125 0.02109375 0.025
0 0.17734375 0.71796875 0.021875 0.0265625
0 0.3375 0.7140625 0.02109375 0.02578125
0 0.36953125 0.73515625 0.0203125 0.0265625
0 0.3640625 0.77734375 0.021875 0.028125
0 0.37109375 0.8453125 0.02265625 0.0328125
0 0.33125 0.67578125 0.01875 0.028125
0 0.35390625 0.684375 0.02265625 0.02890625
0 0.3265625 0.6140625 0.021875 0.0234375
0 0.31015625 0.66953125 0.01875 0.025
0 0.30546875 0.61171875 0.01796875 0.021875
0 0.32890625 0.63828125 0.0203125 0.0234375
0 0.3546875 0.63984375 0.0203125 0.02578125
0 0.34375 0.6 0.02109375 0.0234375