0 0.61875 0.6828125 0.0359375 0.0296875
0 0.6125 0.6453125 0.0328125 0.0296875
0 0.63515625 0.58125 0.0328125 0.03125
0 0.61484375 0.6 0.0328125 0.03125
0 0.590625 0.5078125 0.0375 0.034375
0 0.61953125 0.51484375 0.0375 0.0328125
0 0.61015625 0.57578125 0.034375 0.03125
0 0.49609375 0.4890625 0.0375 0.034375
0 0.559375 0.50859375 0.0375 0.034375
0 0.66171875 0.58359375 0.034375 0.03125
0 0.5609375 0.7578125 0.03125 0.025
0 0.5984375 0.6640625 0.0328125 0.0296875
0 0.475 0.50703125 0.0390625 0.0359375
0 0.603125 0.5546875 0.0328125 0.0296875
0 0.4828125 0.68828125 0.0359375 0.028125
0 0.59296875 0.68515625 0.0328125 0.028125
0 0.44453125 0.51015625 0.0375 0.034375
0 0.459375 0.55390625 0.0359375 0.03125
0 0.57421875 0.55 0.0375 0.0328125
0 0.553125 0.77578125 0.028125 0.025
0 0.4421875 0.684375 0.0328125 0.0296875
0 0.48125 0.56953125 0.0359375 0.03125
0 0.56875 0.61796875 0.034375 0.03125
0 0.475 0.65546875 0.0328125 0.03125
0 0.41484375 0.49453125 0.0390625 0.0359375
0 0.58359375 0.5765625 0.0359375 0.03125
0 0.453125 0.58046875 0.034375 0.03125
0 0.59765625 0.534375 0.0359375 0.03125
0 0.50703125 0.77265625 0.0296875 0.025
0 0.5796875 0.63359375 0.0328125 0.028125
0 0.43046875 0.59921875 0.034375 0.03125
0 0.5046875 0.5546875 0.0375 0.0328125
0 0.571875 0.72421875 0.03125 0.0265625
0 0.5484375 0.63203125 0.0328125 0.0296875
0 0.425 0.52890625 0.0390625 0.0375
0 0.5203125 0.6421875 0.0328125 0.0296875
0 0.44609375 0.66328125 0.034375 0.03125
0 0.553125 0.53828125 0.0359375 0.03125
0 0.47734375 0.59453125 0.034375 0.03125
0 0.5078125 0.6625 0.0328125 0.03125
0 0.5328125 0.55703125 0.0328125 0.03125
0 0.52265625 0.5328125 0.0359375 0.03125
0 0.43125 0.46796875 0.040625 0.0359375
0 0.465625 0.75390625 0.03125 0.028125
0 0.58046875 0.70703125 0.0296875 0.0265625
0 0.47578125 0.71484375 0.0328125 0.028125
0 0.409375 0.6796875 0.0359375 0.03125
0 0.60078125 0.6203125 0.03125 0.0296875
0 0.403125 0.6578125 0.0359375 0.0296875
0 0.55625 0.56796875 0.0328125 0.03125
0 0.5328125 0.7671875 0.028125 0.025
0 0.5390625 0.80234375 0.028125 0.025
0 0.42890625 0.55859375 0.0359375 0.03125
0 0.4140625 0.5796875 0.0359375 0.0328125
0 0.54765625 0.65390625 0.034375 0.0296875
0 0.51640625 0.62109375 0.0328125 0.028125
0 0.50859375 0.68671875 0.0328125 0.028125
0 0.39609375 0.61796875 0.0359375 0.03125
0 0.48984375 0.61484375 0.034375 0.03125
0 0.5296875 0.67421875 0.0359375 0.028125
0 0.39375 0.59453125 0.0375 0.0328125
0 0.53828125 0.60859375 0.0328125 0.0296875
0 0.5625 0.5953125 0.0328125 0.03125
0 0.4515625 0.734375 0.0328125 0.028125
0 0.51328125 0.57890625 0.0359375 0.03125
0 0.4296875 0.62421875 0.034375 0.03125
0 0.53203125 0.5015625 0.0375 0.034375
0 0.4828125 0.7875 0.028125 0.025
0 0.4328125 0.64453125 0.0328125 0.028125
0 0.45703125 0.63359375 0.0328125 0.03125
0 0.4921875 0.7515625 0.03125 0.028125
0 0.54375 0.6890625 0.0359375 0.028125
0 0.49921875 0.70703125 0.0328125 0.028125
0 0.5390625 0.7453125 0.0328125 0.028125
0 0.40625 0.6359375 0.0328125 0.0296875
0 0.48515625 0.6375 0.0328125 0.03125
0 0.57421875 0.65546875 0.03125 0.028125
0 0.56953125 0.690625 0.0328125 0.03125
0 0.53828125 0.5859375 0.0328125 0.0296875
0 0.54921875 0.72578125 0.0328125 0.028125
0 0.38203125 0.4984375 0.0375 0.034375
0 0.4953125 0.7265625 0.0328125 0.0265625
0 0.521875 0.725 0.0328125 0.028125
0 0.390625 0.45859375 0.0390625 0.0375
0 0.590625 0.6015625 0.0359375 0.03125
0 0.5140625 0.75 0.0328125 0.03125
0 0.5640625 0.80625 0.0296875 0.0265625
0 0.52578125 0.7046875 0.034375 0.03125
0 0.53125 0.78515625 0.0265625 0.0234375
0 0.5515625 0.7109375 0.0328125 0.028125
0 0.51171875 0.6015625 0.0328125 0.0296875
0 0.5609375 0.74140625 0.028125 0.025
0 0.45 0.4 0.040625 0.0390625
0 0.475 0.7375 0.0296875 0.0265625
0 0.46171875 0.6109375 0.0328125 0.03125
0 0.50546875 0.51640625 0.034375 0.034375
0 0.34609375 0.3171875 0.046875 0.0484375
0 0.5578125 0.671875 0.0265625 0.0234375