0 0.3703125 0.30546875 0.0265625 0.028125
0 0.35078125 0.31640625 0.03125 0.034375
0 0.30546875 0.27265625 0.034375 0.03125
0 0.3015625 0.184375 0.03125 0.028125
0 0.29140625 0.16484375 0.0296875 0.0265625
0 0.225 0.2578125 0.0328125 0.03125
0 0.25625 0.2015625 0.034375 0.03125
0 0.265625 0.1859375 0.0328125 0.03125
0 0.92734375 0.73359375 0.03125 0.03125
0 0.903125 0.728125 0.03125 0.03125
0 0.8921875 0.70546875 0.0296875 0.028125
0 0.909375 0.6921875 0.03125 0.03125
0 0.8953125 0.63359375 0.034375 0.03125
0 0.90703125 0.61328125 0.034375 0.03125
0 0.8734375 0.575 0.034375 0.03125
0 0.57109375 0.24921875 0.0328125 0.028125
0 0.5859375 0.22890625 0.0296875 0.028125
0 0.56171875 0.21484375 0.028125 0.0265625
0 0.4984375 0.1875 0.0265625 0.028125
0 0.5125 0.21328125 0.0328125 0.028125
0 0.421875 0.2265625 0.0328125 0.03125
0 0.44765625 0.25546875 0.028125 0.0265625
0 0.43203125 0.2703125 0.03125 0.025
0 0.46953125 0.2640625 0.03125 0.0328125
0 0.4296875 0.28828125 0.028125 0.0234375
0 0.4171875 0.30859375 0.0296875 0.028125
0 0.39375 0.30078125 0.028125 0.028125
0 0.3875 0.3296875 0.03125 0.0296875
0 0.43203125 0.34375 0.025 0.0265625
0 0.41171875 0.34140625 0.03125 0.03125
0 0.44140625 0.36796875 0.03125 0.03125
0 0.46640625 0.36796875 0.0296875 0.0296875
0 0.45234375 0.3421875 0.0296875 0.028125
0 0.4859375 0.38671875 0.0296875 0.028125
0 0.5171875 0.33125 0.0328125 0.028125
0 0.5171875 0.4078125 0.0296875 0.028125
0 0.51328125 0.37890625 0.0296875 0.0296875
0 0.53671875 0.3421875 0.028125 0.0265625
0 0.51875 0.353125 0.0296875 0.0296875
0 0.5515625 0.359375 0.0296875 0.028125
0 0.56875 0.34765625 0.0296875 0.0296875
0 0.5625 0.403125 0.03125 0.03125
0 0.5734375 0.43671875 0.0296875 0.028125
0 0.6078125 0.38984375 0.03125 0.0328125
0 0.64453125 0.4375 0.0328125 0.028125
0 0.6359375 0.41640625 0.0296875 0.028125
0 0.66171875 0.3734375 0.0296875 0.0296875
0 0.68203125 0.3734375 0.028125 0.0234375
0 0.67421875 0.40703125 0.03125 0.03125
0 0.68046875 0.38984375 0.0265625 0.021875
0 0.80859375 0.41796875 0.0296875 0.028125
0 0.82578125 0.3921875 0.03125 0.0296875
0 0.81953125 0.43828125 0.028125 0.0265625
0 0.8375 0.4234375 0.0265625 0.0265625
0 0.70078125 0.5109375 0.034375 0.03125
0 0.7359375 0.5140625 0.034375 0.03125
0 0.7671875 0.4921875 0.03125 0.0296875
0 0.796875 0.47734375 0.03125 0.0296875
0 0.82890625 0.51796875 0.03125 0.03125
0 0.7890625 0.5265625 0.0328125 0.0296875
0 0.77890625 0.56328125 0.0328125 0.03125
0 0.784375 0.58671875 0.0296875 0.0296875
0 0.7609375 0.58515625 0.028125 0.0265625
0 0.7453125 0.56640625 0.0296875 0.0296875
0 0.78203125 0.63359375 0.03125 0.0328125
0 0.75078125 0.6171875 0.0265625 0.028125
0 0.7671875 0.61796875 0.025 0.0296875
0 0.7359375 0.615625 0.028125 0.0296875
0 0.70859375 0.62421875 0.034375 0.03125
0 0.66640625 0.6984375 0.0328125 0.034375
0 0.65859375 0.6578125 0.034375 0.0328125
0 0.65234375 0.6109375 0.034375 0.0328125
0 0.63359375 0.6953125 0.03125 0.034375
0 0.63125 0.64296875 0.03125 0.034375
0 0.60859375 0.6171875 0.03125 0.0296875
0 0.61171875 0.665625 0.03125 0.03125
0 0.60703125 0.64140625 0.03125 0.03125
0 0.6078125 0.69375 0.03125 0.034375
0 0.58046875 0.69453125 0.03125 0.03125
0 0.58828125 0.67109375 0.03125 0.0328125
0 0.5578125 0.67734375 0.0328125 0.0328125
0 0.5828125 0.64609375 0.0296875 0.03125
0 0.55625 0.6390625 0.03125 0.0328125
0 0.57421875 0.62265625 0.03125 0.03125
0 0.5734375 0.59453125 0.034375 0.03125
0 0.5453125 0.5890625 0.0328125 0.0328125
0 0.52109375 0.5125 0.03125 0.03125
0 0.49140625 0.51640625 0.0296875 0.0296875
0 0.4921875 0.49296875 0.03125 0.03125
0 0.4625 0.515625 0.0328125 0.03125
0 0.43984375 0.49140625 0.0296875 0.028125
0 0.4453125 0.46484375 0.03125 0.03125
0 0.425 0.51796875 0.028125 0.0296875
0 0.41015625 0.49609375 0.0328125 0.03125
0 0.41796875 0.47265625 0.0296875 0.028125
0 0.35625 0.45078125 0.0296875 0.028125
0 0.37734375 0.43984375 0.0296875 0.028125
0 0.35234375 0.47421875 0.03125 0.03125
0 0.33515625 0.43984375 0.0265625 0.0265625
0 0.34453125 0.4171875 0.0296875 0.028125
0 0.38359375 0.578125 0.0359375 0.0328125
0 0.40234375 0.59375 0.0296875 0.0296875
0 0.45 0.6140625 0.028125 0.03125
0 0.428125 0.60390625 0.03125 0.034375
0 0.46171875 0.6453125 0.0359375 0.0328125
0 0.53125 0.67890625 0.0296875 0.0296875
0 0.5375 0.803125 0.034375 0.03125
0 0.53984375 0.74453125 0.03125 0.03125
0 0.50078125 0.69765625 0.03125 0.03125
0 0.51875 0.725 0.03125 0.03125
0 0.49375 0.725 0.03125 0.0328125
0 0.4796875 0.74921875 0.03125 0.03125
0 0.471875 0.709375 0.03125 0.0328125
0 0.43359375 0.76640625 0.03125 0.034375
0 0.45390625 0.74765625 0.0296875 0.0296875
0 0.45625 0.7328125 0.0296875 0.01875
0 0.44765625 0.7109375 0.03125 0.034375
0 0.425 0.73984375 0.03125 0.034375
0 0.39609375 0.74375 0.03125 0.03125
0 0.409375 0.71640625 0.0328125 0.034375
0 0.425 0.69765625 0.034375 0.0328125
0 0.4359375 0.6890625 0.025 0.0234375
0 0.3765625 0.67890625 0.034375 0.034375
0 0.38828125 0.64921875 0.034375 0.034375
0 0.359375 0.6421875 0.03125 0.034375
0 0.340625 0.6203125 0.03125 0.03125
0 0.3578125 0.61484375 0.03125 0.03125
0 0.32890625 0.60625 0.0296875 0.0296875
0 0.30078125 0.609375 0.0328125 0.034375
0 0.275 0.61328125 0.03125 0.034375
0 0.3015625 0.56328125 0.034375 0.034375
0 0.29765625 0.44921875 0.034375 0.03125
0 0.30078125 0.42421875 0.034375 0.03125
0 0.26640625 0.403125 0.03125 0.0296875
0 0.3015625 0.4 0.0296875 0.028125
0 0.2625 0.3671875 0.0328125 0.034375
0 0.21953125 0.359375 0.03125 0.03125
0 0.165625 0.3296875 0.03125 0.0296875
0 0.21015625 0.56484375 0.0375 0.0359375
0 0.18125 0.57578125 0.034375 0.03125
0 0.15859375 0.54765625 0.0359375 0.034375
0 0.10078125 0.61953125 0.0359375 0.0359375
0 0.10078125 0.58828125 0.0359375 0.0390625
0 0.08203125 0.584375 0.025 0.03125