0 0.57265625 0.92890625 0.034375 0.0375
0 0.56875 0.89453125 0.034375 0.0375
0 0.58828125 0.8234375 0.034375 0.040625
0 0.58359375 0.74453125 0.034375 0.0375
0 0.30703125 0.778125 0.034375 0.0375
0 0.534375 0.69296875 0.0296875 0.034375
0 0.34921875 0.66875 0.0328125 0.034375
0 0.26640625 0.70625 0.0296875 0.0328125
0 0.22734375 0.71015625 0.0328125 0.034375
0 0.25234375 0.68359375 0.03125 0.03125
0 0.28515625 0.678125 0.0328125 0.034375
0 0.3015625 0.65 0.0328125 0.034375
0 0.26484375 0.6578125 0.03125 0.03125
0 0.2203125 0.67734375 0.0328125 0.034375
0 0.51015625 0.66796875 0.0328125 0.03125
0 0.53515625 0.65546875 0.03125 0.03125
0 0.56171875 0.65078125 0.028125 0.0328125
0 0.475 0.62890625 0.03125 0.0328125
0 0.5046875 0.6296875 0.03125 0.0328125
0 0.44609375 0.6203125 0.028125 0.03125
0 0.50859375 0.5984375 0.03125 0.03125
0 0.5390625 0.6015625 0.03125 0.03125
0 0.56875 0.5828125 0.03125 0.03125
0 0.56796875 0.55390625 0.0296875 0.0296875
0 0.60234375 0.56015625 0.03125 0.03125
0 0.57109375 0.51875 0.0265625 0.0265625
0 0.54375 0.5203125 0.0265625 0.0265625
0 0.4953125 0.525 0.028125 0.025
0 0.51953125 0.5171875 0.0265625 0.028125
0 0.471875 0.51640625 0.0265625 0.0265625
0 0.48125 0.49375 0.0265625 0.025
0 0.50859375 0.49609375 0.0265625 0.0234375
0 0.44921875 0.4875 0.0265625 0.0265625
0 0.47265625 0.4734375 0.0234375 0.0234375
0 0.49921875 0.46484375 0.0234375 0.0234375
0 0.55859375 0.4921875 0.0265625 0.0234375
0 0.54453125 0.47421875 0.0234375 0.025
0 0.53203125 0.4546875 0.0265625 0.0234375
0 0.52265625 0.43203125 0.0234375 0.0234375
0 0.56484375 0.4421875 0.0265625 0.0265625
0 0.553125 0.42421875 0.0234375 0.0234375
0 0.534375 0.4125 0.0234375 0.021875
0 0.55 0.39609375 0.0234375 0.0234375
0 0.51171875 0.409375 0.0265625 0.0234375
0 0.484375 0.4046875 0.025 0.0234375
0 0.4984375 0.4328125 0.0265625 0.021875
0 0.478125 0.44609375 0.0265625 0.0234375
0 0.5953125 0.39453125 0.028125 0.0234375
0 0.59609375 0.371875 0.0265625 0.0234375
0 0.57265625 0.3703125 0.0234375 0.0265625
0 0.60234375 0.34375 0.0265625 0.025
0 0.58515625 0.3125 0.025 0.0265625
0 0.54140625 0.3359375 0.025 0.0234375
0 0.52734375 0.35234375 0.0234375 0.0203125
0 0.5171875 0.37109375 0.0265625 0.021875
0 0.525 0.390625 0.025 0.0234375
0 0.4875 0.35859375 0.028125 0.0234375
0 0.52890625 0.31875 0.0265625 0.0203125
0 0.56796875 0.29765625 0.0234375 0.0234375
0 0.621875 0.28125 0.0234375 0.021875
0 0.59765625 0.2796875 0.021875 0.021875
0 0.575 0.28203125 0.0234375 0.0234375
0 0.553125 0.29140625 0.021875 0.0234375
0 0.53203125 0.29921875 0.0234375 0.0203125
0 0.5265625 0.28203125 0.0234375 0.021875
0 0.5328125 0.26484375 0.0234375 0.0203125
0 0.50390625 0.28125 0.0234375 0.0234375
0 0.50859375 0.253125 0.0234375 0.021875
0 0.4890625 0.2640625 0.025 0.0234375
0 0.478125 0.246875 0.0234375 0.0234375
0 0.459375 0.2703125 0.0234375 0.0234375
0 0.4546875 0.24921875 0.0234375 0.021875
0 0.44140625 0.28359375 0.0234375 0.0265625
0 0.41875 0.26328125 0.025 0.0234375
0 0.41640625 0.2859375 0.025 0.0234375
0 0.3984375 0.271875 0.0234375 0.0234375
0 0.36796875 0.25859375 0.0265625 0.025
0 0.33828125 0.259375 0.0234375 0.0234375
0 0.321875 0.29609375 0.0265625 0.0265625
0 0.3109375 0.27265625 0.025 0.021875
0 0.3078125 0.23359375 0.0234375 0.0234375
0 0.19296875 0.6265625 0.0328125 0.0328125
0 0.15859375 0.60234375 0.0296875 0.028125
0 0.165625 0.578125 0.0265625 0.025
0 0.19140625 0.56796875 0.0296875 0.0296875
0 0.36328125 0.553125 0.028125 0.0296875
0 0.34296875 0.53359375 0.028125 0.0296875
0 0.31796875 0.5125 0.025 0.0265625
0 0.30625 0.4375 0.0265625 0.028125
0 0.3203125 0.40078125 0.0265625 0.0265625
0 0.28359375 0.40078125 0.0265625 0.0234375
0 0.31953125 0.3796875 0.0265625 0.0234375
0 0.2609375 0.38828125 0.0265625 0.0265625
0 0.3890625 0.44921875 0.0265625 0.0265625
0 0.4125 0.43046875 0.0265625 0.0265625
0 0.4078125 0.4078125 0.0265625 0.0234375
0 0.3890625 0.390625 0.0234375 0.0234375
0 0.40546875 0.37421875 0.0265625 0.0234375
0 0.43203125 0.36875 0.025 0.0234375
0 0.3859375 0.35859375 0.0265625 0.0234375
0 0.23984375 0.2421875 0.0234375 0.0234375
0 0.225 0.2140625 0.025 0.0234375
0 0.2703125 0.196875 0.0234375 0.0234375
0 0.36328125 0.19296875 0.0234375 0.0234375
0 0.38125 0.175 0.0234375 0.021875
0 0.4078125 0.18515625 0.021875 0.0203125
0 0.43515625 0.1921875 0.0234375 0.0234375
0 0.36015625 0.175 0.0234375 0.0234375
0 0.3375 0.1640625 0.028125 0.0234375
0 0.3078125 0.15390625 0.0234375 0.0234375
0 0.346875 0.13984375 0.021875 0.0203125
0 0.33203125 0.13125 0.021875 0.0234375
0 0.3234375 0.1171875 0.025 0.0203125
0 0.321875 0.09609375 0.0296875 0.0234375
0 0.25078125 0.103125 0.0265625 0.025
0 0.415625 0.1609375 0.0234375 0.0234375
0 0.43671875 0.1515625 0.0234375 0.0234375
0 0.45859375 0.12578125 0.0234375 0.0234375
0 0.43671875 0.12734375 0.0234375 0.0234375
0 0.42421875 0.11796875 0.0234375 0.0234375
0 0.41171875 0.103125 0.021875 0.0203125
0 0.4296875 0.090625 0.0234375 0.0203125
0 0.44453125 0.10234375 0.0203125 0.021875
0 0.50390625 0.19609375 0.0234375 0.0203125
0 0.51171875 0.17109375 0.0234375 0.0234375
0 0.6015625 0.1984375 0.0265625 0.025
0 0.62578125 0.2015625 0.0265625 0.021875
0 0.66640625 0.23828125 0.0265625 0.0234375
0 0.66171875 0.215625 0.0265625 0.0234375
0 0.61484375 0.16171875 0.0234375 0.025
0 0.6 0.14609375 0.0234375 0.0203125
0 0.58984375 0.13203125 0.0234375 0.0234375
0 0.62890625 0.1234375 0.0203125 0.0203125
0 0.64375 0.10625 0.0234375 0.0234375
0 0.628125 0.075 0.0234375 0.0203125
0 0.6359375 0.05390625 0.021875 0.0203125
0 0.68125 0.06484375 0.0234375 0.021875
0 0.615625 0.0546875 0.021875 0.021875
0 0.59296875 0.05859375 0.0234375 0.0203125
0 0.5578125 0.05625 0.0203125 0.0203125
0 0.5734375 0.06015625 0.0171875 0.0203125
0 0.61171875 0.01015625 0.0296875 0.0203125
0 0.51640625 0.11328125 0.025 0.0234375
0 0.52421875 0.090625 0.0265625 0.0234375