0 0.46015625 0.25625 0.0359375 0.0265625
0 0.48984375 0.2578125 0.0296875 0.02734375
0 0.5265625 0.2609375 0.03125 0.0265625
0 0.43828125 0.2890625 0.03515625 0.02421875
0 0.45859375 0.28046875 0.01796875 0.021875
0 0.47734375 0.2828125 0.02734375 0.02109375
0 0.5296875 0.3265625 0.0328125 0.0265625
0 0.4328125 0.31171875 0.03515625 0.025
0 0.49609375 0.3359375 0.03046875 0.0234375
0 0.4375 0.34453125 0.03125 0.02421875
0 0.45078125 0.3640625 0.03359375 0.02265625
0 0.509375 0.3609375 0.03203125 0.025
0 0.43125 0.3796875 0.03046875 0.0234375
0 0.475 0.3875 0.03125 0.0234375
0 0.54375 0.2921875 0.03203125 0.025
0 0.578125 0.29765625 0.03203125 0.02578125
0 0.559375 0.33359375 0.02734375 0.02421875
0 0.59921875 0.32109375 0.0328125 0.021875
0 0.62890625 0.31796875 0.0296875 0.0234375
0 0.65625 0.325 0.028125 0.0234375
0 0.67890625 0.30859375 0.0328125 0.0234375
0 0.621875 0.3421875 0.028125 0.02265625
0 0.65390625 0.36328125 0.02890625 0.02421875
0 0.67890625 0.34140625 0.0296875 0.02421875
0 0.63828125 0.38359375 0.02890625 0.02265625
0 0.621875 0.40625 0.03125 0.0203125
0 0.65078125 0.4046875 0.02734375 0.0203125
0 0.6859375 0.40625 0.028125 0.0234375
0 0.71640625 0.415625 0.03046875 0.02421875
0 0.7546875 0.38984375 0.0359375 0.02421875
0 0.6640625 0.428125 0.0296875 0.02265625
0 0.609375 0.4421875 0.0265625 0.02265625
0 0.55625 0.425 0.03515625 0.02421875
0 0.59140625 0.45390625 0.028125 0.02265625
0 0.84609375 0.428125 0.03125 0.02421875
0 0.90859375 0.4296875 0.034375 0.02265625
0 0.78671875 0.44921875 0.03046875 0.0234375
0 0.71640625 0.46171875 0.02890625 0.0234375
0 0.73671875 0.44296875 0.03046875 0.021875
0 0.678125 0.45234375 0.03125 0.021875
0 0.690625 0.471875 0.028125 0.0234375
0 0.740625 0.47734375 0.0328125 0.025
0 0.778125 0.47109375 0.0296875 0.02265625
0 0.86796875 0.484375 0.0296875 0.0265625
0 0.6671875 0.49375 0.03046875 0.021875
0 0.746875 0.52265625 0.0296875 0.021875
0 0.8765625 0.5203125 0.0328125 0.02421875
0 0.92578125 0.54375 0.028125 0.02421875
0 0.92890625 0.57265625 0.03125 0.021875
0 0.453125 0.434375 0.03125 0.0265625
0 0.5296875 0.46796875 0.03125 0.02421875
0 0.37421875 0.4703125 0.03203125 0.0234375
0 0.2640625 0.51953125 0.034375 0.021875
0 0.109375 0.515625 0.0328125 0.02109375
0 0.46875 0.54921875 0.02890625 0.01953125
0 0.50859375 0.5359375 0.03203125 0.0234375
0 0.4953125 0.571875 0.02890625 0.021875
0 0.4421875 0.6171875 0.03125 0.01875
0 0.359375 0.60078125 0.0296875 0.02109375
0 0.4453125 0.6359375 0.0265625 0.01875
0 0.478125 0.65625 0.02734375 0.02109375
0 0.39609375 0.61015625 0.028125 0.021875
0 0.44921875 0.65546875 0.02421875 0.01875
0 0.490625 0.671875 0.03046875 0.0203125
0 0.403125 0.6359375 0.0265625 0.0203125
0 0.45859375 0.6734375 0.0265625 0.01953125
0 0.5015625 0.6875 0.02890625 0.021875
0 0.4234375 0.65234375 0.0265625 0.01953125
0 0.4671875 0.6921875 0.02890625 0.01953125
0 0.4140625 0.68515625 0.03125 0.02109375
0 0.35234375 0.65859375 0.028125 0.01953125
0 0.12265625 0.54375 0.034375 0.01953125
0 0.11171875 0.57890625 0.03046875 0.02265625
0 0.096875 0.5984375 0.03046875 0.02109375
0 0.171875 0.5796875 0.03125 0.02109375
0 0.125 0.63359375 0.03046875 0.02265625
0 0.15546875 0.65 0.028125 0.02109375
0 0.17578125 0.67109375 0.02734375 0.02265625
0 0.22890625 0.67109375 0.0296875 0.0234375
0 0.2265625 0.7 0.03046875 0.02109375
0 0.28203125 0.715625 0.028125 0.02109375
0 0.37109375 0.75859375 0.0265625 0.021875
0 0.4 0.7578125 0.028125 0.02109375
0 0.6203125 0.5734375 0.02890625 0.02421875
0 0.584375 0.6265625 0.028125 0.02265625
0 0.61796875 0.62265625 0.03046875 0.0203125
0 0.584375 0.65546875 0.0296875 0.02265625
0 0.6203125 0.64453125 0.028125 0.02109375
0 0.5859375 0.68203125 0.02734375 0.02265625
0 0.73515625 0.7046875 0.02734375 0.01875
0 0.72109375 0.6890625 0.028125 0.01953125
0 0.72265625 0.72265625 0.025 0.01953125
0 0.60078125 0.77109375 0.0265625 0.01875
0 0.846875 0.709375 0.028125 0.01953125
0 0.8578125 0.728125 0.03046875 0.01953125
0 0.83984375 0.6625 0.02734375 0.02109375
0 0.8328125 0.7375 0.02421875 0.01875
0 0.859375 0.76171875 0.0265625 0.01875
0 0.82734375 0.8 0.02734375 0.01953125