0 0.309375 0.7578125 0.01875 0.0203125
0 0.325 0.659375 0.0171875 0.01875
0 0.2875 0.6375 0.01640625 0.01875
0 0.32578125 0.6265625 0.0171875 0.01875
0 0.2765625 0.5984375 0.01875 0.01796875
0 0.2734375 0.578125 0.01796875 0.01953125
0 0.25390625 0.5765625 0.01796875 0.01796875
0 0.23125 0.565625 0.01640625 0.0234375
0 0.21640625 0.57734375 0.01875 0.01953125
0 0.24765625 0.52734375 0.015625 0.02109375
0 0.3328125 0.5765625 0.01796875 0.02109375
0 0.37421875 0.584375 0.015625 0.02109375
0 0.3625 0.5453125 0.0140625 0.0171875
0 0.3734375 0.56875 0.0171875 0.01796875
0 0.3890625 0.6046875 0.01640625 0.01796875
0 0.37265625 0.53046875 0.0140625 0.0203125
0 0.3140625 0.50703125 0.0171875 0.01953125
0 0.3 0.50078125 0.015625 0.01640625
0 0.3046875 0.48046875 0.01796875 0.02109375
0 0.2859375 0.4734375 0.01796875 0.0203125
0 0.259375 0.48359375 0.015625 0.01875
0 0.24609375 0.4640625 0.0171875 0.01796875
0 0.29921875 0.45859375 0.01796875 0.0203125
0 0.259375 0.45 0.01640625 0.01875
0 0.3609375 0.48046875 0.01796875 0.01953125
0 0.325 0.4453125 0.01796875 0.0171875
0 0.4234375 0.621875 0.0171875 0.0171875
0 0.47265625 0.68125 0.01328125 0.01796875
0 0.4890625 0.68046875 0.01640625 0.021875
0 0.49140625 0.6609375 0.0203125 0.0203125
0 0.47109375 0.66484375 0.015625 0.01953125
0 0.46875 0.6484375 0.01796875 0.01953125
0 0.4609375 0.64375 0.00625 0.003125
0 0.46796875 0.63515625 0.02109375 0.015625
0 0.50546875 0.6734375 0.01484375 0.01640625
0 0.540625 0.68359375 0.0171875 0.01953125
0 0.58984375 0.6984375 0.01796875 0.01953125
0 0.59375 0.678125 0.0171875 0.0203125
0 0.5296875 0.6453125 0.0171875 0.01953125
0 0.52265625 0.61953125 0.0171875 0.01953125
0 0.54375 0.6375 0.015625 0.0171875
0 0.53359375 0.62890625 0.0171875 0.0203125
0 0.55703125 0.63359375 0.01640625 0.01796875
0 0.5390625 0.6140625 0.0171875 0.0171875
0 0.5640625 0.62265625 0.01484375 0.0171875
0 0.55546875 0.61328125 0.01484375 0.01796875
0 0.55390625 0.596875 0.01640625 0.01796875
0 0.60546875 0.65 0.021875 0.021875
0 0.59453125 0.6390625 0.01484375 0.01640625
0 0.68828125 0.7046875 0.01875 0.01953125
0 0.7359375 0.734375 0.02109375 0.0265625
0 0.71015625 0.7 0.01640625 0.02109375
0 0.69765625 0.6640625 0.0171875 0.021875
0 0.828125 0.70546875 0.01796875 0.021875
0 0.84453125 0.653125 0.015625 0.02265625
0 0.83046875 0.6515625 0.02265625 0.02578125
0 0.79921875 0.6375 0.01953125 0.02265625
0 0.83515625 0.62421875 0.01875 0.02265625
0 0.81796875 0.61328125 0.021875 0.02265625
0 0.17109375 0.4765625 0.01640625 0.01953125
0 0.153125 0.475 0.015625 0.0203125
0 0.18984375 0.44140625 0.015625 0.02109375
0 0.16875 0.40859375 0.015625 0.02109375
0 0.203125 0.40625 0.01640625 0.0171875
0 0.2234375 0.42578125 0.01484375 0.0171875
0 0.22421875 0.41015625 0.0140625 0.015625
0 0.2203125 0.3984375 0.01484375 0.01484375
0 0.21484375 0.3859375 0.01171875 0.0171875
0 0.19609375 0.38671875 0.0140625 0.01640625
0 0.1796875 0.390625 0.015625 0.01796875
0 0.1703125 0.3765625 0.0140625 0.01875
0 0.1984375 0.37421875 0.0125 0.015625
0 0.184375 0.37578125 0.01171875 0.01796875
0 0.21171875 0.371875 0.0125 0.01640625
0 0.1828125 0.3578125 0.015625 0.01875
0 0.19609375 0.359375 0.0140625 0.01875
0 0.2046875 0.3515625 0.0140625 0.015625
0 0.221875 0.3609375 0.01328125 0.01640625
0 0.21796875 0.346875 0.01328125 0.0171875
0 0.234375 0.35625 0.0140625 0.01640625
0 0.23984375 0.3453125 0.01328125 0.015625
0 0.27109375 0.3515625 0.015625 0.015625
0 0.2515625 0.33984375 0.01484375 0.015625
0 0.27109375 0.3265625 0.01328125 0.01484375
0 0.25625 0.3265625 0.01484375 0.015625
0 0.28203125 0.33671875 0.01484375 0.01640625
0 0.265625 0.3390625 0.01328125 0.01328125
0 0.28515625 0.32421875 0.0140625 0.0171875
0 0.29609375 0.3125 0.01484375 0.015625
0 0.30859375 0.33359375 0.01484375 0.01640625
0 0.2984375 0.325 0.0125 0.015625
0 0.32265625 0.33046875 0.0140625 0.015625
0 0.33828125 0.32421875 0.0125 0.015625
0 0.353125 0.32109375 0.0125 0.015625
0 0.33671875 0.34375 0.015625 0.015625
0 0.32734375 0.35390625 0.0140625 0.0140625
0 0.3578125 0.35625 0.0125 0.0140625
0 0.3375 0.365625 0.0140625 0.01484375
0 0.35703125 0.37109375 0.0140625 0.015625
0 0.35703125 0.33515625 0.0125 0.015625
0 0.37109375 0.32578125 0.0140625 0.01328125
0 0.3796875 0.353125 0.01328125 0.0171875
0 0.37578125 0.340625 0.0140625 0.01640625
0 0.38515625 0.325 0.01328125 0.0171875
0 0.39453125 0.36015625 0.01484375 0.01796875
0 0.40234375 0.34296875 0.01484375 0.01640625
0 0.39765625 0.33046875 0.01328125 0.015625
0 0.4171875 0.3609375 0.01875 0.0171875
0 0.4203125 0.34609375 0.0140625 0.015625
0 0.4375 0.359375 0.0171875 0.01640625
0 0.4625 0.3546875 0.0140625 0.01796875
0 0.4484375 0.36953125 0.01328125 0.0140625
0 0.48203125 0.3515625 0.0125 0.015625
0 0.453125 0.309375 0.015625 0.0171875
0 0.44453125 0.290625 0.01328125 0.0171875
0 0.4578125 0.28203125 0.0140625 0.01484375
0 0.46484375 0.26875 0.01484375 0.01640625
0 0.478125 0.25625 0.015625 0.01484375
0 0.48359375 0.24375 0.015625 0.01640625
0 0.4828125 0.22890625 0.01328125 0.015625
0 0.48515625 0.21328125 0.0125 0.01484375
0 0.4953125 0.2015625 0.01484375 0.01640625
0 0.4140625 0.284375 0.01484375 0.015625
0 0.42421875 0.33359375 0.01328125 0.0140625
0 0.41953125 0.32109375 0.015625 0.0140625
0 0.4109375 0.2640625 0.015625 0.0171875
0 0.425 0.24765625 0.0140625 0.01640625
0 0.428125 0.2265625 0.01484375 0.01484375
0 0.4390625 0.209375 0.01484375 0.015625
0 0.4078125 0.1984375 0.01328125 0.0140625
0 0.36640625 0.22734375 0.0171875 0.01484375
0 0.36328125 0.21484375 0.01640625 0.01484375
0 0.378125 0.21796875 0.015625 0.0171875
0 0.3953125 0.45234375 0.01796875 0.0171875
0 0.38515625 0.5046875 0.01640625 0.015625
0 0.40078125 0.49765625 0.01484375 0.01640625
0 0.409375 0.4875 0.01875 0.01875
0 0.375 0.44140625 0.01484375 0.0171875
0 0.35859375 0.428125 0.015625 0.01484375
0 0.39765625 0.43671875 0.01640625 0.015625
0 0.40859375 0.42578125 0.01640625 0.01875
0 0.39765625 0.4125 0.015625 0.015625
0 0.384375 0.4171875 0.0171875 0.015625
0 0.37265625 0.40234375 0.01484375 0.01484375
0 0.4015625 0.39921875 0.01640625 0.01640625
0 0.428125 0.415625 0.01640625 0.01796875
0 0.46796875 0.62109375 0.015625 0.0171875
0 0.41953125 0.6046875 0.015625 0.01640625
0 0.403125 0.61328125 0.01640625 0.0203125
0 0.403125 0.6 0.01484375 0.01640625
0 0.41015625 0.58828125 0.01484375 0.01640625
0 0.39609375 0.58125 0.01484375 0.01640625
0 0.40859375 0.57421875 0.015625 0.015625
0 0.43828125 0.596875 0.01640625 0.01640625
0 0.4203125 0.5796875 0.015625 0.01640625
0 0.41796875 0.5640625 0.01640625 0.015625
0 0.43359375 0.58359375 0.015625 0.01796875
0 0.425 0.55078125 0.0140625 0.01640625
0 0.45546875 0.603125 0.01640625 0.01640625
0 0.45078125 0.58984375 0.01328125 0.01484375
0 0.4453125 0.57578125 0.0140625 0.01640625
0 0.4390625 0.56484375 0.01484375 0.0171875
0 0.4671875 0.5921875 0.015625 0.01640625
0 0.46171875 0.57890625 0.01484375 0.015625
0 0.45 0.55625 0.01640625 0.01484375
0 0.44609375 0.54375 0.0140625 0.0125
0 0.47578125 0.58046875 0.015625 0.0171875
0 0.4703125 0.56875 0.015625 0.01484375
0 0.45859375 0.53515625 0.01328125 0.015625
0 0.48125 0.5515625 0.015625 0.0171875
0 0.48515625 0.53984375 0.015625 0.0171875
0 0.50546875 0.5875 0.015625 0.01875
0 0.49453125 0.5796875 0.0140625 0.015625
0 0.46640625 0.5203125 0.01484375 0.01640625
0 0.4640625 0.50625 0.01484375 0.015625
0 0.48359375 0.4921875 0.015625 0.015625
0 0.47578125 0.51015625 0.015625 0.01640625
0 0.478125 0.47890625 0.01328125 0.01640625
0 0.5171875 0.465625 0.0140625 0.01640625
0 0.49296875 0.4765625 0.01484375 0.015625
0 0.50390625 0.46484375 0.0140625 0.0171875
0 0.4734375 0.421875 0.01484375 0.015625
0 0.496875 0.40625 0.0140625 0.0171875
0 0.4828125 0.396875 0.0140625 0.01640625
0 0.51640625 0.3984375 0.01484375 0.01640625
0 0.5234375 0.38359375 0.01484375 0.01484375
0 0.52109375 0.36875 0.01484375 0.01640625
0 0.5046875 0.3734375 0.0140625 0.01640625
0 0.4953125 0.36328125 0.01484375 0.01484375
0 0.50546875 0.35 0.01484375 0.01640625
0 0.50390625 0.3359375 0.01484375 0.01640625
0 0.5109375 0.30546875 0.015625 0.0171875
0 0.60859375 0.63515625 0.01484375 0.01484375
0 0.6265625 0.63359375 0.015625 0.0171875
0 0.61484375 0.6234375 0.015625 0.0171875
0 0.63984375 0.6296875 0.015625 0.015625
0 0.63671875 0.615625 0.0140625 0.01640625
0 0.6515625 0.61328125 0.01484375 0.01796875
0 0.6328125 0.60234375 0.0140625 0.0171875
0 0.66328125 0.603125 0.015625 0.01796875
0 0.646875 0.5984375 0.01484375 0.01640625
0 0.63125 0.58828125 0.01640625 0.0171875
0 0.65703125 0.58671875 0.01484375 0.015625
0 0.64140625 0.575 0.01484375 0.015625
0 0.67109375 0.5890625 0.015625 0.0171875
0 0.66640625 0.575 0.015625 0.0171875
0 0.65390625 0.56640625 0.01484375 0.0171875
0 0.6 0.565625 0.01484375 0.0171875
0 0.61328125 0.56796875 0.0140625 0.0171875
0 0.68046875 0.59921875 0.01484375 0.01640625
0 0.6984375 0.58125 0.01484375 0.0171875
0 0.6953125 0.603125 0.015625 0.01796875
0 0.5859375 0.5640625 0.01484375 0.0171875
0 0.56796875 0.5578125 0.0171875 0.01640625
0 0.628125 0.55625 0.01640625 0.01796875
0 0.6171875 0.54765625 0.015625 0.0171875
0 0.60078125 0.5421875 0.015625 0.01640625
0 0.5859375 0.53828125 0.01640625 0.0171875
0 0.56328125 0.534375 0.015625 0.0171875
0 0.59921875 0.5234375 0.015625 0.0171875
0 0.58125 0.51640625 0.01640625 0.01875
0 0.5671875 0.52109375 0.01484375 0.01640625
0 0.5609375 0.51015625 0.015625 0.01640625
0 0.55390625 0.49765625 0.01484375 0.015625
0 0.57421875 0.5015625 0.015625 0.0171875
0 0.575 0.48359375 0.01640625 0.01796875
0 0.60546875 0.503125 0.015625 0.01796875
0 0.590625 0.4703125 0.015625 0.0171875
0 0.609375 0.4890625 0.015625 0.01640625
0 0.56953125 0.446875 0.01484375 0.0171875
0 0.62109375 0.4359375 0.01640625 0.0171875
0 0.58515625 0.44140625 0.015625 0.01953125
0 0.5578125 0.43125 0.01484375 0.015625
0 0.60703125 0.43359375 0.01484375 0.01796875
0 0.5453125 0.42421875 0.015625 0.015625
0 0.58046875 0.41328125 0.01484375 0.01640625
0 0.5640625 0.41953125 0.01640625 0.01640625
0 0.55078125 0.4125 0.01484375 0.01640625
0 0.5375 0.40625 0.01484375 0.01484375
0 0.5640625 0.40625 0.01640625 0.015625
0 0.5515625 0.39921875 0.0140625 0.015625
0 0.5703125 0.3953125 0.01640625 0.015625
0 0.5546875 0.3859375 0.015625 0.0140625
0 0.54921875 0.3515625 0.01484375 0.0171875
0 0.56875 0.3828125 0.01328125 0.0171875
0 0.57109375 0.36640625 0.01640625 0.01640625
0 0.56328125 0.35 0.01328125 0.01796875
0 0.6734375 0.5546875 0.0171875 0.01875
0 0.66484375 0.55 0.01328125 0.015625
0 0.65078125 0.55 0.01640625 0.0171875
0 0.63359375 0.54140625 0.0171875 0.015625
0 0.6296875 0.52421875 0.01640625 0.01640625
0 0.62890625 0.51171875 0.01875 0.015625
0 0.62734375 0.4984375 0.0171875 0.015625
0 0.68046875 0.5296875 0.015625 0.01796875
0 0.73046875 0.6140625 0.0171875 0.01875
0 0.7234375 0.59921875 0.01484375 0.0171875
0 0.75625 0.6 0.01484375 0.01875
0 0.7421875 0.60390625 0.01796875 0.01953125
0 0.7265625 0.58671875 0.01640625 0.0171875
0 0.7296875 0.565625 0.0171875 0.01875
0 0.709375 0.54921875 0.01640625 0.01796875
0 0.696875 0.54140625 0.01640625 0.01875
0 0.73046875 0.54296875 0.01796875 0.01796875
0 0.69453125 0.528125 0.01640625 0.0171875
0 0.690625 0.49765625 0.01953125 0.01875
0 0.77578125 0.5875 0.01953125 0.01875
0 0.76875 0.5734375 0.01796875 0.01796875
0 0.82265625 0.59453125 0.0171875 0.01953125
0 0.81015625 0.58671875 0.01640625 0.01875
0 0.84453125 0.58984375 0.01953125 0.01796875
0 0.8234375 0.56171875 0.01796875 0.01796875
0 0.846875 0.57265625 0.01875 0.01953125
0 0.7828125 0.546875 0.01953125 0.0203125
0 0.76875 0.53125 0.01796875 0.01875
0 0.75078125 0.525 0.01640625 0.0171875
0 0.73828125 0.50390625 0.015625 0.01875
0 0.76484375 0.5171875 0.01640625 0.01875
0 0.75625 0.503125 0.01640625 0.0203125
0 0.72890625 0.49140625 0.01640625 0.01796875
0 0.76796875 0.49609375 0.01640625 0.0171875
0 0.73203125 0.47890625 0.01953125 0.0171875
0 0.78671875 0.49609375 0.01796875 0.0171875
0 0.71484375 0.4890625 0.01796875 0.01640625
0 0.796875 0.48515625 0.01796875 0.01796875
0 0.784375 0.46875 0.01640625 0.01875
0 0.72578125 0.4671875 0.0171875 0.01640625
0 0.71015625 0.475 0.01484375 0.01640625
0 0.7828125 0.4515625 0.015625 0.0171875
0 0.6875 0.46328125 0.01796875 0.01796875
0 0.78359375 0.4328125 0.01640625 0.01953125
0 0.703125 0.4609375 0.0171875 0.0171875
0 0.69453125 0.44609375 0.0171875 0.01796875
0 0.76171875 0.41796875 0.01640625 0.0171875
0 0.77421875 0.41484375 0.015625 0.0171875
0 0.7125 0.45 0.01796875 0.01640625
0 0.71328125 0.43359375 0.015625 0.01640625
0 0.70078125 0.4265625 0.0171875 0.01640625
0 0.6859375 0.428125 0.01640625 0.01875
0 0.6734375 0.43359375 0.015625 0.0171875
0 0.6625 0.42421875 0.01640625 0.015625
0 0.76953125 0.4015625 0.015625 0.01796875
0 0.75625 0.40625 0.01640625 0.0171875
0 0.74453125 0.39296875 0.01796875 0.01640625
0 0.71953125 0.40546875 0.01796875 0.01875
0 0.68984375 0.41328125 0.015625 0.0171875
0 0.703125 0.40859375 0.01484375 0.0171875
0 0.6765625 0.41796875 0.0171875 0.01953125
0 0.6625 0.41015625 0.01640625 0.01640625
0 0.69765625 0.396875 0.01640625 0.0171875
0 0.68046875 0.40390625 0.01640625 0.01796875
0 0.66328125 0.39609375 0.015625 0.015625
0 0.71171875 0.38828125 0.0171875 0.01796875
0 0.68515625 0.3890625 0.0171875 0.01875
0 0.64921875 0.40703125 0.021875 0.01875
0 0.62265625 0.4125 0.01875 0.0203125
0 0.60625 0.415625 0.015625 0.01796875
0 0.60703125 0.4 0.0171875 0.0171875
0 0.59375 0.39375 0.01640625 0.0171875
0 0.75859375 0.38671875 0.01484375 0.01640625
0 0.74453125 0.37890625 0.015625 0.01640625
0 0.73046875 0.3828125 0.01640625 0.01640625
0 0.73203125 0.36796875 0.015625 0.0171875
0 0.76640625 0.37578125 0.015625 0.01875
0 0.74609375 0.36484375 0.015625 0.01953125
0 0.76953125 0.36171875 0.015625 0.01875
0 0.753125 0.35078125 0.01484375 0.01640625
0 0.73828125 0.34921875 0.015625 0.01796875
0 0.7234375 0.3484375 0.0140625 0.01796875
0 0.66875 0.359375 0.0171875 0.0171875
0 0.72109375 0.33359375 0.01796875 0.01640625
0 0.715625 0.3203125 0.01796875 0.01796875
0 0.7515625 0.328125 0.0171875 0.01875
0 0.7359375 0.33046875 0.0171875 0.01953125
0 0.73203125 0.315625 0.01640625 0.0171875
0 0.7515625 0.31484375 0.0171875 0.015625
0 0.67890625 0.346875 0.01484375 0.0171875
0 0.66640625 0.3390625 0.015625 0.0171875
0 0.690625 0.33828125 0.01640625 0.01640625
0 0.67734375 0.328125 0.01640625 0.01875
0 0.75078125 0.3 0.01796875 0.01796875
0 0.73359375 0.29921875 0.015625 0.01796875
0 0.7140625 0.2953125 0.01640625 0.01796875
0 0.740625 0.28515625 0.01484375 0.01953125
0 0.72578125 0.28125 0.01484375 0.01875
0 0.67265625 0.28515625 0.01796875 0.01796875
0 0.6109375 0.3359375 0.0171875 0.01953125
0 0.5921875 0.32109375 0.01796875 0.01875
0 0.67578125 0.26796875 0.01875 0.0171875
0 0.6609375 0.2625 0.0171875 0.01796875
0 0.553125 0.303125 0.01953125 0.01953125
0 0.54921875 0.2890625 0.015625 0.01640625
0 0.6140625 0.2578125 0.01484375 0.0171875
0 0.5609375 0.2765625 0.0171875 0.01875
0 0.62890625 0.25234375 0.01484375 0.01640625
0 0.55078125 0.26640625 0.01484375 0.015625
0 0.57109375 0.26640625 0.0171875 0.01640625
0 0.615625 0.24375 0.01484375 0.015625
0 0.596875 0.25 0.01640625 0.015625
0 0.6390625 0.23984375 0.01875 0.015625
0 0.58359375 0.253125 0.015625 0.01875
0 0.5625 0.25234375 0.0140625 0.01796875
0 0.54140625 0.253125 0.0171875 0.01640625
0 0.5734375 0.2421875 0.0171875 0.01796875
0 0.6578125 0.1578125 0.0203125 0.0203125
0 0.85546875 0.53515625 0.02265625 0.021875
0 0.8171875 0.528125 0.01640625 0.01796875
0 0.83203125 0.528125 0.01640625 0.0203125
0 0.8796875 0.5140625 0.025 0.02109375
0 0.85 0.50859375 0.01875 0.01875
0 0.8171875 0.51171875 0.021875 0.01953125
0 0.8546875 0.4921875 0.0203125 0.0234375
0 0.83203125 0.4625 0.025 0.0203125
0 0.82109375 0.45 0.02421875 0.01953125
0 0.84375 0.4515625 0.01875 0.02421875
0 0.83671875 0.4390625 0.01328125 0.0171875
0 0.825 0.4328125 0.015625 0.01640625
0 0.85 0.4375 0.01953125 0.0203125
0 0.834375 0.425 0.0171875 0.01640625
0 0.8515625 0.41796875 0.0171875 0.0203125
0 0.84140625 0.40625 0.015625 0.0171875
0 0.853125 0.39765625 0.01640625 0.02109375
0 0.84453125 0.38671875 0.01875 0.01953125
0 0.83828125 0.37734375 0.01640625 0.0203125
0 0.87421875 0.37421875 0.01953125 0.02109375
0 0.84765625 0.3640625 0.01953125 0.01875
0 0.83828125 0.35703125 0.0171875 0.01875
0 0.846875 0.3453125 0.01640625 0.01796875
0 0.85390625 0.32890625 0.015625 0.01875
0 0.85078125 0.30703125 0.01875 0.01796875
0 0.809375 0.31328125 0.01953125 0.02265625
0 0.79140625 0.40703125 0.0171875 0.01796875
0 0.80546875 0.4 0.01796875 0.021875
0 0.80625 0.38515625 0.0203125 0.01640625
0 0.7921875 0.27734375 0.01640625 0.01796875
0 0.3328125 0.6140625 0.01953125 0.01953125
0 0.44296875 0.34140625 0.0171875 0.01953125