0 0.63671875 0.4203125 0.021875 0.01875
0 0.603125 0.40546875 0.021875 0.0203125
0 0.58125 0.4546875 0.0171875 0.0171875
0 0.584375 0.47421875 0.01875 0.0203125
0 0.575 0.49140625 0.0171875 0.0171875
0 0.59453125 0.51953125 0.0203125 0.0203125
0 0.60546875 0.5359375 0.01875 0.0171875
0 0.5984375 0.57890625 0.0203125 0.0203125
0 0.57109375 0.5796875 0.0203125 0.01875
0 0.55 0.59921875 0.0203125 0.01875
0 0.5359375 0.6109375 0.0203125 0.0171875
0 0.5078125 0.58203125 0.0203125 0.0171875
0 0.53984375 0.57578125 0.0203125 0.0171875
0 0.49609375 0.55859375 0.0203125 0.01875
0 0.5515625 0.56640625 0.0203125 0.0171875
0 0.52890625 0.565625 0.0171875 0.0171875
0 0.5390625 0.5546875 0.01875 0.0171875
0 0.58515625 0.53046875 0.0171875 0.0171875
0 0.5578125 0.53203125 0.0171875 0.01875
0 0.571875 0.5234375 0.0203125 0.0171875
0 0.5546875 0.51640625 0.01875 0.0171875
0 0.53671875 0.5265625 0.0171875 0.0171875
0 0.56328125 0.43671875 0.0203125 0.0171875
0 0.55078125 0.45 0.01875 0.0171875
0 0.53828125 0.4671875 0.01875 0.0171875
0 0.51953125 0.490625 0.0203125 0.01875
0 0.51171875 0.50546875 0.0203125 0.01875
0 0.4953125 0.515625 0.01875 0.0171875
0 0.490625 0.4984375 0.0171875 0.0171875
0 0.48046875 0.540625 0.0203125 0.0171875