0 0.4359375 0.3703125 0.025 0.025
0 0.2359375 0.503125 0.0359375 0.0359375
0 0.3234375 0.4875 0.0296875 0.0296875
0 0.16484375 0.703125 0.03125 0.0328125
0 0.3375 0.59765625 0.0296875 0.0296875
0 0.596875 0.48125 0.0328125 0.03125
0 0.396875 0.6875 0.0296875 0.03125
0 0.81640625 0.546875 0.034375 0.03125
0 0.6828125 0.63515625 0.03125 0.03125
0 0.27265625 0.74375 0.03125 0.03125
0 0.4734375 0.54296875 0.028125 0.0296875
0 0.55625 0.4328125 0.034375 0.03125
0 0.34296875 0.66953125 0.03125 0.03125
0 0.68671875 0.1703125 0.03125 0.0328125
0 0.71953125 0.5078125 0.0328125 0.03125
0 0.275 0.67265625 0.03125 0.03125
0 0.31484375 0.690625 0.03125 0.034375
0 0.6703125 0.31484375 0.0328125 0.03125
0 0.24296875 0.57421875 0.03125 0.0296875
0 0.44140625 0.05546875 0.03125 0.03125
0 0.38046875 0.77421875 0.0296875 0.03125
0 0.25234375 0.64921875 0.0328125 0.0328125
0 0.70390625 0.578125 0.034375 0.03125
0 0.67734375 0.75546875 0.0328125 0.0328125
0 0.3140625 0.80390625 0.03125 0.034375
0 0.45078125 0.7046875 0.0296875 0.03125
0 0.790625 0.25078125 0.034375 0.03125
0 0.60234375 0.6984375 0.03125 0.034375
0 0.5765625 0.18359375 0.03125 0.034375
0 0.709375 0.4671875 0.03125 0.0328125
0 0.36875 0.07578125 0.03125 0.03125
0 0.72421875 0.54140625 0.03125 0.03125
0 0.55546875 0.215625 0.0296875 0.03125
0 0.6859375 0.42265625 0.03125 0.03125
0 0.51171875 0.4578125 0.0328125 0.03125
0 0.6140625 0.0390625 0.028125 0.03125
0 0.3796875 0.57734375 0.0296875 0.0296875
0 0.628125 0.76875 0.03125 0.03125
0 0.4328125 0.75 0.0296875 0.03125
0 0.67421875 0.215625 0.03125 0.03125
0 0.35234375 0.53046875 0.03125 0.03125
0 0.43984375 0.78671875 0.0296875 0.03125
0 0.5359375 0.48671875 0.0296875 0.0296875
0 0.62265625 0.61328125 0.03125 0.0296875
0 0.48984375 0.74765625 0.0296875 0.03125
0 0.7375 0.203125 0.0296875 0.034375
0 0.35078125 0.28046875 0.0296875 0.0296875
0 0.321875 0.08515625 0.028125 0.0296875
0 0.740625 0.43828125 0.03125 0.03125
0 0.6984375 0.20234375 0.03125 0.034375
0 0.5421875 0.6828125 0.03125 0.03125
0 0.49921875 0.71875 0.03125 0.03125
0 0.52578125 0.7890625 0.0296875 0.03125
0 0.71328125 0.42890625 0.03125 0.0328125
0 0.3921875 0.52578125 0.0296875 0.03125
0 0.58515625 0.77734375 0.0296875 0.03125
0 0.7453125 0.4640625 0.03125 0.03125
0 0.6484375 0.28359375 0.03125 0.0328125
0 0.52109375 0.409375 0.0296875 0.03125
0 0.371875 0.5484375 0.03125 0.0296875
0 0.596875 0.5921875 0.03125 0.03125
0 0.59140625 0.35625 0.03125 0.03125
0 0.41796875 0.5875 0.0296875 0.03125
0 0.53125 0.2421875 0.028125 0.03125
0 0.56640625 0.71953125 0.03125 0.03125
0 0.56328125 0.60703125 0.03125 0.0296875
0 0.32734375 0.37734375 0.0296875 0.03125
0 0.5875 0.246875 0.0328125 0.03125
0 0.471875 0.48125 0.028125 0.03125
0 0.40859375 0.31875 0.03125 0.03125
0 0.446875 0.64921875 0.03125 0.03125
0 0.459375 0.2203125 0.03125 0.03125
0 0.56171875 0.35625 0.034375 0.03125
0 0.4390625 0.48125 0.0296875 0.03125
0 0.36640625 0.10703125 0.03125 0.03125
0 0.34609375 0.43046875 0.03125 0.03125
0 0.321875 0.1125 0.0296875 0.034375
0 0.54140625 0.7109375 0.0296875 0.0296875
0 0.49609375 0.49296875 0.03125 0.03125
0 0.3609375 0.45390625 0.03125 0.03125
0 0.57265625 0.28046875 0.03125 0.034375
0 0.2375 0.59921875 0.03125 0.03125
0 0.503125 0.58046875 0.0296875 0.03125
0 0.38046875 0.490625 0.0296875 0.0296875
0 0.35234375 0.3078125 0.03125 0.03125
0 0.51328125 0.215625 0.03125 0.0328125
0 0.4265625 0.6203125 0.0296875 0.0296875
0 0.5640625 0.58203125 0.03125 0.03125
0 0.409375 0.48671875 0.028125 0.0296875
0 0.62578125 0.25703125 0.03125 0.03125
0 0.5484375 0.33203125 0.0296875 0.03125
0 0.23203125 0.61875 0.0296875 0.03125
0 0.34609375 0.09375 0.028125 0.03125
0 0.52578125 0.5625 0.0296875 0.03125
0 0.57265625 0.31171875 0.03125 0.03125
0 0.4859375 0.21328125 0.0296875 0.03125
0 0.48046875 0.24296875 0.03125 0.034375
0 0.47421875 0.58984375 0.028125 0.0296875
0 0.478125 0.61875 0.0296875 0.0296875
0 0.3890625 0.4578125 0.03125 0.0296875
0 0.6 0.30703125 0.0296875 0.03125
0 0.47578125 0.284375 0.03125 0.0328125
0 0.51875 0.38046875 0.0296875 0.03125
0 0.4171875 0.4546875 0.03125 0.03125
0 0.346875 0.33359375 0.03125 0.03125
0 0.4265625 0.40546875 0.03125 0.034375
0 0.62109375 0.28828125 0.0296875 0.03125
0 0.6 0.26875 0.028125 0.03125
0 0.446875 0.59453125 0.0296875 0.0296875
0 0.5046875 0.2421875 0.0296875 0.03125
0 0.5296875 0.3546875 0.03125 0.03125
0 0.53671875 0.57734375 0.03125 0.03125
0 0.47578125 0.37265625 0.028125 0.0296875
0 0.45234375 0.62265625 0.0296875 0.028125
0 0.43046875 0.43125 0.03125 0.0296875
0 0.4578125 0.35625 0.03125 0.0328125
0 0.50546875 0.28203125 0.0359375 0.0328125
0 0.4796875 0.3125 0.03125 0.03125
0 0.38125 0.39375 0.028125 0.03125
0 0.5 0.36015625 0.03125 0.03125
0 0.503125 0.3109375 0.0296875 0.03125
0 0.3484375 0.36015625 0.03125 0.03125
0 0.4125 0.37890625 0.0296875 0.03125
0 0.48671875 0.33671875 0.0296875 0.03125
0 0.446875 0.3828125 0.028125 0.03125
0 0.36328125 0.4125 0.03125 0.0296875
0 0.390625 0.365625 0.028125 0.03125
0 0.39609375 0.34296875 0.028125 0.03125
0 0.421875 0.353125 0.03125 0.03125
0 0.5125 0.334375 0.03125 0.03125
0 0.35703125 0.38515625 0.0296875 0.03125
0 0.37109375 0.3453125 0.0296875 0.03125