0 0.63046875 0.1984375 0.0328125 0.0265625
0 0.696875 0.22890625 0.0265625 0.025
0 0.70859375 0.2109375 0.0234375 0.021875
0 0.7203125 0.23359375 0.0234375 0.0234375
0 0.7640625 0.2578125 0.025 0.021875
0 0.7671875 0.28515625 0.0234375 0.0234375
0 0.79296875 0.2875 0.0265625 0.0265625
0 0.7328125 0.30234375 0.0234375 0.0234375
0 0.75078125 0.31796875 0.025 0.0234375
0 0.71171875 0.3484375 0.03125 0.028125
0 0.6390625 0.2390625 0.028125 0.028125
0 0.61328125 0.28203125 0.03125 0.028125
0 0.61953125 0.25703125 0.0296875 0.025
0 0.590625 0.2875 0.0265625 0.0265625
0 0.5453125 0.25390625 0.03125 0.028125
0 0.5484375 0.2828125 0.0265625 0.0265625
0 0.56953125 0.29609375 0.028125 0.028125
0 0.571875 0.32890625 0.03125 0.028125
0 0.4609375 0.275 0.0359375 0.028125
0 0.4609375 0.30390625 0.034375 0.028125
0 0.43359375 0.33984375 0.034375 0.028125
0 0.46328125 0.36015625 0.034375 0.028125
0 0.48671875 0.3453125 0.0328125 0.0265625
0 0.59765625 0.35859375 0.0296875 0.028125
0 0.60390625 0.3828125 0.0265625 0.025
0 0.70390625 0.5078125 0.028125 0.021875
0 0.19765625 0.3046875 0.0484375 0.0328125
0 0.33203125 0.3390625 0.0359375 0.03125
0 0.32578125 0.36796875 0.034375 0.028125
0 0.33046875 0.38984375 0.0328125 0.028125
0 0.36015625 0.37578125 0.0359375 0.028125
0 0.3625 0.396875 0.0234375 0.0203125
0 0.384375 0.42890625 0.0328125 0.025
0 0.3671875 0.415625 0.0296875 0.021875
0 0.4078125 0.45078125 0.0375 0.028125
0 0.19921875 0.3453125 0.040625 0.0328125
0 0.1703125 0.384375 0.0375 0.03125
0 0.24609375 0.3953125 0.0375 0.0328125
0 0.2734375 0.415625 0.034375 0.03125
0 0.28828125 0.44140625 0.0375 0.03125
0 0.146875 0.403125 0.040625 0.0296875
0 0.15703125 0.43828125 0.0390625 0.0296875
0 0.1875 0.4640625 0.0375 0.028125
0 0.21953125 0.46484375 0.0359375 0.028125
0 0.2515625 0.4546875 0.0375 0.03125
0 0.25 0.48125 0.0375 0.0296875
0 0.184375 0.490625 0.034375 0.03125
0 0.2046875 0.51171875 0.0375 0.03125
0 0.23828125 0.51328125 0.0359375 0.0328125
0 0.334375 0.50859375 0.0375 0.03125
0 0.35703125 0.49296875 0.0390625 0.028125
0 0.38046875 0.509375 0.0328125 0.025
0 0.3953125 0.5328125 0.0359375 0.028125
0 0.4265625 0.5328125 0.034375 0.028125
0 0.584375 0.5203125 0.03125 0.025
0 0.5734375 0.4984375 0.03125 0.028125
0 0.53203125 0.4828125 0.03125 0.0296875
0 0.4953125 0.47890625 0.028125 0.028125
0 0.51015625 0.48515625 0.01875 0.0265625
0 0.47890625 0.50703125 0.03125 0.028125
0 0.45625 0.49609375 0.034375 0.028125
0 0.47109375 0.4765625 0.0296875 0.025
0 0.515625 0.39921875 0.034375 0.028125
0 0.49296875 0.4234375 0.0359375 0.025
0 0.52890625 0.43828125 0.0328125 0.0265625
0 0.546875 0.4265625 0.0296875 0.025
0 0.6125 0.41015625 0.0296875 0.021875
0 0.61171875 0.42890625 0.0265625 0.025
0 0.62890625 0.434375 0.021875 0.0265625
0 0.59765625 0.44140625 0.0265625 0.0265625
0 0.63828125 0.4546875 0.028125 0.025
0 0.57265625 0.4578125 0.0296875 0.0265625
0 0.6171875 0.4734375 0.0296875 0.025
0 0.59296875 0.47578125 0.025 0.0234375
0 0.646875 0.4859375 0.0265625 0.021875
0 0.671875 0.478125 0.0265625 0.025
0 0.64453125 0.47109375 0.0234375 0.0140625
0 0.72734375 0.41640625 0.028125 0.028125
0 0.82265625 0.4390625 0.0296875 0.025
0 0.7515625 0.44765625 0.0265625 0.025
0 0.70234375 0.48203125 0.0265625 0.0234375
0 0.7203125 0.4890625 0.0203125 0.0234375
0 0.64765625 0.5109375 0.025 0.021875
0 0.6265625 0.496875 0.025 0.0234375
0 0.63203125 0.525 0.0265625 0.025
0 0.6640625 0.503125 0.0234375 0.0203125
0 0.66328125 0.528125 0.0265625 0.025
0 0.75703125 0.51328125 0.0265625 0.025
0 0.68984375 0.5234375 0.0234375 0.0203125
0 0.6828125 0.50859375 0.0203125 0.0171875
0 0.6921875 0.54140625 0.025 0.0234375
0 0.64609375 0.56796875 0.0265625 0.025
0 0.6625 0.55 0.025 0.021875
0 0.71953125 0.5609375 0.0265625 0.021875
0 0.67421875 0.6046875 0.025 0.025
0 0.5078125 0.6328125 0.0296875 0.0265625
0 0.49609375 0.65546875 0.03125 0.028125
0 0.62578125 0.13984375 0.0390625 0.034375