0 0.48359375 0.58359375 0.0140625 0.0140625
0 0.496875 0.5796875 0.0140625 0.015625
0 0.4515625 0.5578125 0.0140625 0.0140625
0 0.44296875 0.54453125 0.0171875 0.0203125
0 0.43046875 0.5125 0.0140625 0.0140625
0 0.4375 0.52734375 0.0140625 0.015625
0 0.45078125 0.571875 0.0140625 0.0140625
0 0.521875 0.55703125 0.0140625 0.0140625
0 0.428125 0.5453125 0.0140625 0.0140625
0 0.56796875 0.5109375 0.0140625 0.015625
0 0.28125 0.503125 0.0125 0.0125
0 0.4609375 0.64375 0.0171875 0.0203125
0 0.26953125 0.4546875 0.0125 0.0125
0 0.421875 0.55859375 0.0140625 0.0140625
0 0.51484375 0.53046875 0.0140625 0.0140625
0 0.43828125 0.584375 0.0140625 0.015625
0 0.3265625 0.4828125 0.0125 0.0125
0 0.4234375 0.48984375 0.0140625 0.0140625
0 0.41328125 0.54140625 0.0140625 0.015625
0 0.428125 0.57109375 0.0140625 0.0140625
0 0.3640625 0.646875 0.0140625 0.0140625
0 0.440625 0.50390625 0.0140625 0.0140625
0 0.5609375 0.5890625 0.015625 0.015625
0 0.42109375 0.50546875 0.0140625 0.0140625
0 0.41875 0.5234375 0.0140625 0.0140625
0 0.5 0.6203125 0.0140625 0.015625
0 0.46875 0.6109375 0.0140625 0.015625
0 0.4640625 0.58515625 0.0140625 0.015625
0 0.38515625 0.66328125 0.0140625 0.0140625
0 0.3171875 0.478125 0.0140625 0.0140625
0 0.26484375 0.47578125 0.009375 0.0109375
0 0.4484375 0.6015625 0.0140625 0.0140625
0 0.31796875 0.43359375 0.0125 0.0125
0 0.3203125 0.50546875 0.0140625 0.0140625
0 0.50078125 0.54140625 0.0140625 0.0140625
0 0.41015625 0.56171875 0.0140625 0.0140625
0 0.42265625 0.4765625 0.0140625 0.0140625
0 0.4375 0.4734375 0.0140625 0.0140625
0 0.3375 0.4375 0.0109375 0.0125
0 0.2953125 0.45390625 0.009375 0.0109375
0 0.50625 0.60625 0.0140625 0.015625
0 0.359375 0.47265625 0.0125 0.0125
0 0.50625 0.4671875 0.0140625 0.0140625
0 0.49609375 0.59609375 0.0140625 0.015625
0 0.484375 0.6015625 0.0140625 0.015625
0 0.50390625 0.56796875 0.0171875 0.0171875
0 0.5765625 0.53984375 0.015625 0.015625
0 0.34609375 0.5 0.0140625 0.015625
0 0.33515625 0.49765625 0.0125 0.0125
0 0.31171875 0.3859375 0.009375 0.009375
0 0.365625 0.62890625 0.0140625 0.0140625
0 0.5171875 0.61953125 0.0140625 0.015625
0 0.365625 0.6 0.0140625 0.0140625
0 0.33828125 0.4828125 0.0125 0.0125
0 0.43984375 0.45703125 0.0140625 0.0140625
0 0.5234375 0.63828125 0.015625 0.0140625
0 0.30234375 0.46796875 0.0140625 0.0140625
0 0.56015625 0.49765625 0.015625 0.015625
0 0.28515625 0.47109375 0.0125 0.0125
0 0.31171875 0.44609375 0.0125 0.0125
0 0.46015625 0.59921875 0.0140625 0.015625
0 0.55859375 0.53046875 0.0203125 0.0203125
0 0.428125 0.4515625 0.0140625 0.0140625
0 0.5703125 0.5265625 0.0140625 0.015625
0 0.578125 0.49140625 0.01875 0.0203125
0 0.5703125 0.4796875 0.0203125 0.01875
0 0.56171875 0.56953125 0.01875 0.0203125
0 0.3515625 0.515625 0.0125 0.0125
0 0.51953125 0.5421875 0.0140625 0.015625
0 0.453125 0.503125 0.0140625 0.0140625
0 0.39609375 0.42265625 0.0140625 0.0140625
0 0.5375 0.6328125 0.0140625 0.015625
0 0.2609375 0.49296875 0.0109375 0.0125
0 0.4296875 0.46484375 0.0140625 0.015625
0 0.3515625 0.59921875 0.0140625 0.0140625
0 0.30546875 0.49140625 0.0125 0.0125
0 0.37890625 0.471875 0.0140625 0.0140625
0 0.5875 0.5484375 0.01875 0.0203125
0 0.4328125 0.55703125 0.0140625 0.0140625
0 0.521875 0.51640625 0.015625 0.0140625
0 0.30390625 0.5140625 0.0140625 0.0140625
0 0.384375 0.4421875 0.0125 0.0125
0 0.44765625 0.48125 0.0140625 0.0140625
0 0.34140625 0.5328125 0.0125 0.0125
0 0.5921875 0.50390625 0.015625 0.015625
0 0.37265625 0.45859375 0.0125 0.0125
0 0.37578125 0.64296875 0.0140625 0.015625
0 0.38984375 0.63203125 0.0140625 0.015625
0 0.58046875 0.5625 0.015625 0.015625
0 0.5546875 0.63125 0.01875 0.0203125
0 0.596875 0.46953125 0.021875 0.021875
0 0.34609375 0.4453125 0.0125 0.0125
0 0.3671875 0.48125 0.0140625 0.0140625
0 0.32734375 0.42578125 0.0109375 0.0125
0 0.27734375 0.5234375 0.0109375 0.0125
0 0.39296875 0.64296875 0.0140625 0.0140625
0 0.60546875 0.49765625 0.01875 0.0203125
0 0.5734375 0.57734375 0.0140625 0.0140625
0 0.375 0.43359375 0.0125 0.0125
0 0.43515625 0.490625 0.0125 0.0125
0 0.340625 0.51484375 0.0140625 0.0140625
0 0.28984375 0.52578125 0.0125 0.0125
0 0.60703125 0.54296875 0.015625 0.015625
0 0.35078125 0.43125 0.0125 0.0125
0 0.6359375 0.5046875 0.015625 0.015625
0 0.4609375 0.4875 0.0140625 0.0140625
0 0.32890625 0.53203125 0.0140625 0.0140625
0 0.31796875 0.53046875 0.0125 0.0125
0 0.61953125 0.496875 0.015625 0.015625
0 0.359375 0.5375 0.0140625 0.0140625
0 0.56640625 0.45625 0.0203125 0.0203125
0 0.36015625 0.50703125 0.0140625 0.0140625
0 0.61171875 0.55625 0.021875 0.021875
0 0.584375 0.5234375 0.015625 0.0140625
0 0.56796875 0.6203125 0.0140625 0.0140625
0 0.584375 0.46328125 0.0203125 0.01875
0 0.3953125 0.65703125 0.0140625 0.015625
0 0.503125 0.48125 0.0203125 0.01875
0 0.62734375 0.5359375 0.0203125 0.0203125
0 0.34296875 0.421875 0.0125 0.0125
0 0.35625 0.4921875 0.0140625 0.0140625
0 0.6140625 0.52734375 0.01875 0.0203125
0 0.2953125 0.49140625 0.0109375 0.0125
0 0.334375 0.55 0.0125 0.0125
0 0.371875 0.5140625 0.0140625 0.0140625
0 0.30078125 0.52890625 0.0125 0.0140625
0 0.61484375 0.5125 0.01875 0.0203125
0 0.2953125 0.4796875 0.0125 0.0125
0 0.61640625 0.4671875 0.0203125 0.01875
0 0.27109375 0.5109375 0.0125 0.0125
0 0.3578125 0.615625 0.0125 0.0125
0 0.6 0.51875 0.0140625 0.015625
0 0.28984375 0.51328125 0.0125 0.0125
0 0.32734375 0.5171875 0.0125 0.0125
0 0.315625 0.51640625 0.0140625 0.0140625
0 0.65 0.5375 0.0203125 0.01875
0 0.63984375 0.5265625 0.015625 0.015625
0 0.3484375 0.484375 0.0125 0.0125
0 0.5078125 0.55703125 0.0140625 0.0140625
0 0.34609375 0.55 0.0109375 0.0125
0 0.47421875 0.59609375 0.01875 0.0203125
0 0.59375 0.5328125 0.021875 0.0203125
0 0.62734375 0.5171875 0.015625 0.015625
0 0.509375 0.575 0.0140625 0.0140625