0 0.18125 0.33046875 0.0296875 0.0265625
0 0.10390625 0.34375 0.0328125 0.0296875
0 0.11015625 0.3671875 0.0328125 0.0296875
0 0.078125 0.36796875 0.034375 0.0296875
0 0.0625 0.40390625 0.03125 0.0328125
0 0.09296875 0.38671875 0.034375 0.0296875
0 0.0921875 0.41171875 0.0359375 0.0328125
0 0.09609375 0.43671875 0.0359375 0.03125
0 0.1234375 0.4078125 0.0359375 0.03125
0 0.12734375 0.43203125 0.034375 0.0328125
0 0.1265625 0.46171875 0.0375 0.034375
0 0.1453125 0.4875 0.0390625 0.034375
0 0.1515625 0.44296875 0.0328125 0.0296875
0 0.14375 0.38984375 0.03125 0.0265625
0 0.13125 0.34609375 0.0328125 0.0265625
0 0.1375 0.36640625 0.03125 0.0265625
0 0.13046875 0.32421875 0.03125 0.0265625
0 0.1546875 0.33203125 0.0328125 0.0296875
0 0.16171875 0.35390625 0.0328125 0.0265625
0 0.16796875 0.37421875 0.034375 0.028125
0 0.1671875 0.39921875 0.0359375 0.03125
0 0.1734375 0.42265625 0.0328125 0.0296875
0 0.18046875 0.44765625 0.0359375 0.0328125
0 0.16640625 0.3046875 0.0328125 0.0296875
0 0.19453125 0.30703125 0.034375 0.0296875
0 0.21953125 0.296875 0.0359375 0.0328125
0 0.21015625 0.3328125 0.034375 0.03125
0 0.19140625 0.35234375 0.034375 0.0296875
0 0.19765625 0.37421875 0.034375 0.0296875
0 0.20390625 0.39765625 0.0359375 0.03125
0 0.2046875 0.4234375 0.0359375 0.0328125
0 0.2375 0.4375 0.0390625 0.034375
0 0.23125 0.4640625 0.0390625 0.034375
0 0.22890625 0.52265625 0.0421875 0.040625
0 0.22578125 0.3734375 0.0359375 0.0328125
0 0.25 0.3515625 0.0390625 0.034375
0 0.25546875 0.384375 0.0375 0.034375
0 0.284375 0.3984375 0.0375 0.0359375
0 0.29921875 0.36953125 0.0359375 0.0328125
0 0.31875 0.33671875 0.0375 0.034375
0 0.3359375 0.36484375 0.0359375 0.0359375
0 0.32890625 0.41796875 0.0390625 0.0375
0 0.31796875 0.46875 0.0390625 0.0375
0 0.34453125 0.446875 0.0359375 0.034375
0 0.3515625 0.3921875 0.0328125 0.034375
0 0.36328125 0.41875 0.0359375 0.0328125
0 0.38203125 0.390625 0.0328125 0.0359375
0 0.39453125 0.41796875 0.0359375 0.0328125
0 0.42578125 0.28203125 0.034375 0.03125
0 0.40546875 0.3140625 0.0328125 0.0296875
0 0.4375 0.31484375 0.0359375 0.03125
0 0.4203125 0.33515625 0.0328125 0.0296875
0 0.409375 0.3578125 0.0328125 0.0296875
0 0.4109375 0.38359375 0.034375 0.0296875
0 0.44921875 0.43515625 0.0375 0.0328125
0 0.434375 0.4109375 0.0328125 0.03125
0 0.4390625 0.36484375 0.0359375 0.03125
0 0.45078125 0.33515625 0.0328125 0.028125
0 0.47734375 0.32265625 0.0328125 0.03125
0 0.47265625 0.346875 0.0328125 0.03125
0 0.46796875 0.37578125 0.034375 0.0328125
0 0.46640625 0.40703125 0.034375 0.0328125
0 0.4953125 0.4265625 0.0359375 0.0328125
0 0.4984375 0.3875 0.0328125 0.0296875
0 0.49609375 0.36015625 0.0328125 0.03125
0 0.50546875 0.32578125 0.0328125 0.028125
0 0.51953125 0.3453125 0.0296875 0.0265625
0 0.52109375 0.3703125 0.0328125 0.03125
0 0.5265625 0.4015625 0.0359375 0.0328125
0 0.53671875 0.428125 0.0359375 0.0328125
0 0.546875 0.38046875 0.034375 0.0296875
0 0.55859375 0.4046875 0.0359375 0.03125
0 0.54453125 0.33125 0.0328125 0.0265625
0 0.54296875 0.35625 0.0296875 0.028125
0 0.54140625 0.30703125 0.0328125 0.0296875
0 0.571875 0.31796875 0.0328125 0.0296875
0 0.56953125 0.34296875 0.0328125 0.0296875
0 0.57109375 0.3671875 0.0328125 0.0296875
0 0.58984375 0.3890625 0.0359375 0.03125
0 0.58671875 0.4171875 0.0359375 0.0328125
0 0.61171875 0.4390625 0.0359375 0.0328125
0 0.62265625 0.41328125 0.0390625 0.0328125
0 0.5984375 0.3359375 0.0328125 0.0296875
0 0.60078125 0.3625 0.0328125 0.03125
0 0.62109375 0.38046875 0.034375 0.0296875
0 0.625 0.32265625 0.0328125 0.03125
0 0.6265625 0.34609375 0.0359375 0.03125
0 0.6453125 0.36484375 0.0359375 0.03125
0 0.67265625 0.37890625 0.0359375 0.0328125
0 0.653125 0.321875 0.0328125 0.03125
0 0.66796875 0.3453125 0.0359375 0.03125
0 0.684375 0.3234375 0.034375 0.0328125
0 0.6984375 0.3453125 0.0359375 0.0328125
0 0.7140625 0.30390625 0.0359375 0.0328125
0 0.73828125 0.2875 0.0359375 0.034375
0 0.71875 0.36484375 0.0359375 0.034375
0 0.7515625 0.3609375 0.0390625 0.034375
0 0.78125 0.37109375 0.0359375 0.0359375
0 0.8265625 0.3484375 0.0359375 0.0328125