0 0.2640625 0.75703125 0.0265625 0.0265625
0 0.2453125 0.7671875 0.0265625 0.021875
0 0.24765625 0.73828125 0.0265625 0.0234375
0 0.28203125 0.76953125 0.01875 0.0265625
0 0.26640625 0.7234375 0.0265625 0.0265625
0 0.30546875 0.7703125 0.0265625 0.0234375
0 0.2890625 0.74765625 0.0234375 0.0203125
0 0.33359375 0.7703125 0.025 0.0265625
0 0.3765625 0.753125 0.028125 0.025
0 0.35703125 0.78203125 0.028125 0.0234375
0 0.3171875 0.796875 0.0296875 0.028125
0 0.3859375 0.77890625 0.0296875 0.028125
0 0.40625 0.83515625 0.0171875 0.03125
0 0.3875 0.83125 0.0265625 0.0265625
0 0.34140625 0.809375 0.0265625 0.0265625
0 0.3796875 0.85234375 0.025 0.0265625
0 0.3515625 0.84140625 0.03125 0.0296875
0 0.40625 0.86171875 0.03125 0.0265625
0 0.4296875 0.83984375 0.0296875 0.0203125
0 0.43515625 0.7875 0.028125 0.025
0 0.43046875 0.815625 0.034375 0.0265625
0 0.4453125 0.75234375 0.0296875 0.0265625
0 0.425 0.76328125 0.0296875 0.025
0 0.409375 0.7359375 0.0265625 0.028125
0 0.28359375 0.7078125 0.028125 0.0234375
0 0.27265625 0.6875 0.025 0.0234375
0 0.246875 0.68203125 0.025 0.0234375
0 0.2 0.68515625 0.0296875 0.0234375
0 0.22890625 0.62265625 0.0234375 0.0234375
0 0.1859375 0.60546875 0.0234375 0.0203125
0 0.2125 0.63828125 0.0265625 0.0203125
0 0.225 0.665625 0.0234375 0.0203125
0 0.2125 0.6046875 0.025 0.0265625
0 0.17734375 0.62421875 0.0265625 0.0203125
0 0.1359375 0.63671875 0.0265625 0.0265625
0 0.09921875 0.62734375 0.0234375 0.021875
0 0.0875 0.5203125 0.0265625 0.0234375
0 0.1234375 0.5828125 0.0265625 0.0234375
0 0.11875 0.5484375 0.0234375 0.0234375
0 0.08828125 0.49453125 0.0234375 0.025
0 0.2953125 0.6890625 0.0265625 0.0234375
0 0.2640625 0.66328125 0.0265625 0.025
0 0.25546875 0.63671875 0.0296875 0.0234375
0 0.2125 0.56015625 0.0265625 0.0234375
0 0.2484375 0.615625 0.0234375 0.0203125
0 0.3015625 0.6609375 0.0234375 0.0234375
0 0.34453125 0.68359375 0.034375 0.0296875
0 0.32109375 0.64921875 0.0296875 0.0265625
0 0.26484375 0.5984375 0.034375 0.0265625
0 0.43671875 0.6921875 0.0328125 0.03125
0 0.3734375 0.64296875 0.0359375 0.03125
0 0.51171875 0.671875 0.03125 0.0359375
0 0.63203125 0.63359375 0.0453125 0.03125
0 0.80390625 0.6671875 0.0421875 0.0359375
0 0.8 0.62890625 0.0421875 0.0359375
0 0.82421875 0.5859375 0.046875 0.0390625
0 0.85 0.5625 0.0421875 0.034375
0 0.74765625 0.575 0.040625 0.0375
0 0.82734375 0.51328125 0.04375 0.034375
0 0.7921875 0.48359375 0.0421875 0.034375
0 0.4 0.575 0.0375 0.03125
0 0.43828125 0.56640625 0.0296875 0.0296875
0 0.415625 0.53828125 0.0328125 0.028125
0 0.31796875 0.46953125 0.0328125 0.0265625
0 0.31171875 0.521875 0.034375 0.0296875
0 0.34765625 0.4671875 0.0296875 0.025
0 0.3171875 0.4453125 0.0265625 0.0265625
0 0.35 0.43671875 0.0296875 0.0234375
0 0.47109375 0.49140625 0.034375 0.0234375
0 0.54921875 0.52265625 0.0375 0.03125
0 0.5125 0.50625 0.0328125 0.028125
0 0.47265625 0.46953125 0.0359375 0.025
0 0.44375 0.44609375 0.0296875 0.0265625
0 0.51171875 0.475 0.0328125 0.028125
0 0.4703125 0.44609375 0.028125 0.028125
0 0.43515625 0.425 0.0265625 0.025
0 0.34921875 0.40625 0.0328125 0.0328125
0 0.4640625 0.42421875 0.0296875 0.0265625
0 0.4265625 0.40234375 0.03125 0.028125
0 0.4953125 0.453125 0.0296875 0.0265625
0 0.46015625 0.40078125 0.03125 0.0296875
0 0.565625 0.45234375 0.0375 0.034375
0 0.5125 0.41171875 0.0390625 0.034375
0 0.771875 0.453125 0.04375 0.0390625
0 0.70390625 0.44609375 0.0421875 0.034375
0 0.7171875 0.41015625 0.0484375 0.034375
0 0.65859375 0.384375 0.040625 0.034375
0 0.5703125 0.32265625 0.0390625 0.03125
0 0.5375 0.321875 0.0359375 0.0296875
0 0.14375 0.3609375 0.0296875 0.0234375
0 0.1359375 0.3421875 0.0296875 0.0234375
0 0.23984375 0.3890625 0.0328125 0.0265625
0 0.23203125 0.37109375 0.0296875 0.0234375
0 0.1515625 0.41328125 0.0296875 0.028125
0 0.24375 0.353125 0.0265625 0.0265625
0 0.15859375 0.3328125 0.028125 0.0234375
0 0.3453125 0.3 0.0328125 0.0296875
0 0.1359375 0.3046875 0.025 0.0265625
0 0.1609375 0.26328125 0.0296875 0.0265625