0 0.61484375 0.0703125 0.0265625 0.0296875
0 0.61875 0.11015625 0.0234375 0.0265625
0 0.57265625 0.09453125 0.025 0.0265625
0 0.60234375 0.08828125 0.021875 0.0265625
0 0.5640625 0.125 0.0234375 0.0265625
0 0.59453125 0.109375 0.025 0.028125
0 0.521875 0.1328125 0.0265625 0.0296875
0 0.58984375 0.1359375 0.0234375 0.025
0 0.6109375 0.134375 0.025 0.0265625
0 0.63125 0.146875 0.0203125 0.0265625
0 0.64921875 0.13515625 0.0265625 0.0296875
0 0.53125 0.165625 0.0234375 0.0296875
0 0.56875 0.1515625 0.0265625 0.0265625
0 0.58125 0.175 0.0234375 0.028125
0 0.60078125 0.15859375 0.0234375 0.0265625
0 0.6203125 0.1671875 0.0234375 0.0265625
0 0.52265625 0.19375 0.0265625 0.0296875
0 0.56640625 0.203125 0.028125 0.0296875
0 0.60859375 0.1859375 0.0265625 0.0296875
0 0.64296875 0.17890625 0.0234375 0.0265625
0 0.515625 0.22734375 0.0234375 0.03125
0 0.55078125 0.21796875 0.0234375 0.0328125
0 0.59453125 0.215625 0.021875 0.0296875
0 0.5796875 0.234375 0.0234375 0.0296875
0 0.634375 0.1953125 0.0234375 0.0296875
0 0.61796875 0.2125 0.0203125 0.0265625
0 0.6265625 0.2328125 0.0203125 0.0296875
0 0.6640625 0.18984375 0.0234375 0.028125
0 0.68359375 0.20078125 0.0203125 0.0265625
0 0.675 0.221875 0.0234375 0.0296875
0 0.70078125 0.22109375 0.021875 0.0296875
0 0.7375 0.20390625 0.0234375 0.0265625
0 0.7546875 0.22421875 0.0234375 0.025
0 0.759375 0.25390625 0.0203125 0.0265625
0 0.7703125 0.27890625 0.0203125 0.0265625
0 0.75 0.29296875 0.0203125 0.0265625
0 0.73515625 0.31640625 0.021875 0.0265625
0 0.7546875 0.32265625 0.0203125 0.025
0 0.66796875 0.2984375 0.0234375 0.0265625
0 0.61328125 0.30703125 0.0234375 0.0296875
0 0.64765625 0.30625 0.0234375 0.0265625
0 0.6359375 0.3171875 0.0265625 0.0265625
0 0.653125 0.34140625 0.0234375 0.0296875
0 0.67109375 0.325 0.0234375 0.028125
0 0.69296875 0.3203125 0.0265625 0.0296875
0 0.70546875 0.33828125 0.0234375 0.0265625
0 0.725 0.334375 0.021875 0.0265625
0 0.71171875 0.3640625 0.021875 0.0265625
0 0.73671875 0.35546875 0.0234375 0.0265625
0 0.7296875 0.378125 0.021875 0.025
0 0.7515625 0.3828125 0.0234375 0.0265625
0 0.79765625 0.384375 0.0234375 0.0265625
0 0.72109375 0.4 0.0234375 0.0265625
0 0.73984375 0.4015625 0.0234375 0.0265625
0 0.54296875 0.35078125 0.0234375 0.0296875
0 0.56796875 0.35078125 0.0265625 0.03125
0 0.746875 0.425 0.0234375 0.0234375
0 0.70625 0.42890625 0.021875 0.025
0 0.72578125 0.4484375 0.0234375 0.0265625
0 0.6859375 0.434375 0.0234375 0.0265625
0 0.6703125 0.45390625 0.028125 0.0265625
0 0.68984375 0.46875 0.0234375 0.025
0 0.71171875 0.475 0.0203125 0.025
0 0.69765625 0.49140625 0.0234375 0.0265625
0 0.646875 0.4703125 0.0265625 0.028125
0 0.67578125 0.4859375 0.025 0.028125
0 0.675 0.515625 0.025 0.0265625
0 0.7015625 0.515625 0.025 0.0265625
0 0.58359375 0.43828125 0.0234375 0.0296875
0 0.60859375 0.4515625 0.025 0.0265625
0 0.61171875 0.4765625 0.0234375 0.0265625
0 0.57734375 0.46953125 0.0265625 0.0296875
0 0.59453125 0.4921875 0.0234375 0.028125
0 0.5671875 0.49453125 0.0234375 0.0265625
0 0.53984375 0.496875 0.0265625 0.028125
0 0.5546875 0.51640625 0.0234375 0.028125
0 0.53203125 0.528125 0.0234375 0.028125
0 0.57421875 0.52734375 0.025 0.025
0 0.59375 0.51796875 0.025 0.0265625
0 0.61796875 0.5171875 0.025 0.0265625
0 0.62734375 0.49296875 0.025 0.0265625
0 0.6484375 0.51484375 0.0234375 0.0265625
0 0.8296875 0.50390625 0.0203125 0.025
0 0.8046875 0.52578125 0.025 0.0234375
0 0.81171875 0.51171875 0.0203125 0.021875
0 0.840625 0.52109375 0.0203125 0.021875
0 0.81953125 0.5484375 0.021875 0.025
0 0.82734375 0.56796875 0.0171875 0.0234375
0 0.80390625 0.5734375 0.0234375 0.0265625
0 0.7671875 0.5890625 0.0234375 0.0265625
0 0.7875 0.596875 0.0203125 0.0265625
0 0.76875 0.61953125 0.0234375 0.025
0 0.64453125 0.6203125 0.0234375 0.0265625
0 0.6828125 0.6359375 0.0234375 0.0265625
0 0.70625 0.659375 0.0234375 0.0265625
0 0.70859375 0.684375 0.0234375 0.0265625
0 0.6828125 0.68125 0.0203125 0.0265625
0 0.6375 0.65078125 0.025 0.0265625
0 0.65390625 0.66796875 0.021875 0.025
0 0.6546875 0.6921875 0.0234375 0.028125
0 0.58046875 0.6296875 0.025 0.0296875
0 0.59453125 0.6484375 0.0234375 0.0265625
0 0.61640625 0.6671875 0.021875 0.0265625
0 0.63046875 0.6890625 0.0234375 0.0234375
0 0.60625 0.69140625 0.0234375 0.028125
0 0.63125 0.71484375 0.0234375 0.025
0 0.6625 0.725 0.021875 0.0265625
0 0.6828125 0.70625 0.0234375 0.0265625
0 0.68515625 0.73359375 0.0234375 0.0265625
0 0.66796875 0.7515625 0.025 0.028125
0 0.609375 0.74609375 0.0265625 0.028125
0 0.6046875 0.7171875 0.025 0.0265625
0 0.64765625 0.74609375 0.025 0.03125
0 0.66484375 0.778125 0.0234375 0.0265625
0 0.68828125 0.77421875 0.0234375 0.0265625
0 0.68828125 0.80234375 0.0203125 0.0265625
0 0.66796875 0.81171875 0.021875 0.028125
0 0.68515625 0.8359375 0.0234375 0.0265625
0 0.65546875 0.840625 0.0234375 0.0265625
0 0.66875 0.86015625 0.0234375 0.028125
0 0.6 0.8625 0.0234375 0.028125
0 0.56796875 0.853125 0.0234375 0.0296875
0 0.5890625 0.82109375 0.0234375 0.0296875
0 0.61015625 0.8265625 0.0234375 0.028125
0 0.63125 0.8171875 0.0203125 0.025
0 0.628125 0.79140625 0.0203125 0.0265625
0 0.60390625 0.77421875 0.0203125 0.0265625
0 0.5828125 0.675 0.0234375 0.0265625
0 0.553125 0.6515625 0.0234375 0.0265625
0 0.5125 0.66328125 0.0234375 0.0265625
0 0.525 0.63515625 0.0234375 0.028125
0 0.48984375 0.61640625 0.0234375 0.0296875
0 0.5421875 0.725 0.0234375 0.0265625
0 0.5140625 0.7234375 0.0234375 0.0265625
0 0.52890625 0.75390625 0.0265625 0.028125
0 0.49765625 0.75390625 0.0265625 0.0296875
0 0.509375 0.7875 0.025 0.0328125
0 0.525 0.80703125 0.0265625 0.028125
0 0.54921875 0.81328125 0.0265625 0.0265625
0 0.4328125 0.865625 0.028125 0.03125
0 0.57421875 0.91640625 0.0234375 0.03125
0 0.61171875 0.9078125 0.025 0.0265625
0 0.63984375 0.90234375 0.0296875 0.0265625