0 0.3640625 0.565625 0.0203125 0.0171875
0 0.371875 0.584375 0.0203125 0.0171875
0 0.3890625 0.5875 0.0203125 0.01875
0 0.38125 0.60390625 0.01875 0.01875
0 0.39921875 0.60078125 0.0171875 0.0171875
0 0.39296875 0.6171875 0.0171875 0.0171875
0 0.4078125 0.63125 0.0203125 0.0203125
0 0.4125 0.61328125 0.01875 0.0171875
0 0.41640625 0.59609375 0.0203125 0.0203125
0 0.40625 0.58125 0.01875 0.0171875
0 0.3984375 0.565625 0.01875 0.0171875
0 0.3796875 0.55703125 0.0203125 0.0203125
0 0.36875 0.5421875 0.0203125 0.01875
0 0.38671875 0.540625 0.0203125 0.01875
0 0.4046875 0.5484375 0.0203125 0.0203125
0 0.4171875 0.5640625 0.0203125 0.01875
0 0.425 0.5796875 0.0203125 0.0171875
0 0.43671875 0.5953125 0.0203125 0.0203125
0 0.43046875 0.61484375 0.0203125 0.01875
0 0.43203125 0.5546875 0.0203125 0.0171875
0 0.440625 0.5703125 0.0203125 0.01875
0 0.45 0.58515625 0.0203125 0.01875
0 0.4484375 0.60625 0.0203125 0.0203125
0 0.446875 0.625 0.0203125 0.01875
0 0.42578125 0.65 0.0203125 0.0203125
0 0.44609375 0.5453125 0.01875 0.01875
0 0.45546875 0.5625 0.021875 0.0234375
0 0.4328125 0.53515625 0.0203125 0.01875
0 0.41484375 0.53359375 0.0203125 0.0203125
0 0.38046875 0.52109375 0.0203125 0.0203125
0 0.3984375 0.52578125 0.0203125 0.0171875
0 0.38359375 0.50078125 0.0203125 0.0203125
0 0.40078125 0.50625 0.0203125 0.0203125
0 0.41640625 0.515625 0.0203125 0.0171875
0 0.43515625 0.51640625 0.0203125 0.0203125
0 0.4484375 0.5265625 0.01875 0.0203125
0 0.46328125 0.53828125 0.0203125 0.0203125
0 0.4625 0.5140625 0.0203125 0.0203125
0 0.47734375 0.5265625 0.01875 0.01875
0 0.39609375 0.48359375 0.01875 0.01875
0 0.41171875 0.49140625 0.0203125 0.0203125
0 0.4296875 0.49296875 0.0171875 0.01875
0 0.4453125 0.50234375 0.0203125 0.0203125
0 0.4625 0.496875 0.0203125 0.01875
0 0.46953125 0.48046875 0.0203125 0.01875
0 0.45078125 0.4828125 0.0203125 0.01875
0 0.45859375 0.465625 0.0203125 0.0203125
0 0.4375 0.47265625 0.0203125 0.0203125
0 0.40078125 0.46484375 0.0203125 0.0203125
0 0.41953125 0.46953125 0.0203125 0.0203125
0 0.40859375 0.4484375 0.0203125 0.0171875
0 0.4078125 0.43046875 0.0203125 0.01875
0 0.4265625 0.45234375 0.0203125 0.01875
0 0.44296875 0.45546875 0.0203125 0.01875
0 0.43828125 0.4375 0.0203125 0.01875
0 0.425 0.42734375 0.0203125 0.01875
0 0.41875 0.40703125 0.0203125 0.0203125
0 0.42578125 0.39140625 0.021875 0.0203125
0 0.43671875 0.4109375 0.0203125 0.0203125
0 0.44921875 0.4234375 0.0203125 0.0203125
0 0.45703125 0.44140625 0.0203125 0.0203125
0 0.47109375 0.453125 0.0203125 0.01875
0 0.48359375 0.46796875 0.0203125 0.0203125
0 0.4453125 0.3921875 0.0203125 0.021875
0 0.4546875 0.37109375 0.021875 0.0203125
0 0.46328125 0.38828125 0.0203125 0.0203125
0 0.45703125 0.40625 0.0203125 0.0203125
0 0.46875 0.421875 0.0203125 0.0203125
0 0.475 0.40390625 0.0171875 0.0203125
0 0.490625 0.39296875 0.0203125 0.01875
0 0.48671875 0.41796875 0.01875 0.0171875
0 0.4796875 0.43515625 0.0203125 0.0203125
0 0.49765625 0.4328125 0.0203125 0.01875
0 0.490625 0.45 0.01875 0.0203125
0 0.5109375 0.446875 0.0203125 0.0203125
0 0.50078125 0.465625 0.021875 0.0203125
0 0.478125 0.50234375 0.0203125 0.01875
0 0.4875 0.48515625 0.0203125 0.0203125
0 0.5078125 0.48203125 0.0203125 0.01875
0 0.496875 0.50078125 0.0203125 0.0203125
0 0.49375 0.51875 0.0203125 0.0203125
0 0.52109375 0.5359375 0.0203125 0.0203125
0 0.515625 0.5015625 0.0203125 0.0203125
0 0.51171875 0.51953125 0.0203125 0.0203125
0 0.5015625 0.5375 0.021875 0.0203125
0 0.48515625 0.5421875 0.0203125 0.0203125
0 0.471875 0.55390625 0.0203125 0.0203125
0 0.46640625 0.57578125 0.0203125 0.01875
0 0.46484375 0.596875 0.021875 0.0203125
0 0.4640625 0.6171875 0.0203125 0.0203125
0 0.48359375 0.61484375 0.021875 0.0203125
0 0.4796875 0.5875 0.0203125 0.01875
0 0.49296875 0.6 0.021875 0.01875
0 0.4828125 0.56875 0.0203125 0.0203125
0 0.49609375 0.5578125 0.0203125 0.0203125
0 0.49765625 0.5796875 0.0203125 0.0203125
0 0.51015625 0.5921875 0.0203125 0.01875
0 0.5109375 0.5671875 0.0203125 0.0171875
0 0.5234375 0.57890625 0.0203125 0.01875