0 0.7515625 0.48125 0.0484375 0.03828125
0 0.67421875 0.46953125 0.04609375 0.03359375
0 0.74765625 0.5234375 0.03828125 0.03046875
0 0.7703125 0.53984375 0.03984375 0.03359375
0 0.67578125 0.528125 0.040625 0.03046875
0 0.71953125 0.546875 0.04296875 0.03203125
0 0.70625 0.49296875 0.0421875 0.03203125
0 0.71328125 0.59453125 0.0375 0.028125
0 0.78203125 0.5984375 0.040625 0.0265625
0 0.728125 0.62734375 0.03828125 0.03046875
0 0.69765625 0.646875 0.03984375 0.028125
0 0.76640625 0.640625 0.03828125 0.03125
0 0.36875 0.41953125 0.04921875 0.0328125
0 0.40625 0.43984375 0.0453125 0.03046875
0 0.44375 0.45546875 0.0421875 0.03515625
0 0.4796875 0.46953125 0.04296875 0.03203125
0 0.51171875 0.49140625 0.04375 0.03125
0 0.35390625 0.453125 0.04296875 0.03359375
0 0.3953125 0.47109375 0.04765625 0.0328125
0 0.4296875 0.4875 0.04140625 0.0328125
0 0.46484375 0.503125 0.040625 0.034375
0 0.4953125 0.53125 0.0421875 0.0328125
0 0.3484375 0.48515625 0.04140625 0.03359375
0 0.38046875 0.5125 0.04921875 0.0328125
0 0.41796875 0.525 0.04296875 0.03359375
0 0.3015625 0.50546875 0.04609375 0.0296875
0 0.32734375 0.53125 0.0546875 0.03046875
0 0.36640625 0.54375 0.04296875 0.03046875
0 0.40625 0.55859375 0.0453125 0.034375
0 0.58515625 0.55390625 0.0484375 0.034375
0 0.2984375 0.553125 0.046875 0.0296875
0 0.32890625 0.60625 0.04609375 0.03125
0 0.459375 0.55859375 0.04453125 0.0328125
0 0.296875 0.58515625 0.04609375 0.028125
0 0.34296875 0.58359375 0.0453125 0.03046875
0 0.2671875 0.5265625 0.0484375 0.03046875
0 0.32265625 0.6375 0.0421875 0.02578125
0 0.346875 0.6609375 0.04765625 0.0296875
0 0.63671875 0.69375 0.034375 0.0265625
0 0.675 0.703125 0.0421875 0.03125
0 0.6359375 0.74453125 0.04140625 0.03046875
0 0.75 0.71171875 0.0390625 0.03359375
0 0.60703125 0.72890625 0.03671875 0.02890625
0 0.50078125 0.63828125 0.04375 0.03125
0 0.6046875 0.70234375 0.03984375 0.02890625
0 0.40078125 0.6890625 0.03671875 0.03046875
0 0.440625 0.68984375 0.0390625 0.03203125
0 0.48359375 0.68828125 0.040625 0.0296875
0 0.303125 0.67109375 0.03671875 0.0296875
0 0.3640625 0.6875 0.03828125 0.02578125
0 0.28046875 0.6171875 0.046875 0.0328125
0 0.31640625 0.6984375 0.0265625 0.03046875
0 0.3453125 0.6984375 0.034375 0.03046875
0 0.38203125 0.715625 0.03984375 0.02734375
0 0.43671875 0.7234375 0.04375 0.028125
0 0.5015625 0.73046875 0.0421875 0.0328125
0 0.3265625 0.79921875 0.05078125 0.02890625
0 0.334375 0.77421875 0.04375 0.02890625
0 0.35625 0.74140625 0.04140625 0.03203125
0 0.08359375 0.5703125 0.05234375 0.03515625
0 0.13203125 0.54453125 0.05234375 0.0328125
0 0.20390625 0.4796875 0.053125 0.03671875
0 0.13828125 0.64921875 0.0375 0.034375
0 0.17109375 0.63828125 0.04375 0.03359375
0 0.30546875 0.753125 0.04453125 0.02734375
0 0.1625 0.74453125 0.040625 0.0296875
0 0.21875 0.7703125 0.0453125 0.0296875
0 0.29140625 0.8015625 0.03515625 0.034375
0 0.340625 0.8421875 0.040625 0.0296875
0 0.4125 0.85 0.04375 0.028125
0 0.540625 0.79296875 0.040625 0.028125
0 0.621875 0.78984375 0.03984375 0.0296875
0 0.7796875 0.7625 0.0328125 0.02109375
0 0.6734375 0.8203125 0.03828125 0.02890625
0 0.72890625 0.76796875 0.03984375 0.028125
0 0.7703125 0.7828125 0.0390625 0.025
0 0.93046875 0.58828125 0.04296875 0.034375
0 0.89765625 0.50703125 0.0421875 0.0328125
0 0.94375 0.50703125 0.04453125 0.03203125
0 0.42421875 0.40859375 0.04921875 0.0390625
0 0.46875 0.42265625 0.05234375 0.0359375
0 0.38046875 0.378125 0.0484375 0.03984375
0 0.465625 0.3859375 0.04453125 0.03515625
0 0.51015625 0.396875 0.046875 0.03359375
0 0.49453125 0.3640625 0.040625 0.03984375
0 0.54296875 0.375 0.04375 0.0359375
0 0.58125 0.3546875 0.04609375 0.03515625
0 0.4578125 0.34609375 0.04765625 0.0375
0 0.5328125 0.33984375 0.04921875 0.03125
0 0.8296875 0.42578125 0.04921875 0.0390625
0 0.88203125 0.41171875 0.04609375 0.03515625
0 0.80703125 0.36328125 0.05390625 0.03125
0 0.8171875 0.33359375 0.04921875 0.03828125
0 0.71484375 0.3734375 0.046875 0.03515625
0 0.6484375 0.35390625 0.05390625 0.040625
0 0.57578125 0.31640625 0.04765625 0.0375
0 0.62109375 0.3265625 0.0515625 0.0375
0 0.778125 0.31171875 0.04921875 0.0375
0 0.8234375 0.265625 0.04921875 0.040625