0 0.8296875 0.17109375 0.05 0.03515625
0 0.67734375 0.22421875 0.04296875 0.03515625
0 0.7546875 0.1953125 0.04453125 0.03828125
0 0.634375 0.2140625 0.0453125 0.0390625
0 0.8078125 0.2125 0.04921875 0.03828125
0 0.5859375 0.2359375 0.04140625 0.03515625
0 0.6359375 0.253125 0.040625 0.0375
0 0.6984375 0.25625 0.04609375 0.034375
0 0.74609375 0.259375 0.04296875 0.040625
0 0.8828125 0.2953125 0.04765625 0.03359375
0 0.81015625 0.26171875 0.0484375 0.03828125
0 0.83828125 0.31640625 0.04609375 0.0296875
0 0.88125 0.3296875 0.04375 0.03203125
0 0.54375 0.2515625 0.04375 0.03515625
0 0.5953125 0.27265625 0.04375 0.0359375
0 0.51015625 0.23671875 0.04453125 0.0359375
0 0.515625 0.2765625 0.0421875 0.03203125
0 0.5578125 0.28828125 0.04296875 0.034375
0 0.825 0.353125 0.03984375 0.03515625
0 0.47734375 0.29609375 0.03984375 0.034375
0 0.51953125 0.3125 0.04375 0.03125
0 0.43984375 0.2625 0.03984375 0.040625
0 0.77890625 0.3765625 0.0453125 0.02890625
0 0.41953125 0.30234375 0.04921875 0.03359375
0 0.4578125 0.32734375 0.03828125 0.03125
0 0.49453125 0.34296875 0.04453125 0.03359375
0 0.534375 0.36484375 0.04453125 0.03125
0 0.571875 0.39296875 0.0453125 0.03828125
0 0.728125 0.3828125 0.0421875 0.03671875
0 0.7828125 0.4140625 0.03515625 0.03671875
0 0.68125 0.3734375 0.046875 0.03671875
0 0.75390625 0.421875 0.03984375 0.0390625
0 0.66875 0.43203125 0.04375 0.034375
0 0.7203125 0.4359375 0.04375 0.03046875
0 0.41796875 0.3390625 0.0421875 0.0328125
0 0.45234375 0.35703125 0.040625 0.03359375
0 0.47890625 0.38671875 0.0453125 0.0359375
0 0.5234375 0.403125 0.04921875 0.02734375
0 0.38828125 0.36796875 0.04296875 0.03515625
0 0.41328125 0.39921875 0.04453125 0.0359375
0 0.4578125 0.4171875 0.04453125 0.0375
0 0.3421875 0.3859375 0.04453125 0.0375
0 0.365625 0.41875 0.046875 0.03515625
0 0.4078125 0.43671875 0.046875 0.03359375
0 0.44375 0.46328125 0.04296875 0.0359375
0 0.496875 0.44765625 0.04921875 0.0359375
0 0.5453125 0.43046875 0.04453125 0.03671875
0 0.62890625 0.453125 0.04140625 0.03359375
0 0.6640625 0.4765625 0.0453125 0.0328125
0 0.71015625 0.471875 0.04140625 0.03515625
0 0.74921875 0.48984375 0.04375 0.0375
0 0.38203125 0.515625 0.04375 0.03984375
0 0.34453125 0.45078125 0.04296875 0.0375
0 0.38203125 0.478125 0.046875 0.03671875
0 0.30859375 0.4125 0.0484375 0.034375
0 0.32578125 0.484375 0.04375 0.0359375
0 0.1796875 0.42890625 0.04765625 0.0390625
0 0.25546875 0.365625 0.04453125 0.0421875
0 0.284375 0.50234375 0.03828125 0.03671875
0 0.15625 0.51015625 0.0421875 0.034375
0 0.11015625 0.4578125 0.0453125 0.03671875
0 0.15390625 0.55390625 0.04921875 0.03515625
0 0.13515625 0.67421875 0.046875 0.03671875
0 0.3453125 0.5453125 0.0453125 0.03515625
0 0.3796875 0.578125 0.0484375 0.034375
0 0.53671875 0.55390625 0.03671875 0.034375
0 0.65390625 0.57265625 0.0359375 0.0328125
0 0.6828125 0.5546875 0.04140625 0.03203125
0 0.85234375 0.45234375 0.04140625 0.03671875
0 0.62734375 0.59453125 0.0390625 0.0375
0 0.6515625 0.6171875 0.04140625 0.03515625
0 0.578125 0.60234375 0.04765625 0.0359375
0 0.7234375 0.540625 0.04453125 0.0296875
0 0.58125 0.63828125 0.0328125 0.03671875
0 0.5515625 0.634375 0.03828125 0.0375
0 0.50625 0.6109375 0.0453125 0.03515625
0 0.32109375 0.59296875 0.05390625 0.03515625
0 0.33515625 0.6390625 0.0296875 0.0359375
0 0.36328125 0.6390625 0.0421875 0.03125
0 0.39140625 0.61875 0.04453125 0.0375
0 0.440625 0.61796875 0.04453125 0.03515625
0 0.48984375 0.64609375 0.03359375 0.0359375
0 0.575 0.5640625 0.04140625 0.03046875
0 0.45859375 0.65078125 0.03828125 0.0359375
0 0.515625 0.6546875 0.0421875 0.03515625
0 0.31015625 0.82421875 0.0484375 0.0390625
0 0.37109375 0.85546875 0.05 0.03984375
0 0.24609375 0.7953125 0.04765625 0.03984375
0 0.3078125 0.73046875 0.05078125 0.03515625
0 0.31640625 0.77421875 0.05 0.03828125
0 0.190625 0.71953125 0.05390625 0.0359375
0 0.29609375 0.6953125 0.04765625 0.034375
0 0.3484375 0.69609375 0.0453125 0.03828125
0 0.39765625 0.68828125 0.0484375 0.03984375
0 0.4796875 0.70703125 0.05 0.0375
0 0.58359375 0.73125 0.04765625 0.0375
0 0.640625 0.73515625 0.04453125 0.03984375
0 0.7578125 0.684375 0.0453125 0.03828125
0 0.80078125 0.79453125 0.04453125 0.03828125