0 0.921875 0.72265625 0.0453125 0.0453125
0 0.83203125 0.64453125 0.040625 0.0375
0 0.5796875 0.503125 0.034375 0.0375
0 0.5453125 0.62421875 0.03125 0.0328125
0 0.54140625 0.74453125 0.03125 0.03125
0 0.571875 0.7703125 0.0328125 0.0359375
0 0.6046875 0.80078125 0.0328125 0.034375
0 0.65390625 0.7796875 0.034375 0.0359375
0 0.67890625 0.7125 0.03125 0.0375
0 0.6140625 0.75 0.03125 0.03125
0 0.59453125 0.72578125 0.03125 0.0328125
0 0.584375 0.6953125 0.03125 0.034375
0 0.621875 0.671875 0.03125 0.034375
0 0.60625 0.6390625 0.03125 0.0328125
0 0.5890625 0.6640625 0.03125 0.0328125
0 0.56953125 0.63828125 0.028125 0.03125
0 0.57578125 0.60703125 0.03125 0.034375
0 0.53359375 0.5609375 0.03125 0.03125
0 0.5453125 0.59375 0.03125 0.03125
0 0.51875 0.59765625 0.03125 0.0328125
0 0.49765625 0.62109375 0.028125 0.034375
0 0.5171875 0.64765625 0.0296875 0.0328125
0 0.55 0.66875 0.03125 0.034375
0 0.54140625 0.71328125 0.03125 0.034375
0 0.509375 0.7171875 0.0296875 0.03125
0 0.51875 0.6875 0.03125 0.034375
0 0.51484375 0.7484375 0.03125 0.034375
0 0.51171875 0.78671875 0.0296875 0.034375
0 0.49375 0.809375 0.03125 0.034375
0 0.48671875 0.7796875 0.028125 0.03125
0 0.4609375 0.80625 0.028125 0.03125
0 0.4234375 0.81328125 0.0265625 0.0296875
0 0.43671875 0.79609375 0.0265625 0.0296875
0 0.43984375 0.7640625 0.028125 0.0296875
0 0.46015625 0.7796875 0.028125 0.028125
0 0.4703125 0.75703125 0.028125 0.028125
0 0.47421875 0.7296875 0.028125 0.03125
0 0.45546875 0.70859375 0.0265625 0.03125
0 0.43125 0.7109375 0.028125 0.03125
0 0.4421875 0.7390625 0.03125 0.03125
0 0.3953125 0.78828125 0.028125 0.028125
0 0.41015625 0.74765625 0.028125 0.03125
0 0.41640625 0.77890625 0.028125 0.03125
0 0.396875 0.81328125 0.028125 0.028125
0 0.3734375 0.81171875 0.025 0.0296875
0 0.38359375 0.7640625 0.028125 0.03125
0 0.36015625 0.7828125 0.028125 0.03125
0 0.3171875 0.809375 0.028125 0.028125
0 0.33515625 0.78203125 0.025 0.0265625
0 0.31171875 0.7703125 0.025 0.0265625
0 0.3515625 0.74296875 0.028125 0.0296875
0 0.3359375 0.75703125 0.025 0.0265625
0 0.3296875 0.73359375 0.025 0.0265625
0 0.3078125 0.72734375 0.025 0.028125
0 0.28828125 0.7453125 0.025 0.0265625
0 0.259375 0.72578125 0.0265625 0.0328125
0 0.24921875 0.68671875 0.0296875 0.0296875
0 0.365625 0.71015625 0.0296875 0.03125
0 0.33203125 0.69609375 0.0265625 0.0296875
0 0.303125 0.6953125 0.028125 0.03125
0 0.378125 0.6828125 0.028125 0.03125
0 0.35078125 0.6859375 0.0265625 0.0265625
0 0.40703125 0.6515625 0.028125 0.03125
0 0.38359375 0.65390625 0.028125 0.03125
0 0.4390625 0.603125 0.028125 0.034375
0 0.4125 0.6015625 0.028125 0.028125
0 0.4125 0.628125 0.028125 0.028125
0 0.38984375 0.6265625 0.025 0.0265625
0 0.3890625 0.6 0.0265625 0.0265625
0 0.3484375 0.62109375 0.0234375 0.0265625
0 0.36796875 0.61484375 0.025 0.028125
0 0.359375 0.6453125 0.028125 0.028125
0 0.33828125 0.6421875 0.0234375 0.028125
0 0.33203125 0.66953125 0.025 0.0265625
0 0.31015625 0.6625 0.025 0.0265625
0 0.3171875 0.63359375 0.025 0.0265625
0 0.32734375 0.6125 0.025 0.0265625
0 0.3484375 0.59609375 0.025 0.0265625
0 0.36640625 0.58046875 0.025 0.0265625
0 0.41796875 0.57421875 0.025 0.0265625
0 0.3953125 0.57734375 0.0265625 0.0265625
0 0.3765625 0.55625 0.03125 0.03125
0 0.44140625 0.56875 0.028125 0.03125
0 0.4234375 0.54921875 0.0265625 0.0296875
0 0.40078125 0.553125 0.0265625 0.028125
0 0.44453125 0.5390625 0.028125 0.03125
0 0.40234375 0.52421875 0.03125 0.034375
0 0.38046875 0.51484375 0.0265625 0.0296875
0 0.4640625 0.50625 0.03125 0.03125
0 0.43984375 0.51171875 0.025 0.0265625
0 0.4171875 0.5078125 0.028125 0.0296875
0 0.3984375 0.48203125 0.028125 0.03125
0 0.4421875 0.48515625 0.028125 0.03125
0 0.484375 0.48046875 0.03125 0.0328125
0 0.4609375 0.46953125 0.028125 0.03125
0 0.46015625 0.425 0.03125 0.03125
0 0.446875 0.4015625 0.03125 0.0328125
0 0.603125 0.246875 0.034375 0.0359375
0 0.59765625 0.2046875 0.034375 0.034375