0 0.4375 0.86484375 0.02109375 0.02265625
0 0.47890625 0.86328125 0.01953125 0.02109375
0 0.45625 0.80546875 0.0203125 0.02109375
0 0.4390625 0.7625 0.02109375 0.02265625
0 0.16796875 0.7953125 0.025 0.02578125
0 0.15390625 0.76484375 0.02734375 0.0265625
0 0.334375 0.75390625 0.02265625 0.025
0 0.3109375 0.75390625 0.02265625 0.021875
0 0.3078125 0.73203125 0.0234375 0.0234375
0 0.32734375 0.7296875 0.025 0.025
0 0.32265625 0.7078125 0.021875 0.02421875
0 0.40625 0.71484375 0.02109375 0.02265625
0 0.26953125 0.67109375 0.025 0.025
0 0.384375 0.6546875 0.0234375 0.02265625
0 0.3484375 0.61640625 0.0234375 0.0234375
0 0.3859375 0.63359375 0.02109375 0.02265625
0 0.31796875 0.6109375 0.02265625 0.025
0 0.2265625 0.61875 0.0234375 0.02421875
0 0.21640625 0.6078125 0.02578125 0.02265625
0 0.53984375 0.65 0.021875 0.0234375
0 0.44921875 0.6 0.01953125 0.021875
0 0.4375 0.578125 0.02265625 0.0203125
0 0.4546875 0.56796875 0.01875 0.02109375
0 0.50390625 0.58046875 0.0203125 0.0203125
0 0.52109375 0.571875 0.01796875 0.0203125
0 0.5125 0.55546875 0.01875 0.02109375
0 0.5359375 0.54609375 0.01796875 0.02109375
0 0.51953125 0.53671875 0.0171875 0.0203125
0 0.4921875 0.53203125 0.01796875 0.0203125
0 0.46875 0.52890625 0.01875 0.0203125
0 0.5140625 0.515625 0.01875 0.0203125
0 0.496875 0.50703125 0.01796875 0.02109375
0 0.4796875 0.51171875 0.01953125 0.01953125
0 0.45703125 0.50625 0.01875 0.02109375
0 0.4703125 0.49375 0.0171875 0.01953125
0 0.48671875 0.4875 0.01640625 0.0203125
0 0.45859375 0.48046875 0.01875 0.02109375
0 0.50234375 0.48125 0.01953125 0.0203125
0 0.47734375 0.471875 0.0203125 0.02109375
0 0.48046875 0.45390625 0.01875 0.01796875
0 0.47109375 0.43984375 0.0203125 0.021875
0 0.5015625 0.4390625 0.0203125 0.02109375
0 0.6296875 0.73359375 0.01796875 0.02109375
0 0.60390625 0.6671875 0.01875 0.0203125
0 0.65 0.68125 0.0171875 0.01875
0 0.671875 0.6796875 0.015625 0.01953125
0 0.65859375 0.665625 0.01640625 0.01875
0 0.6421875 0.66484375 0.01875 0.01953125
0 0.675 0.65859375 0.01640625 0.01953125
0 0.6515625 0.6484375 0.0171875 0.01875
0 0.63046875 0.6484375 0.0171875 0.01953125
0 0.6921875 0.61953125 0.01875 0.01953125
0 0.7109375 0.59921875 0.01640625 0.01953125
0 0.70703125 0.5828125 0.015625 0.01875
0 0.69375 0.578125 0.01640625 0.01796875
0 0.59453125 0.58671875 0.0171875 0.01953125
0 0.60546875 0.5703125 0.01796875 0.0203125
0 0.62109375 0.55234375 0.0171875 0.0203125
0 0.57421875 0.50859375 0.01875 0.021875
0 0.55859375 0.4953125 0.01875 0.0203125
0 0.559375 0.47421875 0.01796875 0.0203125
0 0.57109375 0.4578125 0.01875 0.0203125
0 0.56015625 0.4453125 0.01796875 0.02109375
0 0.540625 0.44375 0.0171875 0.02109375
0 0.571875 0.4296875 0.01796875 0.0203125
0 0.6265625 0.490625 0.01875 0.0203125
0 0.63984375 0.45703125 0.01796875 0.0203125
0 0.61640625 0.4609375 0.01796875 0.0203125
0 0.6171875 0.44140625 0.01953125 0.0171875
0 0.653125 0.44453125 0.01640625 0.0203125
0 0.10546875 0.5140625 0.028125 0.025
0 0.18671875 0.47578125 0.028125 0.02421875
0 0.265625 0.5046875 0.0234375 0.02421875
0 0.3828125 0.4703125 0.0203125 0.0234375
0 0.39921875 0.4375 0.02109375 0.021875
0 0.40234375 0.4671875 0.0203125 0.025
0 0.43984375 0.409375 0.01875 0.021875
0 0.421875 0.4046875 0.02109375 0.021875
0 0.43359375 0.38984375 0.01796875 0.02109375
0 0.37734375 0.38046875 0.02265625 0.021875
0 0.4078125 0.375 0.01953125 0.021875
0 0.4609375 0.3890625 0.01875 0.0203125
0 0.44609375 0.38125 0.01796875 0.0234375
0 0.428125 0.37421875 0.01953125 0.02109375
0 0.46640625 0.37109375 0.01875 0.0203125
0 0.45859375 0.353125 0.01953125 0.021875
0 0.48203125 0.3671875 0.01875 0.02109375
0 0.49296875 0.3484375 0.0203125 0.021875
0 0.4765625 0.3375 0.01953125 0.02109375
0 0.51484375 0.3515625 0.0203125 0.02109375
0 0.51796875 0.33046875 0.01953125 0.02109375
0 0.49921875 0.32890625 0.01875 0.0203125
0 0.53671875 0.34921875 0.01953125 0.0203125
0 0.56015625 0.34921875 0.02109375 0.02109375
0 0.54765625 0.36328125 0.01875 0.021875
0 0.6140625 0.36640625 0.01875 0.021875
0 0.62109375 0.34375 0.01796875 0.0203125
0 0.6015625 0.3328125 0.01796875 0.01953125
0 0.58125 0.3359375 0.01953125 0.021875
0 0.62265625 0.30625 0.01875 0.02265625
0 0.66875 0.309375 0.01796875 0.02109375
0 0.6796875 0.28203125 0.0171875 0.02109375
0 0.64921875 0.26640625 0.01875 0.02265625
0 0.58203125 0.265625 0.01875 0.02109375
0 0.58359375 0.2453125 0.01875 0.01875
0 0.56640625 0.24765625 0.01796875 0.0203125
0 0.54765625 0.26171875 0.01875 0.021875
0 0.52890625 0.26953125 0.02109375 0.021875
0 0.540625 0.23515625 0.0171875 0.021875
0 0.525 0.22578125 0.01796875 0.021875
0 0.475 0.278125 0.02109375 0.021875
0 0.46796875 0.25078125 0.02578125 0.02421875
0 0.59921875 0.2328125 0.01875 0.021875
0 0.6203125 0.2203125 0.01875 0.02109375
0 0.59296875 0.20859375 0.01796875 0.021875
0 0.603125 0.1953125 0.01640625 0.0203125
0 0.60859375 0.178125 0.01796875 0.01953125
0 0.609375 0.15546875 0.02109375 0.02109375
0 0.66328125 0.16328125 0.0171875 0.021875
0 0.521875 0.196875 0.01953125 0.0234375
0 0.50390625 0.19375 0.01953125 0.025
0 0.5328125 0.18359375 0.01875 0.0234375
0 0.51484375 0.16796875 0.01875 0.02421875
0 0.5390625 0.165625 0.01953125 0.02109375
0 0.52578125 0.15234375 0.01953125 0.02109375
0 0.45703125 0.18125 0.02265625 0.0234375
0 0.4484375 0.15390625 0.021875 0.02265625
0 0.4125 0.115625 0.01875 0.02265625
0 0.3984375 0.1171875 0.01640625 0.0234375
0 0.38125 0.11796875 0.02109375 0.02421875
0 0.31640625 0.33984375 0.02265625 0.0234375
0 0.3234375 0.31484375 0.0234375 0.02265625
0 0.33125 0.296875 0.021875 0.02265625
0 0.3546875 0.29609375 0.0234375 0.02578125
0 0.3078125 0.24453125 0.0203125 0.025
0 0.325 0.23125 0.0203125 0.0234375
0 0.3453125 0.22421875 0.021875 0.02421875
0 0.28671875 0.20078125 0.021875 0.0234375
0 0.30390625 0.18828125 0.02421875 0.025
0 0.27890625 0.14140625 0.0234375 0.02421875
0 0.24375 0.13046875 0.025 0.025
0 0.2671875 0.1203125 0.0234375 0.025
0 0.3 0.1140625 0.0234375 0.025
0 0.215625 0.05 0.028125 0.03203125