0 0.6765625 0.24765625 0.0328125 0.0359375
0 0.7578125 0.26875 0.0328125 0.0296875
0 0.6875 0.3078125 0.0296875 0.03125
0 0.71640625 0.33515625 0.03125 0.03125
0 0.66640625 0.36328125 0.0296875 0.0296875
0 0.6828125 0.39140625 0.0296875 0.0296875
0 0.66875 0.4453125 0.0296875 0.0296875
0 0.64375 0.53515625 0.0265625 0.0265625
0 0.63359375 0.5625 0.0296875 0.0296875
0 0.61015625 0.58828125 0.0265625 0.0265625
0 0.6375 0.5984375 0.0265625 0.0296875
0 0.61953125 0.6171875 0.0265625 0.0296875
0 0.453125 0.41015625 0.0296875 0.0296875
0 0.63671875 0.290625 0.0265625 0.0296875
0 0.6171875 0.31171875 0.028125 0.0265625
0 0.6109375 0.3359375 0.0296875 0.0265625
0 0.62734375 0.35703125 0.0265625 0.0234375
0 0.6015625 0.359375 0.0265625 0.0265625
0 0.60625 0.384375 0.0296875 0.0265625
0 0.6375 0.38125 0.0328125 0.0265625
0 0.63359375 0.40703125 0.0265625 0.0265625
0 0.60546875 0.409375 0.0296875 0.0265625
0 0.62421875 0.43046875 0.0265625 0.025
0 0.59921875 0.43515625 0.025 0.0265625
0 0.615625 0.4546875 0.0265625 0.0265625
0 0.64140625 0.4640625 0.028125 0.0265625
0 0.65703125 0.48671875 0.025 0.0265625
0 0.63125 0.4875 0.0265625 0.025
0 0.628125 0.5125 0.0296875 0.0265625
0 0.6015625 0.51015625 0.0265625 0.0265625
0 0.58984375 0.4859375 0.025 0.025
0 0.58828125 0.4609375 0.0265625 0.0265625
0 0.57421875 0.440625 0.0265625 0.0265625
0 0.5765625 0.415625 0.0265625 0.0265625
0 0.57734375 0.39140625 0.0265625 0.0265625
0 0.5765625 0.36015625 0.025 0.0265625
0 0.55234375 0.353125 0.0265625 0.028125
0 0.534375 0.37109375 0.0265625 0.028125
0 0.55078125 0.390625 0.0265625 0.028125
0 0.525 0.4046875 0.0265625 0.03125
0 0.55 0.421875 0.028125 0.0265625
0 0.54375 0.446875 0.0296875 0.0265625
0 0.56328125 0.4671875 0.0265625 0.0265625
0 0.5375 0.4703125 0.0265625 0.0265625
0 0.559375 0.49765625 0.0265625 0.0265625
0 0.53125 0.496875 0.028125 0.0265625
0 0.54609375 0.51796875 0.025 0.025
0 0.5515625 0.54140625 0.025 0.025
0 0.5765625 0.53359375 0.0265625 0.0265625
0 0.60390625 0.53828125 0.0296875 0.0265625
0 0.5984375 0.5640625 0.0265625 0.0265625
0 0.57421875 0.56484375 0.0265625 0.0265625
0 0.5890625 0.59609375 0.025 0.025
0 0.5921875 0.621875 0.0265625 0.028125
0 0.58359375 0.65859375 0.0265625 0.0265625
0 0.57265625 0.6375 0.0296875 0.0265625
0 0.55859375 0.6203125 0.025 0.0265625
0 0.56484375 0.596875 0.0265625 0.0265625
0 0.54765625 0.578125 0.0265625 0.025
0 0.53515625 0.60078125 0.0265625 0.0265625
0 0.51171875 0.5734375 0.0265625 0.025
0 0.5328125 0.55625 0.0265625 0.0265625
0 0.52578125 0.5328125 0.0265625 0.0265625
0 0.50625 0.55 0.0265625 0.0265625
0 0.5140625 0.51171875 0.0265625 0.0265625
0 0.490625 0.49375 0.0265625 0.028125
0 0.46015625 0.48359375 0.028125 0.0296875
0 0.48984375 0.52109375 0.0265625 0.0296875
0 0.4609375 0.5203125 0.028125 0.028125
0 0.41640625 0.54609375 0.0265625 0.0328125
0 0.45234375 0.54453125 0.0265625 0.0265625
0 0.48046875 0.55078125 0.0265625 0.0265625
0 0.46796875 0.58359375 0.0265625 0.0265625
0 0.49765625 0.59140625 0.028125 0.0265625
0 0.51015625 0.615625 0.0265625 0.0265625
0 0.52890625 0.6359375 0.0296875 0.028125
0 0.553125 0.66171875 0.0265625 0.0265625
0 0.52421875 0.66328125 0.0265625 0.0265625
0 0.4046875 0.5875 0.0296875 0.0296875
0 0.4484375 0.571875 0.0265625 0.0265625
0 0.44453125 0.5953125 0.028125 0.0265625
0 0.4765625 0.6328125 0.0265625 0.0265625
0 0.5 0.6453125 0.0265625 0.0296875
0 0.4984375 0.675 0.0265625 0.0265625
0 0.44921875 0.62109375 0.0265625 0.0265625
0 0.45546875 0.64765625 0.0265625 0.0265625
0 0.46640625 0.66796875 0.0265625 0.0265625
0 0.4640625 0.69296875 0.0296875 0.0265625
0 0.43125 0.68046875 0.0265625 0.0296875
0 0.4078125 0.65078125 0.0296875 0.028125
0 0.334375 0.534375 0.0296875 0.0296875
0 0.3859375 0.66796875 0.0265625 0.0265625
0 0.2671875 0.62421875 0.0296875 0.028125
0 0.34296875 0.59140625 0.0296875 0.0296875
0 0.23515625 0.64453125 0.0296875 0.0296875
0 0.3203125 0.6578125 0.0296875 0.028125
0 0.4015625 0.6875 0.0265625 0.028125
0 0.4171875 0.74296875 0.0296875 0.028125
0 0.22578125 0.678125 0.0296875 0.0296875
0 0.22890625 0.72265625 0.0265625 0.028125