0 0.70859375 0.60625 0.040625 0.0390625
0 0.70859375 0.64140625 0.0359375 0.034375
0 0.69765625 0.67890625 0.0390625 0.0390625
0 0.675 0.6390625 0.0375 0.0375
0 0.665625 0.671875 0.0359375 0.0359375
0 0.66640625 0.70859375 0.0390625 0.0375
0 0.66328125 0.74765625 0.0359375 0.0359375
0 0.63046875 0.74921875 0.0359375 0.034375
0 0.64296875 0.77734375 0.0359375 0.0359375
0 0.63046875 0.715625 0.0359375 0.0328125
0 0.63203125 0.68203125 0.034375 0.0359375
0 0.64140625 0.6484375 0.0328125 0.0359375
0 0.68203125 0.56328125 0.0390625 0.0375
0 0.675 0.59296875 0.0390625 0.0359375
0 0.6546875 0.61875 0.0359375 0.0359375
0 0.63515625 0.58984375 0.0359375 0.0359375
0 0.62109375 0.62109375 0.0390625 0.0375
0 0.60625 0.6578125 0.0359375 0.0359375
0 0.56953125 0.53046875 0.0359375 0.034375
0 0.6921875 0.52265625 0.0359375 0.0359375
0 0.66015625 0.53203125 0.0359375 0.0359375
0 0.64765625 0.56328125 0.0375 0.0375
0 0.61796875 0.55234375 0.0375 0.040625
0 0.603125 0.5859375 0.0359375 0.034375
0 0.58671875 0.6125 0.0375 0.0375
0 0.57734375 0.64296875 0.0359375 0.0359375
0 0.55546875 0.61640625 0.0359375 0.0359375
0 0.54609375 0.65078125 0.0359375 0.0359375
0 0.56953125 0.67265625 0.034375 0.034375
0 0.59765625 0.6875 0.0375 0.0375
0 0.61171875 0.78828125 0.0375 0.0375
0 0.60078125 0.7578125 0.0390625 0.0390625
0 0.6 0.721875 0.0359375 0.0359375
0 0.5703125 0.70625 0.040625 0.0390625
0 0.54609375 0.725 0.0390625 0.0390625
0 0.54140625 0.6890625 0.0359375 0.0359375
0 0.51875 0.665625 0.0359375 0.0359375
0 0.49375 0.68671875 0.0359375 0.0359375
0 0.515625 0.70703125 0.0375 0.0375
0 0.51875 0.73984375 0.0375 0.0390625
0 0.4859375 0.72109375 0.040625 0.0390625
0 0.5578125 0.8078125 0.0390625 0.040625
0 0.57109375 0.74765625 0.0375 0.0375
0 0.57890625 0.78125 0.0359375 0.0359375
0 0.54375 0.78203125 0.0359375 0.0359375
0 0.51875 0.82421875 0.0390625 0.040625
0 0.5109375 0.77578125 0.040625 0.040625
0 0.478125 0.76328125 0.0390625 0.0390625
0 0.44453125 0.74453125 0.0390625 0.040625
0 0.63203125 0.5234375 0.0359375 0.0359375
0 0.66015625 0.49453125 0.0390625 0.0375
0 0.64375 0.4625 0.040625 0.040625
0 0.61015625 0.4625 0.0375 0.0390625
0 0.61484375 0.49609375 0.0375 0.0375
0 0.60078125 0.525 0.0359375 0.0359375
0 0.58671875 0.55703125 0.0375 0.0375
0 0.57109375 0.5859375 0.0390625 0.0375
0 0.53359375 0.59140625 0.0390625 0.0375
0 0.5234375 0.62265625 0.0375 0.0375
0 0.49921875 0.63984375 0.0359375 0.0359375
0 0.47578125 0.6625 0.0359375 0.0359375
0 0.4625 0.6890625 0.034375 0.034375
0 0.44140625 0.7140625 0.034375 0.0359375
0 0.409375 0.75546875 0.0375 0.0375
0 0.51953125 0.5 0.0375 0.0375
0 0.50625 0.53046875 0.0359375 0.0328125
0 0.484375 0.55546875 0.0375 0.0375
0 0.46875 0.58125 0.0359375 0.034375
0 0.55546875 0.55859375 0.034375 0.0328125
0 0.58359375 0.50078125 0.0359375 0.0359375
0 0.5515625 0.50390625 0.0375 0.0375
0 0.53671875 0.53125 0.0359375 0.0359375
0 0.521875 0.559375 0.0390625 0.0375
0 0.5015625 0.590625 0.0375 0.0390625
0 0.4796875 0.615625 0.034375 0.034375
0 0.45546875 0.6390625 0.0375 0.0390625
0 0.43203125 0.66875 0.040625 0.0390625
0 0.446875 0.6078125 0.0390625 0.0375
0 0.41640625 0.63046875 0.0359375 0.0359375
0 0.43671875 0.578125 0.0359375 0.0359375
0 0.409375 0.59375 0.0359375 0.0359375
0 0.3765625 0.59921875 0.0375 0.0375
0 0.446875 0.5484375 0.0390625 0.0390625
0 0.47265625 0.52421875 0.040625 0.040625
0 0.48671875 0.49453125 0.040625 0.0390625
0 0.50625 0.4703125 0.0375 0.0375
0 0.5421875 0.47265625 0.0390625 0.0375
0 0.57421875 0.46796875 0.040625 0.040625
0 0.675 0.42734375 0.040625 0.040625
0 0.665625 0.390625 0.0421875 0.04375
0 0.63125 0.42265625 0.046875 0.0421875
0 0.575 0.3484375 0.0453125 0.04375
0 0.59453125 0.41953125 0.0390625 0.040625
0 0.56171875 0.41328125 0.040625 0.040625
0 0.5375 0.440625 0.040625 0.0375
0 0.49609375 0.39375 0.040625 0.040625
0 0.46953125 0.434375 0.04375 0.040625
0 0.47890625 0.1484375 0.046875 0.046875
0 0.56640625 0.08359375 0.046875 0.0484375