0 0.82265625 0.85625 0.03125 0.03125
0 0.73671875 0.809375 0.03125 0.0296875
0 0.7890625 0.74609375 0.0296875 0.028125
0 0.8203125 0.7390625 0.025 0.025
0 0.8 0.728125 0.0234375 0.025
0 0.82265625 0.71640625 0.028125 0.028125
0 0.80078125 0.70546875 0.028125 0.0296875
0 0.84375 0.7046875 0.0265625 0.0265625
0 0.821875 0.6890625 0.028125 0.028125
0 0.8421875 0.6796875 0.028125 0.028125
0 0.80078125 0.68125 0.0265625 0.0265625
0 0.7765625 0.6875 0.0265625 0.0265625
0 0.75625 0.67265625 0.028125 0.03125
0 0.73828125 0.68671875 0.028125 0.028125
0 0.72109375 0.67109375 0.03125 0.028125
0 0.6984375 0.65390625 0.0265625 0.0265625
0 0.66640625 0.6578125 0.03125 0.028125
0 0.640625 0.64765625 0.0265625 0.0265625
0 0.6234375 0.6328125 0.028125 0.028125
0 0.659375 0.6203125 0.0296875 0.028125
0 0.60625 0.6109375 0.0265625 0.0265625
0 0.62734375 0.603125 0.0234375 0.025
0 0.603125 0.5875 0.028125 0.028125
0 0.65 0.6 0.0265625 0.0265625
0 0.63671875 0.58203125 0.028125 0.028125
0 0.671875 0.59140625 0.0265625 0.0265625
0 0.6953125 0.5984375 0.0265625 0.0265625
0 0.7328125 0.5921875 0.028125 0.028125
0 0.6578125 0.56953125 0.0265625 0.0265625
0 0.75234375 0.60625 0.028125 0.028125
0 0.7734375 0.596875 0.028125 0.028125
0 0.8171875 0.63203125 0.03125 0.03125
0 0.77265625 0.6203125 0.0296875 0.028125
0 0.81015625 0.6078125 0.028125 0.028125
0 0.78515625 0.57109375 0.03125 0.0296875
0 0.83359375 0.61640625 0.028125 0.028125
0 0.84140625 0.56796875 0.028125 0.028125
0 0.8171875 0.5390625 0.028125 0.028125
0 0.7109375 0.54609375 0.025 0.025
0 0.68828125 0.5359375 0.0265625 0.0265625
0 0.64296875 0.75390625 0.028125 0.028125
0 0.61875 0.7359375 0.0296875 0.028125
0 0.59140625 0.73828125 0.0296875 0.028125
0 0.6015625 0.71640625 0.028125 0.028125
0 0.61484375 0.696875 0.028125 0.0296875
0 0.5796875 0.7046875 0.028125 0.03125
0 0.5578125 0.70390625 0.0265625 0.0265625
0 0.54453125 0.725 0.03125 0.028125
0 0.5375 0.69609375 0.028125 0.028125
0 0.55 0.6765625 0.0296875 0.028125
0 0.51640625 0.68125 0.028125 0.028125
0 0.47734375 0.696875 0.0296875 0.028125
0 0.44921875 0.68125 0.0296875 0.0296875
0 0.48203125 0.66953125 0.028125 0.03125
0 0.51484375 0.6546875 0.028125 0.028125
0 0.5125 0.6328125 0.025 0.025
0 0.47890625 0.6390625 0.03125 0.028125
0 0.4421875 0.64453125 0.028125 0.028125
0 0.534375 0.6390625 0.0265625 0.0265625
0 0.59765625 0.665625 0.028125 0.028125
0 0.553125 0.62578125 0.025 0.025
0 0.52578125 0.61328125 0.025 0.025
0 0.5015625 0.6109375 0.0265625 0.0265625
0 0.540625 0.59765625 0.028125 0.028125
0 0.49296875 0.59296875 0.025 0.0265625
0 0.46875 0.615625 0.0265625 0.0265625
0 0.51328125 0.584375 0.0296875 0.028125
0 0.4734375 0.5828125 0.0265625 0.025
0 0.50078125 0.56796875 0.028125 0.028125
0 0.4796875 0.5625 0.028125 0.028125
0 0.4578125 0.55546875 0.028125 0.028125
0 0.41953125 0.634375 0.028125 0.028125
0 0.39921875 0.625 0.0265625 0.0265625
0 0.41484375 0.60859375 0.0265625 0.0265625
0 0.38046875 0.603125 0.0265625 0.0265625
0 0.4 0.590625 0.028125 0.03125
0 0.375 0.6375 0.028125 0.028125
0 0.33125 0.6546875 0.03125 0.028125
0 0.2765625 0.63671875 0.0296875 0.028125
0 0.240625 0.61328125 0.028125 0.03125
0 0.23203125 0.5875 0.028125 0.0296875
0 0.25625 0.57734375 0.03125 0.0296875
0 0.20703125 0.5640625 0.028125 0.028125
0 0.23984375 0.546875 0.028125 0.028125
0 0.215625 0.5328125 0.028125 0.028125
0 0.19296875 0.53046875 0.028125 0.028125
0 0.16875 0.5125 0.028125 0.028125
0 0.19140625 0.5046875 0.025 0.0265625
0 0.19453125 0.478125 0.0265625 0.0265625
0 0.16796875 0.4859375 0.0234375 0.025
0 0.140625 0.48828125 0.0265625 0.0265625
0 0.1421875 0.46484375 0.0265625 0.025
0 0.1703125 0.4640625 0.0234375 0.0234375
0 0.1890625 0.45234375 0.0265625 0.025
0 0.22421875 0.47421875 0.0265625 0.0265625
0 0.21171875 0.45625 0.025 0.0296875
0 0.26875 0.52578125 0.028125 0.028125
0 0.2484375 0.5125 0.028125 0.028125
0 0.2828125 0.50859375 0.0265625 0.028125
0 0.2640625 0.49765625 0.025 0.0265625
0 0.24765625 0.48359375 0.0265625 0.0265625
0 0.29609375 0.490625 0.028125 0.028125
0 0.2765625 0.47265625 0.0265625 0.025
0 0.2640625 0.45390625 0.0265625 0.0265625
0 0.2984375 0.465625 0.028125 0.03125
0 0.30703125 0.4421875 0.0265625 0.0265625
0 0.284375 0.4390625 0.025 0.0265625
0 0.246875 0.4421875 0.025 0.025
0 0.265625 0.4265625 0.028125 0.028125
0 0.2453125 0.42109375 0.025 0.025
0 0.22265625 0.4109375 0.0265625 0.0265625
0 0.25546875 0.403125 0.0234375 0.0234375
0 0.28828125 0.37421875 0.025 0.0265625
0 0.28125 0.4046875 0.028125 0.0296875
0 0.309375 0.36328125 0.0234375 0.0234375
0 0.2890625 0.3515625 0.0234375 0.0234375
0 0.340625 0.490625 0.0234375 0.0234375
0 0.37578125 0.51875 0.028125 0.028125
0 0.34296875 0.51953125 0.028125 0.028125
0 0.3640625 0.49453125 0.025 0.0265625
0 0.3984375 0.51953125 0.025 0.0265625
0 0.44375 0.53203125 0.0234375 0.0234375
0 0.45703125 0.51484375 0.025 0.0265625
0 0.4234375 0.50078125 0.028125 0.028125
0 0.4203125 0.47890625 0.0296875 0.028125
0 0.45234375 0.478125 0.0296875 0.0265625
0 0.43828125 0.46171875 0.0265625 0.0265625
0 0.46484375 0.53515625 0.0234375 0.0234375
0 0.478125 0.51171875 0.025 0.0265625
0 0.50859375 0.53984375 0.025 0.0265625
0 0.484375 0.54140625 0.0265625 0.0265625
0 0.496875 0.5203125 0.0234375 0.025
0 0.5296875 0.54921875 0.028125 0.025
0 0.53359375 0.528125 0.028125 0.0265625
0 0.5734375 0.559375 0.028125 0.028125
0 0.5546875 0.5484375 0.025 0.0265625
0 0.1765625 0.4359375 0.028125 0.028125
0 0.1546875 0.44765625 0.028125 0.028125
0 0.13125 0.43828125 0.0265625 0.0265625
0 0.1109375 0.42890625 0.0265625 0.0265625
0 0.11796875 0.40546875 0.0234375 0.025
0 0.14140625 0.365625 0.028125 0.028125
0 0.11484375 0.36640625 0.0265625 0.025
0 0.1203125 0.325 0.0265625 0.028125
0 0.13828125 0.3109375 0.028125 0.0296875
0 0.159375 0.290625 0.028125 0.028125
0 0.18671875 0.29375 0.0265625 0.0265625
0 0.225 0.3421875 0.025 0.025
0 0.24609375 0.334375 0.025 0.025
0 0.23203125 0.3125 0.025 0.0265625
0 0.26640625 0.3375 0.0234375 0.025
0 0.25390625 0.315625 0.0234375 0.0234375
0 0.278125 0.31796875 0.0265625 0.025
0 0.33125 0.33125 0.028125 0.028125
0 0.29765625 0.33203125 0.0234375 0.025
0 0.33984375 0.2984375 0.025 0.0234375
0 0.32734375 0.28046875 0.025 0.0265625
0 0.2984375 0.2828125 0.025 0.0234375
0 0.25546875 0.27734375 0.0234375 0.025
0 0.27578125 0.259375 0.025 0.0234375
0 0.2515625 0.2578125 0.0234375 0.0234375
0 0.24296875 0.2359375 0.025 0.0265625
0 0.3046875 0.25390625 0.0265625 0.0265625
0 0.34296875 0.26171875 0.028125 0.028125
0 0.32265625 0.23125 0.028125 0.028125
0 0.471875 0.42734375 0.025 0.0265625
0 0.44453125 0.42890625 0.028125 0.028125
0 0.48984375 0.33671875 0.0265625 0.0265625
0 0.4625 0.31484375 0.028125 0.0296875
0 0.44140625 0.3078125 0.0234375 0.0234375
0 0.4359375 0.28828125 0.0265625 0.0265625
0 0.41640625 0.28203125 0.028125 0.028125
0 0.4 0.2703125 0.0265625 0.025
0 0.38984375 0.25078125 0.0265625 0.0265625
0 0.45234375 0.275 0.028125 0.028125
0 0.4328125 0.26015625 0.0234375 0.025
0 0.42265625 0.2421875 0.0234375 0.0234375
0 0.45390625 0.25390625 0.0265625 0.025
0 0.49140625 0.278125 0.0265625 0.025
0 0.4859375 0.25703125 0.0265625 0.025
0 0.48359375 0.23046875 0.028125 0.025
0 0.53203125 0.2484375 0.0234375 0.0234375
0 0.51640625 0.2328125 0.025 0.0265625
0 0.54375 0.23046875 0.0265625 0.025
0 0.5171875 0.21015625 0.0234375 0.0234375
0 0.53515625 0.20234375 0.025 0.0234375
0 0.4453125 0.1609375 0.028125 0.028125
0 0.40234375 0.1203125 0.0265625 0.025
0 0.32890625 0.1375 0.025 0.0234375
0 0.57421875 0.2171875 0.025 0.0234375
0 0.55390625 0.1921875 0.0234375 0.0234375
0 0.5765625 0.18828125 0.028125 0.028125
0 0.6828125 0.1625 0.0234375 0.0203125
0 0.67265625 0.15859375 0.0203125 0.0203125
0 0.53984375 0.4046875 0.0265625 0.0265625
0 0.565625 0.40390625 0.025 0.0265625
0 0.5546875 0.38359375 0.0203125 0.0234375
0 0.53203125 0.3765625 0.0234375 0.0234375
0 0.58671875 0.40546875 0.0234375 0.0234375
0 0.5796875 0.3828125 0.0234375 0.025
0 0.56953125 0.35625 0.0234375 0.0234375
0 0.5453125 0.3578125 0.025 0.0265625
0 0.59140625 0.35390625 0.021875 0.0234375
0 0.61171875 0.39765625 0.028125 0.028125
0 0.59921875 0.37421875 0.025 0.0296875
0 0.6625 0.45234375 0.025 0.0234375
0 0.7 0.4578125 0.0265625 0.0265625
0 0.6890625 0.43984375 0.025 0.0234375
0 0.67578125 0.42265625 0.0265625 0.025
0 0.7171875 0.4359375 0.0265625 0.025
0 0.74140625 0.43359375 0.0265625 0.0265625
0 0.6453125 0.36484375 0.0265625 0.025
0 0.63203125 0.346875 0.025 0.0265625
0 0.6515625 0.33515625 0.025 0.0265625
0 0.7 0.35703125 0.0234375 0.0234375
0 0.678125 0.35 0.025 0.0234375
0 0.671875 0.3265625 0.0234375 0.0234375
0 0.64375 0.3109375 0.0234375 0.0234375
0 0.6234375 0.30625 0.0234375 0.0234375
0 0.5921875 0.3234375 0.0234375 0.0234375
0 0.60234375 0.30234375 0.0234375 0.0234375
0 0.57109375 0.31875 0.0265625 0.025
0 0.63984375 0.290625 0.0234375 0.0234375
0 0.66484375 0.30546875 0.0234375 0.0234375
0 0.68046875 0.29296875 0.0234375 0.025
0 0.659375 0.28203125 0.0234375 0.025
0 0.66328125 0.259375 0.025 0.0234375
0 0.74609375 0.359375 0.028125 0.028125
0 0.71953125 0.3421875 0.0265625 0.025
0 0.73984375 0.325 0.025 0.0234375
0 0.7078125 0.31796875 0.0234375 0.0234375
0 0.70859375 0.3015625 0.0265625 0.0234375
0 0.696875 0.278125 0.025 0.0234375
0 0.72421875 0.28828125 0.0234375 0.0203125
0 0.721875 0.26875 0.0234375 0.0203125
0 0.70703125 0.25234375 0.025 0.0234375
0 0.69765625 0.228125 0.0265625 0.025
0 0.71953125 0.1921875 0.0265625 0.0265625
0 0.9609375 0.44375 0.0234375 0.025
0 0.93984375 0.45078125 0.025 0.0265625
0 0.9171875 0.4453125 0.0234375 0.0234375
0 0.86796875 0.421875 0.0265625 0.0265625
0 0.828125 0.41875 0.028125 0.025
0 0.8859375 0.42109375 0.028125 0.028125
0 0.89375 0.3953125 0.028125 0.03125
0 0.85234375 0.39765625 0.0265625 0.025
0 0.79296875 0.403125 0.028125 0.028125
0 0.77890625 0.3359375 0.0265625 0.025
0 0.8078125 0.31875 0.028125 0.028125
0 0.7625 0.30625 0.025 0.028125
0 0.74609375 0.28671875 0.0234375 0.025
0 0.7703125 0.28359375 0.028125 0.028125
0 0.7578125 0.25859375 0.0234375 0.0234375
0 0.77421875 0.24140625 0.028125 0.028125
0 0.73984375 0.23515625 0.0265625 0.025