0 0.6765625 0.41328125 0.0203125 0.021875
0 0.65859375 0.41953125 0.021875 0.021875
0 0.7265625 0.40390625 0.021875 0.01875
0 0.709375 0.47265625 0.021875 0.021875
0 0.6421875 0.4328125 0.0203125 0.021875
0 0.6703125 0.50390625 0.021875 0.021875
0 0.61796875 0.4578125 0.01875 0.01875
0 0.74296875 0.390625 0.021875 0.0203125
0 0.565625 0.4890625 0.021875 0.021875
0 0.70234375 0.4921875 0.025 0.0234375
0 0.7375 0.475 0.01875 0.01875
0 0.6390625 0.5046875 0.0203125 0.021875
0 0.609375 0.47734375 0.021875 0.021875
0 0.63984375 0.45390625 0.025 0.025
0 0.740625 0.45390625 0.021875 0.021875
0 0.7921875 0.45078125 0.01875 0.021875
0 0.70546875 0.43984375 0.021875 0.021875
0 0.6921875 0.4234375 0.021875 0.01875
0 0.7703125 0.425 0.01875 0.0203125
0 0.7203125 0.45546875 0.021875 0.021875
0 0.74296875 0.42109375 0.025 0.0234375
0 0.76015625 0.3890625 0.021875 0.01875
0 0.690625 0.45234375 0.01875 0.0203125
0 0.6578125 0.44765625 0.01875 0.0203125
0 0.63828125 0.48046875 0.021875 0.021875
0 0.57109375 0.5109375 0.021875 0.021875
0 0.6546875 0.490625 0.0234375 0.0234375
0 0.75625 0.40703125 0.021875 0.021875
0 0.67421875 0.4828125 0.021875 0.021875
0 0.6765625 0.4328125 0.0203125 0.021875
0 0.621875 0.49453125 0.021875 0.021875
0 0.58828125 0.5234375 0.025 0.0234375
0 0.703125 0.40390625 0.021875 0.021875
0 0.7140625 0.4203125 0.0265625 0.025
0 0.775 0.40390625 0.0203125 0.0203125
0 0.6125 0.5140625 0.021875 0.021875
0 0.68984375 0.4703125 0.0234375 0.0234375
0 0.75546875 0.43515625 0.0234375 0.0234375
0 0.78984375 0.41015625 0.021875 0.021875
0 0.58515625 0.48046875 0.021875 0.021875
0 0.59453125 0.503125 0.021875 0.021875
0 0.7625 0.459375 0.0203125 0.021875
0 0.53046875 0.54140625 0.021875 0.021875
0 0.775 0.44375 0.021875 0.021875
0 0.79453125 0.43125 0.0203125 0.021875
0 0.65390625 0.46875 0.025 0.025
0 0.55078125 0.47578125 0.021875 0.021875
0 0.78984375 0.38984375 0.0203125 0.0203125
0 0.7203125 0.49140625 0.021875 0.021875
0 0.68828125 0.51015625 0.021875 0.021875
0 0.534375 0.51875 0.0234375 0.0234375
0 0.81171875 0.4125 0.01875 0.01875
0 0.60703125 0.534375 0.021875 0.021875
0 0.5109375 0.58046875 0.0234375 0.0234375
0 0.41796875 0.59140625 0.0265625 0.0265625
0 0.55234375 0.53046875 0.021875 0.021875
0 0.5265625 0.49765625 0.0234375 0.0234375
0 0.39453125 0.6390625 0.0265625 0.025
0 0.4953125 0.60234375 0.0234375 0.0234375
0 0.4296875 0.4109375 0.0265625 0.025
0 0.4046875 0.61796875 0.0265625 0.025
0 0.39609375 0.59609375 0.0265625 0.0265625
0 0.440625 0.59765625 0.0265625 0.0265625
0 0.66328125 0.52578125 0.0234375 0.025
0 0.2890625 0.7046875 0.0296875 0.0265625
0 0.315625 0.65703125 0.0265625 0.0265625
0 0.37265625 0.62734375 0.0265625 0.0265625
0 0.46015625 0.609375 0.0265625 0.0265625
0 0.46015625 0.58671875 0.0234375 0.0234375
0 0.31796875 0.675 0.0265625 0.0265625
0 0.29375 0.68046875 0.028125 0.0265625
0 0.671875 0.4609375 0.0234375 0.0234375
0 0.4734375 0.565625 0.025 0.025
0 0.31953125 0.7015625 0.0296875 0.0265625
0 0.40703125 0.41875 0.0265625 0.0265625
0 0.53359375 0.5671875 0.021875 0.021875
0 0.5 0.51171875 0.021875 0.021875
0 0.72578125 0.4359375 0.0234375 0.0234375
0 0.49296875 0.53828125 0.025 0.0234375
0 0.353125 0.61484375 0.0265625 0.0265625
0 0.41484375 0.646875 0.0265625 0.0265625
0 0.6359375 0.534375 0.021875 0.021875
0 0.33515625 0.64140625 0.0265625 0.0265625
0 0.4203125 0.4359375 0.025 0.025
0 0.26328125 0.70859375 0.0296875 0.0265625
0 0.8140625 0.43203125 0.01875 0.0203125
0 0.265625 0.684375 0.0296875 0.0265625
0 0.37421875 0.59921875 0.0265625 0.028125
0 0.3234375 0.61796875 0.028125 0.0296875
0 0.5140625 0.5546875 0.021875 0.021875
0 0.784375 0.37109375 0.0203125 0.0203125
0 0.51328125 0.61484375 0.0234375 0.0234375
0 0.390625 0.66171875 0.028125 0.0265625
0 0.55 0.215625 0.021875 0.021875
0 0.340625 0.67109375 0.028125 0.028125
0 0.57578125 0.20703125 0.021875 0.021875
0 0.81328125 0.390625 0.01875 0.0203125
0 0.80625 0.4671875 0.0203125 0.021875
0 0.29375 0.63515625 0.0296875 0.028125
0 0.42578125 0.62421875 0.0265625 0.0265625
0 0.44375 0.39296875 0.0234375 0.0234375
0 0.3421875 0.69609375 0.0265625 0.028125
0 0.296875 0.72734375 0.0296875 0.0296875
0 0.553125 0.45234375 0.025 0.0234375
0 0.55703125 0.19296875 0.021875 0.021875
0 0.4890625 0.5796875 0.0265625 0.0265625
0 0.26640625 0.73359375 0.0296875 0.028125
0 0.41171875 0.56796875 0.0265625 0.025
0 0.28359375 0.6578125 0.0296875 0.0265625
0 0.4859375 0.28984375 0.021875 0.021875
0 0.59375 0.55859375 0.021875 0.021875
0 0.58671875 0.190625 0.021875 0.021875
0 0.3640625 0.65078125 0.028125 0.0265625
0 0.27578125 0.4125 0.0265625 0.0265625
0 0.4796875 0.63125 0.025 0.0265625
0 0.46953125 0.30390625 0.025 0.0234375
0 0.4765625 0.5015625 0.025 0.0234375
0 0.25703125 0.42890625 0.028125 0.0265625
0 0.53125 0.23203125 0.0234375 0.0234375
0 0.5921875 0.5890625 0.021875 0.021875
0 0.41328125 0.38359375 0.0265625 0.025
0 0.39375 0.446875 0.0265625 0.025
0 0.2328125 0.7171875 0.0296875 0.03125
0 0.3 0.421875 0.0265625 0.0265625
0 0.65078125 0.5640625 0.021875 0.021875
0 0.215625 0.69296875 0.0296875 0.028125
0 0.4375 0.51796875 0.0296875 0.025
0 0.49765625 0.23828125 0.021875 0.021875
0 0.24765625 0.4625 0.0296875 0.0265625
0 0.56171875 0.58125 0.025 0.0265625
0 0.2046875 0.72890625 0.028125 0.028125
0 0.2484375 0.6046875 0.0296875 0.03125
0 0.346875 0.49375 0.028125 0.0265625
0 0.17734375 0.62421875 0.03125 0.0296875
0 0.30625 0.35546875 0.03125 0.0296875
0 0.33828125 0.3796875 0.0265625 0.0265625
0 0.221875 0.4 0.03125 0.0296875
0 0.46484375 0.34375 0.0328125 0.0265625
0 0.7140625 0.23125 0.0265625 0.0265625
0 0.87734375 0.4203125 0.01875 0.021875
0 0.8578125 0.41875 0.0234375 0.025
0 0.67578125 0.72421875 0.0265625 0.028125
0 0.53125 0.828125 0.0265625 0.0328125
0 0.5015625 0.79765625 0.0265625 0.0296875