0 0.15703125 0.7671875 0.040625 0.040625
0 0.56015625 0.7109375 0.0390625 0.040625
0 0.54375 0.784375 0.040625 0.040625
0 0.6953125 0.69609375 0.040625 0.0421875
0 0.49921875 0.82421875 0.0390625 0.040625
0 0.38203125 0.525 0.0390625 0.0390625
0 0.5921875 0.703125 0.0390625 0.040625
0 0.709375 0.63125 0.040625 0.040625
0 0.334375 0.74140625 0.040625 0.040625
0 0.42109375 0.85078125 0.040625 0.0421875
0 0.4140625 0.7859375 0.0390625 0.0390625
0 0.715625 0.66953125 0.0390625 0.0421875
0 0.359375 0.546875 0.0390625 0.040625
0 0.36953125 0.58203125 0.040625 0.040625
0 0.39921875 0.47890625 0.040625 0.040625
0 0.4421875 0.80234375 0.0390625 0.040625
0 0.41328125 0.7515625 0.0390625 0.040625
0 0.50546875 0.67578125 0.0390625 0.0421875
0 0.38984375 0.82109375 0.0390625 0.040625
0 0.70859375 0.728125 0.040625 0.040625
0 0.59296875 0.73515625 0.040625 0.040625
0 0.6546875 0.66953125 0.0390625 0.04375
0 0.690625 0.36875 0.040625 0.040625
0 0.1609375 0.72890625 0.040625 0.040625
0 0.1421875 0.690625 0.040625 0.040625
0 0.29765625 0.58125 0.040625 0.0390625
0 0.67890625 0.609375 0.040625 0.040625
0 0.28984375 0.6890625 0.040625 0.040625
0 0.353125 0.609375 0.040625 0.040625
0 0.65625 0.70625 0.040625 0.040625
0 0.31796875 0.8265625 0.040625 0.040625
0 0.54765625 0.74921875 0.040625 0.04375
0 0.34921875 0.8203125 0.0390625 0.040625
0 0.6234375 0.7171875 0.040625 0.040625
0 0.709375 0.59921875 0.040625 0.040625
0 0.28515625 0.90234375 0.040625 0.040625
0 0.346875 0.71015625 0.0390625 0.0390625
0 0.68203125 0.65390625 0.040625 0.040625
0 0.328125 0.5390625 0.040625 0.040625
0 0.32734375 0.63984375 0.040625 0.040625
0 0.09609375 0.65703125 0.040625 0.0421875
0 0.29609375 0.55 0.040625 0.040625
0 0.43671875 0.878125 0.0390625 0.040625
0 0.4890625 0.52734375 0.0390625 0.040625
0 0.59140625 0.865625 0.0421875 0.040625
0 0.56171875 0.55 0.04375 0.040625
0 0.740625 0.6390625 0.040625 0.040625
0 0.4 0.44375 0.040625 0.040625
0 0.69765625 0.46015625 0.040625 0.040625
0 0.721875 0.56875 0.0390625 0.04375
0 0.74921875 0.721875 0.0421875 0.040625
0 0.66796875 0.4484375 0.0421875 0.0390625
0 0.334375 0.49140625 0.0390625 0.040625
0 0.60625 0.5453125 0.040625 0.040625
0 0.5859375 0.896875 0.0390625 0.040625
0 0.42265625 0.7 0.040625 0.040625
0 0.6578125 0.63125 0.0390625 0.04375
0 0.8375 0.628125 0.040625 0.040625
0 0.29453125 0.6203125 0.0390625 0.040625
0 0.71953125 0.325 0.040625 0.040625
0 0.07734375 0.63828125 0.0390625 0.040625
0 0.37734375 0.734375 0.04375 0.040625
0 0.42265625 0.4203125 0.040625 0.040625
0 0.6734375 0.33671875 0.040625 0.040625
0 0.68203125 0.57578125 0.0375 0.0390625
0 0.7078125 0.19296875 0.040625 0.040625
0 0.6265625 0.87109375 0.040625 0.040625
0 0.634375 0.40703125 0.0390625 0.040625
0 0.69140625 0.22265625 0.040625 0.0421875
0 0.45546875 0.38984375 0.040625 0.0390625
0 0.1296875 0.73828125 0.040625 0.040625
0 0.525 0.88203125 0.040625 0.040625
0 0.65703125 0.3671875 0.040625 0.040625
0 0.91796875 0.57734375 0.040625 0.040625
0 0.75078125 0.58515625 0.040625 0.0390625
0 0.7296875 0.2890625 0.0421875 0.040625
0 0.246875 0.534375 0.040625 0.040625
0 0.72890625 0.22109375 0.040625 0.040625
0 0.12421875 0.58671875 0.040625 0.0390625
0 0.55625 0.87578125 0.0390625 0.040625
0 0.66953125 0.2734375 0.0421875 0.040625
0 0.32265625 0.603125 0.040625 0.040625
0 0.8078125 0.53125 0.040625 0.040625
0 0.6984375 0.3 0.040625 0.040625
0 0.540625 0.91015625 0.04375 0.0421875
0 0.5484375 0.3015625 0.0375 0.0390625
0 0.553125 0.353125 0.040625 0.040625
0 0.91171875 0.5140625 0.0390625 0.0375
0 0.79140625 0.5015625 0.040625 0.040625
0 0.8328125 0.4984375 0.0421875 0.0390625
0 0.8078125 0.47109375 0.040625 0.040625
0 0.80859375 0.384375 0.040625 0.0390625
0 0.940625 0.48125 0.040625 0.040625
0 0.7703125 0.52578125 0.040625 0.04375
0 0.57578125 0.32265625 0.0375 0.0390625
0 0.73203125 0.25546875 0.040625 0.040625
0 0.8828125 0.41328125 0.040625 0.0390625
0 0.39453125 0.18359375 0.0390625 0.040625
0 0.9875 0.69765625 0.025 0.0421875
0 0.91171875 0.434375 0.04375 0.040625
0 0.29765625 0.47109375 0.0390625 0.040625
0 0.32421875 0.27890625 0.0421875 0.040625
0 0.75859375 0.6109375 0.040625 0.0375
0 0.8 0.571875 0.040625 0.0390625
0 0.6609375 0.30546875 0.040625 0.0421875
0 0.4375 0.2375 0.0390625 0.040625
0 0.82890625 0.55546875 0.0390625 0.040625
0 0.3109375 0.38828125 0.040625 0.040625
0 0.378125 0.21171875 0.0421875 0.040625
0 0.31953125 0.23984375 0.040625 0.040625
0 0.20625 0.54609375 0.040625 0.0390625
0 0.5671875 0.928125 0.040625 0.040625
0 0.775 0.42421875 0.040625 0.0390625
0 0.85625 0.371875 0.040625 0.040625
0 0.19609375 0.43203125 0.040625 0.040625
0 0.2453125 0.26875 0.0390625 0.040625
0 0.275 0.1125 0.040625 0.040625
0 0.8265625 0.19453125 0.040625 0.0390625
0 0.19140625 0.3046875 0.040625 0.040625
0 0.1796875 0.54765625 0.0359375 0.0359375
0 0.8546875 0.57265625 0.04375 0.040625
0 0.78125 0.24453125 0.040625 0.040625
0 0.45078125 0.9203125 0.0421875 0.0421875
0 0.2234375 0.3125 0.0375 0.0375
0 0.86484375 0.18984375 0.040625 0.0390625
0 0.06953125 0.41171875 0.040625 0.040625
0 0.81796875 0.25625 0.0375 0.0390625
0 0.471875 0.89609375 0.0390625 0.0390625
0 0.5609375 0.103125 0.040625 0.040625
0 0.19921875 0.33671875 0.040625 0.040625
0 0.3453125 0.31015625 0.040625 0.040625
0 0.7 0.265625 0.040625 0.0421875
0 0.29765625 0.21484375 0.0390625 0.040625
0 0.321875 0.14375 0.0390625 0.040625
0 0.24453125 0.09296875 0.040625 0.040625
0 0.07265625 0.38046875 0.040625 0.040625
0 0.83359375 0.34609375 0.040625 0.0421875
0 0.85546875 0.4328125 0.040625 0.0390625
0 0.14140625 0.31171875 0.0390625 0.040625
0 0.809375 0.41640625 0.0421875 0.040625
0 0.17109375 0.259375 0.040625 0.040625
0 0.37890625 0.26171875 0.040625 0.040625
0 0.96484375 0.66796875 0.040625 0.040625
0 0.090625 0.4546875 0.040625 0.040625
0 0.31875 0.190625 0.0390625 0.040625
0 0.1171875 0.21171875 0.040625 0.040625
0 0.5984375 0.940625 0.040625 0.040625
0 0.33984375 0.2140625 0.0390625 0.040625
0 0.83828125 0.40390625 0.0390625 0.0390625
0 0.128125 0.27890625 0.040625 0.0421875
0 0.053125 0.45625 0.040625 0.040625
0 0.23203125 0.50390625 0.046875 0.0421875
0 0.2125 0.17109375 0.040625 0.040625
0 0.22578125 0.3578125 0.0421875 0.040625
0 0.17734375 0.18125 0.04375 0.040625
0 0.778125 0.7875 0.0421875 0.04375
0 0.265625 0.3015625 0.040625 0.040625
0 0.49140625 0.63671875 0.0421875 0.046875
0 0.10703125 0.303125 0.040625 0.0390625
0 0.1109375 0.38046875 0.0453125 0.040625
0 0.8484375 0.7609375 0.040625 0.04375
0 0.30546875 0.0859375 0.0390625 0.0421875
0 0.34375 0.16875 0.040625 0.040625
0 0.1015625 0.2578125 0.040625 0.0390625
0 0.3640625 0.28125 0.0421875 0.04375
0 0.3515625 0.46171875 0.0390625 0.0359375
0 0.25 0.33046875 0.0390625 0.0421875
0 0.41640625 0.91875 0.0421875 0.046875
0 0.825 0.44453125 0.0375 0.0375
0 0.5109375 0.9796875 0.040625 0.040625
0 0.56875 0.7609375 0.0390625 0.04375
0 0.146875 0.240625 0.034375 0.0359375
0 0.17578125 0.21875 0.0375 0.0375
0 0.8421875 0.321875 0.04375 0.0390625
0 0.3703125 0.796875 0.040625 0.040625
0 0.15078125 0.21953125 0.040625 0.040625
0 0.3609375 0.4890625 0.040625 0.04375
0 0.7703125 0.5609375 0.0390625 0.040625