0 0.71015625 0.43984375 0.0375 0.0359375
0 0.69296875 0.425 0.034375 0.0390625
0 0.61328125 0.44609375 0.0359375 0.0359375
0 0.62421875 0.48046875 0.034375 0.0359375
0 0.59453125 0.50703125 0.03125 0.034375
0 0.6765625 0.33359375 0.0359375 0.0375
0 0.6453125 0.365625 0.034375 0.034375
0 0.61875 0.36796875 0.0328125 0.0328125
0 0.596875 0.32109375 0.0375 0.0375
0 0.59375 0.35 0.034375 0.0359375
0 0.56171875 0.32890625 0.0328125 0.0328125
0 0.54296875 0.35703125 0.034375 0.034375
0 0.55625 0.38125 0.0328125 0.0359375
0 0.540625 0.41875 0.034375 0.0359375
0 0.51953125 0.434375 0.028125 0.03125
0 0.509375 0.38203125 0.0296875 0.03125
0 0.5171875 0.40546875 0.0296875 0.03125
0 0.49921875 0.4234375 0.0265625 0.0328125
0 0.484375 0.3828125 0.0265625 0.0296875
0 0.49296875 0.4015625 0.028125 0.028125
0 0.4734375 0.41484375 0.025 0.0296875
0 0.46015625 0.4328125 0.0265625 0.03125
0 0.46328125 0.3953125 0.0265625 0.0296875
0 0.44453125 0.409375 0.0265625 0.0296875
0 0.440625 0.4515625 0.0171875 0.0234375
0 0.4421875 0.47734375 0.0265625 0.0296875
0 0.4515625 0.45625 0.0265625 0.028125
0 0.47578125 0.46484375 0.0265625 0.028125
0 0.48671875 0.48828125 0.0296875 0.0296875
0 0.46640625 0.51015625 0.0296875 0.0296875
0 0.4734375 0.5359375 0.028125 0.0296875
0 0.48125 0.559375 0.0265625 0.0296875
0 0.51171875 0.53125 0.0296875 0.0328125
0 0.51015625 0.55859375 0.0296875 0.0296875
0 0.49375 0.584375 0.0296875 0.03125
0 0.540625 0.553125 0.0296875 0.0296875
0 0.52890625 0.58359375 0.0328125 0.0328125
0 0.53125 0.6125 0.03125 0.03125
0 0.64765625 0.20390625 0.034375 0.034375
0 0.6171875 0.1578125 0.034375 0.0390625
0 0.59140625 0.828125 0.034375 0.0390625
0 0.5984375 0.86328125 0.0390625 0.040625
0 0.509375 0.88359375 0.034375 0.0359375
0 0.46484375 0.8859375 0.034375 0.0359375
0 0.4890625 0.8125 0.034375 0.0390625
0 0.4625 0.8046875 0.034375 0.0375
0 0.4484375 0.8296875 0.0328125 0.0359375
0 0.428125 0.8015625 0.03125 0.0359375
0 0.41171875 0.8375 0.0328125 0.034375
0 0.43359375 0.7453125 0.034375 0.0359375
0 0.39453125 0.8671875 0.03125 0.0359375
0 0.34609375 0.871875 0.0296875 0.0328125
0 0.384375 0.840625 0.03125 0.034375
0 0.3640625 0.85234375 0.0265625 0.0328125
0 0.328125 0.84453125 0.0296875 0.0359375
0 0.3 0.8484375 0.0265625 0.0328125
0 0.3328125 0.80703125 0.03125 0.034375
0 0.3703125 0.80625 0.03125 0.0328125
0 0.38125 0.77890625 0.0296875 0.0328125
0 0.39375 0.69921875 0.0328125 0.0390625
0 0.41875 0.53984375 0.0296875 0.0296875
0 0.415625 0.5640625 0.0296875 0.03125
0 0.38046875 0.571875 0.0265625 0.03125
0 0.36015625 0.5765625 0.0265625 0.0296875
0 0.35234375 0.55 0.0265625 0.0296875
0 0.3359375 0.5375 0.0265625 0.0328125
0 0.31171875 0.503125 0.0265625 0.0296875
0 0.32421875 0.52109375 0.0265625 0.0296875
0 0.2875 0.5171875 0.0265625 0.0296875
0 0.28359375 0.540625 0.025 0.0265625
0 0.29375 0.55703125 0.025 0.028125
0 0.28046875 0.5765625 0.0234375 0.028125
0 0.26484375 0.540625 0.0234375 0.028125
0 0.26015625 0.56484375 0.025 0.028125
0 0.2640625 0.50390625 0.0265625 0.03125
0 0.2421875 0.52265625 0.0234375 0.025
0 0.23125 0.54921875 0.0265625 0.0296875
0 0.225 0.52890625 0.0265625 0.028125
0 0.2203125 0.5 0.025 0.028125
0 0.184375 0.54375 0.0265625 0.0296875
0 0.1953125 0.5640625 0.025 0.0265625
0 0.18125 0.58671875 0.025 0.025
0 0.16796875 0.56640625 0.0265625 0.0296875
0 0.17265625 0.66796875 0.0265625 0.0328125
0 0.13515625 0.5546875 0.01875 0.021875
0 0.11953125 0.5546875 0.021875 0.0234375
0 0.1125 0.58125 0.0234375 0.0265625
0 0.14765625 0.54609375 0.0265625 0.0265625
0 0.12578125 0.53359375 0.0234375 0.025
0 0.11328125 0.52265625 0.01875 0.0234375
0 0.10625 0.5421875 0.01875 0.0234375
0 0.0921875 0.53515625 0.021875 0.0265625
0 0.07578125 0.53515625 0.0203125 0.025
0 0.0890625 0.5140625 0.0234375 0.025
0 0.13125 0.51484375 0.021875 0.025
0 0.13984375 0.47421875 0.0234375 0.028125
0 0.13203125 0.496875 0.021875 0.0234375
0 0.14921875 0.48671875 0.01875 0.01875
0 0.14609375 0.50234375 0.0203125 0.021875
0 0.1640625 0.47734375 0.021875 0.025
0 0.16328125 0.45859375 0.0234375 0.0265625
0 0.1796875 0.478125 0.0234375 0.025
0 0.1859375 0.4953125 0.0203125 0.025
0 0.19375 0.459375 0.0234375 0.03125
0 0.225 0.4515625 0.0234375 0.0265625
0 0.2109375 0.47578125 0.0234375 0.03125
0 0.42578125 0.42421875 0.028125 0.0296875
0 0.39609375 0.43046875 0.0265625 0.0296875
0 0.41484375 0.45234375 0.0296875 0.0359375
0 0.41640625 0.39140625 0.0296875 0.03125
0 0.36953125 0.41953125 0.0265625 0.0296875
0 0.35 0.45234375 0.0296875 0.0296875
0 0.3203125 0.453125 0.0265625 0.028125
0 0.3203125 0.4265625 0.028125 0.028125
0 0.35078125 0.36015625 0.028125 0.0328125
0 0.3 0.40625 0.0265625 0.028125
0 0.2828125 0.39296875 0.0234375 0.0265625
0 0.26015625 0.38515625 0.028125 0.0265625
0 0.5 0.08203125 0.0296875 0.0328125
0 0.471875 0.084375 0.0296875 0.03125
0 0.46640625 0.15078125 0.03125 0.0359375
0 0.43984375 0.1171875 0.0265625 0.03125
0 0.4171875 0.13671875 0.0296875 0.0328125
0 0.39140625 0.13203125 0.0265625 0.0328125
0 0.36875 0.1640625 0.028125 0.03125
0 0.365625 0.18984375 0.03125 0.0296875
0 0.31953125 0.2109375 0.0296875 0.03125
0 0.36953125 0.29921875 0.0296875 0.0328125
0 0.29765625 0.22109375 0.025 0.028125
0 0.2875 0.23984375 0.0234375 0.028125
0 0.26953125 0.2640625 0.021875 0.025
0 0.27109375 0.228125 0.021875 0.01875
0 0.2484375 0.28828125 0.0234375 0.028125
0 0.265625 0.2453125 0.0234375 0.0265625
0 0.225 0.2328125 0.0234375 0.025
0 0.20859375 0.22421875 0.021875 0.0234375
0 0.196875 0.2671875 0.0234375 0.025
0 0.17890625 0.25390625 0.025 0.025
0 0.1703125 0.27578125 0.025 0.025
0 0.1578125 0.30703125 0.028125 0.0296875
0 0.20234375 0.35234375 0.025 0.028125
0 0.1578125 0.25859375 0.0265625 0.0296875
0 0.128125 0.42890625 0.0234375 0.028125
0 0.08203125 0.44921875 0.0265625 0.0265625