0 0.25078125 0.459375 0.0515625 0.0421875
0 0.32890625 0.4546875 0.05 0.0390625
0 0.2515625 0.5015625 0.040625 0.034375
0 0.22734375 0.51640625 0.04375 0.0375
0 0.32265625 0.5125 0.04375 0.034375
0 0.27734375 0.52734375 0.046875 0.034375
0 0.2953125 0.475 0.0453125 0.034375
0 0.27890625 0.57578125 0.0390625 0.03125
0 0.21015625 0.5734375 0.0421875 0.0296875
0 0.26171875 0.60703125 0.040625 0.034375
0 0.290625 0.62890625 0.0421875 0.03125
0 0.22265625 0.6171875 0.040625 0.034375
0 0.6375 0.43125 0.053125 0.0375
0 0.5984375 0.4484375 0.0484375 0.034375
0 0.56015625 0.46015625 0.0453125 0.0375
0 0.52265625 0.47109375 0.046875 0.034375
0 0.4890625 0.490625 0.046875 0.034375
0 0.65 0.46640625 0.046875 0.0375
0 0.60703125 0.48046875 0.05 0.0375
0 0.57109375 0.49375 0.04375 0.0359375
0 0.534375 0.50625 0.04375 0.0375
0 0.5015625 0.53125 0.0453125 0.0359375
0 0.65234375 0.4984375 0.04375 0.0375
0 0.61796875 0.52265625 0.053125 0.0375
0 0.5796875 0.53203125 0.046875 0.0375
0 0.696875 0.52265625 0.05 0.034375
0 0.66953125 0.54609375 0.0578125 0.0359375
0 0.62890625 0.55546875 0.046875 0.034375
0 0.58828125 0.56640625 0.0484375 0.0375
0 0.41015625 0.54609375 0.0515625 0.0390625
0 0.69609375 0.5703125 0.05 0.034375
0 0.6609375 0.62109375 0.05 0.0359375
0 0.53515625 0.56171875 0.046875 0.0359375
0 0.6953125 0.60234375 0.0484375 0.0328125
0 0.64921875 0.596875 0.0484375 0.034375
0 0.7296875 0.546875 0.0515625 0.0359375
0 0.66484375 0.65234375 0.04375 0.028125
0 0.63828125 0.6734375 0.05 0.034375
0 0.346875 0.68125 0.0359375 0.0296875
0 0.3078125 0.68671875 0.0453125 0.034375
0 0.34296875 0.73203125 0.04375 0.034375
0 0.2328125 0.6890625 0.0421875 0.0375
0 0.3734375 0.71875 0.0375 0.03125
0 0.4875 0.6375 0.046875 0.034375
0 0.378125 0.6921875 0.040625 0.03125
0 0.58203125 0.696875 0.040625 0.034375
0 0.54296875 0.69453125 0.0421875 0.034375
0 0.5 0.6890625 0.04375 0.0328125
0 0.68125 0.6875 0.040625 0.0328125
0 0.61875 0.6984375 0.0390625 0.028125
0 0.70859375 0.6359375 0.05 0.0375
0 0.665625 0.7140625 0.0296875 0.0328125
0 0.63671875 0.7109375 0.0375 0.034375
0 0.5984375 0.725 0.0421875 0.03125
0 0.54375 0.728125 0.0453125 0.03125
0 0.478125 0.7296875 0.0453125 0.0359375
0 0.646875 0.81328125 0.0515625 0.0328125
0 0.64140625 0.7875 0.0453125 0.03125
0 0.621875 0.753125 0.04375 0.034375
0 0.90859375 0.60625 0.05625 0.0390625
0 0.8625 0.5765625 0.05625 0.0375
0 0.796875 0.50546875 0.05625 0.0421875
0 0.84765625 0.68046875 0.040625 0.0375
0 0.815625 0.66640625 0.046875 0.0375
0 0.671875 0.76875 0.0453125 0.03125
0 0.81484375 0.77265625 0.04375 0.0328125
0 0.75625 0.79375 0.0484375 0.0328125
0 0.68125 0.81875 0.0375 0.0375
0 0.62890625 0.8546875 0.04375 0.0328125
0 0.55703125 0.85625 0.0453125 0.03125
0 0.434375 0.78828125 0.0421875 0.03125
0 0.353125 0.778125 0.04375 0.0328125
0 0.1984375 0.7375 0.034375 0.025
0 0.29921875 0.80390625 0.0390625 0.03125
0 0.2484375 0.746875 0.0421875 0.03125
0 0.20625 0.7578125 0.040625 0.028125
0 0.06328125 0.55078125 0.046875 0.0375
0 0.103125 0.47265625 0.0453125 0.0359375
0 0.05703125 0.46796875 0.046875 0.034375
0 0.58359375 0.415625 0.053125 0.04375
0 0.5375 0.42578125 0.05625 0.040625
0 0.6296875 0.3890625 0.0515625 0.0453125
0 0.54453125 0.3890625 0.046875 0.0375
0 0.49921875 0.39609375 0.05 0.0390625
0 0.5171875 0.36484375 0.04375 0.04375
0 0.46796875 0.371875 0.046875 0.0390625
0 0.43203125 0.3484375 0.05 0.0390625
0 0.55546875 0.35 0.05 0.0421875
0 0.48125 0.3375 0.053125 0.0359375
0 0.178125 0.39765625 0.053125 0.04375
0 0.12734375 0.37890625 0.05 0.040625
0 0.20625 0.33671875 0.0578125 0.0359375
0 0.1984375 0.30625 0.053125 0.0421875
0 0.296875 0.35546875 0.05 0.0390625
0 0.36484375 0.34140625 0.05625 0.0453125
0 0.440625 0.31015625 0.05 0.0421875
0 0.39453125 0.31640625 0.0546875 0.0421875
0 0.2390625 0.28828125 0.053125 0.0421875
0 0.1984375 0.23828125 0.0515625 0.0453125