0 0.4609375 0.07578125 0.03125 0.0328125
0 0.48125 0.0875 0.028125 0.0296875
0 0.4953125 0.0671875 0.0296875 0.0296875
0 0.4890625 0.04453125 0.03125 0.0296875
0 0.3921875 0.1109375 0.03125 0.0296875
0 0.4171875 0.11484375 0.03125 0.0328125
0 0.37734375 0.1546875 0.03125 0.0296875
0 0.34609375 0.22109375 0.03125 0.0296875
0 0.24765625 0.28828125 0.0265625 0.0296875
0 0.2734375 0.28984375 0.028125 0.0265625
0 0.25234375 0.31171875 0.025 0.0265625
0 0.27265625 0.3125 0.0265625 0.0265625
0 0.21875 0.3234375 0.0296875 0.028125
0 0.190625 0.3265625 0.028125 0.0328125
0 0.2546875 0.334375 0.028125 0.028125
0 0.27734375 0.3375 0.0265625 0.0296875
0 0.2921875 0.3234375 0.028125 0.0296875
0 0.25234375 0.3625 0.0265625 0.0296875
0 0.2734375 0.359375 0.0296875 0.0296875
0 0.23359375 0.384375 0.025 0.0296875
0 0.25625 0.38359375 0.028125 0.028125
0 0.24765625 0.4234375 0.0265625 0.0265625
0 0.26796875 0.41875 0.025 0.0296875
0 0.290625 0.425 0.0296875 0.028125
0 0.25390625 0.44375 0.0265625 0.0265625
0 0.275 0.440625 0.0265625 0.0265625
0 0.1953125 0.46171875 0.0265625 0.03125
0 0.21171875 0.44609375 0.0234375 0.0265625
0 0.2171875 0.475 0.028125 0.0296875
0 0.259375 0.4921875 0.0296875 0.03125
0 0.271875 0.46875 0.025 0.0296875
0 0.20078125 0.54765625 0.028125 0.0328125
0 0.20390625 0.59765625 0.0265625 0.0296875
0 0.1984375 0.5734375 0.0296875 0.03125
0 0.240625 0.59375 0.021875 0.025
0 0.26640625 0.5828125 0.0234375 0.028125
0 0.24921875 0.58515625 0.0234375 0.025
0 0.2578125 0.55546875 0.03125 0.0328125
0 0.3 0.56640625 0.0234375 0.0234375
0 0.2890625 0.559375 0.0265625 0.0296875
0 0.29375 0.53671875 0.0234375 0.025
0 0.30859375 0.54296875 0.028125 0.0265625
0 0.34375 0.57265625 0.0265625 0.03125
0 0.365625 0.58359375 0.025 0.0296875
0 0.384375 0.575 0.0296875 0.0265625
0 0.3921875 0.5953125 0.0265625 0.0265625
0 0.3796875 0.6453125 0.015625 0.025
0 0.41640625 0.63828125 0.0265625 0.028125
0 0.3953125 0.63984375 0.0265625 0.03125
0 0.38984375 0.61796875 0.025 0.0234375
0 0.4140625 0.671875 0.0296875 0.028125
0 0.390625 0.67109375 0.0265625 0.0296875
0 0.40234375 0.690625 0.0265625 0.0265625
0 0.37890625 0.71328125 0.03125 0.0265625
0 0.253125 0.62421875 0.0296875 0.0296875
0 0.20859375 0.6578125 0.0265625 0.0296875
0 0.25625 0.6484375 0.0296875 0.0265625
0 0.2578125 0.70546875 0.0265625 0.0265625
0 0.27578125 0.7203125 0.0296875 0.028125
0 0.29453125 0.70546875 0.0265625 0.0296875
0 0.2515625 0.7484375 0.0234375 0.0171875
0 0.24765625 0.7359375 0.028125 0.0265625
0 0.2796875 0.75 0.028125 0.0296875
0 0.25390625 0.7875 0.028125 0.0296875
0 0.26796875 0.7703125 0.0265625 0.0265625
0 0.303125 0.76875 0.0296875 0.0265625
0 0.30390625 0.7453125 0.0296875 0.0296875
0 0.3265625 0.7703125 0.0265625 0.0265625
0 0.35078125 0.78671875 0.0265625 0.0296875
0 0.36640625 0.771875 0.028125 0.0328125
0 0.30859375 0.78984375 0.0265625 0.028125
0 0.33046875 0.7921875 0.0265625 0.0296875
0 0.30234375 0.81171875 0.025 0.0296875
0 0.321875 0.8125 0.0265625 0.028125
0 0.35234375 0.81328125 0.0296875 0.028125
0 0.38515625 0.83359375 0.0296875 0.028125
0 0.4015625 0.84921875 0.0265625 0.0265625
0 0.403125 0.95703125 0.0265625 0.03125
0 0.53359375 0.8703125 0.028125 0.0296875
0 0.54453125 0.84296875 0.0265625 0.0296875
0 0.603125 0.77109375 0.03125 0.0328125
0 0.65390625 0.734375 0.0296875 0.0296875
0 0.67109375 0.753125 0.0296875 0.0296875
0 0.684375 0.7765625 0.025 0.0234375
0 0.69375 0.765625 0.0171875 0.01875
0 0.75234375 0.81796875 0.028125 0.0203125
0 0.771875 0.7859375 0.0296875 0.0296875
0 0.74609375 0.79921875 0.0359375 0.0375
0 0.5 0.7328125 0.0265625 0.0265625
0 0.4671875 0.709375 0.0265625 0.0265625
0 0.48828125 0.71015625 0.0265625 0.0265625
0 0.4765625 0.72890625 0.0265625 0.028125
0 0.51171875 0.69296875 0.0234375 0.028125
0 0.4890625 0.6875 0.0265625 0.0265625
0 0.47109375 0.6765625 0.025 0.028125
0 0.49921875 0.671875 0.0234375 0.028125
0 0.490625 0.65 0.0265625 0.0265625
0 0.46875 0.64140625 0.0265625 0.0265625
0 0.5125 0.6546875 0.025 0.0234375
0 0.5015625 0.62890625 0.028125 0.0328125
0 0.52265625 0.6328125 0.03125 0.0265625
0 0.48125 0.62265625 0.025 0.0265625
0 0.459375 0.6078125 0.0265625 0.0265625
0 0.5296875 0.61171875 0.028125 0.0296875
0 0.5453125 0.62578125 0.0265625 0.028125
0 0.52890625 0.58828125 0.028125 0.0296875
0 0.52421875 0.56640625 0.0265625 0.0265625
0 0.5484375 0.5734375 0.0265625 0.0296875
0 0.5421875 0.55078125 0.0265625 0.0265625
0 0.56171875 0.54375 0.0265625 0.028125
0 0.53203125 0.53046875 0.0265625 0.0296875
0 0.54765625 0.51640625 0.025 0.0265625
0 0.56796875 0.51875 0.0265625 0.0265625
0 0.5203125 0.51171875 0.034375 0.03125
0 0.540625 0.49453125 0.03125 0.0328125
0 0.60859375 0.5609375 0.0296875 0.0296875
0 0.471875 0.5640625 0.0296875 0.0296875
0 0.49296875 0.5609375 0.028125 0.0296875
0 0.4828125 0.5390625 0.028125 0.0265625
0 0.47109375 0.5203125 0.0265625 0.025
0 0.45703125 0.50234375 0.0265625 0.0296875
0 0.43203125 0.5125 0.0265625 0.03125
0 0.4484375 0.52890625 0.025 0.0296875
0 0.38828125 0.55 0.0265625 0.0296875
0 0.38515625 0.5265625 0.0296875 0.0296875
0 0.64453125 0.446875 0.034375 0.034375
0 0.5578125 0.46328125 0.0328125 0.03125
0 0.5515625 0.440625 0.034375 0.034375
0 0.59375 0.43671875 0.0359375 0.03125
0 0.59375 0.409375 0.034375 0.034375
0 0.56640625 0.41171875 0.03125 0.034375
0 0.575 0.37578125 0.03125 0.0328125
0 0.54296875 0.4015625 0.0296875 0.0296875
0 0.48359375 0.44921875 0.03125 0.0328125
0 0.48515625 0.37109375 0.034375 0.034375
0 0.3640625 0.44609375 0.0296875 0.0265625
0 0.3515625 0.4265625 0.0265625 0.0265625
0 0.36796875 0.4671875 0.0265625 0.028125
0 0.3328125 0.44375 0.0265625 0.028125
0 0.33515625 0.4140625 0.0296875 0.0265625
0 0.3515625 0.39296875 0.0265625 0.0296875
0 0.3453125 0.36796875 0.0296875 0.0296875
0 0.36015625 0.34375 0.0296875 0.0296875