0 0.053125 0.34765625 0.025 0.0234375
0 0.0765625 0.3453125 0.0265625 0.0234375
0 0.0890625 0.3625 0.0234375 0.0234375
0 0.07578125 0.37890625 0.0234375 0.0234375
0 0.10078125 0.4265625 0.0234375 0.025
0 0.09296875 0.44921875 0.0234375 0.025
0 0.1296875 0.4734375 0.0265625 0.025
0 0.18203125 0.515625 0.0234375 0.025
0 0.22265625 0.62578125 0.0265625 0.025
0 0.25078125 0.69140625 0.025 0.0234375
0 0.246875 0.625 0.0234375 0.0203125
0 0.25234375 0.66015625 0.0234375 0.0234375
0 0.23125 0.5984375 0.0234375 0.0234375
0 0.2515625 0.60390625 0.025 0.025
0 0.2671875 0.58359375 0.025 0.0203125
0 0.27265625 0.60390625 0.0265625 0.0234375
0 0.2703125 0.62578125 0.0265625 0.021875
0 0.2890625 0.634375 0.0265625 0.0234375
0 0.29375 0.6125 0.0265625 0.0203125
0 0.309375 0.62734375 0.025 0.0234375
0 0.309375 0.6625 0.0234375 0.0265625
0 0.328125 0.6453125 0.0265625 0.0234375
0 0.31953125 0.60625 0.0265625 0.0234375
0 0.27109375 0.55390625 0.0234375 0.025
0 0.2484375 0.4765625 0.0234375 0.021875
0 0.27265625 0.49609375 0.0234375 0.0234375
0 0.29609375 0.528125 0.0265625 0.0234375
0 0.296875 0.553125 0.0265625 0.0265625
0 0.32265625 0.55625 0.0265625 0.0234375
0 0.29921875 0.50078125 0.0265625 0.0265625
0 0.34375 0.5390625 0.028125 0.0265625
0 0.30546875 0.4078125 0.0265625 0.021875
0 0.33359375 0.37421875 0.0234375 0.0265625
0 0.36796875 0.33359375 0.0265625 0.025
0 0.353125 0.29921875 0.028125 0.0265625
0 0.3796875 0.31484375 0.0265625 0.0234375
0 0.39609375 0.34140625 0.0265625 0.0265625
0 0.41953125 0.246875 0.028125 0.0296875
0 0.396875 0.265625 0.025 0.028125
0 0.409375 0.29140625 0.0265625 0.0265625
0 0.41328125 0.3140625 0.025 0.0203125
0 0.43359375 0.3234375 0.0265625 0.0265625
0 0.45703125 0.31875 0.0265625 0.0265625
0 0.45546875 0.23828125 0.028125 0.0265625
0 0.49375 0.228125 0.0296875 0.025
0 0.50390625 0.253125 0.025 0.0265625
0 0.51171875 0.2125 0.0234375 0.0265625
0 0.521875 0.23671875 0.028125 0.0265625
0 0.55546875 0.2203125 0.0265625 0.0234375
0 0.5515625 0.24375 0.0265625 0.025
0 0.515625 0.34140625 0.0234375 0.021875
0 0.5171875 0.3609375 0.0234375 0.0234375
0 0.534375 0.38203125 0.0234375 0.0203125
0 0.55078125 0.36484375 0.025 0.0234375
0 0.5296875 0.3203125 0.025 0.0234375
0 0.5546875 0.328125 0.0265625 0.0265625
0 0.5734375 0.29921875 0.025 0.025
0 0.61875 0.31015625 0.0265625 0.0265625
0 0.64609375 0.31171875 0.025 0.0265625
0 0.7921875 0.21015625 0.0296875 0.0296875
0 0.78046875 0.1859375 0.0265625 0.0234375
0 0.81015625 0.21171875 0.021875 0.0234375
0 0.75546875 0.26328125 0.0234375 0.0265625
0 0.76640625 0.271875 0.0203125 0.0203125
0 0.73984375 0.27890625 0.0265625 0.0265625
0 0.71953125 0.29375 0.0234375 0.0265625
0 0.75 0.3484375 0.0265625 0.025
0 0.734375 0.3796875 0.0265625 0.0265625
0 0.725 0.403125 0.028125 0.0234375
0 0.5890625 0.40234375 0.0265625 0.0265625
0 0.615625 0.40546875 0.0265625 0.0265625
0 0.6421875 0.409375 0.0234375 0.0265625
0 0.66484375 0.41015625 0.0265625 0.0265625
0 0.67734375 0.434375 0.0265625 0.025
0 0.709375 0.43046875 0.028125 0.025
0 0.69375 0.44921875 0.0234375 0.0234375
0 0.7203125 0.453125 0.0265625 0.0234375
0 0.7421875 0.440625 0.025 0.0265625
0 0.7828125 0.42265625 0.0265625 0.0234375
0 0.790625 0.45625 0.0296875 0.028125
0 0.80625 0.38828125 0.0265625 0.0234375
0 0.825 0.4125 0.0265625 0.0234375
0 0.84453125 0.43515625 0.0265625 0.0265625
0 0.47890625 0.4 0.028125 0.0296875
0 0.4828125 0.4265625 0.0265625 0.0265625
0 0.45390625 0.425 0.025 0.0234375
0 0.4375 0.4296875 0.01875 0.0265625
0 0.459375 0.4125 0.0234375 0.01875
0 0.46171875 0.43984375 0.025 0.0203125
0 0.3875 0.46640625 0.0265625 0.028125
0 0.4234375 0.44453125 0.0265625 0.0265625
0 0.44609375 0.47421875 0.025 0.025
0 0.425 0.4828125 0.0265625 0.0234375
0 0.415625 0.5015625 0.0234375 0.0234375
0 0.4265625 0.52109375 0.028125 0.0234375
0 0.4546875 0.56640625 0.0296875 0.025
0 0.48125 0.58125 0.0265625 0.028125
0 0.44921875 0.64140625 0.0265625 0.0234375
0 0.4671875 0.628125 0.0234375 0.0265625
0 0.48984375 0.62578125 0.025 0.0265625
0 0.4890625 0.66640625 0.0265625 0.028125
0 0.48515625 0.69765625 0.025 0.0265625
0 0.4921875 0.72109375 0.0265625 0.0265625
0 0.4609375 0.73515625 0.028125 0.0296875
0 0.4703125 0.834375 0.0296875 0.028125
0 0.49296875 0.8078125 0.0234375 0.0234375
0 0.50078125 0.83671875 0.0265625 0.0265625
0 0.4859375 0.7859375 0.0265625 0.028125
0 0.51171875 0.7609375 0.0265625 0.0265625
0 0.509375 0.7875 0.025 0.0265625
0 0.5359375 0.7953125 0.0265625 0.025
0 0.56953125 0.87109375 0.028125 0.028125
0 0.5578125 0.82421875 0.0265625 0.025
0 0.58046875 0.81484375 0.025 0.0234375
0 0.60703125 0.82578125 0.0234375 0.025
0 0.6890625 0.815625 0.0265625 0.0296875
0 0.76640625 0.80859375 0.0296875 0.028125
0 0.5796875 0.54765625 0.028125 0.028125
0 0.60078125 0.5390625 0.0265625 0.0265625
0 0.56328125 0.54609375 0.01875 0.0234375
0 0.58359375 0.58046875 0.025 0.0296875
0 0.56796875 0.6140625 0.0296875 0.0265625
0 0.528125 0.6875 0.0265625 0.0265625
0 0.55 0.6765625 0.025 0.0234375
0 0.55703125 0.70703125 0.0265625 0.0265625
0 0.56875 0.68515625 0.0234375 0.0234375
0 0.590625 0.68984375 0.0234375 0.0234375
0 0.61484375 0.6984375 0.0265625 0.0234375
0 0.609375 0.71796875 0.0265625 0.0234375
0 0.625 0.64765625 0.0265625 0.0234375
0 0.65078125 0.65546875 0.0296875 0.028125
0 0.68125 0.61328125 0.0265625 0.0265625
0 0.684375 0.67734375 0.028125 0.0265625
0 0.7171875 0.67421875 0.0265625 0.0234375
0 0.7171875 0.615625 0.0328125 0.0265625
0 0.73984375 0.63046875 0.0265625 0.025
0 0.73203125 0.65546875 0.03125 0.0265625
0 0.7375 0.60546875 0.025 0.0265625
0 0.76484375 0.61484375 0.0296875 0.025
0 0.76640625 0.63828125 0.0265625 0.0234375
0 0.790625 0.63125 0.0296875 0.025
0 0.80859375 0.6484375 0.0265625 0.025
0 0.81015625 0.61953125 0.0265625 0.0265625
0 0.83203125 0.6390625 0.028125 0.0265625