0 0.32109375 0.503125 0.021875 0.0203125
0 0.31328125 0.4125 0.021875 0.0203125
0 0.290625 0.396875 0.021875 0.01875
0 0.21640625 0.34140625 0.021875 0.01875
0 0.23671875 0.34296875 0.021875 0.0203125
0 0.26484375 0.36484375 0.021875 0.01875
0 0.27265625 0.35234375 0.0203125 0.0171875
0 0.27421875 0.33828125 0.021875 0.01875
0 0.28359375 0.37109375 0.0203125 0.01875
0 0.28984375 0.35703125 0.0203125 0.0171875
0 0.2890625 0.34453125 0.0203125 0.015625
0 0.296875 0.33359375 0.0203125 0.015625
0 0.29140625 0.3203125 0.0203125 0.01875
0 0.30234375 0.3703125 0.0203125 0.01875
0 0.30703125 0.35234375 0.01875 0.01875
0 0.3125 0.33984375 0.01875 0.01875
0 0.32265625 0.32890625 0.0171875 0.0171875
0 0.31875 0.365625 0.0203125 0.01875
0 0.32578125 0.35 0.0203125 0.01875
0 0.33125 0.40625 0.021875 0.01875
0 0.33828125 0.38046875 0.0203125 0.01875
0 0.3484375 0.35625 0.01875 0.0171875
0 0.33984375 0.34296875 0.0171875 0.015625
0 0.3484375 0.33125 0.0203125 0.01875
0 0.36484375 0.328125 0.01875 0.01875
0 0.35546875 0.34453125 0.0171875 0.0171875
0 0.35859375 0.3796875 0.01875 0.0171875
0 0.35078125 0.4046875 0.021875 0.01875
0 0.36796875 0.415625 0.021875 0.01875
0 0.36484375 0.35859375 0.0171875 0.0171875
0 0.3703125 0.3421875 0.01875 0.01875
0 0.3734375 0.375 0.01875 0.01875
0 0.38203125 0.36484375 0.0171875 0.015625
0 0.38515625 0.3453125 0.01875 0.01875
0 0.38046875 0.3328125 0.0171875 0.015625
0 0.39140625 0.32734375 0.01875 0.01875
0 0.4046875 0.33671875 0.0171875 0.0171875
0 0.390625 0.37578125 0.0171875 0.015625
0 0.38515625 0.4015625 0.021875 0.01875
0 0.40625 0.41015625 0.0203125 0.01875
0 0.40625 0.37734375 0.01875 0.01875
0 0.3984375 0.36640625 0.0171875 0.015625
0 0.40234375 0.353125 0.0171875 0.0171875
0 0.41640625 0.3515625 0.01875 0.01875
0 0.4203125 0.33515625 0.0171875 0.0171875
0 0.43359375 0.32734375 0.0203125 0.01875
0 0.41484375 0.36640625 0.0171875 0.015625
0 0.421875 0.40546875 0.0171875 0.015625
0 0.4234375 0.38984375 0.0203125 0.01875
0 0.43046875 0.36796875 0.01875 0.01875
0 0.43203125 0.3546875 0.0171875 0.015625
0 0.446875 0.3515625 0.0171875 0.0171875
0 0.4390625 0.3890625 0.01875 0.01875
0 0.44453125 0.36796875 0.0171875 0.0171875
0 0.453125 0.38203125 0.0171875 0.0171875
0 0.45859375 0.3625 0.0171875 0.0171875
0 0.459375 0.34375 0.0171875 0.0171875
0 0.47109375 0.33828125 0.0171875 0.0171875
0 0.48203125 0.33125 0.0171875 0.0171875
0 0.47265625 0.3609375 0.0171875 0.015625
0 0.465625 0.37578125 0.0203125 0.01875
0 0.4734375 0.40625 0.01875 0.01875
0 0.4859375 0.39375 0.01875 0.01875
0 0.48828125 0.37890625 0.01875 0.01875
0 0.49921875 0.36875 0.01875 0.01875
0 0.503125 0.346875 0.0171875 0.0171875
0 0.49375 0.434375 0.021875 0.01875
0 0.496875 0.40703125 0.0171875 0.0171875
0 0.5125 0.4078125 0.0171875 0.0171875
0 0.521875 0.38515625 0.0203125 0.01875
0 0.52265625 0.36015625 0.01875 0.01875
0 0.5375 0.3453125 0.0171875 0.0171875
0 0.5390625 0.38359375 0.01875 0.01875
0 0.54296875 0.36328125 0.01875 0.01875
0 0.5171875 0.42421875 0.0203125 0.01875
0 0.53515625 0.41171875 0.01875 0.01875
0 0.54765625 0.3984375 0.01875 0.01875
0 0.56015625 0.3859375 0.0203125 0.01875
0 0.55546875 0.37109375 0.015625 0.015625
0 0.56015625 0.36015625 0.0171875 0.0171875
0 0.559375 0.34296875 0.01875 0.01875
0 0.5765625 0.365625 0.0171875 0.015625
0 0.575 0.38515625 0.01875 0.01875
0 0.58671875 0.378125 0.015625 0.0140625
0 0.57578125 0.40546875 0.01875 0.01875
0 0.55625 0.428125 0.01875 0.01875
0 0.5109375 0.5140625 0.0203125 0.021875
0 0.52890625 0.525 0.0203125 0.01875
0 0.534375 0.46953125 0.021875 0.01875
0 0.54921875 0.46328125 0.01875 0.01875
0 0.5671875 0.46171875 0.0203125 0.01875
0 0.565625 0.44609375 0.021875 0.01875
0 0.57890625 0.43828125 0.0171875 0.015625
0 0.58203125 0.45625 0.01875 0.01875
0 0.59609375 0.453125 0.01875 0.01875
0 0.6015625 0.40390625 0.01875 0.01875
0 0.6 0.384375 0.0171875 0.0171875
0 0.6140625 0.390625 0.01875 0.01875
0 0.6109375 0.37578125 0.015625 0.0140625
0 0.596875 0.36875 0.0171875 0.0171875
0 0.60546875 0.35859375 0.0171875 0.0171875
0 0.61796875 0.36484375 0.0171875 0.0171875
0 0.62890625 0.39375 0.0171875 0.015625
0 0.62734375 0.37890625 0.01875 0.01875
0 0.63515625 0.36171875 0.01875 0.01875
0 0.62109375 0.3515625 0.0203125 0.015625
0 0.64375 0.3484375 0.0171875 0.0171875
0 0.64375 0.39375 0.01875 0.01875
0 0.64609375 0.37265625 0.01875 0.01875
0 0.6515625 0.36015625 0.01875 0.01875
0 0.6296875 0.4390625 0.01875 0.01875
0 0.64296875 0.44765625 0.01875 0.01875
0 0.6578125 0.4 0.01875 0.01875
0 0.6703125 0.38671875 0.0171875 0.0171875
0 0.665625 0.36484375 0.0171875 0.0171875
0 0.66484375 0.35078125 0.0171875 0.0171875
0 0.684375 0.36484375 0.0171875 0.015625
0 0.68046875 0.35234375 0.0171875 0.0171875
0 0.6984375 0.35625 0.0171875 0.0171875
0 0.684375 0.3859375 0.0140625 0.0140625
0 0.69921875 0.375 0.0171875 0.015625
0 0.71171875 0.3671875 0.01875 0.01875
0 0.68984375 0.3984375 0.015625 0.0140625
0 0.68359375 0.41171875 0.0203125 0.01875
0 0.69921875 0.42578125 0.01875 0.01875
0 0.70625 0.4078125 0.01875 0.01875
0 0.7328125 0.4046875 0.0171875 0.015625
0 0.7328125 0.38671875 0.0171875 0.0171875
0 0.7359375 0.42578125 0.01875 0.01875
0 0.671875 0.44765625 0.0171875 0.0171875
0 0.6765625 0.43515625 0.0171875 0.0171875
0 0.665625 0.484375 0.021875 0.01875
0 0.6265625 0.5109375 0.021875 0.01875
0 0.6453125 0.5296875 0.021875 0.0203125
0 0.6984375 0.49921875 0.0203125 0.01875
0 0.4234375 0.5875 0.021875 0.021875
0 0.44375 0.58515625 0.021875 0.01875
0 0.46484375 0.58046875 0.021875 0.0203125
0 0.43671875 0.546875 0.021875 0.0203125
0 0.4546875 0.546875 0.021875 0.0203125
0 0.4921875 0.575 0.0234375 0.021875
0 0.44453125 0.2515625 0.01875 0.01875
0 0.56796875 0.275 0.01875 0.01875
0 0.553125 0.2484375 0.021875 0.01875