0 0.415625 0.4890625 0.01328125 0.0125
0 0.4203125 0.50234375 0.0140625 0.0125
0 0.4390625 0.45546875 0.0125 0.01171875
0 0.4515625 0.44609375 0.01796875 0.015625
0 0.4828125 0.43125 0.01328125 0.0125
0 0.46875 0.43984375 0.0140625 0.0125
0 0.425 0.45625 0.01328125 0.01171875
0 0.44453125 0.52578125 0.01328125 0.0125
0 0.45 0.43125 0.0125 0.0125
0 0.49375 0.56875 0.0140625 0.01328125
0 0.48125 0.28203125 0.01171875 0.0109375
0 0.35390625 0.47109375 0.01796875 0.01640625
0 0.52890625 0.2671875 0.01171875 0.0109375
0 0.4359375 0.42578125 0.01328125 0.01171875
0 0.4703125 0.5171875 0.01328125 0.01328125
0 0.41171875 0.44453125 0.0140625 0.0125
0 0.5046875 0.32578125 0.0125 0.0109375
0 0.5046875 0.42265625 0.0125 0.01171875
0 0.45234375 0.41640625 0.0140625 0.01171875
0 0.42421875 0.43359375 0.01328125 0.0125
0 0.34375 0.375 0.01328125 0.01171875
0 0.4921875 0.44140625 0.01328125 0.0125
0 0.415625 0.5671875 0.0140625 0.0140625
0 0.4890625 0.421875 0.01328125 0.01171875
0 0.47109375 0.4203125 0.01328125 0.0125
0 0.3796875 0.50859375 0.0140625 0.01328125
0 0.3875 0.4765625 0.0140625 0.01328125
0 0.4125 0.4703125 0.0140625 0.01328125
0 0.32890625 0.396875 0.01328125 0.01171875
0 0.509375 0.31640625 0.0125 0.01171875
0 0.5078125 0.2640625 0.0109375 0.01015625
0 0.3953125 0.45546875 0.01328125 0.0125
0 0.55390625 0.3140625 0.01171875 0.0109375
0 0.48203125 0.32109375 0.0125 0.01171875
0 0.45859375 0.50390625 0.01328125 0.01328125
0 0.43203125 0.41484375 0.01328125 0.01171875
0 0.51796875 0.42109375 0.01328125 0.01171875
0 0.521875 0.4359375 0.01328125 0.01171875
0 0.55078125 0.33359375 0.01171875 0.01015625
0 0.53203125 0.2921875 0.0109375 0.01015625
0 0.39453125 0.51328125 0.0140625 0.0125
0 0.5171875 0.3578125 0.01171875 0.0109375
0 0.5328125 0.50390625 0.01328125 0.01328125
0 0.40390625 0.503125 0.0140625 0.0125
0 0.39765625 0.49140625 0.0140625 0.0125
0 0.4328125 0.50859375 0.01484375 0.015625
0 0.465625 0.57890625 0.0140625 0.0140625
0 0.4890625 0.34609375 0.0140625 0.01171875
0 0.490625 0.33515625 0.0125 0.0109375
0 0.60078125 0.30390625 0.01015625 0.009375
0 0.36171875 0.375 0.0125 0.01171875
0 0.38203125 0.52578125 0.0140625 0.01328125
0 0.390625 0.37265625 0.01328125 0.0125
0 0.50625 0.3375 0.0125 0.0109375
0 0.53828125 0.43671875 0.01328125 0.01171875
0 0.3640625 0.5328125 0.01328125 0.0140625
0 0.51796875 0.30078125 0.01171875 0.01171875
0 0.50625 0.56015625 0.0140625 0.0140625
0 0.5140625 0.28359375 0.01171875 0.0109375
0 0.540625 0.30859375 0.01171875 0.0109375
0 0.3984375 0.4671875 0.0140625 0.0125
0 0.4734375 0.5609375 0.01953125 0.01953125
0 0.54296875 0.425 0.01328125 0.0125
0 0.478125 0.571875 0.0140625 0.01328125
0 0.5140625 0.57734375 0.01796875 0.0171875
0 0.525 0.56875 0.0171875 0.01796875
0 0.43515625 0.56640625 0.01875 0.0171875
0 0.47421875 0.353125 0.0125 0.0109375
0 0.459375 0.52265625 0.0140625 0.01328125
0 0.49375 0.453125 0.01328125 0.01171875
0 0.56953125 0.390625 0.01171875 0.01171875
0 0.3703125 0.546875 0.0140625 0.01328125
0 0.490625 0.2609375 0.01328125 0.01015625
0 0.53046875 0.42734375 0.0140625 0.0125
0 0.390625 0.35859375 0.0125 0.01171875
0 0.4953125 0.30546875 0.01171875 0.0109375
0 0.51953125 0.37734375 0.01171875 0.01171875
0 0.4578125 0.590625 0.01796875 0.0171875
0 0.43828125 0.43671875 0.0125 0.01171875
0 0.48515625 0.52265625 0.01328125 0.0140625
0 0.47265625 0.30546875 0.01328125 0.01171875
0 0.54921875 0.38046875 0.0125 0.0109375
0 0.51484375 0.446875 0.0125 0.01171875
0 0.45625 0.34375 0.0125 0.0109375
0 0.50234375 0.5921875 0.0140625 0.0140625
0 0.5328125 0.3703125 0.01171875 0.0109375
0 0.3484375 0.3859375 0.0140625 0.01171875
0 0.3609375 0.39921875 0.0140625 0.01328125
0 0.44296875 0.584375 0.0140625 0.0140625
0 0.37265625 0.5640625 0.01796875 0.0171875
0 0.5375 0.59453125 0.0203125 0.0203125
0 0.54375 0.34296875 0.01171875 0.0109375
0 0.509375 0.36640625 0.0125 0.01171875
0 0.56171875 0.32265625 0.01171875 0.01015625
0 0.4609375 0.2796875 0.0125 0.01015625
0 0.35 0.403125 0.01328125 0.0125
0 0.509375 0.6046875 0.01796875 0.0171875
0 0.428125 0.57890625 0.01328125 0.01328125
0 0.5578125 0.3703125 0.0125 0.0109375
0 0.5046875 0.434375 0.0125 0.0109375
0 0.47421875 0.3421875 0.0125 0.01171875
0 0.459375 0.2921875 0.01328125 0.0109375
0 0.46484375 0.609375 0.0140625 0.0140625
0 0.5578125 0.34609375 0.01171875 0.0109375
0 0.5046875 0.6359375 0.0140625 0.0140625
0 0.509375 0.46015625 0.01328125 0.0125
0 0.45625 0.33125 0.0125 0.0125
0 0.45703125 0.3203125 0.0125 0.0109375
0 0.51171875 0.61875 0.0140625 0.0140625
0 0.453125 0.3625 0.0125 0.01171875
0 0.5484375 0.56328125 0.01796875 0.01796875
0 0.48359375 0.3609375 0.0125 0.01171875
0 0.4515625 0.615625 0.0203125 0.0203125
0 0.4828125 0.5859375 0.01328125 0.0140625
0 0.384375 0.5765625 0.01328125 0.01328125
0 0.5421875 0.58125 0.0171875 0.01796875
0 0.3359375 0.40625 0.0140625 0.0125
0 0.51875 0.5015625 0.0171875 0.01796875
0 0.47265625 0.6296875 0.01796875 0.01796875
0 0.5671875 0.3375 0.01171875 0.0109375
0 0.49765625 0.35625 0.0125 0.01171875
0 0.48046875 0.615625 0.01796875 0.0171875
0 0.49453125 0.2953125 0.0125 0.01015625
0 0.43828125 0.33828125 0.0125 0.0109375
0 0.47734375 0.3734375 0.0125 0.01171875
0 0.45703125 0.303125 0.0140625 0.0109375
0 0.4953125 0.615625 0.01796875 0.0171875
0 0.50625 0.29453125 0.0125 0.0109375
0 0.540625 0.6140625 0.0171875 0.01796875
0 0.4734375 0.27265625 0.01328125 0.0109375
0 0.375 0.36640625 0.0125 0.0109375
0 0.48828125 0.60078125 0.0140625 0.01328125
0 0.471875 0.29140625 0.01171875 0.0109375
0 0.47109375 0.32890625 0.01328125 0.0109375
0 0.47109375 0.3171875 0.01328125 0.01171875
0 0.4734375 0.65234375 0.0171875 0.01875
0 0.48359375 0.64140625 0.0140625 0.0140625
0 0.5046875 0.34765625 0.0125 0.0109375
0 0.44375 0.51171875 0.0125 0.0125
0 0.4390625 0.35 0.01171875 0.01015625
0 0.40234375 0.48125 0.01875 0.0171875
0 0.4734375 0.59609375 0.01953125 0.0203125
0 0.49140625 0.628125 0.0140625 0.0140625
0 0.42578125 0.51484375 0.0125 0.01328125