0 0.82578125 0.5109375 0.0328125 0.0390625
0 0.88515625 0.4875 0.0328125 0.034375
0 0.87109375 0.60703125 0.0296875 0.0359375
0 0.840625 0.5953125 0.0328125 0.034375
0 0.853125 0.62578125 0.0328125 0.034375
0 0.85859375 0.69609375 0.034375 0.0390625
0 0.84453125 0.75 0.034375 0.0375
0 0.82421875 0.709375 0.0328125 0.040625
0 0.778125 0.66484375 0.0328125 0.034375
0 0.77265625 0.69609375 0.0296875 0.034375
0 0.65703125 0.846875 0.0359375 0.04375
0 0.60859375 0.734375 0.0328125 0.0390625
0 0.6375 0.690625 0.0328125 0.04375
0 0.71171875 0.64921875 0.0328125 0.0375
0 0.79140625 0.534375 0.0296875 0.034375
0 0.759375 0.51796875 0.028125 0.03125
0 0.7328125 0.51796875 0.0296875 0.03125
0 0.71171875 0.49765625 0.028125 0.0296875
0 0.7234375 0.4453125 0.028125 0.03125
0 0.696875 0.453125 0.0265625 0.03125
0 0.6921875 0.48046875 0.025 0.03125
0 0.66171875 0.49140625 0.03125 0.034375
0 0.64296875 0.52421875 0.0296875 0.034375
0 0.62109375 0.53671875 0.028125 0.03125
0 0.66484375 0.375 0.028125 0.03125
0 0.63828125 0.38359375 0.025 0.0296875
0 0.58984375 0.40234375 0.025 0.03125
0 0.5984375 0.37109375 0.0265625 0.034375
0 0.6109375 0.41328125 0.025 0.03125
0 0.559375 0.22734375 0.025 0.028125
0 0.56796875 0.31015625 0.025 0.0265625
0 0.54375 0.30859375 0.021875 0.0234375
0 0.5453125 0.3328125 0.025 0.025
0 0.52734375 0.31875 0.0234375 0.021875
0 0.509375 0.34296875 0.025 0.025
0 0.52734375 0.3421875 0.01875 0.0234375
0 0.50859375 0.3625 0.0234375 0.0171875
0 0.49375 0.37890625 0.0234375 0.025
0 0.5328125 0.23828125 0.021875 0.028125
0 0.50546875 0.26953125 0.021875 0.0265625
0 0.49375 0.290625 0.021875 0.025
0 0.478125 0.30234375 0.0234375 0.025
0 0.49921875 0.23125 0.021875 0.025
0 0.48046875 0.22265625 0.021875 0.025
0 0.45625 0.23359375 0.021875 0.021875
0 0.4609375 0.28359375 0.0234375 0.025
0 0.4453125 0.25234375 0.021875 0.0234375
0 0.44765625 0.26953125 0.0203125 0.01875
0 0.440625 0.28828125 0.021875 0.025
0 0.4265625 0.25234375 0.0203125 0.0234375
0 0.41171875 0.2671875 0.021875 0.025
0 0.415625 0.2875 0.021875 0.025
0 0.4328125 0.34453125 0.021875 0.0265625
0 0.45 0.3546875 0.021875 0.0234375
0 0.4375 0.375 0.021875 0.028125
0 0.421875 0.3921875 0.021875 0.0265625
0 0.42734375 0.415625 0.021875 0.028125
0 0.57421875 0.54921875 0.025 0.03125
0 0.59453125 0.55625 0.0234375 0.0328125
0 0.559375 0.54296875 0.0234375 0.028125
0 0.57421875 0.5734375 0.025 0.01875
0 0.55625 0.59140625 0.025 0.03125
0 0.56953125 0.44921875 0.0234375 0.03125
0 0.540625 0.4390625 0.0265625 0.0328125
0 0.5375 0.47421875 0.0265625 0.0328125
0 0.55234375 0.4921875 0.025 0.0296875
0 0.4609375 0.44921875 0.025 0.025
0 0.46328125 0.42890625 0.0203125 0.021875
0 0.4859375 0.45078125 0.025 0.028125
0 0.48046875 0.4296875 0.0203125 0.0203125
0 0.484375 0.46796875 0.0234375 0.015625
0 0.53125 0.5234375 0.025 0.03125
0 0.49609375 0.48984375 0.028125 0.03125
0 0.46953125 0.55 0.0265625 0.034375
0 0.490625 0.53203125 0.028125 0.0328125
0 0.50703125 0.59140625 0.025 0.0296875
0 0.5265625 0.60234375 0.025 0.03125
0 0.52421875 0.5609375 0.03125 0.028125
0 0.51953125 0.54453125 0.0265625 0.0171875
0 0.52890625 0.58203125 0.0265625 0.01875
0 0.5390625 0.6046875 0.015625 0.0296875
0 0.5421875 0.634375 0.0265625 0.0328125
0 0.53046875 0.7625 0.0296875 0.0390625
0 0.51796875 0.68671875 0.0296875 0.034375
0 0.54453125 0.696875 0.03125 0.034375
0 0.5453125 0.6703125 0.0296875 0.025
0 0.45546875 0.6484375 0.025 0.03125
0 0.47265625 0.675 0.0296875 0.034375
0 0.496875 0.6171875 0.0234375 0.028125
0 0.47734375 0.60390625 0.0265625 0.0328125
0 0.50703125 0.6578125 0.0265625 0.03125
0 0.5078125 0.63203125 0.025 0.028125
0 0.48125 0.6421875 0.0265625 0.034375
0 0.490625 0.6734375 0.01875 0.03125
0 0.45703125 0.7203125 0.0328125 0.0390625
0 0.43359375 0.63203125 0.028125 0.0375
0 0.39765625 0.68046875 0.0296875 0.0375
0 0.34453125 0.50390625 0.025 0.03125
0 0.321875 0.4984375 0.025 0.03125