0 0.321875 0.409375 0.01953125 0.01875
0 0.52421875 0.36875 0.01875 0.02109375
0 0.31953125 0.39140625 0.01953125 0.02265625
0 0.59609375 0.73515625 0.01953125 0.021875
0 0.5921875 0.68984375 0.021875 0.0234375
0 0.584375 0.67578125 0.02109375 0.021875
0 0.43671875 0.61875 0.0203125 0.02265625
0 0.57109375 0.65234375 0.02265625 0.02265625
0 0.59140625 0.659375 0.02265625 0.02109375
0 0.5640625 0.63359375 0.02109375 0.02265625
0 0.58359375 0.6375 0.021875 0.02265625
0 0.51171875 0.5671875 0.01953125 0.0234375
0 0.56171875 0.61328125 0.0203125 0.02109375
0 0.5546875 0.59765625 0.02109375 0.02109375
0 0.5703125 0.590625 0.01796875 0.02265625
0 0.56171875 0.57890625 0.01875 0.0203125
0 0.57890625 0.57265625 0.02109375 0.02421875
0 0.56796875 0.559375 0.01796875 0.0203125
0 0.42265625 0.54375 0.0171875 0.0171875
0 0.4296875 0.52734375 0.0171875 0.01875
0 0.446875 0.51796875 0.0171875 0.01875
0 0.43046875 0.51015625 0.0171875 0.01796875
0 0.42109375 0.496875 0.01640625 0.0171875
0 0.41171875 0.48359375 0.0171875 0.01796875
0 0.39765625 0.47421875 0.01953125 0.01875
0 0.43671875 0.4953125 0.01640625 0.0171875
0 0.48125 0.51953125 0.0171875 0.0203125
0 0.46796875 0.50625 0.0171875 0.01875
0 0.453125 0.50234375 0.0171875 0.01875
0 0.440625 0.4796875 0.01640625 0.0171875
0 0.45859375 0.48515625 0.0171875 0.01875
0 0.475 0.47890625 0.01640625 0.0171875
0 0.4609375 0.46953125 0.0203125 0.0171875
0 0.42578125 0.45546875 0.01640625 0.01796875
0 0.42890625 0.4359375 0.01953125 0.0171875
0 0.4609375 0.453125 0.0171875 0.01640625
0 0.4515625 0.43359375 0.015625 0.01796875
0 0.47578125 0.4578125 0.01640625 0.01875
0 0.46796875 0.43828125 0.01640625 0.01796875
0 0.45859375 0.41796875 0.01796875 0.01796875
0 0.43515625 0.41796875 0.01875 0.01796875
0 0.428125 0.4015625 0.01640625 0.01875
0 0.5625 0.48203125 0.01875 0.01796875
0 0.57109375 0.46484375 0.0171875 0.01953125