0 0.0875 0.3890625 0.0203125 0.0234375
0 0.11953125 0.4359375 0.01796875 0.02265625
0 0.41953125 0.23046875 0.021875 0.02421875
0 0.39921875 0.23671875 0.02109375 0.02421875
0 0.37578125 0.24375 0.021875 0.02734375
0 0.39609375 0.259375 0.02109375 0.02421875
0 0.40703125 0.28203125 0.02109375 0.02578125
0 0.34375 0.259375 0.02109375 0.02421875
0 0.36171875 0.2640625 0.01953125 0.02578125
0 0.37890625 0.275 0.021875 0.02578125
0 0.31875 0.2640625 0.01875 0.025
0 0.3421875 0.28515625 0.0203125 0.0265625
0 0.35859375 0.29375 0.0203125 0.02421875
0 0.38359375 0.3046875 0.02265625 0.028125
0 0.303125 0.28984375 0.0203125 0.02421875
0 0.321875 0.290625 0.01796875 0.02421875
0 0.33359375 0.3078125 0.01953125 0.0234375
0 0.35234375 0.31796875 0.01875 0.025
0 0.32890625 0.33203125 0.01796875 0.02421875
0 0.34140625 0.34765625 0.01875 0.025
0 0.3609375 0.34375 0.02109375 0.02578125
0 0.21015625 0.3203125 0.02109375 0.02578125
0 0.240625 0.2953125 0.0203125 0.0234375
0 0.2609375 0.3140625 0.02109375 0.0265625
0 0.2796875 0.33125 0.0203125 0.02421875
0 0.3 0.3234375 0.0203125 0.025
0 0.30234375 0.35 0.0203125 0.02421875
0 0.23125 0.33828125 0.01875 0.025
0 0.1921875 0.37421875 0.0203125 0.025
0 0.24453125 0.3546875 0.01875 0.0234375
0 0.278125 0.35625 0.01953125 0.0234375
0 0.25 0.3765625 0.01953125 0.0234375
0 0.29296875 0.37578125 0.0203125 0.02421875
0 0.225 0.4 0.0171875 0.021875
0 0.24453125 0.403125 0.01875 0.02265625
0 0.271875 0.39453125 0.01953125 0.02421875
0 0.2921875 0.409375 0.0203125 0.0234375
0 0.23125 0.42578125 0.01953125 0.0234375
0 0.25546875 0.42265625 0.0203125 0.0234375
0 0.27265625 0.43203125 0.01953125 0.02421875
0 0.3046875 0.4296875 0.021875 0.02578125
0 0.25 0.446875 0.01953125 0.02421875
0 0.26953125 0.459375 0.01953125 0.0265625
0 0.2890625 0.4515625 0.01953125 0.02265625
0 0.27578125 0.484375 0.02109375 0.02421875
0 0.24296875 0.52734375 0.0203125 0.03046875
0 0.38359375 0.425 0.02265625 0.02265625
0 0.38046875 0.4015625 0.0234375 0.02578125
0 0.4015625 0.39453125 0.02265625 0.02734375
0 0.4078125 0.36328125 0.0234375 0.02734375
0 0.4203125 0.33359375 0.02421875 0.02734375
0 0.45234375 0.253125 0.025 0.028125
0 0.47578125 0.259375 0.02265625 0.02890625
0 0.42890625 0.2578125 0.02265625 0.02890625
0 0.4484375 0.278125 0.02109375 0.02421875
0 0.43359375 0.2984375 0.02421875 0.0265625
0 0.45703125 0.303125 0.02265625 0.02734375
0 0.50078125 0.2828125 0.02734375 0.028125
0 0.478125 0.3140625 0.025 0.02578125
0 0.47890625 0.33984375 0.02578125 0.02421875
0 0.47109375 0.36640625 0.0234375 0.02578125
0 0.44453125 0.3671875 0.02265625 0.02578125
0 0.4578125 0.39296875 0.02265625 0.028125
0 0.43984375 0.4203125 0.02421875 0.028125
0 0.4703125 0.4328125 0.025 0.028125
0 0.4265625 0.4453125 0.025 0.028125
0 0.45859375 0.46015625 0.02421875 0.02734375
0 0.40390625 0.46171875 0.025 0.02734375
0 0.3484375 0.44375 0.0203125 0.02578125
0 0.38359375 0.4484375 0.02265625 0.02578125
0 0.38515625 0.48359375 0.0234375 0.0265625
0 0.34765625 0.47578125 0.021875 0.025
0 0.3390625 0.50390625 0.021875 0.0265625
0 0.3796875 0.51953125 0.02578125 0.02578125
0 0.328125 0.534375 0.021875 0.02265625
0 0.3484375 0.534375 0.01796875 0.0234375
0 0.3078125 0.55234375 0.01875 0.021875
0 0.325 0.5625 0.021875 0.025
0 0.56875 0.3171875 0.0265625 0.03203125
0 0.56875 0.36640625 0.028125 0.03203125
0 0.678125 0.4171875 0.028125 0.034375
0 0.38203125 0.5484375 0.0234375 0.02734375
0 0.39453125 0.5765625 0.0234375 0.0265625
0 0.41328125 0.55859375 0.02421875 0.0296875
0 0.346875 0.63203125 0.02109375 0.028125
0 0.38984375 0.61953125 0.021875 0.03125
0 0.4453125 0.57265625 0.02421875 0.0265625
0 0.45859375 0.5953125 0.02421875 0.02890625
0 0.47265625 0.5578125 0.02421875 0.03046875
0 0.578125 0.53828125 0.02890625 0.02734375
0 0.571875 0.56640625 0.02578125 0.02890625
0 0.5390625 0.5296875 0.025 0.03125
0 0.5921875 0.5078125 0.0296875 0.0328125
0 0.48046875 0.58984375 0.025 0.02890625
0 0.5484375 0.5765625 0.02734375 0.02890625
0 0.58046875 0.65625 0.028125 0.03203125
0 0.39453125 0.69921875 0.0234375 0.02890625
0 0.2171875 0.71953125 0.0203125 0.02578125
0 0.23046875 0.7671875 0.021875 0.025