0 0.803125 0.328125 0.028125 0.028125
0 0.81796875 0.3125 0.0234375 0.028125
0 0.7890625 0.3078125 0.025 0.028125
0 0.81171875 0.3484375 0.028125 0.0203125
0 0.7703125 0.32265625 0.028125 0.028125
0 0.8078125 0.371875 0.025 0.028125
0 0.7890625 0.35 0.021875 0.025
0 0.80078125 0.39921875 0.028125 0.0265625
0 0.77421875 0.43671875 0.028125 0.03125
0 0.80703125 0.42421875 0.025 0.0296875
0 0.83046875 0.38828125 0.03125 0.03125
0 0.796875 0.4515625 0.03125 0.03125
0 0.84765625 0.48359375 0.03125 0.0203125
0 0.8484375 0.46484375 0.028125 0.028125
0 0.83671875 0.41484375 0.028125 0.028125
0 0.8703125 0.4625 0.028125 0.0265625
0 0.865625 0.43203125 0.0328125 0.034375
0 0.8734375 0.490625 0.0296875 0.0328125
0 0.846875 0.50859375 0.0234375 0.03125
0 0.79453125 0.5015625 0.0265625 0.0296875
0 0.8234375 0.503125 0.0296875 0.0359375
0 0.7578125 0.50390625 0.0296875 0.03125
0 0.7734375 0.48671875 0.028125 0.03125
0 0.75 0.46484375 0.0296875 0.028125
0 0.7515625 0.3359375 0.025 0.0296875
0 0.734375 0.3203125 0.025 0.0265625
0 0.734375 0.29453125 0.025 0.0265625
0 0.74765625 0.24921875 0.0265625 0.03125
0 0.68046875 0.26328125 0.025 0.025
0 0.6734375 0.2171875 0.021875 0.025
0 0.69921875 0.25078125 0.021875 0.028125
0 0.7234375 0.26953125 0.021875 0.025
0 0.66640625 0.24296875 0.028125 0.0265625
0 0.69296875 0.21328125 0.021875 0.028125
0 0.71484375 0.17578125 0.028125 0.028125
0 0.7140625 0.13828125 0.0234375 0.025
0 0.6125 0.10234375 0.025 0.028125
0 0.66484375 0.15234375 0.025 0.028125
0 0.6328125 0.13984375 0.025 0.025
0 0.5875 0.09765625 0.0265625 0.025
0 0.73046875 0.34375 0.025 0.028125
0 0.7125 0.30703125 0.0265625 0.028125
0 0.68828125 0.2921875 0.0265625 0.03125
0 0.6234375 0.23359375 0.025 0.028125
0 0.66953125 0.28046875 0.021875 0.025
0 0.7015625 0.34296875 0.025 0.025
0 0.71328125 0.38984375 0.0328125 0.0359375
0 0.6859375 0.359375 0.0296875 0.03125
0 0.64921875 0.29375 0.0296875 0.0359375
0 0.7015625 0.48125 0.034375 0.0359375
0 0.66796875 0.40859375 0.034375 0.0390625
0 0.66484375 0.55 0.0390625 0.034375
0 0.60078125 0.659375 0.034375 0.046875
0 0.59453125 0.83359375 0.0390625 0.0453125
0 0.55859375 0.821875 0.0390625 0.0453125
0 0.5109375 0.83515625 0.0421875 0.0484375
0 0.4828125 0.85546875 0.0375 0.0453125
0 0.51796875 0.75859375 0.040625 0.04375
0 0.43984375 0.821875 0.0375 0.046875
0 0.41796875 0.78125 0.0375 0.0453125
0 0.59609375 0.41953125 0.0328125 0.040625
0 0.578125 0.4546875 0.0328125 0.0328125
0 0.55625 0.4265625 0.03125 0.034375
0 0.5109375 0.315625 0.0296875 0.034375
0 0.5640625 0.321875 0.0328125 0.0375
0 0.50234375 0.34453125 0.028125 0.03125
0 0.4875 0.309375 0.028125 0.028125
0 0.47265625 0.33984375 0.0265625 0.03125
0 0.4984375 0.46953125 0.0265625 0.0359375
0 0.51171875 0.553125 0.0328125 0.040625
0 0.503125 0.5140625 0.03125 0.034375
0 0.4765625 0.46640625 0.0265625 0.0375
0 0.46015625 0.4328125 0.0296875 0.03125
0 0.47265625 0.50625 0.03125 0.034375
0 0.4546875 0.45859375 0.0296875 0.0296875
0 0.44140625 0.4203125 0.0265625 0.028125
0 0.44296875 0.33203125 0.0359375 0.0359375
0 0.43359375 0.44765625 0.0296875 0.03125
0 0.42109375 0.40703125 0.03125 0.0328125
0 0.45546875 0.48515625 0.0296875 0.03125
0 0.4125 0.43828125 0.0328125 0.034375
0 0.43828125 0.55390625 0.0359375 0.040625
0 0.4109375 0.4921875 0.0375 0.0421875
0 0.39296875 0.7546875 0.0421875 0.0453125
0 0.4015625 0.68671875 0.0375 0.0453125
0 0.3640625 0.69140625 0.0375 0.0515625
0 0.3515625 0.628125 0.0375 0.04375
0 0.3109375 0.52890625 0.034375 0.0421875
0 0.31796875 0.49609375 0.0328125 0.0390625
0 0.44453125 0.121875 0.0265625 0.03125
0 0.428125 0.109375 0.0265625 0.03125
0 0.45078125 0.221875 0.0296875 0.034375
0 0.434375 0.209375 0.0265625 0.03125
0 0.49375 0.140625 0.03125 0.03125
0 0.4140625 0.2171875 0.028125 0.028125
0 0.4140625 0.1296875 0.025 0.0296875
0 0.33984375 0.3046875 0.0328125 0.0359375
0 0.39140625 0.1015625 0.028125 0.0265625
0 0.3453125 0.11640625 0.0296875 0.03125