0 0.29296875 0.634375 0.02734375 0.0203125
0 0.35546875 0.81171875 0.0234375 0.01484375
0 0.3828125 0.82890625 0.021875 0.0171875
0 0.52109375 0.784375 0.0234375 0.01796875
0 0.12890625 0.68125 0.0234375 0.01796875
0 0.0734375 0.6890625 0.02265625 0.01796875
0 0.1125 0.7328125 0.02109375 0.015625
0 0.10859375 0.753125 0.02109375 0.0171875
0 0.12890625 0.74921875 0.0203125 0.0171875
0 0.15625 0.759375 0.0203125 0.01640625
0 0.18046875 0.75859375 0.0203125 0.01640625
0 0.15 0.74453125 0.0203125 0.0140625
0 0.17109375 0.74375 0.0203125 0.0140625
0 0.1515625 0.7296875 0.021875 0.01484375
0 0.1734375 0.7296875 0.02109375 0.01484375
0 0.16328125 0.715625 0.02265625 0.01484375
0 0.16953125 0.7015625 0.021875 0.0171875
0 0.190625 0.71328125 0.01875 0.01328125
0 0.196875 0.74453125 0.01953125 0.0171875
0 0.21640625 0.74453125 0.01953125 0.015625
0 0.19375 0.72890625 0.01875 0.015625
0 0.2140625 0.72734375 0.01953125 0.01796875
0 0.20625 0.7078125 0.0203125 0.0171875
0 0.19375 0.6921875 0.02109375 0.0171875
0 0.21953125 0.6921875 0.01953125 0.01640625
0 0.2390625 0.70234375 0.02109375 0.01328125
0 0.2328125 0.7171875 0.02109375 0.0171875
0 0.25546875 0.72578125 0.0234375 0.01640625
0 0.2765625 0.7171875 0.02109375 0.0171875
0 0.25703125 0.71015625 0.021875 0.015625
0 0.23828125 0.6875 0.02109375 0.0171875
0 0.2578125 0.6828125 0.01953125 0.01640625
0 0.2671875 0.69765625 0.0203125 0.0140625
0 0.2875 0.70390625 0.021875 0.0171875
0 0.27265625 0.66640625 0.02421875 0.0171875
0 0.28046875 0.68359375 0.021875 0.01796875
0 0.30078125 0.68828125 0.02109375 0.0171875
0 0.33046875 0.6671875 0.02109375 0.01796875
0 0.31875 0.68046875 0.01953125 0.0171875
0 0.31875 0.696875 0.0203125 0.015625
0 0.3375 0.7109375 0.0203125 0.01796875
0 0.3703125 0.70234375 0.02109375 0.0171875
0 0.35390625 0.69296875 0.02109375 0.01484375
0 0.36796875 0.6796875 0.01953125 0.01640625
0 0.3921875 0.671875 0.021875 0.01953125
0 0.3890625 0.65390625 0.01953125 0.0171875
0 0.346875 0.67890625 0.021875 0.015625
0 0.36953125 0.66171875 0.02109375 0.01875
0 0.35 0.65 0.021875 0.01875
0 0.33359375 0.6234375 0.02265625 0.01875
0 0.3578125 0.63125 0.021875 0.0203125
0 0.41484375 0.58671875 0.0234375 0.01953125
0 0.4109375 0.60625 0.0203125 0.01875
0 0.3859375 0.6203125 0.02265625 0.01640625
0 0.39453125 0.6375 0.02265625 0.01640625
0 0.41015625 0.646875 0.021875 0.015625
0 0.41875 0.68359375 0.021875 0.01796875
0 0.44921875 0.69140625 0.02109375 0.01796875
0 0.453125 0.66953125 0.021875 0.01796875
0 0.465625 0.6515625 0.01953125 0.0171875
0 0.43046875 0.63359375 0.0203125 0.01796875
0 0.44765625 0.64296875 0.0203125 0.01796875
0 0.42734375 0.61640625 0.0203125 0.01640625
0 0.446875 0.6109375 0.0203125 0.01796875
0 0.45625 0.62890625 0.021875 0.01640625
0 0.475 0.63671875 0.02109375 0.0171875
0 0.49765625 0.653125 0.021875 0.0171875
0 0.51015625 0.6765625 0.0234375 0.01796875
0 0.5046875 0.6328125 0.0203125 0.01875
0 0.528125 0.64765625 0.0203125 0.0171875
0 0.4859375 0.62265625 0.0203125 0.01640625
0 0.50390625 0.6125 0.02109375 0.015625
0 0.4734375 0.60859375 0.0203125 0.015625
0 0.4859375 0.5953125 0.021875 0.0171875
0 0.51328125 0.5765625 0.02109375 0.01796875
0 0.5078125 0.59375 0.021875 0.0171875
0 0.525 0.6046875 0.021875 0.01484375
0 0.52265625 0.62109375 0.0203125 0.01640625
0 0.54296875 0.6171875 0.02109375 0.0171875
0 0.5375 0.6328125 0.02109375 0.015625
0 0.55703125 0.6390625 0.0203125 0.015625
0 0.5953125 0.62578125 0.0203125 0.01796875
0 0.57109375 0.6265625 0.0203125 0.0171875
0 0.5640625 0.6109375 0.02109375 0.0171875
0 0.53359375 0.56796875 0.021875 0.01796875
0 0.55390625 0.56171875 0.0234375 0.01796875
0 0.55078125 0.5796875 0.02109375 0.015625
0 0.53046875 0.58828125 0.021875 0.01640625
0 0.54609375 0.6 0.02109375 0.015625
0 0.565625 0.59296875 0.02109375 0.0171875
0 0.5859375 0.5859375 0.0203125 0.015625
0 0.584375 0.61171875 0.01796875 0.0171875
0 0.59921875 0.59921875 0.01953125 0.01796875
0 0.5734375 0.57109375 0.01953125 0.01875
0 0.5859375 0.55546875 0.02109375 0.01875
0 0.596875 0.57109375 0.021875 0.01640625
0 0.6125 0.58515625 0.02109375 0.01484375
0 0.6171875 0.6140625 0.02109375 0.015625
0 0.6484375 0.603125 0.01953125 0.01796875
0 0.62421875 0.5984375 0.02265625 0.0171875
0 0.61171875 0.5578125 0.02265625 0.01953125
0 0.63359375 0.546875 0.02109375 0.01953125
0 0.62734375 0.5703125 0.02265625 0.01640625
0 0.64140625 0.58515625 0.021875 0.01796875
0 0.64765625 0.56171875 0.0234375 0.01796875
0 0.66171875 0.575 0.01953125 0.01796875
0 0.66484375 0.59296875 0.02265625 0.01640625
0 0.68515625 0.5984375 0.02109375 0.0171875
0 0.6984375 0.6125 0.021875 0.0203125
0 0.6734375 0.55859375 0.0203125 0.01875
0 0.69375 0.565625 0.0234375 0.01640625
0 0.6578125 0.54609375 0.021875 0.01953125
0 0.69140625 0.52890625 0.0265625 0.0203125
0 0.71640625 0.58515625 0.02421875 0.01953125
0 0.69453125 0.5484375 0.02265625 0.01875
0 0.69375 0.5828125 0.021875 0.0171875
0 0.715625 0.56640625 0.02265625 0.0171875
0 0.72421875 0.5484375 0.0234375 0.0203125
0 0.7765625 0.575 0.02421875 0.02109375
0 0.80078125 0.57734375 0.02265625 0.021875
0 0.11171875 0.58671875 0.025 0.02265625
0 0.07890625 0.54140625 0.025 0.02265625
0 0.115625 0.56328125 0.025 0.0203125
0 0.13046875 0.55078125 0.02421875 0.01953125
0 0.1546875 0.55859375 0.025 0.021875
0 0.15078125 0.50703125 0.02734375 0.025
0 0.1859375 0.5265625 0.02578125 0.0234375
0 0.2046875 0.61328125 0.025 0.02265625
0 0.27421875 0.57265625 0.02265625 0.01953125
0 0.24765625 0.578125 0.02265625 0.02265625
0 0.2578125 0.55625 0.02109375 0.0203125
0 0.28203125 0.55390625 0.021875 0.021875
0 0.2640625 0.53125 0.02421875 0.021875
0 0.296875 0.53828125 0.02421875 0.0234375
0 0.31484375 0.49921875 0.025 0.0234375
0 0.321875 0.4625 0.025 0.02109375
0 0.340625 0.44921875 0.02578125 0.0234375
0 0.6265625 0.39140625 0.03046875 0.028125
0 0.45 0.36796875 0.02734375 0.028125
0 0.4171875 0.378125 0.02734375 0.02578125
0 0.35234375 0.4 0.02734375 0.02578125
0 0.39375 0.39453125 0.02734375 0.028125
0 0.4265625 0.353125 0.02890625 0.02578125
0 0.46640625 0.34921875 0.02890625 0.02734375