0 0.459375 0.234375 0.0578125 0.0578125
0 0.20546875 0.41484375 0.0671875 0.065625
0 0.35546875 0.634375 0.0625 0.059375
0 0.7765625 0.37734375 0.0625 0.065625
0 0.83984375 0.63515625 0.0640625 0.0640625
0 0.91875 0.58359375 0.0640625 0.0625
0 0.546875 0.3203125 0.0578125 0.0578125
0 0.58515625 0.62734375 0.0609375 0.0609375
0 0.56796875 0.2765625 0.0671875 0.0625
0 0.31875 0.34921875 0.0609375 0.0609375
0 0.63046875 0.63203125 0.0609375 0.0609375
0 0.72421875 0.38359375 0.0625 0.0640625
0 0.72578125 0.4703125 0.0625 0.0609375
0 0.38984375 0.603125 0.059375 0.0609375
0 0.534375 0.5984375 0.059375 0.05625
0 0.58125 0.359375 0.0625 0.059375
0 0.48984375 0.49453125 0.059375 0.0578125
0 0.63046875 0.36640625 0.0609375 0.0609375
0 0.58984375 0.5375 0.059375 0.0578125
0 0.6828125 0.4921875 0.0578125 0.0578125
0 0.4078125 0.446875 0.05625 0.05625
0 0.8 0.59296875 0.0625 0.0609375
0 0.64609375 0.53984375 0.0625 0.0578125
0 0.79140625 0.63984375 0.0625 0.0609375
0 0.47890625 0.63203125 0.059375 0.059375
0 0.725 0.64609375 0.0609375 0.0609375
0 0.67890625 0.6296875 0.0625 0.059375
0 0.52890625 0.64453125 0.0609375 0.059375
0 0.41640625 0.6421875 0.0578125 0.0578125
0 0.23515625 0.4734375 0.059375 0.0578125
0 0.25546875 0.51796875 0.0578125 0.0578125
0 0.75078125 0.6078125 0.0625 0.059375
0 0.4375 0.60234375 0.0578125 0.0578125
0 0.2796875 0.559375 0.05625 0.0546875
0 0.64296875 0.31953125 0.0609375 0.0609375
0 0.3265625 0.5546875 0.0578125 0.0578125
0 0.57734375 0.58125 0.059375 0.0578125
0 0.32109375 0.60078125 0.05625 0.05625
0 0.48203125 0.58515625 0.0578125 0.0578125
0 0.88203125 0.54765625 0.0625 0.065625
0 0.44375 0.41640625 0.059375 0.05625
0 0.47890625 0.540625 0.05625 0.0546875
0 0.8953125 0.47421875 0.0640625 0.0609375
0 0.6875 0.3546875 0.0609375 0.0609375
0 0.4796875 0.27890625 0.0578125 0.0578125
0 0.6390625 0.584375 0.0609375 0.059375
0 0.68671875 0.5828125 0.059375 0.0578125
0 0.41640625 0.25625 0.05625 0.05625
0 0.4359375 0.55546875 0.05625 0.05625
0 0.85390625 0.503125 0.0625 0.0609375
0 0.8546875 0.5890625 0.0671875 0.0640625
0 0.38828125 0.5515625 0.05625 0.05625
0 0.29375 0.43203125 0.059375 0.059375
0 0.5234375 0.5515625 0.0578125 0.0578125
0 0.28359375 0.38515625 0.0609375 0.059375
0 0.3390625 0.3046875 0.0578125 0.059375
0 0.2828125 0.478125 0.05625 0.05625
0 0.7359375 0.5609375 0.0625 0.059375
0 0.828125 0.46171875 0.059375 0.0578125
0 0.80234375 0.5078125 0.06875 0.0640625
0 0.69453125 0.5375 0.059375 0.0578125
0 0.58203125 0.49453125 0.0609375 0.0578125
0 0.75390625 0.425 0.0625 0.0609375
0 0.7421875 0.51640625 0.0625 0.0609375
0 0.32890625 0.48203125 0.05625 0.05625
0 0.834375 0.54375 0.0609375 0.0625
0 0.59609375 0.3140625 0.0578125 0.0578125
0 0.40859375 0.51171875 0.0546875 0.0546875
0 0.34921875 0.43828125 0.0578125 0.0578125
0 0.3828125 0.29453125 0.059375 0.0625
0 0.6328125 0.4953125 0.0578125 0.0578125
0 0.47734375 0.4515625 0.05625 0.0546875
0 0.6984375 0.43125 0.0625 0.0609375
0 0.53515625 0.50703125 0.0578125 0.0578125
0 0.56640625 0.43828125 0.05625 0.0546875
0 0.803125 0.421875 0.0609375 0.0609375
0 0.55078125 0.396875 0.05625 0.05625
0 0.375 0.47734375 0.05625 0.053125
0 0.4421875 0.478125 0.05625 0.0546875
0 0.4375 0.3 0.05625 0.05625
0 0.4921875 0.32265625 0.0609375 0.059375
0 0.65546875 0.45234375 0.0609375 0.0609375
0 0.3296875 0.39609375 0.059375 0.059375
0 0.3828125 0.4078125 0.05625 0.0546875
0 0.52421875 0.4625 0.0578125 0.0578125
0 0.60859375 0.45546875 0.0578125 0.0578125
0 0.30390625 0.51875 0.05625 0.05625
0 0.78359375 0.55234375 0.06875 0.0625
0 0.509375 0.41796875 0.05625 0.0546875
0 0.6625 0.4015625 0.0609375 0.059375
0 0.609375 0.41015625 0.059375 0.059375
0 0.41875 0.378125 0.05625 0.05625
0 0.51875 0.3609375 0.05625 0.05625
0 0.35625 0.521875 0.0546875 0.053125
0 0.40390625 0.334375 0.05625 0.05625
0 0.36796875 0.365625 0.0578125 0.0578125
0 0.45 0.34453125 0.05625 0.05625
0 0.778125 0.465625 0.065625 0.0609375
0 0.47890625 0.384375 0.05625 0.053125