0 0.55 0.8859375 0.03984375 0.03046875
0 0.52109375 0.86953125 0.04140625 0.0296875
0 0.32265625 0.8546875 0.0421875 0.03125
0 0.290625 0.81875 0.0390625 0.03203125
0 0.25703125 0.80234375 0.03828125 0.0296875
0 0.22265625 0.775 0.0484375 0.028125
0 0.284375 0.77890625 0.03828125 0.03203125
0 0.37578125 0.74921875 0.04609375 0.03359375
0 0.1921875 0.71640625 0.0421875 0.03359375
0 0.23046875 0.65078125 0.040625 0.02890625
0 0.1546875 0.615625 0.04375 0.03125
0 0.36015625 0.64609375 0.04140625 0.03515625
0 0.3296875 0.6078125 0.04296875 0.0328125
0 0.37734375 0.5609375 0.04609375 0.0296875
0 0.159375 0.5515625 0.03984375 0.02890625
0 0.30390625 0.5203125 0.03671875 0.0296875
0 0.2640625 0.52421875 0.040625 0.02734375
0 0.2921875 0.4875 0.02109375 0.02734375
0 0.26953125 0.4921875 0.03671875 0.02890625
0 0.22109375 0.496875 0.0359375 0.02890625
0 0.18515625 0.484375 0.040625 0.02890625
0 0.21953125 0.46875 0.04375 0.02890625
0 0.26875 0.4625 0.03984375 0.02734375
0 0.23203125 0.44140625 0.0375 0.0265625
0 0.1859375 0.44609375 0.03671875 0.02578125
0 0.2015625 0.41875 0.040625 0.02734375
0 0.146875 0.44765625 0.03984375 0.0296875
0 0.19765625 0.38828125 0.0453125 0.03203125
0 0.325 0.4859375 0.03984375 0.02890625
0 0.35234375 0.46171875 0.040625 0.02734375
0 0.3390625 0.5125 0.03671875 0.028125
0 0.36171875 0.48984375 0.0359375 0.03046875
0 0.4078125 0.52890625 0.03828125 0.028125
0 0.371875 0.52890625 0.0359375 0.028125
0 0.43984375 0.54765625 0.0375 0.02734375
0 0.51171875 0.56171875 0.03984375 0.03046875
0 0.4703125 0.48515625 0.03828125 0.03203125
0 0.4171875 0.46953125 0.04375 0.02734375
0 0.3875 0.45 0.03515625 0.0265625
0 0.43046875 0.4421875 0.04140625 0.02890625
0 0.41875 0.415625 0.03828125 0.028125
0 0.35234375 0.421875 0.0375 0.02265625
0 0.371875 0.3875 0.0375 0.025
0 0.36171875 0.4046875 0.0375 0.028125
0 0.321875 0.39921875 0.03984375 0.028125
0 0.33984375 0.37265625 0.03671875 0.02734375
0 0.4109375 0.38671875 0.0375 0.02890625
0 0.4578125 0.39453125 0.03515625 0.02734375
0 0.4578125 0.42421875 0.03515625 0.02890625
0 0.49453125 0.45 0.0375 0.02890625
0 0.4921875 0.41328125 0.03671875 0.02890625
0 0.5390625 0.45234375 0.03984375 0.02890625
0 0.5296875 0.4234375 0.03359375 0.028125
0 0.5859375 0.4953125 0.040625 0.02890625
0 0.62890625 0.49921875 0.03828125 0.02890625
0 0.62734375 0.53125 0.04140625 0.03046875
0 0.5703125 0.625 0.0375 0.02890625
0 0.546875 0.6 0.040625 0.02890625
0 0.709375 0.6265625 0.04296875 0.03203125
0 0.784375 0.5984375 0.03671875 0.0328125
0 0.74453125 0.609375 0.04375 0.03046875
0 0.7765625 0.64375 0.03828125 0.02890625
0 0.8 0.6671875 0.040625 0.03046875
0 0.80703125 0.7484375 0.0421875 0.03125
0 0.66484375 0.765625 0.03828125 0.0328125
0 0.63671875 0.78828125 0.03671875 0.0296875
0 0.609375 0.76640625 0.0375 0.03046875
0 0.56953125 0.75390625 0.04453125 0.03359375
0 0.8078125 0.53203125 0.0390625 0.03203125
0 0.7703125 0.48828125 0.04140625 0.0328125
0 0.746875 0.44921875 0.0359375 0.03046875
0 0.8125 0.47734375 0.0375 0.03046875
0 0.78125 0.4609375 0.04140625 0.0296875
0 0.82578125 0.43671875 0.04296875 0.03125
0 0.8515625 0.39453125 0.03984375 0.03203125
0 0.8140625 0.38828125 0.0390625 0.03046875
0 0.81484375 0.359375 0.04296875 0.03046875
0 0.734375 0.36796875 0.04375 0.0328125
0 0.7390625 0.33828125 0.040625 0.0296875
0 0.725 0.2921875 0.03984375 0.034375
0 0.8296875 0.3328125 0.04375 0.02734375
0 0.88671875 0.3171875 0.03984375 0.03203125
0 0.85625 0.27890625 0.0453125 0.0296875
0 0.82578125 0.303125 0.04140625 0.02890625
0 0.7921875 0.28984375 0.0390625 0.03203125
0 0.76953125 0.265625 0.0375 0.03359375
0 0.675 0.26328125 0.04140625 0.0296875
0 0.6515625 0.28515625 0.04140625 0.03203125
0 0.76015625 0.234375 0.03984375 0.03203125
0 0.66953125 0.234375 0.04296875 0.0296875
0 0.65234375 0.18984375 0.03828125 0.0328125
0 0.6203125 0.1640625 0.03984375 0.0296875
0 0.5515625 0.19765625 0.03984375 0.03203125
0 0.5109375 0.20390625 0.03515625 0.0296875
0 0.53984375 0.14921875 0.0359375 0.03203125
0 0.58984375 0.14609375 0.040625 0.03359375
0 0.55 0.1203125 0.04140625 0.02890625
0 0.615625 0.12578125 0.040625 0.03046875
0 0.23125 0.3078125 0.03828125 0.03125