0 0.50859375 0.540625 0.0140625 0.015625
0 0.51171875 0.5234375 0.0125 0.0140625
0 0.5296875 0.5234375 0.0140625 0.0140625
0 0.521875 0.4953125 0.0125 0.009375
0 0.51875 0.51171875 0.0140625 0.0125
0 0.52734375 0.50390625 0.0125 0.0125
0 0.53984375 0.50078125 0.015625 0.015625
0 0.53203125 0.4875 0.0125 0.0125
0 0.54609375 0.4859375 0.0125 0.015625
0 0.525 0.47578125 0.015625 0.015625
0 0.55390625 0.47421875 0.0125 0.0140625
0 0.553125 0.46015625 0.015625 0.015625
0 0.5390625 0.45859375 0.015625 0.0140625
0 0.48984375 0.5609375 0.015625 0.015625
0 0.5078125 0.56875 0.015625 0.015625
0 0.38046875 0.434375 0.015625 0.0203125
0 0.33671875 0.475 0.0140625 0.0171875
0 0.3515625 0.50390625 0.0171875 0.015625
0 0.3671875 0.49609375 0.015625 0.01875
0 0.49375 0.5734375 0.015625 0.015625
0 0.465625 0.559375 0.015625 0.015625
0 0.47890625 0.5765625 0.015625 0.015625
0 0.52578125 0.5984375 0.015625 0.0171875
0 0.5453125 0.59453125 0.0171875 0.015625
0 0.51015625 0.60546875 0.015625 0.015625
0 0.4859375 0.60703125 0.0171875 0.015625
0 0.36640625 0.57890625 0.0171875 0.01875
0 0.38984375 0.6 0.015625 0.01875
0 0.428125 0.5953125 0.0171875 0.015625
0 0.44453125 0.6203125 0.015625 0.01875
0 0.47578125 0.61796875 0.015625 0.01875
0 0.48984375 0.62734375 0.0171875 0.0171875
0 0.51796875 0.58125 0.0171875 0.015625
0 0.4546875 0.54921875 0.0171875 0.01875
0 0.521875 0.56640625 0.0140625 0.015625
0 0.53828125 0.57421875 0.015625 0.0140625
0 0.49296875 0.5453125 0.015625 0.015625
0 0.47734375 0.5484375 0.015625 0.015625
0 0.5546875 0.5640625 0.0140625 0.0140625
0 0.46796875 0.53671875 0.0140625 0.015625
0 0.51953125 0.5515625 0.0140625 0.0140625
0 0.5765625 0.55078125 0.015625 0.015625
0 0.44296875 0.5171875 0.0140625 0.015625
0 0.50546875 0.55390625 0.015625 0.015625
0 0.54140625 0.53359375 0.015625 0.0140625
0 0.5328125 0.546875 0.0140625 0.015625
0 0.46171875 0.5078125 0.0140625 0.015625
0 0.55234375 0.55 0.015625 0.015625
0 0.5609375 0.5390625 0.0140625 0.015625
0 0.57109375 0.52421875 0.0140625 0.015625
0 0.503125 0.51484375 0.015625 0.015625
0 0.4703125 0.48203125 0.015625 0.015625
0 0.5234375 0.53671875 0.015625 0.015625
0 0.42421875 0.484375 0.0140625 0.0140625
0 0.48359375 0.534375 0.015625 0.015625
0 0.56640625 0.5078125 0.0140625 0.015625
0 0.48828125 0.5203125 0.015625 0.015625
0 0.4734375 0.51875 0.0140625 0.015625
0 0.57421875 0.496875 0.015625 0.015625
0 0.5 0.490625 0.015625 0.015625
0 0.50859375 0.5015625 0.015625 0.0140625
0 0.48203125 0.45234375 0.015625 0.015625
0 0.48359375 0.49140625 0.015625 0.015625
0 0.55234375 0.5265625 0.0140625 0.015625
0 0.47578125 0.5046875 0.015625 0.015625
0 0.490625 0.50625 0.015625 0.015625
0 0.55390625 0.5 0.015625 0.015625
0 0.48359375 0.4171875 0.0140625 0.015625
0 0.44453125 0.47421875 0.015625 0.015625
0 0.44609375 0.4578125 0.015625 0.015625
0 0.490625 0.478125 0.015625 0.015625
0 0.50703125 0.47421875 0.015625 0.015625
0 0.5796875 0.4421875 0.015625 0.015625
0 0.5140625 0.48671875 0.0140625 0.0140625
0 0.49140625 0.43359375 0.0140625 0.015625
0 0.5671875 0.4671875 0.015625 0.015625
0 0.59296875 0.45625 0.015625 0.015625
0 0.49609375 0.4625 0.015625 0.015625
0 0.47890625 0.4671875 0.015625 0.015625
0 0.58203125 0.47421875 0.015625 0.015625
0 0.54140625 0.51484375 0.0140625 0.015625
0 0.52734375 0.453125 0.015625 0.015625
0 0.559375 0.42265625 0.0140625 0.015625
0 0.5671875 0.40859375 0.015625 0.0140625
0 0.49921875 0.52890625 0.015625 0.015625
0 0.540625 0.47265625 0.015625 0.015625
0 0.50859375 0.45 0.015625 0.015625
0 0.5796875 0.45859375 0.015625 0.015625
0 0.56640625 0.45234375 0.015625 0.015625
0 0.584375 0.4890625 0.0140625 0.015625
0 0.5328125 0.44140625 0.015625 0.015625
0 0.56171875 0.4390625 0.015625 0.015625
0 0.54765625 0.44609375 0.015625 0.015625
0 0.51796875 0.46328125 0.0171875 0.015625
0 0.5171875 0.4390625 0.015625 0.015625
0 0.56875 0.4828125 0.0140625 0.0140625
0 0.5453125 0.4328125 0.015625 0.015625
0 0.53359375 0.425 0.015625 0.015625
0 0.53984375 0.56015625 0.0140625 0.0140625