0 0.53828125 0.51875 0.0140625 0.0171875
0 0.54453125 0.51015625 0.0109375 0.0125
0 0.53984375 0.53203125 0.0109375 0.0140625
0 0.53203125 0.540625 0.0125 0.0171875
0 0.53125 0.5265625 0.0109375 0.0140625
0 0.52421875 0.55 0.0140625 0.0140625
0 0.52265625 0.53671875 0.0109375 0.0140625
0 0.51953125 0.565625 0.0109375 0.0140625
0 0.515625 0.55390625 0.0109375 0.0140625
0 0.5125 0.54296875 0.0109375 0.0140625
0 0.5 0.56953125 0.0109375 0.0140625
0 0.49296875 0.5609375 0.0109375 0.0140625
0 0.509375 0.56796875 0.0109375 0.0140625
0 0.50625 0.55625 0.0109375 0.0140625
0 0.50078125 0.54609375 0.0109375 0.0140625
0 0.49765625 0.53515625 0.0109375 0.0140625
0 0.48046875 0.534375 0.0109375 0.015625
0 0.50859375 0.53203125 0.0109375 0.0140625
0 0.478125 0.55234375 0.0109375 0.015625
0 0.50390625 0.52109375 0.0109375 0.0140625
0 0.48125 0.5625 0.0109375 0.015625
0 0.490625 0.5265625 0.0109375 0.0140625
0 0.48515625 0.57421875 0.0140625 0.0140625
0 0.4890625 0.5484375 0.0125 0.0140625
0 0.49140625 0.58359375 0.0109375 0.015625
0 0.53125 0.56171875 0.0125 0.0171875
0 0.5421875 0.54296875 0.0140625 0.0171875
0 0.54765625 0.52265625 0.0109375 0.015625
0 0.55390625 0.51328125 0.0109375 0.0140625
0 0.55390625 0.5 0.0125 0.015625
0 0.54765625 0.48984375 0.0125 0.0140625
0 0.5453125 0.4703125 0.0125 0.0171875
0 0.5515625 0.44765625 0.009375 0.0171875
0 0.56328125 0.459375 0.0109375 0.0171875
0 0.5765625 0.4515625 0.0140625 0.0140625
0 0.559375 0.4484375 0.0109375 0.015625
0 0.5359375 0.43671875 0.0109375 0.0171875
0 0.51796875 0.45390625 0.0125 0.0140625
0 0.54140625 0.42265625 0.0125 0.0171875
0 0.51171875 0.46484375 0.0125 0.015625
0 0.50390625 0.45078125 0.0109375 0.0140625
0 0.51640625 0.4765625 0.0109375 0.0171875
0 0.49921875 0.47109375 0.0140625 0.015625
0 0.4953125 0.45625 0.0125 0.0140625
0 0.5 0.44296875 0.0125 0.0140625
0 0.515625 0.409375 0.0125 0.0171875
0 0.51796875 0.39609375 0.0109375 0.0171875
0 0.4921875 0.3875 0.0140625 0.0171875
0 0.4796875 0.4328125 0.0140625 0.015625
0 0.4796875 0.45390625 0.0125 0.0171875
0 0.46171875 0.45390625 0.0140625 0.0171875
0 0.46796875 0.4453125 0.0109375 0.015625
0 0.46484375 0.43359375 0.0125 0.015625
0 0.4109375 0.41640625 0.0109375 0.0140625
0 0.4390625 0.43046875 0.0125 0.0171875
0 0.4171875 0.41171875 0.0125 0.015625
0 0.43984375 0.46953125 0.0109375 0.0140625
0 0.43828125 0.45625 0.0140625 0.015625
0 0.41328125 0.4296875 0.0140625 0.0140625
0 0.43515625 0.48046875 0.0109375 0.0140625
0 0.425 0.47578125 0.0125 0.0171875
0 0.42109375 0.46484375 0.0140625 0.0140625
0 0.38984375 0.44375 0.0140625 0.0140625
0 0.4015625 0.46484375 0.0125 0.015625
0 0.49609375 0.60859375 0.0140625 0.0171875
0 0.48359375 0.59140625 0.0125 0.0171875
0 0.46015625 0.57109375 0.0109375 0.0125
0 0.47578125 0.5828125 0.0109375 0.0140625
0 0.4640625 0.64375 0.0109375 0.015625
0 0.4734375 0.62890625 0.0125 0.015625
0 0.46640625 0.58125 0.0109375 0.0140625
0 0.46796875 0.5671875 0.0109375 0.0140625
0 0.396875 0.49453125 0.0109375 0.0171875
0 0.421875 0.5125 0.0125 0.0140625
0 0.4546875 0.5171875 0.0125 0.0140625
0 0.4859375 0.49765625 0.0125 0.0140625
0 0.43515625 0.53515625 0.0140625 0.0140625
0 0.43515625 0.5203125 0.0140625 0.015625
0 0.43125 0.54609375 0.0125 0.0140625
0 0.42109375 0.5328125 0.0109375 0.015625
0 0.44921875 0.57421875 0.0109375 0.0140625
0 0.42265625 0.553125 0.0140625 0.0140625
0 0.4421875 0.565625 0.0109375 0.0140625
0 0.4109375 0.559375 0.0109375 0.0140625
0 0.4359375 0.578125 0.0109375 0.015625
0 0.43359375 0.5578125 0.0109375 0.0109375
0 0.45546875 0.5859375 0.0109375 0.0140625
0 0.42578125 0.57265625 0.0109375 0.0125
0 0.4296875 0.56328125 0.0109375 0.0140625
0 0.3953125 0.565625 0.0140625 0.0140625
0 0.4375 0.62890625 0.0109375 0.0140625
0 0.44453125 0.61875 0.0109375 0.0171875
0 0.40234375 0.5765625 0.0125 0.0140625
0 0.3859375 0.56640625 0.0125 0.0140625
0 0.40078125 0.6234375 0.0140625 0.0171875
0 0.39296875 0.60390625 0.0125 0.0140625
0 0.38203125 0.5796875 0.0109375 0.015625
0 0.365625 0.5609375 0.0140625 0.0140625
0 0.36484375 0.5359375 0.0125 0.0140625