0 0.478125 0.5515625 0.0109375 0.0140625
0 0.4828125 0.55625 0.009375 0.0140625
0 0.48828125 0.55859375 0.0109375 0.015625
0 0.47890625 0.56796875 0.0125 0.0140625
0 0.471875 0.5609375 0.0125 0.0140625
0 0.44609375 0.58828125 0.0140625 0.015625
0 0.46640625 0.60546875 0.0125 0.0140625
0 0.48515625 0.59765625 0.0125 0.0140625
0 0.47734375 0.60546875 0.0125 0.0140625
0 0.484375 0.6125 0.0109375 0.0125
0 0.48125 0.625 0.0125 0.0140625
0 0.49296875 0.6046875 0.0125 0.0140625
0 0.49609375 0.61640625 0.0125 0.0140625
0 0.503125 0.60546875 0.0125 0.0140625
0 0.49375 0.58828125 0.0109375 0.0125
0 0.50390625 0.590625 0.0125 0.0140625
0 0.515625 0.628125 0.0125 0.0140625
0 0.50390625 0.58359375 0.0109375 0.0109375
0 0.5125 0.59375 0.0125 0.0140625
0 0.51328125 0.56953125 0.0140625 0.0140625
0 0.5046875 0.5734375 0.0109375 0.0125
0 0.51484375 0.58125 0.0140625 0.0140625
0 0.534375 0.634375 0.0140625 0.0140625
0 0.50859375 0.5625 0.0125 0.0140625
0 0.5 0.5625 0.0125 0.0140625
0 0.50703125 0.5421875 0.0125 0.0140625
0 0.4984375 0.55 0.0125 0.0140625
0 0.515625 0.5265625 0.015625 0.015625
0 0.52421875 0.54921875 0.0125 0.0125
0 0.521875 0.5609375 0.0140625 0.0140625
0 0.5328125 0.540625 0.0140625 0.0140625
0 0.5328125 0.56171875 0.0140625 0.015625
0 0.54453125 0.57890625 0.0140625 0.015625
0 0.5515625 0.61484375 0.0140625 0.0140625
0 0.55859375 0.571875 0.0125 0.015625
0 0.56953125 0.63046875 0.0125 0.0140625
0 0.59609375 0.60546875 0.0140625 0.015625
0 0.590625 0.62578125 0.0140625 0.0171875
0 0.609375 0.6078125 0.0140625 0.0140625
0 0.6015625 0.61640625 0.0125 0.0140625
0 0.6234375 0.59921875 0.0140625 0.015625
0 0.59140625 0.575 0.0125 0.0171875
0 0.64296875 0.53671875 0.0140625 0.015625
0 0.615625 0.5 0.0125 0.015625
0 0.6515625 0.528125 0.015625 0.0171875
0 0.60703125 0.5125 0.0125 0.0140625
0 0.61875 0.48203125 0.0140625 0.015625
0 0.62421875 0.49375 0.0125 0.0140625
0 0.56640625 0.50390625 0.0125 0.0140625
0 0.55703125 0.51015625 0.0125 0.0140625
0 0.5421875 0.51875 0.0140625 0.015625
0 0.540625 0.47890625 0.0125 0.015625
0 0.53046875 0.47734375 0.0125 0.0140625
0 0.5265625 0.490625 0.015625 0.015625
0 0.50859375 0.503125 0.0125 0.015625
0 0.50546875 0.5171875 0.0125 0.0140625
0 0.49921875 0.503125 0.0125 0.0140625
0 0.49375 0.515625 0.0125 0.0140625
0 0.4859375 0.525 0.0125 0.0140625
0 0.4953125 0.52734375 0.0125 0.0140625
0 0.49921875 0.5375 0.0125 0.0140625
0 0.48984375 0.53828125 0.0125 0.0140625
0 0.4796875 0.5390625 0.0125 0.0140625
0 0.62421875 0.434375 0.015625 0.01875
0 0.59609375 0.43203125 0.015625 0.015625
0 0.5875 0.43828125 0.0125 0.0140625
0 0.5765625 0.46015625 0.015625 0.0171875
0 0.57421875 0.44609375 0.015625 0.0171875
0 0.57421875 0.4328125 0.015625 0.0171875
0 0.553125 0.421875 0.0140625 0.0171875
0 0.53671875 0.43046875 0.0140625 0.015625
0 0.53671875 0.4171875 0.0140625 0.0140625
0 0.52890625 0.42578125 0.0140625 0.0171875
0 0.5234375 0.43671875 0.015625 0.0171875
0 0.52421875 0.4109375 0.015625 0.01875
0 0.5125 0.4 0.0140625 0.0140625
0 0.50859375 0.41171875 0.0125 0.0140625
0 0.49921875 0.4109375 0.0125 0.0140625
0 0.49609375 0.4359375 0.0125 0.0140625
0 0.48671875 0.4328125 0.0125 0.0171875
0 0.4921875 0.40546875 0.0125 0.015625
0 0.49140625 0.3859375 0.015625 0.01875
0 0.48203125 0.40390625 0.0140625 0.0140625
0 0.4765625 0.39296875 0.015625 0.0171875
0 0.47578125 0.41328125 0.0125 0.0140625
0 0.46796875 0.41953125 0.0125 0.0140625
0 0.4578125 0.4203125 0.015625 0.0171875
0 0.47265625 0.434375 0.0140625 0.0140625
0 0.4609375 0.44765625 0.0125 0.0140625
0 0.465625 0.4578125 0.0125 0.015625
0 0.45078125 0.4484375 0.0125 0.0171875
0 0.43671875 0.4515625 0.0125 0.0171875
0 0.4265625 0.4609375 0.0125 0.0140625
0 0.43203125 0.484375 0.0140625 0.015625
0 0.43203125 0.49609375 0.0125 0.0140625
0 0.41796875 0.46796875 0.0125 0.0140625
0 0.41484375 0.459375 0.0125 0.0171875
0 0.409375 0.4796875 0.0125 0.015625
0 0.41796875 0.484375 0.0125 0.0171875