0 0.86328125 0.37109375 0.028125 0.02734375
0 0.8859375 0.33828125 0.0265625 0.025
0 0.8375 0.375 0.0265625 0.025
0 0.80625 0.36171875 0.0265625 0.0265625
0 0.80234375 0.33046875 0.02578125 0.025
0 0.7671875 0.34296875 0.02578125 0.02578125
0 0.75078125 0.37265625 0.02578125 0.02421875
0 0.77421875 0.39453125 0.028125 0.025
0 0.940625 0.434375 0.0296875 0.02578125
0 0.92265625 0.421875 0.03046875 0.021875
0 0.8484375 0.453125 0.02890625 0.0265625
0 0.86796875 0.4828125 0.02578125 0.028125
0 0.84453125 0.51328125 0.0265625 0.02734375
0 0.82890625 0.215625 0.02734375 0.025
0 0.7890625 0.16953125 0.0265625 0.025
0 0.51484375 0.39765625 0.025 0.02890625
0 0.5234375 0.32890625 0.02578125 0.03046875
0 0.62734375 0.08671875 0.0265625 0.02578125
0 0.59296875 0.0890625 0.0265625 0.028125
0 0.5609375 0.1234375 0.025 0.0265625
0 0.60859375 0.1609375 0.028125 0.025
0 0.53828125 0.1453125 0.02578125 0.0234375
0 0.5015625 0.1390625 0.02734375 0.0265625
0 0.47890625 0.175 0.02578125 0.02421875
0 0.48125 0.20546875 0.0265625 0.02734375
0 0.3953125 0.24375 0.02421875 0.02265625
0 0.3875 0.26875 0.02578125 0.02734375
0 0.4234375 0.2296875 0.02578125 0.0265625
0 0.3609375 0.27421875 0.028125 0.0234375
0 0.36953125 0.29765625 0.02734375 0.02734375
0 0.35859375 0.25390625 0.021875 0.02109375
0 0.3421875 0.328125 0.03046875 0.028125
0 0.25625 0.2515625 0.0265625 0.02578125
0 0.28984375 0.2640625 0.02734375 0.02734375
0 0.25 0.30625 0.025 0.02578125
0 0.21484375 0.28984375 0.0265625 0.02421875
0 0.2109375 0.321875 0.0265625 0.025
0 0.17734375 0.29921875 0.0265625 0.02578125
0 0.196875 0.36015625 0.028125 0.02578125
0 0.29296875 0.4109375 0.02890625 0.02734375
0 0.39140625 0.44140625 0.0265625 0.02578125
0 0.43359375 0.44609375 0.028125 0.0265625
0 0.46015625 0.4578125 0.0265625 0.028125
0 0.49453125 0.478125 0.0296875 0.02734375
0 0.5015625 0.50625 0.0265625 0.0265625
0 0.540625 0.50078125 0.025 0.02734375
0 0.55703125 0.46171875 0.028125 0.02734375
0 0.5953125 0.46875 0.02578125 0.02578125
0 0.62578125 0.48984375 0.02578125 0.0265625
0 0.60859375 0.425 0.02734375 0.0265625
0 0.63203125 0.45703125 0.028125 0.0265625
0 0.7203125 0.40234375 0.02578125 0.02421875
0 0.765625 0.434375 0.02734375 0.02578125
0 0.6875 0.43828125 0.02578125 0.025
0 0.6515625 0.4375 0.025 0.025
0 0.66953125 0.4203125 0.0265625 0.0234375
0 0.69140625 0.40546875 0.0265625 0.02265625
0 0.70703125 0.42421875 0.02578125 0.02265625
0 0.72109375 0.4453125 0.02890625 0.025
0 0.7359375 0.42265625 0.02734375 0.0234375
0 0.746875 0.45234375 0.025 0.0265625
0 0.66796875 0.50859375 0.02578125 0.02734375
0 0.67578125 0.46171875 0.0265625 0.02265625
0 0.67421875 0.484375 0.02421875 0.0265625
0 0.6578125 0.48359375 0.01875 0.02734375
0 0.70234375 0.490625 0.02734375 0.025
0 0.721875 0.5125 0.0296875 0.025
0 0.7203125 0.5625 0.02578125 0.02734375
0 0.73515625 0.584375 0.0265625 0.02578125
0 0.75625 0.60703125 0.0265625 0.028125
0 0.8046875 0.62578125 0.02890625 0.028125
0 0.79921875 0.56640625 0.02890625 0.028125
0 0.70703125 0.53828125 0.0265625 0.0265625
0 0.76328125 0.55078125 0.02734375 0.028125
0 0.76796875 0.57890625 0.02890625 0.02734375
0 0.796875 0.5984375 0.02734375 0.02734375
0 0.62109375 0.62109375 0.028125 0.02890625
0 0.653125 0.578125 0.0296875 0.028125
0 0.65703125 0.6046875 0.028125 0.0265625
0 0.5953125 0.62890625 0.02421875 0.0265625
0 0.57578125 0.603125 0.02578125 0.02578125
0 0.5296875 0.5796875 0.02734375 0.0265625
0 0.5515625 0.59609375 0.02578125 0.0265625
0 0.50703125 0.5625 0.02578125 0.0265625
0 0.490625 0.65 0.0265625 0.0265625
0 0.5015625 0.625 0.02890625 0.0265625
0 0.48125 0.609375 0.02734375 0.02578125
0 0.47890625 0.58359375 0.0265625 0.0265625
0 0.43984375 0.57421875 0.02734375 0.0265625
0 0.45625 0.61484375 0.0265625 0.028125
0 0.4578125 0.64296875 0.0265625 0.0265625
0 0.41015625 0.63359375 0.02734375 0.02578125
0 0.415625 0.6 0.02734375 0.0265625
0 0.39296875 0.6109375 0.02578125 0.02890625
0 0.37578125 0.58046875 0.028125 0.02578125
0 0.36484375 0.525 0.028125 0.02578125
0 0.35234375 0.553125 0.025 0.02578125
0 0.321875 0.58359375 0.02578125 0.02578125
0 0.31796875 0.5421875 0.028125 0.02734375
0 0.30546875 0.56484375 0.02578125 0.025
0 0.19296875 0.51875 0.02421875 0.028125
0 0.26875 0.54453125 0.02578125 0.025
0 0.278125 0.56796875 0.025 0.0265625
0 0.121875 0.55390625 0.02734375 0.02734375
0 0.2359375 0.571875 0.02578125 0.02578125
0 0.23203125 0.59765625 0.02734375 0.025
0 0.2609375 0.603125 0.02578125 0.025
0 0.25859375 0.58203125 0.025 0.02109375
0 0.2359375 0.646875 0.02578125 0.0234375
0 0.2390625 0.62109375 0.02421875 0.02578125
0 0.21171875 0.63515625 0.02421875 0.02578125
0 0.16171875 0.63359375 0.0265625 0.0265625
0 0.15078125 0.66328125 0.0234375 0.0265625
0 0.18125 0.66015625 0.02578125 0.02734375
0 0.20703125 0.6625 0.02578125 0.0265625
0 0.2359375 0.6734375 0.0265625 0.0265625
0 0.23359375 0.7078125 0.02890625 0.028125
0 0.28203125 0.65625 0.02578125 0.02890625
0 0.26484375 0.66796875 0.025 0.0265625
0 0.3375 0.6421875 0.0296875 0.028125
0 0.3625 0.66015625 0.02734375 0.02890625
0 0.3203125 0.671875 0.02890625 0.028125
0 0.34921875 0.690625 0.028125 0.028125
0 0.3640625 0.7859375 0.02890625 0.0296875
0 0.67109375 0.74765625 0.0296875 0.0328125
0 0.728125 0.7796875 0.02734375 0.0296875
0 0.91015625 0.80546875 0.02578125 0.03046875
0 0.925 0.8328125 0.02890625 0.03046875
0 0.778125 0.82421875 0.02890625 0.028125
0 0.8046875 0.8234375 0.02890625 0.03125
0 0.8421875 0.88046875 0.0296875 0.02890625
0 0.67734375 0.828125 0.02734375 0.028125
0 0.7375 0.83515625 0.02890625 0.03046875
0 0.7640625 0.85390625 0.03046875 0.02890625
0 0.796875 0.8984375 0.02890625 0.0296875
0 0.6734375 0.8578125 0.028125 0.02890625
0 0.728125 0.87265625 0.028125 0.02890625
0 0.69765625 0.8859375 0.02578125 0.0296875
0 0.71640625 0.9078125 0.0265625 0.0296875
0 0.6765625 0.9046875 0.02578125 0.02890625
0 0.66015625 0.93046875 0.0265625 0.02734375
0 0.628125 0.87421875 0.0265625 0.02890625
0 0.63125 0.9125 0.0265625 0.0296875
0 0.59609375 0.92890625 0.02890625 0.02890625