0 0.68984375 0.02109375 0.0609375 0.0421875
0 0.74140625 0.0234375 0.0671875 0.046875
0 0.790625 0.015625 0.065625 0.03125
0 0.76171875 0.0671875 0.065625 0.065625
0 0.7265625 0.10390625 0.0640625 0.0625
0 0.784375 0.14609375 0.0625 0.0671875
0 0.74140625 0.17421875 0.0640625 0.0671875
0 0.7890625 0.203125 0.0625 0.0625
0 0.690625 0.19921875 0.06875 0.0671875
0 0.64375 0.2296875 0.065625 0.065625
0 0.55625 0.15546875 0.0671875 0.06875
0 0.70859375 0.25078125 0.0703125 0.0703125
0 0.8296875 0.24453125 0.0734375 0.071875
0 0.78984375 0.2921875 0.0734375 0.0703125
0 0.85234375 0.30703125 0.071875 0.06875
0 0.53046875 0.271875 0.065625 0.06875
0 0.55390625 0.33515625 0.0703125 0.071875
0 0.51171875 0.39609375 0.0703125 0.0734375
0 0.45859375 0.3859375 0.06875 0.06875
0 0.415625 0.41484375 0.0671875 0.065625
0 0.471875 0.45390625 0.0671875 0.071875
0 0.23203125 0.51015625 0.065625 0.0640625
0 0.26953125 0.55 0.0671875 0.0640625
0 0.3203125 0.52265625 0.0671875 0.071875
0 0.3921875 0.5046875 0.065625 0.0625
0 0.446875 0.5203125 0.065625 0.065625
0 0.209375 0.603125 0.06875 0.0671875
0 0.184375 0.653125 0.0671875 0.065625
0 0.1421875 0.625 0.0671875 0.0640625
0 0.2234375 0.7609375 0.06875 0.0671875
0 0.25859375 0.7984375 0.0640625 0.065625
0 0.31328125 0.72578125 0.0640625 0.06875
0 0.16171875 0.88203125 0.065625 0.0671875
0 0.21171875 0.8796875 0.0640625 0.065625
0 0.4109375 0.91328125 0.0625 0.0640625
0 0.63125 0.90234375 0.065625 0.065625
0 0.45703125 0.75234375 0.0609375 0.0640625
0 0.4421875 0.690625 0.0640625 0.0671875
0 0.43984375 0.6171875 0.0640625 0.0640625
0 0.48046875 0.65 0.065625 0.0625
0 0.50703125 0.69765625 0.0671875 0.065625
0 0.509375 0.75234375 0.0703125 0.0671875
0 0.51875 0.56953125 0.0640625 0.065625
0 0.56875 0.58046875 0.0671875 0.06875
0 0.553125 0.66171875 0.065625 0.065625
0 0.61171875 0.66015625 0.06875 0.0671875
0 0.57734375 0.70625 0.065625 0.0625
0 0.6296875 0.72421875 0.0640625 0.065625
0 0.66171875 0.61484375 0.0625 0.065625
0 0.68515625 0.67265625 0.0703125 0.0703125
0 0.71484375 0.7203125 0.06875 0.0640625
0 0.75078125 0.76484375 0.0640625 0.0703125
0 0.6234375 0.51328125 0.0625 0.065625
0 0.76875 0.62578125 0.065625 0.0625
0 0.8046875 0.58515625 0.0671875 0.065625
0 0.784375 0.6859375 0.0640625 0.0671875
0 0.80859375 0.7390625 0.065625 0.065625
0 0.80546875 0.7890625 0.0625 0.065625
0 0.953125 0.5890625 0.065625 0.0625
0 0.92890625 0.64375 0.065625 0.065625
0 0.91484375 0.70546875 0.0671875 0.0703125
0 0.8859375 0.753125 0.0609375 0.059375
0 0.9125 0.79453125 0.0671875 0.06875
0 0.91640625 0.8609375 0.0703125 0.0703125
0 0.96015625 0.75703125 0.065625 0.0734375
0 0.88515625 0.45078125 0.0671875 0.0734375