0 0.74140625 0.59375 0.0125 0.0140625
0 0.48984375 0.35 0.0140625 0.0140625
0 0.53125 0.3578125 0.0140625 0.0140625
0 0.4203125 0.5203125 0.0109375 0.0109375
0 0.69296875 0.54140625 0.0140625 0.0125
0 0.4953125 0.29609375 0.0109375 0.0109375
0 0.56015625 0.3890625 0.0125 0.0125
0 0.4015625 0.46796875 0.0125 0.0125
0 0.28828125 0.5296875 0.0140625 0.0140625
0 0.39140625 0.59921875 0.0140625 0.0140625
0 0.67109375 0.51171875 0.0140625 0.0140625
0 0.46015625 0.36796875 0.0125 0.0125
0 0.32890625 0.4203125 0.015625 0.015625
0 0.34140625 0.4390625 0.0140625 0.0140625
0 0.4875 0.3234375 0.0140625 0.0140625
0 0.42890625 0.66640625 0.0140625 0.0140625
0 0.6828125 0.4953125 0.0140625 0.0140625
0 0.6703125 0.49609375 0.0140625 0.0140625
0 0.453125 0.6078125 0.0140625 0.0140625
0 0.325 0.46171875 0.0140625 0.0140625
0 0.70625 0.5015625 0.0140625 0.0140625
0 0.6375 0.52890625 0.0140625 0.015625
0 0.32890625 0.4046875 0.0140625 0.0140625
0 0.6265625 0.51953125 0.0140625 0.0140625
0 0.66875 0.5265625 0.0140625 0.0140625
0 0.5140625 0.5578125 0.0140625 0.0140625
0 0.3421875 0.4515625 0.015625 0.0140625
0 0.715625 0.57578125 0.0140625 0.0140625
0 0.63984375 0.51015625 0.0140625 0.0140625
0 0.325 0.44765625 0.0140625 0.0140625
0 0.56953125 0.56953125 0.0140625 0.0140625
0 0.653125 0.5921875 0.0140625 0.0140625
0 0.6984375 0.49140625 0.0140625 0.015625
0 0.6109375 0.525 0.0140625 0.0140625
0 0.49765625 0.5859375 0.0140625 0.0140625
0 0.56953125 0.41640625 0.0140625 0.0140625
0 0.66328125 0.478125 0.0140625 0.0140625
0 0.50546875 0.57109375 0.0140625 0.0140625
0 0.4046875 0.58671875 0.0140625 0.0140625
0 0.63984375 0.4859375 0.0140625 0.0140625
0 0.7015625 0.57734375 0.0140625 0.0140625
0 0.31484375 0.42890625 0.015625 0.0140625
0 0.39453125 0.69609375 0.0140625 0.0140625
0 0.609375 0.55 0.0140625 0.0140625
0 0.315625 0.40625 0.015625 0.0140625
0 0.72734375 0.60234375 0.0140625 0.0140625
0 0.64375 0.56640625 0.0140625 0.0140625
0 0.37734375 0.60390625 0.015625 0.0140625
0 0.37109375 0.4234375 0.0140625 0.0140625
0 0.55546875 0.5703125 0.0140625 0.0140625
0 0.3859375 0.62578125 0.0140625 0.0140625
0 0.425 0.43203125 0.0109375 0.0109375
0 0.62734375 0.4828125 0.0140625 0.0140625
0 0.5125 0.5375 0.0140625 0.0140625
0 0.55390625 0.55390625 0.015625 0.0140625
0 0.3671875 0.61328125 0.0140625 0.0140625
0 0.55625 0.540625 0.0140625 0.0140625
0 0.37265625 0.68671875 0.0140625 0.0140625
0 0.33515625 0.51796875 0.0140625 0.0140625
0 0.64296875 0.546875 0.0140625 0.0140625
0 0.3578125 0.41484375 0.0140625 0.0140625
0 0.3125 0.4515625 0.015625 0.0140625
0 0.69140625 0.59453125 0.0140625 0.0140625
0 0.5640625 0.4453125 0.0140625 0.0140625
0 0.5375 0.5796875 0.0140625 0.0140625
0 0.6890625 0.58046875 0.0140625 0.0140625
0 0.5609375 0.51875 0.0140625 0.0140625
0 0.48125 0.5890625 0.015625 0.0140625
0 0.44375 0.59296875 0.0140625 0.0140625
0 0.3734375 0.5890625 0.0140625 0.0140625
0 0.446875 0.61953125 0.0140625 0.0140625
0 0.5265625 0.5703125 0.0140625 0.0140625
0 0.68359375 0.609375 0.0140625 0.0140625
0 0.428125 0.5890625 0.0171875 0.0140625
0 0.43828125 0.609375 0.0140625 0.0140625
0 0.35546875 0.69453125 0.0140625 0.0140625
0 0.46484375 0.52578125 0.0140625 0.0140625
0 0.46640625 0.3265625 0.0140625 0.0140625
0 0.48203125 0.4375 0.0140625 0.0140625
0 0.40703125 0.68125 0.015625 0.0140625
0 0.46328125 0.5671875 0.0140625 0.0140625
0 0.58046875 0.503125 0.0140625 0.0140625
0 0.5265625 0.44765625 0.0140625 0.0140625
0 0.5484375 0.5875 0.0140625 0.0140625
0 0.47734375 0.50703125 0.0140625 0.0140625
0 0.4859375 0.51484375 0.0140625 0.0140625
0 0.49140625 0.52578125 0.015625 0.0140625
0 0.60859375 0.4796875 0.0140625 0.0140625
0 0.50078125 0.559375 0.015625 0.0140625
0 0.59453125 0.47734375 0.0140625 0.0140625
0 0.3125 0.39296875 0.0140625 0.0140625
0 0.56328125 0.58125 0.0140625 0.0140625
0 0.5515625 0.44921875 0.0140625 0.0140625
0 0.31015625 0.3453125 0.0140625 0.0140625
0 0.5703125 0.5421875 0.0140625 0.0140625
0 0.596875 0.465625 0.0140625 0.0140625
0 0.59375 0.50234375 0.0140625 0.0140625
0 0.4671875 0.30078125 0.015625 0.0140625
0 0.6484375 0.57890625 0.0140625 0.0140625
0 0.47578125 0.53828125 0.0109375 0.015625
0 0.484375 0.53828125 0.0140625 0.0140625
0 0.49375 0.54765625 0.0140625 0.0140625
0 0.50859375 0.49921875 0.0140625 0.0140625
0 0.553125 0.4265625 0.0140625 0.0140625
0 0.29921875 0.3921875 0.0140625 0.0140625
0 0.5765625 0.52421875 0.0140625 0.0140625
0 0.56171875 0.4734375 0.0140625 0.0140625
0 0.55 0.49375 0.0140625 0.0140625
0 0.3203125 0.5890625 0.0140625 0.0140625
0 0.553125 0.52734375 0.0140625 0.0140625
0 0.475 0.5671875 0.0140625 0.0140625
0 0.56484375 0.50078125 0.0140625 0.0140625
0 0.49140625 0.5734375 0.0140625 0.0140625
0 0.4734375 0.4765625 0.0140625 0.0140625
0 0.5015625 0.51484375 0.015625 0.0140625
0 0.50546875 0.52421875 0.0171875 0.0140625
0 0.46484375 0.5390625 0.0140625 0.0140625
0 0.3546875 0.671875 0.0140625 0.0140625
0 0.2984375 0.43203125 0.015625 0.0140625
0 0.46640625 0.55078125 0.0140625 0.0140625
0 0.609375 0.5125 0.0140625 0.0140625
0 0.47734375 0.5265625 0.0140625 0.0140625
0 0.59453125 0.52890625 0.0140625 0.0140625
0 0.53984375 0.56875 0.0171875 0.0140625
0 0.2890625 0.33515625 0.0140625 0.0140625
0 0.59921875 0.49453125 0.0140625 0.015625
0 0.48515625 0.496875 0.0140625 0.0140625
0 0.57265625 0.49140625 0.0140625 0.0140625
0 0.60078125 0.5390625 0.0140625 0.0140625
0 0.5609375 0.48671875 0.0140625 0.0140625
0 0.62109375 0.50625 0.0140625 0.015625
0 0.5890625 0.53984375 0.015625 0.0140625
0 0.50078125 0.5375 0.0171875 0.0140625
0 0.62578125 0.496875 0.0140625 0.0140625
0 0.584375 0.4890625 0.0140625 0.0140625
0 0.61484375 0.4953125 0.0140625 0.0140625
0 0.4765625 0.490625 0.0140625 0.0140625
0 0.478125 0.553125 0.0140625 0.0140625
0 0.48359375 0.56171875 0.0171875 0.0140625
0 0.4921875 0.50546875 0.0140625 0.0140625
0 0.571875 0.5109375 0.0140625 0.0140625
0 0.5859375 0.51484375 0.0140625 0.0140625
0 0.5765625 0.5359375 0.0140625 0.0140625
0 0.5984375 0.515625 0.015625 0.0140625