0 0.634375 0.5234375 0.0234375 0.0234375
0 0.5578125 0.59453125 0.021875 0.021875
0 0.53984375 0.59140625 0.0234375 0.0234375
0 0.47109375 0.61875 0.021875 0.021875
0 0.45078125 0.61875 0.021875 0.0234375
0 0.440625 0.63046875 0.0234375 0.0234375
0 0.43046875 0.61953125 0.0234375 0.025
0 0.459375 0.634375 0.025 0.0234375
0 0.41796875 0.62890625 0.0234375 0.025
0 0.40078125 0.65546875 0.0234375 0.025
0 0.4 0.63671875 0.025 0.0234375
0 0.38359375 0.66875 0.0234375 0.025
0 0.384375 0.65 0.025 0.0234375
0 0.36640625 0.66875 0.0234375 0.0234375
0 0.3546875 0.67890625 0.025 0.0234375
0 0.31171875 0.69609375 0.0234375 0.0234375
0 0.44765625 0.56796875 0.021875 0.021875
0 0.48359375 0.52734375 0.021875 0.021875
0 0.4921875 0.5109375 0.01875 0.0203125
0 0.51953125 0.509375 0.0203125 0.021875
0 0.53828125 0.5046875 0.0203125 0.021875
0 0.55625 0.49140625 0.021875 0.021875
0 0.57109375 0.47734375 0.021875 0.021875
0 0.55546875 0.47578125 0.021875 0.021875
0 0.53984375 0.4875 0.0203125 0.01875
0 0.52421875 0.49453125 0.0234375 0.0234375
0 0.50859375 0.496875 0.01875 0.0203125
0 0.4921875 0.49609375 0.021875 0.021875
0 0.509375 0.478125 0.021875 0.0234375
0 0.49375 0.4796875 0.01875 0.0203125
0 0.47421875 0.49453125 0.021875 0.021875
0 0.4765625 0.4765625 0.021875 0.021875
0 0.4609375 0.48046875 0.0234375 0.025
0 0.44296875 0.4796875 0.021875 0.021875
0 0.48828125 0.4640625 0.0234375 0.0234375
0 0.496875 0.4515625 0.0234375 0.0234375
0 0.503125 0.4359375 0.0234375 0.025
0 0.57734375 0.44375 0.021875 0.021875
0 0.5640625 0.45390625 0.021875 0.021875
0 0.54765625 0.4546875 0.0234375 0.025
0 0.52734375 0.45703125 0.0234375 0.0234375
0 0.378125 0.51328125 0.0265625 0.0265625
0 0.540625 0.3453125 0.0234375 0.025
0 0.55703125 0.33828125 0.0234375 0.0265625