0 0.225 0.74140625 0.0390625 0.0390625
0 0.22421875 0.771875 0.0390625 0.034375
0 0.634375 0.09296875 0.040625 0.0421875
0 0.6375 0.17421875 0.0390625 0.040625
0 0.6296875 0.20390625 0.0421875 0.0375
0 0.64375 0.23125 0.0390625 0.0390625
0 0.6125 0.25 0.040625 0.040625
0 0.6359375 0.27109375 0.0421875 0.0453125
0 0.6015625 0.2859375 0.0375 0.0390625
0 0.603125 0.321875 0.0390625 0.0421875
0 0.59296875 0.35078125 0.0390625 0.0421875
0 0.52109375 0.41953125 0.0375 0.0390625
0 0.6234375 0.359375 0.034375 0.0375
0 0.60703125 0.384375 0.0375 0.0390625
0 0.37734375 0.34296875 0.040625 0.0421875
0 0.6421875 0.3890625 0.0390625 0.0390625
0 0.62421875 0.41796875 0.0390625 0.0390625
0 0.48125 0.5078125 0.0390625 0.0390625
0 0.37265625 0.478125 0.0375 0.0390625
0 0.3875 0.50546875 0.0390625 0.0390625
0 0.46171875 0.53515625 0.034375 0.0359375
0 0.4203125 0.51875 0.0390625 0.0390625
0 0.39296875 0.5359375 0.0390625 0.0390625
0 0.38046875 0.56328125 0.0359375 0.0359375
0 0.43515625 0.54609375 0.0359375 0.0359375
0 0.409375 0.5609375 0.0390625 0.0390625
0 0.36796875 0.5875 0.0390625 0.0390625
0 0.3421875 0.6078125 0.04375 0.04375
0 0.44921875 0.57421875 0.0375 0.040625
0 0.41953125 0.58671875 0.040625 0.0421875
0 0.47890625 0.58203125 0.0375 0.0390625
0 0.4578125 0.6015625 0.040625 0.040625
0 0.3984375 0.634375 0.0390625 0.0390625
0 0.48671875 0.61640625 0.040625 0.040625
0 0.4609375 0.63203125 0.0390625 0.0390625
0 0.4078125 0.66953125 0.04375 0.0421875
0 0.4796875 0.653125 0.0390625 0.0390625
0 0.45 0.66796875 0.0390625 0.0390625
0 0.4234375 0.6984375 0.040625 0.040625
0 0.46796875 0.6921875 0.040625 0.0390625
0 0.41484375 0.72734375 0.0390625 0.0390625
0 0.59140625 0.76171875 0.0421875 0.0421875
0 0.63359375 0.55546875 0.0421875 0.04375
0 0.65234375 0.58046875 0.040625 0.0453125