0 0.12421875 0.43125 0.0203125 0.025
0 0.13203125 0.40703125 0.01875 0.025
0 0.1515625 0.4453125 0.021875 0.0265625
0 0.1546875 0.37421875 0.01875 0.025
0 0.153125 0.40390625 0.021875 0.025
0 0.17578125 0.37421875 0.021875 0.028125
0 0.1671875 0.42734375 0.0203125 0.025
0 0.1734375 0.4 0.021875 0.025
0 0.19765625 0.384375 0.021875 0.028125
0 0.19296875 0.415625 0.0234375 0.028125
0 0.18515625 0.44375 0.0234375 0.0265625
0 0.178125 0.475 0.021875 0.028125
0 0.20078125 0.48359375 0.025 0.028125
0 0.20703125 0.45546875 0.0234375 0.0265625
0 0.215625 0.3984375 0.0234375 0.0265625
0 0.215625 0.428125 0.025 0.028125
0 0.234375 0.44453125 0.021875 0.0265625
0 0.2265625 0.47265625 0.021875 0.028125
0 0.23828125 0.4140625 0.0234375 0.028125
0 0.221875 0.36640625 0.025 0.0296875
0 0.240625 0.38515625 0.0203125 0.0265625
0 0.2609375 0.40390625 0.021875 0.0328125
0 0.25625 0.434375 0.025 0.03125
0 0.24921875 0.46953125 0.0234375 0.028125
0 0.25078125 0.5 0.025 0.028125
0 0.2734375 0.5140625 0.025 0.03125
0 0.271875 0.48359375 0.025 0.0265625
0 0.26484375 0.3734375 0.0265625 0.025
0 0.28203125 0.39375 0.0234375 0.025
0 0.30390625 0.4140625 0.025 0.028125
0 0.2890625 0.36171875 0.021875 0.0296875
0 0.3296875 0.36953125 0.028125 0.028125
0 0.24921875 0.34765625 0.028125 0.03125
0 0.309375 0.35 0.0234375 0.028125
0 0.30625 0.38125 0.021875 0.025
0 0.33125 0.3359375 0.025 0.034375
0 0.35625 0.3546875 0.028125 0.028125
0 0.375 0.334375 0.025 0.028125
0 0.3765625 0.36875 0.025 0.0296875
0 0.353125 0.38828125 0.0265625 0.03125
0 0.328125 0.4015625 0.028125 0.0265625
0 0.2796875 0.42109375 0.025 0.025
0 0.27421875 0.453125 0.0234375 0.025
0 0.2921875 0.47578125 0.025 0.028125
0 0.29765625 0.50390625 0.0265625 0.025
0 0.290625 0.53828125 0.028125 0.028125
0 0.31640625 0.46328125 0.028125 0.028125
0 0.40078125 0.35078125 0.028125 0.028125
0 0.4 0.3828125 0.0265625 0.0296875
0 0.3765625 0.4015625 0.0234375 0.028125
0 0.35234375 0.41875 0.028125 0.028125
0 0.3234375 0.43359375 0.021875 0.028125
0 0.2984375 0.4421875 0.025 0.025
0 0.3453125 0.453125 0.025 0.025
0 0.321875 0.49921875 0.025 0.03125
0 0.31328125 0.53203125 0.0234375 0.0296875
0 0.3453125 0.49140625 0.0234375 0.03125
0 0.33671875 0.540625 0.025 0.028125
0 0.33515625 0.57578125 0.028125 0.0296875
0 0.3640625 0.534375 0.0234375 0.025
0 0.3609375 0.56484375 0.03125 0.03125
0 0.36875 0.46796875 0.028125 0.028125
0 0.37578125 0.50546875 0.0265625 0.0265625
0 0.3921875 0.5359375 0.028125 0.03125
0 0.38515625 0.5671875 0.028125 0.034375
0 0.39375 0.453125 0.03125 0.0375
0 0.4359375 0.43984375 0.03125 0.03125
0 0.42734375 0.390625 0.028125 0.0296875
0 0.4515625 0.4109375 0.0296875 0.03125
0 0.47109375 0.43828125 0.03125 0.034375
0 0.45703125 0.36953125 0.0296875 0.034375
0 0.47734375 0.39375 0.0296875 0.0265625
0 0.50390625 0.40625 0.0296875 0.0328125
0 0.4796875 0.34765625 0.028125 0.028125
0 0.509375 0.3609375 0.03125 0.03125
0 0.4921875 0.30390625 0.034375 0.0375
0 0.52265625 0.30625 0.0375 0.0375
0 0.5765625 0.29296875 0.040625 0.0375
0 0.5578125 0.328125 0.034375 0.034375
0 0.55625 0.365625 0.0359375 0.040625
0 0.5625 0.40859375 0.03125 0.0328125
0 0.52890625 0.384375 0.03125 0.0375
0 0.52890625 0.43046875 0.03125 0.0328125
0 0.49765625 0.4421875 0.025 0.0328125
0 0.51640625 0.46875 0.0375 0.034375
0 0.48984375 0.51015625 0.03125 0.0328125
0 0.4484375 0.4703125 0.0328125 0.034375
0 0.48828125 0.4765625 0.028125 0.0296875
0 0.46015625 0.50703125 0.028125 0.03125
0 0.48671875 0.54921875 0.0328125 0.034375
0 0.425 0.5671875 0.034375 0.0296875
0 0.425 0.50859375 0.0296875 0.03125
0 0.45625 0.5421875 0.028125 0.0265625
0 0.41875 0.5421875 0.028125 0.025
0 0.39296875 0.5953125 0.028125 0.028125
0 0.415625 0.63828125 0.028125 0.03125
0 0.39921875 0.63125 0.01875 0.028125
0 0.42109375 0.6640625 0.03125 0.03125
0 0.5 0.70078125 0.0375 0.0390625
0 0.4484375 0.6328125 0.034375 0.034375
0 0.49609375 0.66796875 0.034375 0.028125
0 0.509375 0.5984375 0.03125 0.0296875
0 0.4921875 0.63515625 0.0359375 0.0359375
0 0.53359375 0.5703125 0.028125 0.034375
0 0.5421875 0.609375 0.034375 0.0375
0 0.58203125 0.45234375 0.0375 0.034375
0 0.5671875 0.48828125 0.034375 0.0375
0 0.5390625 0.515625 0.0296875 0.034375
0 0.56875 0.52890625 0.028125 0.028125
0 0.59375 0.55390625 0.0296875 0.034375
0 0.56328125 0.5640625 0.03125 0.0359375
0 0.60078125 0.51640625 0.03125 0.028125
0 0.63125 0.55234375 0.0375 0.0375
0 0.621875 0.490625 0.034375 0.0375
0 0.6578125 0.48515625 0.0359375 0.0390625
0 0.65078125 0.52578125 0.0375 0.034375
0 0.63828125 0.428125 0.034375 0.0328125
0 0.64375 0.45625 0.040625 0.025
0 0.64375 0.3453125 0.03125 0.034375
0 0.6640625 0.31484375 0.040625 0.034375
0 0.665625 0.36953125 0.0328125 0.03125
0 0.64921875 0.4 0.0375 0.028125
0 0.6890625 0.403125 0.0375 0.0375
0 0.67734375 0.43984375 0.034375 0.0328125
0 0.69296875 0.47265625 0.034375 0.03125
0 0.68828125 0.5109375 0.0390625 0.0375
0 0.70703125 0.36484375 0.040625 0.040625
0 0.7265625 0.409375 0.0359375 0.0375
0 0.71015625 0.44609375 0.028125 0.034375
0 0.7328125 0.45390625 0.03125 0.0375
0 0.72578125 0.49375 0.040625 0.0359375
0 0.7375 0.52890625 0.0375 0.040625
0 0.76328125 0.390625 0.040625 0.0375
0 0.76484375 0.43125 0.0375 0.034375
0 0.76640625 0.4703125 0.0375 0.0359375
0 0.7734375 0.5109375 0.04375 0.0375
0 0.80390625 0.44296875 0.04375 0.034375
0 0.80703125 0.47890625 0.0421875 0.0375
0 0.84609375 0.45 0.040625 0.040625
0 0.853125 0.4921875 0.046875 0.0453125