0 0.03203125 0.36015625 0.0296875 0.028125
0 0.09296875 0.39296875 0.0296875 0.0234375
0 0.115625 0.37109375 0.0265625 0.0265625
0 0.13046875 0.4390625 0.0265625 0.028125
0 0.13515625 0.39765625 0.0265625 0.0265625
0 0.1609375 0.3953125 0.0296875 0.0234375
0 0.171875 0.41640625 0.0265625 0.0234375
0 0.17890625 0.44453125 0.028125 0.0265625
0 0.215625 0.43515625 0.028125 0.0234375
0 0.22734375 0.38828125 0.0265625 0.0234375
0 0.3703125 0.35 0.0296875 0.0234375
0 0.3671875 0.321875 0.0296875 0.025
0 0.49765625 0.37578125 0.028125 0.0265625
0 0.49921875 0.3515625 0.0265625 0.0234375
0 0.50390625 0.30234375 0.0265625 0.0234375
0 0.275 0.47265625 0.028125 0.0234375
0 0.25390625 0.4625 0.0234375 0.025
0 0.26875 0.44453125 0.025 0.0234375
0 0.29609375 0.40234375 0.0265625 0.0265625
0 0.3203125 0.38359375 0.028125 0.025
0 0.365625 0.45703125 0.0265625 0.025
0 0.33984375 0.44375 0.0265625 0.025
0 0.32265625 0.415625 0.0234375 0.0234375
0 0.34609375 0.41796875 0.0234375 0.0234375
0 0.36875 0.4234375 0.0234375 0.0234375
0 0.3859375 0.4375 0.0234375 0.0234375
0 0.40625 0.45234375 0.025 0.0234375
0 0.3953125 0.4046875 0.0234375 0.0265625
0 0.3953125 0.36796875 0.025 0.0234375
0 0.4171875 0.390625 0.0265625 0.0234375
0 0.43359375 0.37109375 0.025 0.0265625
0 0.44375 0.3921875 0.0265625 0.0234375
0 0.43671875 0.42890625 0.0265625 0.0234375
0 0.4609375 0.4078125 0.025 0.0234375
0 0.47109375 0.4296875 0.0265625 0.0234375
0 0.49296875 0.45078125 0.0265625 0.0265625
0 0.503125 0.42109375 0.0234375 0.025
0 0.52890625 0.4109375 0.0265625 0.0234375
0 0.53828125 0.43671875 0.0265625 0.025
0 0.54453125 0.465625 0.025 0.0234375
0 0.565625 0.440625 0.025 0.0234375
0 0.56171875 0.35 0.025 0.0234375
0 0.56484375 0.39453125 0.0265625 0.0234375
0 0.578125 0.36953125 0.025 0.0234375
0 0.62734375 0.525 0.0234375 0.025
0 0.6125 0.490625 0.021875 0.0234375
0 0.6390625 0.49140625 0.0234375 0.0234375
0 0.62734375 0.471875 0.025 0.0234375
0 0.62109375 0.45 0.0234375 0.0234375
0 0.5796875 0.41875 0.0234375 0.025
0 0.59140625 0.39453125 0.0234375 0.0234375
0 0.6015625 0.41875 0.0234375 0.025
0 0.61484375 0.39609375 0.0234375 0.0234375
0 0.62265625 0.4265625 0.025 0.021875
0 0.64453125 0.44453125 0.0265625 0.021875
0 0.65078125 0.471875 0.025 0.021875
0 0.67109375 0.48359375 0.0234375 0.0234375
0 0.67109375 0.4609375 0.0234375 0.0234375
0 0.66796875 0.43515625 0.0234375 0.025
0 0.66953125 0.40703125 0.0234375 0.0234375
0 0.646875 0.403125 0.025 0.0234375
0 0.6578125 0.38125 0.025 0.0234375
0 0.6921875 0.38984375 0.0265625 0.025
0 0.69140625 0.4265625 0.025 0.0234375
0 0.68984375 0.45078125 0.0234375 0.0234375
0 0.6953125 0.48203125 0.025 0.025
0 0.70703125 0.46484375 0.025 0.0234375
0 0.7109375 0.440625 0.0265625 0.0234375
0 0.715625 0.4109375 0.0265625 0.0234375
0 0.72578125 0.3890625 0.0265625 0.025
0 0.72734375 0.4546875 0.0234375 0.0234375
0 0.73046875 0.43125 0.025 0.0234375
0 0.7421875 0.40859375 0.025 0.025
0 0.7234375 0.5 0.028125 0.0265625
0 0.7265625 0.4765625 0.0265625 0.0234375
0 0.74921875 0.49140625 0.0234375 0.0265625
0 0.74765625 0.46796875 0.0265625 0.0234375
0 0.74921875 0.44453125 0.025 0.025
0 0.76328125 0.3984375 0.0265625 0.0234375
0 0.7828125 0.378125 0.0265625 0.0265625
0 0.76640625 0.425 0.0234375 0.0234375
0 0.78984375 0.40078125 0.0265625 0.0265625
0 0.7703125 0.475 0.0265625 0.025
0 0.77265625 0.45 0.0265625 0.0234375
0 0.79375 0.46484375 0.0265625 0.025
0 0.7890625 0.4328125 0.0265625 0.025
0 0.7921875 0.4875 0.0234375 0.0234375
0 0.809375 0.4484375 0.0265625 0.0265625
0 0.81640625 0.4875 0.0265625 0.0265625
0 0.83046875 0.43359375 0.0296875 0.025
0 0.82578125 0.465625 0.025 0.0234375
0 0.83984375 0.4875 0.0265625 0.0265625
0 0.86328125 0.5046875 0.028125 0.0265625
0 0.88671875 0.52421875 0.0296875 0.028125
0 0.85078125 0.46484375 0.0265625 0.0265625
0 0.86484375 0.446875 0.025 0.028125
0 0.8890625 0.4515625 0.028125 0.025
0 0.91484375 0.44296875 0.0265625 0.028125
0 0.95234375 0.46640625 0.0296875 0.028125