0 0.01796875 0.60078125 0.015625 0.01875
0 0.7390625 0.4984375 0.0203125 0.0171875
0 0.7359375 0.484375 0.0171875 0.0171875
0 0.6671875 0.44375 0.01875 0.01875
0 0.60546875 0.46875 0.0171875 0.01875
0 0.6140625 0.48203125 0.01875 0.01875
0 0.62265625 0.496875 0.01875 0.01875
0 0.6234375 0.47265625 0.0171875 0.015625
0 0.62890625 0.484375 0.015625 0.015625
0 0.64375 0.49296875 0.015625 0.015625
0 0.65 0.503125 0.015625 0.015625
0 0.61875 0.4578125 0.01875 0.0171875
0 0.60703125 0.45625 0.0171875 0.015625
0 0.6328125 0.459375 0.0140625 0.0140625
0 0.6453125 0.47734375 0.01875 0.0171875
0 0.64609375 0.446875 0.01875 0.0171875
0 0.65 0.46171875 0.0171875 0.0171875
0 0.6546875 0.43828125 0.015625 0.015625
0 0.62734375 0.44765625 0.0140625 0.0140625
0 0.6515625 0.42265625 0.0171875 0.0171875
0 0.64140625 0.43125 0.0171875 0.01875
0 0.6140625 0.4453125 0.0140625 0.0140625
0 0.6359375 0.4171875 0.015625 0.0171875
0 0.6265625 0.4296875 0.0171875 0.01875
0 0.6359375 0.3890625 0.0140625 0.015625
0 0.634375 0.4046875 0.01875 0.01875
0 0.6046875 0.4375 0.0140625 0.0140625
0 0.621875 0.41328125 0.01875 0.0171875
0 0.6015625 0.4234375 0.0171875 0.015625
0 0.5953125 0.44609375 0.0171875 0.01875
0 0.56796875 0.47578125 0.01875 0.01875
0 0.57734375 0.4859375 0.01875 0.01875
0 0.578125 0.54375 0.01875 0.01875
0 0.5328125 0.53046875 0.01875 0.01875
0 0.4890625 0.54296875 0.01875 0.0171875
0 0.48359375 0.53046875 0.0171875 0.015625
0 0.47421875 0.515625 0.01875 0.0171875
0 0.48671875 0.5140625 0.015625 0.0171875
0 0.4609375 0.4796875 0.0171875 0.01875
0 0.4578125 0.4984375 0.01875 0.0171875
0 0.4671875 0.42109375 0.0140625 0.0140625
0 0.4734375 0.43359375 0.0171875 0.01875
0 0.49140625 0.4375 0.0171875 0.01875
0 0.4796875 0.44609375 0.0140625 0.0140625
0 0.50703125 0.45703125 0.0171875 0.015625
0 0.5828125 0.4125 0.015625 0.0171875
0 0.56484375 0.421875 0.0171875 0.0171875
0 0.59765625 0.4109375 0.01875 0.01875
0 0.565625 0.40859375 0.0140625 0.0140625
0 0.55078125 0.4296875 0.01875 0.0203125
0 0.56953125 0.3953125 0.015625 0.0171875
0 0.55234375 0.409375 0.01875 0.01875
0 0.50625 0.4328125 0.0171875 0.015625
0 0.55546875 0.39296875 0.01875 0.01875
0 0.57890625 0.37890625 0.01875 0.01875
0 0.528125 0.4 0.0203125 0.01875
0 0.5421875 0.37890625 0.0203125 0.0203125
0 0.61640625 0.33125 0.0203125 0.01875
0 0.53828125 0.35859375 0.0171875 0.0171875
0 0.48984375 0.37109375 0.01875 0.01875
0 0.53671875 0.3421875 0.0203125 0.01875
0 0.534375 0.32109375 0.01875 0.0171875
0 0.478125 0.3375 0.01875 0.01875
0 0.51640625 0.3140625 0.01875 0.01875
0 0.5 0.27109375 0.015625 0.015625
0 0.4921875 0.28984375 0.01875 0.01875
0 0.46328125 0.32578125 0.01875 0.0171875
0 0.43046875 0.3421875 0.0140625 0.0140625
0 0.4375 0.3546875 0.0171875 0.01875
0 0.44296875 0.3359375 0.015625 0.015625
0 0.42421875 0.35625 0.0171875 0.0171875
0 0.41015625 0.3671875 0.0140625 0.0140625
0 0.4234375 0.3765625 0.01875 0.01875
0 0.3953125 0.396875 0.0171875 0.015625
0 0.403125 0.4078125 0.0171875 0.0203125
0 0.334375 0.30390625 0.0171875 0.015625
0 0.32734375 0.3171875 0.0140625 0.0140625
0 0.33984375 0.34453125 0.01875 0.01875
0 0.34375 0.359375 0.0171875 0.015625
0 0.35 0.3734375 0.0171875 0.015625
0 0.3453125 0.38984375 0.0171875 0.015625
0 0.353125 0.40078125 0.0171875 0.015625
0 0.36015625 0.4140625 0.015625 0.015625
0 0.3453125 0.4265625 0.01875 0.01875
0 0.353125 0.5109375 0.01875 0.01875