0 0.59609375 0.103125 0.040625 0.0390625
0 0.6703125 0.228125 0.034375 0.0359375
0 0.6671875 0.25625 0.0359375 0.034375
0 0.634375 0.28125 0.0328125 0.0359375
0 0.66171875 0.290625 0.0359375 0.0390625
0 0.725 0.2234375 0.0390625 0.0390625
0 0.69609375 0.30234375 0.0390625 0.0375
0 0.68984375 0.3703125 0.0390625 0.0390625
0 0.67578125 0.4 0.0359375 0.0390625
0 0.79296875 0.37109375 0.040625 0.0375
0 0.77890625 0.4125 0.0375 0.0390625
0 0.7859375 0.44453125 0.0375 0.0359375
0 0.17890625 0.246875 0.0359375 0.0359375
0 0.21171875 0.25234375 0.0390625 0.0359375
0 0.171875 0.28203125 0.0359375 0.0375
0 0.21953125 0.4203125 0.0375 0.0359375
0 0.253125 0.47890625 0.0390625 0.034375
0 0.303125 0.515625 0.0375 0.0359375
0 0.521875 0.21953125 0.040625 0.0359375
0 0.55546875 0.2375 0.0359375 0.040625
0 0.503125 0.26640625 0.0359375 0.0390625
0 0.4078125 0.31171875 0.0390625 0.0359375
0 0.38828125 0.42421875 0.0390625 0.0390625
0 0.34453125 0.4671875 0.0375 0.034375
0 0.3734375 0.52265625 0.0359375 0.0375
0 0.375 0.4859375 0.0359375 0.0375
0 0.40625 0.49375 0.0359375 0.0390625
0 0.43359375 0.4359375 0.0359375 0.0390625
0 0.4375 0.49375 0.0375 0.0359375
0 0.465625 0.47578125 0.0359375 0.0375
0 0.46875 0.43828125 0.0359375 0.034375
0 0.49375 0.45703125 0.0359375 0.0375
0 0.45234375 0.39296875 0.0390625 0.0375
0 0.490625 0.40234375 0.0375 0.0390625
0 0.52421875 0.39609375 0.0359375 0.0328125
0 0.48515625 0.334375 0.034375 0.0390625
0 0.5125 0.32265625 0.0359375 0.0359375
0 0.52578125 0.35625 0.0328125 0.0328125
0 0.54609375 0.32890625 0.0375 0.0421875
0 0.5734375 0.32265625 0.0359375 0.0359375
0 0.59765625 0.3390625 0.0359375 0.0359375
0 0.57890625 0.3625 0.0359375 0.0359375
0 0.553125 0.3734375 0.0359375 0.0359375
0 0.55 0.40078125 0.0359375 0.0328125
0 0.534375 0.43671875 0.0359375 0.0359375
0 0.5484375 0.465625 0.0359375 0.0375
0 0.625 0.5125 0.0359375 0.034375
0 0.61953125 0.54140625 0.040625 0.0328125
0 0.58671875 0.559375 0.0359375 0.0359375
0 0.55078125 0.57578125 0.0390625 0.0359375
0 0.4765625 0.54453125 0.0390625 0.0328125
0 0.378125 0.6359375 0.0328125 0.0359375
0 0.40625 0.6296875 0.0328125 0.0359375
0 0.3875 0.60390625 0.0390625 0.0359375
0 0.3578125 0.61953125 0.0359375 0.0328125
0 0.3421875 0.64609375 0.0359375 0.0328125
0 0.35390625 0.6703125 0.0359375 0.0328125
0 0.39921875 0.65859375 0.034375 0.034375
0 0.25 0.7859375 0.040625 0.0375
0 0.28125 0.87109375 0.0359375 0.0390625
0 0.3453125 0.825 0.0390625 0.0328125
0 0.3109375 0.7953125 0.0390625 0.0359375
0 0.28671875 0.7421875 0.0359375 0.0359375
0 0.3046875 0.71640625 0.034375 0.0359375
0 0.33125 0.709375 0.0359375 0.0390625
0 0.35546875 0.6984375 0.03125 0.03125
0 0.3828125 0.69921875 0.0359375 0.0359375
0 0.35703125 0.7265625 0.0359375 0.0328125
0 0.38359375 0.73359375 0.03125 0.034375
0 0.36640625 0.76875 0.0359375 0.0359375
0 0.40078125 0.784375 0.0359375 0.0359375
0 0.409375 0.728125 0.0359375 0.0359375
0 0.4375 0.71640625 0.0359375 0.0359375
0 0.45703125 0.76484375 0.040625 0.0390625
0 0.4484375 0.6375 0.0390625 0.0359375
0 0.4828125 0.60546875 0.0390625 0.034375
0 0.48828125 0.64296875 0.0359375 0.0359375
0 0.478125 0.66953125 0.0328125 0.0359375
0 0.50546875 0.66953125 0.0359375 0.0328125
0 0.45390625 0.68046875 0.034375 0.0390625
0 0.4625 0.70703125 0.0359375 0.0359375
0 0.475 0.73046875 0.0359375 0.034375
0 0.496875 0.7453125 0.0359375 0.034375
0 0.5015625 0.715625 0.0328125 0.0375
0 0.52578125 0.68515625 0.0359375 0.0328125
0 0.52890625 0.71328125 0.034375 0.0359375
0 0.5265625 0.74140625 0.0359375 0.034375
0 0.559375 0.73828125 0.0359375 0.034375
0 0.56328125 0.70703125 0.034375 0.0359375
0 0.59296875 0.72734375 0.0390625 0.0359375
0 0.61171875 0.7 0.0375 0.0390625
0 0.628125 0.74921875 0.0375 0.0359375
0 0.64765625 0.70703125 0.0359375 0.034375
0 0.65703125 0.73515625 0.0390625 0.034375
0 0.690625 0.7046875 0.0359375 0.034375
0 0.70078125 0.66796875 0.0328125 0.0390625
0 0.72109375 0.69140625 0.0375 0.0359375
0 0.7265625 0.65703125 0.0359375 0.0359375
0 0.75 0.6390625 0.0375 0.0359375
0 0.84140625 0.57890625 0.040625 0.0359375