0 0.6390625 0.53203125 0.0265625 0.025
0 0.72421875 0.5875 0.02734375 0.025
0 0.68046875 0.640625 0.02890625 0.025
0 0.65234375 0.759375 0.0265625 0.02578125
0 0.8484375 0.5625 0.0296875 0.02578125
0 0.2265625 0.484375 0.0265625 0.0265625
0 0.26015625 0.1328125 0.03125 0.028125
0 0.13046875 0.1390625 0.02890625 0.02890625
0 0.61796875 0.60859375 0.02734375 0.0265625
0 0.33828125 0.14375 0.03046875 0.028125
0 0.57578125 0.49453125 0.0265625 0.02578125
0 0.35546875 0.33125 0.02734375 0.028125
0 0.22890625 0.3890625 0.028125 0.0265625
0 0.5921875 0.4171875 0.02890625 0.0265625
0 0.31875 0.48046875 0.02734375 0.028125
0 0.24140625 0.584375 0.0265625 0.0265625
0 0.21484375 0.53984375 0.0265625 0.0265625
0 0.546875 0.6265625 0.03125 0.025
0 0.3953125 0.36953125 0.028125 0.02734375
0 0.39375 0.5296875 0.0265625 0.02890625
0 0.65859375 0.6078125 0.028125 0.0265625
0 0.2421875 0.5328125 0.02734375 0.0265625
0 0.56171875 0.7171875 0.02734375 0.0265625
0 0.521875 0.40859375 0.028125 0.02578125
0 0.19765625 0.48828125 0.028125 0.0265625
0 0.384375 0.396875 0.02734375 0.0265625
0 0.61015625 0.675 0.0265625 0.025
0 0.34921875 0.4515625 0.02734375 0.0265625
0 0.275 0.61875 0.0265625 0.02578125
0 0.45078125 0.68984375 0.02578125 0.025
0 0.62421875 0.809375 0.025 0.0265625
0 0.2671875 0.56640625 0.02734375 0.02734375
0 0.52890625 0.475 0.02734375 0.0265625
0 0.4703125 0.63359375 0.02734375 0.0265625
0 0.23828125 0.446875 0.02734375 0.02578125
0 0.6234375 0.65859375 0.0265625 0.02578125
0 0.2578125 0.63984375 0.02734375 0.0265625
0 0.42265625 0.64609375 0.0265625 0.0265625
0 0.44921875 0.66328125 0.0296875 0.0265625
0 0.278125 0.35 0.02734375 0.02734375
0 0.25078125 0.50390625 0.028125 0.02734375
0 0.296875 0.33046875 0.02890625 0.028125
0 0.5765625 0.68828125 0.02734375 0.0265625
0 0.37421875 0.5484375 0.02734375 0.02578125
0 0.3625 0.515625 0.0265625 0.028125
0 0.4203125 0.56796875 0.03125 0.0265625
0 0.50703125 0.21953125 0.028125 0.02890625
0 0.7296875 0.82734375 0.02578125 0.0265625
0 0.2734375 0.95625 0.02578125 0.02734375
0 0.06953125 0.5453125 0.02734375 0.02578125
0 0.29765625 0.4296875 0.028125 0.0265625
0 0.37265625 0.58125 0.0296875 0.025
0 0.42578125 0.68359375 0.02734375 0.02578125
0 0.1890625 0.565625 0.02734375 0.0265625
0 0.47421875 0.6015625 0.02734375 0.028125
0 0.5203125 0.5015625 0.02890625 0.028125
0 0.2203125 0.5125 0.0265625 0.028125
0 0.5953125 0.534375 0.028125 0.02734375
0 0.215625 0.565625 0.0265625 0.0265625
0 0.2796875 0.53671875 0.028125 0.0265625
0 0.1234375 0.49453125 0.02734375 0.0265625
0 0.20390625 0.58828125 0.0265625 0.02734375
0 0.28515625 0.4171875 0.02734375 0.02734375
0 0.24140625 0.56015625 0.02734375 0.0265625
0 0.178125 0.46328125 0.02734375 0.0265625
0 0.2484375 0.47109375 0.02734375 0.0265625
0 0.45625 0.5265625 0.03046875 0.0265625
0 0.30546875 0.0921875 0.02890625 0.02734375
0 0.19140625 0.51484375 0.02734375 0.02578125
0 0.24296875 0.7171875 0.02578125 0.02578125
0 0.22578125 0.60625 0.0265625 0.0265625
0 0.2484375 0.615625 0.02734375 0.02734375
0 0.590625 0.73515625 0.028125 0.0265625
0 0.09765625 0.6921875 0.0265625 0.02578125
0 0.21953125 0.7359375 0.0265625 0.0265625
0 0.60859375 0.7484375 0.025 0.0265625
0 0.59453125 0.6953125 0.02578125 0.025
0 0.2484375 0.69453125 0.02734375 0.02734375
0 0.27109375 0.203125 0.02890625 0.0328125
0 0.1046875 0.65703125 0.0265625 0.0265625
0 0.29765625 0.60859375 0.02734375 0.0265625
0 0.0796875 0.67265625 0.02578125 0.0265625
0 0.1546875 0.77421875 0.02734375 0.0265625
0 0.2046875 0.83828125 0.02578125 0.02578125
0 0.1796875 0.59609375 0.02734375 0.02734375
0 0.22578125 0.90625 0.02578125 0.025
0 0.2921875 0.584375 0.028125 0.02578125
0 0.2296875 0.88359375 0.02578125 0.02578125
0 0.2421875 0.9390625 0.02578125 0.02734375
0 0.19296875 0.7421875 0.0265625 0.02734375
0 0.178125 0.08125 0.028125 0.028125
0 0.24921875 0.91484375 0.02578125 0.02734375
0 0.2578125 0.73671875 0.0265625 0.02578125
0 0.2828125 0.64921875 0.0265625 0.0265625
0 0.19140625 0.775 0.02578125 0.02734375
0 0.271875 0.70390625 0.0265625 0.02734375
0 0.2078125 0.8625 0.0265625 0.0265625
0 0.1734375 0.6296875 0.0265625 0.02734375
0 0.27109375 0.66875 0.0265625 0.02578125
0 0.2578125 0.76953125 0.02578125 0.02578125
0 0.27265625 0.809375 0.025 0.0265625
0 0.209375 0.6765625 0.02890625 0.0265625
0 0.23203125 0.775 0.02578125 0.02578125
0 0.11953125 0.6171875 0.028125 0.02734375
0 0.2796875 0.86640625 0.025 0.025
0 0.27578125 0.75390625 0.02578125 0.02578125
0 0.30625 0.63359375 0.028125 0.02734375
0 0.1734375 0.69453125 0.02890625 0.0265625
0 0.18515625 0.796875 0.02734375 0.0265625
0 0.278125 0.9125 0.0265625 0.02578125
0 0.171875 0.75625 0.02734375 0.0265625
0 0.28984375 0.9390625 0.025 0.02734375
0 0.28046875 0.72734375 0.02578125 0.0265625
0 0.2140625 0.759375 0.0265625 0.02734375
0 0.2921875 0.68046875 0.02734375 0.0265625
0 0.14609375 0.6734375 0.028125 0.0265625
0 0.2046875 0.81328125 0.02578125 0.02421875
0 0.29921875 0.74375 0.0265625 0.02734375
0 0.2953125 0.7078125 0.0265625 0.0265625
0 0.303125 0.88359375 0.0265625 0.02890625
0 0.23125 0.8625 0.02578125 0.0234375
0 0.228125 0.80546875 0.02578125 0.02734375
0 0.16640625 0.7328125 0.0296875 0.028125
0 0.26640625 0.590625 0.0265625 0.028125
0 0.31640625 0.69140625 0.0265625 0.0265625
0 0.22890625 0.8296875 0.02578125 0.02421875
0 0.303125 0.9078125 0.02578125 0.025
0 0.11328125 0.721875 0.028125 0.02734375
0 0.24765625 0.84296875 0.02578125 0.0265625
0 0.2953125 0.79921875 0.0265625 0.02734375
0 0.2546875 0.86875 0.02578125 0.02734375
0 0.27421875 0.7875 0.02578125 0.0265625
0 0.27109375 0.83359375 0.02578125 0.02734375
0 0.31875 0.7203125 0.0265625 0.02578125
0 0.2953125 0.7703125 0.02578125 0.0265625
0 0.25546875 0.8921875 0.02578125 0.0265625
0 0.3171875 0.7625 0.02578125 0.0265625
0 0.3140625 0.83515625 0.02578125 0.02578125
0 0.2359375 0.7546875 0.0265625 0.0265625
0 0.29296875 0.84375 0.02734375 0.0265625
0 0.30625 0.66015625 0.02734375 0.028125
0 0.48515625 0.03046875 0.02734375 0.0296875
0 0.253125 0.7921875 0.02421875 0.025
0 0.24921875 0.82734375 0.025 0.0296875
0 0.21328125 0.78828125 0.02734375 0.0265625
0 0.27734375 0.88984375 0.02578125 0.025
0 0.26640625 0.93515625 0.025 0.02421875
0 0.2953125 0.51953125 0.03125 0.02578125
0 0.2921875 0.821875 0.0296875 0.025