0 0.396875 0.0609375 0.0328125 0.03203125
0 0.6609375 0.10625 0.0234375 0.02265625
0 0.5578125 0.08203125 0.03125 0.0296875
0 0.6234375 0.09765625 0.02421875 0.02578125
0 0.62734375 0.128125 0.02421875 0.028125
0 0.6453125 0.11484375 0.02734375 0.02265625
0 0.66640625 0.13125 0.02578125 0.025
0 0.75859375 0.38515625 0.02578125 0.02890625
0 0.778125 0.4078125 0.025 0.02734375
0 0.7859375 0.44453125 0.02421875 0.02734375
0 0.88828125 0.46953125 0.025 0.0296875
0 0.753125 0.47734375 0.025 0.0296875
0 0.79375 0.49296875 0.0234375 0.03125
0 0.90078125 0.5515625 0.02578125 0.02421875
0 0.903125 0.5796875 0.02578125 0.028125
0 0.865625 0.6546875 0.025 0.034375
0 0.88203125 0.7140625 0.02578125 0.03359375
0 0.71953125 0.375 0.02578125 0.02734375
0 0.72890625 0.3546875 0.025 0.03046875
0 0.73828125 0.2859375 0.02734375 0.025
0 0.746875 0.3109375 0.02421875 0.021875
0 0.66953125 0.33203125 0.0234375 0.02578125
0 0.6765625 0.38359375 0.028125 0.02890625
0 0.6671875 0.35703125 0.02578125 0.028125
0 0.62578125 0.34609375 0.02890625 0.0296875
0 0.61328125 0.31640625 0.025 0.028125
0 0.621875 0.37265625 0.02734375 0.03125
0 0.34296875 0.19140625 0.03125 0.03203125
0 0.54375 0.228125 0.02734375 0.0296875
0 0.56796875 0.25859375 0.0234375 0.02734375
0 0.51796875 0.23046875 0.025 0.0234375
0 0.5296875 0.2578125 0.0203125 0.02578125
0 0.45625 0.20546875 0.03203125 0.02890625
0 0.47890625 0.234375 0.02578125 0.02890625
0 0.50625 0.2578125 0.025 0.02890625
0 0.4015625 0.30703125 0.02734375 0.034375
0 0.4171875 0.27734375 0.0265625 0.02890625
0 0.45546875 0.26484375 0.0328125 0.02890625
0 0.428125 0.309375 0.02734375 0.0328125
0 0.44609375 0.2890625 0.0265625 0.02734375
0 0.4734375 0.296875 0.0265625 0.02890625
0 0.546875 0.278125 0.0265625 0.02578125
0 0.453125 0.3265625 0.02734375 0.03046875
0 0.48046875 0.32734375 0.028125 0.03125
0 0.52578125 0.303125 0.02734375 0.02890625
0 0.5390625 0.32890625 0.02578125 0.02734375
0 0.50390625 0.34453125 0.025 0.02890625
0 0.53515625 0.353125 0.025 0.025
0 0.465625 0.37421875 0.028125 0.03046875
0 0.49296875 0.371875 0.02890625 0.0296875
0 0.52265625 0.37265625 0.025 0.02734375
0 0.540625 0.39453125 0.02578125 0.02578125
0 0.55390625 0.37265625 0.02578125 0.0234375
0 0.575 0.390625 0.025 0.02734375
0 0.69375 0.4359375 0.02421875 0.028125
0 0.7234375 0.48671875 0.02578125 0.03046875
0 0.7109375 0.4609375 0.021875 0.02734375
0 0.72421875 0.5125 0.02421875 0.0265625
0 0.7 0.5 0.02265625 0.0265625
0 0.71484375 0.53203125 0.025 0.0234375
0 0.746875 0.56328125 0.02265625 0.03046875
0 0.71484375 0.56640625 0.0234375 0.03046875
0 0.73203125 0.58203125 0.02109375 0.02421875
0 0.74140625 0.609375 0.025 0.02734375
0 0.7625 0.6015625 0.021875 0.02578125
0 0.75703125 0.6375 0.02890625 0.03125
0 0.540625 0.41953125 0.02734375 0.02578125
0 0.60546875 0.4390625 0.02578125 0.02890625
0 0.628125 0.41015625 0.028125 0.0328125
0 0.59765625 0.4625 0.025 0.02734375
0 0.59765625 0.48828125 0.02421875 0.02421875
0 0.61953125 0.4984375 0.02421875 0.028125
0 0.625 0.53203125 0.02734375 0.0234375
0 0.653125 0.5234375 0.028125 0.0265625
0 0.6640625 0.55859375 0.0234375 0.0296875
0 0.63125 0.578125 0.02734375 0.02421875
0 0.64375 0.5671875 0.02109375 0.01796875
0 0.56953125 0.48515625 0.025 0.02421875
0 0.58125 0.52578125 0.02578125 0.0265625
0 0.5609375 0.46328125 0.025 0.021875
0 0.5703125 0.50390625 0.0265625 0.0125
0 0.51015625 0.4765625 0.028125 0.03359375
0 0.5421875 0.49375 0.02734375 0.02890625
0 0.47734375 0.50390625 0.028125 0.0296875
0 0.47890625 0.53515625 0.02890625 0.0296875
0 0.515625 0.52890625 0.0265625 0.03046875
0 0.29609375 0.225 0.02890625 0.0328125
0 0.3359375 0.225 0.03046875 0.03515625
0 0.365625 0.23984375 0.03203125 0.03203125
0 0.38359375 0.3390625 0.03046875 0.03125
0 0.2453125 0.28125 0.034375 0.03046875
0 0.12421875 0.43515625 0.03203125 0.04140625
0 0.17734375 0.39375 0.034375 0.0359375
0 0.24375 0.37578125 0.03125 0.0328125
0 0.3140625 0.3609375 0.03125 0.0328125
0 0.38515625 0.45546875 0.0296875 0.0296875
0 0.35703125 0.4640625 0.0296875 0.034375
0 0.36796875 0.42265625 0.03515625 0.03515625
0 0.33046875 0.4765625 0.03125 0.028125
0 0.2875 0.4875 0.03046875 0.03671875
0 0.328125 0.50859375 0.0328125 0.03203125
0 0.36796875 0.5046875 0.0328125 0.0359375
0 0.28203125 0.53515625 0.03359375 0.034375
0 0.3640625 0.5515625 0.03046875 0.0359375
0 0.26328125 0.6109375 0.03828125 0.0375
0 0.36484375 0.58828125 0.0296875 0.03203125
0 0.38984375 0.625 0.03203125 0.03515625
0 0.52890625 0.60390625 0.02265625 0.0296875
0 0.5015625 0.62109375 0.0296875 0.03203125
0 0.53671875 0.6328125 0.02578125 0.03125
0 0.4796875 0.64765625 0.02890625 0.03046875
0 0.42109375 0.68359375 0.02578125 0.03359375
0 0.228125 0.77109375 0.03359375 0.0359375
0 0.58125 0.56015625 0.02890625 0.03046875
0 0.6015625 0.590625 0.02421875 0.028125
0 0.665625 0.6203125 0.025 0.028125
0 0.59921875 0.6234375 0.02578125 0.03203125
0 0.625 0.61796875 0.02578125 0.02890625
0 0.63046875 0.646875 0.025 0.028125
0 0.65625 0.64375 0.025 0.0265625
0 0.6875 0.65390625 0.025 0.03046875
0 0.75234375 0.67109375 0.02265625 0.02890625
0 0.753125 0.7046875 0.02421875 0.034375
0 0.7296875 0.69453125 0.0234375 0.02890625
0 0.73203125 0.7265625 0.02578125 0.0328125
0 0.64921875 0.709375 0.028125 0.03125
0 0.56953125 0.70703125 0.025 0.03125
0 0.51484375 0.734375 0.02734375 0.03359375
0 0.53203125 0.76640625 0.025 0.03359375
0 0.55859375 0.75859375 0.02578125 0.03046875
0 0.446875 0.8171875 0.02734375 0.0359375
0 0.50234375 0.8203125 0.028125 0.034375
0 0.54453125 0.81953125 0.0265625 0.02890625
0 0.5953125 0.78671875 0.02578125 0.0296875
0 0.6015625 0.815625 0.02890625 0.03515625
0 0.63125 0.7671875 0.0265625 0.0328125
0 0.68203125 0.75390625 0.025 0.0296875
0 0.684375 0.78671875 0.0234375 0.03125
0 0.7203125 0.7765625 0.02578125 0.02890625
0 0.67421875 0.834375 0.025 0.0359375
0 0.7953125 0.7859375 0.025 0.0296875
0 0.81484375 0.821875 0.025 0.03203125
0 0.784375 0.840625 0.02578125 0.03125
0 0.5125 0.4453125 0.02734375 0.03046875