0 0.4375 0.1234375 0.02421875 0.0203125
0 0.41328125 0.13046875 0.02578125 0.01875
0 0.4515625 0.15078125 0.0265625 0.021875
0 0.38046875 0.15234375 0.025 0.01796875
0 0.41015625 0.1515625 0.025 0.02265625
0 0.3796875 0.1734375 0.02734375 0.02109375
0 0.4328125 0.165625 0.02578125 0.0203125
0 0.40546875 0.171875 0.02421875 0.02109375
0 0.38984375 0.1953125 0.028125 0.02109375
0 0.42109375 0.19140625 0.02890625 0.0234375
0 0.44921875 0.184375 0.0265625 0.0234375
0 0.48046875 0.178125 0.02890625 0.021875
0 0.4890625 0.20078125 0.028125 0.02421875
0 0.4609375 0.20625 0.0265625 0.0234375
0 0.403125 0.2140625 0.0265625 0.0234375
0 0.4328125 0.2140625 0.028125 0.02421875
0 0.44921875 0.23359375 0.0265625 0.021875
0 0.47734375 0.22578125 0.028125 0.02109375
0 0.41875 0.23671875 0.02890625 0.0234375
0 0.37109375 0.21953125 0.0296875 0.02421875
0 0.38984375 0.23828125 0.0265625 0.0203125
0 0.4078125 0.259375 0.0328125 0.021875
0 0.43828125 0.25546875 0.03046875 0.02421875
0 0.47421875 0.2484375 0.028125 0.0234375
0 0.5046875 0.25078125 0.02890625 0.02578125
0 0.51796875 0.2734375 0.03125 0.025
0 0.4875 0.271875 0.0265625 0.02578125
0 0.37734375 0.2625 0.025 0.0265625
0 0.39765625 0.28046875 0.02421875 0.0234375
0 0.4171875 0.30234375 0.028125 0.025
0 0.365625 0.28671875 0.0296875 0.02109375
0 0.37265625 0.32734375 0.02890625 0.02734375
0 0.35234375 0.246875 0.03125 0.02734375
0 0.353125 0.30703125 0.02734375 0.0234375
0 0.384375 0.30390625 0.02421875 0.02265625
0 0.3390625 0.328125 0.034375 0.025
0 0.35703125 0.35390625 0.02734375 0.02734375
0 0.33671875 0.371875 0.02890625 0.02578125
0 0.37109375 0.37421875 0.0296875 0.02421875
0 0.390625 0.3515625 0.03046875 0.0265625
0 0.4046875 0.3265625 0.0265625 0.02734375
0 0.425 0.278125 0.02421875 0.02421875
0 0.45703125 0.2734375 0.02578125 0.0234375
0 0.4796875 0.2921875 0.028125 0.02421875
0 0.5078125 0.29765625 0.02578125 0.0265625
0 0.5421875 0.29140625 0.02890625 0.028125
0 0.46640625 0.315625 0.028125 0.02890625
0 0.35234375 0.3984375 0.02890625 0.02734375
0 0.384375 0.39765625 0.0296875 0.0265625
0 0.40390625 0.375 0.02734375 0.0234375
0 0.42109375 0.35078125 0.02890625 0.02734375
0 0.43671875 0.32265625 0.02734375 0.021875
0 0.44609375 0.29765625 0.02578125 0.025
0 0.45546875 0.34453125 0.02578125 0.02421875
0 0.50234375 0.321875 0.03203125 0.02578125
0 0.53515625 0.3140625 0.0296875 0.0234375
0 0.49375 0.3453125 0.03203125 0.0234375
0 0.54375 0.3375 0.028125 0.02421875
0 0.57890625 0.33671875 0.0296875 0.028125
0 0.53671875 0.36484375 0.02578125 0.0234375
0 0.5671875 0.36171875 0.03203125 0.03125
0 0.4703125 0.36796875 0.02890625 0.028125
0 0.5078125 0.37578125 0.0265625 0.0265625
0 0.5375 0.39296875 0.03203125 0.02890625
0 0.56953125 0.38671875 0.034375 0.02734375
0 0.4546875 0.39296875 0.03671875 0.03203125
0 0.440625 0.43515625 0.03203125 0.03125
0 0.3921875 0.42578125 0.0296875 0.028125
0 0.41171875 0.45 0.03203125 0.0296875
0 0.4390625 0.4703125 0.03359375 0.03203125
0 0.3703125 0.4546875 0.03359375 0.0296875
0 0.39453125 0.47578125 0.0265625 0.0296875
0 0.40625 0.50234375 0.0328125 0.0296875
0 0.34765625 0.47734375 0.02734375 0.02890625
0 0.3609375 0.50703125 0.03125 0.03125
0 0.30390625 0.4890625 0.03828125 0.034375
0 0.30625 0.51953125 0.0375 0.03828125
0 0.29140625 0.57265625 0.03828125 0.04140625
0 0.32734375 0.5546875 0.034375 0.03359375
0 0.36484375 0.55390625 0.03984375 0.0359375
0 0.4078125 0.5609375 0.0328125 0.03203125
0 0.38359375 0.5265625 0.0375 0.03125
0 0.4296875 0.52734375 0.0328125 0.03046875
0 0.4421875 0.496875 0.0328125 0.02578125
0 0.46875 0.515625 0.034375 0.0375
0 0.51015625 0.48984375 0.0328125 0.03203125
0 0.47109375 0.44765625 0.03359375 0.0328125
0 0.4765625 0.4875 0.0296875 0.02734375
0 0.5078125 0.46015625 0.03125 0.02890625
0 0.54921875 0.4875 0.03359375 0.0328125
0 0.56875 0.4265625 0.0296875 0.03515625
0 0.51015625 0.425 0.03203125 0.0296875
0 0.54296875 0.45703125 0.0265625 0.02734375
0 0.54375 0.41953125 0.025 0.02734375
0 0.596875 0.39453125 0.028125 0.02734375
0 0.63984375 0.41796875 0.03125 0.028125
0 0.6328125 0.4015625 0.02734375 0.01953125
0 0.665625 0.42421875 0.03203125 0.03046875
0 0.70078125 0.503125 0.0390625 0.03671875
0 0.63359375 0.45078125 0.03359375 0.03515625
0 0.66796875 0.49921875 0.02890625 0.03359375
0 0.5984375 0.5109375 0.0296875 0.03125
0 0.63515625 0.49453125 0.0359375 0.0359375
0 0.56953125 0.53515625 0.03359375 0.02890625
0 0.60859375 0.54375 0.03671875 0.03359375
0 0.45078125 0.58125 0.03359375 0.0375
0 0.48671875 0.5671875 0.0375 0.034375
0 0.51484375 0.5390625 0.034375 0.0296875
0 0.52734375 0.56953125 0.02890625 0.02734375
0 0.55234375 0.59453125 0.03515625 0.0296875
0 0.56328125 0.5640625 0.0359375 0.03046875
0 0.51484375 0.60078125 0.02890625 0.03125
0 0.55 0.63203125 0.03671875 0.03828125
0 0.48828125 0.621875 0.03828125 0.03359375
0 0.48203125 0.6578125 0.0390625 0.0359375
0 0.5234375 0.6515625 0.034375 0.0375
0 0.42578125 0.63671875 0.0328125 0.034375
0 0.45390625 0.64296875 0.02421875 0.03984375
0 0.34296875 0.64140625 0.03515625 0.03125
0 0.31171875 0.6609375 0.034375 0.040625
0 0.36640625 0.66328125 0.03203125 0.0328125
0 0.39765625 0.64765625 0.02890625 0.0375
0 0.4 0.6875 0.03828125 0.03671875
0 0.43671875 0.6765625 0.0328125 0.03515625
0 0.46953125 0.6921875 0.03203125 0.03359375
0 0.5078125 0.68828125 0.03828125 0.0390625
0 0.3609375 0.7046875 0.03984375 0.040625
0 0.40546875 0.725 0.0375 0.0359375
0 0.4421875 0.709375 0.03359375 0.02734375
0 0.45 0.73203125 0.03671875 0.03203125
0 0.48984375 0.72578125 0.0359375 0.040625
0 0.525 0.73828125 0.040625 0.0375
0 0.3859375 0.76171875 0.03671875 0.04140625
0 0.4265625 0.76328125 0.034375 0.0375
0 0.465625 0.765625 0.0359375 0.03671875
0 0.50625 0.7734375 0.0375 0.04453125
0 0.4375 0.803125 0.03515625 0.04296875
0 0.4734375 0.80625 0.03828125 0.0421875
0 0.44375 0.8453125 0.040625 0.04140625
0 0.4859375 0.853125 0.04296875 0.046875
0 0.4359375 0.09296875 0.00078125 0.0015625