0 0.50390625 0.51875 0.025 0.02578125
0 0.40078125 0.525 0.02578125 0.02578125
0 0.4796875 0.6140625 0.025 0.0265625
0 0.3875 0.665625 0.0265625 0.0265625
0 0.5359375 0.51484375 0.025 0.025
0 0.459375 0.48125 0.02578125 0.02578125
0 0.4828125 0.678125 0.025 0.0265625
0 0.40625 0.68515625 0.02578125 0.0265625
0 0.46328125 0.64453125 0.025 0.0265625
0 0.47890625 0.5375 0.025 0.02578125
0 0.3984375 0.715625 0.025 0.02734375
0 0.44375 0.49921875 0.02421875 0.025
0 0.38671875 0.56796875 0.025 0.02578125
0 0.34453125 0.6375 0.0265625 0.0265625
0 0.45703125 0.575 0.025 0.02578125
0 0.3515625 0.70234375 0.02578125 0.02734375
0 0.33984375 0.4765625 0.0265625 0.0265625
0 0.45859375 0.51875 0.02421875 0.02578125
0 0.5046875 0.5453125 0.02421875 0.02578125
0 0.328125 0.50546875 0.025 0.025
0 0.35625 0.546875 0.025 0.02578125
0 0.36875 0.64765625 0.02578125 0.0265625
0 0.3046875 0.465625 0.025 0.025
0 0.5109375 0.49453125 0.02421875 0.025
0 0.5203125 0.721875 0.025 0.0265625
0 0.3015625 0.29375 0.02578125 0.02421875
0 0.38125 0.6234375 0.02578125 0.02578125
0 0.515625 0.59296875 0.025 0.02578125
0 0.29140625 0.271875 0.02578125 0.02578125
0 0.4890625 0.653125 0.025 0.02578125
0 0.478125 0.5890625 0.025 0.02578125
0 0.3578125 0.603125 0.0265625 0.02578125
0 0.371875 0.51875 0.025 0.02578125
0 0.34453125 0.5828125 0.028125 0.02734375
0 0.28984375 0.5453125 0.02578125 0.02578125
0 0.50078125 0.63046875 0.02578125 0.0265625
0 0.2953125 0.44296875 0.025 0.025
0 0.34296875 0.66328125 0.02578125 0.0265625
0 0.328125 0.53046875 0.025 0.02578125
0 0.40625 0.60859375 0.025 0.0265625
0 0.5453125 0.53828125 0.02421875 0.02578125
0 0.42890625 0.4703125 0.025 0.025
0 0.45703125 0.675 0.025 0.02734375
0 0.38515625 0.48671875 0.02578125 0.0265625
0 0.5578125 0.4125 0.0234375 0.025
0 0.36484375 0.678125 0.025 0.0265625
0 0.30078125 0.49765625 0.02421875 0.025
0 0.36484375 0.8328125 0.0265625 0.0296875
0 0.2796875 0.4625 0.02578125 0.02578125
0 0.421875 0.575 0.025 0.02578125
0 0.2765625 0.40625 0.025 0.0265625
0 0.5421875 0.43515625 0.025 0.02578125
0 0.31328125 0.39375 0.02578125 0.028125
0 0.48828125 0.4765625 0.025 0.025
0 0.278125 0.51484375 0.0265625 0.0265625
0 0.2734375 0.4890625 0.025 0.025
0 0.4265625 0.5421875 0.025 0.02578125
0 0.43359375 0.771875 0.025 0.02734375
0 0.51875 0.4453125 0.025 0.02578125
0 0.48515625 0.56171875 0.02578125 0.02578125
0 0.57109375 0.625 0.025 0.02578125
0 0.53125 0.56953125 0.02421875 0.025
0 0.3609375 0.73671875 0.0265625 0.02734375
0 0.6265625 0.6421875 0.025 0.0265625
0 0.44296875 0.69453125 0.0265625 0.02734375
0 0.51484375 0.46953125 0.02421875 0.025
0 0.47578125 0.4296875 0.025 0.02578125
0 0.6265625 0.6140625 0.025 0.0265625
0 0.4375 0.653125 0.0265625 0.0265625
0 0.5421875 0.465625 0.025 0.02578125
0 0.7296875 0.74453125 0.025 0.0265625
0 0.3984375 0.43046875 0.02734375 0.025
0 0.26875 0.2625 0.02421875 0.025
0 0.32109375 0.365625 0.025 0.025
0 0.6140625 0.66640625 0.02578125 0.02734375
0 0.54609375 0.4890625 0.02421875 0.025
0 0.646875 0.63046875 0.025 0.028125
0 0.64140625 0.66640625 0.025 0.02578125
0 0.6015625 0.44453125 0.02421875 0.025
0 0.6453125 0.5953125 0.02578125 0.0265625
0 0.4078125 0.2671875 0.02421875 0.02421875
0 0.2421875 0.490625 0.02578125 0.025
0 0.5203125 0.37890625 0.02421875 0.02421875
0 0.30546875 0.33671875 0.025 0.025
0 0.26796875 0.56015625 0.02578125 0.02578125
0 0.7515625 0.28046875 0.025 0.025
0 0.325 0.721875 0.02578125 0.02734375
0 0.7640625 0.41796875 0.025 0.02578125
0 0.80546875 0.64375 0.025 0.025
0 0.31328125 0.3140625 0.025 0.025
0 0.26171875 0.42890625 0.02578125 0.025
0 0.4125 0.496875 0.025 0.0265625
0 0.59375 0.41953125 0.025 0.02578125
0 0.67265625 0.5828125 0.0265625 0.025
0 0.2875 0.23828125 0.02421875 0.02578125
0 0.75625 0.21328125 0.025 0.025
0 0.38203125 0.775 0.02578125 0.02734375
0 0.528125 0.403125 0.02578125 0.02578125
0 0.31796875 0.61875 0.02578125 0.0265625
0 0.24140625 0.3890625 0.025 0.02578125
0 0.55625 0.60390625 0.02578125 0.0265625
0 0.50703125 0.20078125 0.0234375 0.02578125
0 0.4828125 0.49921875 0.02421875 0.025
0 0.81171875 0.365625 0.025 0.025
0 0.3375 0.8171875 0.025 0.02734375
0 0.603125 0.71875 0.025 0.0265625
0 0.33046875 0.25234375 0.025 0.02578125
0 0.3140625 0.85703125 0.02578125 0.028125
0 0.59765625 0.58984375 0.02421875 0.02578125
0 0.5875 0.69453125 0.025 0.02734375
0 0.74296875 0.61875 0.02578125 0.0265625
0 0.8109375 0.440625 0.025 0.02578125
0 0.73671875 0.43125 0.02421875 0.025
0 0.42578125 0.1859375 0.025 0.02578125
0 0.7234375 0.596875 0.02734375 0.0265625
0 0.72578125 0.45390625 0.02421875 0.025
0 0.78046875 0.33046875 0.025 0.0265625
0 0.728125 0.54375 0.025 0.028125
0 0.7421875 0.48359375 0.025 0.02578125
0 0.62421875 0.68984375 0.025 0.028125
0 0.6625 0.56171875 0.025 0.02578125
0 0.56015625 0.778125 0.02578125 0.03203125
0 0.8296875 0.39296875 0.02578125 0.025
0 0.76484375 0.384375 0.02734375 0.02578125
0 0.49609375 0.31640625 0.025 0.02578125
0 0.63125 0.42890625 0.025 0.0265625
0 0.2578125 0.309375 0.025 0.02578125
0 0.73125 0.39140625 0.025 0.02578125
0 0.8109375 0.41640625 0.025 0.02578125
0 0.74609375 0.2375 0.025 0.025
0 0.56640625 0.33125 0.025 0.025
0 0.6984375 0.55546875 0.02734375 0.025
0 0.640625 0.7546875 0.025 0.02734375
0 0.7328125 0.36328125 0.025 0.025
0 0.3796875 0.24453125 0.02578125 0.0265625
0 0.7265625 0.65703125 0.02578125 0.0265625
0 0.7671875 0.48828125 0.02578125 0.02578125
0 0.70234375 0.62421875 0.025 0.028125
0 0.309375 0.57109375 0.025 0.025
0 0.634375 0.18046875 0.02421875 0.02578125
0 0.721875 0.28515625 0.025 0.025
0 0.5328125 0.2515625 0.0234375 0.025
0 0.6609375 0.53046875 0.025 0.0265625
0 0.6515625 0.6984375 0.02578125 0.02734375
0 0.59609375 0.2109375 0.0234375 0.025
0 0.2140625 0.39453125 0.02578125 0.028125
0 0.55703125 0.2453125 0.02265625 0.02421875
0 0.71015625 0.41015625 0.02421875 0.0265625
0 0.5828125 0.2375 0.02265625 0.025
0 0.6625 0.73984375 0.025 0.0265625
0 0.6453125 0.221875 0.0234375 0.02421875
0 0.54375 0.22578125 0.0234375 0.0265625
0 0.34375 0.40625 0.02734375 0.0265625
0 0.7 0.26875 0.02421875 0.025
0 0.6921875 0.43125 0.02734375 0.02578125
0 0.2875 0.37578125 0.025 0.02578125
0 0.7171875 0.47734375 0.02578125 0.02578125
0 0.565625 0.21953125 0.02421875 0.02421875
0 0.509375 0.2609375 0.02421875 0.025
0 0.69375 0.53203125 0.025 0.02578125
0 0.25625 0.35625 0.02578125 0.02578125
0 0.171875 0.709375 0.02890625 0.02734375
0 0.68125 0.4921875 0.025 0.02734375
0 0.51640625 0.23359375 0.0234375 0.0265625
0 0.67578125 0.28828125 0.0265625 0.025
0 0.62578125 0.2078125 0.02421875 0.02578125
0 0.66328125 0.45859375 0.02734375 0.02734375
0 0.56328125 0.19609375 0.0265625 0.02578125
0 0.2359375 0.3421875 0.028125 0.02734375
0 0.72890625 0.31171875 0.025 0.0265625
0 0.6328125 0.246875 0.0234375 0.02421875
0 0.5765625 0.6703125 0.028125 0.0265625
0 0.678125 0.21875 0.02578125 0.02578125
0 0.7046875 0.2375 0.028125 0.028125
0 0.6375 0.475 0.025 0.02578125
0 0.7046875 0.340625 0.025 0.025
0 0.3734375 0.71015625 0.02578125 0.02734375
0 0.55859375 0.36953125 0.025 0.028125
0 0.25234375 0.46875 0.0265625 0.02578125
0 0.6703125 0.24609375 0.025 0.02578125
0 0.6703125 0.31328125 0.02578125 0.025