0 0.696875 0.38359375 0.015625 0.0171875
0 0.67109375 0.3453125 0.0171875 0.0171875
0 0.56484375 0.303125 0.015625 0.0171875
0 0.540625 0.334375 0.0140625 0.015625
0 0.52890625 0.33046875 0.0140625 0.0140625
0 0.51484375 0.32578125 0.0140625 0.0140625
0 0.51953125 0.33984375 0.015625 0.0140625
0 0.50625 0.33359375 0.0140625 0.0140625
0 0.53125 0.34609375 0.0140625 0.0140625
0 0.51953125 0.3546875 0.0140625 0.0140625
0 0.50703125 0.346875 0.0140625 0.0140625
0 0.4953125 0.34140625 0.0140625 0.0140625
0 0.496875 0.3546875 0.0140625 0.0140625
0 0.5109375 0.3640625 0.0140625 0.0171875
0 0.49453125 0.32890625 0.0140625 0.0140625
0 0.47890625 0.32734375 0.0140625 0.0140625
0 0.48359375 0.3453125 0.0140625 0.0171875
0 0.47109375 0.3390625 0.0140625 0.0140625
0 0.46015625 0.32578125 0.0140625 0.0140625
0 0.44765625 0.33046875 0.0140625 0.0140625
0 0.43671875 0.31640625 0.0140625 0.015625
0 0.48515625 0.359375 0.0140625 0.0140625
0 0.471875 0.35234375 0.0140625 0.0140625
0 0.484375 0.37265625 0.0140625 0.0140625
0 0.47421875 0.3828125 0.0140625 0.0140625
0 0.4640625 0.36953125 0.0140625 0.015625
0 0.45234375 0.3765625 0.0140625 0.015625
0 0.46015625 0.39296875 0.0140625 0.015625
0 0.44140625 0.3875 0.0140625 0.0140625
0 0.559375 0.4140625 0.0140625 0.015625
0 0.52734375 0.42890625 0.0125 0.0140625
0 0.5140625 0.43359375 0.0140625 0.0140625
0 0.5640625 0.45234375 0.0140625 0.0140625
0 0.41953125 0.3515625 0.0140625 0.0140625
0 0.40625 0.35 0.0125 0.0125
0 0.41171875 0.36328125 0.0140625 0.0140625
0 0.39609375 0.359375 0.0140625 0.0140625
0 0.4046875 0.375 0.0125 0.0140625
0 0.41640625 0.38046875 0.0140625 0.0140625
0 0.38359375 0.36875 0.0140625 0.0140625
0 0.39140625 0.3796875 0.0140625 0.0140625
0 0.39375 0.39140625 0.0140625 0.0140625
0 0.38125 0.3875 0.0140625 0.0140625
0 0.37109375 0.3953125 0.0140625 0.0140625
0 0.3828125 0.403125 0.0140625 0.0140625
0 0.40625 0.39609375 0.0125 0.0140625
0 0.42265625 0.4 0.0140625 0.015625
0 0.41171875 0.4078125 0.0140625 0.0140625
0 0.39765625 0.40546875 0.0140625 0.0140625
0 0.42578125 0.4125 0.0140625 0.0140625
0 0.41484375 0.42109375 0.0140625 0.0140625
0 0.40390625 0.41640625 0.0140625 0.0140625
0 0.3890625 0.41640625 0.0140625 0.0140625
0 0.37578125 0.41640625 0.0140625 0.0140625
0 0.36328125 0.41015625 0.0140625 0.0140625
0 0.38125 0.42890625 0.0140625 0.0140625
0 0.4046875 0.43046875 0.0140625 0.0140625
0 0.40390625 0.44296875 0.0140625 0.0140625
0 0.38984375 0.4390625 0.0140625 0.0140625
0 0.378125 0.44296875 0.0140625 0.0140625
0 0.3640625 0.4421875 0.0140625 0.0140625
0 0.38984375 0.453125 0.0140625 0.0140625
0 0.3765625 0.4578125 0.0140625 0.0140625
0 0.3609375 0.45859375 0.0140625 0.0140625
0 0.4140625 0.45078125 0.0140625 0.0140625
0 0.38984375 0.465625 0.0140625 0.0140625
0 0.4015625 0.4734375 0.0140625 0.0171875
0 0.3828125 0.478125 0.0140625 0.015625
0 0.36796875 0.47421875 0.015625 0.0140625
0 0.35390625 0.475 0.0140625 0.0140625
0 0.5078125 0.46875 0.0140625 0.015625
0 0.47265625 0.496875 0.0140625 0.0140625
0 0.47734375 0.509375 0.0140625 0.0140625
0 0.46328125 0.50546875 0.0140625 0.0140625
0 0.46015625 0.51875 0.0140625 0.015625
0 0.44921875 0.503125 0.0140625 0.0140625
0 0.44375 0.51484375 0.0140625 0.0125
0 0.43359375 0.5046875 0.0140625 0.0125
0 0.428125 0.51640625 0.0140625 0.0140625
0 0.440625 0.5265625 0.0140625 0.0140625
0 0.459375 0.5328125 0.0140625 0.015625
0 0.4484375 0.53984375 0.0140625 0.0140625
0 0.4140625 0.4984375 0.0140625 0.015625
0 0.4 0.5125 0.0140625 0.0171875
0 0.41171875 0.5234375 0.0140625 0.0140625
0 0.41953125 0.53515625 0.0140625 0.0140625
0 0.44375 0.55234375 0.0140625 0.0140625
0 0.4390625 0.56640625 0.0140625 0.0140625
0 0.35390625 0.49296875 0.0140625 0.0140625
0 0.3640625 0.50546875 0.0140625 0.0140625
0 0.3515625 0.5078125 0.0140625 0.0140625
0 0.3625 0.51953125 0.0140625 0.0140625
0 0.34921875 0.521875 0.0140625 0.0140625
0 0.33359375 0.53359375 0.0171875 0.0140625
0 0.35546875 0.5359375 0.0140625 0.0140625
0 0.37421875 0.51953125 0.0140625 0.0140625
0 0.36953125 0.53125 0.0140625 0.0140625
0 0.3828125 0.5296875 0.0140625 0.0140625
0 0.36640625 0.54453125 0.0125 0.0140625
0 0.38203125 0.55 0.0140625 0.0140625
0 0.35234375 0.55 0.0140625 0.0140625
0 0.365625 0.56015625 0.0140625 0.0140625
0 0.35234375 0.5625 0.0140625 0.0140625
0 0.3359375 0.5609375 0.0140625 0.0140625
0 0.34453125 0.5734375 0.0140625 0.0140625
0 0.328125 0.5734375 0.015625 0.0140625
0 0.33359375 0.58515625 0.0140625 0.0140625
0 0.3578125 0.58046875 0.0140625 0.0140625
0 0.34609375 0.5921875 0.0140625 0.0140625
0 0.32890625 0.59765625 0.0140625 0.0140625
0 0.33515625 0.60859375 0.0140625 0.0140625
0 0.31484375 0.60703125 0.0140625 0.0140625
0 0.32109375 0.62109375 0.0140625 0.0140625
0 0.33203125 0.62734375 0.0140625 0.0140625
0 0.378125 0.61171875 0.0140625 0.0140625
0 0.39765625 0.58359375 0.0140625 0.0140625
0 0.43203125 0.584375 0.0140625 0.0140625
0 0.41953125 0.59921875 0.015625 0.015625
0 0.403125 0.6171875 0.0140625 0.015625
0 0.415625 0.61953125 0.0140625 0.015625
0 0.4265625 0.63203125 0.0140625 0.0140625
0 0.41484375 0.63515625 0.0140625 0.0140625
0 0.40390625 0.63828125 0.0140625 0.0140625
0 0.390625 0.64296875 0.0171875 0.0140625
0 0.4125 0.64609375 0.0140625 0.0140625
0 0.4265625 0.64609375 0.0140625 0.0140625
0 0.396875 0.65390625 0.0125 0.0140625
0 0.384375 0.6625 0.0140625 0.015625
0 0.38828125 0.67578125 0.0140625 0.0140625
0 0.4015625 0.66875 0.0140625 0.0140625
0 0.42109375 0.6609375 0.0140625 0.0140625
0 0.409375 0.659375 0.0125 0.0140625
0 0.43203125 0.65703125 0.0140625 0.0140625
0 0.44609375 0.6625 0.0140625 0.0140625
0 0.43046875 0.66953125 0.0140625 0.0140625
0 0.41640625 0.67265625 0.0140625 0.0140625
0 0.403125 0.68203125 0.0140625 0.0125
0 0.42734375 0.68203125 0.0125 0.0140625
0 0.41484375 0.68671875 0.0125 0.0140625
0 0.44296875 0.684375 0.0140625 0.0140625
0 0.428125 0.69609375 0.0140625 0.0140625
0 0.41171875 0.7 0.0140625 0.0140625
0 0.446875 0.70078125 0.0140625 0.0171875
0 0.30703125 0.665625 0.0171875 0.015625