0 0.57578125 0.6328125 0.0140625 0.0140625
0 0.56796875 0.6109375 0.0140625 0.0109375
0 0.5234375 0.609375 0.0109375 0.0109375
0 0.525 0.61796875 0.0125 0.0109375
0 0.5140625 0.61484375 0.0109375 0.0109375
0 0.51171875 0.60703125 0.009375 0.0078125
0 0.509375 0.596875 0.009375 0.0078125
0 0.4953125 0.59921875 0.009375 0.0078125
0 0.5078125 0.60234375 0.0109375 0.0109375
0 0.5 0.603125 0.009375 0.009375
0 0.48828125 0.609375 0.0140625 0.0109375
0 0.4796875 0.603125 0.0109375 0.009375
0 0.4609375 0.60859375 0.0109375 0.0109375
0 0.4515625 0.6015625 0.0125 0.0109375
0 0.47265625 0.60859375 0.0109375 0.0109375
0 0.465625 0.59765625 0.0109375 0.0109375
0 0.503125 0.59296875 0.009375 0.0078125
0 0.49140625 0.59296875 0.0109375 0.009375
0 0.48203125 0.59453125 0.0109375 0.009375
0 0.4734375 0.5921875 0.0125 0.009375
0 0.51328125 0.590625 0.0109375 0.009375
0 0.5203125 0.59765625 0.0109375 0.0109375
0 0.55078125 0.59765625 0.0140625 0.0109375
0 0.53046875 0.59609375 0.0125 0.0109375
0 0.51953125 0.58671875 0.0109375 0.009375
0 0.50390625 0.58046875 0.0140625 0.0109375
0 0.52890625 0.58671875 0.0109375 0.009375
0 0.52421875 0.5765625 0.009375 0.0109375
0 0.515625 0.57734375 0.0109375 0.009375
0 0.53125 0.57734375 0.0109375 0.009375
0 0.5359375 0.58203125 0.009375 0.0078125
0 0.53671875 0.57109375 0.009375 0.0078125
0 0.496875 0.565625 0.0140625 0.0109375
0 0.5421875 0.575 0.0109375 0.009375
0 0.509375 0.57109375 0.0109375 0.009375
0 0.5078125 0.5625 0.0109375 0.0109375
0 0.5484375 0.5796875 0.0109375 0.009375
0 0.51875 0.565625 0.0109375 0.0109375
0 0.540625 0.5609375 0.0109375 0.0109375
0 0.528125 0.5625 0.0140625 0.0109375
0 0.55 0.5703125 0.0125 0.009375
0 0.5515625 0.56015625 0.0109375 0.009375
0 0.56328125 0.5640625 0.0140625 0.0109375
0 0.58671875 0.57578125 0.0140625 0.0109375
0 0.59375 0.57578125 0.0109375 0.009375
0 0.58046875 0.56796875 0.0140625 0.009375
0 0.5890625 0.55703125 0.0140625 0.0109375
0 0.57890625 0.559375 0.0140625 0.009375
0 0.57265625 0.553125 0.0109375 0.0078125
0 0.55703125 0.55078125 0.0125 0.0109375
0 0.56875 0.54375 0.0109375 0.009375
0 0.57890625 0.5453125 0.0140625 0.009375
0 0.590625 0.5484375 0.009375 0.0078125
0 0.60078125 0.54921875 0.0109375 0.009375
0 0.61484375 0.55078125 0.0125 0.009375
0 0.61015625 0.5421875 0.0125 0.0109375
0 0.59609375 0.54140625 0.0125 0.009375
0 0.5859375 0.5390625 0.0125 0.0078125
0 0.57578125 0.53671875 0.0109375 0.0109375
0 0.60390625 0.53515625 0.0109375 0.0109375
0 0.59375 0.53203125 0.0125 0.0109375
0 0.615625 0.5359375 0.0140625 0.009375
0 0.63515625 0.534375 0.0109375 0.0109375
0 0.63046875 0.52734375 0.0109375 0.009375
0 0.6171875 0.5265625 0.0125 0.0109375
0 0.60625 0.5265625 0.0109375 0.0109375
0 0.54765625 0.521875 0.0140625 0.0109375
0 0.66484375 0.5296875 0.0140625 0.0109375
0 0.64375 0.525 0.0109375 0.009375
0 0.634375 0.51796875 0.0125 0.009375
0 0.62265625 0.515625 0.0125 0.009375
0 0.60390625 0.50703125 0.0140625 0.0109375
0 0.65 0.51796875 0.0125 0.0109375
0 0.6421875 0.5125 0.0109375 0.0109375
0 0.63359375 0.50859375 0.009375 0.0078125
0 0.62578125 0.503125 0.0140625 0.0109375
0 0.6640625 0.5140625 0.0125 0.0109375
0 0.6546875 0.51015625 0.0125 0.0109375
0 0.64765625 0.50390625 0.0125 0.009375
0 0.63828125 0.5 0.0125 0.009375
0 0.66875 0.50546875 0.0140625 0.009375
0 0.66015625 0.49921875 0.0140625 0.0109375
0 0.678125 0.4984375 0.0125 0.0109375
0 0.66796875 0.4921875 0.0125 0.0109375
0 0.71328125 0.5171875 0.0140625 0.0109375
0 0.70859375 0.50546875 0.015625 0.0109375
0 0.68828125 0.49296875 0.0140625 0.0109375
0 0.7140625 0.490625 0.0140625 0.0109375
0 0.71953125 0.48125 0.0125 0.0109375
0 0.7125 0.4703125 0.0140625 0.0109375
0 0.7015625 0.45703125 0.0125 0.0109375
0 0.6921875 0.45234375 0.0125 0.0109375
0 0.68125 0.4546875 0.0125 0.0109375
0 0.6828125 0.47421875 0.0140625 0.0109375
0 0.7015625 0.46640625 0.0125 0.0109375
0 0.69140625 0.46796875 0.0109375 0.0109375
0 0.68046875 0.4640625 0.0140625 0.0109375