0 0.66875 0.48671875 0.040625 0.0421875
0 0.6359375 0.5265625 0.04375 0.0421875
0 0.61640625 0.49375 0.040625 0.0390625
0 0.57734375 0.50703125 0.040625 0.040625
0 0.6640625 0.3765625 0.04375 0.04375
0 0.546875 0.48125 0.040625 0.0375
0 0.59453125 0.36953125 0.04375 0.040625
0 0.54375 0.39765625 0.0453125 0.040625
0 0.534375 0.51953125 0.0453125 0.0421875
0 0.54921875 0.31328125 0.040625 0.046875
0 0.5171875 0.28046875 0.0453125 0.04375
0 0.51484375 0.36875 0.04375 0.040625
0 0.51015625 0.4203125 0.04375 0.0421875
0 0.4859375 0.39375 0.040625 0.0453125
0 0.4921875 0.4890625 0.040625 0.0421875
0 0.43828125 0.34375 0.04375 0.040625
0 0.40390625 0.40078125 0.04375 0.04375
0 0.35703125 0.44140625 0.040625 0.040625
0 0.4390625 0.57421875 0.040625 0.040625
0 0.428125 0.534375 0.04375 0.0390625
0 0.3875 0.50546875 0.040625 0.0390625
0 0.371875 0.54609375 0.0421875 0.04375
0 0.7125 0.790625 0.0484375 0.05
0 0.62734375 0.81640625 0.05 0.046875
0 0.58515625 0.68125 0.0484375 0.040625
0 0.60078125 0.63515625 0.046875 0.040625
0 0.58203125 0.58828125 0.0421875 0.040625
0 0.534375 0.721875 0.05 0.046875
0 0.51015625 0.684375 0.046875 0.0421875
0 0.48203125 0.6390625 0.0421875 0.0390625