0 0.00703125 0.409375 0.0140625 0.0328125
0 0.0046875 0.66796875 0.009375 0.034375
0 0.01640625 0.42578125 0.025 0.0265625
0 0.01328125 0.3796875 0.025 0.028125
0 0.11875 0.53046875 0.021875 0.025
0 0.12421875 0.5578125 0.021875 0.0265625
0 0.1421875 0.50234375 0.025 0.028125
0 0.109375 0.61953125 0.0265625 0.0296875
0 0.1328125 0.596875 0.0234375 0.025
0 0.15234375 0.57109375 0.025 0.0265625
0 0.14609375 0.54609375 0.021875 0.021875
0 0.165625 0.5296875 0.03125 0.0296875
0 0.1640625 0.62734375 0.025 0.025
0 0.17578125 0.66171875 0.025 0.028125
0 0.1828125 0.6375 0.025 0.025
0 0.18984375 0.61015625 0.028125 0.0265625
0 0.21484375 0.54296875 0.021875 0.03125
0 0.190625 0.5546875 0.025 0.0296875
0 0.20390625 0.6546875 0.025 0.025
0 0.21796875 0.6328125 0.021875 0.025
0 0.21796875 0.60546875 0.025 0.028125
0 0.23359375 0.57890625 0.025 0.025
0 0.23671875 0.54921875 0.0234375 0.021875
0 0.221875 0.44375 0.025 0.03125
0 0.253125 0.5265625 0.028125 0.0265625
0 0.24921875 0.44765625 0.03125 0.03125
0 0.1953125 0.45234375 0.021875 0.03125
0 0.2875 0.4453125 0.028125 0.028125
0 0.15078125 0.2953125 0.0234375 0.028125
0 0.175 0.28828125 0.025 0.0296875
0 0.22421875 0.31484375 0.025 0.034375
0 0.20625 0.3875 0.021875 0.0296875
0 0.24609375 0.3296875 0.03125 0.028125
0 0.23203125 0.39140625 0.028125 0.0265625
0 0.2734375 0.246875 0.028125 0.0328125
0 0.25625 0.3828125 0.028125 0.0328125
0 0.25703125 0.27265625 0.025 0.028125
0 0.315625 0.23984375 0.0265625 0.0328125
0 0.3375 0.0890625 0.03125 0.0328125
0 0.334375 0.340625 0.028125 0.0265625
0 0.35078125 0.28515625 0.03125 0.03125
0 0.3625 0.33046875 0.028125 0.028125
0 0.309375 0.36328125 0.0296875 0.0265625
0 0.3921875 0.32734375 0.034375 0.028125
0 0.36484375 0.23203125 0.03125 0.03125
0 0.3796875 0.35703125 0.0234375 0.028125
0 0.41171875 0.3453125 0.03125 0.028125
0 0.2765625 0.54140625 0.025 0.0265625
0 0.2734375 0.5015625 0.028125 0.028125
0 0.259375 0.56328125 0.025 0.025
0 0.2578125 0.59375 0.0296875 0.03125
0 0.303125 0.54375 0.028125 0.0296875
0 0.31640625 0.46796875 0.028125 0.03125
0 0.328125 0.575 0.028125 0.0328125
0 0.26015625 0.621875 0.03125 0.028125
0 0.2046875 0.68203125 0.0265625 0.03125
0 0.1515625 0.7125 0.028125 0.03125
0 0.1125 0.725 0.025 0.028125
0 0.14140625 0.734375 0.025 0.028125
0 0.23515625 0.69921875 0.025 0.0296875
0 0.146875 0.77265625 0.0296875 0.028125
0 0.25859375 0.76640625 0.028125 0.028125
0 0.196875 0.82109375 0.028125 0.028125
0 0.2734375 0.83046875 0.028125 0.03125
0 0.29140625 0.8875 0.0265625 0.0328125
0 0.32578125 0.93125 0.0296875 0.0328125
0 0.34140625 0.48046875 0.0265625 0.0296875
0 0.3421875 0.5296875 0.021875 0.03125
0 0.38203125 0.51875 0.0234375 0.0296875
0 0.36796875 0.4859375 0.025 0.028125
0 0.37109375 0.5484375 0.025 0.025
0 0.3625 0.51796875 0.021875 0.0265625
0 0.35546875 0.5796875 0.03125 0.03125
0 0.43984375 0.50859375 0.034375 0.03125
0 0.40703125 0.58125 0.03125 0.03125
0 0.41328125 0.61796875 0.03125 0.03125
0 0.309375 0.7234375 0.028125 0.028125
0 0.3828125 0.61796875 0.0265625 0.03125
0 0.33828125 0.70859375 0.028125 0.028125
0 0.35859375 0.7671875 0.025 0.0296875
0 0.34609375 0.7359375 0.025 0.028125
0 0.36796875 0.80390625 0.028125 0.03125
0 0.3859375 0.7671875 0.0296875 0.03125
0 0.38359375 0.73125 0.0265625 0.03125
0 0.40859375 0.81328125 0.028125 0.028125
0 0.4234375 0.7375 0.03125 0.03125
0 0.478125 0.83828125 0.03125 0.0328125
0 0.4609375 0.74140625 0.03125 0.028125
0 0.49453125 0.71875 0.0296875 0.0328125
0 0.55234375 0.69140625 0.034375 0.028125
0 0.378125 0.4625 0.028125 0.0296875
0 0.403125 0.41875 0.0328125 0.03125
0 0.40234375 0.50625 0.0265625 0.0265625
0 0.41015625 0.4546875 0.028125 0.028125
0 0.45078125 0.4359375 0.025 0.021875
0 0.44453125 0.30078125 0.0296875 0.03125
0 0.45546875 0.453125 0.028125 0.025
0 0.46328125 0.32421875 0.03125 0.028125
0 0.4375 0.40859375 0.028125 0.0265625
0 0.446875 0.34375 0.028125 0.034375
0 0.49453125 0.31171875 0.03125 0.03125
0 0.48671875 0.28046875 0.0328125 0.034375
0 0.434375 0.07265625 0.0296875 0.03125
0 0.46796875 0.065625 0.034375 0.0390625
0 0.5234375 0.29375 0.034375 0.034375
0 0.48203125 0.57109375 0.03125 0.03125
0 0.5234375 0.6265625 0.03125 0.034375
0 0.49375 0.603125 0.03125 0.0359375
0 0.50859375 0.5640625 0.0328125 0.03125
0 0.46875 0.4859375 0.03125 0.0296875
0 0.49765625 0.4625 0.03125 0.0265625
0 0.5046875 0.409375 0.03125 0.034375
0 0.50234375 0.48984375 0.03125 0.03125
0 0.52734375 0.45625 0.0296875 0.03125
0 0.5265625 0.425 0.0328125 0.03125
0 0.53828125 0.38671875 0.0328125 0.034375
0 0.56328125 0.2984375 0.03125 0.03125
0 0.55234375 0.12734375 0.0375 0.0359375
0 0.596875 0.30234375 0.0328125 0.0328125
0 0.628125 0.10625 0.040625 0.034375
0 0.58828125 0.334375 0.03125 0.03125
0 0.621875 0.3296875 0.03125 0.0328125
0 0.60859375 0.596875 0.034375 0.028125
0 0.64453125 0.58203125 0.034375 0.028125
0 0.63984375 0.5515625 0.034375 0.034375
0 0.584375 0.5359375 0.034375 0.0296875
0 0.59375 0.43828125 0.03125 0.03125
0 0.61640625 0.88046875 0.034375 0.03125
0 0.68515625 0.67734375 0.034375 0.03125
0 0.69375 0.6203125 0.0359375 0.0328125
0 0.70390625 0.50078125 0.0375 0.034375
0 0.69921875 0.57109375 0.0359375 0.0296875
0 0.671875 0.51015625 0.03125 0.0296875
0 0.65625 0.46328125 0.0375 0.0328125
0 0.6484375 0.3984375 0.0359375 0.0375
0 0.68671875 0.39609375 0.0375 0.0375
0 0.67734375 0.35078125 0.0375 0.034375
0 0.70390625 0.23984375 0.040625 0.040625
0 0.74609375 0.2125 0.0421875 0.0375
0 0.7390625 0.41640625 0.04375 0.0375
0 0.76484375 0.25859375 0.040625 0.0375