0 0.634375 0.77265625 0.0171875 0.0171875
0 0.61171875 0.7609375 0.0171875 0.015625
0 0.64609375 0.759375 0.015625 0.0171875
0 0.66171875 0.76015625 0.0171875 0.0171875
0 0.62890625 0.76015625 0.0171875 0.0171875
0 0.60625 0.74765625 0.0171875 0.0171875
0 0.590625 0.7453125 0.0171875 0.0171875
0 0.62421875 0.746875 0.0171875 0.0171875
0 0.65859375 0.7453125 0.0171875 0.0171875
0 0.63984375 0.7453125 0.0171875 0.0171875
0 0.6328125 0.7328125 0.0171875 0.0171875
0 0.6171875 0.73203125 0.0171875 0.0171875
0 0.5984375 0.73203125 0.0171875 0.0171875
0 0.65 0.73359375 0.0171875 0.015625
0 0.64609375 0.71953125 0.0203125 0.0171875
0 0.66640625 0.7296875 0.0171875 0.0171875
0 0.625 0.71875 0.0171875 0.0171875
0 0.6078125 0.7203125 0.01875 0.0171875
0 0.59140625 0.71875 0.0171875 0.015625
0 0.575 0.71171875 0.0171875 0.0171875
0 0.584375 0.69921875 0.0171875 0.0171875
0 0.6015625 0.70703125 0.0171875 0.0171875
0 0.63515625 0.70703125 0.01875 0.0171875
0 0.6203125 0.7015625 0.01875 0.0171875
0 0.6515625 0.703125 0.01875 0.0171875
0 0.66328125 0.71484375 0.01875 0.0171875
0 0.66875 0.69765625 0.0171875 0.0171875
0 0.64921875 0.6875 0.0171875 0.0171875
0 0.63359375 0.69296875 0.0171875 0.0171875
0 0.6171875 0.6859375 0.0171875 0.0171875
0 0.60078125 0.69140625 0.01875 0.0171875
0 0.63046875 0.67734375 0.0171875 0.0171875
0 0.6625 0.67734375 0.0171875 0.0171875
0 0.646875 0.6703125 0.0171875 0.0171875
0 0.63203125 0.66171875 0.0171875 0.0171875
0 0.615625 0.6703125 0.0171875 0.0171875
0 0.5984375 0.6765625 0.0171875 0.0171875
0 0.58359375 0.684375 0.0171875 0.0171875
0 0.57109375 0.675 0.0171875 0.0171875
0 0.61796875 0.65234375 0.0171875 0.01875
0 0.6015625 0.6609375 0.0171875 0.0171875
0 0.584375 0.66640625 0.01875 0.0171875
0 0.63359375 0.64609375 0.0171875 0.0171875
0 0.6484375 0.65546875 0.01875 0.0171875
0 0.6484375 0.6375 0.0203125 0.0171875
0 0.6203125 0.6359375 0.0203125 0.0171875
0 0.6046875 0.64296875 0.01875 0.01875
0 0.5875 0.64921875 0.01875 0.0171875
0 0.5703125 0.6484375 0.01875 0.0171875
0 0.56328125 0.6609375 0.0203125 0.0171875
0 0.58515625 0.63515625 0.0203125 0.0171875
0 0.6046875 0.61171875 0.01875 0.01875
0 0.6015625 0.62578125 0.0203125 0.0171875
0 0.61953125 0.6203125 0.0203125 0.01875
0 0.6203125 0.5984375 0.0203125 0.0203125
0 0.63671875 0.61171875 0.01875 0.01875
0 0.58671875 0.6078125 0.0203125 0.0171875
0 0.578125 0.6203125 0.0171875 0.0171875
0 0.6015625 0.59375 0.01875 0.0203125
0 0.56640625 0.6328125 0.01875 0.01875
0 0.55234375 0.64609375 0.01875 0.0203125
0 0.53828125 0.63828125 0.0171875 0.0171875
0 0.56171875 0.61328125 0.01875 0.0203125
0 0.5515625 0.6265625 0.0171875 0.01875
0 0.534375 0.6234375 0.0203125 0.0171875
0 0.5484375 0.59140625 0.01875 0.0203125
0 0.54140625 0.60859375 0.0203125 0.01875
0 0.5734375 0.59765625 0.01875 0.0203125
0 0.584375 0.575 0.0203125 0.0203125
0 0.56484375 0.578125 0.0203125 0.0203125
0 0.54296875 0.57265625 0.01875 0.0203125
0 0.52578125 0.5796875 0.01875 0.01875
0 0.50625 0.5828125 0.0203125 0.01875
0 0.52578125 0.5625 0.0203125 0.01875
0 0.565625 0.559375 0.0171875 0.0203125
0 0.5875 0.553125 0.0203125 0.0203125
0 0.54765625 0.5515625 0.0203125 0.01875
0 0.53125 0.5453125 0.0203125 0.01875
0 0.50078125 0.55390625 0.0203125 0.0203125
0 0.48125 0.56484375 0.0203125 0.0171875
0 0.51171875 0.540625 0.0203125 0.01875
0 0.484375 0.54765625 0.0203125 0.01875
0 0.50859375 0.5234375 0.0203125 0.0203125
0 0.49296875 0.53515625 0.0203125 0.0171875
0 0.4859375 0.51875 0.021875 0.0203125
0 0.53125 0.5296875 0.0203125 0.0203125
0 0.509375 0.503125 0.0234375 0.0203125
0 0.5390625 0.51171875 0.021875 0.01875
0 0.55 0.5359375 0.0203125 0.01875
0 0.553125 0.49765625 0.0203125 0.01875
0 0.5671875 0.5421875 0.0203125 0.0203125
0 0.53515625 0.49296875 0.0203125 0.0203125
0 0.515625 0.4859375 0.0203125 0.0203125
0 0.559375 0.5203125 0.01875 0.0203125
0 0.5765625 0.52734375 0.0203125 0.0203125
0 0.59765625 0.53203125 0.0203125 0.0203125
0 0.58828125 0.5125 0.0203125 0.0203125
0 0.5703125 0.50703125 0.01875 0.01875
0 0.6078125 0.51484375 0.021875 0.0203125
0 0.59921875 0.4984375 0.0203125 0.01875
0 0.59140625 0.48359375 0.0203125 0.01875
0 0.5734375 0.484375 0.0203125 0.0203125
0 0.55703125 0.47578125 0.0203125 0.0203125
0 0.528125 0.46875 0.0203125 0.0203125
0 0.54921875 0.4515625 0.0234375 0.0203125
0 0.5359375 0.43828125 0.0234375 0.0203125
0 0.5953125 0.465625 0.021875 0.0203125
0 0.59453125 0.44765625 0.0234375 0.0203125
0 0.575 0.43203125 0.0203125 0.0203125
0 0.59375 0.428125 0.0203125 0.0203125
0 0.61328125 0.4234375 0.0203125 0.0203125
0 0.6171875 0.44296875 0.0203125 0.0203125
0 0.609375 0.4015625 0.021875 0.0234375
0 0.58984375 0.41015625 0.0203125 0.0203125
0 0.57890625 0.3890625 0.0234375 0.0234375
0 0.55 0.396875 0.021875 0.021875
0 0.6328125 0.46171875 0.0203125 0.0203125
0 0.62890625 0.48203125 0.0203125 0.0203125
0 0.62890625 0.49921875 0.0203125 0.0203125
0 0.64765625 0.47421875 0.0203125 0.021875
0 0.56875 0.3484375 0.0203125 0.021875
0 0.5296875 0.3546875 0.0234375 0.0234375
0 0.5359375 0.3296875 0.021875 0.0234375
0 0.490625 0.33359375 0.0203125 0.021875
0 0.4953125 0.3640625 0.021875 0.0234375
0 0.50546875 0.3140625 0.021875 0.0234375
0 0.4828125 0.30234375 0.0234375 0.0234375
0 0.56640625 0.29375 0.0265625 0.0265625
0 0.41171875 0.296875 0.025 0.021875
0 0.4140625 0.31640625 0.025 0.021875
0 0.39296875 0.3359375 0.0203125 0.0203125
0 0.4140625 0.34609375 0.0234375 0.0203125
0 0.38359375 0.35390625 0.0203125 0.0203125
0 0.36640625 0.36328125 0.0203125 0.0203125
0 0.3453125 0.32890625 0.0203125 0.0234375
0 0.3765625 0.3171875 0.021875 0.0234375
0 0.34921875 0.3078125 0.0234375 0.0234375
0 0.36328125 0.3453125 0.0203125 0.0234375
0 0.3734375 0.29765625 0.025 0.0234375
0 0.3859375 0.378125 0.0203125 0.0234375
0 0.36875 0.3953125 0.0203125 0.021875
0 0.3921875 0.39921875 0.021875 0.0203125
0 0.403125 0.36796875 0.0203125 0.0203125
0 0.40703125 0.3859375 0.0203125 0.0203125