0 0.66015625 0.5484375 0.0390625 0.04375
0 0.61015625 0.1703125 0.0359375 0.04375
0 0.63984375 0.17265625 0.0359375 0.04375
0 0.5953125 0.21484375 0.0359375 0.05
0 0.5828125 0.5265625 0.0359375 0.04375
0 0.5578125 0.46171875 0.034375 0.0484375
0 0.4796875 0.44609375 0.0328125 0.0421875
0 0.4890625 0.50234375 0.03125 0.040625
0 0.54609375 0.52890625 0.0328125 0.0375
0 0.5234375 0.55 0.0328125 0.04375
0 0.49375 0.54765625 0.0359375 0.04375
0 0.46015625 0.521875 0.03125 0.0375
0 0.46953125 0.56015625 0.0328125 0.0421875
0 0.49375 0.584375 0.034375 0.040625
0 0.5515625 0.6046875 0.0359375 0.04375
0 0.57109375 0.63046875 0.034375 0.040625
0 0.603125 0.67734375 0.0359375 0.04375
0 0.5734375 0.6859375 0.0328125 0.0421875
0 0.5234375 0.64609375 0.03125 0.040625
0 0.52265625 0.60546875 0.0328125 0.04375
0 0.54609375 0.66953125 0.03125 0.040625
0 0.5671875 0.72734375 0.034375 0.04375
0 0.55546875 0.88203125 0.0328125 0.046875
0 0.5625 0.7859375 0.03125 0.04375
0 0.54609375 0.74921875 0.0359375 0.04375
0 0.5375 0.70625 0.0359375 0.04375
0 0.51484375 0.73984375 0.03125 0.0375
0 0.50703125 0.69921875 0.034375 0.040625
0 0.496875 0.6625 0.03125 0.040625
0 0.496875 0.6234375 0.03125 0.0421875
0 0.46015625 0.60703125 0.03125 0.040625
0 0.46875 0.64453125 0.0328125 0.040625
0 0.4640625 0.66171875 0.028125 0.028125
0 0.47578125 0.6921875 0.0359375 0.0375
0 0.49375 0.76796875 0.0359375 0.04375
0 0.48046875 0.728125 0.0328125 0.04375
0 0.4515625 0.71171875 0.0359375 0.0421875
0 0.44609375 0.7515625 0.0328125 0.040625
0 0.48984375 0.8703125 0.0359375 0.0421875
0 0.490625 0.82421875 0.0359375 0.04375
0 0.459375 0.8703125 0.0328125 0.0421875
0 0.45859375 0.8296875 0.0375 0.04375
0 0.4640625 0.79140625 0.0375 0.040625
0 0.42578125 0.84140625 0.0328125 0.04375
0 0.42890625 0.79765625 0.0328125 0.0421875
0 0.409375 0.76328125 0.034375 0.0421875
0 0.425 0.72265625 0.028125 0.0390625
0 0.44140625 0.675 0.03125 0.040625
0 0.4390625 0.63515625 0.0296875 0.0390625
0 0.4265625 0.60078125 0.03125 0.040625
0 0.43984375 0.56875 0.0328125 0.0421875
0 0.43125 0.5296875 0.03125 0.040625
0 0.39453125 0.353125 0.0359375 0.0421875
0 0.26015625 0.83828125 0.0375 0.05
0 0.32421875 0.87109375 0.0359375 0.046875
0 0.321875 0.82109375 0.0359375 0.0421875
0 0.37109375 0.87265625 0.0359375 0.04375
0 0.35 0.8421875 0.0328125 0.0421875
0 0.34609375 0.7921875 0.0390625 0.04375
0 0.38359375 0.80546875 0.0328125 0.0421875
0 0.37890625 0.7640625 0.0328125 0.040625
0 0.39453125 0.72890625 0.034375 0.040625
0 0.4046875 0.690625 0.0359375 0.04375
0 0.41328125 0.6546875 0.034375 0.04375
0 0.40078125 0.62109375 0.0328125 0.040625
0 0.4015625 0.53046875 0.03125 0.040625
0 0.37578125 0.6 0.0328125 0.04375
0 0.40078125 0.58046875 0.028125 0.0390625
0 0.378125 0.55390625 0.03125 0.040625
0 0.36640625 0.51796875 0.03125 0.040625
0 0.3546875 0.5703125 0.028125 0.040625
0 0.33671875 0.534375 0.0359375 0.04375
0 0.30703125 0.54609375 0.0375 0.04375
0 0.36796875 0.63984375 0.03125 0.0375
0 0.34765625 0.609375 0.03125 0.040625
0 0.378125 0.67734375 0.028125 0.0359375
0 0.3421875 0.73984375 0.0359375 0.0453125
0 0.35703125 0.69296875 0.03125 0.040625
0 0.365625 0.71796875 0.0296875 0.034375
0 0.3390625 0.6859375 0.0265625 0.0421875
0 0.3375 0.64609375 0.03125 0.040625
0 0.3171875 0.6078125 0.0359375 0.046875
0 0.2890625 0.71484375 0.034375 0.04375
0 0.31484375 0.69921875 0.034375 0.0453125
0 0.31015625 0.6609375 0.034375 0.04375
0 0.29140625 0.6265625 0.0328125 0.046875
0 0.26640625 0.6703125 0.0359375 0.04375
0 0.25078125 0.6234375 0.0375 0.04375
0 0.27265625 0.5953125 0.0359375 0.04375
0 0.26640625 0.55546875 0.034375 0.046875
0 0.240625 0.5171875 0.0375 0.04375
0 0.23515625 0.578125 0.0359375 0.04375
0 0.2109375 0.67734375 0.034375 0.046875
0 0.221875 0.64296875 0.0390625 0.046875
0 0.2078125 0.59453125 0.0328125 0.046875
0 0.209375 0.553125 0.0359375 0.04375
0 0.18984375 0.5140625 0.0359375 0.046875
0 0.17890625 0.57109375 0.034375 0.046875
0 0.1484375 0.58515625 0.0359375 0.04375