0 0.44375 0.4984375 0.0140625 0.009375
0 0.44140625 0.50390625 0.0125 0.0078125
0 0.440625 0.51015625 0.015625 0.009375
0 0.42890625 0.5046875 0.0140625 0.0109375
0 0.4328125 0.4953125 0.0140625 0.0109375
0 0.39765625 0.48125 0.015625 0.0125
0 0.38984375 0.50625 0.0140625 0.0109375
0 0.40390625 0.52109375 0.0140625 0.0109375
0 0.39375 0.51640625 0.0140625 0.0109375
0 0.3890625 0.52578125 0.0125 0.0109375
0 0.3765625 0.52734375 0.0140625 0.0109375
0 0.39921875 0.53046875 0.0140625 0.0109375
0 0.38984375 0.53828125 0.0140625 0.0109375
0 0.40234375 0.540625 0.0140625 0.0109375
0 0.415625 0.52578125 0.0125 0.0109375
0 0.41640625 0.5359375 0.0140625 0.0109375
0 0.3859375 0.56015625 0.0140625 0.0109375
0 0.4234375 0.53359375 0.0109375 0.0109375
0 0.4171875 0.5453125 0.0140625 0.0109375
0 0.43984375 0.5375 0.0140625 0.0125
0 0.43359375 0.53046875 0.0125 0.0109375
0 0.4296875 0.54296875 0.0140625 0.0125
0 0.38671875 0.58046875 0.0140625 0.0125
0 0.4453125 0.53046875 0.0140625 0.0109375
0 0.44140625 0.52265625 0.0140625 0.0109375
0 0.4625 0.521875 0.0140625 0.0109375
0 0.45234375 0.5171875 0.0140625 0.0109375
0 0.48046875 0.52421875 0.0140625 0.0140625
0 0.46328125 0.53984375 0.0125 0.0125
0 0.45078125 0.5421875 0.0140625 0.0125
0 0.47421875 0.5453125 0.0140625 0.0125
0 0.4546875 0.553125 0.015625 0.0125
0 0.4421875 0.56953125 0.015625 0.0125
0 0.41171875 0.5890625 0.0140625 0.0125
0 0.45390625 0.58046875 0.015625 0.0109375
0 0.403125 0.61171875 0.0140625 0.0109375
0 0.4359375 0.62734375 0.015625 0.0125
0 0.41484375 0.6296875 0.0171875 0.0125
0 0.43828125 0.640625 0.0140625 0.0125
0 0.42734375 0.63671875 0.0140625 0.0109375
0 0.4515625 0.65 0.015625 0.0125
0 0.46328125 0.6125 0.0171875 0.0109375
0 0.51640625 0.646875 0.015625 0.0125
0 0.54140625 0.6078125 0.015625 0.0109375
0 0.528125 0.6515625 0.015625 0.0140625
0 0.5265625 0.6046875 0.0140625 0.0109375
0 0.559375 0.6046875 0.015625 0.0125
0 0.55078125 0.61328125 0.0140625 0.0109375
0 0.5203125 0.56328125 0.0140625 0.0109375
0 0.5109375 0.55703125 0.0140625 0.0109375
0 0.49765625 0.54609375 0.015625 0.0125
0 0.534375 0.53046875 0.015625 0.0109375
0 0.53203125 0.5203125 0.0140625 0.0109375
0 0.51796875 0.521875 0.0140625 0.0140625
0 0.50078125 0.509375 0.015625 0.0109375
0 0.4859375 0.51171875 0.0140625 0.0109375
0 0.496875 0.50078125 0.0140625 0.0109375
0 0.48359375 0.5 0.0140625 0.0109375
0 0.471875 0.49609375 0.0140625 0.0109375
0 0.4734375 0.50546875 0.0140625 0.0109375
0 0.46484375 0.5125 0.0140625 0.0109375
0 0.46015625 0.50390625 0.0140625 0.0109375
0 0.45625 0.4953125 0.0140625 0.0109375
0 0.60625 0.5921875 0.0171875 0.0140625
0 0.59765625 0.56484375 0.0140625 0.0140625
0 0.5890625 0.559375 0.0140625 0.0109375
0 0.56484375 0.55703125 0.015625 0.0140625
0 0.57734375 0.55 0.015625 0.0140625
0 0.5890625 0.5453125 0.015625 0.0140625
0 0.5921875 0.521875 0.0171875 0.0125
0 0.578125 0.509375 0.015625 0.0125
0 0.590625 0.5046875 0.0140625 0.0125
0 0.5796875 0.50078125 0.0171875 0.0125
0 0.56796875 0.49921875 0.015625 0.0140625
0 0.5921875 0.49140625 0.0171875 0.0140625
0 0.59765625 0.47578125 0.0140625 0.0125
0 0.58515625 0.4765625 0.0140625 0.0109375
0 0.5828125 0.4671875 0.0140625 0.0109375
0 0.55859375 0.4734375 0.0140625 0.0109375
0 0.5578125 0.46328125 0.0171875 0.0109375
0 0.5859375 0.45859375 0.015625 0.0109375
0 0.60390625 0.45078125 0.0171875 0.0140625
0 0.58359375 0.4484375 0.0140625 0.0125
0 0.59140625 0.43984375 0.015625 0.0140625
0 0.571875 0.44609375 0.0140625 0.0109375
0 0.56328125 0.44140625 0.0140625 0.0109375
0 0.559375 0.43203125 0.015625 0.0140625
0 0.5515625 0.45078125 0.0140625 0.0125
0 0.53515625 0.44453125 0.0140625 0.0109375
0 0.52734375 0.453125 0.015625 0.0109375
0 0.53046875 0.4359375 0.0171875 0.0109375
0 0.52265625 0.4234375 0.0171875 0.0109375
0 0.51015625 0.4171875 0.0140625 0.0109375
0 0.490625 0.43125 0.015625 0.0125
0 0.47890625 0.43515625 0.0140625 0.0109375
0 0.5 0.4125 0.0140625 0.0109375
0 0.50703125 0.40625 0.0171875 0.0109375
0 0.4859375 0.4078125 0.015625 0.0109375
0 0.48515625 0.41796875 0.0171875 0.0109375