0 0.87109375 0.6640625 0.034375 0.034375
0 0.8078125 0.58515625 0.0375 0.0375
0 0.47734375 0.6390625 0.034375 0.03125
0 0.56640625 0.7046875 0.034375 0.0328125
0 0.53671875 0.665625 0.040625 0.0390625
0 0.51796875 0.60546875 0.034375 0.0296875
0 0.58828125 0.653125 0.03125 0.03125
0 0.57109375 0.62578125 0.034375 0.03125
0 0.5078125 0.6359375 0.0359375 0.0375
0 0.621875 0.6859375 0.0390625 0.0390625
0 0.5671875 0.59609375 0.034375 0.0296875
0 0.66171875 0.6234375 0.034375 0.0328125
0 0.609375 0.58203125 0.03125 0.0359375
0 0.6046875 0.54609375 0.03125 0.03125
0 0.58125 0.56640625 0.03125 0.0296875
0 0.5375 0.56484375 0.03125 0.034375
0 0.50078125 0.578125 0.034375 0.03125
0 0.478125 0.60546875 0.0328125 0.034375
0 0.30703125 0.6921875 0.034375 0.0375
0 0.3953125 0.69296875 0.028125 0.03125
0 0.3671875 0.675 0.03125 0.0359375
0 0.340625 0.69296875 0.034375 0.0375
0 0.31640625 0.6609375 0.0328125 0.03125
0 0.27578125 0.68671875 0.034375 0.0375
0 0.43125 0.6984375 0.0390625 0.0390625
0 0.40390625 0.6625 0.0296875 0.03125
0 0.38125 0.6421875 0.03125 0.034375
0 0.34921875 0.65625 0.0328125 0.034375
0 0.46171875 0.67421875 0.0328125 0.034375
0 0.4359375 0.6671875 0.0328125 0.034375
0 0.42265625 0.6375 0.03125 0.0328125
0 0.39765625 0.6171875 0.03125 0.03125
0 0.4359375 0.6125 0.03125 0.034375
0 0.41953125 0.5875 0.03125 0.0328125
0 0.3921875 0.584375 0.03125 0.0328125
0 0.35078125 0.6203125 0.03125 0.03125
0 0.30859375 0.6328125 0.034375 0.034375
0 0.27109375 0.6515625 0.034375 0.03125
0 0.2515625 0.6171875 0.03125 0.0265625
0 0.2375 0.64296875 0.03125 0.03125
0 0.2109375 0.62734375 0.0328125 0.0375
0 0.2 0.675 0.0328125 0.034375
0 0.27890625 0.603125 0.03125 0.034375
0 0.25234375 0.5890625 0.028125 0.0328125
0 0.225 0.58125 0.034375 0.03125
0 0.1890625 0.59375 0.034375 0.034375
0 0.1546875 0.5671875 0.0359375 0.0375
0 0.1640625 0.5234375 0.0375 0.0359375
0 0.27265625 0.55 0.03125 0.0328125
0 0.234375 0.54140625 0.034375 0.034375
0 0.31015625 0.57265625 0.03125 0.028125
0 0.3 0.54375 0.03125 0.03125
0 0.28515625 0.5234375 0.028125 0.034375
0 0.2609375 0.51171875 0.028125 0.034375
0 0.5515625 0.496875 0.028125 0.028125
0 0.33515625 0.54765625 0.028125 0.034375
0 0.32890625 0.50625 0.0265625 0.028125
0 0.303125 0.5 0.025 0.028125
0 0.278125 0.48515625 0.028125 0.0296875
0 0.3546875 0.52109375 0.0296875 0.028125
0 0.3234375 0.4796875 0.03125 0.028125
0 0.30078125 0.4703125 0.028125 0.03125
0 0.3734375 0.49453125 0.03125 0.028125
0 0.35078125 0.4796875 0.028125 0.0265625
0 0.38359375 0.52265625 0.028125 0.0328125
0 0.3796875 0.4703125 0.028125 0.0265625
0 0.39921875 0.5 0.028125 0.0328125
0 0.5671875 0.540625 0.0296875 0.0296875
0 0.5453125 0.52421875 0.03125 0.03125
0 0.509375 0.540625 0.03125 0.028125
0 0.4953125 0.51484375 0.03125 0.028125
0 0.3328125 0.4578125 0.0296875 0.0296875
0 0.40546875 0.47578125 0.03125 0.028125
0 0.39609375 0.45078125 0.03125 0.0265625
0 0.3578125 0.4484375 0.03125 0.028125
0 0.42109375 0.4546875 0.028125 0.0265625
0 0.41171875 0.43125 0.0296875 0.0265625
0 0.44921875 0.45703125 0.028125 0.03125
0 0.4359375 0.43359375 0.028125 0.03125
0 0.43671875 0.4875 0.028125 0.03125
0 0.4640625 0.43046875 0.025 0.0234375
0 0.42109375 0.40625 0.025 0.03125
0 0.3796875 0.42890625 0.03125 0.028125
0 0.4640625 0.4078125 0.0265625 0.025
0 0.440625 0.396875 0.03125 0.028125
0 0.3984375 0.3953125 0.034375 0.028125
0 0.47421875 0.38359375 0.028125 0.028125
0 0.42890625 0.37109375 0.03125 0.028125
0 0.525 0.5 0.0328125 0.034375
0 0.49140625 0.40390625 0.034375 0.0296875
0 0.58046875 0.5140625 0.03125 0.0359375
0 0.496875 0.375 0.028125 0.03125
0 0.54921875 0.46484375 0.034375 0.03125
0 0.5078125 0.34375 0.028125 0.028125
0 0.52109375 0.3890625 0.0265625 0.028125
0 0.50078125 0.32109375 0.03125 0.03125
0 0.6703125 0.25625 0.03125 0.03125
0 0.60625 0.43125 0.03125 0.034375
0 0.67109375 0.228125 0.028125 0.03125