0 0.5109375 0.74140625 0.0140625 0.0140625
0 0.50703125 0.72578125 0.0140625 0.01484375
0 0.45703125 0.715625 0.015625 0.01796875
0 0.42578125 0.7015625 0.015625 0.0171875
0 0.43671875 0.6796875 0.0140625 0.01640625
0 0.40546875 0.690625 0.015625 0.01875
0 0.396875 0.66953125 0.01484375 0.0203125
0 0.52265625 0.69296875 0.015625 0.015625
0 0.525 0.671875 0.015625 0.0171875
0 0.50234375 0.66875 0.01796875 0.0171875
0 0.471875 0.66015625 0.0171875 0.01640625
0 0.53984375 0.6828125 0.015625 0.01484375
0 0.55390625 0.678125 0.0171875 0.01796875
0 0.38515625 0.6421875 0.01640625 0.0171875
0 0.39375 0.61875 0.015625 0.0171875
0 0.3625 0.61640625 0.0171875 0.01875
0 0.334375 0.59765625 0.0171875 0.015625
0 0.43359375 0.621875 0.01640625 0.01796875
0 0.425 0.59609375 0.01484375 0.01640625
0 0.4859375 0.6140625 0.01640625 0.01640625
0 0.46953125 0.5953125 0.01796875 0.01875
0 0.56796875 0.6296875 0.0171875 0.01953125
0 0.54296875 0.59609375 0.0171875 0.01875
0 0.5765625 0.61171875 0.01640625 0.01796875
0 0.56953125 0.58515625 0.01640625 0.01796875
0 0.553125 0.58046875 0.0171875 0.0171875
0 0.56328125 0.54296875 0.01640625 0.01484375
0 0.52578125 0.53984375 0.01640625 0.01640625
0 0.50703125 0.54375 0.0140625 0.01484375
0 0.48203125 0.56875 0.01484375 0.01484375
0 0.5203125 0.553125 0.01484375 0.015625
0 0.46796875 0.5625 0.0140625 0.015625
0 0.4484375 0.57421875 0.01484375 0.01484375
0 0.453125 0.559375 0.0125 0.015625
0 0.4796875 0.5484375 0.01484375 0.0171875
0 0.46171875 0.546875 0.01484375 0.01875
0 0.44140625 0.54609375 0.015625 0.01796875
0 0.434375 0.56015625 0.015625 0.01328125
0 0.42109375 0.56015625 0.01484375 0.015625
0 0.409375 0.56875 0.01484375 0.0171875
0 0.4 0.5515625 0.015625 0.01640625
0 0.3953125 0.5671875 0.01328125 0.0171875
0 0.3828125 0.559375 0.01640625 0.0171875
0 0.37890625 0.5390625 0.0140625 0.0140625
0 0.42578125 0.546875 0.0140625 0.01484375
0 0.41640625 0.53671875 0.01328125 0.0140625
0 0.4125 0.5234375 0.0125 0.0140625
0 0.4 0.52578125 0.0140625 0.0140625
0 0.38046875 0.525 0.01484375 0.01484375
0 0.36015625 0.51171875 0.01484375 0.01640625
0 0.34453125 0.56484375 0.01796875 0.01640625
0 0.2984375 0.55546875 0.01328125 0.01640625
0 0.39140625 0.51328125 0.01484375 0.0140625
0 0.34375 0.48203125 0.015625 0.015625
0 0.43828125 0.52890625 0.0140625 0.015625
0 0.42734375 0.515625 0.0125 0.0140625
0 0.415625 0.5078125 0.01484375 0.01484375
0 0.41171875 0.49453125 0.01484375 0.0140625
0 0.42890625 0.5015625 0.0140625 0.01484375
0 0.4421875 0.515625 0.0140625 0.01328125
0 0.44453125 0.5015625 0.0125 0.01484375
0 0.45546875 0.5140625 0.0140625 0.015625
0 0.4640625 0.528125 0.0140625 0.0171875
0 0.46171875 0.5015625 0.0125 0.01484375
0 0.45390625 0.484375 0.01484375 0.0125
0 0.46875 0.48984375 0.01328125 0.0109375
0 0.47265625 0.47734375 0.01328125 0.01484375
0 0.48125 0.496875 0.01328125 0.01328125
0 0.4828125 0.51015625 0.015625 0.01640625
0 0.496875 0.49453125 0.01640625 0.01484375
0 0.5078125 0.5125 0.015625 0.01640625
0 0.52578125 0.51796875 0.0125 0.0171875
0 0.5421875 0.51796875 0.01328125 0.0140625
0 0.54609375 0.50546875 0.01328125 0.015625
0 0.5625 0.52421875 0.0140625 0.01484375
0 0.5578125 0.48828125 0.0140625 0.015625
0 0.54296875 0.484375 0.01328125 0.01328125
0 0.5234375 0.4796875 0.01328125 0.01328125
0 0.52265625 0.465625 0.0125 0.01484375
0 0.534375 0.471875 0.0125 0.01328125
0 0.54296875 0.4625 0.0125 0.01328125
0 0.55234375 0.45 0.0140625 0.01328125
0 0.5390625 0.4484375 0.01328125 0.0140625
0 0.52578125 0.446875 0.0125 0.01328125
0 0.5125 0.44765625 0.01484375 0.01484375
0 0.5 0.45234375 0.01484375 0.0171875
0 0.50546875 0.4328125 0.0140625 0.01484375
0 0.51953125 0.434375 0.0125 0.0140625
0 0.54765625 0.43515625 0.0140625 0.0140625
0 0.53671875 0.41796875 0.01484375 0.0140625
0 0.52109375 0.4171875 0.01171875 0.0140625
0 0.5015625 0.40859375 0.0171875 0.0140625
0 0.48203125 0.41015625 0.015625 0.01484375
0 0.4640625 0.415625 0.01484375 0.01640625
0 0.4828125 0.39453125 0.01484375 0.01484375
0 0.4671875 0.390625 0.0171875 0.01484375
0 0.496875 0.39296875 0.0125 0.01484375
0 0.49375 0.37890625 0.01484375 0.01328125
0 0.478125 0.36484375 0.015625 0.015625