0 0.55625 0.17890625 0.0359375 0.028125
0 0.54140625 0.1171875 0.03046875 0.028125
0 0.6578125 0.14765625 0.0328125 0.02578125
0 0.6421875 0.17578125 0.03046875 0.02734375
0 0.6734375 0.16796875 0.03046875 0.02734375
0 0.74375 0.171875 0.0359375 0.0296875
0 0.7953125 0.19375 0.03515625 0.0296875
0 0.75234375 0.2078125 0.0375 0.02734375
0 0.7015625 0.24765625 0.03046875 0.02734375
0 0.73203125 0.25703125 0.03125 0.02578125
0 0.865625 0.39296875 0.0390625 0.03046875
0 0.746875 0.425 0.0359375 0.02890625
0 0.7078125 0.390625 0.03984375 0.02734375
0 0.67734375 0.3109375 0.034375 0.02734375
0 0.57421875 0.21640625 0.03125 0.02578125
0 0.55390625 0.2453125 0.02890625 0.02578125
0 0.55 0.271875 0.02890625 0.0265625
0 0.52734375 0.28984375 0.0265625 0.025
0 0.4765625 0.27109375 0.02890625 0.02421875
0 0.48125 0.2984375 0.02734375 0.0234375
0 0.50703125 0.30703125 0.02890625 0.02265625
0 0.5140625 0.3390625 0.03046875 0.0265625
0 0.54375 0.36171875 0.03046875 0.02578125
0 0.553125 0.38515625 0.028125 0.025
0 0.39921875 0.31953125 0.02734375 0.02421875
0 0.40390625 0.346875 0.0265625 0.02265625
0 0.415625 0.39765625 0.02734375 0.02265625
0 0.3859375 0.384375 0.03046875 0.021875
0 0.4296875 0.378125 0.02734375 0.02265625
0 0.23828125 0.403125 0.02421875 0.02109375
0 0.32109375 0.40625 0.0234375 0.021875
0 0.31640625 0.4296875 0.0203125 0.01875
0 0.340625 0.43203125 0.02109375 0.02109375
0 0.32421875 0.44765625 0.01953125 0.0203125
0 0.34609375 0.46875 0.02265625 0.02265625
0 0.34765625 0.45078125 0.021875 0.015625
0 0.36484375 0.47265625 0.0140625 0.021875
0 0.37890625 0.4890625 0.021875 0.0203125
0 0.2453125 0.43125 0.02421875 0.01953125
0 0.27265625 0.4625 0.0234375 0.01953125
0 0.29140625 0.47734375 0.02265625 0.01796875
0 0.3015625 0.49453125 0.02265625 0.0203125
0 0.23359375 0.46328125 0.021875 0.01796875
0 0.22265625 0.48046875 0.02265625 0.01953125
0 0.23046875 0.50625 0.01953125 0.01953125
0 0.28046875 0.50859375 0.02109375 0.0203125
0 0.246875 0.51953125 0.0203125 0.01953125
0 0.26484375 0.51953125 0.01640625 0.01875
0 0.28203125 0.5296875 0.02109375 0.01875
0 0.24453125 0.53828125 0.021875 0.0171875
0 0.25703125 0.5546875 0.02109375 0.01875
0 0.278125 0.55390625 0.02265625 0.01953125
0 0.33671875 0.54453125 0.0234375 0.01953125
0 0.34921875 0.52890625 0.0203125 0.01796875
0 0.3671875 0.54453125 0.02578125 0.01953125
0 0.38203125 0.5625 0.0234375 0.01953125
0 0.40625 0.56015625 0.02421875 0.01953125
0 0.559375 0.43359375 0.02890625 0.021875
0 0.56875 0.4140625 0.03125 0.01953125
0 0.55078125 0.446875 0.025 0.0203125
0 0.5828125 0.43671875 0.015625 0.0234375
0 0.5984375 0.45703125 0.028125 0.02265625
0 0.459375 0.42421875 0.028125 0.0203125
0 0.4453125 0.4515625 0.0296875 0.02265625
0 0.4796875 0.459375 0.0296875 0.02109375
0 0.49921875 0.446875 0.0265625 0.021875
0 0.44453125 0.53203125 0.02265625 0.021875
0 0.42421875 0.5265625 0.0203125 0.0171875
0 0.44921875 0.50703125 0.02578125 0.021875
0 0.42734375 0.509375 0.0171875 0.01875
0 0.46640625 0.5109375 0.01171875 0.02109375
0 0.52734375 0.47265625 0.02890625 0.02109375
0 0.4890625 0.50234375 0.02734375 0.02421875
0 0.5453125 0.5375 0.03125 0.02265625
0 0.53046875 0.5140625 0.0296875 0.02421875
0 0.59140625 0.50546875 0.0265625 0.02109375
0 0.6046875 0.48828125 0.028125 0.021875
0 0.5640625 0.484375 0.02421875 0.028125
0 0.546875 0.48671875 0.0140625 0.02578125
0 0.58515625 0.4828125 0.01640625 0.02578125
0 0.609375 0.47578125 0.028125 0.01328125
0 0.6390625 0.4765625 0.0296875 0.021875
0 0.7640625 0.50625 0.0359375 0.02421875
0 0.6875 0.5078125 0.03046875 0.02421875
0 0.70078125 0.48359375 0.03203125 0.0265625
0 0.675 0.47890625 0.02109375 0.0265625
0 0.640625 0.56484375 0.028125 0.02109375
0 0.66953125 0.5515625 0.03125 0.025
0 0.615625 0.51953125 0.02578125 0.0203125
0 0.6 0.53671875 0.0296875 0.021875
0 0.65703125 0.51484375 0.02890625 0.0234375
0 0.63203125 0.5109375 0.02421875 0.02109375
0 0.63828125 0.53828125 0.03046875 0.02265625
0 0.6703125 0.53359375 0.0296875 0.0140625
0 0.7125 0.5734375 0.0359375 0.02890625
0 0.62109375 0.584375 0.034375 0.0234375
0 0.6640625 0.6265625 0.03515625 0.025
0 0.48203125 0.6546875 0.02890625 0.021875
0 0.4734375 0.67578125 0.028125 0.02265625