0 0.559375 0.60078125 0.01796875 0.0203125
0 0.56796875 0.56484375 0.01953125 0.0203125
0 0.49921875 0.5578125 0.01640625 0.01796875
0 0.51875 0.5515625 0.01640625 0.0171875
0 0.48203125 0.55078125 0.0171875 0.01953125
0 0.4421875 0.58671875 0.01640625 0.01640625
0 0.4578125 0.5734375 0.015625 0.0171875
0 0.44453125 0.56640625 0.015625 0.0171875
0 0.4390625 0.5390625 0.01640625 0.015625
0 0.4421875 0.5171875 0.01875 0.0171875
0 0.44921875 0.55078125 0.01640625 0.015625
0 0.45390625 0.5328125 0.0171875 0.01953125
0 0.421875 0.4640625 0.015625 0.01640625
0 0.446875 0.475 0.01640625 0.015625
0 0.459375 0.4921875 0.01484375 0.01640625
0 0.46171875 0.46875 0.01796875 0.01640625
0 0.475 0.49609375 0.0171875 0.01953125
0 0.5 0.5109375 0.015625 0.0171875
0 0.51796875 0.521875 0.01640625 0.01640625
0 0.53125 0.53125 0.01875 0.01796875