0 0.63671875 0.8625 0.025 0.025
0 0.63828125 0.83828125 0.025 0.0265625
0 0.65625 0.8484375 0.021875 0.025
0 0.675 0.85390625 0.0234375 0.025
0 0.67421875 0.83203125 0.025 0.028125
0 0.57890625 0.878125 0.028125 0.028125
0 0.44375 0.89375 0.028125 0.028125
0 0.3828125 0.7921875 0.028125 0.0265625
0 0.37265625 0.765625 0.025 0.028125
0 0.3921875 0.7546875 0.025 0.025
0 0.3421875 0.76640625 0.025 0.03125
0 0.29765625 0.72890625 0.0265625 0.025
0 0.39375 0.67734375 0.028125 0.028125
0 0.41328125 0.7015625 0.025 0.028125
0 0.43125 0.72109375 0.025 0.0265625
0 0.4609375 0.7296875 0.028125 0.025
0 0.44921875 0.71171875 0.0234375 0.025
0 0.4328125 0.69765625 0.025 0.025
0 0.45078125 0.68125 0.025 0.025
0 0.46953125 0.70234375 0.025 0.025
0 0.471875 0.67890625 0.0234375 0.025
0 0.49140625 0.66015625 0.0234375 0.025
0 0.4703125 0.7625 0.025 0.028125
0 0.48984375 0.753125 0.021875 0.0265625
0 0.54140625 0.7546875 0.021875 0.025
0 0.5625 0.74921875 0.0234375 0.025
0 0.52109375 0.75078125 0.0234375 0.025
0 0.5046875 0.73125 0.021875 0.025
0 0.52578125 0.728125 0.021875 0.025
0 0.546875 0.73125 0.025 0.0265625
0 0.52578125 0.7 0.025 0.025
0 0.54765625 0.69921875 0.025 0.025
0 0.5234375 0.67890625 0.025 0.025
0 0.54609375 0.6765625 0.0234375 0.025
0 0.5171875 0.6578125 0.025 0.025
0 0.5390625 0.65625 0.021875 0.025
0 0.559375 0.65 0.0234375 0.0203125
0 0.64921875 0.696875 0.025 0.025
0 0.603125 0.6703125 0.025 0.0265625
0 0.61171875 0.65078125 0.021875 0.025
0 0.646875 0.67578125 0.0234375 0.025
0 0.65234375 0.6546875 0.025 0.025
0 0.63203125 0.64765625 0.021875 0.0265625
0 0.5921875 0.6421875 0.0234375 0.025
0 0.61015625 0.62578125 0.025 0.025
0 0.65546875 0.6328125 0.0234375 0.0234375
0 0.67265625 0.61953125 0.0234375 0.025
0 0.64375 0.615625 0.021875 0.025
0 0.6234375 0.609375 0.021875 0.0234375
0 0.64609375 0.58984375 0.025 0.025
0 0.603125 0.60546875 0.025 0.0265625
0 0.5765625 0.62890625 0.021875 0.025
0 0.54609375 0.62734375 0.021875 0.025
0 0.56171875 0.63671875 0.025 0.025
0 0.528125 0.63984375 0.0234375 0.025
0 0.50546875 0.64296875 0.021875 0.025
0 0.4796875 0.6421875 0.025 0.025
0 0.4578125 0.64375 0.025 0.025
0 0.51328125 0.62265625 0.025 0.025
0 0.51015625 0.59921875 0.025 0.025
0 0.48203125 0.58125 0.0265625 0.025
0 0.5953125 0.5625 0.025 0.025
0 0.62890625 0.534375 0.025 0.025
0 0.60234375 0.540625 0.025 0.025
0 0.525 0.5515625 0.025 0.0265625
0 0.5203125 0.528125 0.025 0.025
0 0.5484375 0.5421875 0.0234375 0.025
0 0.49765625 0.5359375 0.025 0.0265625
0 0.45 0.53984375 0.025 0.025
0 0.37734375 0.59140625 0.025 0.0265625
0 0.35703125 0.58828125 0.025 0.025
0 0.334375 0.578125 0.025 0.025
0 0.3375 0.55625 0.0265625 0.025
0 0.359375 0.55546875 0.0265625 0.028125
0 0.34921875 0.5234375 0.025 0.025
0 0.34609375 0.49921875 0.025 0.0265625
0 0.359375 0.4671875 0.0265625 0.0265625
0 0.54140625 0.4390625 0.025 0.025
0 0.4671875 0.440625 0.028125 0.025
0 0.4515625 0.42265625 0.025 0.025
0 0.47890625 0.4203125 0.025 0.025
0 0.4703125 0.3953125 0.025 0.025
0 0.4984375 0.40859375 0.0234375 0.025
0 0.51796875 0.39765625 0.025 0.028125
0 0.48828125 0.3828125 0.021875 0.025
0 0.4453125 0.4015625 0.025 0.0265625
0 0.3765625 0.4203125 0.025 0.028125
0 0.3453125 0.4140625 0.0265625 0.028125
0 0.271875 0.4953125 0.03125 0.0296875
0 0.203125 0.459375 0.028125 0.028125
0 0.18046875 0.38984375 0.028125 0.03125
0 0.228125 0.378125 0.028125 0.028125
0 0.26171875 0.38984375 0.025 0.028125
0 0.33359375 0.3625 0.028125 0.0265625
0 0.36015625 0.37109375 0.025 0.028125
0 0.3484375 0.340625 0.025 0.028125
0 0.3703125 0.3515625 0.025 0.025
0 0.38203125 0.3265625 0.025 0.028125
0 0.3546875 0.31015625 0.025 0.0265625
0 0.325 0.278125 0.0265625 0.025
0 0.34765625 0.2875 0.025 0.028125
0 0.36875 0.2890625 0.025 0.025
0 0.45625 0.2640625 0.025 0.025
0 0.43203125 0.27265625 0.025 0.025
0 0.434375 0.25234375 0.025 0.025
0 0.4078125 0.26328125 0.025 0.0265625
0 0.43515625 0.2953125 0.025 0.025
0 0.41171875 0.284375 0.021875 0.025
0 0.41875 0.30859375 0.0234375 0.025
0 0.40546875 0.37109375 0.025 0.025
0 0.42109375 0.353125 0.025 0.025
0 0.4234375 0.33203125 0.025 0.025
0 0.453125 0.33046875 0.0234375 0.025
0 0.43828125 0.31640625 0.025 0.025
0 0.45 0.353125 0.025 0.025
0 0.47109375 0.34609375 0.025 0.025
0 0.46484375 0.303125 0.025 0.0265625
0 0.47421875 0.3234375 0.0234375 0.0265625
0 0.490625 0.340625 0.025 0.025
0 0.52265625 0.3515625 0.025 0.021875
0 0.5109375 0.33671875 0.0234375 0.0234375
0 0.50546875 0.31875 0.025 0.025
0 0.5015625 0.359375 0.025 0.0265625
0 0.52421875 0.3671875 0.025 0.025
0 0.57109375 0.40390625 0.025 0.025
0 0.55390625 0.3671875 0.0265625 0.021875
0 0.546875 0.34609375 0.025 0.025
0 0.559375 0.38671875 0.0265625 0.025
0 0.58046875 0.3796875 0.025 0.0265625
0 0.57265625 0.3546875 0.025 0.025
0 0.5921875 0.3546875 0.0234375 0.0234375
0 0.60859375 0.3671875 0.025 0.025
0 0.62421875 0.3515625 0.025 0.025
0 0.6078125 0.3375 0.025 0.028125
0 0.56640625 0.33359375 0.025 0.0265625
0 0.58828125 0.3328125 0.025 0.028125
0 0.53515625 0.3296875 0.025 0.025
0 0.5765625 0.31484375 0.021875 0.025
0 0.596875 0.3109375 0.025 0.025
0 0.5546875 0.31015625 0.025 0.025
0 0.56875 0.29296875 0.0265625 0.028125
0 0.58359375 0.278125 0.025 0.025
0 0.584375 0.25546875 0.025 0.025
0 0.5796875 0.234375 0.025 0.025
0 0.56796875 0.21328125 0.025 0.0265625
0 0.58515625 0.2 0.028125 0.0265625
0 0.56796875 0.16875 0.0234375 0.0265625
0 0.58203125 0.15390625 0.025 0.028125
0 0.546875 0.15546875 0.025 0.0265625
0 0.565625 0.1390625 0.0234375 0.0265625
0 0.525 0.1765625 0.025 0.028125
0 0.5046875 0.1640625 0.025 0.028125
0 0.52265625 0.14453125 0.025 0.025
0 0.38046875 0.2171875 0.028125 0.028125
0 0.3734375 0.18828125 0.025 0.028125
0 0.39296875 0.16484375 0.028125 0.028125
0 0.40546875 0.146875 0.028125 0.028125
0 0.44921875 0.16484375 0.028125 0.028125
0 0.45078125 0.1390625 0.025 0.0296875
0 0.48984375 0.140625 0.0265625 0.0265625
0 0.5078125 0.1265625 0.025 0.028125