0 0.12421875 0.76640625 0.025 0.0234375
0 0.1796875 0.1890625 0.021875 0.0234375
0 0.096875 0.11953125 0.0234375 0.021875
0 0.21171875 0.815625 0.021875 0.0203125
0 0.1375 0.6546875 0.025 0.0234375
0 0.4828125 0.825 0.021875 0.021875
0 0.55234375 0.83828125 0.021875 0.021875
0 0.28125 0.175 0.021875 0.021875
0 0.2578125 0.28359375 0.021875 0.021875
0 0.39765625 0.11796875 0.021875 0.021875
0 0.2390625 0.76484375 0.021875 0.021875
0 0.4203125 0.6015625 0.021875 0.021875
0 0.1953125 0.29375 0.021875 0.021875
0 0.5421875 0.7875 0.021875 0.021875
0 0.08125 0.57578125 0.025 0.021875
0 0.44296875 0.2421875 0.021875 0.021875
0 0.56953125 0.3875 0.021875 0.021875
0 0.28125 0.2171875 0.021875 0.021875
0 0.6015625 0.684375 0.021875 0.021875
0 0.228125 0.79296875 0.0234375 0.021875
0 0.1484375 0.5953125 0.025 0.025
0 0.31875 0.38125 0.021875 0.021875
0 0.48671875 0.7265625 0.021875 0.021875
0 0.425 0.1671875 0.021875 0.025
0 0.284375 0.2875 0.0234375 0.0234375
0 0.5328125 0.753125 0.025 0.021875
0 0.30859375 0.1703125 0.021875 0.021875
0 0.62265625 0.8046875 0.021875 0.021875
0 0.49921875 0.3734375 0.021875 0.021875
0 0.29921875 0.259375 0.021875 0.021875
0 0.44140625 0.77109375 0.021875 0.021875
0 0.21328125 0.69921875 0.0234375 0.021875
0 0.5046875 0.5484375 0.025 0.021875
0 0.13515625 0.40859375 0.025 0.021875
0 0.16640625 0.340625 0.021875 0.021875
0 0.48203125 0.68984375 0.021875 0.021875
0 0.27109375 0.7109375 0.0234375 0.021875
0 0.2 0.325 0.021875 0.021875
0 0.1625 0.3625 0.021875 0.021875
0 0.2953125 0.77421875 0.025 0.021875
0 0.44921875 0.7171875 0.021875 0.021875
0 0.428125 0.7453125 0.025 0.021875
0 0.36328125 0.15625 0.021875 0.025
0 0.175 0.6578125 0.0234375 0.021875
0 0.38671875 0.21953125 0.0234375 0.021875
0 0.14375 0.45625 0.021875 0.0203125
0 0.3234375 0.7640625 0.0234375 0.021875
0 0.225 0.33515625 0.025 0.021875
0 0.48125 0.66875 0.021875 0.025
0 0.38359375 0.1734375 0.021875 0.021875
0 0.2625 0.678125 0.021875 0.021875
0 0.20546875 0.35546875 0.021875 0.021875
0 0.45078125 0.46796875 0.0234375 0.021875
0 0.2 0.58828125 0.0234375 0.021875
0 0.325 0.215625 0.021875 0.021875
0 0.3171875 0.234375 0.0234375 0.025
0 0.15 0.49375 0.025 0.021875
0 0.35703125 0.20390625 0.021875 0.021875
0 0.3640625 0.58984375 0.021875 0.021875
0 0.18203125 0.63828125 0.025 0.021875
0 0.41953125 0.72109375 0.021875 0.021875
0 0.209375 0.67421875 0.025 0.021875
0 0.39765625 0.71171875 0.021875 0.021875
0 0.33984375 0.23984375 0.021875 0.021875
0 0.2421875 0.6359375 0.0234375 0.021875
0 0.44453125 0.55 0.021875 0.021875
0 0.35234375 0.7390625 0.0234375 0.021875
0 0.215625 0.3859375 0.0234375 0.021875
0 0.18203125 0.5671875 0.0234375 0.021875
0 0.371875 0.5015625 0.021875 0.021875
0 0.36171875 0.22578125 0.021875 0.021875
0 0.275 0.65546875 0.021875 0.021875
0 0.2953125 0.72890625 0.021875 0.021875
0 0.18203125 0.38203125 0.025 0.021875
0 0.2125 0.6265625 0.021875 0.0203125
0 0.328125 0.671875 0.0234375 0.021875
0 0.46640625 0.51328125 0.025 0.021875
0 0.328125 0.7296875 0.021875 0.021875
0 0.365625 0.3453125 0.025 0.021875
0 0.4796875 0.39296875 0.021875 0.021875
0 0.31640625 0.55859375 0.021875 0.021875
0 0.21015625 0.55546875 0.0234375 0.021875
0 0.73671875 0.47890625 0.021875 0.021875
0 0.34765625 0.63203125 0.021875 0.021875
0 0.6921875 0.62109375 0.0234375 0.0234375
0 0.46875 0.53828125 0.021875 0.021875
0 0.1640625 0.54453125 0.0234375 0.021875
0 0.21640625 0.6515625 0.025 0.021875
0 0.29296875 0.68984375 0.021875 0.021875
0 0.34296875 0.5671875 0.025 0.025
0 0.30234375 0.7484375 0.025 0.021875
0 0.31015625 0.70390625 0.025 0.0234375
0 0.425 0.31328125 0.0234375 0.021875
0 0.37890625 0.6953125 0.021875 0.021875
0 0.43203125 0.509375 0.021875 0.025
0 0.2390625 0.57578125 0.0234375 0.021875
0 0.32578125 0.4625 0.0234375 0.021875
0 0.303125 0.58359375 0.021875 0.021875
0 0.35625 0.690625 0.021875 0.021875
0 0.325 0.51328125 0.0234375 0.021875
0 0.28515625 0.4390625 0.025 0.021875
0 0.44765625 0.384375 0.021875 0.021875
0 0.28828125 0.62890625 0.021875 0.021875
0 0.34921875 0.71171875 0.021875 0.021875
0 0.36796875 0.38125 0.025 0.021875
0 0.29765625 0.65625 0.0234375 0.021875
0 0.33125 0.415625 0.021875 0.021875
0 0.359375 0.47734375 0.021875 0.021875
0 0.25703125 0.43203125 0.0234375 0.021875
0 0.2765625 0.5640625 0.0234375 0.021875
0 0.34375 0.60625 0.025 0.021875
0 0.22421875 0.41875 0.025 0.021875
0 0.31171875 0.63359375 0.0234375 0.021875
0 0.25625 0.5921875 0.025 0.021875
0 0.32890625 0.4375 0.021875 0.021875
0 0.31328125 0.6046875 0.0234375 0.021875
0 0.26796875 0.61171875 0.0234375 0.021875
0 0.37109375 0.715625 0.0234375 0.021875
0 0.38984375 0.3359375 0.021875 0.021875
0 0.2046875 0.40859375 0.021875 0.021875
0 0.27265625 0.54296875 0.0234375 0.021875
0 0.446875 0.33125 0.0234375 0.021875
0 0.18828125 0.5328125 0.0234375 0.021875
0 0.26953125 0.4625 0.0234375 0.021875
0 0.409375 0.4796875 0.0234375 0.021875
0 0.1609375 0.44375 0.021875 0.0203125
0 0.203125 0.43984375 0.0234375 0.021875
0 0.47265625 0.3734375 0.025 0.021875
0 0.45625 0.3515625 0.0234375 0.021875
0 0.18125 0.40703125 0.021875 0.021875
0 0.18203125 0.45390625 0.021875 0.021875
0 0.44375 0.52734375 0.021875 0.021875
0 0.25 0.5390625 0.0234375 0.0234375
0 0.33203125 0.64921875 0.021875 0.021875
0 0.29765625 0.47734375 0.0234375 0.021875
0 0.16328125 0.471875 0.0234375 0.021875
0 0.42578125 0.44609375 0.0234375 0.0234375
0 0.8140625 0.5515625 0.0234375 0.021875
0 0.21484375 0.528125 0.021875 0.021875
0 0.3015625 0.515625 0.021875 0.021875
0 0.7640625 0.48125 0.0234375 0.021875
0 0.175 0.49375 0.021875 0.021875
0 0.3953125 0.3578125 0.021875 0.021875
0 0.21796875 0.4703125 0.021875 0.021875
0 0.2234375 0.50859375 0.025 0.021875
0 0.1578125 0.4203125 0.021875 0.021875
0 0.38359375 0.4640625 0.0234375 0.021875
0 0.253125 0.5140625 0.0234375 0.021875
0 0.23125 0.44609375 0.0234375 0.021875
0 0.16875 0.515625 0.0234375 0.0234375
0 0.4234375 0.35 0.021875 0.021875
0 0.39765625 0.38125 0.021875 0.021875
0 0.2359375 0.4859375 0.025 0.021875
0 0.17734375 0.42890625 0.0234375 0.021875
0 0.28828125 0.49765625 0.025 0.021875
0 0.42109375 0.37109375 0.021875 0.021875
0 0.77421875 0.5453125 0.021875 0.021875
0 0.18671875 0.47734375 0.021875 0.021875
0 0.415625 0.39921875 0.025 0.021875
0 0.88203125 0.55390625 0.021875 0.021875
0 0.27421875 0.51484375 0.0234375 0.021875
0 0.190625 0.5109375 0.021875 0.021875
0 0.7875 0.471875 0.0234375 0.021875
0 0.26484375 0.4890625 0.025 0.021875
0 0.8890625 0.51796875 0.021875 0.021875
0 0.3515625 0.4359375 0.021875 0.021875
0 0.41171875 0.3328125 0.021875 0.021875
0 0.24609375 0.465625 0.0234375 0.021875
0 0.81640625 0.571875 0.021875 0.0234375
0 0.853125 0.5734375 0.021875 0.021875
0 0.2078125 0.49453125 0.0234375 0.021875
0 0.79375 0.5453125 0.021875 0.0203125
0 0.3921875 0.43828125 0.021875 0.021875
0 0.40625 0.4578125 0.021875 0.021875
0 0.3546875 0.41484375 0.021875 0.021875
0 0.375 0.41171875 0.0234375 0.0234375
0 0.39609375 0.4125 0.021875 0.021875
0 0.37109375 0.44453125 0.0234375 0.021875
0 0.80234375 0.59921875 0.0234375 0.021875
0 0.77109375 0.5015625 0.0265625 0.021875
0 0.4109375 0.428125 0.025 0.0234375