0 0.63359375 0.75546875 0.0140625 0.015625
0 0.6421875 0.7453125 0.0125 0.0140625
0 0.60859375 0.7578125 0.0125 0.015625
0 0.6078125 0.740625 0.0140625 0.0171875
0 0.6546875 0.73203125 0.0125 0.015625
0 0.65234375 0.7140625 0.015625 0.015625
0 0.56875 0.759375 0.0125 0.015625
0 0.58203125 0.75546875 0.015625 0.015625
0 0.56171875 0.74609375 0.015625 0.015625
0 0.546875 0.7375 0.0140625 0.015625
0 0.55625 0.73203125 0.0125 0.015625
0 0.53203125 0.73984375 0.015625 0.015625
0 0.54609375 0.72265625 0.0140625 0.015625
0 0.5640625 0.71875 0.0140625 0.015625
0 0.53359375 0.7234375 0.0125 0.015625
0 0.55234375 0.7109375 0.0125 0.0140625
0 0.5171875 0.721875 0.015625 0.015625
0 0.5359375 0.70859375 0.0140625 0.015625
0 0.55078125 0.696875 0.015625 0.015625
0 0.52109375 0.70859375 0.015625 0.015625
0 0.53984375 0.68828125 0.0125 0.015625
0 0.50625 0.70703125 0.015625 0.015625
0 0.50546875 0.69375 0.0140625 0.0140625
0 0.48671875 0.69921875 0.0140625 0.015625
0 0.49609375 0.67890625 0.0140625 0.015625
0 0.51484375 0.67421875 0.0125 0.015625
0 0.50703125 0.66328125 0.0125 0.0125
0 0.53359375 0.67578125 0.0125 0.0140625
0 0.52421875 0.66640625 0.015625 0.0140625
0 0.5171875 0.65546875 0.0125 0.0140625
0 0.53828125 0.6578125 0.0140625 0.0140625
0 0.528125 0.64765625 0.0140625 0.0125
0 0.55 0.66640625 0.015625 0.015625
0 0.5578125 0.6765625 0.0140625 0.0140625
0 0.54296875 0.64609375 0.0125 0.0140625
0 0.5765625 0.69140625 0.0125 0.015625
0 0.5703125 0.678125 0.0125 0.0140625
0 0.565625 0.665625 0.0125 0.0140625
0 0.55859375 0.6546875 0.0125 0.0125
0 0.55546875 0.6421875 0.0125 0.0140625
0 0.58125 0.67265625 0.0125 0.0140625
0 0.57890625 0.65703125 0.0140625 0.015625
0 0.5984375 0.6515625 0.015625 0.015625
0 0.6125 0.65078125 0.015625 0.015625
0 0.60390625 0.63984375 0.0125 0.0125
0 0.6203125 0.690625 0.0140625 0.015625
0 0.6375 0.68671875 0.0125 0.015625
0 0.6234375 0.67890625 0.0125 0.0140625
0 0.6359375 0.6734375 0.0125 0.015625
0 0.621875 0.665625 0.015625 0.0140625
0 0.63359375 0.65859375 0.0125 0.0140625
0 0.62421875 0.646875 0.0140625 0.0140625
0 0.62421875 0.6265625 0.0140625 0.0140625
0 0.6875 0.68046875 0.015625 0.015625
0 0.6734375 0.675 0.0125 0.0140625
0 0.659375 0.67265625 0.0140625 0.015625
0 0.6703125 0.6609375 0.0140625 0.015625
0 0.65546875 0.646875 0.015625 0.015625
0 0.67421875 0.6421875 0.0140625 0.015625
0 0.68828125 0.63203125 0.0140625 0.015625
0 0.6546875 0.6296875 0.0140625 0.0140625
0 0.6453125 0.62109375 0.015625 0.0140625
0 0.6671875 0.6203125 0.0140625 0.0140625
0 0.47265625 0.6828125 0.015625 0.015625
0 0.45703125 0.67890625 0.0140625 0.015625
0 0.47734375 0.66953125 0.015625 0.015625
0 0.44453125 0.65703125 0.0140625 0.015625
0 0.434375 0.62578125 0.0140625 0.015625
0 0.440625 0.6015625 0.0125 0.0140625
0 0.46015625 0.5984375 0.0125 0.015625
0 0.4484375 0.58828125 0.0140625 0.0140625
0 0.46796875 0.5875 0.0125 0.015625
0 0.4421875 0.57734375 0.015625 0.015625
0 0.4578125 0.5796875 0.0125 0.015625
0 0.4375 0.5640625 0.015625 0.015625
0 0.509375 0.61953125 0.0125 0.015625
0 0.52578125 0.621875 0.0140625 0.015625
0 0.52421875 0.6078125 0.0140625 0.015625
0 0.509375 0.6015625 0.0140625 0.015625
0 0.509375 0.58828125 0.0140625 0.015625
0 0.51875 0.57265625 0.0125 0.015625
0 0.53203125 0.575 0.0125 0.0140625
0 0.5421875 0.56328125 0.0125 0.0140625
0 0.56171875 0.56015625 0.015625 0.015625
0 0.53203125 0.55703125 0.0125 0.0171875
0 0.56171875 0.54296875 0.015625 0.015625
0 0.50078125 0.56171875 0.0125 0.0140625
0 0.4859375 0.55390625 0.0125 0.015625
0 0.4984375 0.5484375 0.0125 0.0125
0 0.47109375 0.5453125 0.0125 0.0140625
0 0.5109375 0.5546875 0.0125 0.0125
0 0.51171875 0.5421875 0.0140625 0.0140625
0 0.4953125 0.5375 0.0140625 0.0140625
0 0.50625 0.53046875 0.0125 0.0125
0 0.48359375 0.5421875 0.0140625 0.0125
0 0.47890625 0.53046875 0.0140625 0.015625
0 0.49453125 0.525 0.0125 0.0140625
0 0.48984375 0.5125 0.0125 0.015625
0 0.5015625 0.5109375 0.0125 0.0140625
0 0.48984375 0.49765625 0.0140625 0.015625
0 0.48125 0.4890625 0.0140625 0.0140625
0 0.4640625 0.534375 0.0125 0.0140625
0 0.46953125 0.52265625 0.0140625 0.015625
0 0.45234375 0.54765625 0.0140625 0.015625
0 0.4171875 0.56015625 0.015625 0.015625
0 0.40859375 0.54453125 0.0125 0.015625
0 0.42265625 0.5421875 0.015625 0.0140625
0 0.4390625 0.54296875 0.0140625 0.015625
0 0.45390625 0.52890625 0.0125 0.0140625
0 0.4421875 0.52421875 0.0125 0.015625
0 0.453125 0.51640625 0.0125 0.0140625
0 0.4609375 0.5078125 0.0140625 0.015625
0 0.42890625 0.5234375 0.0125 0.0140625
0 0.4390625 0.5125 0.0125 0.015625
0 0.44453125 0.50078125 0.0125 0.015625
0 0.415625 0.5234375 0.0125 0.0140625
0 0.40703125 0.51171875 0.0125 0.015625
0 0.41796875 0.50390625 0.0125 0.0140625
0 0.39296875 0.50859375 0.015625 0.0140625
0 0.40234375 0.5 0.0125 0.0125
0 0.4015625 0.48828125 0.0125 0.0125
0 0.384375 0.48203125 0.0125 0.015625
0 0.39609375 0.478125 0.0125 0.0140625
0 0.38515625 0.4671875 0.0140625 0.0125
0 0.40625 0.46875 0.0125 0.0125
0 0.42265625 0.47734375 0.0125 0.015625
0 0.375 0.45625 0.0125 0.015625
0 0.45390625 0.47109375 0.0125 0.0125
0 0.46640625 0.471875 0.0125 0.015625
0 0.43984375 0.46328125 0.0140625 0.015625
0 0.43203125 0.453125 0.0125 0.0140625
0 0.42578125 0.43984375 0.0140625 0.015625
0 0.4578125 0.45859375 0.0125 0.015625
0 0.446875 0.44140625 0.0125 0.0140625
0 0.459375 0.446875 0.0125 0.0140625
0 0.46953125 0.453125 0.0125 0.0140625
0 0.47578125 0.440625 0.0125 0.015625
0 0.46328125 0.43515625 0.0140625 0.015625
0 0.4578125 0.42109375 0.015625 0.0140625
0 0.428125 0.42265625 0.0140625 0.015625
0 0.41875 0.4109375 0.0140625 0.015625
0 0.4109375 0.4015625 0.0125 0.0140625
0 0.41796875 0.3921875 0.0125 0.0140625
0 0.409375 0.38125 0.0125 0.015625
0 0.41328125 0.3703125 0.0125 0.015625
0 0.378125 0.37734375 0.0125 0.0140625
0 0.38828125 0.36953125 0.0125 0.015625
0 0.4 0.36796875 0.0125 0.015625
0 0.38203125 0.359375 0.0125 0.0140625
0 0.39453125 0.3578125 0.0125 0.0125
0 0.40859375 0.35703125 0.0125 0.0140625
0 0.3984375 0.34609375 0.0125 0.0140625
0 0.4125 0.3453125 0.0125 0.0140625
0 0.4625 0.4015625 0.0125 0.0140625
0 0.45390625 0.390625 0.015625 0.015625
0 0.4453125 0.38046875 0.0125 0.0125
0 0.45859375 0.38046875 0.0125 0.0140625
0 0.49453125 0.42265625 0.0125 0.0140625
0 0.4875 0.4109375 0.0125 0.0140625
0 0.47265625 0.371875 0.015625 0.015625
0 0.453125 0.359375 0.0125 0.0125
0 0.48984375 0.353125 0.0140625 0.015625
0 0.4390625 0.3578125 0.015625 0.015625
0 0.446875 0.346875 0.0125 0.0140625
0 0.47421875 0.340625 0.0125 0.0140625
0 0.32109375 0.36328125 0.015625 0.015625
0 0.34609375 0.4078125 0.0140625 0.015625
0 0.75078125 0.6265625 0.015625 0.015625
0 0.759375 0.58046875 0.015625 0.015625
0 0.6734375 0.5890625 0.0125 0.0171875
0 0.67734375 0.5703125 0.0125 0.015625
0 0.66171875 0.58515625 0.0125 0.0140625
0 0.665625 0.56484375 0.0125 0.015625
0 0.6484375 0.56328125 0.0125 0.0125
0 0.653125 0.575 0.015625 0.0125
0 0.63671875 0.56015625 0.0140625 0.015625
0 0.65625 0.55390625 0.0125 0.015625
0 0.66953125 0.5515625 0.0125 0.015625
0 0.73046875 0.55546875 0.015625 0.015625
0 0.63046875 0.54765625 0.0140625 0.015625
0 0.6171875 0.53203125 0.0140625 0.015625
0 0.653125 0.52890625 0.0125 0.015625
0 0.6671875 0.5328125 0.0140625 0.015625
0 0.68359375 0.534375 0.0140625 0.01875
0 0.68203125 0.5140625 0.015625 0.015625
0 0.696875 0.5125 0.0125 0.015625
0 0.67109375 0.5046875 0.015625 0.015625
0 0.68203125 0.49765625 0.0140625 0.0125
0 0.7 0.50078125 0.0125 0.0140625
0 0.7078125 0.490625 0.0125 0.0140625
0 0.68984375 0.478125 0.0140625 0.015625
0 0.7078125 0.4765625 0.0125 0.015625
0 0.590625 0.50703125 0.0125 0.0140625
0 0.603125 0.4984375 0.0140625 0.0125
0 0.575 0.50234375 0.0125 0.0140625
0 0.5859375 0.49453125 0.0125 0.0125
0 0.6015625 0.48515625 0.0125 0.0125
0 0.575 0.4890625 0.0125 0.0125
0 0.5859375 0.47890625 0.0125 0.0125
0 0.60390625 0.471875 0.0125 0.015625
0 0.625 0.4828125 0.0125 0.0140625
0 0.57265625 0.4765625 0.0140625 0.015625
0 0.590625 0.46796875 0.015625 0.015625
0 0.575 0.46171875 0.0140625 0.015625
0 0.62265625 0.46953125 0.0125 0.0125
0 0.634375 0.4640625 0.0140625 0.0125
0 0.63203125 0.4515625 0.0140625 0.0125
0 0.6078125 0.4484375 0.015625 0.0140625
0 0.6125 0.43671875 0.015625 0.0140625
0 0.59609375 0.44140625 0.0125 0.015625
0 0.628125 0.4390625 0.0125 0.0140625
0 0.64140625 0.44140625 0.0125 0.015625
0 0.646875 0.4296875 0.0125 0.0140625
0 0.66015625 0.42578125 0.015625 0.015625
0 0.63203125 0.42734375 0.015625 0.015625
0 0.603125 0.42265625 0.0140625 0.015625
0 0.61875 0.42421875 0.0125 0.015625
0 0.6390625 0.41875 0.0140625 0.0125
0 0.6484375 0.4078125 0.0140625 0.015625
0 0.62265625 0.40390625 0.0125 0.015625
0 0.6 0.409375 0.0125 0.015625
0 0.60859375 0.39765625 0.0125 0.015625
0 0.63359375 0.403125 0.0125 0.015625
0 0.67890625 0.40625 0.0125 0.015625
0 0.71953125 0.4109375 0.015625 0.015625
0 0.7265625 0.41796875 0.0125 0.0125
0 0.70078125 0.39140625 0.015625 0.015625
0 0.6640625 0.4015625 0.0125 0.015625
0 0.61796875 0.38515625 0.0125 0.015625
0 0.59609375 0.38359375 0.0140625 0.015625
0 0.63984375 0.39296875 0.0125 0.0140625
0 0.65078125 0.39375 0.0125 0.015625
0 0.64140625 0.3796875 0.0125 0.0125
0 0.671875 0.38046875 0.0125 0.015625
0 0.64296875 0.36640625 0.0125 0.015625
0 0.65703125 0.371875 0.015625 0.015625
0 0.66796875 0.36171875 0.015625 0.0125
0 0.628125 0.37109375 0.015625 0.015625
0 0.609375 0.36328125 0.0140625 0.015625
0 0.6203125 0.3453125 0.0140625 0.0171875
0 0.5421875 0.43359375 0.0125 0.015625
0 0.56015625 0.425 0.0125 0.015625
0 0.55 0.41875 0.0125 0.015625
0 0.55234375 0.403125 0.0140625 0.0140625
0 0.55234375 0.3890625 0.0140625 0.0140625
0 0.5390625 0.41328125 0.0140625 0.015625
0 0.56953125 0.359375 0.0125 0.0140625
0 0.55859375 0.3390625 0.0125 0.0140625
0 0.571875 0.32578125 0.0125 0.0125
0 0.55625 0.31796875 0.0125 0.015625
0 0.55546875 0.30625 0.0125 0.0125
0 0.57109375 0.30390625 0.015625 0.015625
0 0.5421875 0.2921875 0.0140625 0.0125
0 0.5375 0.2796875 0.0171875 0.0140625
0 0.54140625 0.26796875 0.015625 0.0140625