0 0.21875 0.04921875 0.02265625 0.0234375
0 0.23515625 0.0578125 0.0171875 0.02421875
0 0.22109375 0.02421875 0.02109375 0.02265625
0 0.2484375 0.03671875 0.0203125 0.02265625
0 0.28984375 0.04921875 0.0234375 0.03046875
0 0.30703125 0.03203125 0.02265625 0.0234375
0 0.48671875 0.14609375 0.0265625 0.025
0 0.33046875 0.0640625 0.02109375 0.021875
0 0.46171875 0.1625 0.02265625 0.025
0 0.3703125 0.10859375 0.0203125 0.025
0 0.45625 0.13984375 0.01796875 0.03046875
0 0.48515625 0.11796875 0.02265625 0.0265625
0 0.44375 0.1828125 0.01875 0.025
0 0.465625 0.18515625 0.01875 0.02734375
0 0.4890625 0.175 0.021875 0.02734375
0 0.52421875 0.14296875 0.02421875 0.0265625
0 0.559375 0.12890625 0.02421875 0.03046875
0 0.475 0.20625 0.021875 0.02734375
0 0.49765625 0.1953125 0.02421875 0.028125
0 0.53203125 0.209375 0.021875 0.03046875
0 0.49296875 0.22109375 0.02421875 0.02734375
0 0.5140625 0.240625 0.0265625 0.02890625
0 0.41328125 0.1953125 0.0203125 0.0265625
0 0.46953125 0.23671875 0.0234375 0.02578125
0 0.41640625 0.225 0.02421875 0.0265625
0 0.3578125 0.2125 0.01953125 0.0234375
0 0.39296875 0.23125 0.0203125 0.02890625
0 0.42109375 0.25703125 0.025 0.02734375
0 0.34140625 0.1921875 0.02109375 0.028125
0 0.365625 0.2421875 0.02265625 0.02890625
0 0.40390625 0.28125 0.028125 0.025
0 0.6921875 0.4953125 0.03046875 0.03046875
0 0.75078125 0.4453125 0.03046875 0.03125
0 0.78359375 0.4421875 0.03125 0.034375
0 0.68359375 0.47109375 0.0328125 0.0265625
0 0.7078125 0.45078125 0.0296875 0.02578125
0 0.72890625 0.47421875 0.02890625 0.03125
0 0.6625 0.4953125 0.028125 0.0328125
0 0.6953125 0.4265625 0.02734375 0.02578125
0 0.740625 0.40078125 0.03125 0.0328125
0 0.72890625 0.3375 0.02890625 0.03671875
0 0.65390625 0.4625 0.025 0.02890625
0 0.609375 0.425 0.021875 0.02734375
0 0.6328125 0.44140625 0.0265625 0.02578125
0 0.51875 0.38671875 0.02109375 0.02578125
0 0.58515625 0.42109375 0.025 0.02734375
0 0.503125 0.41015625 0.0234375 0.025
0 0.55 0.428125 0.025 0.028125
0 0.5015625 0.4375 0.025 0.0265625
0 0.440625 0.40234375 0.0234375 0.02421875
0 0.45625 0.4328125 0.025 0.0265625
0 0.375 0.371875 0.02109375 0.02578125
0 0.3953125 0.37890625 0.01796875 0.02421875
0 0.35703125 0.38203125 0.01953125 0.025
0 0.35078125 0.40859375 0.01875 0.0234375
0 0.32265625 0.3875 0.02109375 0.0234375
0 0.3203125 0.43203125 0.01640625 0.02421875
0 0.31015625 0.40703125 0.0171875 0.0203125
0 0.3078125 0.45390625 0.0203125 0.0234375
0 0.296875 0.43359375 0.01328125 0.02109375
0 0.30390625 0.42578125 0.01796875 0.021875
0 0.28359375 0.26875 0.0203125 0.02734375
0 0.33828125 0.34609375 0.021875 0.02734375
0 0.2859375 0.45625 0.0203125 0.02421875
0 0.25703125 0.30703125 0.0234375 0.02734375
0 0.22578125 0.346875 0.021875 0.0265625
0 0.2015625 0.33671875 0.015625 0.02578125
0 0.2125 0.365625 0.01875 0.02421875
0 0.23515625 0.3734375 0.0203125 0.0234375
0 0.1953125 0.396875 0.0234375 0.0234375
0 0.215625 0.39375 0.01875 0.025
0 0.175 0.3890625 0.01796875 0.01875
0 0.22265625 0.4140625 0.0234375 0.02265625
0 0.16484375 0.4140625 0.02265625 0.02109375
0 0.2203125 0.4421875 0.02109375 0.0265625
0 0.1609375 0.44609375 0.01953125 0.02578125
0 0.15625 0.48515625 0.0203125 0.0234375
0 0.16484375 0.5125 0.01796875 0.0203125
0 0.14453125 0.50546875 0.015625 0.0234375
0 0.175 0.4921875 0.02265625 0.02109375
0 0.240625 0.5 0.01953125 0.02421875
0 0.25546875 0.49453125 0.02265625 0.03046875
0 0.278125 0.5140625 0.02421875 0.02421875
0 0.2265625 0.51484375 0.02421875 0.025
0 0.26171875 0.5328125 0.02109375 0.02421875
0 0.234375 0.5375 0.01796875 0.02421875
0 0.153125 0.546875 0.01953125 0.0234375
0 0.17109375 0.54140625 0.01953125 0.0265625
0 0.21484375 0.5609375 0.02421875 0.02890625
0 0.16171875 0.78984375 0.0171875 0.01953125
0 0.14375 0.76015625 0.01796875 0.02265625
0 0.20703125 0.721875 0.02109375 0.01640625
0 0.203125 0.7515625 0.01640625 0.021875
0 0.159375 0.77265625 0.0234375 0.0234375
0 0.19296875 0.7390625 0.02265625 0.02265625
0 0.29453125 0.5703125 0.0234375 0.0234375
0 0.29921875 0.596875 0.02109375 0.02578125
0 0.221875 0.60078125 0.01875 0.02578125
0 0.30390625 0.62265625 0.02578125 0.021875
0 0.225 0.62734375 0.01875 0.0234375
0 0.30703125 0.64609375 0.01953125 0.0234375
0 0.3296875 0.6609375 0.02265625 0.028125
0 0.34140625 0.67890625 0.0234375 0.02421875
0 0.21640625 0.70234375 0.021875 0.02734375
0 0.32734375 0.69609375 0.02265625 0.02890625
0 0.28359375 0.72265625 0.0203125 0.03203125
0 0.3046875 0.71171875 0.0234375 0.028125
0 0.346875 0.70546875 0.0203125 0.0296875
0 0.2609375 0.734375 0.021875 0.0265625
0 0.3390625 0.7296875 0.02578125 0.02734375
0 0.42734375 0.53046875 0.021875 0.01953125
0 0.4234375 0.57265625 0.0265625 0.02890625
0 0.57265625 0.47421875 0.03046875 0.03125
0 0.56640625 0.5015625 0.02265625 0.02734375
0 0.57421875 0.52734375 0.02734375 0.0265625
0 0.596875 0.503125 0.028125 0.028125
0 0.4265625 0.54765625 0.02578125 0.0265625
0 0.4640625 0.55078125 0.02578125 0.02890625
0 0.49453125 0.5296875 0.028125 0.028125
0 0.5828125 0.55234375 0.03046875 0.0265625
0 0.534375 0.7625 0.02578125 0.03046875
0 0.615625 0.575 0.025 0.0359375
0 0.5359375 0.59453125 0.025 0.03125
0 0.54765625 0.62578125 0.0296875 0.03359375
0 0.59140625 0.58203125 0.02734375 0.03359375
0 0.7203125 0.628125 0.03125 0.0359375
0 0.50625 0.70234375 0.02265625 0.028125
0 0.575 0.66484375 0.0265625 0.03671875
0 0.50390625 0.6625 0.02734375 0.02890625
0 0.49765625 0.72890625 0.02421875 0.03046875
0 0.52265625 0.73203125 0.02734375 0.03125
0 0.54921875 0.721875 0.02421875 0.034375
0 0.57265625 0.70625 0.02578125 0.03359375
0 0.3234375 0.77421875 0.02265625 0.025
0 0.35546875 0.78203125 0.02578125 0.03359375
0 0.29609375 0.7953125 0.02109375 0.02265625
0 0.31875 0.81796875 0.02265625 0.0265625
0 0.33828125 0.83828125 0.021875 0.0328125
0 0.5078125 0.7625 0.0265625 0.03203125
0 0.53046875 0.79140625 0.03046875 0.028125
0 0.55 0.81640625 0.02734375 0.02734375
0 0.68359375 0.74296875 0.03359375 0.0390625
0 0.51875 0.81328125 0.025 0.0375
0 0.5390625 0.84375 0.02734375 0.034375