0 0.20546875 0.1578125 0.046875 0.0375
0 0.22265625 0.1890625 0.040625 0.03125
0 0.1875 0.17578125 0.04375 0.028125
0 0.2734375 0.359375 0.0484375 0.0359375
0 0.82578125 0.34453125 0.046875 0.034375
0 0.428125 0.2609375 0.0453125 0.034375
0 0.76171875 0.60234375 0.0578125 0.0453125
0 0.53046875 0.21328125 0.0375 0.0265625
0 0.39453125 0.31484375 0.0421875 0.0328125
0 0.36796875 0.59140625 0.0546875 0.04375
0 0.4953125 0.25859375 0.040625 0.03125
0 0.3890625 0.53671875 0.0515625 0.04375
0 0.43359375 0.65859375 0.05625 0.0484375
0 0.6375 0.2703125 0.040625 0.0296875
0 0.4875 0.2828125 0.040625 0.03125
0 0.7328125 0.31953125 0.04375 0.03125
0 0.80546875 0.49921875 0.0515625 0.040625
0 0.8 0.54296875 0.0515625 0.0390625
0 0.44296875 0.4796875 0.0484375 0.0375
0 0.4484375 0.3203125 0.046875 0.0328125
0 0.809375 0.38984375 0.046875 0.0359375
0 0.74453125 0.53046875 0.0546875 0.0390625
0 0.58984375 0.28515625 0.040625 0.03125
0 0.64140625 0.29296875 0.0421875 0.03125
0 0.6765625 0.30390625 0.04375 0.03125
0 0.5625 0.61328125 0.053125 0.04375
0 0.45234375 0.5578125 0.0515625 0.040625
0 0.76953125 0.509375 0.0546875 0.0390625
0 0.41796875 0.5796875 0.0515625 0.040625
0 0.43125 0.621875 0.0546875 0.0453125
0 0.73203125 0.4703125 0.0515625 0.0375
0 0.565625 0.55078125 0.0515625 0.040625
0 0.696875 0.325 0.0421875 0.03125
0 0.48828125 0.5234375 0.0484375 0.0375
0 0.61875 0.53828125 0.0515625 0.0375
0 0.8078125 0.4171875 0.046875 0.034375
0 0.44140625 0.45078125 0.0484375 0.0375
0 0.50234375 0.30390625 0.0421875 0.03125
0 0.71328125 0.5015625 0.0515625 0.0375
0 0.559375 0.29375 0.0421875 0.03125
0 0.5109375 0.553125 0.0515625 0.040625
0 0.4390625 0.52265625 0.0515625 0.0390625
0 0.76328125 0.38125 0.046875 0.034375
0 0.46484375 0.5921875 0.0546875 0.0421875
0 0.73125 0.4296875 0.046875 0.034375
0 0.775 0.43984375 0.0515625 0.0375
0 0.6578125 0.4921875 0.0515625 0.0359375
0 0.61953125 0.309375 0.040625 0.03125
0 0.52421875 0.5875 0.059375 0.0421875
0 0.49296875 0.325 0.04375 0.03125
0 0.46015625 0.34609375 0.04375 0.0328125
0 0.5265625 0.51328125 0.0515625 0.0375
0 0.43203125 0.42109375 0.04375 0.034375
0 0.72734375 0.39609375 0.046875 0.034375
0 0.5984375 0.48125 0.046875 0.034375
0 0.61015625 0.4640625 0.0515625 0.0359375
0 0.6890625 0.46328125 0.05 0.0375
0 0.60859375 0.509375 0.0515625 0.0375
0 0.76640625 0.41015625 0.046875 0.034375
0 0.5578125 0.315625 0.0421875 0.03125
0 0.4984375 0.34765625 0.04375 0.03125
0 0.634375 0.465625 0.04375 0.034375
0 0.59453125 0.32265625 0.040625 0.028125
0 0.56484375 0.5046875 0.0515625 0.0375
0 0.70703125 0.3671875 0.046875 0.03125
0 0.5125 0.48515625 0.05 0.0375
0 0.46953125 0.41953125 0.046875 0.034375
0 0.46171875 0.3703125 0.0453125 0.034375
0 0.51953125 0.45859375 0.046875 0.034375
0 0.55703125 0.475 0.046875 0.034375
0 0.65546875 0.32265625 0.0453125 0.03125
0 0.5296875 0.334375 0.0453125 0.0328125
0 0.52890625 0.38984375 0.04375 0.03125
0 0.68359375 0.3453125 0.04375 0.03125
0 0.55703125 0.446875 0.0484375 0.0375
0 0.51640625 0.43046875 0.0484375 0.0359375
0 0.66875 0.371875 0.04375 0.03125
0 0.50234375 0.40625 0.04375 0.034375
0 0.5015625 0.37109375 0.0453125 0.034375
0 0.60625 0.39296875 0.0453125 0.034375
0 0.6921875 0.4359375 0.0484375 0.034375
0 0.5671875 0.3375 0.0421875 0.03125
0 0.64453125 0.34453125 0.04375 0.03125
0 0.54375 0.36328125 0.04375 0.0328125
0 0.5421875 0.41484375 0.046875 0.034375
0 0.64609375 0.38984375 0.046875 0.034375
0 0.5984375 0.44765625 0.046875 0.034375
0 0.60625 0.3453125 0.0453125 0.03125
0 0.61875 0.42578125 0.046875 0.034375
0 0.684375 0.40078125 0.046875 0.034375
0 0.65234375 0.41484375 0.046875 0.034375
0 0.58203125 0.409375 0.046875 0.034375
0 0.59140625 0.36953125 0.0359375 0.0234375
0 0.56640625 0.3859375 0.040625 0.03125
0 0.45390625 0.39453125 0.04375 0.034375
0 0.65390625 0.44140625 0.046875 0.034375
0 0.48203125 0.44375 0.046875 0.034375
0 0.6296875 0.36640625 0.04375 0.03125
0 0.58359375 0.35859375 0.0375 0.0265625