0 0.4421875 0.36953125 0.0296875 0.03125
0 0.37109375 0.296875 0.0296875 0.0328125
0 0.32734375 0.35 0.0296875 0.0328125
0 0.21640625 0.4 0.0296875 0.03125
0 0.371875 0.16953125 0.0296875 0.034375
0 0.5671875 0.765625 0.03125 0.03125
0 0.90625 0.665625 0.0328125 0.0359375
0 0.925 0.79375 0.0328125 0.0328125
0 0.37109375 0.4046875 0.03125 0.0328125
0 0.88046875 0.590625 0.0328125 0.0359375
0 0.490625 0.42421875 0.0296875 0.03125
0 0.69296875 0.609375 0.0328125 0.0328125
0 0.6609375 0.7453125 0.03125 0.0328125
0 0.5640625 0.39375 0.03125 0.0328125
0 0.55390625 0.67421875 0.0328125 0.0328125
0 0.46640625 0.7703125 0.03125 0.03125
0 0.515625 0.7875 0.03125 0.03125
0 0.3671875 0.478125 0.03125 0.0359375
0 0.6484375 0.578125 0.0328125 0.0328125
0 0.49140625 0.61015625 0.0328125 0.03125
0 0.3640625 0.36484375 0.03125 0.0328125
0 0.5171875 0.759375 0.03125 0.0328125
0 0.275 0.48046875 0.03125 0.0328125
0 0.5859375 0.4609375 0.0296875 0.0328125
0 0.56953125 0.79453125 0.03125 0.0328125
0 0.6234375 0.59375 0.03125 0.0328125
0 0.30703125 0.425 0.0296875 0.03125
0 0.5765625 0.6390625 0.03125 0.0328125
0 0.4265625 0.74375 0.0296875 0.03125
0 0.32265625 0.584375 0.0296875 0.0296875
0 0.17265625 0.43671875 0.03125 0.0296875
0 0.47890625 0.74140625 0.0328125 0.0328125
0 0.51875 0.4671875 0.03125 0.0328125
0 0.37421875 0.5546875 0.03125 0.0328125
0 0.60234375 0.746875 0.0296875 0.0328125
0 0.32109375 0.409375 0.0296875 0.03125
0 0.40859375 0.7640625 0.03125 0.0328125
0 0.37109375 0.60390625 0.03125 0.03125
0 0.34921875 0.58125 0.03125 0.034375
0 0.68984375 0.6890625 0.0328125 0.0328125
0 0.54375 0.7453125 0.0328125 0.0328125
0 0.70546875 0.6671875 0.0328125 0.0328125
0 0.30078125 0.4609375 0.03125 0.0328125
0 0.4765625 0.6328125 0.0296875 0.0328125
0 0.5109375 0.63828125 0.0328125 0.03125
0 0.4484375 0.59140625 0.0328125 0.0359375
0 0.77421875 0.43984375 0.0328125 0.0328125
0 0.13515625 0.33671875 0.03125 0.0296875
0 0.0953125 0.809375 0.0328125 0.0296875
0 0.5375 0.93125 0.0296875 0.0328125
0 0.6078125 0.68515625 0.03125 0.0328125
0 0.44453125 0.640625 0.0296875 0.034375
0 0.33359375 0.6078125 0.0296875 0.0328125
0 0.49453125 0.81796875 0.03125 0.0328125
0 0.40546875 0.54453125 0.0328125 0.0328125
0 0.49453125 0.48046875 0.0328125 0.0328125
0 0.54140625 0.7765625 0.0328125 0.03125
0 0.4484375 0.41328125 0.0328125 0.0328125
0 0.48984375 0.79140625 0.03125 0.03125
0 0.50625 0.7234375 0.03125 0.0328125
0 0.57734375 0.86875 0.03125 0.0328125
0 0.46953125 0.8078125 0.0328125 0.03125
0 0.62265625 0.6953125 0.0328125 0.0328125
0 0.490625 0.765625 0.03125 0.0328125
0 0.59765625 0.80859375 0.03125 0.0328125
0 0.5765625 0.74140625 0.03125 0.0328125
0 0.48203125 0.54765625 0.0328125 0.0359375
0 0.9375 0.61328125 0.0328125 0.0328125
0 0.54453125 0.80546875 0.0296875 0.0328125
0 0.3359375 0.79375 0.0296875 0.0296875
0 0.44765625 0.78984375 0.03125 0.03125
0 0.434375 0.76875 0.0328125 0.0328125
0 0.2515625 0.45625 0.03125 0.0328125
0 0.38828125 0.93125 0.0296875 0.03125
0 0.321875 0.8203125 0.03125 0.03125
0 0.23515625 0.440625 0.03125 0.0296875
0 0.290625 0.44453125 0.0296875 0.0296875
0 0.35703125 0.784375 0.0328125 0.0328125
0 0.83515625 0.66796875 0.0375 0.034375
0 0.42109375 0.91796875 0.03125 0.03125
0 0.43203125 0.71953125 0.03125 0.0328125
0 0.4109375 0.9453125 0.03125 0.0296875
0 0.296875 0.89140625 0.03125 0.0328125
0 0.22421875 0.8546875 0.0296875 0.0296875
0 0.46640625 0.8328125 0.0328125 0.0328125
0 0.15390625 0.846875 0.0296875 0.0296875
0 0.45703125 0.7203125 0.0296875 0.0328125
0 0.175 0.83828125 0.0296875 0.0296875
0 0.11796875 0.83671875 0.0328125 0.0296875
0 0.32109375 0.84765625 0.0328125 0.03125
0 0.97265625 0.7359375 0.0328125 0.0328125
0 0.140625 0.825 0.0328125 0.0296875
0 0.3140625 0.7828125 0.0296875 0.03125
0 0.3953125 0.74140625 0.03125 0.03125
0 0.2890625 0.85546875 0.0328125 0.0296875
0 0.34375 0.7625 0.0328125 0.03125
0 0.2 0.85625 0.03125 0.03125
0 0.43515625 0.8453125 0.0328125 0.03125
0 0.378125 0.75703125 0.0296875 0.03125
0 0.28125 0.7890625 0.0296875 0.0296875
0 0.23984375 0.78203125 0.03125 0.0296875
0 0.38203125 0.81875 0.03125 0.0328125
0 0.28125 0.815625 0.0296875 0.0296875
0 0.4578125 0.89609375 0.0328125 0.0328125
0 0.18203125 0.7859375 0.0296875 0.0296875
0 0.29375 0.76875 0.0296875 0.0296875
0 0.40546875 0.715625 0.0328125 0.0328125
0 0.37109375 0.8578125 0.03125 0.034375
0 0.26875 0.865625 0.03125 0.0328125
0 0.1375 0.796875 0.0296875 0.03125
0 0.3109375 0.87109375 0.03125 0.0328125
0 0.109375 0.78984375 0.0328125 0.0296875
0 0.31875 0.75859375 0.03125 0.0296875
0 0.3 0.83046875 0.0328125 0.03125
0 0.3625 0.73828125 0.03125 0.0328125
0 0.39765625 0.88046875 0.03125 0.0328125
0 0.2484375 0.85 0.0296875 0.0296875
0 0.29921875 0.74375 0.0328125 0.03125
0 0.33515625 0.740625 0.03125 0.03125
0 0.1609375 0.76640625 0.0328125 0.03125
0 0.1953125 0.8328125 0.028125 0.03125
0 0.25234375 0.825 0.0328125 0.0296875
0 0.33515625 0.871875 0.0328125 0.034375
0 0.45546875 0.746875 0.0328125 0.03125
0 0.346875 0.71640625 0.03125 0.03125
0 0.228125 0.82890625 0.0296875 0.0296875
0 0.1375 0.77109375 0.0296875 0.0296875
0 0.35625 0.921875 0.0328125 0.0328125
0 0.21171875 0.81328125 0.03125 0.0296875
0 0.2453125 0.7578125 0.0328125 0.03125
0 0.18515625 0.8109375 0.0328125 0.03125
0 0.2609375 0.7765625 0.03125 0.0296875
0 0.21640625 0.78828125 0.0328125 0.0296875
0 0.31796875 0.7203125 0.0296875 0.03125
0 0.2734375 0.75234375 0.03125 0.0296875
0 0.16171875 0.81484375 0.03125 0.0296875
0 0.27734375 0.7296875 0.03125 0.0296875
0 0.20625 0.74609375 0.0296875 0.0296875
0 0.3 0.8078125 0.03125 0.03125
0 0.20234375 0.76875 0.03125 0.0328125
0 0.3796875 0.72109375 0.0328125 0.0328125
0 0.9640625 0.425 0.034375 0.0328125
0 0.26015625 0.7984375 0.0296875 0.0296875
0 0.2265625 0.80859375 0.034375 0.0296875
0 0.271875 0.83671875 0.03125 0.03125
0 0.16015625 0.79296875 0.0296875 0.0296875
0 0.1171875 0.8125 0.0296875 0.0296875
0 0.51953125 0.7046875 0.03125 0.0359375
0 0.2234375 0.765625 0.0296875 0.034375