0 0.4546875 0.17734375 0.028125 0.02890625
0 0.38046875 0.19296875 0.03046875 0.0359375
0 0.4 0.43828125 0.0328125 0.0328125
0 0.45 0.46171875 0.03046875 0.03359375
0 0.40078125 0.5375 0.02734375 0.03359375
0 0.54296875 0.52890625 0.03671875 0.03359375
0 0.55 0.509375 0.0328125 0.03046875
0 0.56953125 0.46328125 0.0328125 0.0359375
0 0.56015625 0.36328125 0.03125 0.03359375
0 0.59375 0.3578125 0.02890625 0.03203125
0 0.71328125 0.4734375 0.03203125 0.0359375
0 0.59453125 0.64609375 0.03359375 0.0375
0 0.559375 0.67109375 0.03125 0.0328125
0 0.43203125 0.75 0.03515625 0.0390625
0 0.5828125 0.778125 0.0328125 0.03828125
0 0.728125 0.6078125 0.03828125 0.0375
0 0.80546875 0.675 0.03359375 0.04609375