0 0.54375 0.4671875 0.0109375 0.0109375
0 0.40234375 0.56015625 0.0078125 0.0078125
0 0.41875 0.54765625 0.00703125 0.00703125
0 0.515625 0.73359375 0.009375 0.009375
0 0.51328125 0.721875 0.01015625 0.009375
0 0.521875 0.70390625 0.0078125 0.009375
0 0.51328125 0.70234375 0.00859375 0.00859375
0 0.50390625 0.70390625 0.00859375 0.009375
0 0.5234375 0.69453125 0.0078125 0.009375
0 0.51484375 0.69296875 0.00859375 0.00859375
0 0.50703125 0.6953125 0.0078125 0.00859375
0 0.49921875 0.69296875 0.0078125 0.009375
0 0.4921875 0.69765625 0.0078125 0.00859375
0 0.5203125 0.68515625 0.0078125 0.00859375
0 0.5375 0.6859375 0.0078125 0.01015625
0 0.509375 0.68515625 0.00703125 0.00859375
0 0.5015625 0.684375 0.0078125 0.01015625
0 0.49296875 0.68046875 0.0078125 0.00859375
0 0.51484375 0.67734375 0.00703125 0.00859375
0 0.53359375 0.675 0.0078125 0.00859375
0 0.5046875 0.67578125 0.0078125 0.009375
0 0.49921875 0.6703125 0.00703125 0.00859375
0 0.48984375 0.66640625 0.0078125 0.00859375
0 0.5046875 0.66328125 0.0078125 0.00859375
0 0.496875 0.66171875 0.0078125 0.00859375
0 0.48515625 0.65859375 0.0078125 0.00859375
0 0.53515625 0.665625 0.0078125 0.00859375
0 0.5203125 0.6640625 0.0078125 0.009375
0 0.52578125 0.65703125 0.00703125 0.00859375
0 0.5375 0.6546875 0.0078125 0.009375
0 0.52734375 0.64765625 0.0078125 0.00859375
0 0.5125 0.65625 0.0078125 0.009375
0 0.5046875 0.65390625 0.009375 0.009375
0 0.51328125 0.64765625 0.0078125 0.00859375
0 0.50546875 0.64453125 0.00859375 0.009375
0 0.49375 0.653125 0.0078125 0.0078125
0 0.49296875 0.64453125 0.0078125 0.00859375
0 0.48671875 0.64921875 0.00859375 0.00859375
0 0.4796875 0.64375 0.0078125 0.009375
0 0.48515625 0.63515625 0.00859375 0.00859375
0 0.49609375 0.63515625 0.00859375 0.009375
0 0.51328125 0.6390625 0.0078125 0.0078125
0 0.52578125 0.6375 0.00859375 0.0078125
0 0.5046875 0.6359375 0.0078125 0.00703125
0 0.51015625 0.63046875 0.00859375 0.009375
0 0.503125 0.62734375 0.0078125 0.009375
0 0.4921875 0.62734375 0.0078125 0.0078125
0 0.48203125 0.6265625 0.0078125 0.00703125
0 0.475 0.6203125 0.00859375 0.0078125
0 0.49296875 0.61875 0.00703125 0.00859375
0 0.50078125 0.61953125 0.0078125 0.0078125
0 0.52890625 0.6265625 0.00703125 0.00859375
0 0.5234375 0.61875 0.00703125 0.0078125
0 0.515625 0.61875 0.00703125 0.0078125
0 0.51171875 0.61171875 0.0078125 0.00859375
0 0.49609375 0.61171875 0.00703125 0.00703125
0 0.4890625 0.6109375 0.00703125 0.0078125
0 0.49375 0.60390625 0.0078125 0.0078125
0 0.503125 0.60625 0.0078125 0.00859375
0 0.515625 0.6015625 0.0078125 0.0078125
0 0.48203125 0.60546875 0.0078125 0.00703125
0 0.4765625 0.59921875 0.0078125 0.00703125
0 0.4703125 0.59296875 0.00703125 0.009375
0 0.490625 0.596875 0.0078125 0.0078125
0 0.5 0.59921875 0.00703125 0.00703125
0 0.5078125 0.59921875 0.0078125 0.00859375
0 0.51484375 0.5921875 0.0078125 0.0078125
0 0.50390625 0.5921875 0.00703125 0.0078125
0 0.50859375 0.58515625 0.00703125 0.0078125
0 0.49921875 0.58515625 0.00703125 0.0078125
0 0.4921875 0.5875 0.0078125 0.00859375
0 0.490625 0.58046875 0.00703125 0.0078125
0 0.47734375 0.5796875 0.0078125 0.00859375
0 0.50234375 0.57734375 0.00703125 0.0078125
0 0.51015625 0.57578125 0.00703125 0.0078125
0 0.51953125 0.57421875 0.00703125 0.0078125
0 0.5140625 0.56796875 0.00625 0.00703125
0 0.52109375 0.5640625 0.00625 0.00703125
0 0.50625 0.56484375 0.00703125 0.0078125
0 0.5 0.5703125 0.00703125 0.0078125
0 0.49375 0.56640625 0.0078125 0.0078125
0 0.48359375 0.56875 0.0078125 0.00859375
0 0.48203125 0.5578125 0.0078125 0.0078125
0 0.471875 0.56171875 0.00703125 0.0078125
0 0.4671875 0.54921875 0.0078125 0.0078125
0 0.48515625 0.54921875 0.00703125 0.0078125
0 0.47734375 0.54765625 0.009375 0.0078125
0 0.49609375 0.55859375 0.00703125 0.0078125
0 0.50703125 0.55703125 0.00703125 0.00859375
0 0.51484375 0.55703125 0.00703125 0.00703125
0 0.52265625 0.55546875 0.00703125 0.00859375
0 0.51796875 0.54921875 0.00703125 0.00859375
0 0.51015625 0.54609375 0.0078125 0.00859375
0 0.5015625 0.55234375 0.00703125 0.00859375
0 0.49453125 0.54609375 0.00703125 0.00859375
0 0.4921875 0.53828125 0.00703125 0.0078125
0 0.4859375 0.53359375 0.00703125 0.009375
0 0.47890625 0.53828125 0.00703125 0.0078125
0 0.50390625 0.5359375 0.00703125 0.0078125
0 0.5171875 0.5390625 0.0078125 0.00859375
0 0.53671875 0.5375 0.00859375 0.009375
0 0.5125 0.53203125 0.0078125 0.00703125
0 0.52421875 0.521875 0.00859375 0.009375
0 0.52109375 0.53125 0.0078125 0.00859375
0 0.48828125 0.525 0.0078125 0.0078125
0 0.5 0.52265625 0.00859375 0.0078125
0 0.47890625 0.52734375 0.0078125 0.00703125
0 0.47109375 0.52265625 0.0078125 0.0078125
0 0.48125 0.51875 0.0078125 0.0078125
0 0.471875 0.51484375 0.0078125 0.0078125
0 0.490625 0.51640625 0.009375 0.0078125
0 0.490625 0.5078125 0.00859375 0.0078125
0 0.48046875 0.50859375 0.0078125 0.00859375
0 0.46328125 0.51328125 0.00859375 0.01015625
0 0.475 0.49921875 0.00859375 0.009375
0 0.46875 0.50625 0.00859375 0.01015625
0 0.459375 0.5015625 0.0078125 0.0078125
0 0.4875 0.49921875 0.00859375 0.009375
0 0.48984375 0.49140625 0.0078125 0.00859375
0 0.4796875 0.4859375 0.00859375 0.009375
0 0.46640625 0.4875 0.00859375 0.00703125
0 0.45703125 0.48984375 0.009375 0.00859375
0 0.45703125 0.48046875 0.01015625 0.00859375
0 0.46640625 0.496875 0.009375 0.0109375
0 0.4640625 0.478125 0.00859375 0.009375
0 0.45703125 0.4703125 0.0078125 0.00859375
0 0.46796875 0.46953125 0.00859375 0.009375
0 0.46171875 0.46328125 0.01171875 0.009375
0 0.478125 0.47734375 0.00859375 0.009375
0 0.49375 0.4765625 0.009375 0.00859375
0 0.48515625 0.4734375 0.009375 0.01015625
0 0.4875 0.4640625 0.0078125 0.01015625
0 0.50078125 0.46796875 0.00859375 0.01015625
0 0.5078125 0.4796875 0.0078125 0.009375
0 0.52265625 0.50546875 0.00859375 0.01015625
0 0.51328125 0.5046875 0.01015625 0.009375
0 0.5265625 0.49765625 0.00859375 0.01015625
0 0.5171875 0.49765625 0.0078125 0.00859375
0 0.52265625 0.4875 0.00859375 0.009375
0 0.515625 0.48203125 0.00859375 0.01015625
0 0.4953125 0.44765625 0.00859375 0.009375
0 0.48203125 0.44921875 0.00859375 0.009375
0 0.47109375 0.45078125 0.01015625 0.009375