0 0.1453125 0.10859375 0.025 0.02578125
0 0.3796875 0.0796875 0.02421875 0.025
0 0.41328125 0.07421875 0.02265625 0.021875
0 0.321875 0.121875 0.025 0.02734375
0 0.33828125 0.22109375 0.02265625 0.02734375
0 0.3515625 0.09453125 0.0234375 0.0234375
0 0.403125 0.1046875 0.02109375 0.02109375
0 0.3390625 0.19140625 0.0234375 0.02421875
0 0.37578125 0.1296875 0.02421875 0.02578125
0 0.33203125 0.14296875 0.02265625 0.021875
0 0.3625 0.171875 0.0234375 0.025
0 0.40546875 0.14765625 0.021875 0.02421875
0 0.29765625 0.10546875 0.02578125 0.02421875
0 0.3265625 0.09921875 0.025 0.02421875
0 0.37421875 0.10546875 0.021875 0.0234375
0 0.3578125 0.14375 0.02421875 0.025
0 0.18125 0.18515625 0.02421875 0.025
0 0.19296875 0.29140625 0.025 0.02421875
0 0.31796875 0.1796875 0.02265625 0.0234375
0 0.378125 0.1546875 0.021875 0.0234375
0 0.159375 0.19609375 0.025 0.02578125
0 0.375 0.35390625 0.0234375 0.02265625
0 0.36171875 0.2 0.02109375 0.025
0 0.384375 0.3765625 0.025 0.02265625
0 0.16875 0.2421875 0.02578125 0.02578125
0 0.57578125 0.5671875 0.02265625 0.028125
0 0.20390625 0.3375 0.02265625 0.02265625
0 0.353125 0.121875 0.025 0.025
0 0.1625 0.28671875 0.0265625 0.025
0 0.3625 0.4015625 0.025 0.02265625
0 0.32578125 0.38203125 0.02421875 0.025
0 0.40234375 0.3953125 0.0234375 0.02109375
0 0.30859375 0.15 0.01484375 0.01640625
0 0.20546875 0.36484375 0.025 0.0234375
0 0.19765625 0.25546875 0.025 0.025
0 0.36953125 0.3265625 0.02265625 0.02421875
0 0.18359375 0.22265625 0.02578125 0.0265625
0 0.17421875 0.3125 0.025 0.025
0 0.2046875 0.31484375 0.02265625 0.025
0 0.146875 0.22109375 0.02578125 0.0265625
0 0.17578125 0.26640625 0.02578125 0.02421875
0 0.23125 0.378125 0.025 0.025
0 0.3671875 0.42421875 0.025 0.02421875
0 0.3359375 0.1671875 0.02578125 0.02421875
0 0.2203125 0.28203125 0.02734375 0.025
0 0.31328125 0.22109375 0.025 0.02578125
0 0.54453125 0.83984375 0.02421875 0.025
0 0.265625 0.2265625 0.02734375 0.025
0 0.36015625 0.29140625 0.0203125 0.02578125
0 0.2578125 0.3453125 0.02578125 0.0265625
0 0.22890625 0.34921875 0.025 0.025
0 0.33984375 0.2578125 0.0265625 0.025
0 0.33984375 0.4171875 0.0234375 0.021875
0 0.309375 0.4 0.02421875 0.02578125
0 0.290625 0.13203125 0.02578125 0.0265625
0 0.40078125 0.42265625 0.02421875 0.02578125
0 0.346875 0.440625 0.02578125 0.02421875
0 0.47578125 0.52265625 0.0234375 0.025
0 0.21640625 0.3984375 0.025 0.025
0 0.275 0.571875 0.025 0.02421875
0 0.37578125 0.44609375 0.02421875 0.02578125
0 0.28359375 0.41875 0.02421875 0.028125
0 0.30546875 0.44921875 0.02578125 0.0265625
0 0.80234375 0.71953125 0.025 0.02578125
0 0.40234375 0.4453125 0.02421875 0.02421875
0 0.190625 0.3890625 0.025 0.025
0 0.25625 0.3828125 0.025 0.02578125
0 0.21484375 0.42421875 0.025 0.025
0 0.4296875 0.44296875 0.025 0.025
0 0.2953125 0.16875 0.02734375 0.02421875
0 0.23984375 0.39921875 0.025 0.02578125
0 0.24296875 0.596875 0.025 0.025
0 0.25703125 0.6171875 0.02421875 0.021875
0 0.2953125 0.284375 0.028125 0.02421875
0 0.228125 0.31953125 0.025 0.0265625
0 0.2515625 0.5265625 0.025 0.02578125
0 0.19140625 0.415625 0.025 0.025
0 0.22890625 0.61953125 0.025 0.0265625
0 0.7453125 0.784375 0.02421875 0.02578125
0 0.25 0.553125 0.025 0.025
0 0.28359375 0.61484375 0.02265625 0.02421875
0 0.2703125 0.596875 0.025 0.025
0 0.1625 0.3625 0.02578125 0.025
0 0.27734375 0.55 0.02578125 0.025
0 0.41875 0.46328125 0.02265625 0.02421875
0 0.19921875 0.51015625 0.025 0.025
0 0.228125 0.54375 0.025 0.025
0 0.19453125 0.44453125 0.02421875 0.02421875
0 0.215625 0.4828125 0.025 0.025
0 0.24453125 0.6421875 0.025 0.025
0 0.21796875 0.59375 0.025 0.02578125
0 0.56015625 0.63515625 0.02265625 0.02578125
0 0.41171875 0.7203125 0.0265625 0.0265625
0 0.43125 0.7328125 0.0234375 0.0234375
0 0.24453125 0.47734375 0.02578125 0.02578125
0 0.346875 0.06875 0.02734375 0.02421875
0 0.2921875 0.59140625 0.015625 0.01640625
0 0.4921875 0.75390625 0.0234375 0.0234375
0 0.4109375 0.69609375 0.02578125 0.02421875
0 0.353125 0.6828125 0.025 0.025
0 0.271875 0.6375 0.0234375 0.0234375
0 0.4796875 0.5890625 0.025 0.02578125
0 0.28671875 0.66640625 0.02421875 0.025
0 0.2015625 0.540625 0.025 0.025
0 0.334375 0.765625 0.02421875 0.025
0 0.23046875 0.5703125 0.025 0.025
0 0.50703125 0.778125 0.025 0.02421875
0 0.31015625 0.61015625 0.025 0.025
0 0.37265625 0.69609375 0.0234375 0.025
0 0.271875 0.69921875 0.025 0.025
0 0.2046875 0.63125 0.025 0.025
0 0.23984375 0.66484375 0.02421875 0.025
0 0.503125 0.60078125 0.0234375 0.021875
0 0.19375 0.6 0.025 0.025
0 0.2234375 0.68125 0.0265625 0.02421875
0 0.48359375 0.78203125 0.02421875 0.02421875
0 0.42578125 0.75625 0.0234375 0.02578125
0 0.22265625 0.64765625 0.025 0.025
0 0.40546875 0.74609375 0.02421875 0.02578125
0 0.25546875 0.50234375 0.02578125 0.02578125
0 0.38359375 0.73203125 0.025 0.025
0 0.33515625 0.6609375 0.02421875 0.025
0 0.38125 0.75625 0.02421875 0.025
0 0.3015625 0.63359375 0.0265625 0.02578125
0 0.35546875 0.77578125 0.02421875 0.02578125
0 0.39453125 0.6765625 0.025 0.025
0 0.459375 0.7890625 0.025 0.02421875
0 0.46875 0.76171875 0.02421875 0.0265625
0 0.459375 0.71796875 0.0234375 0.02578125
0 0.44453125 0.771875 0.0203125 0.01875
0 0.31171875 0.7890625 0.02421875 0.025
0 0.29765625 0.5359375 0.025 0.0265625
0 0.371875 0.6546875 0.025 0.02578125
0 0.2796875 0.4921875 0.02421875 0.02734375
0 0.24375 0.70234375 0.025 0.02578125
0 0.2609375 0.721875 0.02578125 0.02421875
0 0.19140625 0.478125 0.0265625 0.025
0 0.28515625 0.72109375 0.02421875 0.0265625
0 0.2296875 0.5140625 0.025 0.0265625
0 0.421875 0.7796875 0.0234375 0.02265625
0 0.26328125 0.675 0.02421875 0.0265625
0 0.47265625 0.7375 0.025 0.025
0 0.39296875 0.778125 0.0234375 0.025
0 0.4484375 0.7484375 0.02421875 0.025