0 0.303125 0.80234375 0.025 0.028125
0 0.31015625 0.88125 0.028125 0.03125
0 0.33359375 0.8765625 0.028125 0.03125
0 0.33203125 0.90859375 0.028125 0.0328125
0 0.365625 0.92734375 0.03125 0.0296875
0 0.3515625 0.89609375 0.0265625 0.0328125
0 0.37578125 0.8984375 0.0296875 0.034375
0 0.4015625 0.896875 0.028125 0.034375
0 0.375 0.8671875 0.028125 0.034375
0 0.4 0.865625 0.03125 0.0328125
0 0.4296875 0.86875 0.03125 0.0359375
0 0.45703125 0.85234375 0.03125 0.0375
0 0.4125 0.8421875 0.028125 0.03125
0 0.359375 0.8453125 0.025 0.0296875
0 0.31484375 0.85390625 0.025 0.03125
0 0.3359375 0.84921875 0.025 0.0296875
0 0.29296875 0.85234375 0.025 0.0296875
0 0.303125 0.8296875 0.028125 0.03125
0 0.325 0.82421875 0.025 0.03125
0 0.34609375 0.81953125 0.0265625 0.03125
0 0.3703125 0.8234375 0.028125 0.034375
0 0.39453125 0.81796875 0.028125 0.03125
0 0.41953125 0.8140625 0.0296875 0.034375
0 0.2765625 0.81484375 0.028125 0.03125
0 0.28125 0.7875 0.028125 0.0328125
0 0.27265625 0.76171875 0.0296875 0.034375
0 0.3078125 0.77421875 0.0296875 0.0328125
0 0.32578125 0.79453125 0.028125 0.0328125
0 0.3484375 0.78984375 0.028125 0.0328125
0 0.371875 0.7859375 0.028125 0.034375
0 0.3984375 0.7875 0.0296875 0.034375
0 0.41484375 0.75625 0.03125 0.0375
0 0.440625 0.76484375 0.03125 0.0375
0 0.4984375 0.771875 0.0375 0.0390625
0 0.35 0.7625 0.03125 0.034375
0 0.3296875 0.7359375 0.03125 0.0375
0 0.36328125 0.73359375 0.03125 0.0359375
0 0.38046875 0.70546875 0.0328125 0.0359375
0 0.35234375 0.68828125 0.0328125 0.034375
0 0.321875 0.66640625 0.03125 0.0359375
0 0.35078125 0.6515625 0.034375 0.034375
0 0.403125 0.66328125 0.034375 0.0375
0 0.453125 0.67890625 0.034375 0.0375
0 0.43359375 0.65 0.0328125 0.034375
0 0.3796875 0.63828125 0.0328125 0.03125
0 0.4078125 0.62890625 0.03125 0.034375
0 0.38125 0.60859375 0.034375 0.03125
0 0.40859375 0.59765625 0.03125 0.034375
0 0.2765625 0.5546875 0.0296875 0.0328125
0 0.30625 0.57734375 0.028125 0.03125
0 0.31015625 0.54609375 0.028125 0.034375
0 0.32890625 0.56484375 0.028125 0.03125
0 0.35 0.578125 0.028125 0.03125
0 0.3765625 0.578125 0.028125 0.0328125
0 0.43125 0.5453125 0.0296875 0.0359375
0 0.40546875 0.5578125 0.0296875 0.03125
0 0.36015625 0.54921875 0.028125 0.034375
0 0.33125 0.53515625 0.0265625 0.0296875
0 0.321875 0.50703125 0.0296875 0.03125
0 0.3453125 0.5140625 0.0296875 0.03125
0 0.3734375 0.52109375 0.03125 0.0328125
0 0.4046875 0.525 0.03125 0.0328125
0 0.4265625 0.4984375 0.03125 0.034375
0 0.3875 0.49140625 0.028125 0.03125
0 0.36015625 0.4921875 0.0296875 0.03125
0 0.3265625 0.4796875 0.0265625 0.0296875
0 0.34765625 0.4671875 0.025 0.028125
0 0.37265625 0.46796875 0.0296875 0.03125
0 0.4046875 0.465625 0.03125 0.034375
0 0.43203125 0.45703125 0.0296875 0.034375
0 0.38515625 0.44296875 0.028125 0.0328125
0 0.41015625 0.43359375 0.028125 0.034375
0 0.3359375 0.44140625 0.025 0.03125
0 0.3609375 0.44453125 0.0265625 0.0265625
0 0.31171875 0.4421875 0.028125 0.03125
0 0.325 0.4125 0.028125 0.03125
0 0.35 0.4171875 0.028125 0.03125
0 0.37421875 0.4171875 0.028125 0.03125
0 0.39765625 0.40078125 0.028125 0.034375
0 0.425 0.40625 0.03125 0.034375
0 0.44921875 0.38359375 0.03125 0.034375
0 0.42421875 0.3703125 0.0296875 0.0375
0 0.3453125 0.3875 0.028125 0.03125
0 0.371875 0.3875 0.0296875 0.03125
0 0.39140625 0.36953125 0.028125 0.0328125
0 0.334375 0.36015625 0.0296875 0.03125
0 0.3578125 0.36015625 0.028125 0.034375
0 0.378125 0.34296875 0.0296875 0.034375
0 0.39453125 0.3171875 0.03125 0.034375
0 0.3359375 0.33203125 0.0296875 0.03125
0 0.3609375 0.31875 0.028125 0.034375
0 0.33984375 0.30078125 0.03125 0.0328125
0 0.36328125 0.2890625 0.03125 0.034375
0 0.3234375 0.26953125 0.0296875 0.034375
0 0.30859375 0.24453125 0.0328125 0.034375
0 0.384375 0.2703125 0.0328125 0.034375
0 0.38359375 0.2375 0.03125 0.0375
0 0.39609375 0.20859375 0.034375 0.034375
0 0.37734375 0.16171875 0.0328125 0.034375