0 0.59765625 0.58046875 0.0171875 0.015625
0 0.60625 0.55234375 0.0171875 0.015625
0 0.60546875 0.5671875 0.0171875 0.015625
0 0.6203125 0.5390625 0.015625 0.015625
0 0.60703125 0.53671875 0.0140625 0.0140625
0 0.625 0.5234375 0.015625 0.015625
0 0.6109375 0.5234375 0.0140625 0.0140625
0 0.62421875 0.509375 0.0171875 0.0171875
0 0.61875 0.47578125 0.015625 0.015625
0 0.61328125 0.49140625 0.0171875 0.0171875
0 0.61171875 0.5046875 0.0171875 0.015625
0 0.60234375 0.5140625 0.0140625 0.015625
0 0.596875 0.5265625 0.015625 0.0140625
0 0.59375 0.5421875 0.015625 0.0140625
0 0.59375 0.5546875 0.0140625 0.0140625
0 0.59296875 0.56875 0.0140625 0.0140625
0 0.57109375 0.58125 0.015625 0.0140625
0 0.58046875 0.571875 0.0140625 0.0140625
0 0.58515625 0.58515625 0.015625 0.0140625
0 0.60625 0.47890625 0.0140625 0.0140625
0 0.60078125 0.49140625 0.0140625 0.0140625
0 0.59453125 0.503125 0.0140625 0.0140625
0 0.58828125 0.51640625 0.015625 0.015625
0 0.5828125 0.53125 0.0171875 0.0171875
0 0.5796875 0.54453125 0.015625 0.0140625
0 0.58046875 0.5578125 0.0140625 0.0140625
0 0.56875 0.56875 0.0140625 0.015625
0 0.58203125 0.50234375 0.015625 0.0140625
0 0.575 0.5125 0.0140625 0.0140625
0 0.57109375 0.525 0.0140625 0.015625
0 0.56796875 0.5390625 0.0140625 0.0140625
0 0.56875 0.5515625 0.015625 0.0140625
0 0.55859375 0.559375 0.0140625 0.015625
0 0.5875 0.4875 0.015625 0.0171875
0 0.59375 0.47421875 0.015625 0.0171875
0 0.58125 0.4765625 0.0140625 0.015625
0 0.6046875 0.46328125 0.0171875 0.015625
0 0.58671875 0.46484375 0.0140625 0.0140625
0 0.59921875 0.45078125 0.01875 0.01875
0 0.584375 0.45078125 0.015625 0.0171875
0 0.6109375 0.4359375 0.015625 0.0140625
0 0.60625 0.42109375 0.01875 0.01875
0 0.59375 0.434375 0.0171875 0.0171875
0 0.57734375 0.4328125 0.015625 0.015625
0 0.56484375 0.43046875 0.0171875 0.0171875
0 0.575 0.48828125 0.0140625 0.0140625
0 0.56171875 0.5140625 0.015625 0.015625
0 0.5578125 0.52890625 0.015625 0.0140625
0 0.55625 0.54375 0.0171875 0.0171875
0 0.54765625 0.59921875 0.0171875 0.0171875
0 0.5578125 0.58203125 0.0140625 0.015625
0 0.56328125 0.59375 0.0171875 0.0171875
0 0.54296875 0.58046875 0.0140625 0.015625
0 0.5453125 0.55234375 0.0140625 0.0140625
0 0.54609375 0.565625 0.015625 0.0171875
0 0.5453125 0.53515625 0.0171875 0.0171875
0 0.5484375 0.5171875 0.015625 0.0140625
0 0.56796875 0.5015625 0.015625 0.0140625
0 0.55390625 0.50390625 0.0140625 0.0140625
0 0.56796875 0.478125 0.0140625 0.0140625
0 0.56171875 0.490625 0.0140625 0.0140625
0 0.57421875 0.46640625 0.0140625 0.0140625
0 0.56015625 0.46796875 0.0140625 0.0140625
0 0.5703125 0.453125 0.0140625 0.0140625
0 0.55625 0.45546875 0.015625 0.0140625
0 0.55546875 0.47890625 0.0140625 0.0140625
0 0.5484375 0.490625 0.015625 0.0140625
0 0.53984375 0.503125 0.015625 0.0171875
0 0.53828125 0.52421875 0.015625 0.015625
0 0.53671875 0.54375 0.0140625 0.0140625
0 0.53359375 0.55859375 0.0171875 0.0171875
0 0.53046875 0.57421875 0.0171875 0.015625
0 0.51640625 0.56796875 0.0171875 0.0171875
0 0.528125 0.5328125 0.015625 0.0140625
0 0.5234375 0.5453125 0.0171875 0.015625
0 0.51484375 0.5546875 0.0171875 0.015625
0 0.50234375 0.57265625 0.01875 0.01875
0 0.54765625 0.465625 0.015625 0.015625
0 0.5421875 0.47890625 0.015625 0.0140625
0 0.5328125 0.48828125 0.015625 0.0140625
0 0.52578125 0.50078125 0.015625 0.0140625
0 0.53046875 0.5140625 0.015625 0.0140625
0 0.51953125 0.52421875 0.015625 0.015625
0 0.51171875 0.53671875 0.015625 0.0140625
0 0.55546875 0.44140625 0.015625 0.0140625
0 0.5421875 0.453125 0.015625 0.0140625
0 0.534375 0.46328125 0.015625 0.0140625
0 0.52890625 0.4765625 0.015625 0.015625
0 0.5171875 0.5109375 0.015625 0.0140625
0 0.5046875 0.52109375 0.015625 0.015625
0 0.5171875 0.48671875 0.0171875 0.0171875
0 0.51328125 0.49921875 0.015625 0.0140625
0 0.50234375 0.50625 0.0140625 0.0140625
0 0.4875 0.50703125 0.015625 0.015625
0 0.5703125 0.4046875 0.01875 0.01875
0 0.53828125 0.421875 0.01875 0.01875
0 0.5265625 0.4390625 0.01875 0.01875
0 0.56640625 0.2953125 0.01875 0.0203125
0 0.53046875 0.321875 0.01875 0.01875