0 0.7375 0.3046875 0.0328125 0.0359375
0 0.75859375 0.32421875 0.03125 0.0328125
0 0.715625 0.409375 0.0328125 0.0328125
0 0.825 0.43671875 0.03125 0.0359375
0 0.8765625 0.46875 0.0359375 0.0328125
0 0.9140625 0.51484375 0.0328125 0.03125
0 0.90546875 0.5421875 0.03125 0.0296875
0 0.88203125 0.5703125 0.03125 0.03125
0 0.86640625 0.59296875 0.0328125 0.03125
0 0.840625 0.60390625 0.0328125 0.0328125
0 0.72421875 0.58515625 0.0328125 0.0328125
0 0.67109375 0.56796875 0.0328125 0.03125
0 0.4453125 0.85625 0.0359375 0.034375
0 0.3953125 0.8765625 0.0328125 0.0359375
0 0.39609375 0.696875 0.0328125 0.034375
0 0.43203125 0.73671875 0.0296875 0.0328125
0 0.41875 0.7640625 0.03125 0.034375
0 0.61875 0.58515625 0.03125 0.0359375
0 0.590625 0.5640625 0.03125 0.03125
0 0.57890625 0.58984375 0.0296875 0.03125
0 0.57265625 0.61953125 0.0296875 0.0328125
0 0.52890625 0.6953125 0.0328125 0.0328125
0 0.54765625 0.63984375 0.03125 0.034375
0 0.553125 0.6 0.03125 0.0328125
0 0.52734375 0.621875 0.0296875 0.0296875
0 0.51953125 0.64921875 0.03125 0.0359375
0 0.50625 0.67890625 0.0328125 0.0296875
0 0.446875 0.684375 0.0328125 0.034375
0 0.540625 0.5671875 0.03125 0.0328125
0 0.5265625 0.590625 0.0296875 0.0296875
0 0.50234375 0.60859375 0.0328125 0.0328125
0 0.44453125 0.621875 0.0328125 0.03125
0 0.50390625 0.5640625 0.0328125 0.0296875
0 0.4734375 0.59765625 0.0328125 0.0328125
0 0.525 0.54296875 0.03125 0.0328125
0 0.49921875 0.5296875 0.034375 0.0328125
0 0.628125 0.4703125 0.0328125 0.0328125
0 0.5984375 0.4625 0.03125 0.0328125
0 0.5640625 0.49921875 0.0328125 0.0328125
0 0.6546875 0.36328125 0.0328125 0.0328125
0 0.58203125 0.3796875 0.034375 0.0328125
0 0.53125 0.3171875 0.0328125 0.0328125
0 0.46328125 0.16171875 0.0328125 0.0328125
0 0.4640625 0.1921875 0.0328125 0.0328125
0 0.49765625 0.22265625 0.0328125 0.0328125
0 0.48125 0.24453125 0.03125 0.0359375
0 0.4546875 0.2796875 0.0328125 0.03125
0 0.4578125 0.21953125 0.0296875 0.0359375
0 0.4515625 0.25 0.03125 0.0328125
0 0.4265625 0.19921875 0.0328125 0.0328125
0 0.43125 0.2296875 0.03125 0.034375
0 0.40078125 0.23359375 0.034375 0.0328125
0 0.43828125 0.31640625 0.0328125 0.0328125
0 0.421875 0.2640625 0.0328125 0.0328125
0 0.41953125 0.29296875 0.0296875 0.0328125
0 0.41015625 0.325 0.0328125 0.034375
0 0.39140625 0.284375 0.0328125 0.0328125
0 0.3546875 0.284375 0.0328125 0.0359375
0 0.3828125 0.3125 0.0328125 0.0328125
0 0.38515625 0.34140625 0.03125 0.0328125
0 0.37578125 0.38125 0.0328125 0.0328125
0 0.3890625 0.4546875 0.0359375 0.0328125
0 0.359375 0.35078125 0.0328125 0.0328125
0 0.33671875 0.4765625 0.0328125 0.0328125
0 0.3671875 0.41328125 0.0328125 0.0328125
0 0.35078125 0.45 0.03125 0.034375
0 0.346875 0.390625 0.0328125 0.03125
0 0.33671875 0.4234375 0.0328125 0.0359375
0 0.32109375 0.45 0.0328125 0.0328125
0 0.3 0.484375 0.0328125 0.0328125
0 0.30625 0.51640625 0.0328125 0.0328125
0 0.2671875 0.65078125 0.0359375 0.0328125
0 0.2703125 0.53671875 0.0328125 0.0328125
0 0.27578125 0.503125 0.0328125 0.0296875
0 0.3140625 0.40234375 0.0328125 0.0328125
0 0.30078125 0.428125 0.0328125 0.03125
0 0.2921875 0.45625 0.0328125 0.0328125
0 0.26875 0.47578125 0.034375 0.0328125
0 0.24296875 0.50234375 0.0390625 0.0328125
0 0.315625 0.33828125 0.0328125 0.0328125
0 0.3125 0.36875 0.034375 0.0328125
0 0.28125 0.37734375 0.0328125 0.0328125
0 0.27890625 0.40625 0.0328125 0.0328125
0 0.26484375 0.44453125 0.0328125 0.0328125
0 0.24296875 0.46328125 0.0359375 0.0296875
0 0.29140625 0.30859375 0.034375 0.0359375
0 0.2859375 0.3421875 0.03125 0.0328125
0 0.2609375 0.35859375 0.034375 0.0359375
0 0.24765625 0.38359375 0.0328125 0.034375
0 0.24921875 0.41875 0.0328125 0.0328125
0 0.21171875 0.46875 0.0328125 0.0328125
0 0.22421875 0.4328125 0.0328125 0.0328125
0 0.1921875 0.43984375 0.0328125 0.0359375
0 0.2234375 0.4 0.0328125 0.034375
0 0.19453125 0.40703125 0.0328125 0.0328125
0 0.2578125 0.30078125 0.0359375 0.034375
0 0.2078125 0.3296875 0.0328125 0.0328125
0 0.1984375 0.3734375 0.0328125 0.0328125
0 0.1671875 0.3921875 0.0359375 0.0328125
0 0.1625 0.34921875 0.0359375 0.0328125