0 0.65390625 0.48671875 0.0234375 0.0265625
0 0.51640625 0.59609375 0.025 0.025
0 0.5640625 0.42265625 0.025 0.025
0 0.6203125 0.5359375 0.025 0.025
0 0.425 0.59921875 0.025 0.025
0 0.39609375 0.559375 0.025 0.025
0 0.44765625 0.43359375 0.025 0.0234375
0 0.31484375 0.4515625 0.025 0.025
0 0.43828125 0.540625 0.0234375 0.0234375
0 0.6125 0.5890625 0.025 0.025
0 0.54453125 0.41953125 0.025 0.025
0 0.509375 0.4359375 0.025 0.025
0 0.5359375 0.56171875 0.025 0.025
0 0.51953125 0.515625 0.025 0.025
0 0.60703125 0.46875 0.025 0.025
0 0.56953125 0.61953125 0.0265625 0.028125
0 0.3078125 0.53828125 0.025 0.025
0 0.53125 0.496875 0.0234375 0.025
0 0.55234375 0.6078125 0.025 0.025
0 0.57421875 0.59375 0.025 0.025
0 0.53515625 0.5890625 0.025 0.025
0 0.57578125 0.5734375 0.025 0.025
0 0.434375 0.5609375 0.0234375 0.025
0 0.46640625 0.56796875 0.0234375 0.0234375
0 0.6234375 0.41953125 0.025 0.025
0 0.33125 0.48671875 0.025 0.025
0 0.4765625 0.4625 0.025 0.0234375
0 0.5359375 0.4578125 0.025 0.025
0 0.50390625 0.48984375 0.025 0.025
0 0.34375 0.42421875 0.025 0.0234375
0 0.32890625 0.43828125 0.025 0.025
0 0.58984375 0.51171875 0.025 0.025
0 0.490625 0.44609375 0.025 0.0234375
0 0.39375 0.58984375 0.025 0.0234375
0 0.4984375 0.54453125 0.025 0.025
0 0.5578125 0.5640625 0.0234375 0.0234375
0 0.53203125 0.60859375 0.025 0.025
0 0.50078125 0.57265625 0.025 0.0234375
0 0.49140625 0.42578125 0.025 0.025
0 0.50234375 0.52421875 0.025 0.025
0 0.58125 0.53203125 0.025 0.025
0 0.41953125 0.453125 0.025 0.025
0 0.29296875 0.45390625 0.025 0.0234375
0 0.5078125 0.403125 0.025 0.025
0 0.59921875 0.540625 0.025 0.0234375
0 0.6109375 0.55703125 0.025 0.025
0 0.43984375 0.509375 0.025 0.021875
0 0.3828125 0.4625 0.025 0.025
0 0.49296875 0.61484375 0.025 0.025
0 0.63828125 0.4703125 0.025 0.025
0 0.30078125 0.515625 0.025 0.025
0 0.52109375 0.47890625 0.0234375 0.0234375
0 0.4078125 0.425 0.025 0.025
0 0.48515625 0.559375 0.025 0.025
0 0.5203125 0.41953125 0.025 0.025
0 0.49765625 0.59453125 0.025 0.025
0 0.54375 0.51171875 0.025 0.025
0 0.5171875 0.4546875 0.025 0.0234375
0 0.4375 0.45859375 0.025 0.025
0 0.4890625 0.4796875 0.021875 0.025
0 0.61328125 0.4359375 0.025 0.025
0 0.453125 0.55390625 0.0234375 0.025
0 0.55390625 0.44140625 0.025 0.0234375
0 0.590625 0.4796875 0.025 0.025
0 0.32109375 0.56015625 0.025 0.025
0 0.42734375 0.52421875 0.0234375 0.025
0 0.6359375 0.45 0.025 0.025
0 0.4421875 0.40546875 0.025 0.025
0 0.4703125 0.540625 0.025 0.025
0 0.29921875 0.5578125 0.025 0.025
0 0.38125 0.5734375 0.025 0.0234375
0 0.40703125 0.615625 0.025 0.025
0 0.51953125 0.57578125 0.025 0.0234375
0 0.48828125 0.40625 0.0234375 0.025
0 0.6015625 0.49921875 0.025 0.025
0 0.3859375 0.6125 0.025 0.025
0 0.59296875 0.59921875 0.025 0.025
0 0.46171875 0.47578125 0.0234375 0.025
0 0.4546875 0.528125 0.025 0.0234375
0 0.53203125 0.40390625 0.025 0.0234375
0 0.428125 0.434375 0.025 0.025
0 0.31953125 0.5828125 0.025 0.025
0 0.4578125 0.6109375 0.025 0.025
0 0.53203125 0.43984375 0.025 0.0234375
0 0.59140625 0.559375 0.025 0.025
0 0.51796875 0.540625 0.025 0.025
0 0.6296875 0.496875 0.021875 0.0265625
0 0.40078125 0.4046875 0.025 0.025
0 0.5140625 0.61484375 0.025 0.025
0 0.60703125 0.40703125 0.025 0.025
0 0.3453125 0.55078125 0.025 0.025
0 0.353125 0.584375 0.025 0.025
0 0.44453125 0.59453125 0.025 0.0234375
0 0.41015625 0.57734375 0.025 0.0234375
0 0.3875 0.4828125 0.025 0.025
0 0.36640625 0.6140625 0.025 0.025
0 0.59609375 0.4234375 0.025 0.025
0 0.55859375 0.49140625 0.025 0.025
0 0.5796875 0.4359375 0.025 0.025
0 0.31875 0.52109375 0.025 0.0234375
0 0.5609375 0.53046875 0.025 0.025
0 0.41484375 0.5546875 0.025 0.025
0 0.37890625 0.4421875 0.025 0.0234375
0 0.47265625 0.41953125 0.025 0.025
0 0.34453125 0.4515625 0.025 0.025
0 0.2796875 0.509375 0.025 0.0234375
0 0.5 0.46328125 0.025 0.0234375
0 0.2875 0.53359375 0.025 0.0265625
0 0.3796875 0.4203125 0.025 0.025
0 0.3375 0.57109375 0.025 0.025
0 0.4 0.446875 0.025 0.025
0 0.36015625 0.43671875 0.025 0.025
0 0.5953125 0.57890625 0.025 0.025
0 0.3484375 0.60546875 0.025 0.025
0 0.33515625 0.5078125 0.025 0.025
0 0.390625 0.5390625 0.025 0.025
0 0.45859375 0.4578125 0.025 0.025
0 0.31015625 0.475 0.025 0.025
0 0.49375 0.50625 0.025 0.025
0 0.4234375 0.471875 0.0234375 0.025
0 0.36640625 0.48203125 0.025 0.025
0 0.34921875 0.4734375 0.0234375 0.0234375
0 0.48203125 0.525 0.025 0.025
0 0.4734375 0.62734375 0.025 0.0234375
0 0.43828125 0.6171875 0.025 0.025
0 0.46328125 0.5875 0.025 0.0234375
0 0.55390625 0.4625 0.025 0.025
0 0.46484375 0.5109375 0.025 0.025
0 0.57578125 0.45625 0.025 0.025
0 0.359375 0.5140625 0.0234375 0.021875
0 0.34296875 0.40234375 0.025 0.025
0 0.35859375 0.565625 0.025 0.0234375
0 0.3765625 0.52421875 0.025 0.025
0 0.57109375 0.54921875 0.025 0.025
0 0.3 0.578125 0.025 0.0265625
0 0.48125 0.5796875 0.0234375 0.025
0 0.3515625 0.4953125 0.025 0.0234375
0 0.34609375 0.528125 0.025 0.025
0 0.36328125 0.53828125 0.025 0.025
0 0.375 0.5015625 0.025 0.0234375
0 0.44140625 0.48203125 0.025 0.025
0 0.29453125 0.49453125 0.025 0.025
0 0.565625 0.5109375 0.025 0.025
0 0.37734375 0.378125 0.0265625 0.025
0 0.36171875 0.4125 0.025 0.025
0 0.32890625 0.54140625 0.025 0.025
0 0.5984375 0.45078125 0.025 0.0234375
0 0.39453125 0.503125 0.025 0.0234375
0 0.4125 0.50859375 0.0234375 0.025
0 0.4265625 0.49453125 0.025 0.025
0 0.571875 0.47578125 0.025 0.025
0 0.62109375 0.48515625 0.021875 0.025
0 0.275 0.490625 0.025 0.025
0 0.38125 0.4 0.0265625 0.025
0 0.359375 0.39140625 0.025 0.025
0 0.55546875 0.58359375 0.025 0.025
0 0.371875 0.59296875 0.025 0.025
0 0.315625 0.4984375 0.025 0.025
0 0.54453125 0.48046875 0.021875 0.021875
0 0.60859375 0.52265625 0.025 0.025
0 0.4765625 0.60234375 0.021875 0.025
0 0.2734375 0.44765625 0.025 0.025
0 0.2703125 0.46875 0.025 0.025
0 0.4546875 0.49453125 0.028125 0.028125
0 0.6234375 0.45703125 0.025 0.025
0 0.3984375 0.52265625 0.025 0.025
0 0.57578125 0.49453125 0.028125 0.025
0 0.5484375 0.5453125 0.025 0.025
0 0.5375 0.53046875 0.0234375 0.021875
0 0.4484375 0.575 0.021875 0.025
0 0.43046875 0.5796875 0.025 0.0265625
0 0.41171875 0.53671875 0.025 0.0234375
0 0.37734375 0.55546875 0.025 0.021875
0 0.40625 0.48671875 0.025 0.021875
0 0.4046875 0.46640625 0.025 0.0203125
0 0.475 0.4953125 0.021875 0.0234375
0 0.46796875 0.440625 0.0234375 0.025
0 0.3625 0.459375 0.0234375 0.025
0 0.3296875 0.4671875 0.025 0.021875
0 0.28984375 0.47578125 0.0234375 0.0265625
0 0.640625 0.5015625 0.021875 0.025