0 0.79921875 0.2265625 0.0203125 0.0203125
0 0.78515625 0.21953125 0.0234375 0.01875
0 0.709375 0.12578125 0.0171875 0.0171875
0 0.68984375 0.178125 0.0203125 0.01875
0 0.64609375 0.16328125 0.0203125 0.01875
0 0.596875 0.19140625 0.0203125 0.01875
0 0.5640625 0.19296875 0.0234375 0.01875
0 0.459375 0.146875 0.021875 0.021875
0 0.4390625 0.13671875 0.0203125 0.01875
0 0.4328125 0.15859375 0.0203125 0.01875
0 0.45078125 0.196875 0.0203125 0.01875
0 0.43046875 0.2171875 0.021875 0.01875
0 0.4015625 0.2203125 0.021875 0.01875
0 0.4234375 0.228125 0.0203125 0.0171875
0 0.4625 0.2734375 0.021875 0.01875
0 0.4734375 0.28359375 0.0203125 0.01875
0 0.48125 0.29921875 0.021875 0.021875
0 0.55703125 0.28125 0.0234375 0.01875
0 0.5328125 0.2828125 0.021875 0.021875
0 0.56015625 0.309375 0.0234375 0.01875
0 0.56796875 0.32578125 0.021875 0.01875
0 0.56484375 0.3421875 0.025 0.021875
0 0.6890625 0.27890625 0.0234375 0.01875
0 0.68046875 0.29375 0.0234375 0.01875
0 0.68125 0.31171875 0.025 0.0203125
0 0.7515625 0.31328125 0.0234375 0.021875
0 0.69453125 0.32265625 0.021875 0.01875
0 0.75390625 0.37109375 0.0234375 0.0203125
0 0.73671875 0.3609375 0.025 0.021875
0 0.6484375 0.36171875 0.025 0.021875
0 0.6890625 0.38359375 0.021875 0.0234375
0 0.48359375 0.35 0.0234375 0.021875
0 0.490625 0.371875 0.0234375 0.021875
0 0.41953125 0.38046875 0.0234375 0.021875
0 0.3484375 0.36875 0.025 0.021875
0 0.32421875 0.36328125 0.025 0.0203125
0 0.3140625 0.3765625 0.025 0.0203125
0 0.29609375 0.384375 0.025 0.0203125
0 0.3125 0.39765625 0.025 0.021875
0 0.76953125 0.4046875 0.025 0.025
0 0.76953125 0.43203125 0.0265625 0.025
0 0.74453125 0.43515625 0.0265625 0.025
0 0.76328125 0.46171875 0.028125 0.025
0 0.73203125 0.459375 0.025 0.025
0 0.74765625 0.503125 0.0265625 0.028125
0 0.7546875 0.5359375 0.028125 0.025
0 0.77734375 0.56875 0.028125 0.028125
0 0.80625 0.64765625 0.028125 0.028125
0 0.771875 0.63515625 0.028125 0.025
0 0.77890625 0.66484375 0.028125 0.028125
0 0.7546875 0.6515625 0.03125 0.0265625
0 0.7046875 0.65703125 0.028125 0.0265625
0 0.6859375 0.671875 0.028125 0.028125
0 0.65546875 0.6375 0.028125 0.028125
0 0.5265625 0.47265625 0.025 0.0234375
0 0.51484375 0.49375 0.025 0.0234375
0 0.5890625 0.45078125 0.025 0.021875
0 0.578125 0.4703125 0.025 0.0234375
0 0.56171875 0.490625 0.025 0.0234375
0 0.67890625 0.509375 0.028125 0.0234375
0 0.6296875 0.51484375 0.025 0.0234375
0 0.603125 0.521875 0.028125 0.025
0 0.56640625 0.5109375 0.025 0.025
0 0.5171875 0.5265625 0.025 0.0234375
0 0.6859375 0.5453125 0.028125 0.025
0 0.6625 0.5359375 0.025 0.0234375
0 0.66796875 0.55859375 0.025 0.025
0 0.7109375 0.58515625 0.028125 0.025
0 0.6953125 0.60078125 0.0265625 0.025
0 0.6859375 0.57890625 0.028125 0.025
0 0.6640625 0.58359375 0.028125 0.0265625
0 0.61015625 0.58125 0.0265625 0.025
0 0.5390625 0.54296875 0.0265625 0.025
0 0.528125 0.575 0.028125 0.025
0 0.37265625 0.43828125 0.0265625 0.025
0 0.409375 0.45703125 0.025 0.025
0 0.43515625 0.46953125 0.025 0.0203125
0 0.440625 0.48671875 0.0265625 0.021875
0 0.41640625 0.4921875 0.028125 0.025
0 0.46953125 0.52421875 0.028125 0.0234375
0 0.44921875 0.50859375 0.025 0.021875
0 0.4265625 0.5140625 0.025 0.0234375
0 0.44765625 0.52890625 0.0171875 0.021875
0 0.4328125 0.52890625 0.025 0.025
0 0.409375 0.53046875 0.025 0.021875
0 0.440625 0.55234375 0.028125 0.025
0 0.41796875 0.55 0.028125 0.025
0 0.4265625 0.5703125 0.034375 0.025
0 0.41640625 0.59140625 0.028125 0.025
0 0.38984375 0.584375 0.03125 0.0296875
0 0.4640625 0.63671875 0.028125 0.028125
0 0.43984375 0.6265625 0.03125 0.0296875
0 0.55 0.64375 0.028125 0.0265625
0 0.58671875 0.6921875 0.0296875 0.03125
0 0.5625 0.725 0.0328125 0.03125
0 0.47265625 0.67578125 0.0328125 0.0328125
0 0.4125 0.659375 0.03125 0.0296875
0 0.4015625 0.684375 0.03125 0.03125
0 0.31640625 0.71015625 0.0328125 0.0359375
0 0.32734375 0.75390625 0.034375 0.034375