0 0.36328125 0.84375 0.0265625 0.0265625
0 0.40390625 0.85078125 0.025 0.025
0 0.39375 0.78984375 0.025 0.025
0 0.3859375 0.74375 0.0265625 0.0265625
0 0.1140625 0.71953125 0.0296875 0.0296875
0 0.10625 0.68671875 0.0328125 0.03125
0 0.28515625 0.7140625 0.0265625 0.0296875
0 0.2625 0.709375 0.0265625 0.0265625
0 0.2640625 0.68671875 0.028125 0.028125
0 0.28359375 0.6890625 0.0296875 0.0296875
0 0.28359375 0.66640625 0.0265625 0.0296875
0 0.36328125 0.690625 0.025 0.025
0 0.2390625 0.61953125 0.0296875 0.0296875
0 0.3546875 0.62734375 0.028125 0.0265625
0 0.32734375 0.58203125 0.028125 0.028125
0 0.3609375 0.60703125 0.0265625 0.0265625
0 0.29921875 0.5703125 0.0265625 0.0296875
0 0.2078125 0.559375 0.028125 0.0296875
0 0.2 0.546875 0.0296875 0.0265625
0 0.5078125 0.6546875 0.0265625 0.028125
0 0.4296875 0.5875 0.0234375 0.025
0 0.42265625 0.56328125 0.025 0.025
0 0.44140625 0.55703125 0.0234375 0.025
0 0.48671875 0.5796875 0.0234375 0.0234375
0 0.50546875 0.575 0.021875 0.0234375
0 0.50078125 0.55703125 0.0234375 0.025
0 0.52578125 0.55234375 0.0234375 0.025
0 0.51171875 0.53984375 0.0203125 0.0234375
0 0.4859375 0.5296875 0.021875 0.0234375
0 0.46328125 0.521875 0.021875 0.0234375
0 0.51015625 0.51796875 0.021875 0.0234375
0 0.4953125 0.50625 0.0234375 0.025
0 0.47734375 0.50703125 0.021875 0.021875
0 0.45703125 0.496875 0.0234375 0.025
0 0.471875 0.4875 0.0203125 0.021875
0 0.48984375 0.48515625 0.01875 0.0234375
0 0.46328125 0.47265625 0.0234375 0.025
0 0.50625 0.48203125 0.021875 0.0234375
0 0.48359375 0.46796875 0.025 0.025
0 0.490625 0.45078125 0.021875 0.021875
0 0.484375 0.43515625 0.025 0.025
0 0.5140625 0.440625 0.025 0.025
0 0.578125 0.75546875 0.0234375 0.025
0 0.5671875 0.68515625 0.021875 0.0234375
0 0.609375 0.70859375 0.0203125 0.021875
0 0.63046875 0.71171875 0.01875 0.021875
0 0.6203125 0.6953125 0.01875 0.021875
0 0.6046875 0.690625 0.021875 0.021875
0 0.63828125 0.69140625 0.01875 0.021875
0 0.6171875 0.6765625 0.0203125 0.021875
0 0.596875 0.67265625 0.0203125 0.021875
0 0.66328125 0.65703125 0.021875 0.021875
0 0.6859375 0.640625 0.01875 0.021875
0 0.68515625 0.62421875 0.01875 0.021875
0 0.6734375 0.61640625 0.01875 0.021875
0 0.57421875 0.6046875 0.0203125 0.021875
0 0.58828125 0.590625 0.021875 0.0234375
0 0.6078125 0.5765625 0.0203125 0.0234375
0 0.57109375 0.52421875 0.0234375 0.025
0 0.55859375 0.5078125 0.021875 0.0234375
0 0.56328125 0.4875 0.021875 0.0234375
0 0.578125 0.4734375 0.021875 0.0234375
0 0.5703125 0.459375 0.0234375 0.025
0 0.5515625 0.453125 0.021875 0.025
0 0.58515625 0.44609375 0.021875 0.0234375
0 0.62578125 0.5171875 0.021875 0.0234375
0 0.64609375 0.48671875 0.021875 0.0234375
0 0.621875 0.4859375 0.021875 0.0234375
0 0.6265625 0.4671875 0.021875 0.0203125
0 0.6609375 0.47734375 0.01875 0.0234375
0 0.1109375 0.43203125 0.0328125 0.0296875
0 0.1984375 0.4109375 0.0328125 0.0296875
0 0.26953125 0.45546875 0.028125 0.0296875
0 0.39140625 0.446875 0.025 0.0265625
0 0.4140625 0.41796875 0.0265625 0.0265625
0 0.4109375 0.44765625 0.025 0.028125
0 0.46015625 0.39921875 0.0234375 0.025
0 0.44375 0.390625 0.0265625 0.0265625
0 0.4578125 0.378125 0.0234375 0.025
0 0.4046875 0.3578125 0.0265625 0.0265625
0 0.4359375 0.35859375 0.0234375 0.025
0 0.48515625 0.38359375 0.021875 0.0234375
0 0.471875 0.37265625 0.0234375 0.0265625
0 0.45546875 0.36171875 0.0234375 0.025
0 0.49375 0.3671875 0.021875 0.0234375
0 0.48984375 0.34765625 0.0234375 0.025
0 0.51015625 0.36640625 0.0234375 0.025
0 0.525 0.35 0.025 0.025
0 0.5109375 0.3359375 0.0234375 0.025
0 0.5453125 0.3578125 0.025 0.025
0 0.553125 0.33828125 0.0234375 0.025
0 0.53515625 0.3328125 0.021875 0.0234375
0 0.5671875 0.36015625 0.021875 0.0234375
0 0.58984375 0.36484375 0.0265625 0.0265625
0 0.575 0.3765625 0.0234375 0.025
0 0.6390625 0.39296875 0.0234375 0.025
0 0.65078125 0.37265625 0.021875 0.0234375
0 0.634375 0.3578125 0.021875 0.021875
0 0.61328125 0.35625 0.0234375 0.025
0 0.66015625 0.3359375 0.0234375 0.025
0 0.7046875 0.3484375 0.0234375 0.025
0 0.72109375 0.32421875 0.021875 0.025
0 0.69453125 0.30234375 0.0234375 0.025
0 0.62890625 0.2875 0.0234375 0.025
0 0.634375 0.26796875 0.021875 0.021875
0 0.6171875 0.2671875 0.021875 0.0234375
0 0.59609375 0.2765625 0.0234375 0.025
0 0.5765625 0.28046875 0.0265625 0.0265625
0 0.59453125 0.24921875 0.021875 0.025
0 0.58125 0.23671875 0.0234375 0.025
0 0.521875 0.278125 0.0265625 0.0265625
0 0.5203125 0.24921875 0.0296875 0.0296875
0 0.65234375 0.259375 0.0234375 0.025
0 0.67578125 0.2515625 0.0234375 0.025
0 0.6515625 0.234375 0.0234375 0.025
0 0.6640625 0.2234375 0.01875 0.0234375
0 0.6734375 0.2078125 0.021875 0.021875
0 0.67890625 0.1859375 0.0265625 0.0265625
0 0.7296875 0.2046875 0.021875 0.025
0 0.584375 0.2078125 0.0234375 0.0265625
0 0.5671875 0.2015625 0.0234375 0.028125
0 0.59765625 0.19765625 0.0234375 0.0265625
0 0.58359375 0.178125 0.0234375 0.028125
0 0.6078125 0.18125 0.0234375 0.025
0 0.59765625 0.165625 0.0234375 0.025
0 0.52421875 0.17890625 0.0265625 0.028125
0 0.521875 0.15078125 0.0265625 0.0265625
0 0.49453125 0.10546875 0.0234375 0.025
0 0.48046875 0.1046875 0.0203125 0.0265625
0 0.46328125 0.1015625 0.0265625 0.0296875
0 0.35390625 0.30546875 0.0265625 0.028125
0 0.365625 0.28203125 0.028125 0.0265625
0 0.37734375 0.26640625 0.0265625 0.0265625
0 0.4 0.2703125 0.028125 0.0296875
0 0.36484375 0.21015625 0.025 0.028125
0 0.384375 0.20078125 0.025 0.0265625
0 0.40625 0.1984375 0.0265625 0.0296875
0 0.35390625 0.16328125 0.0265625 0.028125
0 0.37265625 0.1546875 0.0296875 0.0296875
0 0.35859375 0.103125 0.028125 0.0296875
0 0.3265625 0.08515625 0.0296875 0.0296875
0 0.3515625 0.08046875 0.028125 0.0296875
0 0.384375 0.08125 0.028125 0.0296875
0 0.315625 0.009375 0.034375 0.01875