0 0.74453125 0.2625 0.0234375 0.021875
0 0.7796875 0.28125 0.0234375 0.02265625
0 0.6453125 0.284375 0.02109375 0.0234375
0 0.67890625 0.2890625 0.02578125 0.02578125
0 0.646875 0.196875 0.021875 0.02421875
0 0.62265625 0.21953125 0.02265625 0.0234375
0 0.534375 0.14609375 0.02109375 0.0203125
0 0.546875 0.16484375 0.021875 0.021875
0 0.553125 0.1859375 0.0203125 0.01875
0 0.5609375 0.20703125 0.02109375 0.02265625
0 0.53125 0.1828125 0.0203125 0.02265625
0 0.553125 0.2265625 0.01953125 0.02265625
0 0.5796875 0.22265625 0.021875 0.0203125
0 0.5359375 0.23515625 0.02109375 0.0234375
0 0.55078125 0.25546875 0.02578125 0.02109375
0 0.51484375 0.23984375 0.021875 0.02265625
0 0.52890625 0.26484375 0.0203125 0.0234375
0 0.39609375 0.0546875 0.02578125 0.0203125
0 0.40546875 0.07421875 0.02109375 0.01796875
0 0.42890625 0.1078125 0.01875 0.02109375
0 0.41484375 0.09296875 0.02109375 0.01875
0 0.43515625 0.13046875 0.0234375 0.02265625
0 0.36640625 0.1078125 0.025 0.01953125
0 0.37578125 0.1390625 0.02265625 0.021875
0 0.45 0.25078125 0.01953125 0.02578125
0 0.48359375 0.26953125 0.021875 0.0234375
0 0.43125 0.26328125 0.01953125 0.0234375
0 0.47421875 0.2875 0.02578125 0.02265625
0 0.509375 0.296875 0.025 0.028125
0 0.6203125 0.31640625 0.0234375 0.0234375
0 0.5953125 0.3234375 0.0203125 0.0203125
0 0.54375 0.30859375 0.0203125 0.02578125
0 0.5984375 0.346875 0.021875 0.0203125
0 0.56328125 0.31953125 0.01796875 0.02109375
0 0.57734375 0.3375 0.02109375 0.0203125
0 0.5953125 0.37109375 0.01953125 0.025
0 0.41015625 0.26796875 0.02421875 0.02265625
0 0.4875 0.32265625 0.02421875 0.0203125
0 0.5390625 0.33046875 0.02109375 0.0203125
0 0.5515625 0.34609375 0.02109375 0.02109375
0 0.56171875 0.365625 0.021875 0.02265625
0 0.5765625 0.3796875 0.02265625 0.02421875
0 0.59453125 0.403125 0.02265625 0.0234375
0 0.52421875 0.37109375 0.02109375 0.02109375
0 0.5640625 0.39765625 0.02421875 0.0234375
0 0.5796875 0.4234375 0.02265625 0.0265625
0 0.50703125 0.45390625 0.02109375 0.021875
0 0.5703125 0.45546875 0.02265625 0.02421875
0 0.59921875 0.44296875 0.02265625 0.025
0 0.621875 0.4296875 0.02265625 0.02265625
0 0.28515625 0.2375 0.0234375 0.02421875
0 0.3109375 0.2328125 0.021875 0.02578125
0 0.1875 0.21796875 0.02578125 0.021875
0 0.20625 0.2359375 0.02109375 0.02265625
0 0.1796875 0.2515625 0.02265625 0.02265625
0 0.13125 0.2703125 0.025 0.0265625
0 0.09921875 0.30546875 0.02421875 0.01796875
0 0.09453125 0.3203125 0.0234375 0.0171875
0 0.178125 0.31640625 0.0203125 0.02265625
0 0.196875 0.32578125 0.02265625 0.025
0 0.23671875 0.3546875 0.02578125 0.0234375
0 0.22421875 0.32734375 0.0234375 0.0265625
0 0.19921875 0.3765625 0.02578125 0.02421875
0 0.2484375 0.38125 0.02578125 0.021875
0 0.4421875 0.3875 0.02109375 0.02421875
0 0.4546875 0.475 0.02109375 0.025
0 0.1390625 0.42421875 0.0234375 0.02421875
0 0.15546875 0.44453125 0.0234375 0.02265625
0 0.4234375 0.5015625 0.02421875 0.02265625
0 0.33203125 0.46328125 0.0203125 0.02109375
0 0.35859375 0.47734375 0.02421875 0.02421875
0 0.29765625 0.4171875 0.025 0.02265625
0 0.33203125 0.48515625 0.01953125 0.021875
0 0.3609375 0.49921875 0.02109375 0.0234375
0 0.30078125 0.44921875 0.02109375 0.021875
0 0.3109375 0.47109375 0.021875 0.021875
0 0.3375 0.50390625 0.02265625 0.021875
0 0.35703125 0.521875 0.02265625 0.02265625
0 0.38515625 0.521875 0.02421875 0.02109375
0 0.2921875 0.48046875 0.02265625 0.02265625
0 0.30234375 0.5 0.0234375 0.02109375
0 0.36875 0.540625 0.0234375 0.02265625
0 0.2796875 0.5015625 0.0203125 0.021875
0 0.35703125 0.5609375 0.02421875 0.02421875
0 0.27890625 0.52265625 0.0234375 0.021875
0 0.325 0.5671875 0.02109375 0.025
0 0.2515625 0.52578125 0.021875 0.02734375
0 0.265625 0.54375 0.0234375 0.025
0 0.2734375 0.5640625 0.0203125 0.02265625
0 0.30078125 0.58671875 0.02265625 0.0265625
0 0.24765625 0.5609375 0.02265625 0.021875
0 0.278125 0.5890625 0.021875 0.02734375
0 0.30625 0.546875 0.0203125 0.01875
0 0.25546875 0.58203125 0.02265625 0.02109375
0 0.2953125 0.56171875 0.01796875 0.02265625
0 0.259375 0.6078125 0.0234375 0.02421875
0 0.534375 0.5828125 0.02109375 0.02890625
0 0.56328125 0.57734375 0.02421875 0.0234375
0 0.5765625 0.59609375 0.021875 0.021875
0 0.51015625 0.59296875 0.0234375 0.02265625
0 0.5515625 0.59921875 0.02265625 0.0265625
0 0.5796875 0.61875 0.02265625 0.02265625
0 0.4140625 0.58828125 0.0234375 0.02421875
0 0.43671875 0.578125 0.021875 0.028125
0 0.36015625 0.5890625 0.021875 0.02578125
0 0.43125 0.615625 0.021875 0.0265625
0 0.35859375 0.609375 0.025 0.02109375
0 0.38046875 0.60078125 0.02109375 0.028125
0 0.409375 0.609375 0.025 0.02265625
0 0.4203125 0.63671875 0.0203125 0.0265625
0 0.4609375 0.63515625 0.02421875 0.02890625
0 0.4 0.63046875 0.02421875 0.02578125
0 0.4375 0.66640625 0.02421875 0.02578125
0 0.43984375 0.69921875 0.02265625 0.02578125
0 0.378125 0.653125 0.02421875 0.02578125
0 0.4390625 0.7265625 0.02734375 0.02421875
0 0.52421875 0.70703125 0.02265625 0.028125
0 0.6703125 0.36484375 0.0234375 0.02265625
0 0.68984375 0.38046875 0.021875 0.0203125
0 0.63046875 0.45078125 0.02109375 0.0234375
0 0.66796875 0.38671875 0.02109375 0.01875
0 0.684375 0.4015625 0.0203125 0.0203125
0 0.703125 0.41640625 0.0234375 0.02109375
0 0.721875 0.396875 0.028125 0.0234375
0 0.74921875 0.4015625 0.021875 0.02421875
0 0.77109375 0.4015625 0.02265625 0.025
0 0.78125 0.371875 0.02265625 0.0234375
0 0.79296875 0.4125 0.02109375 0.02421875
0 0.690625 0.43203125 0.021875 0.02109375
0 0.69765625 0.4515625 0.02109375 0.025
0 0.79296875 0.43671875 0.02265625 0.02265625
0 0.825 0.4390625 0.02421875 0.021875
0 0.83984375 0.4546875 0.01953125 0.02265625
0 0.85 0.4765625 0.02109375 0.02421875
0 0.8671875 0.459375 0.021875 0.025
0 0.859375 0.41328125 0.0234375 0.0265625
0 0.92890625 0.415625 0.02265625 0.0203125
0 0.8671875 0.43203125 0.02265625 0.021875
0 0.88515625 0.41796875 0.0203125 0.025
0 0.90703125 0.4234375 0.0203125 0.0234375
0 0.92578125 0.43984375 0.0234375 0.02421875
0 0.94921875 0.425 0.02421875 0.0234375
0 0.89609375 0.55 0.0234375 0.025
0 0.66875 0.496875 0.02109375 0.0234375
0 0.884375 0.571875 0.02578125 0.02265625
0 0.64765625 0.525 0.02265625 0.02421875
0 0.8734375 0.5890625 0.0234375 0.025
0 0.7546875 0.5328125 0.021875 0.025
0 0.8953125 0.5921875 0.02578125 0.02421875
0 0.7828125 0.51015625 0.0234375 0.025
0 0.8875 0.61484375 0.021875 0.021875
0 0.853125 0.53203125 0.0234375 0.02421875
0 0.8640625 0.6125 0.0203125 0.02421875
0 0.87578125 0.6359375 0.025 0.02421875
0 0.7765625 0.6390625 0.0234375 0.02578125
0 0.8703125 0.6734375 0.0265625 0.0265625
0 0.75 0.65546875 0.02578125 0.0234375
0 0.89375 0.6765625 0.0234375 0.02734375
0 0.75546875 0.67578125 0.0234375 0.021875
0 0.9046875 0.69921875 0.0234375 0.02421875
0 0.76484375 0.7 0.02421875 0.02734375
0 0.6734375 0.6546875 0.0265625 0.021875
0 0.68359375 0.6765625 0.0203125 0.02578125
0 0.7609375 0.7453125 0.02109375 0.028125
0 0.7859375 0.771875 0.02734375 0.0265625
0 0.65390625 0.71953125 0.021875 0.0265625
0 0.63203125 0.71015625 0.0234375 0.021875
0 0.6375 0.7359375 0.021875 0.02578125
0 0.71640625 0.7796875 0.0296875 0.03046875
0 0.61484375 0.73828125 0.02265625 0.021875
0 0.62421875 0.7609375 0.02578125 0.02421875
0 0.69921875 0.8171875 0.02421875 0.0265625
0 0.72890625 0.86484375 0.0265625 0.03046875
0 0.6015625 0.76484375 0.02578125 0.0234375
0 0.53671875 0.75703125 0.02578125 0.021875
0 0.559375 0.7796875 0.02578125 0.02734375
0 0.50078125 0.83203125 0.02578125 0.0296875
0 0.44765625 0.7671875 0.0234375 0.02578125
0 0.4703125 0.7828125 0.02265625 0.0265625
0 0.47890625 0.8578125 0.02421875 0.03046875
0 0.115625 0.5609375 0.02578125 0.021875
0 0.275 0.6265625 0.025 0.0234375
0 0.11875 0.58359375 0.02265625 0.02265625
0 0.11875 0.5375 0.02421875 0.02578125
0 0.11328125 0.60859375 0.0234375 0.0234375
0 0.04375 0.59921875 0.0265625 0.02890625
0 0.06171875 0.67734375 0.025 0.02890625
0 0.2140625 0.67578125 0.021875 0.025
0 0.2140625 0.71953125 0.0234375 0.0234375
0 0.3046875 0.7234375 0.02421875 0.028125
0 0.2578125 0.81875 0.0234375 0.02421875
0 0.3359375 0.81640625 0.0234375 0.03046875
0 0.39921875 0.8703125 0.02421875 0.02578125
0 0.2765625 0.846875 0.021875 0.02734375
0 0.33125 0.88046875 0.02265625 0.0265625
0 0.3875 0.9109375 0.02578125 0.028125
0 0.7328125 0.24453125 0.021875 0.02265625