0 0.3171875 0.903125 0.0375 0.046875
0 0.3125 0.86640625 0.0390625 0.0421875
0 0.34296875 0.9234375 0.0390625 0.0484375
0 0.34296875 0.8515625 0.0390625 0.04375
0 0.371875 0.9171875 0.0359375 0.0453125
0 0.39765625 0.9421875 0.040625 0.0484375
0 0.36328125 0.878125 0.0390625 0.04375
0 0.375 0.84609375 0.0421875 0.0453125
0 0.440625 0.9484375 0.0359375 0.04375
0 0.46015625 0.91953125 0.040625 0.0484375
0 0.41171875 0.78046875 0.0359375 0.0421875
0 0.4234375 0.75078125 0.0375 0.046875
0 0.440625 0.80390625 0.034375 0.0453125
0 0.453125 0.7640625 0.040625 0.0484375
0 0.4390625 0.8453125 0.0390625 0.04375
0 0.49921875 0.884375 0.0375 0.0484375
0 0.540625 0.88671875 0.040625 0.0484375
0 0.396875 0.684375 0.0359375 0.0453125
0 0.4171875 0.65703125 0.0359375 0.0375
0 0.39140625 0.6421875 0.0359375 0.0421875
0 0.4375 0.68125 0.034375 0.0390625
0 0.44609375 0.7203125 0.0359375 0.0421875
0 0.41953125 0.7078125 0.0375 0.04375
0 0.46796875 0.73984375 0.0390625 0.046875
0 0.465625 0.6953125 0.0359375 0.0421875
0 0.44453125 0.64609375 0.0390625 0.04375
0 0.375 0.5734375 0.0390625 0.046875
0 0.42421875 0.615625 0.0390625 0.04375
0 0.47890625 0.665625 0.0359375 0.0453125
0 0.51640625 0.72265625 0.0359375 0.0453125
0 0.465625 0.62265625 0.0375 0.04375
0 0.4375 0.553125 0.0390625 0.0453125
0 0.49609375 0.62734375 0.0359375 0.0421875
0 0.45234375 0.58828125 0.0359375 0.0421875
0 0.4609375 0.53515625 0.0328125 0.0390625
0 0.45234375 0.4796875 0.034375 0.0390625
0 0.43125 0.45234375 0.034375 0.0390625
0 0.4375 0.509375 0.034375 0.0390625
0 0.47578125 0.5671875 0.034375 0.0390625
0 0.490625 0.54296875 0.034375 0.0390625
0 0.4703125 0.50546875 0.0359375 0.04375
0 0.5203125 0.5484375 0.0359375 0.0453125
0 0.4984375 0.5109375 0.0390625 0.04375
0 0.48359375 0.47734375 0.034375 0.0390625
0 0.46015625 0.45078125 0.0359375 0.0421875
0 0.35390625 0.38828125 0.0359375 0.04375
0 0.44453125 0.4203125 0.0359375 0.040625
0 0.5046875 0.43046875 0.034375 0.0390625
0 0.47578125 0.42421875 0.034375 0.0421875
0 0.509375 0.46484375 0.0359375 0.0421875
0 0.53046875 0.428125 0.034375 0.0390625
0 0.575 0.45546875 0.0296875 0.0296875
0 0.55703125 0.43203125 0.0359375 0.040625
0 0.7203125 0.32578125 0.0421875 0.046875
0 0.6453125 0.3265625 0.0390625 0.0421875
0 0.45 0.378125 0.0359375 0.0421875
0 0.496875 0.378125 0.034375 0.0390625
0 0.471875 0.35 0.0375 0.04375
0 0.46484375 0.31640625 0.0390625 0.0421875
0 0.421875 0.178125 0.0359375 0.0421875
0 0.428125 0.21875 0.0359375 0.040625
0 0.4515625 0.2796875 0.0390625 0.04375
0 0.45 0.24453125 0.034375 0.0390625
0 0.45390625 0.2125 0.034375 0.0390625
0 0.4859375 0.2921875 0.028125 0.0375
0 0.5015625 0.3359375 0.034375 0.0390625
0 0.50390625 0.30078125 0.0328125 0.0390625
0 0.5265625 0.31484375 0.0359375 0.040625
0 0.51796875 0.28046875 0.0296875 0.0359375
0 0.4921875 0.26015625 0.034375 0.0390625
0 0.48046875 0.2203125 0.034375 0.0375
0 0.50546875 0.02265625 0.034375 0.0390625
0 0.475 0.0125 0.034375 0.025
0 0.51953125 0.0546875 0.0375 0.040625
0 0.4828125 0.04921875 0.0328125 0.040625
0 0.471875 0.0796875 0.0375 0.04375
0 0.4765625 0.18359375 0.034375 0.0390625
0 0.5078125 0.2171875 0.0359375 0.0375
0 0.521875 0.2484375 0.0359375 0.0421875
0 0.58203125 0.2984375 0.040625 0.05
0 0.553125 0.24296875 0.0359375 0.0421875
0 0.51796875 0.196875 0.03125 0.0359375
0 0.5125 0.08515625 0.034375 0.0390625
0 0.49140625 0.09765625 0.0328125 0.0328125
0 0.61484375 0.19296875 0.0359375 0.0421875
0 0.58671875 0.2015625 0.0359375 0.040625
0 0.58984375 0.16484375 0.034375 0.0390625
0 0.54296875 0.096875 0.0359375 0.040625
0 0.496875 0.1328125 0.034375 0.0390625
0 0.5671875 0.175 0.03125 0.0359375
0 0.5109375 0.16328125 0.034375 0.0375
0 0.54609375 0.2078125 0.034375 0.0390625
0 0.53671875 0.178125 0.028125 0.0328125
0 0.5203125 0.1296875 0.0296875 0.0359375
0 0.5546875 0.13671875 0.0234375 0.0375
0 0.54609375 0.1671875 0.03125 0.0328125
0 0.5390625 0.13671875 0.03125 0.0328125