0 0.59921875 0.7734375 0.0359375 0.034375
0 0.5390625 0.67265625 0.0296875 0.0328125
0 0.53515625 0.59140625 0.034375 0.034375
0 0.72109375 0.6015625 0.0328125 0.0328125
0 0.6484375 0.5421875 0.0296875 0.0296875
0 0.3140625 0.6953125 0.0265625 0.03125
0 0.3234375 0.715625 0.03125 0.0296875
0 0.29765625 0.68828125 0.0265625 0.0296875
0 0.28046875 0.66796875 0.0296875 0.0296875
0 0.29296875 0.64453125 0.0296875 0.0296875
0 0.35546875 0.6390625 0.0296875 0.0296875
0 0.37578125 0.653125 0.0296875 0.0296875
0 0.378125 0.63046875 0.0296875 0.0265625
0 0.33125 0.63203125 0.0296875 0.0296875
0 0.34453125 0.61171875 0.03125 0.0296875
0 0.38125 0.60625 0.0328125 0.0296875
0 0.4234375 0.54765625 0.0328125 0.0328125
0 0.28984375 0.58203125 0.0375 0.0375
0 0.125 0.5265625 0.03125 0.0296875
0 0.140625 0.509375 0.0296875 0.0296875
0 0.13203125 0.45 0.0328125 0.0328125
0 0.13359375 0.28203125 0.0328125 0.0328125
0 0.203125 0.15234375 0.0359375 0.034375
0 0.246875 0.18359375 0.0296875 0.0328125
0 0.26640625 0.1953125 0.0296875 0.0328125
0 0.26484375 0.22265625 0.03125 0.0296875
0 0.28203125 0.24140625 0.034375 0.0359375
0 0.35078125 0.23125 0.03125 0.0375
0 0.55546875 0.3 0.03125 0.0359375
0 0.75390625 0.32578125 0.0328125 0.0296875
0 0.74921875 0.2984375 0.03125 0.0328125