0 0.54375 0.56171875 0.021875 0.01875
0 0.56171875 0.5875 0.025 0.021875
0 0.58046875 0.578125 0.025 0.021875
0 0.5609375 0.57109375 0.021875 0.0203125
0 0.5609375 0.54921875 0.0234375 0.0203125
0 0.6 0.5609375 0.0265625 0.021875
0 0.578125 0.559375 0.025 0.021875
0 0.615625 0.54765625 0.028125 0.0234375
0 0.62109375 0.52265625 0.0234375 0.025
0 0.60078125 0.534375 0.0265625 0.0234375
0 0.57734375 0.5359375 0.025 0.021875
0 0.6 0.515625 0.028125 0.021875
0 0.57734375 0.51640625 0.025 0.021875
0 0.6171875 0.49609375 0.025 0.025
0 0.59375 0.496875 0.025 0.0234375
0 0.62265625 0.47578125 0.0265625 0.0265625
0 0.6 0.475 0.0234375 0.0265625
0 0.61875 0.43046875 0.03125 0.025
0 0.61484375 0.453125 0.025 0.025
0 0.60546875 0.378125 0.028125 0.0265625
0 0.62109375 0.33515625 0.028125 0.028125
0 0.621875 0.3578125 0.028125 0.0265625
0 0.625 0.38828125 0.0265625 0.0265625
0 0.61640625 0.41015625 0.028125 0.025
0 0.5921875 0.40703125 0.028125 0.0265625
0 0.59296875 0.4296875 0.0265625 0.025
0 0.59140625 0.45546875 0.025 0.025
0 0.56875 0.45234375 0.025 0.025
0 0.56953125 0.42734375 0.0265625 0.025
0 0.54765625 0.43515625 0.025 0.025
0 0.59609375 0.35703125 0.0296875 0.0265625
0 0.58125 0.3875 0.0265625 0.025
0 0.5953125 0.33203125 0.028125 0.0265625
0 0.59296875 0.3015625 0.028125 0.028125
0 0.57265625 0.3203125 0.03125 0.0265625
0 0.57265625 0.34296875 0.028125 0.0234375
0 0.5734375 0.36796875 0.028125 0.025
0 0.55703125 0.3859375 0.028125 0.025
0 0.5671875 0.40703125 0.025 0.021875
0 0.54453125 0.4140625 0.028125 0.0234375
0 0.53359375 0.3953125 0.0265625 0.025
0 0.55234375 0.359375 0.028125 0.028125
0 0.54921875 0.33515625 0.0265625 0.0265625
0 0.53359375 0.31640625 0.0296875 0.028125
0 0.52734375 0.34765625 0.028125 0.028125
0 0.53046875 0.371875 0.028125 0.025
0 0.50703125 0.36171875 0.028125 0.025
0 0.51015625 0.38515625 0.0296875 0.025
0 0.48359375 0.375 0.03125 0.0265625
0 0.48984375 0.4 0.028125 0.0265625
0 0.51328125 0.40859375 0.028125 0.0234375
0 0.52421875 0.4265625 0.028125 0.021875
0 0.528125 0.446875 0.025 0.0234375
0 0.54609375 0.45859375 0.028125 0.025
0 0.55390625 0.47578125 0.025 0.025
0 0.5765625 0.47890625 0.0265625 0.025
0 0.57109375 0.5 0.025 0.025
0 0.5484375 0.49609375 0.0265625 0.0234375
0 0.53125 0.48359375 0.025 0.021875
0 0.51953125 0.46640625 0.0265625 0.021875
0 0.50390625 0.4484375 0.0265625 0.025
0 0.49921875 0.4265625 0.0265625 0.025
0 0.4765625 0.41640625 0.028125 0.025
0 0.4578125 0.43515625 0.025 0.025
0 0.48125 0.43984375 0.028125 0.0234375
0 0.4984375 0.47421875 0.025 0.025
0 0.51015625 0.48984375 0.0265625 0.025
0 0.52734375 0.50390625 0.0265625 0.021875
0 0.54140625 0.5171875 0.025 0.021875
0 0.55703125 0.5296875 0.025 0.021875
0 0.540625 0.54453125 0.021875 0.021875
0 0.525 0.5328125 0.025 0.025
0 0.51015625 0.51796875 0.0265625 0.025
0 0.49375 0.50546875 0.0265625 0.025
0 0.4828125 0.4890625 0.0234375 0.025
0 0.43984375 0.4703125 0.028125 0.025
0 0.48046875 0.46171875 0.028125 0.025
0 0.45625 0.45703125 0.025 0.021875
0 0.4625 0.47890625 0.028125 0.025
0 0.42265625 0.515625 0.028125 0.025
0 0.44453125 0.50703125 0.025 0.025
0 0.4640625 0.50078125 0.0265625 0.021875
0 0.475 0.51640625 0.0265625 0.021875
0 0.49296875 0.52890625 0.025 0.021875
0 0.45546875 0.52421875 0.025 0.021875
0 0.43515625 0.5328125 0.025 0.025
0 0.471875 0.5359375 0.0234375 0.0203125
0 0.45390625 0.54375 0.025 0.021875
0 0.45859375 0.56171875 0.028125 0.021875
0 0.50703125 0.54296875 0.025 0.021875
0 0.4875 0.55 0.025 0.021875
0 0.48125 0.56953125 0.025 0.021875
0 0.52265625 0.55546875 0.0234375 0.021875
0 0.503125 0.5625 0.025 0.021875
0 0.52109375 0.57734375 0.025 0.021875
0 0.5 0.58125 0.025 0.021875
0 0.54140625 0.57890625 0.025 0.021875
0 0.540625 0.59765625 0.025 0.021875
0 0.5140625 0.61015625 0.025 0.0234375