0 0.675 0.2734375 0.05859375 0.0671875
0 0.4828125 0.32890625 0.06875 0.0640625
0 0.55546875 0.43046875 0.06484375 0.06328125
0 0.67109375 0.53515625 0.05859375 0.06171875
0 0.51484375 0.50390625 0.0625 0.0609375
0 0.55625 0.540625 0.05625 0.0546875
0 0.53515625 0.59765625 0.0625 0.0625
0 0.4578125 0.60390625 0.05546875 0.0578125
0 0.396875 0.60078125 0.0625 0.059375
0 0.2578125 0.653125 0.065625 0.0609375
0 0.23203125 0.7 0.06796875 0.06015625
0 0.35859375 0.678125 0.059375 0.06328125
0 0.42890625 0.66484375 0.05859375 0.05859375
0 0.51875 0.6625 0.0625 0.0625
0 0.675 0.64453125 0.0609375 0.06484375
0 0.61484375 0.6953125 0.06015625 0.06015625
0 0.5484375 0.73203125 0.05859375 0.0578125
0 0.45078125 0.71484375 0.0578125 0.05703125
0 0.39609375 0.7296875 0.0578125 0.05859375
0 0.3328125 0.73046875 0.0609375 0.0609375
0 0.2609375 0.7796875 0.059375 0.059375
0 0.4234375 0.78203125 0.0625 0.065625
0 0.48046875 0.78125 0.0625 0.0625
0 0.4765625 0.84140625 0.0625 0.0609375
0 0.35078125 0.8671875 0.06171875 0.059375
0 0.51796875 0.88515625 0.06640625 0.059375
0 0.6140625 0.88515625 0.05703125 0.06640625