0 0.57890625 0.2671875 0.04921875 0.0515625
0 0.63828125 0.25546875 0.0421875 0.04921875
0 0.6953125 0.2609375 0.05 0.0515625
0 0.69296875 0.35859375 0.04375 0.0453125
0 0.703125 0.44765625 0.046875 0.0484375
0 0.2640625 0.4875 0.04453125 0.0484375
0 0.8359375 0.44609375 0.046875 0.05234375
0 0.9203125 0.5125 0.04296875 0.046875
0 0.82734375 0.5015625 0.05078125 0.0484375
0 0.7921875 0.5515625 0.0453125 0.046875
0 0.72890625 0.5625 0.04609375 0.04609375
0 0.6875 0.584375 0.0453125 0.04765625
0 0.603125 0.5515625 0.0421875 0.046875
0 0.41015625 0.54765625 0.0453125 0.04609375
0 0.47890625 0.59140625 0.04375 0.0375
0 0.528125 0.59140625 0.0421875 0.046875
0 0.57578125 0.5859375 0.0453125 0.040625
0 0.621875 0.590625 0.04921875 0.04375
0 0.40625 0.6171875 0.04921875 0.046875
0 0.3453125 0.63515625 0.046875 0.046875
0 0.38125 0.66328125 0.04296875 0.04375
0 0.41171875 0.6890625 0.046875 0.04296875
0 0.35546875 0.69375 0.0375 0.04453125
0 0.31171875 0.703125 0.0484375 0.04296875
0 0.34375 0.74375 0.04609375 0.0453125
0 0.2390625 0.734375 0.0453125 0.04453125
0 0.2296875 0.7828125 0.0453125 0.04765625
0 0.18984375 0.80390625 0.04296875 0.04296875
0 0.1375 0.78984375 0.04453125 0.04375
0 0.44609375 0.71484375 0.04375 0.0453125
0 0.40625 0.72890625 0.04296875 0.04609375
0 0.38671875 0.7875 0.04296875 0.0453125
0 0.44453125 0.78203125 0.04921875 0.04375
0 0.42578125 0.82265625 0.0453125 0.0453125
0 0.38203125 0.83515625 0.0453125 0.04296875
0 0.32421875 0.83203125 0.0390625 0.0484375
0 0.47265625 0.82265625 0.04140625 0.0421875
0 0.40390625 0.9 0.0453125 0.04453125
0 0.50078125 0.73359375 0.04296875 0.04375
0 0.5859375 0.77734375 0.040625 0.046875
0 0.5421875 0.7 0.04453125 0.0390625
0 0.509375 0.62578125 0.0421875 0.0390625
0 0.54921875 0.64453125 0.0453125 0.04375
0 0.5953125 0.6421875 0.04296875 0.04375
0 0.5796875 0.68125 0.0421875 0.0375
0 0.6328125 0.66015625 0.040625 0.0453125
0 0.61015625 0.72421875 0.04375 0.04140625
0 0.67109375 0.62734375 0.04140625 0.04453125
0 0.70859375 0.65546875 0.04453125 0.04296875
0 0.7 0.69375 0.04453125 0.03984375
0 0.75546875 0.603125 0.04140625 0.03828125
0 0.74921875 0.64609375 0.04140625 0.04375
0 0.78828125 0.6703125 0.04453125 0.04140625
0 0.74609375 0.690625 0.04140625 0.0421875
0 0.7671875 0.72265625 0.0390625 0.040625
0 0.73046875 0.753125 0.04453125 0.04140625
0 0.77578125 0.7734375 0.04140625 0.03984375
0 0.7234375 0.82109375 0.04140625 0.04296875
0 0.83046875 0.69609375 0.0390625 0.04453125
0 0.87734375 0.7421875 0.0453125 0.04453125
0 0.9265625 0.68125 0.04375 0.04765625