0 0.5 0.66015625 0.0515625 0.0515625
0 0.43515625 0.578125 0.05 0.0484375
0 0.54296875 0.46875 0.0515625 0.0515625
0 0.25859375 0.48046875 0.0546875 0.0515625
0 0.41953125 0.6171875 0.0515625 0.0515625
0 0.58359375 0.6765625 0.0515625 0.0515625
0 0.46484375 0.68515625 0.0484375 0.0484375
0 0.53984375 0.66015625 0.05 0.0515625
0 0.41640625 0.4109375 0.0515625 0.0515625
0 0.5140625 0.746875 0.0515625 0.0515625
0 0.48671875 0.578125 0.05 0.0484375
0 0.40625 0.546875 0.0515625 0.05
0 0.3890625 0.58671875 0.0515625 0.0515625
0 0.4046875 0.50390625 0.0515625 0.05
0 0.3296875 0.49921875 0.0515625 0.0515625
0 0.56015625 0.55234375 0.0515625 0.0515625
0 0.4515625 0.43359375 0.0515625 0.05
0 0.496875 0.78359375 0.0515625 0.0515625
0 0.4609375 0.5453125 0.05 0.0484375
0 0.22734375 0.34140625 0.0546875 0.053125
0 0.24375 0.38046875 0.0546875 0.0515625
0 0.4546875 0.8 0.05 0.05
0 0.42734375 0.70390625 0.0515625 0.05
0 0.38359375 0.3828125 0.053125 0.0515625
0 0.5828125 0.43828125 0.0515625 0.0515625
0 0.528125 0.57734375 0.0515625 0.0515625
0 0.559375 0.746875 0.0515625 0.0515625
0 0.559375 0.3421875 0.0515625 0.053125
0 0.19140625 0.3140625 0.0546875 0.0546875
0 0.64375 0.584375 0.0515625 0.0515625
0 0.44609375 0.50625 0.053125 0.05
0 0.6078125 0.60859375 0.0515625 0.0515625
0 0.5421875 0.4265625 0.0515625 0.0515625
0 0.45078125 0.759375 0.0515625 0.0515625
0 0.41640625 0.66484375 0.0515625 0.0515625
0 0.403125 0.7375 0.0515625 0.0515625
0 0.4703125 0.47421875 0.0515625 0.0515625
0 0.2203125 0.41875 0.0546875 0.0515625
0 0.2765625 0.6484375 0.053125 0.0515625
0 0.71171875 0.60703125 0.053125 0.053125
0 0.5078125 0.49609375 0.0515625 0.0515625
0 0.48515625 0.61953125 0.0515625 0.0515625
0 0.50234375 0.89765625 0.0515625 0.0515625
0 0.47890625 0.83203125 0.0484375 0.05
0 0.33828125 0.38125 0.053125 0.0515625
0 0.23359375 0.61796875 0.053125 0.0515625
0 0.590625 0.52265625 0.0515625 0.0515625
0 0.26328125 0.41953125 0.0546875 0.053125
0 0.2734375 0.34140625 0.0546875 0.053125
0 0.23359375 0.57578125 0.0515625 0.0515625
0 0.2375 0.53515625 0.0515625 0.0515625
0 0.36015625 0.41796875 0.0546875 0.0515625
0 0.50625 0.540625 0.0515625 0.05
0 0.628125 0.6875 0.0484375 0.0484375
0 0.6234375 0.4984375 0.0515625 0.0515625
0 0.346875 0.603125 0.0515625 0.05
0 0.47265625 0.725 0.0515625 0.0515625
0 0.3875 0.69765625 0.0515625 0.0515625
0 0.66796875 0.49140625 0.0515625 0.0546875
0 0.5015625 0.40390625 0.0515625 0.05
0 0.60234375 0.74453125 0.0515625 0.0515625
0 0.41171875 0.81796875 0.0515625 0.0515625
0 0.27578125 0.5609375 0.0515625 0.053125
0 0.45546875 0.39453125 0.053125 0.0515625
0 0.20078125 0.3796875 0.0546875 0.0515625
0 0.59609375 0.378125 0.0515625 0.053125
0 0.3515625 0.56328125 0.0546875 0.0515625
0 0.5546875 0.70546875 0.0515625 0.0515625
0 0.528125 0.61953125 0.046875 0.046875
0 0.36875 0.48046875 0.0515625 0.05
0 0.3171875 0.3421875 0.0546875 0.0515625
0 0.64921875 0.625 0.05 0.05
0 0.3 0.259375 0.0546875 0.0546875
0 0.6765625 0.55859375 0.05 0.0484375
0 0.1375 0.40625 0.0546875 0.053125
0 0.54296875 0.7859375 0.0515625 0.0515625
0 0.28984375 0.45234375 0.0546875 0.0515625
0 0.39921875 0.32578125 0.0546875 0.0515625
0 0.4796875 0.28515625 0.053125 0.053125
0 0.7109375 0.4828125 0.053125 0.0546875
0 0.58515625 0.48046875 0.0515625 0.0515625
0 0.51953125 0.81875 0.0515625 0.0515625
0 0.378125 0.13828125 0.0546875 0.0546875
0 0.50546875 0.4484375 0.05 0.0515625
0 0.51953125 0.35703125 0.0515625 0.0546875
0 0.31796875 0.1765625 0.0546875 0.053125
0 0.453125 0.6453125 0.0515625 0.05
0 0.365625 0.525 0.053125 0.0515625
0 0.27734375 0.51796875 0.0546875 0.053125
0 0.3671875 0.18515625 0.0546875 0.053125
0 0.15234375 0.3265625 0.0546875 0.053125
0 0.34140625 0.3046875 0.0546875 0.0546875
0 0.6046875 0.3359375 0.053125 0.0515625
0 0.365625 0.85625 0.05 0.0484375
0 0.51171875 0.31328125 0.0515625 0.0515625
0 0.315625 0.41796875 0.053125 0.0515625
0 0.553125 0.3828125 0.053125 0.053125
0 0.31640625 0.675 0.0515625 0.053125
0 0.746875 0.521875 0.0515625 0.0515625
0 0.33125 0.21953125 0.053125 0.0546875
0 0.69765625 0.52421875 0.0546875 0.053125
0 0.6375 0.5421875 0.0515625 0.053125
0 0.27265625 0.603125 0.053125 0.0546875
0 0.51171875 0.70625 0.0515625 0.0515625
0 0.33359375 0.13671875 0.0546875 0.0546875
0 0.41328125 0.1671875 0.0546875 0.053125
0 0.44765625 0.86484375 0.05 0.0515625
0 0.66328125 0.665625 0.0515625 0.0515625
0 0.51640625 0.85859375 0.0515625 0.053125
0 0.51328125 0.225 0.053125 0.0515625
0 0.35625 0.09609375 0.0546875 0.0546875
0 0.546875 0.16484375 0.053125 0.0546875
0 0.2546875 0.2578125 0.0546875 0.0546875
0 0.503125 0.18203125 0.053125 0.0546875
0 0.34609375 0.26328125 0.053125 0.053125
0 0.115625 0.4421875 0.0546875 0.053125
0 0.721875 0.5609375 0.0578125 0.0546875
0 0.553125 0.2078125 0.053125 0.0546875
0 0.4609375 0.90546875 0.046875 0.046875
0 0.425 0.46796875 0.0546875 0.0515625
0 0.5734375 0.634375 0.0515625 0.0515625
0 0.3125 0.58125 0.0546875 0.0515625
0 0.42109375 0.89453125 0.05 0.05
0 0.29375 0.38125 0.0546875 0.0515625
0 0.4 0.08828125 0.053125 0.0546875
0 0.565625 0.59140625 0.0484375 0.0484375
0 0.61953125 0.41328125 0.0546875 0.0515625
0 0.5484375 0.5078125 0.0515625 0.0515625
0 0.33203125 0.45859375 0.053125 0.0515625
0 0.45546875 0.15703125 0.0546875 0.0546875
0 0.4875 0.3640625 0.0515625 0.0546875
0 0.59765625 0.20390625 0.0515625 0.053125
0 0.61484375 0.64921875 0.0515625 0.0515625
0 0.4953125 0.1359375 0.0546875 0.0546875
0 0.38984375 0.44375 0.0515625 0.0515625
0 0.52109375 0.0953125 0.05625 0.0578125
0 0.3171875 0.5390625 0.053125 0.0515625
0 0.46171875 0.20078125 0.0546875 0.0515625
0 0.609375 0.24921875 0.0515625 0.0546875
0 0.40703125 0.85703125 0.0515625 0.0515625
0 0.31015625 0.62421875 0.0546875 0.053125
0 0.15625 0.36875 0.0578125 0.0546875
0 0.66796875 0.44296875 0.05625 0.0640625
0 0.67109375 0.40546875 0.0546875 0.053125
0 0.66875 0.23203125 0.0546875 0.0546875
0 0.38046875 0.62890625 0.053125 0.0515625
0 0.64921875 0.27109375 0.0546875 0.0546875
0 0.4171875 0.2140625 0.0546875 0.0546875
0 0.36015625 0.3453125 0.053125 0.0515625
0 0.275 0.1734375 0.053125 0.0546875
0 0.2515625 0.303125 0.0546875 0.0546875
0 0.2875 0.21640625 0.0546875 0.0546875
0 0.640625 0.72890625 0.0515625 0.0515625
0 0.58359375 0.78359375 0.0515625 0.0546875
0 0.43359375 0.1171875 0.05625 0.0546875
0 0.63984375 0.371875 0.0546875 0.053125
0 0.5984375 0.56328125 0.0546875 0.0515625
0 0.45390625 0.3359375 0.053125 0.0546875
0 0.42421875 0.3640625 0.0546875 0.05
0 0.52265625 0.2703125 0.0546875 0.0546875
0 0.71640625 0.33125 0.0515625 0.0515625
0 0.41171875 0.7765625 0.0515625 0.0515625
0 0.603125 0.29140625 0.0546875 0.0515625
0 0.671875 0.3453125 0.0515625 0.053125
0 0.68359375 0.2984375 0.053125 0.0515625
0 0.4140625 0.934375 0.0515625 0.0546875
0 0.434375 0.29375 0.05625 0.0515625
0 0.17734375 0.41953125 0.0546875 0.0546875
0 0.41328125 0.2546875 0.0578125 0.053125
0 0.3578125 0.66484375 0.0515625 0.0515625
0 0.15703125 0.54296875 0.0546875 0.053125
0 0.24453125 0.21484375 0.053125 0.053125
0 0.55625 0.2984375 0.0546875 0.0546875
0 0.56796875 0.25390625 0.0515625 0.053125
0 0.2953125 0.30390625 0.0546875 0.0546875
0 0.21796875 0.4921875 0.0546875 0.05625
0 0.37421875 0.22890625 0.0546875 0.053125
0 0.46484375 0.24296875 0.0578125 0.053125
0 0.62109375 0.45703125 0.0546875 0.053125
0 0.64140625 0.3140625 0.0515625 0.0515625
0 0.359375 0.734375 0.053125 0.0578125
0 0.38046875 0.28046875 0.0546875 0.0546875