0 0.78984375 0.31171875 0.0578125 0.05625
0 0.76484375 0.46796875 0.0578125 0.059375
0 0.7078125 0.44140625 0.0546875 0.0578125
0 0.72734375 0.53515625 0.05625 0.0546875
0 0.48125 0.21875 0.0546875 0.0578125
0 0.7375 0.35625 0.0578125 0.05625
0 0.265625 0.38828125 0.0578125 0.0546875
0 0.5359375 0.53515625 0.0546875 0.053125
0 0.48515625 0.865625 0.05625 0.0578125
0 0.49140625 0.60234375 0.0515625 0.05625
0 0.21640625 0.58515625 0.0609375 0.0578125
0 0.18515625 0.3484375 0.05625 0.05625
0 0.39921875 0.58125 0.0546875 0.0546875
0 0.58671875 0.65625 0.05625 0.0578125
0 0.384375 0.296875 0.0609375 0.0546875
0 0.28359375 0.90859375 0.05625 0.0578125
0 0.52578125 0.68828125 0.0546875 0.0578125
0 0.50390625 0.4734375 0.0515625 0.0546875
0 0.39140625 0.65859375 0.0578125 0.0640625
0 0.4671875 0.6828125 0.0546875 0.0546875
0 0.55546875 0.47578125 0.0546875 0.053125
0 0.53515625 0.6359375 0.0546875 0.0546875
0 0.45546875 0.45234375 0.053125 0.0546875
0 0.42734375 0.39140625 0.053125 0.0546875
0 0.37890625 0.4015625 0.0515625 0.053125
0 0.396875 0.4515625 0.0578125 0.0546875