0 0.3375 0.28671875 0.0359375 0.0296875
0 0.3703125 0.29765625 0.0359375 0.0328125
0 0.3328125 0.24765625 0.0375 0.0359375
0 0.3671875 0.26171875 0.0359375 0.0328125
0 0.396875 0.275 0.0390625 0.0359375
0 0.40546875 0.23671875 0.0390625 0.0328125
0 0.428125 0.2578125 0.0390625 0.034375
0 0.42734375 0.20859375 0.040625 0.0359375
0 0.46015625 0.22109375 0.0390625 0.034375
0 0.4703125 0.253125 0.0390625 0.0359375
0 0.52421875 0.24453125 0.0453125 0.0359375
0 0.50234375 0.19140625 0.0453125 0.0359375
0 0.55 0.16171875 0.0421875 0.0375
0 0.55390625 0.20859375 0.046875 0.034375
0 0.5796875 0.2390625 0.0453125 0.0390625
0 0.59296875 0.28203125 0.0453125 0.0375
0 0.56875 0.31953125 0.0453125 0.0375
0 0.27421875 0.3109375 0.034375 0.0296875
0 0.2875 0.28203125 0.0328125 0.03125
0 0.3109375 0.3046875 0.034375 0.03125
0 0.3453125 0.31640625 0.0359375 0.0328125
0 0.52890625 0.353125 0.0421875 0.0328125
0 0.4921875 0.31328125 0.0390625 0.0328125
0 0.48984375 0.36171875 0.034375 0.0296875
0 0.528125 0.390625 0.0421875 0.0375
0 0.275 0.33984375 0.0328125 0.0296875
0 0.30625 0.334375 0.0328125 0.0296875
0 0.33359375 0.3421875 0.0328125 0.028125
0 0.2671875 0.36640625 0.0296875 0.0296875
0 0.2953125 0.3578125 0.0296875 0.025
0 0.31875 0.37421875 0.03125 0.028125
0 0.35 0.36484375 0.0328125 0.028125
0 0.428125 0.35546875 0.0359375 0.0296875
0 0.453125 0.3796875 0.0375 0.0359375
0 0.490625 0.4125 0.0390625 0.0328125
0 0.5421875 0.440625 0.0390625 0.0359375
0 0.44453125 0.4171875 0.0359375 0.0296875
0 0.2203125 0.40390625 0.03125 0.0234375
0 0.3765625 0.378125 0.0328125 0.0328125
0 0.24609375 0.38515625 0.0328125 0.0265625
0 0.25546875 0.4109375 0.0328125 0.0265625
0 0.28125 0.41796875 0.0328125 0.0296875
0 0.2859375 0.390625 0.0328125 0.0296875
0 0.3109375 0.4046875 0.034375 0.0296875
0 0.33828125 0.3921875 0.034375 0.0265625
0 0.36015625 0.4125 0.0359375 0.0296875
0 0.28828125 0.44609375 0.03125 0.028125
0 0.321875 0.43671875 0.0421875 0.0296875
0 0.37578125 0.44375 0.0359375 0.0328125
0 0.4078125 0.42734375 0.0359375 0.0328125
0 0.41953125 0.4578125 0.0359375 0.0328125
0 0.46171875 0.44765625 0.0484375 0.0328125
0 0.4703125 0.4828125 0.040625 0.034375
0 0.4109375 0.51875 0.0390625 0.03125
0 0.446875 0.52109375 0.0390625 0.0359375
0 0.3703125 0.5328125 0.0328125 0.0296875
0 0.40390625 0.5515625 0.0375 0.034375
0 0.32578125 0.5265625 0.03125 0.0296875
0 0.3484375 0.5609375 0.03125 0.0296875
0 0.38046875 0.57109375 0.0328125 0.0296875
0 0.4140625 0.58828125 0.0359375 0.0359375
0 0.3296875 0.58671875 0.0328125 0.0328125
0 0.37265625 0.6046875 0.0328125 0.0296875
0 0.23359375 0.43203125 0.0328125 0.0296875
0 0.2578125 0.44921875 0.03125 0.0296875
0 0.27265625 0.47890625 0.0328125 0.0296875
0 0.2203125 0.46015625 0.0296875 0.0265625
0 0.24921875 0.5015625 0.034375 0.0265625
0 0.2578125 0.534375 0.034375 0.0296875
0 0.26953125 0.57109375 0.0359375 0.0296875
0 0.30078125 0.571875 0.0296875 0.03125
0 0.2875 0.6015625 0.0359375 0.0328125
0 0.33515625 0.6171875 0.0359375 0.03125
0 0.24375 0.60703125 0.034375 0.03125
0 0.23203125 0.571875 0.0328125 0.0328125
0 0.21015625 0.54765625 0.034375 0.0296875
0 0.1953125 0.47734375 0.034375 0.0328125
0 0.159375 0.3734375 0.0328125 0.0328125
0 0.1453125 0.415625 0.0328125 0.0328125
0 0.04375 0.471875 0.0296875 0.0265625
0 0.0671875 0.50390625 0.034375 0.0265625
0 0.071875 0.534375 0.0296875 0.0296875
0 0.209375 0.59609375 0.03125 0.0328125
0 0.2171875 0.63515625 0.0328125 0.034375
0 0.16328125 0.60390625 0.03125 0.0296875
0 0.16171875 0.63984375 0.03125 0.0296875
0 0.1890625 0.64765625 0.028125 0.0296875
0 0.09140625 0.6140625 0.0328125 0.028125
0 0.1171875 0.64609375 0.0328125 0.028125
0 0.14765625 0.6703125 0.0296875 0.0296875
0 0.26171875 0.66171875 0.0390625 0.0328125
0 0.1484375 0.69765625 0.0328125 0.0296875
0 0.1890625 0.68515625 0.0328125 0.03125
0 0.146875 0.7421875 0.0328125 0.0296875
0 0.1765625 0.7765625 0.0328125 0.0359375
0 0.33828125 0.6890625 0.0421875 0.0359375
0 0.3796875 0.69921875 0.0375 0.0359375
0 0.43671875 0.66328125 0.040625 0.0390625
0 0.4890625 0.78125 0.046875 0.0421875