0 0.1671875 0.58515625 0.028125 0.02734375
0 0.29375 0.17421875 0.025 0.02734375
0 0.275 0.4328125 0.02578125 0.02578125
0 0.2171875 0.5359375 0.02890625 0.02578125
0 0.39375 0.2375 0.02734375 0.02734375
0 0.3609375 0.25 0.025 0.02734375
0 0.28125 0.45703125 0.0265625 0.0265625
0 0.51640625 0.53828125 0.02421875 0.025
0 0.5375 0.3171875 0.025 0.02578125
0 0.5078125 0.28515625 0.02578125 0.0265625
0 0.46640625 0.32890625 0.025 0.025
0 0.46953125 0.821875 0.025 0.025
0 0.44140625 0.31484375 0.025 0.02578125
0 0.38203125 0.82109375 0.025 0.02421875
0 0.1890625 0.6703125 0.02578125 0.02578125
0 0.44140625 0.40703125 0.028125 0.025
0 0.6140625 0.38671875 0.02578125 0.0265625
0 0.46953125 0.4640625 0.025 0.025
0 0.51328125 0.33984375 0.0234375 0.025
0 0.528125 0.44609375 0.02421875 0.025
0 0.25078125 0.21015625 0.02578125 0.02890625
0 0.4734375 0.4875 0.0265625 0.02578125
0 0.565625 0.41640625 0.0265625 0.0265625
0 0.49921875 0.43359375 0.025 0.02734375
0 0.48984375 0.303125 0.025 0.02578125
0 0.47109375 0.56875 0.025 0.02578125
0 0.5875 0.3421875 0.025 0.02578125
0 0.5203125 0.36484375 0.025 0.025
0 0.3578125 0.746875 0.025 0.025
0 0.5125 0.31171875 0.0234375 0.025
0 0.4953125 0.5 0.02578125 0.0265625
0 0.528125 0.596875 0.02421875 0.025
0 0.5640625 0.33359375 0.02421875 0.02421875
0 0.55546875 0.6265625 0.02578125 0.025
0 0.384375 0.259375 0.02421875 0.0265625
0 0.43671875 0.7765625 0.025 0.025
0 0.58125 0.67265625 0.025 0.02578125
0 0.471875 0.38203125 0.025 0.02578125
0 0.49375 0.55234375 0.025 0.02578125
0 0.2984375 0.41875 0.02578125 0.02578125
0 0.50625 0.65859375 0.02421875 0.025
0 0.61015625 0.6609375 0.02578125 0.025
0 0.41953125 0.88984375 0.02578125 0.02421875
0 0.34453125 0.27734375 0.025 0.02734375
0 0.4859375 0.3453125 0.025 0.0265625
0 0.53203125 0.66484375 0.025 0.02421875
0 0.590625 0.5171875 0.0265625 0.025
0 0.378125 0.8515625 0.02421875 0.02421875
0 0.33359375 0.7515625 0.02421875 0.02421875
0 0.20703125 0.2609375 0.028125 0.0265625
0 0.4078125 0.746875 0.025 0.025
0 0.5265625 0.621875 0.0265625 0.025
0 0.50859375 0.5859375 0.025 0.02421875
0 0.2859375 0.20625 0.02578125 0.028125
0 0.5984375 0.31875 0.025 0.0265625
0 0.59453125 0.259375 0.025 0.02734375
0 0.565625 0.52578125 0.025 0.025
0 0.38671875 0.6515625 0.02578125 0.02578125
0 0.42578125 0.2046875 0.02421875 0.02734375
0 0.61796875 0.29609375 0.025 0.0265625
0 0.40859375 0.26875 0.02578125 0.0265625
0 0.49609375 0.37578125 0.0234375 0.025
0 0.5359375 0.2609375 0.0296875 0.02734375
0 0.509375 0.7125 0.0234375 0.0234375
0 0.6171875 0.27109375 0.02578125 0.0265625
0 0.4828125 0.52265625 0.02421875 0.025
0 0.4796875 0.2734375 0.028125 0.02734375
0 0.57109375 0.25390625 0.02578125 0.028125
0 0.4625 0.50859375 0.02578125 0.02421875
0 0.615625 0.43828125 0.02578125 0.02578125
0 0.59453125 0.6921875 0.025 0.02421875
0 0.54609375 0.2875 0.0265625 0.02578125
0 0.5578125 0.6875 0.025 0.02421875
0 0.325 0.3078125 0.02734375 0.02578125
0 0.5328125 0.70625 0.02421875 0.02421875
0 0.5828125 0.434375 0.02578125 0.025
0 0.30546875 0.453125 0.02578125 0.02734375
0 0.56796875 0.5609375 0.02421875 0.025
0 0.5890625 0.6484375 0.02421875 0.02421875
0 0.43046875 0.73125 0.02421875 0.02421875
0 0.36796875 0.7046875 0.02578125 0.025
0 0.46015625 0.68203125 0.02421875 0.025
0 0.54921875 0.49296875 0.0265625 0.028125
0 0.559375 0.65078125 0.025 0.02421875
0 0.5140625 0.5140625 0.025 0.02578125
0 0.4109375 0.71953125 0.025 0.025
0 0.46171875 0.70703125 0.02578125 0.0234375
0 0.565625 0.215625 0.0265625 0.02734375
0 0.465625 0.53828125 0.025 0.02578125
0 0.5171875 0.6875 0.02421875 0.02421875
0 0.5578125 0.709375 0.02421875 0.0234375
0 0.58515625 0.23359375 0.025 0.0265625
0 0.6453125 0.33515625 0.025 0.0265625
0 0.40234375 0.8734375 0.0265625 0.025
0 0.503125 0.74296875 0.0234375 0.0234375
0 0.38828125 0.29453125 0.025 0.02578125
0 0.40546875 0.6703125 0.0265625 0.025
0 0.33671875 0.659375 0.02734375 0.0265625
0 0.61015625 0.85859375 0.0265625 0.0265625
0 0.41953125 0.69609375 0.025 0.02578125
0 0.321875 0.4109375 0.0265625 0.0265625
0 0.33984375 0.7265625 0.02578125 0.02578125
0 0.55 0.7328125 0.02421875 0.02421875
0 0.6140625 0.24453125 0.025 0.0265625
0 0.4046875 0.76875 0.025 0.025
0 0.40625 0.33828125 0.02578125 0.02578125
0 0.53671875 0.3421875 0.02578125 0.02421875
0 0.35 0.67890625 0.02578125 0.0265625
0 0.31171875 0.21640625 0.02578125 0.02734375
0 0.509375 0.1984375 0.025 0.02734375
0 0.4703125 0.228125 0.02421875 0.025
0 0.43828125 0.70859375 0.025 0.0265625
0 0.36875 0.27890625 0.02421875 0.0265625
0 0.60625 0.81015625 0.02421875 0.025
0 0.51875 0.5640625 0.02578125 0.02578125
0 0.30234375 0.49453125 0.0265625 0.02890625
0 0.48046875 0.74765625 0.025 0.025
0 0.559375 0.30625 0.025 0.02578125
0 0.59921875 0.75234375 0.02734375 0.025
0 0.4859375 0.709375 0.025 0.025
0 0.3125 0.76328125 0.02734375 0.025
0 0.3078125 0.67265625 0.02578125 0.02578125
0 0.49296875 0.2234375 0.02890625 0.02890625
0 0.5765625 0.72734375 0.025 0.02421875
0 0.4609375 0.20390625 0.025 0.02734375
0 0.54375 0.559375 0.0234375 0.02421875
0 0.5203125 0.38828125 0.0234375 0.02421875
0 0.628125 0.64453125 0.025 0.025
0 0.60625 0.63359375 0.02578125 0.02578125
0 0.328125 0.69609375 0.02421875 0.0234375
0 0.53671875 0.64375 0.025 0.02421875
0 0.46328125 0.865625 0.0265625 0.025
0 0.5359375 0.753125 0.02265625 0.02265625
0 0.41484375 0.2953125 0.0265625 0.0265625
0 0.55703125 0.60390625 0.025 0.025
0 0.484375 0.19453125 0.02421875 0.0265625
0 0.5109375 0.03984375 0.025 0.02734375
0 0.5453125 0.84296875 0.02421875 0.02578125
0 0.52421875 0.85859375 0.02421875 0.025
0 0.5859375 0.8 0.02421875 0.025
0 0.4453125 0.22890625 0.02421875 0.02578125
0 0.48359375 0.5875 0.02421875 0.0234375
0 0.46796875 0.89296875 0.0234375 0.025
0 0.49296875 0.6859375 0.025 0.025
0 0.525 0.7296875 0.0265625 0.025
0 0.43125 0.75546875 0.0234375 0.021875
0 0.43359375 0.3359375 0.0296875 0.028125
0 0.34921875 0.04296875 0.02578125 0.02734375
0 0.571875 0.8609375 0.02265625 0.0234375
0 0.58125 0.053125 0.02578125 0.028125
0 0.53125 0.89765625 0.02421875 0.02421875
0 0.39921875 0.196875 0.02578125 0.03046875
0 0.5453125 0.8765625 0.02421875 0.02421875
0 0.596875 0.7765625 0.0234375 0.025
0 0.59453125 0.8765625 0.02421875 0.02421875
0 0.5921875 0.8453125 0.025 0.025
0 0.6046875 0.06640625 0.02421875 0.0265625
0 0.5109375 0.88515625 0.02421875 0.02421875
0 0.62734375 0.05625 0.025 0.0265625
0 0.5859375 0.0828125 0.02578125 0.0265625
0 0.62890625 0.084375 0.02421875 0.028125