0 0.81015625 0.68125 0.0203125 0.0203125
0 0.71015625 0.67421875 0.0171875 0.01875
0 0.69140625 0.715625 0.0171875 0.0171875
0 0.6765625 0.6765625 0.0203125 0.0203125
0 0.6625 0.6734375 0.0171875 0.0171875
0 0.65390625 0.7296875 0.01875 0.01875
0 0.6328125 0.73671875 0.0171875 0.0171875
0 0.6328125 0.7578125 0.01875 0.01875
0 0.62734375 0.78046875 0.0203125 0.0171875
0 0.6390625 0.79296875 0.0203125 0.0171875
0 0.58671875 0.76796875 0.01875 0.01875
0 0.54296875 0.8515625 0.01875 0.0171875
0 0.54375 0.86875 0.0203125 0.0171875
0 0.5046875 0.834375 0.0203125 0.0203125
0 0.4859375 0.80390625 0.0171875 0.0203125
0 0.47109375 0.80234375 0.0171875 0.0171875
0 0.46953125 0.825 0.01875 0.01875
0 0.459375 0.80859375 0.0171875 0.015625
0 0.47578125 0.859375 0.0203125 0.01875
0 0.44765625 0.81484375 0.0171875 0.0171875
0 0.45234375 0.83359375 0.0171875 0.01875
0 0.45625 0.85078125 0.01875 0.0171875
0 0.43984375 0.846875 0.0203125 0.015625
0 0.4421875 0.86171875 0.0203125 0.0171875
0 0.43671875 0.8328125 0.0171875 0.015625
0 0.42421875 0.85078125 0.0171875 0.0171875
0 0.4328125 0.81875 0.0171875 0.0171875
0 0.4234375 0.83671875 0.01875 0.0140625
0 0.42109375 0.8109375 0.0171875 0.0171875
0 0.41328125 0.82890625 0.0171875 0.015625
0 0.41640625 0.79765625 0.0203125 0.0171875
0 0.40703125 0.815625 0.0171875 0.0171875
0 0.40625 0.7625 0.01875 0.01875
0 0.403125 0.7953125 0.0171875 0.0171875
0 0.39453125 0.7703125 0.0171875 0.0171875
0 0.396875 0.78359375 0.0171875 0.0171875
0 0.38359375 0.78125 0.0171875 0.0140625
0 0.38984375 0.753125 0.01875 0.0171875
0 0.378125 0.7515625 0.0171875 0.0171875
0 0.38203125 0.765625 0.0203125 0.0171875
0 0.378125 0.73828125 0.0171875 0.015625
0 0.36484375 0.73984375 0.0171875 0.0171875
0 0.384375 0.7265625 0.0171875 0.0171875
0 0.55625 0.70234375 0.0203125 0.0171875
0 0.5515625 0.71796875 0.0171875 0.0171875
0 0.5328125 0.71484375 0.0203125 0.0171875
0 0.528125 0.73359375 0.0203125 0.01875
0 0.53984375 0.75859375 0.0203125 0.0171875
0 0.52265625 0.775 0.0203125 0.0171875
0 0.50625 0.76484375 0.0171875 0.0171875
0 0.50859375 0.72421875 0.0203125 0.0171875
0 0.4953125 0.69921875 0.01875 0.0171875
0 0.5234375 0.6578125 0.0203125 0.0171875
0 0.62578125 0.67578125 0.0171875 0.0171875
0 0.590625 0.64921875 0.01875 0.0171875
0 0.5734375 0.6421875 0.01875 0.0171875
0 0.6265625 0.634375 0.0203125 0.01875
0 0.6109375 0.63671875 0.01875 0.0171875
0 0.54609375 0.63203125 0.0203125 0.0171875
0 0.484375 0.6484375 0.0203125 0.0171875
0 0.53828125 0.615625 0.01875 0.0171875
0 0.47421875 0.665625 0.01875 0.0171875
0 0.5265625 0.609375 0.01875 0.01875
0 0.49296875 0.62734375 0.0203125 0.0171875
0 0.459375 0.64296875 0.0171875 0.0171875
0 0.47734375 0.62734375 0.0171875 0.0171875
0 0.44609375 0.6546875 0.0171875 0.0171875
0 0.4640625 0.61796875 0.0203125 0.01875
0 0.453125 0.63046875 0.0171875 0.0171875
0 0.45234375 0.596875 0.0203125 0.0171875
0 0.43984375 0.62578125 0.01875 0.0203125
0 0.415625 0.67421875 0.01875 0.0171875
0 0.41328125 0.69296875 0.01875 0.0171875
0 0.4 0.675 0.0171875 0.0171875
0 0.40234375 0.70546875 0.0203125 0.0171875
0 0.38046875 0.7125 0.01875 0.015625
0 0.38046875 0.678125 0.0171875 0.0203125
0 0.390625 0.69765625 0.01875 0.0203125
0 0.365625 0.684375 0.0203125 0.0171875
0 0.37109375 0.6984375 0.0203125 0.0171875
0 0.39609375 0.6546875 0.0203125 0.015625
0 0.384375 0.6609375 0.0203125 0.01875
0 0.3703125 0.66484375 0.01875 0.01875
0 0.4015625 0.6375 0.0203125 0.0171875
0 0.3828125 0.63046875 0.0171875 0.01875
0 0.37109375 0.63671875 0.01875 0.0171875
0 0.3671875 0.65 0.0171875 0.0171875
0 0.3984375 0.61640625 0.01875 0.0171875
0 0.38515625 0.61328125 0.0171875 0.0171875
0 0.37109375 0.61015625 0.01875 0.0171875
0 0.359375 0.6171875 0.0171875 0.0171875
0 0.39453125 0.596875 0.01875 0.0171875
0 0.37890625 0.5921875 0.0203125 0.0171875
0 0.40390625 0.584375 0.0171875 0.0171875
0 0.3875 0.56953125 0.0203125 0.0171875
0 0.34375 0.584375 0.01875 0.0171875
0 0.32421875 0.6265625 0.01875 0.0171875
0 0.30390625 0.6328125 0.0171875 0.0171875
0 0.28671875 0.61953125 0.0171875 0.0171875
0 0.26484375 0.61875 0.0203125 0.0171875
0 0.24765625 0.61015625 0.0203125 0.0171875
0 0.240625 0.6421875 0.0171875 0.0171875
0 0.27265625 0.68046875 0.01875 0.0171875
0 0.2609375 0.68515625 0.0203125 0.0171875
0 0.32734375 0.5953125 0.0203125 0.0171875
0 0.26171875 0.6703125 0.0203125 0.0171875
0 0.31640625 0.5828125 0.0171875 0.0171875
0 0.30234375 0.578125 0.0203125 0.0171875
0 0.27421875 0.5625 0.0203125 0.0171875
0 0.28828125 0.56640625 0.0171875 0.0171875
0 0.2609375 0.56484375 0.0171875 0.0171875
0 0.234375 0.553125 0.0203125 0.021875
0 0.2453125 0.5625 0.0171875 0.0203125
0 0.71484375 0.52421875 0.01875 0.0171875
0 0.69765625 0.5265625 0.0171875 0.015625
0 0.71015625 0.50859375 0.0234375 0.01875
0 0.70234375 0.48984375 0.0171875 0.0171875
0 0.69296875 0.50703125 0.0203125 0.0203125
0 0.684375 0.53125 0.0203125 0.0171875
0 0.6671875 0.5296875 0.0171875 0.01875
0 0.6546875 0.5359375 0.0203125 0.0171875
0 0.66015625 0.58046875 0.0203125 0.0171875
0 0.65546875 0.60078125 0.01875 0.0171875
0 0.64765625 0.6171875 0.01875 0.0171875
0 0.64375 0.5859375 0.0203125 0.0171875
0 0.640625 0.6046875 0.0171875 0.0171875
0 0.625 0.61328125 0.0171875 0.0171875
0 0.63671875 0.55 0.01875 0.0203125
0 0.62734375 0.59765625 0.0171875 0.0203125
0 0.63359375 0.56796875 0.0171875 0.0171875
0 0.61875 0.58671875 0.0203125 0.015625
0 0.62578125 0.540625 0.0171875 0.0171875
0 0.625 0.55625 0.01875 0.0171875
0 0.62265625 0.57421875 0.0203125 0.0171875
0 0.61328125 0.60078125 0.015625 0.01875
0 0.61171875 0.56328125 0.0171875 0.0171875
0 0.60234375 0.59296875 0.0171875 0.01875
0 0.6015625 0.57109375 0.0171875 0.0171875
0 0.58828125 0.5875 0.0171875 0.0171875
0 0.61328125 0.546875 0.0171875 0.0171875
0 0.59140625 0.5609375 0.0171875 0.01875
0 0.61328125 0.53125 0.01875 0.0171875
0 0.578125 0.56640625 0.0171875 0.0171875
0 0.6 0.53984375 0.0171875 0.01875
0 0.584375 0.53125 0.0203125 0.0171875
0 0.56875 0.5546875 0.01875 0.0171875
0 0.56875 0.52734375 0.0171875 0.0171875
0 0.61640625 0.50234375 0.0203125 0.01875
0 0.60859375 0.5140625 0.0203125 0.01875
0 0.55234375 0.54921875 0.0203125 0.0171875
0 0.5234375 0.53359375 0.01875 0.0171875
0 0.54140625 0.5390625 0.0171875 0.0171875
0 0.5390625 0.55234375 0.0203125 0.0171875
0 0.51015625 0.54140625 0.01875 0.0171875
0 0.4921875 0.503125 0.0171875 0.0171875
0 0.50625 0.52578125 0.0171875 0.01875
0 0.49296875 0.5171875 0.0203125 0.0171875
0 0.4546875 0.553125 0.01875 0.0171875
0 0.434375 0.53125 0.01875 0.0171875
0 0.42734375 0.5453125 0.0171875 0.0171875
0 0.425 0.51171875 0.01875 0.01875
0 0.4109375 0.50703125 0.0171875 0.0171875
0 0.39609375 0.5109375 0.0171875 0.0171875
0 0.40234375 0.52578125 0.0171875 0.0171875
0 0.39296875 0.53671875 0.0171875 0.0171875
0 0.38359375 0.5515625 0.0171875 0.0171875
0 0.37890625 0.528125 0.0171875 0.0171875
0 0.36484375 0.53125 0.0171875 0.0171875
0 0.334375 0.52734375 0.0171875 0.015625
0 0.709375 0.45625 0.0203125 0.0171875
0 0.67109375 0.47109375 0.0171875 0.0171875
0 0.66328125 0.45859375 0.0171875 0.0171875
0 0.6546875 0.47109375 0.01875 0.0171875
0 0.6578125 0.44609375 0.0171875 0.0171875
0 0.64609375 0.4375 0.0171875 0.0171875
0 0.6359375 0.4484375 0.0171875 0.0171875
0 0.640625 0.46484375 0.0171875 0.0171875
0 0.64453125 0.48203125 0.01875 0.0171875
0 0.62109375 0.45234375 0.0171875 0.01875
0 0.71796875 0.40625 0.0203125 0.01875
0 0.6953125 0.40234375 0.0203125 0.0171875
0 0.6671875 0.39375 0.01875 0.0171875
0 0.65859375 0.40703125 0.0171875 0.0171875
0 0.6515625 0.39296875 0.01875 0.0171875
0 0.6390625 0.38828125 0.01875 0.0171875
0 0.64296875 0.3625 0.0171875 0.0171875
0 0.64921875 0.3765625 0.0203125 0.01875
0 0.63046875 0.36640625 0.01875 0.0171875
0 0.625 0.35234375 0.01875 0.0171875
0 0.61640625 0.371875 0.0171875 0.0171875
0 0.61328125 0.34140625 0.01875 0.0171875
0 0.61015625 0.35859375 0.0171875 0.0171875
0 0.6015625 0.375 0.0171875 0.0171875
0 0.5984375 0.3515625 0.0171875 0.0171875
0 0.5890625 0.3671875 0.0171875 0.0171875
0 0.584375 0.3421875 0.0171875 0.0171875
0 0.57734375 0.35546875 0.0171875 0.0171875
0 0.59765625 0.3359375 0.0171875 0.0171875
0 0.609375 0.31015625 0.01875 0.0171875
0 0.60703125 0.325 0.0171875 0.0171875
0 0.58828125 0.309375 0.0171875 0.01875
0 0.58359375 0.3953125 0.01875 0.015625
0 0.584375 0.409375 0.0171875 0.0171875
0 0.58359375 0.4234375 0.0171875 0.0171875
0 0.5796875 0.440625 0.0171875 0.0171875
0 0.5703125 0.384375 0.0171875 0.0171875
0 0.55546875 0.378125 0.0171875 0.0171875
0 0.5625 0.3953125 0.0171875 0.0171875
0 0.559375 0.4109375 0.0171875 0.0171875
0 0.55703125 0.42734375 0.0171875 0.0171875
0 0.55625 0.45 0.0171875 0.0171875
0 0.540625 0.415625 0.0171875 0.01875
0 0.53671875 0.43515625 0.01875 0.0171875
0 0.5421875 0.44765625 0.0203125 0.0171875
0 0.521875 0.4421875 0.0171875 0.0171875
0 0.53125 0.45546875 0.0171875 0.0171875
0 0.52109375 0.46328125 0.0171875 0.015625
0 0.50390625 0.44375 0.0171875 0.0171875
0 0.52109375 0.4109375 0.0171875 0.0171875
0 0.48828125 0.42890625 0.0171875 0.01875
0 0.5046875 0.409375 0.0171875 0.0171875
0 0.5390625 0.3859375 0.0171875 0.0171875
0 0.52421875 0.3859375 0.0171875 0.01875
0 0.51171875 0.39140625 0.0171875 0.0171875
0 0.5625 0.36171875 0.0171875 0.0171875
0 0.5640625 0.3375 0.0203125 0.0171875
0 0.56171875 0.346875 0.0171875 0.0140625
0 0.5546875 0.30234375 0.0171875 0.0171875
0 0.5484375 0.315625 0.0171875 0.0171875
0 0.534375 0.31953125 0.0171875 0.0171875
0 0.53828125 0.33359375 0.01875 0.0171875
0 0.73828125 0.25546875 0.0234375 0.021875
0 0.7046875 0.28515625 0.01875 0.0171875
0 0.7125 0.30546875 0.01875 0.01875
0 0.671875 0.30078125 0.021875 0.01875
0 0.6171875 0.275 0.0203125 0.01875
0 0.6046875 0.28203125 0.0203125 0.0171875
0 0.58984375 0.28046875 0.0203125 0.0171875
0 0.5703125 0.28125 0.0203125 0.01875
0 0.54453125 0.28203125 0.0171875 0.01875
0 0.6015625 0.25 0.0203125 0.0171875
0 0.6046875 0.26484375 0.0203125 0.0171875
0 0.58515625 0.23203125 0.0203125 0.0171875
0 0.57109375 0.23984375 0.01875 0.0171875
0 0.5453125 0.23125 0.0203125 0.01875
0 0.53125 0.2453125 0.01875 0.01875
0 0.52734375 0.26484375 0.0171875 0.01875
0 0.515625 0.25078125 0.0203125 0.0171875
0 0.50546875 0.278125 0.0171875 0.01875
0 0.4953125 0.25 0.01875 0.0171875
0 0.50390625 0.2609375 0.0171875 0.0171875
0 0.49609375 0.290625 0.0171875 0.0171875
0 0.49453125 0.30390625 0.0171875 0.0171875
0 0.50546875 0.32734375 0.0171875 0.0171875
0 0.48203125 0.290625 0.0171875 0.0171875
0 0.48046875 0.309375 0.0171875 0.0171875
0 0.47109375 0.296875 0.0203125 0.0171875
0 0.46640625 0.3203125 0.01875 0.0171875
0 0.4734375 0.3328125 0.01875 0.0171875
0 0.4546875 0.31171875 0.0171875 0.0171875
0 0.453125 0.32890625 0.01875 0.0171875
0 0.43984375 0.3140625 0.0171875 0.0171875
0 0.43359375 0.3265625 0.01875 0.0140625
0 0.4375 0.3390625 0.0203125 0.0171875
0 0.44375 0.35 0.01875 0.01875
0 0.4359375 0.3640625 0.0171875 0.0171875
0 0.42734375 0.35078125 0.0171875 0.0171875
0 0.42109375 0.36484375 0.0171875 0.0171875
0 0.4203125 0.38203125 0.01875 0.0171875
0 0.40625 0.365625 0.0171875 0.0171875
0 0.42109375 0.33828125 0.0140625 0.015625
0 0.41171875 0.3484375 0.0171875 0.0171875
0 0.41640625 0.32421875 0.0171875 0.0171875
0 0.4046875 0.3328125 0.0171875 0.0171875
0 0.396875 0.34609375 0.0171875 0.0171875
0 0.41015625 0.309375 0.0171875 0.0203125
0 0.39453125 0.31796875 0.0203125 0.0171875
0 0.371875 0.36484375 0.01875 0.0171875
0 0.3578125 0.3578125 0.0171875 0.0171875
0 0.35 0.36953125 0.01875 0.0171875
0 0.3390625 0.359375 0.01875 0.015625
0 0.38515625 0.303125 0.0171875 0.0171875
0 0.346875 0.34609375 0.0171875 0.015625
0 0.6984375 0.1640625 0.0234375 0.021875
0 0.64140625 0.171875 0.021875 0.0203125
0 0.6328125 0.20234375 0.0203125 0.01875
0 0.64140625 0.15625 0.0203125 0.0171875
0 0.61796875 0.16953125 0.0234375 0.01875
0 0.60546875 0.18984375 0.0203125 0.0203125
0 0.5859375 0.18359375 0.0203125 0.01875
0 0.5828125 0.196875 0.01875 0.01875
0 0.57890625 0.16171875 0.0203125 0.0171875
0 0.55546875 0.1859375 0.0203125 0.0203125
0 0.56328125 0.1625 0.0203125 0.0203125
0 0.5234375 0.15859375 0.0203125 0.0203125
0 0.52109375 0.1984375 0.021875 0.0203125
0 0.52109375 0.18359375 0.0234375 0.021875
0 0.4984375 0.1671875 0.0203125 0.0203125
0 0.5046875 0.20078125 0.0171875 0.0203125
0 0.5 0.1359375 0.01875 0.0203125
0 0.484375 0.16640625 0.0203125 0.01875
0 0.49296875 0.23125 0.0171875 0.0203125
0 0.46640625 0.23671875 0.01875 0.01875
0 0.4484375 0.24140625 0.0171875 0.0171875
0 0.4796875 0.22578125 0.0203125 0.0203125
0 0.43125 0.2421875 0.0203125 0.0171875
0 0.41953125 0.265625 0.0171875 0.0171875
0 0.4046875 0.23671875 0.0203125 0.0171875
0 0.41640625 0.25234375 0.0171875 0.0171875
0 0.40703125 0.271875 0.0171875 0.0171875
0 0.3953125 0.2859375 0.0171875 0.01875
0 0.37578125 0.2671875 0.015625 0.0203125
0 0.3609375 0.265625 0.01875 0.015625
0 0.3875 0.271875 0.0171875 0.0171875
0 0.38203125 0.2875 0.015625 0.0171875
0 0.37265625 0.30078125 0.0171875 0.0203125
0 0.36875 0.28671875 0.0171875 0.0171875
0 0.353125 0.31171875 0.0171875 0.0171875
0 0.353125 0.28203125 0.01875 0.0171875
0 0.3546875 0.29765625 0.0203125 0.015625
0 0.33984375 0.315625 0.0171875 0.0171875
0 0.3296875 0.2875 0.0171875 0.0171875
0 0.334375 0.30234375 0.0171875 0.0171875
0 0.3265625 0.321875 0.015625 0.0203125
0 0.39453125 0.225 0.0203125 0.01875
0 0.3796875 0.22734375 0.0203125 0.01875
0 0.30703125 0.23125 0.0171875 0.01875
0 0.31484375 0.28984375 0.0171875 0.01875
0 0.31875 0.30703125 0.01875 0.0171875
0 0.3 0.32734375 0.01875 0.0171875
0 0.3015625 0.2921875 0.0171875 0.0171875
0 0.30390625 0.3078125 0.01875 0.0171875
0 0.2859375 0.31875 0.0171875 0.0203125
0 0.27421875 0.2515625 0.0171875 0.0203125
0 0.28671875 0.30234375 0.0171875 0.0203125
0 0.45078125 0.403125 0.01875 0.01875
0 0.4484375 0.41875 0.0203125 0.01875
0 0.46015625 0.43828125 0.01875 0.0203125
0 0.46953125 0.45390625 0.0171875 0.0171875
0 0.45234375 0.46796875 0.0203125 0.01875
0 0.4296875 0.42109375 0.0171875 0.0203125
0 0.434375 0.4453125 0.0171875 0.0203125
0 0.42734375 0.403125 0.0203125 0.0171875
0 0.4421875 0.45859375 0.01875 0.0234375
0 0.428125 0.46484375 0.015625 0.01875
0 0.44765625 0.48046875 0.01875 0.0171875
0 0.43125 0.48984375 0.01875 0.0171875
0 0.41640625 0.45859375 0.0171875 0.0171875
0 0.43515625 0.47734375 0.0171875 0.0171875
0 0.403125 0.46171875 0.0171875 0.0171875
0 0.42265625 0.47734375 0.0171875 0.0171875
0 0.3875 0.46015625 0.0171875 0.0171875
0 0.409375 0.475 0.0171875 0.0171875
0 0.371875 0.47109375 0.01875 0.0203125
0 0.3765625 0.48359375 0.0171875 0.01875
0 0.32734375 0.4875 0.0171875 0.0171875
0 0.34140625 0.44453125 0.0203125 0.0171875
0 0.35390625 0.425 0.0203125 0.0171875
0 0.31328125 0.4890625 0.0171875 0.0171875
0 0.2796875 0.50390625 0.0171875 0.0171875
0 0.29765625 0.48046875 0.0171875 0.0171875
0 0.2921875 0.4921875 0.015625 0.0171875
0 0.2890625 0.47421875 0.01875 0.0171875
0 0.275 0.48203125 0.0171875 0.0171875
0 0.275 0.4625 0.0234375 0.01875
0 0.2640625 0.47421875 0.0203125 0.01875
0 0.26953125 0.44765625 0.01875 0.01875
0 0.2765625 0.42890625 0.0171875 0.015625
0 0.2609375 0.43203125 0.015625 0.0171875
0 0.275 0.38671875 0.0171875 0.015625
0 0.26875 0.41796875 0.0234375 0.0203125
0 0.253125 0.40859375 0.0203125 0.0203125
0 0.29609375 0.37109375 0.01875 0.0171875
0 0.27734375 0.36796875 0.021875 0.0234375
0 0.4171875 0.42109375 0.0171875 0.01875
0 0.4125 0.4359375 0.0171875 0.0203125
0 0.45234375 0.18984375 0.0203125 0.01875
0 0.43125 0.1875 0.0171875 0.0171875
0 0.44140625 0.2015625 0.01875 0.0203125
0 0.428125 0.17265625 0.0203125 0.01875
0 0.41484375 0.1921875 0.0203125 0.0171875
0 0.38828125 0.178125 0.0171875 0.015625
0 0.4078125 0.17578125 0.0203125 0.0203125
0 0.39609375 0.18828125 0.0171875 0.0171875
0 0.36015625 0.16015625 0.0171875 0.01875
0 0.37734375 0.18515625 0.0203125 0.0171875
0 0.36640625 0.1953125 0.0203125 0.0140625
0 0.3546875 0.1875 0.0171875 0.0171875
0 0.34765625 0.19921875 0.0171875 0.0171875
0 0.296875 0.19140625 0.01875 0.0203125
0 0.33359375 0.190625 0.0171875 0.01875
0 0.31875 0.18515625 0.0171875 0.0171875
0 0.44140625 0.1796875 0.0203125 0.0171875
0 0.42734375 0.2015625 0.0171875 0.0171875
0 0.4 0.25859375 0.015625 0.0140625
0 0.17109375 0.4 0.021875 0.0203125