0 0.44296875 0.078125 0.025 0.02734375
0 0.42578125 0.09375 0.0234375 0.025
0 0.40703125 0.07734375 0.02578125 0.02578125
0 0.40859375 0.05390625 0.0265625 0.025
0 0.51796875 0.096875 0.0265625 0.025
0 0.49375 0.10625 0.025 0.028125
0 0.5421875 0.1359375 0.02578125 0.02578125
0 0.5875 0.19375 0.0265625 0.02578125
0 0.6984375 0.23671875 0.02265625 0.025
0 0.6734375 0.24453125 0.0234375 0.02265625
0 0.69921875 0.2609375 0.0203125 0.02265625
0 0.6796875 0.26640625 0.021875 0.02265625
0 0.734375 0.26484375 0.02421875 0.0234375
0 0.7625 0.26171875 0.02265625 0.02734375
0 0.7015625 0.28359375 0.0234375 0.0234375
0 0.68046875 0.29140625 0.021875 0.025
0 0.6625 0.28125 0.0234375 0.02578125
0 0.71015625 0.31015625 0.021875 0.02578125
0 0.6890625 0.31171875 0.02421875 0.02578125
0 0.73359375 0.32734375 0.01953125 0.02421875
0 0.71171875 0.33203125 0.0234375 0.0234375
0 0.72890625 0.36875 0.02109375 0.02265625
0 0.7078125 0.36875 0.0203125 0.02578125
0 0.68671875 0.3796875 0.02421875 0.0234375
0 0.72734375 0.38984375 0.02265625 0.02265625
0 0.70546875 0.39140625 0.021875 0.02265625
0 0.78828125 0.39453125 0.02109375 0.0265625
0 0.76875 0.3828125 0.01953125 0.0234375
0 0.76953125 0.41171875 0.0234375 0.02421875
0 0.7328125 0.43828125 0.02421875 0.0265625
0 0.71484375 0.41796875 0.0203125 0.025
0 0.80234375 0.47890625 0.021875 0.028125
0 0.81015625 0.52890625 0.021875 0.02421875
0 0.81015625 0.50390625 0.02578125 0.0265625
0 0.7734375 0.5328125 0.0171875 0.02109375
0 0.74609375 0.528125 0.01875 0.02578125
0 0.76328125 0.5265625 0.01953125 0.02265625
0 0.7484375 0.49921875 0.02421875 0.028125
0 0.71015625 0.51953125 0.0203125 0.01953125
0 0.71875 0.51015625 0.02109375 0.02421875
0 0.709375 0.4890625 0.01953125 0.021875
0 0.69609375 0.4984375 0.0234375 0.02265625
0 0.66875 0.5359375 0.02265625 0.0265625
0 0.65 0.55078125 0.0203125 0.02578125
0 0.6296875 0.546875 0.02421875 0.021875
0 0.6265625 0.56875 0.02265625 0.021875
0 0.65 0.61484375 0.0109375 0.0234375
0 0.6125 0.615625 0.02265625 0.0234375
0 0.63359375 0.6125 0.02109375 0.0265625
0 0.63359375 0.58984375 0.021875 0.01953125
0 0.62265625 0.6484375 0.02421875 0.0234375
0 0.6453125 0.6421875 0.021875 0.02578125
0 0.63828125 0.6640625 0.021875 0.02265625
0 0.665625 0.68046875 0.02578125 0.02265625
0 0.76875 0.565625 0.025 0.02421875
0 0.81953125 0.58828125 0.021875 0.025
0 0.77109375 0.58984375 0.025 0.02265625
0 0.78203125 0.64609375 0.021875 0.02265625
0 0.76796875 0.6640625 0.02421875 0.0234375
0 0.74609375 0.65390625 0.02109375 0.02421875
0 0.79765625 0.6859375 0.021875 0.01328125
0 0.79921875 0.6734375 0.02265625 0.021875
0 0.77109375 0.69375 0.0234375 0.02421875
0 0.8046875 0.725 0.0234375 0.02421875
0 0.78671875 0.7109375 0.02265625 0.02265625
0 0.75234375 0.7171875 0.025 0.021875
0 0.74609375 0.6953125 0.02421875 0.02421875
0 0.7296875 0.72421875 0.02109375 0.02265625
0 0.71015625 0.74609375 0.02109375 0.025
0 0.69140625 0.73515625 0.021875 0.02734375
0 0.7515625 0.7390625 0.02109375 0.0234375
0 0.73125 0.746875 0.02109375 0.02421875
0 0.7625 0.759375 0.0203125 0.02421875
0 0.74375 0.7640625 0.02109375 0.0234375
0 0.7140625 0.771875 0.02578125 0.0234375
0 0.68671875 0.79921875 0.02421875 0.0234375
0 0.67421875 0.81796875 0.021875 0.021875
0 0.696875 0.9234375 0.02265625 0.0265625
0 0.55078125 0.86796875 0.0234375 0.02421875
0 0.53359375 0.84453125 0.02265625 0.025
0 0.46015625 0.7875 0.025 0.02734375
0 0.403125 0.76328125 0.02421875 0.025
0 0.38984375 0.78515625 0.02578125 0.02421875
0 0.3828125 0.8109375 0.021875 0.01953125
0 0.37109375 0.80234375 0.0140625 0.015625
0 0.32578125 0.86640625 0.02421875 0.015625
0 0.29921875 0.83984375 0.02578125 0.02578125
0 0.32734375 0.846875 0.0296875 0.03125
0 0.55234375 0.7265625 0.02265625 0.02265625
0 0.57890625 0.696875 0.02109375 0.02265625
0 0.55859375 0.70234375 0.02265625 0.02265625
0 0.57421875 0.71796875 0.02109375 0.0234375
0 0.53203125 0.690625 0.01953125 0.02421875
0 0.553125 0.68046875 0.02109375 0.021875
0 0.56796875 0.665625 0.0203125 0.0234375
0 0.5390625 0.6671875 0.01953125 0.025
0 0.54296875 0.64375 0.021875 0.02265625
0 0.5625 0.63046875 0.021875 0.02265625
0 0.52265625 0.653125 0.021875 0.01953125
0 0.52734375 0.62578125 0.02265625 0.028125
0 0.5078125 0.634375 0.0265625 0.02109375
0 0.54609375 0.61484375 0.0203125 0.021875
0 0.5640625 0.59609375 0.02109375 0.02109375
0 0.49609375 0.615625 0.0234375 0.025
0 0.484375 0.6328125 0.02109375 0.0234375
0 0.49140625 0.59296875 0.0234375 0.025
0 0.49140625 0.5703125 0.02109375 0.02109375
0 0.46953125 0.58203125 0.02109375 0.025
0 0.4703125 0.55859375 0.02265625 0.02109375
0 0.45 0.55625 0.02265625 0.0234375
0 0.47578125 0.53671875 0.02109375 0.02421875
0 0.45703125 0.5265625 0.0203125 0.02265625
0 0.43828125 0.53359375 0.02265625 0.021875
0 0.4828125 0.515625 0.0296875 0.025
0 0.459375 0.50390625 0.02421875 0.02734375
0 0.4078125 0.58359375 0.025 0.02578125
0 0.5421875 0.55625 0.02578125 0.025
0 0.5203125 0.5578125 0.0234375 0.02421875
0 0.52578125 0.534375 0.0234375 0.02265625
0 0.5328125 0.51328125 0.02265625 0.0203125
0 0.5421875 0.49296875 0.02265625 0.02421875
0 0.56875 0.496875 0.02109375 0.0265625
0 0.55703125 0.51640625 0.0203125 0.025
0 0.6203125 0.5234375 0.02109375 0.02421875
0 0.61796875 0.5 0.02421875 0.02421875
0 0.346875 0.48046875 0.02890625 0.02890625
0 0.43515625 0.47734375 0.02890625 0.02578125
0 0.43671875 0.45390625 0.02890625 0.028125
0 0.39453125 0.459375 0.03125 0.02578125
0 0.38828125 0.4328125 0.02734375 0.02734375
0 0.415625 0.42890625 0.02421875 0.0296875
0 0.39921875 0.39609375 0.025 0.028125
0 0.4359375 0.4140625 0.02578125 0.02578125
0 0.5046875 0.446875 0.025 0.02734375
0 0.48515625 0.37109375 0.028125 0.02734375
0 0.6203125 0.4171875 0.02421875 0.021875
0 0.628125 0.3953125 0.021875 0.021875
0 0.62109375 0.43828125 0.021875 0.0234375
0 0.65 0.4078125 0.02265625 0.0234375
0 0.64140625 0.37890625 0.02421875 0.02265625
0 0.6203125 0.3625 0.02265625 0.02578125
0 0.62109375 0.33671875 0.02578125 0.025
0 0.60078125 0.31640625 0.02421875 0.02421875