0 0.42265625 0.046875 0.02265625 0.02578125
0 0.40078125 0.11171875 0.0234375 0.02734375
0 0.425 0.13515625 0.02421875 0.02578125
0 0.36328125 0.153125 0.025 0.02578125
0 0.403125 0.15625 0.02265625 0.02421875
0 0.40859375 0.18203125 0.02109375 0.028125
0 0.38984375 0.19453125 0.02265625 0.025
0 0.36484375 0.20390625 0.02578125 0.025
0 0.37890625 0.23984375 0.02265625 0.02578125
0 0.425 0.24765625 0.02265625 0.025
0 0.359375 0.28203125 0.021875 0.0234375
0 0.35390625 0.30390625 0.02265625 0.0265625
0 0.3796875 0.29609375 0.021875 0.0234375
0 0.50390625 0.3765625 0.021875 0.0234375
0 0.4796875 0.3828125 0.02109375 0.02421875
0 0.46796875 0.40859375 0.02109375 0.02265625
0 0.43515625 0.4140625 0.02265625 0.021875
0 0.4234375 0.3171875 0.021875 0.0234375
0 0.44375 0.33984375 0.02109375 0.02421875
0 0.4140625 0.3453125 0.02265625 0.021875
0 0.4171875 0.36796875 0.02265625 0.021875
0 0.39140625 0.36484375 0.02265625 0.02265625
0 0.3828125 0.39140625 0.0234375 0.0265625
0 0.41484375 0.390625 0.0234375 0.02265625
0 0.40625 0.40859375 0.021875 0.0234375
0 0.3953125 0.43046875 0.02265625 0.02421875
0 0.42109375 0.45546875 0.0203125 0.021875
0 0.4515625 0.4328125 0.0203125 0.021875
0 0.47109375 0.44453125 0.02109375 0.021875
0 0.4546875 0.4578125 0.01953125 0.02109375
0 0.53828125 0.49921875 0.021875 0.0234375
0 0.49609375 0.5015625 0.02109375 0.021875
0 0.4421875 0.47578125 0.0203125 0.0203125
0 0.4765625 0.5046875 0.02109375 0.021875
0 0.42578125 0.4890625 0.02109375 0.02265625
0 0.40859375 0.51328125 0.021875 0.02421875
0 0.43828125 0.51953125 0.01953125 0.021875
0 0.50703125 0.559375 0.0234375 0.02109375
0 0.49140625 0.5765625 0.02109375 0.021875
0 0.46875 0.56953125 0.01953125 0.0203125
0 0.45078125 0.5390625 0.01953125 0.02265625
0 0.403125 0.5640625 0.021875 0.021875
0 0.42890625 0.553125 0.02109375 0.021875
0 0.42890625 0.57890625 0.0234375 0.02265625
0 0.45078125 0.5875 0.021875 0.01953125
0 0.47265625 0.59375 0.01953125 0.0203125
0 0.453125 0.60703125 0.02109375 0.01953125
0 0.47421875 0.61484375 0.01875 0.0203125
0 0.4484375 0.628125 0.01796875 0.02109375
0 0.42890625 0.63125 0.01953125 0.0203125
0 0.38984375 0.6328125 0.0203125 0.02109375
0 0.409375 0.64140625 0.0203125 0.01875
0 0.4359375 0.65078125 0.01875 0.01953125
0 0.47265625 0.64453125 0.01953125 0.0203125
0 0.49140625 0.64921875 0.02109375 0.02265625
0 0.36015625 0.65390625 0.02265625 0.0234375
0 0.39375 0.65625 0.0203125 0.02109375
0 0.4125 0.66328125 0.01875 0.0203125
0 0.425 0.6796875 0.01953125 0.02109375
0 0.446875 0.6703125 0.0203125 0.02109375
0 0.47109375 0.66640625 0.0203125 0.02109375
0 0.45859375 0.6890625 0.01796875 0.0203125
0 0.48828125 0.68203125 0.01953125 0.02109375
0 0.43671875 0.69296875 0.01953125 0.0203125
0 0.4046875 0.684375 0.0203125 0.0203125
0 0.40859375 0.70546875 0.0203125 0.02109375
0 0.42734375 0.71171875 0.01875 0.02109375
0 0.44765625 0.709375 0.01953125 0.02109375
0 0.47265625 0.70859375 0.01953125 0.02109375
0 0.49296875 0.71015625 0.01875 0.02109375
0 0.45859375 0.72578125 0.01875 0.02109375
0 0.47890625 0.73046875 0.01953125 0.02109375
0 0.490625 0.74609375 0.01796875 0.0203125
0 0.509375 0.7578125 0.01875 0.02109375
0 0.43828125 0.728125 0.01796875 0.01953125
0 0.41796875 0.73203125 0.01875 0.021875
0 0.4296875 0.7484375 0.01796875 0.02109375
0 0.45 0.74453125 0.01875 0.0203125
0 0.46875 0.7546875 0.01953125 0.0203125
0 0.49140625 0.76953125 0.01953125 0.021875
0 0.39765625 0.73515625 0.02109375 0.0234375
0 0.41015625 0.75546875 0.0203125 0.02265625
0 0.4484375 0.76640625 0.0203125 0.021875
0 0.46484375 0.77578125 0.01796875 0.02109375
0 0.4265625 0.7703125 0.01875 0.02109375
0 0.4703125 0.81171875 0.01953125 0.0203125
0 0.4390625 0.7875 0.01953125 0.01953125
0 0.4546875 0.796875 0.01875 0.02109375
0 0.41875 0.7921875 0.01953125 0.0203125
0 0.42109375 0.81328125 0.0203125 0.02109375
0 0.44140625 0.81640625 0.01875 0.0203125
0 0.4265625 0.83359375 0.01875 0.0203125
0 0.4125 0.85859375 0.02265625 0.02265625
0 0.4 0.88203125 0.021875 0.0234375
0 0.4453125 0.83671875 0.0203125 0.02109375
0 0.4625 0.84375 0.02109375 0.02109375
0 0.4609375 0.865625 0.01953125 0.02109375
0 0.47421875 0.884375 0.0203125 0.02265625
0 0.459375 0.921875 0.0203125 0.021875