0 0.4328125 0.18359375 0.025 0.0203125
0 0.41796875 0.19375 0.028125 0.0203125
0 0.4640625 0.18125 0.025 0.01875
0 0.4515625 0.1953125 0.0265625 0.0203125
0 0.43515625 0.20625 0.025 0.0203125
0 0.41328125 0.21171875 0.0265625 0.0203125
0 0.3859375 0.21640625 0.0265625 0.021875
0 0.4296875 0.22578125 0.0296875 0.025
0 0.40390625 0.228125 0.0234375 0.01875
0 0.39453125 0.2453125 0.0296875 0.021875
0 0.365625 0.23359375 0.0265625 0.0234375
0 0.41640625 0.25546875 0.0265625 0.0203125
0 0.39296875 0.265625 0.0265625 0.0234375
0 0.434375 0.24453125 0.028125 0.0234375
0 0.43125 0.2765625 0.028125 0.0234375
0 0.4078125 0.28359375 0.028125 0.0234375
0 0.384375 0.28984375 0.028125 0.0203125
0 0.415625 0.30234375 0.0296875 0.028125
0 0.37734375 0.30859375 0.0296875 0.028125
0 0.28125 0.24453125 0.03125 0.028125
0 0.303125 0.3578125 0.0296875 0.025
0 0.25625 0.309375 0.034375 0.03125
0 0.25703125 0.33671875 0.0328125 0.028125
0 0.3109375 0.37109375 0.03125 0.03125
0 0.31328125 0.33515625 0.0296875 0.0265625
0 0.32890625 0.396875 0.03125 0.03125
0 0.37265625 0.3890625 0.03125 0.0296875
0 0.40546875 0.4375 0.0328125 0.03125
0 0.425 0.4140625 0.03125 0.028125
0 0.45703125 0.4125 0.03125 0.028125
0 0.46171875 0.43828125 0.0328125 0.028125
0 0.4890625 0.421875 0.0234375 0.0265625
0 0.5046875 0.4015625 0.028125 0.0203125
0 0.48203125 0.38828125 0.0296875 0.028125
0 0.50703125 0.421875 0.0265625 0.0265625
0 0.53203125 0.4109375 0.03125 0.028125
0 0.53515625 0.384375 0.0296875 0.025
0 0.53515625 0.36171875 0.0328125 0.025
0 0.50703125 0.36640625 0.028125 0.0234375
0 0.4640625 0.3328125 0.0296875 0.025
0 0.5453125 0.3421875 0.028125 0.0234375
0 0.52109375 0.33359375 0.0265625 0.0265625
0 0.51640625 0.1765625 0.0234375 0.0203125
0 0.51171875 0.19296875 0.025 0.021875
0 0.5046875 0.31171875 0.0265625 0.0234375
0 0.53046875 0.30546875 0.0265625 0.0234375
0 0.528125 0.25390625 0.0296875 0.025
0 0.5171875 0.22734375 0.0296875 0.021875
0 0.525 0.20625 0.0265625 0.01875
0 0.5453125 0.178125 0.0265625 0.0171875
0 0.5375 0.19453125 0.025 0.01875
0 0.56953125 0.1859375 0.0265625 0.0171875
0 0.55234375 0.20625 0.0265625 0.0171875
0 0.53984375 0.22265625 0.0265625 0.0203125
0 0.57578125 0.20234375 0.025 0.0203125
0 0.56484375 0.22265625 0.0265625 0.021875
0 0.59765625 0.2078125 0.0265625 0.0203125
0 0.58984375 0.225 0.0265625 0.0203125
0 0.61328125 0.22421875 0.0265625 0.0171875
0 0.590625 0.24140625 0.0296875 0.025
0 0.625 0.21171875 0.025 0.0203125
0 0.615625 0.240625 0.025 0.0203125
0 0.61015625 0.25859375 0.0265625 0.021875
0 0.64140625 0.23359375 0.028125 0.0203125
0 0.634375 0.25390625 0.0265625 0.0203125
0 0.66171875 0.246875 0.028125 0.0234375
0 0.65625 0.26328125 0.0296875 0.021875
0 0.62890625 0.2703125 0.0296875 0.021875
0 0.609375 0.28828125 0.0265625 0.0234375
0 0.6921875 0.2390625 0.0296875 0.0234375
0 0.71796875 0.2515625 0.0296875 0.025
0 0.68984375 0.2609375 0.0296875 0.025
0 0.684375 0.28046875 0.03125 0.021875
0 0.65 0.28203125 0.028125 0.0265625
0 0.63203125 0.296875 0.0296875 0.025
0 0.6875 0.29921875 0.0296875 0.021875
0 0.67421875 0.3171875 0.028125 0.0234375
0 0.65 0.31171875 0.0265625 0.0234375
0 0.63046875 0.32421875 0.0328125 0.0265625
0 0.70078125 0.32421875 0.0296875 0.0234375
0 0.73515625 0.30625 0.0296875 0.0296875
0 0.69609375 0.34375 0.0296875 0.028125
0 0.67265625 0.3484375 0.03125 0.025
0 0.64609375 0.35 0.0296875 0.028125
0 0.678125 0.37265625 0.03125 0.0265625
0 0.62421875 0.3609375 0.0328125 0.0234375
0 0.6546875 0.38125 0.0328125 0.0265625
0 0.62734375 0.38203125 0.0296875 0.028125
0 0.640625 0.40390625 0.0328125 0.0296875
0 0.62265625 0.4328125 0.034375 0.03125
0 0.5875 0.46171875 0.0328125 0.03125
0 0.4625 0.4921875 0.0359375 0.0328125
0 0.23046875 0.42421875 0.034375 0.0328125
0 0.2390625 0.465625 0.0359375 0.034375
0 0.371875 0.53125 0.034375 0.034375
0 0.9375 0.371875 0.0359375 0.028125
0 0.87890625 0.40703125 0.0359375 0.0296875
0 0.64375 0.65859375 0.0375 0.0375
0 0.62734375 0.71640625 0.040625 0.0375