0 0.51015625 0.07265625 0.0484375 0.0484375
0 0.50546875 0.13125 0.05 0.05625
0 0.55 0.20625 0.0515625 0.0546875
0 0.5203125 0.2578125 0.05546875 0.05703125
0 0.31328125 0.30625 0.05390625 0.0609375
0 0.27421875 0.34453125 0.05625 0.05390625
0 0.28515625 0.409375 0.06171875 0.05625
0 0.3234375 0.4609375 0.0546875 0.0546875
0 0.29921875 0.5046875 0.05546875 0.0515625
0 0.359375 0.51484375 0.04765625 0.05546875
0 0.33984375 0.56171875 0.053125 0.05625
0 0.315625 0.58125 0.05625 0.05390625
0 0.3984375 0.44296875 0.04609375 0.05078125
0 0.434375 0.39609375 0.0546875 0.0578125
0 0.47734375 0.43828125 0.0546875 0.0546875
0 0.525 0.41484375 0.05 0.0484375
0 0.51171875 0.3640625 0.05078125 0.05078125
0 0.5578125 0.34140625 0.046875 0.05390625
0 0.63515625 0.37109375 0.0515625 0.0578125
0 0.5609375 0.48984375 0.053125 0.05390625
0 0.509375 0.49921875 0.05078125 0.053125
0 0.28125 0.696875 0.06328125 0.065625
0 0.646875 0.67578125 0.0546875 0.059375
0 0.56171875 0.6875 0.05078125 0.05625
0 0.5625 0.7421875 0.05390625 0.05390625
0 0.6203125 0.740625 0.05703125 0.05234375
0 0.53828125 0.91796875 0.053125 0.05859375