0 0.7234375 0.45625 0.0296875 0.0328125
0 0.75 0.43984375 0.0296875 0.0296875
0 0.7609375 0.46796875 0.028125 0.0265625
0 0.75703125 0.51640625 0.0296875 0.0296875
0 0.784375 0.5328125 0.0296875 0.0296875
0 0.6890625 0.553125 0.0265625 0.0265625
0 0.69765625 0.57734375 0.0296875 0.0296875
0 0.728125 0.60546875 0.0296875 0.03125
0 0.65859375 0.5890625 0.0296875 0.0265625
0 0.6828125 0.5921875 0.025 0.028125
0 0.6390625 0.6 0.0328125 0.0265625
0 0.640625 0.62109375 0.0296875 0.0265625
0 0.63359375 0.646875 0.028125 0.0296875
0 0.60703125 0.56171875 0.028125 0.0265625
0 0.6015625 0.58125 0.021875 0.0203125
0 0.603125 0.60078125 0.028125 0.028125
0 0.6109375 0.6265625 0.0296875 0.0265625
0 0.61875 0.6640625 0.0296875 0.0296875
0 0.4421875 0.4875 0.0296875 0.0265625
0 0.43828125 0.5125 0.0265625 0.0265625
0 0.4609375 0.5125 0.0265625 0.0296875
0 0.4359375 0.53828125 0.0265625 0.0265625
0 0.4484375 0.5875 0.025 0.0265625
0 0.48203125 0.5578125 0.0234375 0.025
0 0.42890625 0.57265625 0.0265625 0.028125
0 0.45703125 0.559375 0.028125 0.0265625
0 0.47109375 0.58203125 0.0265625 0.0296875
0 0.58046875 0.57109375 0.0296875 0.028125
0 0.58125 0.54921875 0.0265625 0.0265625
0 0.56484375 0.52734375 0.0296875 0.0265625
0 0.5484375 0.49609375 0.0265625 0.0265625
0 0.57578125 0.50234375 0.0265625 0.0296875
0 0.62578125 0.50234375 0.0234375 0.025
0 0.6171875 0.48359375 0.0265625 0.0265625
0 0.6046875 0.49921875 0.028125 0.0296875
0 0.60078125 0.46796875 0.0265625 0.0296875
0 0.615625 0.45078125 0.0265625 0.028125
0 0.52578125 0.43984375 0.0296875 0.028125
0 0.5578125 0.453125 0.0296875 0.0296875
0 0.57578125 0.41171875 0.028125 0.028125
0 0.55078125 0.38359375 0.0265625 0.0296875
0 0.53203125 0.3734375 0.0265625 0.0265625
0 0.58359375 0.33984375 0.01875 0.0234375
0 0.59765625 0.36171875 0.028125 0.0296875
0 0.5671875 0.346875 0.0265625 0.0265625
0 0.6015625 0.33828125 0.0265625 0.0265625
0 0.60390625 0.196875 0.0296875 0.028125
0 0.56875 0.1859375 0.028125 0.0265625
0 0.55 0.203125 0.0265625 0.0265625
0 0.5703125 0.2140625 0.0265625 0.0296875
0 0.28125 0.1109375 0.028125 0.0265625
0 0.2828125 0.13203125 0.025 0.025
0 0.30234375 0.1421875 0.0265625 0.0265625
0 0.31640625 0.1234375 0.0234375 0.0234375
0 0.36953125 0.13671875 0.0265625 0.0234375
0 0.38828125 0.12265625 0.028125 0.025
0 0.4203125 0.1546875 0.0265625 0.0265625
0 0.46953125 0.196875 0.0296875 0.0296875
0 0.50703125 0.228125 0.0296875 0.028125
0 0.49140625 0.253125 0.025 0.0234375
0 0.465625 0.31875 0.0296875 0.028125
0 0.46484375 0.28828125 0.025 0.0265625
0 0.4578125 0.23515625 0.0265625 0.0265625
0 0.4 0.240625 0.0265625 0.0265625
0 0.421875 0.24453125 0.0234375 0.0265625
0 0.39921875 0.2625 0.021875 0.021875
0 0.41640625 0.27578125 0.0296875 0.0265625
0 0.35703125 0.2421875 0.025 0.025
0 0.3734375 0.25625 0.021875 0.01875
0 0.36875 0.271875 0.025 0.0234375
0 0.3703125 0.2890625 0.0234375 0.0171875
0 0.36015625 0.3109375 0.0265625 0.0296875
0 0.2890625 0.34765625 0.028125 0.0296875
0 0.3234375 0.3546875 0.028125 0.0296875
0 0.36484375 0.3625 0.0265625 0.0265625
0 0.334375 0.3796875 0.0234375 0.025
0 0.35625 0.3984375 0.0296875 0.0265625
0 0.3125 0.396875 0.025 0.025
0 0.33515625 0.4015625 0.0265625 0.0265625
0 0.2890625 0.3765625 0.0296875 0.0265625
0 0.28828125 0.39921875 0.0265625 0.0265625
0 0.30546875 0.41875 0.0234375 0.025
0 0.32890625 0.42265625 0.025 0.025
0 0.2859375 0.4234375 0.0265625 0.0265625
0 0.29765625 0.4421875 0.025 0.025
0 0.29453125 0.465625 0.025 0.025
0 0.33203125 0.446875 0.028125 0.0296875
0 0.3484375 0.43203125 0.0234375 0.025
0 0.3734375 0.434375 0.0265625 0.0296875
0 0.37734375 0.45703125 0.028125 0.0265625
0 0.1953125 0.4546875 0.0265625 0.0265625
0 0.240625 0.45625 0.028125 0.0265625
0 0.2546875 0.47421875 0.025 0.025
0 0.253125 0.496875 0.0234375 0.0234375
0 0.275 0.49140625 0.025 0.0265625
0 0.2625 0.515625 0.0234375 0.021875
0 0.23203125 0.5046875 0.025 0.025
0 0.22890625 0.52890625 0.021875 0.0234375
0 0.24453125 0.52734375 0.0140625 0.025
0 0.21484375 0.54375 0.0234375 0.025
0 0.23515625 0.55234375 0.0234375 0.021875
0 0.25703125 0.53671875 0.021875 0.0234375
0 0.26875 0.5546875 0.0234375 0.025
0 0.28046875 0.54765625 0.01875 0.021875
0 0.2296875 0.57578125 0.028125 0.0265625
0 0.2515625 0.56796875 0.025 0.025
0 0.31875 0.52890625 0.028125 0.0265625
0 0.34375 0.5421875 0.0265625 0.0265625
0 0.353125 0.5640625 0.0234375 0.028125
0 0.35859375 0.58515625 0.0265625 0.0265625
0 0.3703125 0.60390625 0.0265625 0.0265625
0 0.28125 0.5984375 0.0234375 0.028125
0 0.30859375 0.59140625 0.0296875 0.0265625
0 0.3140625 0.61640625 0.0265625 0.0265625
0 0.3296875 0.63359375 0.025 0.0234375
0 0.33515625 0.61796875 0.0171875 0.015625
0 0.33984375 0.6484375 0.025 0.0234375
0 0.334375 0.66953125 0.0265625 0.0265625
0 0.33046875 0.690625 0.0265625 0.028125
0 0.37734375 0.675 0.0296875 0.028125
0 0.46328125 0.640625 0.0265625 0.0265625
0 0.48515625 0.63984375 0.025 0.025
0 0.49609375 0.621875 0.025 0.0265625
0 0.49453125 0.65859375 0.025 0.028125
0 0.5171875 0.6578125 0.028125 0.0296875
0 0.4828125 0.6921875 0.0265625 0.028125
0 0.5046875 0.69140625 0.028125 0.0296875
0 0.528125 0.6953125 0.025 0.0265625
0 0.52109375 0.72734375 0.025 0.028125
0 0.55546875 0.73515625 0.028125 0.03125
0 0.56015625 0.77421875 0.0265625 0.0265625
0 0.659375 0.70703125 0.028125 0.0265625
0 0.77734375 0.73984375 0.028125 0.028125
0 0.75078125 0.76171875 0.0234375 0.03125
0 0.75546875 0.72578125 0.0265625 0.028125
0 0.73203125 0.76796875 0.0265625 0.0296875
0 0.6640625 0.78671875 0.0265625 0.025
0 0.5828125 0.8296875 0.028125 0.0296875
0 0.36875 0.75 0.0296875 0.0296875
0 0.35703125 0.77421875 0.0296875 0.0296875
0 0.3765625 0.796875 0.0265625 0.028125
0 0.334375 0.83984375 0.0265625 0.0296875
0 0.3078125 0.83359375 0.0265625 0.0296875
0 0.33828125 0.85703125 0.0265625 0.01875