0 0.4203125 0.421875 0.0109375 0.0125
0 0.41015625 0.421875 0.0140625 0.015625
0 0.39453125 0.4015625 0.015625 0.0140625
0 0.4078125 0.4015625 0.0140625 0.0140625
0 0.3953125 0.48984375 0.0140625 0.0140625
0 0.42734375 0.49453125 0.0140625 0.0140625
0 0.440625 0.5015625 0.0140625 0.0140625
0 0.44140625 0.48828125 0.0125 0.0125
0 0.46875 0.5078125 0.0171875 0.0171875
0 0.475 0.4078125 0.0140625 0.0140625
0 0.48359375 0.41640625 0.0140625 0.0140625
0 0.553125 0.41953125 0.0109375 0.009375
0 0.6921875 0.57109375 0.0125 0.0125
0 0.60234375 0.5328125 0.0109375 0.0125
0 0.61015625 0.5296875 0.0078125 0.0109375
0 0.59375 0.5328125 0.0078125 0.0125
0 0.5265625 0.57578125 0.0125 0.0125
0 0.5390625 0.57109375 0.0140625 0.0140625
0 0.534375 0.559375 0.0109375 0.0125
0 0.5140625 0.53984375 0.015625 0.0140625
0 0.5015625 0.5390625 0.0140625 0.0140625
0 0.509375 0.61328125 0.0140625 0.0140625
0 0.48828125 0.596875 0.015625 0.0140625
0 0.4875 0.60859375 0.0140625 0.0140625
0 0.4828125 0.621875 0.0140625 0.0140625
0 0.47734375 0.6046875 0.0140625 0.0140625
0 0.46953125 0.6171875 0.0125 0.0078125
0 0.471875 0.62421875 0.0109375 0.0125
0 0.46171875 0.6328125 0.0140625 0.0140625
0 0.44453125 0.62734375 0.0140625 0.0140625
0 0.45703125 0.62265625 0.0140625 0.0140625
0 0.45390625 0.60546875 0.0140625 0.0140625
0 0.4578125 0.59921875 0.0125 0.0109375
0 0.465625 0.60859375 0.0140625 0.0140625
0 0.4125 0.57265625 0.0140625 0.0140625
0 0.40625 0.57734375 0.0125 0.0125
0 0.39921875 0.5703125 0.0109375 0.0125
0 0.328125 0.56953125 0.0203125 0.0140625
0 0.2828125 0.58515625 0.0140625 0.0140625
0 0.32890625 0.34140625 0.0140625 0.0140625
0 0.3078125 0.35859375 0.0171875 0.0140625
0 0.31015625 0.346875 0.015625 0.015625
0 0.28203125 0.4453125 0.0140625 0.0140625
0 0.58203125 0.53984375 0.0140625 0.0140625
0 0.60390625 0.46484375 0.0140625 0.0140625
0 0.51328125 0.63984375 0.015625 0.0140625
0 0.553125 0.40859375 0.0140625 0.0140625
0 0.49140625 0.40859375 0.0140625 0.0171875
0 0.38671875 0.575 0.0140625 0.015625
0 0.5328125 0.4390625 0.0125 0.0125
0 0.4203125 0.5515625 0.0140625 0.0140625
0 0.48203125 0.5046875 0.0109375 0.0109375
0 0.434375 0.5859375 0.0140625 0.0140625
0 0.62421875 0.425 0.0140625 0.015625
0 0.3828125 0.40703125 0.0171875 0.0140625
0 0.67890625 0.57109375 0.0109375 0.0109375
0 0.32109375 0.3296875 0.0109375 0.0109375
0 0.30234375 0.396875 0.0140625 0.0140625
0 0.33671875 0.45546875 0.0140625 0.0140625
0 0.3140625 0.4546875 0.015625 0.0140625
0 0.3125 0.55859375 0.0171875 0.0140625
0 0.36171875 0.46875 0.0140625 0.0140625
0 0.4015625 0.353125 0.015625 0.0140625
0 0.38125 0.55234375 0.015625 0.015625
0 0.3953125 0.41875 0.0140625 0.0140625
0 0.34609375 0.39609375 0.015625 0.0171875
0 0.37421875 0.41640625 0.015625 0.0140625
0 0.29453125 0.59921875 0.015625 0.015625
0 0.38359375 0.47265625 0.0140625 0.015625
0 0.36484375 0.49375 0.0140625 0.0140625
0 0.41015625 0.37734375 0.0140625 0.0140625
0 0.36484375 0.48203125 0.0140625 0.0140625
0 0.34453125 0.47421875 0.015625 0.0140625
0 0.51640625 0.42734375 0.0140625 0.0140625
0 0.4375 0.3171875 0.0140625 0.0171875
0 0.38359375 0.4859375 0.0140625 0.0140625
0 0.4296875 0.41796875 0.015625 0.0140625
0 0.49375 0.43828125 0.0140625 0.0140625
0 0.58828125 0.48125 0.0140625 0.0140625
0 0.3953125 0.5015625 0.0140625 0.0140625
0 0.40234375 0.48203125 0.0140625 0.0140625
0 0.37578125 0.57890625 0.0140625 0.0140625
0 0.5140625 0.58203125 0.0140625 0.0140625
0 0.50078125 0.584375 0.0140625 0.0140625
0 0.41328125 0.3890625 0.0140625 0.0140625
0 0.57109375 0.4828125 0.0140625 0.0140625
0 0.50859375 0.5625 0.0140625 0.0140625
0 0.41796875 0.3671875 0.0140625 0.0140625
0 0.5546875 0.540625 0.0140625 0.0140625
0 0.44609375 0.33203125 0.015625 0.0140625
0 0.4296875 0.59921875 0.0140625 0.0140625
0 0.61875 0.45390625 0.0140625 0.0140625
0 0.41640625 0.58203125 0.0171875 0.015625
0 0.50234375 0.45703125 0.0140625 0.0140625
0 0.42734375 0.4328125 0.0140625 0.0140625
0 0.43515625 0.5171875 0.0140625 0.0140625
0 0.45625 0.56171875 0.0140625 0.0140625
0 0.46640625 0.43203125 0.0140625 0.0140625
0 0.42578125 0.50703125 0.0140625 0.0140625
0 0.603125 0.51484375 0.0140625 0.0140625
0 0.33984375 0.56171875 0.0140625 0.0140625
0 0.44609375 0.559375 0.015625 0.0140625
0 0.525 0.5859375 0.0140625 0.015625
0 0.45234375 0.43984375 0.0140625 0.0140625
0 0.6171875 0.48125 0.0140625 0.0140625
0 0.46328125 0.40390625 0.0140625 0.0140625
0 0.453125 0.51171875 0.0140625 0.0140625
0 0.4296875 0.3703125 0.0171875 0.0140625
0 0.4328125 0.55703125 0.015625 0.0140625
0 0.46640625 0.57578125 0.015625 0.0140625
0 0.44765625 0.61484375 0.0140625 0.0140625
0 0.66171875 0.4984375 0.0140625 0.0140625
0 0.43984375 0.4296875 0.0140625 0.015625
0 0.4671875 0.49609375 0.0140625 0.0140625
0 0.54609375 0.55625 0.0140625 0.0140625
0 0.6296875 0.4015625 0.0140625 0.0140625
0 0.63671875 0.4734375 0.0140625 0.015625
0 0.475 0.32734375 0.0140625 0.0140625
0 0.53828125 0.58359375 0.0140625 0.0140625
0 0.596875 0.5078125 0.0140625 0.0140625
0 0.47109375 0.44609375 0.0140625 0.0140625
0 0.4890625 0.33203125 0.0140625 0.0140625
0 0.46484375 0.41640625 0.015625 0.0140625
0 0.534375 0.54765625 0.0140625 0.0140625
0 0.5171875 0.5546875 0.0140625 0.0140625
0 0.55078125 0.5828125 0.0140625 0.0140625
0 0.521875 0.56328125 0.0140625 0.0140625
0 0.565625 0.58046875 0.0140625 0.0140625
0 0.56015625 0.5625 0.0140625 0.0140625
0 0.621875 0.41953125 0.0140625 0.0140625
0 0.61640625 0.5140625 0.0140625 0.0140625
0 0.4984375 0.60703125 0.0140625 0.015625
0 0.67265625 0.5265625 0.0140625 0.0140625
0 0.67890625 0.5140625 0.0140625 0.0140625
0 0.4828125 0.3484375 0.015625 0.0171875
0 0.55234375 0.4265625 0.015625 0.015625
0 0.61328125 0.5015625 0.0140625 0.0140625
0 0.6828125 0.553125 0.0140625 0.0140625
0 0.6296875 0.42890625 0.0140625 0.0140625
0 0.6171875 0.5375 0.015625 0.0140625
0 0.5390625 0.4484375 0.0140625 0.0140625
0 0.63671875 0.4203125 0.0140625 0.0140625
0 0.54140625 0.41171875 0.0140625 0.015625
0 0.67421875 0.5609375 0.0140625 0.0140625
0 0.29140625 0.58671875 0.015625 0.015625