0 0.4296875 0.3625 0.0265625 0.025
0 0.5828125 0.44921875 0.0265625 0.0265625
0 0.40390625 0.46953125 0.0265625 0.0265625
0 0.48828125 0.375 0.0265625 0.0265625
0 0.6203125 0.53203125 0.0265625 0.0265625
0 0.59375 0.57421875 0.0265625 0.0265625
0 0.4578125 0.5734375 0.025 0.025
0 0.52421875 0.68984375 0.0265625 0.0265625
0 0.5609375 0.5421875 0.0234375 0.0234375
0 0.53984375 0.36171875 0.0265625 0.0265625
0 0.409375 0.4890625 0.0265625 0.0265625
0 0.43671875 0.51484375 0.0265625 0.0265625
0 0.54375 0.44375 0.0265625 0.0265625
0 0.50703125 0.47578125 0.0265625 0.0265625
0 0.43125 0.4125 0.0265625 0.0265625
0 0.584375 0.390625 0.0296875 0.0265625
0 0.6078125 0.6640625 0.0265625 0.0265625
0 0.48515625 0.471875 0.025 0.025
0 0.58046875 0.4109375 0.0265625 0.0265625
0 0.559375 0.39609375 0.0265625 0.0265625
0 0.56875 0.434375 0.0265625 0.0265625
0 0.53984375 0.40234375 0.0265625 0.0265625
0 0.58046875 0.53828125 0.025 0.025
0 0.57578125 0.50546875 0.0234375 0.0234375
0 0.37890625 0.415625 0.0265625 0.0265625
0 0.55078125 0.66171875 0.0265625 0.0265625
0 0.47421875 0.5359375 0.025 0.025
0 0.44765625 0.48203125 0.0265625 0.0265625
0 0.4890625 0.5 0.0265625 0.0265625
0 0.48828125 0.6734375 0.025 0.025
0 0.50625 0.68125 0.0265625 0.0265625
0 0.47734375 0.4125 0.0265625 0.0265625
0 0.453125 0.52890625 0.025 0.025
0 0.6234375 0.56484375 0.025 0.025
0 0.54140625 0.48515625 0.0265625 0.0265625
0 0.5375 0.42265625 0.0234375 0.0234375
0 0.5890625 0.42890625 0.0265625 0.0265625
0 0.56640625 0.471875 0.025 0.025
0 0.434375 0.5359375 0.0265625 0.0265625
0 0.521875 0.4890625 0.0265625 0.0265625
0 0.49921875 0.41328125 0.0265625 0.0265625
0 0.48671875 0.5921875 0.0265625 0.0265625
0 0.53515625 0.709375 0.025 0.025
0 0.40703125 0.5296875 0.0265625 0.0265625
0 0.50078125 0.39296875 0.025 0.025
0 0.5109375 0.3765625 0.0265625 0.0265625
0 0.53125 0.55234375 0.0234375 0.025
0 0.509375 0.62265625 0.0265625 0.0265625
0 0.60859375 0.46328125 0.0265625 0.0265625
0 0.42109375 0.3828125 0.0265625 0.0265625
0 0.5890625 0.67890625 0.0265625 0.0265625
0 0.47265625 0.48828125 0.0234375 0.0234375
0 0.46484375 0.61328125 0.0265625 0.0265625
0 0.5609375 0.4921875 0.0265625 0.0265625
0 0.41796875 0.5109375 0.0265625 0.0265625
0 0.5890625 0.46640625 0.0265625 0.0265625
0 0.49453125 0.4546875 0.0265625 0.0265625
0 0.4515625 0.50078125 0.025 0.025
0 0.48515625 0.5734375 0.0265625 0.0265625
0 0.48515625 0.5171875 0.025 0.0234375
0 0.39765625 0.41875 0.0265625 0.0265625
0 0.5671875 0.5234375 0.025 0.025
0 0.425 0.471875 0.025 0.025
0 0.446875 0.4234375 0.0265625 0.0265625
0 0.6234375 0.64296875 0.0265625 0.0265625
0 0.55 0.5578125 0.025 0.025
0 0.403125 0.39296875 0.0265625 0.0265625
0 0.434375 0.5890625 0.0265625 0.0265625
0 0.54921875 0.51171875 0.0265625 0.0265625
0 0.628125 0.6640625 0.0265625 0.0265625
0 0.6125 0.58203125 0.025 0.025
0 0.6421875 0.54296875 0.0265625 0.0265625
0 0.5625 0.45390625 0.025 0.025
0 0.4171875 0.54609375 0.025 0.025
0 0.4609375 0.40625 0.0265625 0.0265625
0 0.646875 0.5640625 0.0265625 0.0265625
0 0.55703125 0.3765625 0.0265625 0.0265625
0 0.4921875 0.54453125 0.025 0.025
0 0.54375 0.53125 0.025 0.025
0 0.39921875 0.50625 0.025 0.025
0 0.465625 0.59140625 0.0265625 0.0265625
0 0.64375 0.6359375 0.0265625 0.0265625
0 0.61875 0.49765625 0.0265625 0.0265625
0 0.43203125 0.49296875 0.025 0.025
0 0.52109375 0.39296875 0.0265625 0.0265625
0 0.53046875 0.46796875 0.0265625 0.0265625
0 0.4484375 0.38046875 0.0265625 0.0234375
0 0.4484375 0.62734375 0.0265625 0.0265625
0 0.6015625 0.44375 0.0265625 0.0265625
0 0.3734375 0.4359375 0.0265625 0.0265625
0 0.6046875 0.625 0.0265625 0.0265625
0 0.6328125 0.60390625 0.0265625 0.0265625
0 0.60859375 0.515625 0.025 0.025
0 0.6046875 0.5546875 0.025 0.025
0 0.52578125 0.6109375 0.0265625 0.0265625
0 0.65546875 0.58125 0.0265625 0.0265625
0 0.39296875 0.43984375 0.0265625 0.0265625
0 0.4703125 0.44921875 0.0265625 0.0265625
0 0.4109375 0.45 0.0265625 0.0265625
0 0.5875 0.66015625 0.025 0.025
0 0.50546875 0.43203125 0.0265625 0.0265625
0 0.5828125 0.55859375 0.0265625 0.0265625
0 0.4921875 0.634375 0.025 0.025
0 0.4359375 0.55546875 0.0265625 0.0265625
0 0.5140625 0.6625 0.0265625 0.0265625
0 0.59140625 0.70078125 0.025 0.025
0 0.46640625 0.51328125 0.025 0.025
0 0.6109375 0.684375 0.028125 0.0265625
0 0.47109375 0.64140625 0.0265625 0.0265625
0 0.62734375 0.62421875 0.0265625 0.0265625
0 0.48828125 0.6125 0.0265625 0.0265625
0 0.49375 0.653125 0.0265625 0.0265625
0 0.5375 0.38203125 0.0265625 0.0265625
0 0.6546875 0.6015625 0.0265625 0.0265625
0 0.56875 0.65 0.0265625 0.0265625
0 0.57734375 0.58671875 0.0265625 0.0265625
0 0.4765625 0.5546875 0.0265625 0.0265625
0 0.5484375 0.68515625 0.0265625 0.0265625
0 0.5078125 0.50390625 0.0265625 0.0265625
0 0.503125 0.58125 0.025 0.025
0 0.53359375 0.63046875 0.0265625 0.0265625
0 0.53203125 0.65 0.0234375 0.0234375
0 0.5296875 0.50703125 0.0265625 0.0265625
0 0.62734375 0.4765625 0.025 0.025
0 0.63125 0.51328125 0.0265625 0.0265625
0 0.59453125 0.5015625 0.025 0.025
0 0.4453125 0.4640625 0.0265625 0.0265625
0 0.5234375 0.52890625 0.0265625 0.0265625
0 0.43125 0.44609375 0.0265625 0.0265625
0 0.565625 0.625 0.021875 0.0234375
0 0.46875 0.68203125 0.0265625 0.0265625
0 0.6140625 0.60703125 0.025 0.025
0 0.56875 0.60546875 0.0265625 0.0265625
0 0.51875 0.415625 0.0265625 0.0265625
0 0.64765625 0.65625 0.028125 0.0265625
0 0.58125 0.4875 0.025 0.025
0 0.55078125 0.6390625 0.025 0.025
0 0.584375 0.63203125 0.0265625 0.0265625
0 0.58671875 0.6125 0.0265625 0.0265625
0 0.5484375 0.61484375 0.025 0.025
0 0.5046875 0.5609375 0.0265625 0.0265625
0 0.571875 0.6921875 0.0265625 0.0265625
0 0.48515625 0.43515625 0.0265625 0.0265625
0 0.43359375 0.659375 0.0265625 0.028125
0 0.4703125 0.6609375 0.0265625 0.0265625
0 0.60234375 0.64375 0.0265625 0.0265625
0 0.4171875 0.42734375 0.025 0.025
0 0.5421875 0.596875 0.025 0.025
0 0.540625 0.57734375 0.025 0.025
0 0.521875 0.5703125 0.0265625 0.0265625
0 0.45078125 0.4421875 0.0265625 0.0265625
0 0.440625 0.39375 0.025 0.0234375
0 0.57578125 0.7125 0.0265625 0.0265625
0 0.4515625 0.64765625 0.0265625 0.028125
0 0.4515625 0.67109375 0.0265625 0.0265625
0 0.55625 0.4171875 0.0265625 0.0265625
0 0.634375 0.584375 0.0265625 0.0265625
0 0.56796875 0.671875 0.0265625 0.0265625
0 0.46484375 0.465625 0.021875 0.021875
0 0.4796875 0.390625 0.0265625 0.0265625
0 0.60390625 0.48359375 0.025 0.0234375
0 0.5359375 0.7296875 0.0265625 0.0265625
0 0.55703125 0.72421875 0.0265625 0.0265625
0 0.51171875 0.54375 0.028125 0.0296875
0 0.41328125 0.4015625 0.0265625 0.0265625
0 0.55859375 0.5859375 0.0265625 0.0265625
0 0.46640625 0.43203125 0.025 0.028125
0 0.5234375 0.43828125 0.0265625 0.0265625
0 0.5140625 0.45390625 0.021875 0.0234375
0 0.5890625 0.51953125 0.025 0.0234375
0 0.6 0.534375 0.028125 0.0265625
0 0.5671875 0.56796875 0.025 0.025
0 0.596875 0.59296875 0.0234375 0.025
0 0.52265625 0.5921875 0.0234375 0.025
0 0.5046875 0.6015625 0.021875 0.025
0 0.50546875 0.52421875 0.0234375 0.021875
0 0.45703125 0.55234375 0.025 0.025
0 0.51328125 0.6421875 0.025 0.025
0 0.53359375 0.6703125 0.0234375 0.025
0 0.55625 0.70390625 0.0265625 0.025
0 0.44921875 0.36875 0.025 0.0234375