0 0.16953125 0.3546875 0.0234375 0.0328125
0 0.1890625 0.35390625 0.0359375 0.0375
0 0.1828125 0.31953125 0.0359375 0.0359375
0 0.146875 0.365625 0.0375 0.03125
0 0.1515625 0.33203125 0.0375 0.0359375
0 0.15546875 0.3 0.0390625 0.0375
0 0.1375 0.39375 0.0390625 0.0390625
0 0.11171875 0.36484375 0.0390625 0.034375
0 0.1171875 0.33828125 0.0390625 0.0390625
0 0.0796875 0.36640625 0.0390625 0.0375
0 0.08515625 0.3359375 0.0390625 0.0390625
0 0.16328125 0.41796875 0.0390625 0.0375
0 0.17734375 0.390625 0.0359375 0.0359375
0 0.20625 0.378125 0.034375 0.0296875
0 0.221875 0.35234375 0.0390625 0.034375
0 0.21484375 0.32265625 0.0390625 0.0390625
0 0.2078125 0.409375 0.0375 0.0359375
0 0.2046875 0.2859375 0.0390625 0.040625
0 0.2375 0.29609375 0.0390625 0.0390625
0 0.246875 0.24921875 0.0390625 0.0390625
0 0.259375 0.2765625 0.0375 0.0390625
0 0.25078125 0.3265625 0.040625 0.034375
0 0.25 0.37421875 0.040625 0.028125
0 0.25390625 0.34921875 0.0390625 0.034375
0 0.2359375 0.396875 0.0375 0.0359375
0 0.2375 0.43125 0.0390625 0.0375
0 0.26640625 0.40546875 0.0359375 0.0359375
0 0.2546875 0.45859375 0.0375 0.0359375
0 0.284375 0.4359375 0.0375 0.034375
0 0.28671875 0.46640625 0.0359375 0.0359375
0 0.31328125 0.4515625 0.034375 0.0359375
0 0.31328125 0.4828125 0.0359375 0.0359375
0 0.31875 0.41484375 0.0390625 0.0390625
0 0.3109375 0.38203125 0.0390625 0.0375
0 0.3453125 0.4484375 0.0375 0.0375
0 0.34296875 0.49609375 0.0375 0.0359375
0 0.36015625 0.5265625 0.0375 0.0390625
0 0.3296875 0.52734375 0.0375 0.0359375
0 0.36015625 0.6140625 0.0359375 0.034375
0 0.3640625 0.5859375 0.0390625 0.0328125
0 0.37421875 0.559375 0.0375 0.034375
0 0.41640625 0.57265625 0.0421875 0.0375
0 0.4421875 0.609375 0.040625 0.0265625
0 0.46953125 0.58671875 0.025 0.034375
0 0.446875 0.5875 0.0328125 0.0328125
0 0.39296875 0.490625 0.0375 0.0359375
0 0.425 0.49296875 0.0359375 0.0359375
0 0.4296875 0.46171875 0.0359375 0.034375
0 0.39609375 0.45625 0.0375 0.0359375
0 0.465625 0.5046875 0.0359375 0.0359375
0 0.4515625 0.52265625 0.0359375 0.03125
0 0.46953125 0.4703125 0.0375 0.0359375
0 0.48359375 0.55859375 0.0359375 0.0328125
0 0.5 0.534375 0.0359375 0.0328125
0 0.49921875 0.5046875 0.0359375 0.0359375
0 0.5203125 0.4828125 0.0359375 0.0359375
0 0.5296875 0.5125 0.0359375 0.0328125
0 0.55546875 0.5578125 0.034375 0.0359375
0 0.52890625 0.54140625 0.0359375 0.0359375
0 0.559375 0.528125 0.034375 0.0359375
0 0.4 0.42578125 0.0328125 0.034375
0 0.371875 0.4140625 0.0359375 0.0359375
0 0.396875 0.39140625 0.034375 0.0359375
0 0.396875 0.35859375 0.034375 0.0359375
0 0.371875 0.33515625 0.0359375 0.0375
0 0.36796875 0.375 0.0359375 0.0375
0 0.3359375 0.3484375 0.0390625 0.0390625
0 0.3453125 0.31171875 0.040625 0.040625
0 0.34921875 0.27421875 0.040625 0.040625
0 0.334375 0.23671875 0.0453125 0.04375
0 0.3875 0.259375 0.040625 0.0421875
0 0.421875 0.26328125 0.040625 0.040625
0 0.39609375 0.3140625 0.040625 0.040625
0 0.43046875 0.30625 0.0375 0.0421875
0 0.45234375 0.3328125 0.0390625 0.0390625
0 0.42890625 0.39453125 0.0359375 0.0359375
0 0.42734375 0.35234375 0.0375 0.0375
0 0.453125 0.3734375 0.0375 0.0390625
0 0.48203125 0.3609375 0.0390625 0.0390625
0 0.46640625 0.403125 0.0390625 0.0375
0 0.44765625 0.4296875 0.0359375 0.0359375
0 0.5109375 0.42734375 0.0390625 0.0375
0 0.51484375 0.3578125 0.0375 0.0390625
0 0.5203125 0.32421875 0.0390625 0.0390625
0 0.55546875 0.3109375 0.040625 0.0421875
0 0.54140625 0.38046875 0.0390625 0.0375
0 0.54765625 0.34765625 0.0375 0.0390625
0 0.5390625 0.45 0.0375 0.0359375
0 0.57109375 0.44140625 0.0359375 0.0359375
0 0.5625 0.47578125 0.0390625 0.0375
0 0.56796875 0.403125 0.0390625 0.0390625
0 0.57265625 0.371875 0.0375 0.0359375
0 0.58046875 0.33828125 0.0375 0.0375
0 0.61328125 0.32734375 0.0390625 0.0390625
0 0.60625 0.3625 0.0359375 0.0359375
0 0.60078125 0.39296875 0.0359375 0.0359375
0 0.6 0.45703125 0.0390625 0.0375
0 0.59921875 0.42578125 0.0390625 0.0375
0 0.58828125 0.49296875 0.0359375 0.0359375
0 0.5890625 0.525 0.0390625 0.0390625
0 0.61875 0.5375 0.0359375 0.0359375
0 0.6171875 0.50390625 0.0359375 0.0328125
0 0.62890625 0.47578125 0.0359375 0.0359375
0 0.63046875 0.44296875 0.0375 0.0359375
0 0.63046875 0.4109375 0.0359375 0.0359375
0 0.63359375 0.378125 0.0375 0.0390625
0 0.6390625 0.3453125 0.0375 0.0390625
0 0.6625 0.3625 0.0359375 0.0359375
0 0.66171875 0.42734375 0.0359375 0.0359375
0 0.66171875 0.39453125 0.0359375 0.0359375
0 0.65859375 0.45859375 0.0375 0.0359375
0 0.64765625 0.51875 0.0375 0.0359375
0 0.65703125 0.48984375 0.0390625 0.0375
0 0.6796875 0.51328125 0.0359375 0.0359375
0 0.68984375 0.48359375 0.0390625 0.0375
0 0.6890625 0.4453125 0.0359375 0.0375
0 0.69140625 0.4109375 0.0375 0.0359375
0 0.6921875 0.378125 0.0390625 0.0390625
0 0.72265625 0.39453125 0.0390625 0.0390625
0 0.7234375 0.35625 0.0390625 0.0421875
0 0.71875 0.42890625 0.0390625 0.0359375
0 0.7203125 0.4953125 0.0390625 0.0375
0 0.71484375 0.4625 0.0375 0.0359375
0 0.7484375 0.45234375 0.040625 0.0390625
0 0.75390625 0.41796875 0.0390625 0.0390625
0 0.75546875 0.38203125 0.04375 0.0421875
0 0.753125 0.5140625 0.0390625 0.0390625
0 0.7546875 0.48125 0.0390625 0.0375
0 0.78984375 0.5125 0.0390625 0.0390625
0 0.78828125 0.47734375 0.0390625 0.0390625
0 0.784375 0.44296875 0.0390625 0.0390625
0 0.784375 0.41171875 0.0390625 0.0390625
0 0.821875 0.465625 0.0375 0.0359375
0 0.8421875 0.48984375 0.0421875 0.040625
0 0.8515625 0.44453125 0.0390625 0.0390625
0 0.81796875 0.4328125 0.0421875 0.0359375
0 0.821875 0.4046875 0.0390625 0.0390625
0 0.8578125 0.4109375 0.040625 0.040625
0 0.884375 0.4515625 0.0390625 0.0390625
0 0.89296875 0.48203125 0.0390625 0.0390625
0 0.92265625 0.50703125 0.0421875 0.0484375