0 0.309375 0.6890625 0.0375 0.03125
0 0.34375 0.68203125 0.0375 0.034375
0 0.29921875 0.7265625 0.0390625 0.0375
0 0.33515625 0.7171875 0.0375 0.034375
0 0.36640625 0.70859375 0.040625 0.0375
0 0.36953125 0.74765625 0.040625 0.034375
0 0.39453125 0.73046875 0.040625 0.0359375
0 0.3875 0.77890625 0.040625 0.0375
0 0.421875 0.7703125 0.040625 0.0359375
0 0.4359375 0.73984375 0.040625 0.0375
0 0.4890625 0.75625 0.046875 0.0390625
0 0.459375 0.80625 0.046875 0.0390625
0 0.50234375 0.8421875 0.04375 0.040625
0 0.5125 0.79609375 0.0484375 0.0375
0 0.5421875 0.76953125 0.046875 0.0421875
0 0.56171875 0.72890625 0.046875 0.040625
0 0.54296875 0.68828125 0.046875 0.040625
0 0.25 0.65625 0.0359375 0.03125
0 0.25859375 0.6859375 0.034375 0.0328125
0 0.28515625 0.66640625 0.0359375 0.0328125
0 0.32109375 0.66015625 0.0375 0.034375
0 0.5078125 0.64921875 0.04375 0.0359375
0 0.46640625 0.684375 0.040625 0.034375
0 0.47109375 0.63515625 0.0359375 0.03125
0 0.5125 0.61171875 0.04375 0.040625
0 0.2546875 0.62734375 0.034375 0.03125
0 0.28515625 0.63671875 0.034375 0.03125
0 0.31328125 0.6328125 0.034375 0.0296875
0 0.25078125 0.59921875 0.03125 0.03125
0 0.27734375 0.6125 0.0296875 0.0265625
0 0.303125 0.59921875 0.0328125 0.0296875
0 0.3328125 0.6125 0.034375 0.0296875
0 0.409375 0.63359375 0.0375 0.03125
0 0.43671875 0.6125 0.0390625 0.0375
0 0.478125 0.5859375 0.040625 0.034375
0 0.53359375 0.56484375 0.040625 0.0375
0 0.43359375 0.57421875 0.0375 0.03125
0 0.209375 0.55625 0.0328125 0.025
0 0.3609375 0.603125 0.034375 0.034375
0 0.2328125 0.57890625 0.034375 0.028125
0 0.2453125 0.55390625 0.034375 0.028125
0 0.27265625 0.55078125 0.034375 0.03125
0 0.27265625 0.578125 0.034375 0.03125
0 0.3 0.56796875 0.0359375 0.03125
0 0.32421875 0.584375 0.0359375 0.028125
0 0.34921875 0.5671875 0.0375 0.03125
0 0.2828125 0.52421875 0.0328125 0.0296875
0 0.31484375 0.5375 0.04375 0.0328125
0 0.36953125 0.53828125 0.0375 0.034375
0 0.3984375 0.559375 0.0375 0.034375
0 0.4140625 0.53046875 0.0375 0.034375
0 0.4546875 0.54609375 0.05 0.0359375
0 0.46796875 0.51328125 0.0421875 0.0359375
0 0.41484375 0.46875 0.040625 0.0328125
0 0.45 0.471875 0.040625 0.0375
0 0.3765625 0.44921875 0.034375 0.03125
0 0.41171875 0.4359375 0.0390625 0.0359375
0 0.33125 0.44921875 0.0328125 0.03125
0 0.35859375 0.41875 0.0328125 0.03125
0 0.39140625 0.41328125 0.034375 0.03125
0 0.42734375 0.40078125 0.0375 0.0375
0 0.34375 0.38984375 0.034375 0.034375
0 0.38828125 0.378125 0.034375 0.03125
0 0.2265625 0.53046875 0.034375 0.03125
0 0.253125 0.51640625 0.0328125 0.03125
0 0.271875 0.4890625 0.034375 0.03125
0 0.2171875 0.5 0.03125 0.028125
0 0.2515625 0.4640625 0.0359375 0.028125
0 0.26484375 0.43203125 0.0359375 0.03125
0 0.28125 0.39765625 0.0375 0.03125
0 0.3125 0.40078125 0.03125 0.0328125
0 0.30390625 0.3703125 0.0375 0.034375
0 0.353125 0.3609375 0.0375 0.0328125
0 0.2609375 0.35859375 0.0359375 0.0328125
0 0.24453125 0.39140625 0.034375 0.034375
0 0.21953125 0.4125 0.0359375 0.03125
0 0.1953125 0.4796875 0.0359375 0.034375
0 0.1453125 0.578125 0.034375 0.034375
0 0.1375 0.534375 0.034375 0.034375
0 0.04453125 0.46484375 0.03125 0.028125
0 0.07265625 0.4359375 0.0359375 0.028125
0 0.08125 0.40625 0.03125 0.03125
0 0.22578125 0.3640625 0.0328125 0.034375
0 0.23828125 0.3265625 0.034375 0.0359375
0 0.18125 0.35 0.0328125 0.03125
0 0.18515625 0.31484375 0.0328125 0.03125
0 0.2125 0.31015625 0.03125 0.03125
0 0.1109375 0.33046875 0.034375 0.0296875
0 0.14140625 0.30234375 0.034375 0.0296875
0 0.175 0.28203125 0.03125 0.03125
0 0.2859375 0.30625 0.040625 0.034375
0 0.1796875 0.2546875 0.034375 0.03125
0 0.21796875 0.2734375 0.034375 0.0328125
0 0.18359375 0.2109375 0.034375 0.03125
0 0.21875 0.18125 0.034375 0.0375
0 0.36640625 0.290625 0.04375 0.0390625
0 0.40859375 0.2859375 0.040625 0.0375
0 0.46015625 0.32890625 0.0421875 0.040625
0 0.52890625 0.2203125 0.05 0.0453125