0 0.796875 0.8109375 0.0515625 0.040625
0 0.22578125 0.75 0.0390625 0.0296875
0 0.2546875 0.7328125 0.0328125 0.0265625
0 0.21015625 0.6875 0.0328125 0.028125
0 0.57421875 0.88046875 0.0375 0.03125
0 0.5546875 0.853125 0.04375 0.034375
0 0.61015625 0.890625 0.0453125 0.034375
0 0.675 0.8734375 0.046875 0.0359375
0 0.7109375 0.84609375 0.04375 0.0328125
0 0.6515625 0.80546875 0.0453125 0.0328125
0 0.60703125 0.8328125 0.0421875 0.0328125
0 0.48515625 0.815625 0.0296875 0.028125
0 0.471875 0.7875 0.0375 0.0296875
0 0.40703125 0.72109375 0.0359375 0.0296875
0 0.38984375 0.659375 0.0328125 0.0296875
0 0.32890625 0.640625 0.0328125 0.03125
0 0.44921875 0.68125 0.0390625 0.0328125
0 0.4296875 0.64140625 0.0375 0.0328125
0 0.5921875 0.74296875 0.040625 0.0359375
0 0.6265625 0.73671875 0.040625 0.0328125
0 0.60703125 0.70625 0.0484375 0.0328125
0 0.77890625 0.7265625 0.0546875 0.0359375
0 0.72734375 0.746875 0.0421875 0.0328125
0 0.6890625 0.72734375 0.0421875 0.0375
0 0.6640625 0.69609375 0.040625 0.0359375
0 0.54296875 0.67109375 0.0390625 0.0328125
0 0.61328125 0.6765625 0.0359375 0.0359375
0 0.57890625 0.66484375 0.040625 0.0328125
0 0.6421875 0.6609375 0.040625 0.0328125
0 0.60234375 0.64296875 0.0359375 0.0328125
0 0.5640625 0.63671875 0.0375 0.0296875
0 0.53203125 0.6390625 0.0359375 0.0328125
0 0.5 0.63359375 0.0359375 0.03125
0 0.4671875 0.6171875 0.0359375 0.03125
0 0.44609375 0.58984375 0.0328125 0.0328125
0 0.51015625 0.5953125 0.0328125 0.03125
0 0.4796875 0.590625 0.0359375 0.0296875
0 0.54140625 0.6046875 0.0359375 0.03125
0 0.58671875 0.61484375 0.0421875 0.0296875
0 0.5671875 0.58828125 0.0390625 0.0296875
0 0.7046875 0.69140625 0.0484375 0.034375
0 0.71171875 0.65859375 0.046875 0.0390625
0 0.66171875 0.6296875 0.0484375 0.0375
0 0.66640625 0.6 0.0453125 0.0328125
0 0.6328125 0.5765625 0.04375 0.03125
0 0.5953125 0.5265625 0.0421875 0.0328125
0 0.62421875 0.50234375 0.0421875 0.0390625
0 0.628125 0.54765625 0.0421875 0.0328125
0 0.5890625 0.5578125 0.0390625 0.0296875
0 0.55703125 0.54140625 0.040625 0.0296875
0 0.540625 0.57265625 0.0359375 0.0296875
0 0.50703125 0.56875 0.0359375 0.0296875
0 0.475 0.559375 0.0359375 0.0296875
0 0.41953125 0.54296875 0.040625 0.0328125
0 0.51953125 0.54296875 0.0328125 0.0296875
0 0.48828125 0.53203125 0.0359375 0.0296875
0 0.4578125 0.51796875 0.0375 0.0296875
0 0.5625 0.51171875 0.0390625 0.0296875
0 0.5359375 0.4890625 0.0390625 0.0296875
0 0.52578125 0.515625 0.0359375 0.0265625
0 0.48515625 0.50390625 0.0328125 0.0265625
0 0.4625 0.478125 0.0359375 0.0296875
0 0.5015625 0.48515625 0.0359375 0.0296875
0 0.56953125 0.4765625 0.0359375 0.0328125
0 0.5203125 0.4609375 0.0359375 0.0296875
0 0.5671875 0.41171875 0.0421875 0.0390625
0 0.58125 0.4453125 0.0375 0.0328125
0 0.54453125 0.440625 0.0328125 0.0328125
0 0.50546875 0.43125 0.0390625 0.0328125
0 0.4796875 0.45625 0.0359375 0.0328125
0 0.446875 0.4515625 0.0328125 0.0296875
0 0.41484375 0.45078125 0.0359375 0.0296875
0 0.425 0.42578125 0.0265625 0.0265625
0 0.40390625 0.4078125 0.0328125 0.0265625
0 0.4453125 0.41796875 0.0265625 0.0296875
0 0.43046875 0.39296875 0.0328125 0.0296875
0 0.403125 0.378125 0.0375 0.034375
0 0.4703125 0.37109375 0.0328125 0.0328125
0 0.43828125 0.36640625 0.0359375 0.0296875
0 0.51484375 0.37265625 0.0421875 0.0375
0 0.4984375 0.33515625 0.0421875 0.0328125
0 0.46171875 0.3296875 0.0359375 0.034375
0 0.42890625 0.33671875 0.0375 0.0359375
0 0.378125 0.315625 0.0390625 0.034375
0 0.43125 0.303125 0.0328125 0.0296875
0 0.41640625 0.278125 0.0390625 0.0328125
0 0.38046875 0.28125 0.0390625 0.0328125
0 0.3859375 0.24921875 0.0359375 0.0328125
0 0.3515625 0.2578125 0.0359375 0.0328125
0 0.42109375 0.24765625 0.0359375 0.0328125
0 0.5 0.26796875 0.0421875 0.0359375
0 0.46171875 0.2453125 0.0390625 0.0390625
0 0.459375 0.18671875 0.0390625 0.0359375
0 0.43046875 0.2171875 0.040625 0.0359375
0 0.36015625 0.2296875 0.0390625 0.0296875
0 0.33359375 0.20234375 0.0375 0.0359375
0 0.38984375 0.209375 0.0359375 0.03125
0 0.36171875 0.18203125 0.0359375 0.0328125
0 0.37109375 0.14609375 0.0359375 0.0328125