0 0.47109375 0.05625 0.0375 0.0421875
0 0.6375 0.08359375 0.02421875 0.0328125
0 0.7 0.10703125 0.02578125 0.02890625
0 0.70390625 0.1390625 0.0234375 0.0265625
0 0.71953125 0.12890625 0.02109375 0.02578125
0 0.73984375 0.1203125 0.0203125 0.02734375
0 0.74140625 0.146875 0.021875 0.02890625
0 0.5828125 0.24765625 0.02734375 0.028125
0 0.60703125 0.24453125 0.0234375 0.0296875
0 0.63203125 0.2515625 0.02265625 0.02890625
0 0.52265625 0.21484375 0.028125 0.03671875
0 0.54296875 0.24921875 0.0265625 0.0328125
0 0.40859375 0.196875 0.03125 0.03359375
0 0.36015625 0.23203125 0.03125 0.0359375
0 0.39765625 0.23125 0.03046875 0.034375
0 0.42734375 0.24921875 0.02734375 0.03203125
0 0.30390625 0.2890625 0.034375 0.03515625
0 0.5140625 0.28125 0.03046875 0.03203125
0 0.47734375 0.29453125 0.02734375 0.03046875
0 0.5046875 0.30546875 0.025 0.02890625
0 0.53046875 0.3171875 0.02578125 0.0296875
0 0.4578125 0.321875 0.0265625 0.03125
0 0.484375 0.325 0.02734375 0.028125
0 0.4390625 0.3546875 0.0296875 0.0296875
0 0.5078125 0.3453125 0.02421875 0.028125
0 0.53359375 0.3484375 0.02734375 0.0296875
0 0.51796875 0.39453125 0.02734375 0.03203125
0 0.5453125 0.39375 0.0265625 0.03203125
0 0.55625 0.36875 0.025 0.0296875
0 0.56875 0.275 0.02265625 0.02890625
0 0.5921875 0.27421875 0.021875 0.028125
0 0.615625 0.27421875 0.02578125 0.0328125
0 0.5953125 0.31484375 0.02578125 0.03125
0 0.62109375 0.31640625 0.02421875 0.03046875
0 0.6203125 0.34609375 0.02578125 0.028125
0 0.61484375 0.3703125 0.0234375 0.02734375
0 0.5953125 0.34453125 0.02421875 0.02578125
0 0.58984375 0.36953125 0.0234375 0.02421875
0 0.60390625 0.3953125 0.021875 0.0265625
0 0.5765625 0.3921875 0.02734375 0.025
0 0.5875 0.41640625 0.0234375 0.02578125
0 0.68046875 0.34921875 0.0234375 0.02734375
0 0.7265625 0.3109375 0.021875 0.025
0 0.728125 0.3375 0.02109375 0.02265625
0 0.73359375 0.36171875 0.02265625 0.025
0 0.7140625 0.37421875 0.02109375 0.0296875
0 0.73515625 0.38671875 0.02265625 0.025
0 0.75234375 0.40390625 0.0203125 0.02734375
0 0.728125 0.41328125 0.02109375 0.02578125
0 0.69296875 0.37265625 0.0203125 0.02578125
0 0.7 0.39609375 0.01875 0.02734375
0 0.671875 0.38359375 0.021875 0.025
0 0.68203125 0.409375 0.0234375 0.02734375
0 0.625 0.40703125 0.0203125 0.028125
0 0.64140625 0.38984375 0.0234375 0.025
0 0.6421875 0.375 0.02109375 0.01328125
0 0.653125 0.415625 0.0234375 0.025
0 0.6609375 0.4 0.01875 0.0234375
0 0.67265625 0.4375 0.025 0.028125
0 0.70859375 0.42109375 0.0203125 0.025
0 0.725 0.4390625 0.02265625 0.02734375
0 0.74140625 0.45625 0.02265625 0.025
0 0.73046875 0.4796875 0.021875 0.03046875
0 0.70703125 0.48515625 0.0265625 0.02890625
0 0.66875 0.4609375 0.02265625 0.02421875
0 0.68203125 0.48515625 0.0234375 0.02890625
0 0.5875 0.446875 0.02734375 0.0265625
0 0.5578125 0.47265625 0.025 0.03203125
0 0.59921875 0.4953125 0.02578125 0.03125
0 0.57734375 0.52734375 0.0265625 0.0296875
0 0.6140625 0.5296875 0.025 0.0328125
0 0.63671875 0.5140625 0.0234375 0.02734375
0 0.66640625 0.5125 0.025 0.028125
0 0.690625 0.51640625 0.021875 0.028125
0 0.715625 0.51484375 0.02421875 0.025
0 0.76015625 0.50859375 0.02109375 0.02734375
0 0.828125 0.515625 0.021875 0.028125
0 0.73984375 0.55234375 0.02265625 0.02890625
0 0.70625 0.55234375 0.021875 0.0265625
0 0.7265625 0.57109375 0.0234375 0.02421875
0 0.84140625 0.62265625 0.01953125 0.0265625
0 0.828125 0.58125 0.021875 0.025
0 0.83359375 0.603125 0.01953125 0.01953125
0 0.82578125 0.6515625 0.02578125 0.0265625
0 0.890625 0.6890625 0.021875 0.02734375
0 0.809375 0.67421875 0.021875 0.02734375
0 0.8140625 0.74296875 0.02421875 0.0296875
0 0.7796875 0.70078125 0.0234375 0.03203125
0 0.72265625 0.60078125 0.021875 0.0296875
0 0.7578125 0.615625 0.0234375 0.02890625
0 0.75625 0.68515625 0.02109375 0.02734375
0 0.690625 0.61484375 0.02421875 0.028125
0 0.66484375 0.62578125 0.0234375 0.02578125
0 0.63828125 0.57734375 0.025 0.02734375
0 0.64296875 0.62421875 0.02421875 0.028125
0 0.615625 0.6203125 0.025 0.0265625
0 0.59375 0.6015625 0.0234375 0.0265625
0 0.584375 0.62109375 0.01953125 0.02734375
0 0.5609375 0.628125 0.0265625 0.02890625
0 0.5296875 0.64375 0.0265625 0.03046875
0 0.5625 0.6546875 0.02578125 0.0265625
0 0.52265625 0.528125 0.02890625 0.03203125
0 0.4046875 0.48359375 0.02734375 0.03359375
0 0.4296875 0.47578125 0.0296875 0.0328125
0 0.375 0.49453125 0.02734375 0.028125
0 0.409375 0.52421875 0.03125 0.0359375
0 0.371875 0.5265625 0.02890625 0.03359375
0 0.30078125 0.62734375 0.0359375 0.0359375
0 0.40390625 0.5703125 0.02890625 0.0328125
0 0.40078125 0.60859375 0.0296875 0.03046875
0 0.4234375 0.6453125 0.03046875 0.03359375
0 0.50703125 0.66953125 0.02734375 0.02890625
0 0.44921875 0.703125 0.028125 0.03046875
0 0.6640625 0.6546875 0.02109375 0.02421875
0 0.6859375 0.64921875 0.021875 0.028125
0 0.640625 0.65234375 0.025 0.02734375
0 0.6703125 0.6796875 0.025 0.0265625
0 0.71328125 0.71015625 0.02578125 0.028125
0 0.66953125 0.73515625 0.025 0.028125
0 0.58671875 0.72734375 0.02578125 0.028125
0 0.590625 0.75703125 0.02578125 0.02734375
0 0.6296875 0.7578125 0.02734375 0.02734375
0 0.5671875 0.77109375 0.02578125 0.03046875
0 0.5328125 0.7546875 0.02890625 0.0328125
0 0.46484375 0.8296875 0.0296875 0.0328125
0 0.51328125 0.83359375 0.02890625 0.03359375
0 0.55546875 0.834375 0.0265625 0.0296875
0 0.609375 0.83203125 0.025 0.03203125
0 0.68359375 0.8125 0.02578125 0.02890625
0 0.6390625 0.784375 0.025 0.02890625
0 0.6890625 0.77734375 0.025 0.02734375
0 0.7328125 0.790625 0.021875 0.02734375
0 0.7875 0.80546875 0.0234375 0.0296875