0 0.7515625 0.34921875 0.0296875 0.0296875
0 0.7328125 0.3640625 0.028125 0.0265625
0 0.7203125 0.3234375 0.025 0.0234375
0 0.73984375 0.30390625 0.025 0.0234375
0 0.7625 0.30859375 0.0265625 0.028125
0 0.75234375 0.3265625 0.0234375 0.025
0 0.7203125 0.346875 0.0265625 0.025
0 0.7375 0.33125 0.0171875 0.025
0 0.7421875 0.28125 0.0265625 0.028125
0 0.70703125 0.30546875 0.028125 0.0265625
0 0.7203125 0.29296875 0.0265625 0.025
0 0.69921875 0.31953125 0.0234375 0.0234375
0 0.68671875 0.26953125 0.0265625 0.0265625
0 0.6609375 0.28125 0.0265625 0.0296875
0 0.6515625 0.25625 0.0265625 0.0265625
0 0.62578125 0.1921875 0.0265625 0.025
0 0.62109375 0.2140625 0.0296875 0.0265625
0 0.63359375 0.240625 0.0296875 0.0265625
0 0.6296875 0.259375 0.025 0.0203125
0 0.61796875 0.234375 0.028125 0.021875
0 0.596875 0.0640625 0.028125 0.025
0 0.6203125 0.06328125 0.025 0.025
0 0.5890625 0.04921875 0.028125 0.0203125
0 0.56171875 0.10859375 0.0296875 0.028125
0 0.58671875 0.12421875 0.025 0.0234375
0 0.57734375 0.14609375 0.0265625 0.0296875
0 0.58046875 0.2171875 0.0265625 0.028125
0 0.59609375 0.28203125 0.0296875 0.0265625
0 0.61171875 0.296875 0.028125 0.025
0 0.6203125 0.31640625 0.0296875 0.0265625
0 0.6328125 0.33515625 0.0296875 0.025
0 0.66015625 0.34375 0.0328125 0.028125
0 0.71015625 0.37109375 0.028125 0.0265625
0 0.73359375 0.38515625 0.0265625 0.0265625
0 0.75078125 0.39765625 0.0265625 0.028125
0 0.80234375 0.39375 0.0296875 0.0265625
0 0.6921875 0.40078125 0.028125 0.025
0 0.69609375 0.42265625 0.0296875 0.0265625
0 0.66015625 0.425 0.0296875 0.0265625
0 0.646875 0.44453125 0.0296875 0.0328125
0 0.61328125 0.42109375 0.0296875 0.0296875
0 0.61875 0.44375 0.0296875 0.0265625
0 0.6421875 0.4765625 0.0265625 0.0296875
0 0.66484375 0.46953125 0.0265625 0.0265625
0 0.66953125 0.44609375 0.028125 0.025
0 0.6890625 0.44765625 0.025 0.0265625
0 0.68671875 0.47109375 0.028125 0.0296875
0 0.7109375 0.43984375 0.028125 0.025
0 0.71171875 0.46484375 0.0296875 0.0265625
0 0.715625 0.4875 0.0296875 0.0265625
0 0.721875 0.51640625 0.0296875 0.0296875
0 0.66796875 0.49375 0.028125 0.028125
0 0.6828125 0.51484375 0.0265625 0.0296875
0 0.640625 0.51484375 0.0265625 0.0296875
0 0.65546875 0.56484375 0.028125 0.0265625
0 0.76796875 0.7390625 0.0296875 0.0296875
0 0.77421875 0.76484375 0.03125 0.03125
0 0.74453125 0.7328125 0.028125 0.0265625
0 0.734375 0.75390625 0.0265625 0.0265625
0 0.678125 0.74609375 0.028125 0.0296875
0 0.65703125 0.7640625 0.0296875 0.028125
0 0.61953125 0.734375 0.0265625 0.0296875
0 0.6515625 0.60390625 0.028125 0.0265625
0 0.65 0.621875 0.0265625 0.01875
0 0.65 0.58984375 0.025 0.0171875
0 0.66875 0.6328125 0.025 0.0265625
0 0.6203125 0.61796875 0.028125 0.028125
0 0.625 0.6421875 0.025 0.0265625
0 0.60234375 0.6078125 0.0265625 0.0265625
0 0.60078125 0.64375 0.0265625 0.0265625
0 0.565625 0.65703125 0.0265625 0.0296875
0 0.5578125 0.69921875 0.0296875 0.028125
0 0.54765625 0.571875 0.028125 0.0265625
0 0.55078125 0.60390625 0.028125 0.0296875
0 0.5296875 0.640625 0.0265625 0.0265625
0 0.5171875 0.671875 0.0265625 0.0296875
0 0.4734375 0.52890625 0.025 0.0265625
0 0.47265625 0.4625 0.028125 0.025
0 0.453125 0.52265625 0.025 0.0265625
0 0.43671875 0.45703125 0.0265625 0.0265625
0 0.42890625 0.5015625 0.028125 0.0265625
0 0.40859375 0.57265625 0.0234375 0.025
0 0.41328125 0.55234375 0.0265625 0.0296875
0 0.44296875 0.56015625 0.025 0.0296875
0 0.4296875 0.56796875 0.0234375 0.025
0 0.47734375 0.70078125 0.028125 0.0265625
0 0.465625 0.71953125 0.0265625 0.028125
0 0.45703125 0.69296875 0.0296875 0.0296875
0 0.428125 0.715625 0.03125 0.03125
0 0.440625 0.41640625 0.0296875 0.0265625
0 0.54609375 0.38125 0.025 0.0234375
0 0.5453125 0.40546875 0.0265625 0.028125
0 0.54453125 0.35703125 0.0265625 0.028125
0 0.52421875 0.38515625 0.0265625 0.0265625
0 0.521875 0.3390625 0.0265625 0.0265625
0 0.54609375 0.32265625 0.0265625 0.028125
0 0.5265625 0.3125 0.0234375 0.025
0 0.50390625 0.3203125 0.0265625 0.0265625
0 0.496875 0.34609375 0.025 0.0265625
0 0.5046875 0.2640625 0.0265625 0.025
0 0.4828125 0.2703125 0.0234375 0.025
0 0.4734375 0.2875 0.0296875 0.028125
0 0.4734375 0.25390625 0.0265625 0.0265625
0 0.45078125 0.26171875 0.0296875 0.0296875
0 0.4796875 0.221875 0.025 0.028125
0 0.4578125 0.2234375 0.028125 0.0265625
0 0.43828125 0.2 0.0265625 0.0265625
0 0.43515625 0.2265625 0.0234375 0.025
0 0.3703125 0.4203125 0.0265625 0.0265625
0 0.38125 0.43828125 0.025 0.0265625
0 0.39765625 0.45078125 0.025 0.0265625
0 0.384375 0.46953125 0.0265625 0.0296875
0 0.390625 0.4203125 0.0234375 0.025
0 0.4234375 0.3875 0.0234375 0.025
0 0.4171875 0.41328125 0.025 0.028125
0 0.4046875 0.35078125 0.0296875 0.0265625
0 0.4046875 0.371875 0.025 0.0234375
0 0.37890625 0.32734375 0.025 0.0203125
0 0.3796875 0.34296875 0.025 0.0203125
0 0.38203125 0.3625 0.025 0.0234375
0 0.36875 0.3046875 0.0296875 0.028125
0 0.35859375 0.275 0.0296875 0.0296875
0 0.3453125 0.29140625 0.0265625 0.025
0 0.346875 0.33359375 0.025 0.0234375
0 0.3265625 0.346875 0.0265625 0.025
0 0.3421875 0.31328125 0.025 0.0234375
0 0.3078125 0.34765625 0.025 0.0234375
0 0.29375 0.36484375 0.025 0.0234375
0 0.30390625 0.38359375 0.0296875 0.0265625
0 0.26484375 0.34453125 0.0296875 0.0265625
0 0.40546875 0.196875 0.0265625 0.0234375
0 0.396875 0.16484375 0.025 0.0234375
0 0.315625 0.240625 0.028125 0.0265625
0 0.36953125 0.12265625 0.025 0.0265625
0 0.30234375 0.17421875 0.0265625 0.0265625
0 0.23046875 0.21015625 0.0234375 0.0234375
0 0.22890625 0.240625 0.0265625 0.0265625
0 0.24765625 0.20078125 0.0265625 0.0265625
0 0.21015625 0.23515625 0.025 0.0234375
0 0.2234375 0.41875 0.028125 0.025
0 0.24765625 0.428125 0.0296875 0.028125
0 0.25 0.4765625 0.0265625 0.0265625
0 0.284375 0.48125 0.0265625 0.0265625
0 0.26171875 0.4984375 0.0296875 0.0265625