0 0.390625 0.0203125 0.01875 0.015625
0 0.50625 0.7390625 0.0171875 0.0203125
0 0.51953125 0.73515625 0.0171875 0.0171875
0 0.559375 0.66640625 0.01875 0.01875
0 0.53359375 0.6046875 0.01875 0.0171875
0 0.5203125 0.6140625 0.01875 0.01875
0 0.50546875 0.62265625 0.01875 0.01875
0 0.5296875 0.6234375 0.015625 0.0171875
0 0.51796875 0.62890625 0.015625 0.015625
0 0.509375 0.64296875 0.015625 0.015625
0 0.49921875 0.65 0.015625 0.015625
0 0.54453125 0.61875 0.0171875 0.01875
0 0.54609375 0.60625 0.015625 0.0171875
0 0.54296875 0.63203125 0.0140625 0.0140625
0 0.525 0.64453125 0.0171875 0.01875
0 0.55546875 0.6453125 0.0171875 0.01875
0 0.540625 0.64921875 0.0171875 0.0171875
0 0.56484375 0.653125 0.015625 0.015625
0 0.5546875 0.6265625 0.0140625 0.0140625
0 0.5796875 0.65 0.0171875 0.0171875
0 0.57109375 0.63984375 0.01875 0.0171875
0 0.55703125 0.61328125 0.0140625 0.0140625
0 0.58515625 0.634375 0.0171875 0.015625
0 0.571875 0.625 0.01875 0.0171875
0 0.61328125 0.634375 0.015625 0.0140625
0 0.59765625 0.6328125 0.01875 0.01875
0 0.5640625 0.60390625 0.0140625 0.0140625
0 0.58828125 0.6203125 0.0171875 0.01875
0 0.578125 0.6 0.015625 0.0171875
0 0.55546875 0.59453125 0.01875 0.0171875
0 0.52578125 0.5671875 0.01875 0.01875
0 0.515625 0.57734375 0.01875 0.01875
0 0.4578125 0.578125 0.01875 0.01875
0 0.4703125 0.53359375 0.01875 0.01875
0 0.45703125 0.48984375 0.0171875 0.01875
0 0.46953125 0.484375 0.015625 0.0171875
0 0.484375 0.47421875 0.0171875 0.01875
0 0.4859375 0.48671875 0.0171875 0.015625
0 0.51953125 0.4609375 0.01875 0.0171875
0 0.50078125 0.4578125 0.0171875 0.01875
0 0.578125 0.465625 0.0140625 0.0140625
0 0.565625 0.47265625 0.01875 0.0171875
0 0.5625 0.490625 0.01875 0.0171875
0 0.55390625 0.47890625 0.0140625 0.0140625
0 0.54296875 0.50625 0.015625 0.0171875
0 0.5890625 0.58125 0.0171875 0.015625
0 0.57890625 0.56328125 0.0171875 0.0171875
0 0.590625 0.59609375 0.01875 0.01875
0 0.59296875 0.5640625 0.0140625 0.0140625
0 0.57109375 0.54921875 0.0203125 0.01875
0 0.60625 0.56796875 0.0171875 0.015625
0 0.59140625 0.55078125 0.01875 0.01875
0 0.5671875 0.5046875 0.015625 0.0171875
0 0.6078125 0.55390625 0.01875 0.01875
0 0.62265625 0.57734375 0.01875 0.01875
0 0.60078125 0.5265625 0.01875 0.0203125
0 0.621875 0.540625 0.0203125 0.0203125
0 0.67109375 0.6140625 0.01875 0.0203125
0 0.6421875 0.5359375 0.0171875 0.0171875
0 0.628125 0.4875 0.01875 0.01875
0 0.65859375 0.534375 0.01875 0.0203125
0 0.67890625 0.53125 0.0171875 0.01875
0 0.6625 0.475 0.01875 0.01875
0 0.68671875 0.51328125 0.01875 0.01875
0 0.72890625 0.49609375 0.015625 0.015625
0 0.71015625 0.4890625 0.01875 0.01875
0 0.6734375 0.46015625 0.0171875 0.01875
0 0.65625 0.42734375 0.0140625 0.0140625
0 0.64453125 0.43515625 0.01875 0.0171875
0 0.66328125 0.43984375 0.015625 0.015625
0 0.6421875 0.421875 0.0171875 0.0171875
0 0.63125 0.4078125 0.0140625 0.0140625
0 0.621875 0.42109375 0.01875 0.01875
0 0.6015625 0.39375 0.015625 0.0171875
0 0.58984375 0.4015625 0.0203125 0.0171875
0 0.69296875 0.33125 0.015625 0.0171875
0 0.6796875 0.32421875 0.0140625 0.0140625
0 0.65234375 0.3375 0.01875 0.01875
0 0.63828125 0.34140625 0.015625 0.0171875
0 0.62421875 0.34765625 0.015625 0.0171875
0 0.60703125 0.34375 0.015625 0.0171875
0 0.59609375 0.3515625 0.015625 0.0171875
0 0.58359375 0.35859375 0.015625 0.015625
0 0.57109375 0.34453125 0.01875 0.01875
0 0.48671875 0.35390625 0.01875 0.01875