0 0.2546875 0.52734375 0.028125 0.0375
0 0.2578125 0.49765625 0.0296875 0.03125
0 0.2625 0.4609375 0.028125 0.0328125
0 0.2859375 0.55078125 0.0265625 0.0359375
0 0.27890625 0.5296875 0.0234375 0.0203125
0 0.28203125 0.5109375 0.0234375 0.0296875
0 0.328125 0.4609375 0.028125 0.034375
0 0.30859375 0.55703125 0.0265625 0.0359375
0 0.3359375 0.4953125 0.025 0.0328125
0 0.34140625 0.55390625 0.0265625 0.0328125
0 0.36171875 0.5421875 0.0234375 0.0359375
0 0.36171875 0.48359375 0.0265625 0.0328125
0 0.3765625 0.5625 0.025 0.0328125
0 0.38671875 0.51875 0.025 0.0328125
0 0.29453125 0.4453125 0.0265625 0.0328125
0 0.30234375 0.41171875 0.0265625 0.0328125
0 0.33671875 0.43203125 0.0265625 0.0296875
0 0.3265625 0.39140625 0.0234375 0.034375
0 0.325 0.36171875 0.025 0.03125
0 0.33359375 0.33515625 0.025 0.0296875
0 0.31796875 0.3109375 0.025 0.034375
0 0.3484375 0.3703125 0.0234375 0.0296875
0 0.371875 0.3390625 0.0265625 0.0296875
0 0.35078125 0.31328125 0.0265625 0.03125
0 0.390625 0.35546875 0.0234375 0.0296875
0 0.4125 0.3734375 0.021875 0.0328125
0 0.4125 0.34453125 0.021875 0.0296875
0 0.41640625 0.309375 0.025 0.0296875
0 0.42734375 0.2796875 0.0265625 0.0328125
0 0.403125 0.23984375 0.0265625 0.0375
0 0.43671875 0.33203125 0.0234375 0.03125
0 0.44765625 0.3875 0.0234375 0.028125
0 0.428125 0.43984375 0.0265625 0.0359375
0 0.45859375 0.40625 0.0234375 0.0296875
0 0.44609375 0.15078125 0.0265625 0.0328125
0 0.45078125 0.08828125 0.0234375 0.0359375
0 0.4640625 0.2109375 0.025 0.0328125
0 0.4734375 0.28203125 0.025 0.0296875
0 0.45546875 0.2609375 0.0234375 0.0328125
0 0.46171875 0.31953125 0.0234375 0.0328125
0 0.48203125 0.3078125 0.025 0.0296875
0 0.48984375 0.25859375 0.0265625 0.034375
0 0.4859375 0.22109375 0.0234375 0.03125
0 0.50390625 0.13203125 0.028125 0.03125
0 0.50234375 0.3328125 0.0234375 0.0328125
0 0.53515625 0.2546875 0.0234375 0.03125
0 0.53984375 0.125 0.0265625 0.034375
0 0.565625 0.07734375 0.0265625 0.0296875
0 0.5953125 0.07578125 0.0234375 0.0328125
0 0.43203125 0.54375 0.028125 0.0328125
0 0.46953125 0.46875 0.0265625 0.0328125
0 0.4640625 0.62421875 0.025 0.0328125
0 0.50703125 0.73671875 0.0234375 0.0359375
0 0.4953125 0.890625 0.0234375 0.034375
0 0.54765625 0.53359375 0.0203125 0.0296875
0 0.53671875 0.49296875 0.025 0.0328125
0 0.571875 0.50859375 0.0234375 0.0296875
0 0.6140625 0.5640625 0.0203125 0.0328125
0 0.59296875 0.64609375 0.0234375 0.03125
0 0.6328125 0.56171875 0.0203125 0.028125
0 0.6546875 0.5296875 0.0234375 0.0296875
0 0.6046875 0.609375 0.0234375 0.0296875
0 0.65234375 0.55859375 0.0203125 0.0265625
0 0.67109375 0.51796875 0.021875 0.0328125
0 0.63046875 0.60390625 0.021875 0.028125
0 0.67109375 0.55078125 0.0203125 0.028125
0 0.6875 0.50859375 0.0234375 0.0296875
0 0.6484375 0.584375 0.0203125 0.028125
0 0.68984375 0.54296875 0.0203125 0.0296875
0 0.68046875 0.5953125 0.0234375 0.0328125
0 0.65078125 0.65546875 0.0203125 0.0296875
0 0.52421875 0.87890625 0.0203125 0.0359375
0 0.55859375 0.8921875 0.0234375 0.0328125
0 0.57734375 0.9078125 0.0234375 0.0328125
0 0.5625 0.83203125 0.0234375 0.0328125
0 0.6140625 0.88125 0.0234375 0.0328125
0 0.63203125 0.8515625 0.0234375 0.0296875
0 0.65390625 0.8328125 0.0234375 0.0296875
0 0.65703125 0.7796875 0.025 0.03125
0 0.68515625 0.78359375 0.0234375 0.0328125
0 0.70390625 0.72890625 0.0234375 0.0296875
0 0.7515625 0.6421875 0.0234375 0.028125
0 0.75234375 0.61328125 0.0234375 0.0296875
0 0.5796875 0.38359375 0.0265625 0.0296875
0 0.63046875 0.42265625 0.0234375 0.0296875
0 0.62890625 0.38828125 0.021875 0.0328125
0 0.659375 0.42421875 0.0234375 0.03125
0 0.65078125 0.3875 0.0234375 0.0296875
0 0.6859375 0.4234375 0.0234375 0.0296875
0 0.71640625 0.27578125 0.0203125 0.0296875
0 0.7 0.2890625 0.0203125 0.0296875
0 0.734375 0.2890625 0.0203125 0.0265625
0 0.77578125 0.41328125 0.0203125 0.028125
0 0.72734375 0.16484375 0.0203125 0.0296875
0 0.746875 0.1546875 0.0203125 0.0328125
0 0.6796875 0.16875 0.0234375 0.0296875
0 0.7546875 0.1796875 0.0203125 0.0265625
0 0.78046875 0.1546875 0.0203125 0.028125
0 0.81640625 0.1890625 0.0203125 0.0296875