0 0.29140625 0.67109375 0.0171875 0.01875
0 0.30546875 0.64609375 0.01640625 0.01796875
0 0.359375 0.6609375 0.01640625 0.01796875
0 0.3609375 0.64453125 0.01484375 0.01640625
0 0.403125 0.6625 0.015625 0.0171875
0 0.37578125 0.64375 0.01328125 0.01640625
0 0.375 0.62734375 0.01640625 0.015625
0 0.40078125 0.64453125 0.01796875 0.0171875
0 0.39140625 0.62734375 0.01484375 0.01640625
0 0.42421875 0.64921875 0.01484375 0.01640625
0 0.4203125 0.63359375 0.01484375 0.01484375
0 0.4359375 0.63515625 0.01484375 0.015625
0 0.4125 0.615625 0.01484375 0.015625
0 0.503125 0.678125 0.0140625 0.01640625
0 0.4265625 0.615625 0.01484375 0.015625
0 0.49375 0.62578125 0.0140625 0.01484375
0 0.5609375 0.6453125 0.01328125 0.015625
0 0.5625 0.59140625 0.0125 0.01484375
0 0.584375 0.59921875 0.0125 0.0140625
0 0.5765625 0.5890625 0.0125 0.015625
0 0.5734375 0.5734375 0.0125 0.01484375
0 0.56328125 0.559375 0.01328125 0.0140625
0 0.56640625 0.5359375 0.0125 0.015625
0 0.57109375 0.51953125 0.0125 0.0140625
0 0.58515625 0.5265625 0.0109375 0.01328125
0 0.58359375 0.5109375 0.0125 0.0140625
0 0.59453125 0.51953125 0.0125 0.0125
0 0.50078125 0.53671875 0.01484375 0.015625
0 0.4453125 0.55234375 0.01484375 0.01640625
0 0.3875 0.5953125 0.01484375 0.01640625
0 0.39765625 0.58046875 0.0140625 0.0171875
0 0.41015625 0.52265625 0.0171875 0.01640625
0 0.50703125 0.490625 0.01171875 0.01484375
0 0.5203125 0.4921875 0.01171875 0.01484375
0 0.53125 0.4921875 0.0125 0.01484375
0 0.5484375 0.496875 0.01171875 0.0140625
0 0.5484375 0.4828125 0.01171875 0.01328125
0 0.53671875 0.48046875 0.0125 0.01328125
0 0.54375 0.471875 0.01328125 0.0140625
0 0.56796875 0.48046875 0.0140625 0.01484375
0 0.55546875 0.46875 0.01171875 0.0140625
0 0.5671875 0.4640625 0.0109375 0.015625
0 0.55390625 0.45390625 0.01328125 0.01328125
0 0.5421875 0.45859375 0.0125 0.0140625
0 0.5296875 0.46328125 0.01328125 0.01328125
0 0.521875 0.47890625 0.0125 0.01171875
0 0.521875 0.4703125 0.0125 0.0125
0 0.509375 0.4765625 0.01171875 0.01328125
0 0.5 0.4671875 0.0125 0.01328125
0 0.48984375 0.47578125 0.0125 0.01484375
0 0.47265625 0.47578125 0.01171875 0.01484375
0 0.459375 0.47421875 0.01328125 0.015625
0 0.4203125 0.4609375 0.01328125 0.0171875
0 0.47890625 0.465625 0.0125 0.0140625
0 0.490625 0.459375 0.0125 0.0140625
0 0.5 0.44921875 0.01171875 0.01328125
0 0.509375 0.4609375 0.0125 0.0140625
0 0.484375 0.440625 0.0125 0.0140625
0 0.52109375 0.45390625 0.01328125 0.0140625
0 0.509375 0.44453125 0.0125 0.0140625
0 0.52265625 0.44140625 0.01328125 0.015625
0 0.540625 0.44375 0.01328125 0.0140625
0 0.59765625 0.58203125 0.0140625 0.015625
0 0.63515625 0.61484375 0.01328125 0.01484375
0 0.65390625 0.6140625 0.01328125 0.0140625
0 0.64765625 0.596875 0.0125 0.0140625
0 0.6578125 0.57734375 0.01328125 0.01328125
0 0.64453125 0.5625 0.01328125 0.0140625
0 0.63359375 0.54140625 0.01171875 0.01484375
0 0.55390625 0.43359375 0.01328125 0.0140625
0 0.553125 0.41796875 0.0125 0.01328125
0 0.5640625 0.42265625 0.01171875 0.01328125
0 0.57109375 0.4125 0.01171875 0.01484375
0 0.55546875 0.40234375 0.01171875 0.01328125
0 0.540625 0.4015625 0.01171875 0.0140625
0 0.52734375 0.396875 0.01171875 0.01328125
0 0.51484375 0.39765625 0.0125 0.01328125
0 0.50703125 0.3875 0.01171875 0.01328125
0 0.5546875 0.3875 0.01171875 0.01328125
0 0.53125 0.3828125 0.0125 0.0140625
0 0.565625 0.39609375 0.01171875 0.0140625
0 0.525 0.375 0.0125 0.0140625
0 0.5125 0.37421875 0.01171875 0.01328125
0 0.5015625 0.3765625 0.01171875 0.0125
0 0.48984375 0.38125 0.0125 0.01328125
0 0.48203125 0.39609375 0.01328125 0.01484375
0 0.47578125 0.3828125 0.01328125 0.01328125
0 0.46171875 0.37890625 0.01328125 0.0140625
0 0.43671875 0.3875 0.01328125 0.0140625
0 0.434375 0.41328125 0.0140625 0.01640625
0 0.4125 0.38125 0.0140625 0.015625
0 0.4328125 0.371875 0.0125 0.01484375
0 0.403125 0.36171875 0.01484375 0.0171875
0 0.3734375 0.365625 0.015625 0.01640625
0 0.3375 0.3921875 0.01640625 0.015625
0 0.325 0.4390625 0.01484375 0.01640625
0 0.34375 0.475 0.01640625 0.0171875
0 0.2953125 0.4625 0.01640625 0.01875
0 0.29296875 0.43671875 0.015625 0.01875
0 0.2640625 0.4578125 0.01640625 0.01875
0 0.2609375 0.4234375 0.0171875 0.01953125
0 0.48046875 0.3703125 0.0125 0.0125
0 0.478125 0.35703125 0.01171875 0.0125
0 0.49296875 0.365625 0.0125 0.0125
0 0.4921875 0.3515625 0.0125 0.0140625
0 0.5046875 0.3625 0.0109375 0.01328125
0 0.50703125 0.34921875 0.01171875 0.01328125
0 0.5171875 0.35546875 0.0125 0.0125
0 0.52890625 0.3640625 0.0125 0.0140625
0 0.5296875 0.35078125 0.01171875 0.01328125
0 0.53984375 0.34375 0.01328125 0.01484375
0 0.515625 0.33671875 0.0125 0.01484375
0 0.50234375 0.3375 0.0125 0.01328125
0 0.484375 0.3421875 0.01328125 0.01484375
0 0.46796875 0.346875 0.01328125 0.01484375
0 0.45546875 0.3421875 0.0125 0.01484375
0 0.46953125 0.33125 0.0140625 0.01328125
0 0.4875 0.33046875 0.0125 0.0140625
0 0.48828125 0.3171875 0.0125 0.01484375
0 0.47421875 0.31328125 0.0140625 0.0140625
0 0.47890625 0.3 0.0140625 0.0140625
0 0.49921875 0.3234375 0.01328125 0.01328125
0 0.5109375 0.3203125 0.01171875 0.01484375
0 0.50390625 0.30546875 0.0125 0.0140625
0 0.521875 0.31015625 0.0140625 0.0125
0 0.5390625 0.309375 0.01171875 0.01328125
0 0.55625 0.31171875 0.01171875 0.0140625
0 0.56796875 0.31015625 0.0125 0.01328125
0 0.58046875 0.30859375 0.01328125 0.01484375
0 0.52109375 0.27890625 0.01328125 0.01484375
0 0.50625 0.271875 0.0140625 0.01484375
0 0.490625 0.26875 0.01484375 0.01328125
0 0.471875 0.27265625 0.01328125 0.015625
0 0.48984375 0.25546875 0.01640625 0.01484375
0 0.48671875 0.2390625 0.01484375 0.01484375
0 0.49765625 0.2328125 0.01484375 0.015625
0 0.53515625 0.25625 0.01484375 0.015625
0 0.59765625 0.28046875 0.0140625 0.01328125
0 0.584375 0.26953125 0.0125 0.0140625
0 0.57109375 0.26953125 0.01484375 0.01328125
0 0.56953125 0.25546875 0.0125 0.01328125
0 0.56875 0.24140625 0.01328125 0.0125
0 0.59296875 0.2359375 0.01484375 0.015625
0 0.5859375 0.22109375 0.0140625 0.01484375