0 0.7875 0.2796875 0.03203125 0.03203125
0 0.5328125 0.125 0.03359375 0.03046875
0 0.57109375 0.12421875 0.03203125 0.03515625
0 0.42421875 0.1890625 0.02890625 0.0375
0 0.46875 0.2 0.0296875 0.02734375
0 0.49375 0.1703125 0.028125 0.0328125
0 0.40234375 0.23359375 0.028125 0.03046875
0 0.5453125 0.21875 0.03125 0.0359375
0 0.403125 0.2703125 0.03359375 0.03671875
0 0.34296875 0.29765625 0.034375 0.04375
0 0.31015625 0.315625 0.0296875 0.03671875
0 0.3046875 0.3421875 0.0296875 0.03046875
0 0.271875 0.32421875 0.028125 0.028125
0 0.2734375 0.34921875 0.02734375 0.028125
0 0.2875 0.37265625 0.03203125 0.03046875
0 0.159375 0.3203125 0.03046875 0.03359375
0 0.1953125 0.33515625 0.03046875 0.03046875
0 0.2609375 0.4015625 0.0296875 0.03203125
0 0.11875 0.36640625 0.028125 0.0328125
0 0.1609375 0.38359375 0.02734375 0.034375
0 0.11953125 0.39921875 0.025 0.0296875
0 0.0796875 0.37734375 0.028125 0.03046875
0 0.1140625 0.4375 0.028125 0.0296875
0 0.21953125 0.484375 0.028125 0.02734375
0 0.45390625 0.4046875 0.03046875 0.02890625
0 0.446875 0.47109375 0.0296875 0.03046875
0 0.321875 0.51171875 0.02890625 0.0265625
0 0.3671875 0.5171875 0.02734375 0.03125
0 0.39375 0.528125 0.028125 0.02734375
0 0.428125 0.54375 0.028125 0.028125
0 0.4390625 0.57109375 0.02734375 0.025
0 0.475 0.56640625 0.025 0.021875
0 0.63515625 0.59765625 0.02421875 0.0265625
0 0.5984375 0.57421875 0.02578125 0.025
0 0.6046875 0.55390625 0.02421875 0.0265625
0 0.63359375 0.55703125 0.0234375 0.02578125
0 0.58984375 0.546875 0.0140625 0.025
0 0.5578125 0.55625 0.021875 0.02578125
0 0.54296875 0.49609375 0.025 0.0296875
0 0.490625 0.53203125 0.02421875 0.02734375
0 0.52890625 0.53828125 0.0265625 0.0296875
0 0.56640625 0.528125 0.02890625 0.02734375
0 0.60703125 0.5296875 0.02421875 0.025
0 0.584375 0.50625 0.02734375 0.0265625
0 0.60625 0.49140625 0.02734375 0.02421875
0 0.62109375 0.51015625 0.02890625 0.02578125
0 0.63984375 0.4953125 0.02265625 0.02734375
0 0.65390625 0.47265625 0.0265625 0.0296875
0 0.66953125 0.49296875 0.03203125 0.0234375
0 0.62578125 0.47734375 0.02890625 0.02578125
0 0.65390625 0.51640625 0.02890625 0.025
0 0.68046875 0.52265625 0.02265625 0.0296875
0 0.70078125 0.50390625 0.0265625 0.02890625
0 0.7125 0.46953125 0.034375 0.028125
0 0.74765625 0.40703125 0.03046875 0.03125
0 0.69140625 0.4484375 0.03203125 0.0265625
0 0.7078125 0.41484375 0.03125 0.03046875
0 0.74921875 0.4359375 0.02890625 0.02265625
0 0.778125 0.4484375 0.02421875 0.0296875
0 0.80625 0.44375 0.028125 0.02890625
0 0.83359375 0.4125 0.03046875 0.0296875
0 0.87734375 0.50703125 0.028125 0.028125
0 0.859375 0.49453125 0.02578125 0.02421875
0 0.7796875 0.52109375 0.0265625 0.02421875
0 0.77265625 0.57578125 0.03046875 0.0265625
0 0.796875 0.55078125 0.03046875 0.0265625
0 0.72265625 0.62265625 0.02578125 0.02578125
0 0.690625 0.61015625 0.02578125 0.02265625
0 0.6484375 0.57578125 0.0265625 0.02109375
0 0.69296875 0.63359375 0.028125 0.01953125
0 0.64765625 0.62109375 0.0234375 0.021875
0 0.66171875 0.6375 0.028125 0.025
0 0.7140625 0.6515625 0.03203125 0.03359375
0 0.67734375 0.65703125 0.0234375 0.0265625
0 0.721875 0.67421875 0.025 0.02578125
0 0.58671875 0.65625 0.025 0.02890625
0 0.4453125 0.6203125 0.0234375 0.0234375
0 0.465625 0.6328125 0.0265625 0.02421875
0 0.4859375 0.64765625 0.02109375 0.02578125
0 0.5109375 0.65546875 0.02421875 0.02421875
0 0.52890625 0.67734375 0.0234375 0.02421875
0 0.55234375 0.66953125 0.02109375 0.02578125
0 0.58515625 0.63125 0.0234375 0.0265625
0 0.41953125 0.63984375 0.02421875 0.0296875
0 0.43984375 0.675 0.0265625 0.021875
0 0.42890625 0.6953125 0.025 0.02421875
0 0.40078125 0.6890625 0.02265625 0.02734375
0 0.42109375 0.66015625 0.0234375 0.02421875
0 0.3953125 0.66484375 0.02734375 0.02421875
0 0.35703125 0.65078125 0.025 0.025
0 0.3796875 0.63046875 0.02421875 0.02578125
0 0.3546875 0.6828125 0.02421875 0.025
0 0.3359375 0.665625 0.02265625 0.02578125
0 0.2953125 0.615625 0.02421875 0.02421875
0 0.259375 0.60078125 0.02578125 0.02578125
0 0.26640625 0.63984375 0.0234375 0.02578125
0 0.22421875 0.62734375 0.02421875 0.021875
0 0.25 0.625 0.0203125 0.01953125
0 0.18359375 0.65078125 0.02578125 0.02265625
0 0.21484375 0.65859375 0.021875 0.0171875
0 0.31875 0.6390625 0.0234375 0.02578125
0 0.2046875 0.63984375 0.01796875 0.01875
0 0.303125 0.58828125 0.021875 0.025
0 0.18203125 0.62890625 0.025 0.025
0 0.1921875 0.6734375 0.01953125 0.01953125
0 0.21015625 0.60859375 0.02421875 0.02421875
0 0.17109375 0.68515625 0.02421875 0.021875
0 0.19296875 0.6953125 0.02265625 0.0203125
0 0.0734375 0.61640625 0.02890625 0.028125
0 0.1359375 0.58515625 0.0265625 0.02421875
0 0.1234375 0.68203125 0.0265625 0.025
0 0.1171875 0.7078125 0.02890625 0.02421875
0 0.14375 0.70390625 0.02734375 0.025
0 0.16875 0.70703125 0.025 0.0234375
0 0.23828125 0.7015625 0.02421875 0.0265625
0 0.196875 0.715625 0.02734375 0.0203125
0 0.2203125 0.71171875 0.02265625 0.02421875
0 0.28671875 0.68828125 0.02578125 0.02421875
0 0.31171875 0.703125 0.028125 0.025
0 0.19765625 0.7421875 0.0265625 0.02578125
0 0.275 0.7140625 0.0265625 0.02734375
0 0.303125 0.72890625 0.02734375 0.0265625
0 0.59375 0.7671875 0.025 0.0265625
0 0.64453125 0.78984375 0.02578125 0.0234375
0 0.321875 0.8 0.028125 0.028125
0 0.80078125 0.8078125 0.0265625 0.02265625
0 0.8125 0.828125 0.02578125 0.02578125
0 0.71015625 0.8234375 0.02421875 0.02734375
0 0.73828125 0.86171875 0.02421875 0.0234375
0 0.68515625 0.82109375 0.021875 0.02265625
0 0.69765625 0.87421875 0.02421875 0.01953125
0 0.64765625 0.82890625 0.0234375 0.025
0 0.67265625 0.84296875 0.02265625 0.025
0 0.596875 0.82421875 0.02421875 0.0203125
0 0.63984375 0.85546875 0.025 0.0234375
0 0.59375 0.846875 0.02421875 0.02421875
0 0.6125 0.865625 0.02265625 0.02265625
0 0.5546875 0.8578125 0.0265625 0.0234375
0 0.59375 0.87734375 0.02109375 0.0234375
0 0.62890625 0.8796875 0.02890625 0.0234375
0 0.55546875 0.88125 0.021875 0.02421875
0 0.58046875 0.89296875 0.02265625 0.0203125
0 0.52421875 0.89140625 0.02265625 0.01875
0 0.7484375 0.22734375 0.02890625 0.03515625