0 0.475 0.359375 0.0265625 0.028125
0 0.42421875 0.271875 0.0265625 0.0296875
0 0.36875 0.3125 0.0265625 0.0296875
0 0.24921875 0.334375 0.0265625 0.028125
0 0.45546875 0.1484375 0.0265625 0.03125
0 0.5015625 0.77421875 0.028125 0.028125
0 0.85390625 0.75859375 0.0296875 0.0328125
0 0.84140625 0.88828125 0.0296875 0.0296875
0 0.39765625 0.3765625 0.028125 0.0296875
0 0.84765625 0.68046875 0.0296875 0.0328125
0 0.509375 0.42421875 0.0265625 0.028125
0 0.6609375 0.653125 0.0296875 0.0296875
0 0.596875 0.7765625 0.028125 0.0296875
0 0.5875 0.4125 0.028125 0.0296875
0 0.51015625 0.68203125 0.0296875 0.0296875
0 0.40234375 0.75390625 0.028125 0.028125
0 0.4453125 0.7828125 0.028125 0.028125
0 0.37578125 0.446875 0.0265625 0.0328125
0 0.625 0.61171875 0.0296875 0.0296875
0 0.46484375 0.6046875 0.0296875 0.028125
0 0.40078125 0.3359375 0.028125 0.0296875
0 0.45390625 0.75546875 0.028125 0.0296875
0 0.28671875 0.42734375 0.028125 0.0296875
0 0.5921875 0.4828125 0.0265625 0.0296875
0 0.49609375 0.80234375 0.028125 0.0296875
0 0.596875 0.62109375 0.028125 0.0296875
0 0.33125 0.38046875 0.0265625 0.028125
0 0.540625 0.653125 0.028125 0.0296875
0 0.36953125 0.71875 0.0265625 0.028125
0 0.3078125 0.5390625 0.0265625 0.0265625
0 0.19765625 0.359375 0.028125 0.0265625
0 0.421875 0.72890625 0.0296875 0.0296875
0 0.5265625 0.47265625 0.028125 0.0296875
0 0.36484375 0.52265625 0.028125 0.0296875
0 0.5390625 0.7640625 0.0265625 0.0296875
0 0.3484375 0.36875 0.0265625 0.028125
0 0.34765625 0.734375 0.028125 0.0296875
0 0.35 0.56953125 0.028125 0.028125
0 0.334375 0.5421875 0.028125 0.03125
0 0.63828125 0.7296875 0.0296875 0.0296875
0 0.4828125 0.7484375 0.0296875 0.0296875
0 0.65859375 0.71171875 0.0296875 0.0296875
0 0.315625 0.4140625 0.028125 0.0296875
0 0.4453125 0.6234375 0.0265625 0.0296875
0 0.47734375 0.63671875 0.0296875 0.028125
0 0.428125 0.57578125 0.028125 0.0328125
0 0.78046875 0.5078125 0.0296875 0.0296875
0 0.18515625 0.253125 0.028125 0.0265625
0 0.0328125 0.70234375 0.0296875 0.0265625
0 0.43203125 0.92734375 0.0265625 0.0296875
0 0.559375 0.70546875 0.028125 0.0296875
0 0.4125 0.62265625 0.0265625 0.03125
0 0.3125 0.56484375 0.0265625 0.0296875
0 0.41796875 0.80703125 0.028125 0.0296875
0 0.396875 0.5203125 0.0296875 0.0296875
0 0.49921875 0.4796875 0.0296875 0.0296875
0 0.47265625 0.77890625 0.0296875 0.028125
0 0.4703125 0.403125 0.0296875 0.0296875
0 0.41953125 0.78046875 0.028125 0.028125
0 0.4515625 0.71796875 0.028125 0.0296875
0 0.4859375 0.8765625 0.028125 0.0296875
0 0.39609375 0.79140625 0.0296875 0.028125
0 0.57109375 0.71875 0.0296875 0.0296875
0 0.4265625 0.75546875 0.028125 0.0296875
0 0.51953125 0.8234375 0.028125 0.0296875
0 0.515625 0.75234375 0.028125 0.0296875
0 0.47109375 0.5421875 0.028125 0.0328125
0 0.896875 0.715625 0.0296875 0.0296875
0 0.46875 0.80703125 0.0265625 0.0296875
0 0.26953125 0.7453125 0.0265625 0.0265625
0 0.3796875 0.76796875 0.028125 0.028125
0 0.37109375 0.7453125 0.0296875 0.0296875
0 0.26953125 0.396875 0.028125 0.0296875
0 0.28671875 0.89140625 0.0265625 0.028125
0 0.25 0.76796875 0.028125 0.028125
0 0.2578125 0.37890625 0.028125 0.0265625
0 0.31015625 0.3953125 0.0265625 0.0265625
0 0.2921875 0.74140625 0.0296875 0.0296875
0 0.784375 0.74375 0.034375 0.0296875
0 0.32265625 0.88671875 0.028125 0.028125
0 0.38125 0.69609375 0.028125 0.0296875
0 0.30546875 0.9109375 0.028125 0.0265625
0 0.2078125 0.83046875 0.028125 0.0296875
0 0.146875 0.77734375 0.0265625 0.028125
0 0.3875 0.81484375 0.0296875 0.0296875
0 0.0796875 0.75234375 0.0265625 0.0265625
0 0.4046875 0.703125 0.0265625 0.0296875
0 0.103125 0.75 0.0265625 0.0265625
0 0.04765625 0.734375 0.0296875 0.0265625
0 0.2421875 0.79375 0.0296875 0.028125
0 0.9015625 0.84296875 0.0296875 0.0296875
0 0.07265625 0.72890625 0.0296875 0.0265625
0 0.25078125 0.7296875 0.0265625 0.028125
0 0.33984375 0.709375 0.028125 0.028125
0 0.209375 0.79375 0.0296875 0.028125
0 0.284375 0.7171875 0.0296875 0.028125
0 0.12265625 0.77265625 0.028125 0.028125
0 0.353125 0.81953125 0.0296875 0.028125
0 0.31953125 0.71953125 0.0265625 0.028125
0 0.21796875 0.728125 0.0265625 0.0265625
0 0.17890625 0.7109375 0.028125 0.0265625
0 0.30859375 0.78125 0.028125 0.03125
0 0.21171875 0.753125 0.0265625 0.0265625
0 0.36328125 0.8734375 0.0296875 0.0296875
0 0.12265625 0.70078125 0.0265625 0.0265625
0 0.234375 0.7109375 0.0265625 0.0265625
0 0.35625 0.68671875 0.0296875 0.0296875
0 0.28828125 0.815625 0.028125 0.03125
0 0.18671875 0.79921875 0.028125 0.0296875
0 0.0765625 0.7 0.0265625 0.028125
0 0.2265625 0.8140625 0.028125 0.0296875
0 0.05078125 0.68671875 0.0296875 0.0265625
0 0.26171875 0.70703125 0.028125 0.0265625
0 0.22578125 0.771875 0.0296875 0.028125
0 0.30859375 0.6984375 0.028125 0.0296875
0 0.30859375 0.84453125 0.028125 0.0296875
0 0.171875 0.778125 0.0265625 0.028125
0 0.24609375 0.6875 0.0296875 0.028125
0 0.28203125 0.69375 0.028125 0.028125
0 0.10625 0.6765625 0.0296875 0.028125
0 0.12421875 0.74921875 0.025 0.028125
0 0.18046875 0.75546875 0.0296875 0.0265625
0 0.25 0.82109375 0.0296875 0.03125
0 0.39765625 0.72890625 0.0296875 0.028125
0 0.29921875 0.6734375 0.028125 0.028125
0 0.15625 0.753125 0.0265625 0.0265625
0 0.0828125 0.675 0.0265625 0.0265625
0 0.2578125 0.87421875 0.0296875 0.0296875
0 0.14453125 0.734375 0.028125 0.0265625
0 0.190625 0.6890625 0.0296875 0.028125
0 0.11875 0.72578125 0.0296875 0.028125
0 0.20078125 0.71015625 0.028125 0.0265625
0 0.1546875 0.7109375 0.0296875 0.0265625
0 0.2703125 0.66953125 0.0265625 0.028125
0 0.21953125 0.690625 0.028125 0.0265625
0 0.0953125 0.7234375 0.028125 0.0265625
0 0.228125 0.66875 0.028125 0.0265625
0 0.15546875 0.66796875 0.0265625 0.0265625
0 0.23203125 0.75 0.028125 0.028125
0 0.14609375 0.6890625 0.028125 0.0296875
0 0.3296875 0.68515625 0.0296875 0.0296875
0 0.96796875 0.5390625 0.03125 0.0296875
0 0.1953125 0.73125 0.0265625 0.0265625
0 0.16015625 0.73359375 0.03125 0.0265625
0 0.196875 0.77109375 0.028125 0.0296875
0 0.09921875 0.7015625 0.0265625 0.0265625
0 0.053125 0.71015625 0.0265625 0.0265625
0 0.46953125 0.703125 0.0265625 0.0328125
0 0.16796875 0.690625 0.0265625 0.03125