0 0.1234375 0.65703125 0.03359375 0.0359375
0 0.2578125 0.7109375 0.03046875 0.0296875
0 0.28515625 0.703125 0.0296875 0.03203125
0 0.3046875 0.6671875 0.03125 0.02890625
0 0.31875 0.6921875 0.03359375 0.03125
0 0.26171875 0.765625 0.03359375 0.03359375
0 0.33515625 0.725 0.0328125 0.03359375
0 0.4015625 0.7078125 0.03359375 0.03359375
0 0.42890625 0.6890625 0.034375 0.03125
0 0.41875 0.809375 0.0328125 0.0359375
0 0.45703125 0.7890625 0.03515625 0.0328125
0 0.48984375 0.79140625 0.03203125 0.0328125
0 0.2 0.22265625 0.03125 0.03125
0 0.21015625 0.25390625 0.03203125 0.034375
0 0.23359375 0.21015625 0.0328125 0.03203125
0 0.37734375 0.23515625 0.03125 0.0328125
0 0.440625 0.259375 0.0296875 0.03359375
0 0.484375 0.303125 0.03046875 0.0328125
0 0.2265625 0.565625 0.03203125 0.0359375
0 0.24921875 0.59609375 0.0359375 0.03203125
0 0.26953125 0.53984375 0.03515625 0.03125
0 0.29921875 0.43828125 0.03125 0.03359375
0 0.4078125 0.4015625 0.034375 0.03515625
0 0.44296875 0.3515625 0.0296875 0.0328125
0 0.50234375 0.37109375 0.0328125 0.03203125
0 0.46640625 0.37890625 0.0328125 0.03125
0 0.47890625 0.40859375 0.03359375 0.03046875
0 0.4265625 0.44453125 0.034375 0.03125
0 0.484375 0.4390625 0.03203125 0.0328125
0 0.4703125 0.46953125 0.0328125 0.03125
0 0.434375 0.47890625 0.0296875 0.03203125
0 0.45625 0.50078125 0.0328125 0.03125
0 0.38671875 0.46953125 0.0328125 0.034375
0 0.40234375 0.50625 0.034375 0.0328125
0 0.40078125 0.53984375 0.02890625 0.03046875
0 0.334375 0.5109375 0.03359375 0.0296875
0 0.3265625 0.53984375 0.03046875 0.03046875
0 0.36171875 0.54765625 0.02890625 0.02890625
0 0.33828125 0.57265625 0.03671875 0.03203125
0 0.3359375 0.6 0.03125 0.03046875
0 0.35625 0.621875 0.03203125 0.03203125
0 0.3765625 0.59921875 0.03125 0.03046875
0 0.38359375 0.571875 0.03046875 0.03125
0 0.41015625 0.56484375 0.028125 0.03125
0 0.44296875 0.54375 0.03125 0.03203125
0 0.4734375 0.553125 0.0328125 0.03125
0 0.53203125 0.621875 0.0296875 0.03125
0 0.559375 0.61171875 0.028125 0.0359375
0 0.571875 0.5765625 0.03125 0.03046875
0 0.5828125 0.53828125 0.03125 0.034375
0 0.540625 0.46953125 0.02890625 0.034375
0 0.615625 0.35859375 0.03125 0.02890625
0 0.61328125 0.3875 0.03125 0.02890625
0 0.58515625 0.37265625 0.03203125 0.03359375
0 0.59609375 0.340625 0.028125 0.03125
0 0.61953125 0.32109375 0.02890625 0.03046875
0 0.6453125 0.32890625 0.02734375 0.03125
0 0.640625 0.37578125 0.0296875 0.0296875
0 0.74296875 0.20859375 0.0328125 0.0359375
0 0.83203125 0.22578125 0.03359375 0.03125
0 0.796875 0.29609375 0.02890625 0.034375
0 0.7625 0.2671875 0.03125 0.03359375
0 0.70625 0.2515625 0.03046875 0.03203125
0 0.68359375 0.2734375 0.03125 0.0296875
0 0.68046875 0.30078125 0.034375 0.03203125
0 0.6734375 0.3265625 0.0265625 0.028125
0 0.678125 0.353125 0.03125 0.03125
0 0.7015625 0.3234375 0.028125 0.03046875
0 0.7125 0.3484375 0.03203125 0.0265625
0 0.74453125 0.32578125 0.03203125 0.03203125
0 0.765625 0.3578125 0.03125 0.03125
0 0.7109375 0.375 0.03046875 0.03046875
0 0.70390625 0.4046875 0.03046875 0.03125
0 0.7546875 0.41640625 0.034375 0.0359375
0 0.62734375 0.42734375 0.03046875 0.03359375
0 0.6015625 0.46640625 0.0296875 0.03359375
0 0.6390625 0.46640625 0.03125 0.03125
0 0.6640625 0.4515625 0.03125 0.028125
0 0.66796875 0.47890625 0.028125 0.03125
0 0.67109375 0.4265625 0.034375 0.0296875
0 0.6984375 0.43046875 0.03046875 0.03046875
0 0.7234375 0.4390625 0.0296875 0.03203125
0 0.7421875 0.45859375 0.0296875 0.03046875
0 0.71328125 0.46796875 0.0328125 0.02890625
0 0.68671875 0.496875 0.02890625 0.03125
0 0.71484375 0.4953125 0.03046875 0.0296875
0 0.7421875 0.48828125 0.0296875 0.03125
0 0.74453125 0.52109375 0.0296875 0.03203125
0 0.7140625 0.53046875 0.03203125 0.0296875
0 0.7390625 0.55625 0.03125 0.03515625
0 0.71484375 0.57890625 0.03515625 0.0328125
0 0.76640625 0.5875 0.03203125 0.0328125
0 0.72734375 0.61328125 0.0296875 0.03125
0 0.75703125 0.61796875 0.0296875 0.03515625
0 0.73203125 0.65625 0.0296875 0.03046875
0 0.69765625 0.671875 0.03359375 0.02890625
0 0.7234375 0.68828125 0.03046875 0.0328125
0 0.690625 0.69921875 0.03125 0.03046875
0 0.6765625 0.725 0.03203125 0.0328125
0 0.63125 0.825 0.03203125 0.0359375