0 0.4765625 0.27578125 0.01953125 0.01640625
0 0.484375 0.2921875 0.01875 0.0203125
0 0.53984375 0.25390625 0.01953125 0.01640625
0 0.54296875 0.23671875 0.01875 0.01796875
0 0.55625 0.25234375 0.01953125 0.01640625
0 0.5640625 0.23515625 0.015625 0.01640625
0 0.57265625 0.25234375 0.01640625 0.01640625
0 0.58828125 0.2625 0.0203125 0.01796875
0 0.71796875 0.33203125 0.02265625 0.021875
0 0.7171875 0.2921875 0.01953125 0.02109375
0 0.74609375 0.31953125 0.0171875 0.01796875
0 0.75390625 0.3421875 0.0171875 0.01796875
0 0.76953125 0.33671875 0.01875 0.01875
0 0.78359375 0.3484375 0.01796875 0.0203125
0 0.71484375 0.403125 0.01796875 0.0203125
0 0.7515625 0.39765625 0.02109375 0.01796875
0 0.76796875 0.415625 0.01875 0.01640625
0 0.8453125 0.45390625 0.01953125 0.02109375
0 0.4859375 0.3859375 0.015625 0.01875
0 0.46796875 0.3796875 0.0171875 0.0171875
0 0.4828125 0.36796875 0.01875 0.01875
0 0.49765625 0.3609375 0.0171875 0.01875
0 0.5109375 0.390625 0.01875 0.01953125
0 0.56484375 0.42109375 0.01875 0.0171875
0 0.56484375 0.43671875 0.0171875 0.01875
0 0.58125 0.4484375 0.01875 0.0203125
0 0.59765625 0.43984375 0.0171875 0.01953125
0 0.60703125 0.4234375 0.0171875 0.0171875
0 0.61484375 0.44140625 0.0171875 0.01875
0 0.5453125 0.44453125 0.0171875 0.01796875
0 0.56015625 0.4546875 0.01796875 0.02109375
0 0.50625 0.44375 0.0171875 0.01953125
0 0.51640625 0.4578125 0.01875 0.01796875
0 0.5328125 0.471875 0.0203125 0.01953125
0 0.496875 0.465625 0.01796875 0.01796875
0 0.5125 0.475 0.01640625 0.0171875
0 0.48515625 0.4546875 0.0171875 0.015625
0 0.49765625 0.48359375 0.01796875 0.01875
0 0.475 0.47578125 0.01796875 0.015625
0 0.45546875 0.43046875 0.01953125 0.02109375
0 0.48359375 0.49140625 0.01640625 0.0171875
0 0.44375 0.4453125 0.0171875 0.01640625
0 0.44765625 0.46640625 0.015625 0.01953125
0 0.4625 0.48671875 0.0171875 0.0171875
0 0.4296875 0.46171875 0.015625 0.01875
0 0.44140625 0.48125 0.01796875 0.01953125
0 0.4578125 0.503125 0.01796875 0.01875
0 0.425 0.490625 0.0171875 0.0171875
0 0.44296875 0.49921875 0.0203125 0.01953125
0 0.41796875 0.50546875 0.0171875 0.01875
0 0.43828125 0.515625 0.015625 0.0171875
0 0.45703125 0.521875 0.0203125 0.0171875
0 0.47734375 0.50703125 0.01875 0.01953125
0 0.52109375 0.50078125 0.01796875 0.01953125
0 0.49765625 0.55234375 0.01875 0.0203125
0 0.5015625 0.51015625 0.01796875 0.01796875
0 0.48515625 0.56484375 0.01796875 0.0171875
0 0.11015625 0.359375 0.01484375 0.01640625
0 0.1171875 0.35078125 0.01875 0.01875
0 0.2234375 0.3140625 0.01953125 0.01953125
0 0.209375 0.315625 0.01640625 0.0171875
0 0.2140625 0.33515625 0.0171875 0.01875
0 0.23515625 0.328125 0.01640625 0.0171875
0 0.25 0.32734375 0.0171875 0.01796875
0 0.21796875 0.365625 0.01796875 0.01875
0 0.23984375 0.36171875 0.02109375 0.01875
0 0.30234375 0.41484375 0.01640625 0.0203125
0 0.32734375 0.421875 0.01953125 0.0203125
0 0.2890625 0.4578125 0.0171875 0.0171875
0 0.1546875 0.47109375 0.01796875 0.01796875
0 0.19453125 0.47421875 0.01796875 0.0203125
0 0.4296875 0.5890625 0.01796875 0.01796875
0 0.2203125 0.5390625 0.0171875 0.01796875
0 0.23203125 0.5515625 0.01640625 0.01875
0 0.22890625 0.64296875 0.01875 0.0203125
0 0.421875 0.66328125 0.01796875 0.01640625
0 0.3875 0.653125 0.01875 0.01796875
0 0.40859375 0.6546875 0.01796875 0.0171875
0 0.4125 0.6796875 0.02109375 0.01796875
0 0.378125 0.68203125 0.0203125 0.01953125
0 0.3359375 0.6921875 0.0171875 0.0171875
0 0.35703125 0.68203125 0.0171875 0.01796875
0 0.37109375 0.696875 0.01796875 0.01796875
0 0.403125 0.6921875 0.01796875 0.01875
0 0.29296875 0.66875 0.01875 0.02109375
0 0.28046875 0.68828125 0.0203125 0.01875
0 0.2640625 0.6796875 0.01796875 0.01875
0 0.2625 0.70078125 0.01796875 0.0171875
0 0.27890625 0.70625 0.01640625 0.0171875
0 0.3765625 0.77265625 0.0203125 0.01796875
0 0.38125 0.74296875 0.0203125 0.01953125
0 0.38984375 0.759375 0.01875 0.02109375
0 0.4234375 0.7359375 0.02109375 0.0203125
0 0.8328125 0.53125 0.01875 0.01953125
0 0.8453125 0.54296875 0.0203125 0.0203125
0 0.8203125 0.60078125 0.015625 0.0171875
0 0.78203125 0.63125 0.01953125 0.0203125
0 0.75390625 0.6453125 0.021875 0.0171875
0 0.76484375 0.63125 0.0203125 0.01875
0 0.7734375 0.61484375 0.01796875 0.01640625
0 0.7546875 0.60859375 0.01796875 0.01796875
0 0.7125 0.628125 0.01953125 0.01640625
0 0.684375 0.67109375 0.0171875 0.0171875
0 0.66640625 0.6734375 0.01875 0.0171875
0 0.67109375 0.653125 0.0171875 0.01953125
0 0.6921875 0.65546875 0.02109375 0.01640625
0 0.6546875 0.6640625 0.01640625 0.01953125
0 0.64765625 0.6875 0.01640625 0.01875
0 0.665625 0.69296875 0.01796875 0.01953125
0 0.6328125 0.6984375 0.0171875 0.01484375
0 0.64765625 0.70859375 0.01640625 0.0171875
0 0.60625 0.7125 0.02109375 0.01796875
0 0.62578125 0.7140625 0.01640625 0.0203125
0 0.5890625 0.7125 0.0171875 0.01796875
0 0.61484375 0.69765625 0.01640625 0.01953125
0 0.6296875 0.68125 0.01875 0.0171875
0 0.596875 0.69453125 0.01640625 0.01875
0 0.6109375 0.678125 0.01640625 0.01875
0 0.575 0.7 0.01640625 0.0171875
0 0.584375 0.6828125 0.01484375 0.01796875
0 0.61328125 0.659375 0.01796875 0.01796875
0 0.63359375 0.66328125 0.0171875 0.0171875
0 0.64375 0.65 0.01640625 0.01796875
0 0.64921875 0.60625 0.01640625 0.01796875
0 0.653125 0.62265625 0.01796875 0.01796875
0 0.621875 0.62109375 0.01875 0.02109375
0 0.58828125 0.61328125 0.0171875 0.0171875
0 0.58515625 0.63046875 0.0203125 0.01640625
0 0.590625 0.6484375 0.01796875 0.01875
0 0.56875 0.67421875 0.01796875 0.01796875
0 0.58359375 0.6640625 0.0171875 0.02109375
0 0.55234375 0.68671875 0.01640625 0.01875
0 0.54296875 0.7046875 0.021875 0.01875
0 0.56796875 0.71640625 0.01796875 0.01875
0 0.58046875 0.7296875 0.01640625 0.01875
0 0.60546875 0.7328125 0.01796875 0.02109375
0 0.62265625 0.73828125 0.01796875 0.01953125
0 0.57734375 0.7484375 0.0171875 0.01796875
0 0.584375 0.76796875 0.01953125 0.01953125
0 0.59765625 0.80546875 0.01796875 0.01875
0 0.6140625 0.80078125 0.01796875 0.01953125
0 0.62109375 0.7765625 0.01953125 0.01875
0 0.65078125 0.76484375 0.01875 0.01640625
0 0.6484375 0.78359375 0.01796875 0.01796875
0 0.63671875 0.80703125 0.01796875 0.01875
0 0.66875 0.80859375 0.01875 0.01796875
0 0.65234375 0.80078125 0.01796875 0.01640625
0 0.66953125 0.7890625 0.01796875 0.02109375
0 0.6859375 0.78359375 0.01953125 0.01953125
0 0.7078125 0.790625 0.0203125 0.021875
0 0.9140625 0.64765625 0.02265625 0.02734375
0 0.678125 0.5328125 0.01796875 0.01875
0 0.10234375 0.64921875 0.01953125 0.0203125
0 0.12109375 0.55 0.0203125 0.0203125
0 0.0859375 0.5875 0.02109375 0.0203125
0 0.634375 0.3015625 0.0171875 0.01875
0 0.74609375 0.478125 0.01875 0.01953125
0 0.590625 0.5390625 0.01953125 0.01875
0 0.85078125 0.403125 0.02109375 0.021875
0 0.81953125 0.309375 0.01875 0.021875
0 0.6578125 0.2453125 0.01953125 0.01953125
0 0.31796875 0.259375 0.01953125 0.01875
0 0.6453125 0.26953125 0.01796875 0.01875
0 0.14140625 0.31953125 0.01796875 0.01953125
0 0.42890625 0.240625 0.0171875 0.01875
0 0.24765625 0.246875 0.01875 0.01953125
0 0.45078125 0.221875 0.0171875 0.01796875
0 0.2734375 0.50546875 0.01875 0.01875
0 0.33125 0.2296875 0.01796875 0.01875
0 0.840625 0.56953125 0.01875 0.01875
0 0.2453125 0.75859375 0.01953125 0.01953125
0 0.89140625 0.50703125 0.02109375 0.02109375
0 0.31015625 0.18046875 0.0203125 0.01875
0 0.31328125 0.2125 0.0171875 0.01796875
0 0.35 0.51640625 0.01796875 0.01875
0 0.4796875 0.6796875 0.0203125 0.01953125
0 0.3515625 0.1625 0.0171875 0.01796875
0 0.18046875 0.51640625 0.01875 0.021875
0 0.26484375 0.26953125 0.01796875 0.01875
0 0.52265625 0.58203125 0.01953125 0.01875
0 0.34453125 0.80625 0.01875 0.01953125
0 0.27265625 0.63515625 0.02109375 0.0203125
0 0.365625 0.3609375 0.0171875 0.01875
0 0.16640625 0.43984375 0.01875 0.01875
0 0.4546875 0.69453125 0.01796875 0.01875
0 0.24296875 0.7828125 0.01875 0.01953125
0 0.353125 0.53828125 0.02109375 0.0203125
0 0.34765625 0.12890625 0.01875 0.01875
0 0.840625 0.59453125 0.01953125 0.01875
0 0.4703125 0.7203125 0.01875 0.01953125
0 0.76171875 0.4578125 0.01796875 0.01796875
0 0.74609375 0.4421875 0.01796875 0.01875
0 0.4875 0.6984375 0.01953125 0.01953125
0 0.30859375 0.79140625 0.01953125 0.01953125
0 0.18671875 0.64921875 0.01953125 0.02109375
0 0.43046875 0.61484375 0.01796875 0.01875
0 0.728125 0.78828125 0.01953125 0.01953125
0 0.19296875 0.71640625 0.0203125 0.01953125
0 0.5359375 0.40859375 0.0171875 0.01796875
0 0.17890625 0.30234375 0.01796875 0.01875
0 0.78984375 0.8140625 0.01875 0.0203125
0 0.33203125 0.1859375 0.0171875 0.01640625
0 0.35390625 0.14453125 0.01953125 0.01796875
0 0.221875 0.50703125 0.01796875 0.0203125
0 0.55234375 0.521875 0.01953125 0.01796875
0 0.64375 0.4546875 0.01953125 0.01953125
0 0.878125 0.49296875 0.02109375 0.0203125
0 0.5421875 0.49765625 0.01953125 0.01953125
0 0.40703125 0.61875 0.0203125 0.01875
0 0.7078125 0.8140625 0.01796875 0.01953125
0 0.40859375 0.60078125 0.01875 0.01953125
0 0.25546875 0.52890625 0.01953125 0.01875
0 0.24453125 0.63125 0.01953125 0.01953125
0 0.8578125 0.503125 0.01875 0.01875
0 0.31015625 0.81328125 0.01875 0.0203125
0 0.1734375 0.3375 0.01953125 0.01875
0 0.4953125 0.5796875 0.01953125 0.01953125
0 0.846875 0.43359375 0.01953125 0.01953125
0 0.83515625 0.4921875 0.01875 0.01953125
0 0.25625 0.4390625 0.01875 0.01875
0 0.7734375 0.43203125 0.0203125 0.01875
0 0.70625 0.37734375 0.01875 0.01953125
0 0.8625 0.44765625 0.01953125 0.01953125
0 0.43828125 0.3234375 0.01796875 0.01875
0 0.42890625 0.571875 0.01875 0.01796875
0 0.3453125 0.30078125 0.01796875 0.01875
0 0.1828125 0.275 0.01875 0.01953125
0 0.14140625 0.4390625 0.02109375 0.0203125
0 0.28515625 0.296875 0.01953125 0.01953125
0 0.2046875 0.51171875 0.01875 0.01875
0 0.61640625 0.2703125 0.01875 0.01875
0 0.67578125 0.4125 0.01875 0.01953125
0 0.6296875 0.43203125 0.01875 0.01875
0 0.8359375 0.47265625 0.01953125 0.01953125
0 0.77265625 0.8203125 0.0171875 0.01875
0 0.19375 0.565625 0.01875 0.01875
0 0.36328125 0.8109375 0.01796875 0.0203125
0 0.2328125 0.6671875 0.01875 0.01875
0 0.8125 0.4078125 0.01953125 0.01953125
0 0.30234375 0.653125 0.01953125 0.01953125
0 0.20234375 0.59140625 0.01875 0.01953125
0 0.20625 0.6625 0.01875 0.02109375
0 0.4890625 0.228125 0.0171875 0.01796875
0 0.321875 0.403125 0.01796875 0.01875
0 0.45546875 0.26640625 0.01875 0.01953125
0 0.540625 0.725 0.01953125 0.01875
0 0.33984375 0.35234375 0.01796875 0.01875
0 0.3703125 0.7921875 0.01875 0.01953125
0 0.43203125 0.340625 0.01796875 0.01796875
0 0.56953125 0.4046875 0.01796875 0.01796875
0 0.57109375 0.51640625 0.01875 0.01875
0 0.4828125 0.24609375 0.0171875 0.01796875
0 0.58125 0.2390625 0.01796875 0.01875
0 0.14609375 0.45859375 0.01875 0.01953125
0 0.2578125 0.42109375 0.01796875 0.01875
0 0.4796875 0.334375 0.01875 0.01875
0 0.28671875 0.7234375 0.01875 0.01953125
0 0.525 0.53046875 0.01875 0.01875
0 0.57890625 0.7890625 0.01796875 0.01875
0 0.696875 0.43203125 0.01953125 0.01953125
0 0.20234375 0.53984375 0.01796875 0.01875
0 0.76484375 0.3109375 0.01953125 0.0203125
0 0.2125 0.68671875 0.01953125 0.0203125
0 0.6 0.2796875 0.01875 0.01875
0 0.53828125 0.221875 0.01796875 0.01875
0 0.41171875 0.78046875 0.01953125 0.01953125
0 0.1625 0.48828125 0.01875 0.01875
0 0.36875 0.3328125 0.01796875 0.01953125
0 0.275 0.81171875 0.01875 0.0203125
0 0.1984375 0.28828125 0.01875 0.01875
0 0.85234375 0.5203125 0.021875 0.01953125
0 0.5125 0.5640625 0.01875 0.01875
0 0.728125 0.66796875 0.021875 0.01953125
0 0.86328125 0.54609375 0.01953125 0.01953125
0 0.2609375 0.71796875 0.01875 0.01953125
0 0.290625 0.378125 0.01875 0.01875
0 0.71328125 0.27421875 0.0203125 0.0171875
0 0.8140625 0.3875 0.01953125 0.01875
0 0.26171875 0.7984375 0.01875 0.01875
0 0.43046875 0.7546875 0.01953125 0.0203125
0 0.67265625 0.43125 0.01875 0.01875
0 0.27578125 0.66328125 0.01953125 0.01875
0 0.696875 0.6875 0.0203125 0.021875
0 0.3375 0.67265625 0.01875 0.0203125
0 0.596875 0.40859375 0.01796875 0.01875
0 0.67578125 0.82578125 0.01875 0.01953125
0 0.39375 0.5296875 0.01875 0.01875
0 0.21328125 0.63203125 0.01953125 0.01953125
0 0.76328125 0.38359375 0.01953125 0.01953125
0 0.3328125 0.19921875 0.01953125 0.021875
0 0.19453125 0.3296875 0.01875 0.0203125
0 0.47578125 0.40625 0.01796875 0.01796875
0 0.21171875 0.70625 0.01875 0.01953125
0 0.34609375 0.71953125 0.01875 0.01953125
0 0.69609375 0.6078125 0.02109375 0.0203125
0 0.34921875 0.31953125 0.01796875 0.01796875
0 0.4125 0.5515625 0.01875 0.01796875
0 0.80625 0.615625 0.0203125 0.01953125
0 0.39609375 0.55546875 0.01796875 0.01875
0 0.4453125 0.715625 0.01875 0.01953125
0 0.47421875 0.30703125 0.0171875 0.0171875
0 0.44453125 0.73359375 0.01953125 0.01953125
0 0.38125 0.540625 0.01796875 0.01875
0 0.55546875 0.22265625 0.0171875 0.01796875
0 0.2296875 0.70234375 0.0203125 0.01953125
0 0.328125 0.46015625 0.01875 0.01953125
0 0.67109375 0.61640625 0.01875 0.01953125
0 0.1796875 0.465625 0.01875 0.01875
0 0.2546875 0.3015625 0.01796875 0.01875
0 0.28359375 0.33359375 0.01796875 0.01875
0 0.28828125 0.43984375 0.01796875 0.01875
0 0.73046875 0.61640625 0.01953125 0.01875
0 0.77109375 0.4 0.0203125 0.01953125
0 0.5234375 0.3328125 0.0171875 0.01796875
0 0.746875 0.359375 0.01953125 0.01796875
0 0.49296875 0.40234375 0.01640625 0.01796875
0 0.69921875 0.41015625 0.01953125 0.01875
0 0.2015625 0.36328125 0.01875 0.0203125
0 0.7234375 0.36796875 0.0203125 0.01875
0 0.30625 0.46796875 0.01796875 0.01875
0 0.690625 0.80390625 0.01796875 0.01953125
0 0.534375 0.28828125 0.01796875 0.01796875
0 0.475 0.35390625 0.01796875 0.01796875
0 0.728125 0.4171875 0.01875 0.0171875
0 0.5265625 0.35625 0.0171875 0.01875
0 0.240625 0.4140625 0.01875 0.01875
0 0.7859375 0.3234375 0.01953125 0.01953125
0 0.74765625 0.6609375 0.01953125 0.01953125
0 0.36875 0.64921875 0.01953125 0.01953125
0 0.7671875 0.59453125 0.0203125 0.01953125
0 0.69453125 0.63828125 0.01953125 0.0203125
0 0.6234375 0.45703125 0.01875 0.01640625
0 0.7765625 0.6484375 0.0203125 0.01953125
0 0.5453125 0.27265625 0.01875 0.01796875
0 0.27109375 0.31796875 0.01875 0.01875
0 0.79609375 0.396875 0.01953125 0.01875
0 0.2296875 0.3515625 0.01796875 0.01875
0 0.73515625 0.3078125 0.01953125 0.01875
0 0.53515625 0.315625 0.01796875 0.01875
0 0.7140625 0.60859375 0.01953125 0.0203125
0 0.78671875 0.60078125 0.02109375 0.01953125
0 0.58828125 0.42421875 0.01875 0.01875
0 0.50078125 0.2421875 0.01875 0.01875
0 0.3921875 0.7796875 0.01875 0.01875
0 0.21796875 0.584375 0.01875 0.01953125
0 0.79375 0.37421875 0.0203125 0.01796875
0 0.284375 0.42109375 0.01796875 0.01796875
0 0.259375 0.35703125 0.01796875 0.01875
0 0.4375 0.5328125 0.01796875 0.01875
0 0.24921875 0.54609375 0.01875 0.01875
0 0.39609375 0.7125 0.01875 0.01875
0 0.63125 0.79140625 0.01875 0.01875
0 0.18203125 0.4875 0.01796875 0.01796875
0 0.27578125 0.38828125 0.0203125 0.01796875
0 0.71953125 0.3140625 0.01875 0.01953125
0 0.353125 0.34140625 0.01796875 0.01796875
0 0.209375 0.55546875 0.01875 0.01796875
0 0.63125 0.6046875 0.01953125 0.01953125
0 0.6 0.78203125 0.01953125 0.01953125
0 0.4078125 0.7578125 0.0203125 0.01953125
0 0.42890625 0.690625 0.01953125 0.01875
0 0.21875 0.278125 0.01875 0.01875
0 0.38203125 0.725 0.01953125 0.01953125
0 0.24375 0.39609375 0.01875 0.01875
0 0.60625 0.6140625 0.01953125 0.01875
0 0.6375 0.73046875 0.01953125 0.01953125
0 0.659375 0.640625 0.02265625 0.0203125
0 0.5453125 0.3015625 0.01796875 0.01796875
0 0.36640625 0.75703125 0.01875 0.01953125
0 0.79765625 0.33828125 0.01875 0.01953125
0 0.42265625 0.52421875 0.01875 0.01875
0 0.40234375 0.73828125 0.01953125 0.0203125
0 0.6328125 0.75625 0.01953125 0.01953125
0 0.32734375 0.4421875 0.01875 0.01796875
0 0.39453125 0.67109375 0.01953125 0.01953125
0 0.51875 0.54921875 0.01875 0.01875
0 0.459375 0.36484375 0.01796875 0.01875
0 0.55 0.471875 0.0171875 0.0171875
0 0.3125 0.66875 0.01796875 0.01875
0 0.309375 0.43046875 0.01875 0.01875
0 0.3125 0.45078125 0.01875 0.01875
0 0.521875 0.3765625 0.01796875 0.01875
0 0.49453125 0.27578125 0.01875 0.01875
0 0.23984375 0.28359375 0.01796875 0.01796875
0 0.7390625 0.33671875 0.01875 0.01953125
0 0.221875 0.29765625 0.01796875 0.01875
0 0.2796875 0.35234375 0.01953125 0.01796875
0 0.72578125 0.35078125 0.02109375 0.01953125
0 0.6078125 0.6421875 0.01953125 0.01953125
0 0.353125 0.70078125 0.01875 0.01953125
0 0.22734375 0.56953125 0.01875 0.01796875
0 0.22890625 0.38203125 0.01953125 0.01953125
0 0.43828125 0.675 0.01796875 0.01875
0 0.26875 0.371875 0.01796875 0.01875
0 0.24609375 0.38046875 0.01875 0.01953125
0 0.36640625 0.66796875 0.01875 0.01875