0 0.5375 0.390625 0.0125 0.009375
0 0.53984375 0.35703125 0.0125 0.009375
0 0.55546875 0.421875 0.0125 0.009375
0 0.43984375 0.50859375 0.0125 0.0109375
0 0.43828125 0.48828125 0.0125 0.009375
0 0.4375 0.49765625 0.0125 0.0109375
0 0.64140625 0.55390625 0.0140625 0.009375
0 0.6359375 0.54375 0.0140625 0.0125
0 0.628125 0.51640625 0.0125 0.0109375
0 0.62890625 0.55859375 0.0125 0.0125
0 0.64453125 0.57421875 0.0140625 0.0109375
0 0.63046875 0.59609375 0.0140625 0.0125
0 0.57109375 0.53046875 0.0140625 0.009375
0 0.35390625 0.53671875 0.0125 0.009375
0 0.328125 0.52734375 0.0125 0.009375
0 0.5109375 0.575 0.0125 0.009375
0 0.66796875 0.471875 0.0125 0.009375
0 0.50546875 0.52421875 0.0125 0.0109375
0 0.29921875 0.50078125 0.0125 0.009375
0 0.33203125 0.5125 0.0125 0.009375
0 0.36015625 0.4375 0.0125 0.009375
0 0.6515625 0.40390625 0.0125 0.009375
0 0.415625 0.484375 0.0125 0.009375
0 0.6234375 0.4015625 0.0125 0.009375
0 0.52109375 0.49453125 0.0125 0.009375
0 0.57890625 0.5390625 0.0125 0.009375
0 0.64140625 0.44453125 0.0140625 0.009375
0 0.521875 0.46875 0.0125 0.0109375
0 0.58125 0.44609375 0.0125 0.009375
0 0.665625 0.45703125 0.0125 0.009375
0 0.41171875 0.415625 0.0125 0.009375
0 0.3921875 0.50703125 0.0125 0.009375
0 0.30546875 0.5109375 0.0125 0.009375
0 0.571875 0.54921875 0.0140625 0.009375
0 0.4703125 0.44921875 0.0125 0.009375
0 0.39765625 0.478125 0.0125 0.009375
0 0.409375 0.5625 0.0125 0.009375
0 0.521875 0.50546875 0.0125 0.009375
0 0.4515625 0.4546875 0.0125 0.009375
0 0.634375 0.42890625 0.0125 0.0109375
0 0.446875 0.528125 0.0125 0.009375
0 0.4625 0.46640625 0.0125 0.009375
0 0.29296875 0.446875 0.0140625 0.009375
0 0.31328125 0.46328125 0.0125 0.0125
0 0.50546875 0.49609375 0.0140625 0.009375
0 0.50390625 0.509375 0.0125 0.009375
0 0.2859375 0.490625 0.0125 0.009375
0 0.42109375 0.52421875 0.0140625 0.009375
0 0.57734375 0.4234375 0.0125 0.009375
0 0.59375 0.421875 0.0125 0.009375
0 0.290625 0.43359375 0.0140625 0.009375
0 0.4640625 0.52734375 0.0125 0.009375
0 0.5828125 0.38515625 0.015625 0.009375
0 0.41796875 0.49765625 0.0125 0.009375
0 0.4484375 0.4015625 0.0125 0.0109375
0 0.48203125 0.4171875 0.0125 0.009375
0 0.57578125 0.40859375 0.0125 0.009375
0 0.28515625 0.4640625 0.0140625 0.0109375
0 0.2765625 0.47265625 0.0125 0.009375
0 0.42734375 0.50703125 0.0125 0.009375
0 0.4578125 0.5171875 0.0125 0.009375
0 0.54375 0.43046875 0.0125 0.009375
0 0.59921875 0.4125 0.0140625 0.009375
0 0.45234375 0.50859375 0.0125 0.009375
0 0.5671875 0.4171875 0.0125 0.009375
0 0.53828125 0.37265625 0.0125 0.009375
0 0.54921875 0.41328125 0.0125 0.009375
0 0.56640625 0.396875 0.0125 0.009375
0 0.54921875 0.36484375 0.0125 0.009375
0 0.44296875 0.5171875 0.0125 0.009375
0 0.3953125 0.5625 0.0125 0.009375
0 0.49609375 0.39765625 0.0140625 0.0109375
0 0.54375 0.4 0.0125 0.009375
0 0.55390625 0.39140625 0.0125 0.009375
0 0.50625 0.3453125 0.0125 0.009375
0 0.44140625 0.3765625 0.0125 0.009375
0 0.47578125 0.36953125 0.0125 0.009375
0 0.459375 0.38125 0.0125 0.009375
0 0.4921875 0.34140625 0.0125 0.009375
0 0.47109375 0.36015625 0.0125 0.009375
0 0.484375 0.3296875 0.0125 0.0109375
0 0.53203125 0.38203125 0.0140625 0.009375
0 0.46953125 0.328125 0.0125 0.0109375
0 0.525 0.390625 0.0125 0.009375
0 0.52734375 0.353125 0.0125 0.009375
0 0.525 0.36328125 0.0125 0.009375
0 0.54921875 0.3515625 0.0125 0.009375
0 0.5140625 0.35546875 0.0125 0.009375
0 0.44453125 0.36171875 0.0125 0.009375
0 0.4859375 0.35625 0.0125 0.0125
0 0.4609375 0.3375 0.015625 0.0125
0 0.446875 0.3390625 0.0140625 0.0109375
0 0.49765625 0.35859375 0.0125 0.009375
0 0.51171875 0.41015625 0.0125 0.009375
0 0.51796875 0.40703125 0.0125 0.009375
0 0.45703125 0.3265625 0.0125 0.009375
0 0.44921875 0.36875 0.015625 0.0125
0 0.44609375 0.346875 0.0125 0.0109375