0 0.3671875 0.15 0.0296875 0.03046875
0 0.47421875 0.43203125 0.028125 0.02890625
0 0.4421875 0.125 0.028125 0.028125
0 0.42421875 0.49765625 0.028125 0.02890625
0 0.3765625 0.42890625 0.02890625 0.02890625
0 0.43359375 0.596875 0.02890625 0.0296875
0 0.3390625 0.21015625 0.02890625 0.0296875
0 0.365625 0.1875 0.03046875 0.03046875
0 0.38828125 0.6265625 0.03046875 0.03046875
0 0.45390625 0.40546875 0.02890625 0.0296875
0 0.3375 0.53828125 0.03046875 0.0296875
0 0.4046875 0.43046875 0.02890625 0.02890625
0 0.503125 0.1796875 0.028125 0.02890625
0 0.38828125 0.6703125 0.0296875 0.03046875
0 0.47421875 0.634375 0.0296875 0.0296875
0 0.4984375 0.5765625 0.02890625 0.0296875
0 0.43515625 0.2109375 0.03046875 0.03046875
0 0.446875 0.4796875 0.0296875 0.03046875
0 0.50234375 0.43828125 0.02890625 0.0296875
0 0.36875 0.68984375 0.0296875 0.03203125
0 0.3828125 0.57109375 0.0296875 0.0296875
0 0.4125 0.38828125 0.0296875 0.03046875
0 0.3578125 0.48515625 0.03046875 0.02890625
0 0.45859375 0.6109375 0.0296875 0.02890625
0 0.3546875 0.575 0.02890625 0.0296875
0 0.40859375 0.14375 0.03046875 0.03046875
0 0.46484375 0.17109375 0.02890625 0.03046875
0 0.33671875 0.5984375 0.0296875 0.03046875
0 0.47265625 0.24765625 0.02890625 0.02890625
0 0.37734375 0.521875 0.0296875 0.028125
0 0.35 0.2359375 0.0296875 0.03046875
0 0.4453125 0.6359375 0.0296875 0.03203125
0 0.4359375 0.6625 0.028125 0.0296875
0 0.41875 0.62109375 0.03125 0.03125
0 0.3484375 0.2984375 0.02890625 0.02890625
0 0.471875 0.58515625 0.0296875 0.02890625
0 0.43203125 0.52421875 0.0296875 0.0296875
0 0.38984375 0.4546875 0.0296875 0.0296875
0 0.490625 0.4640625 0.02890625 0.0296875
0 0.41328125 0.359375 0.03046875 0.03125
0 0.3578125 0.35 0.03046875 0.0296875
0 0.4609375 0.45546875 0.02734375 0.0265625
0 0.365625 0.54921875 0.02890625 0.0296875
0 0.32734375 0.5640625 0.03125 0.03046875
0 0.415625 0.6828125 0.02890625 0.03046875
0 0.46484375 0.66328125 0.03046875 0.03125
0 0.38828125 0.4046875 0.0296875 0.0296875
0 0.4078125 0.4765625 0.02890625 0.0296875
0 0.5265625 0.1109375 0.028125 0.02890625
0 0.50390625 0.5484375 0.03046875 0.0296875
0 0.52578125 0.58515625 0.02890625 0.03046875
0 0.4375 0.37421875 0.0296875 0.03046875
0 0.30390625 0.5796875 0.03046875 0.03046875
0 0.4640625 0.21640625 0.0296875 0.03125
0 0.56328125 0.07890625 0.028125 0.0296875
0 0.48203125 0.53203125 0.02890625 0.0296875
0 0.5625 0.153125 0.0296875 0.02890625
0 0.36640625 0.6515625 0.03046875 0.03125
0 0.38515625 0.3453125 0.03046875 0.03046875
0 0.44609375 0.2375 0.028125 0.02890625
0 0.33359375 0.45625 0.03046875 0.0296875
0 0.5265625 0.22734375 0.028125 0.02890625
0 0.490625 0.2046875 0.02890625 0.03125
0 0.4296875 0.45625 0.03046875 0.0296875
0 0.46015625 0.0984375 0.02890625 0.03046875
0 0.51640625 0.08359375 0.028125 0.03046875
0 0.5234375 0.41953125 0.02734375 0.02890625
0 0.49453125 0.5046875 0.02890625 0.03046875
0 0.36484375 0.6015625 0.02890625 0.02890625
0 0.47734375 0.3890625 0.03046875 0.03046875
0 0.41015625 0.6484375 0.02890625 0.03046875
0 0.42421875 0.32734375 0.02890625 0.0296875
0 0.42265625 0.2515625 0.028125 0.0296875
0 0.42734375 0.55078125 0.02890625 0.0296875
0 0.309375 0.53671875 0.0296875 0.03046875
0 0.4546875 0.5078125 0.0296875 0.0296875
0 0.55625 0.10859375 0.0296875 0.03125
0 0.4625 0.68984375 0.0296875 0.03046875
0 0.496875 0.2328125 0.02890625 0.02890625
0 0.4734375 0.48671875 0.0296875 0.03046875
0 0.49765625 0.1125 0.028125 0.02890625
0 0.51875 0.4875 0.02890625 0.0296875
0 0.4625 0.28984375 0.0296875 0.03046875
0 0.453125 0.54375 0.028125 0.02890625
0 0.51875 0.61640625 0.03046875 0.03046875
0 0.4109375 0.57578125 0.028125 0.03046875
0 0.496875 0.409375 0.02890625 0.0296875
0 0.3265625 0.4828125 0.03046875 0.03046875
0 0.38828125 0.49453125 0.03125 0.0296875
0 0.3703125 0.21640625 0.03046875 0.03046875
0 0.325 0.27734375 0.02890625 0.0296875
0 0.28515625 0.43828125 0.02890625 0.0296875
0 0.31796875 0.43125 0.02890625 0.0296875
0 0.42734375 0.4125 0.02890625 0.03046875
0 0.321875 0.5109375 0.03046875 0.03046875
0 0.32421875 0.1703125 0.0296875 0.0328125
0 0.3765625 0.29296875 0.02890625 0.02890625
0 0.55546875 0.18046875 0.02890625 0.02890625
0 0.43046875 0.7484375 0.0296875 0.03125
0 0.3296875 0.35078125 0.03125 0.03046875
0 0.35 0.62734375 0.0296875 0.03046875
0 0.43515625 0.70078125 0.03046875 0.03046875
0 0.3609375 0.45546875 0.0296875 0.0296875
0 0.29609375 0.41171875 0.028125 0.0296875
0 0.53671875 0.365625 0.028125 0.02890625
0 0.5390625 0.065625 0.028125 0.02890625
0 0.37578125 0.25 0.02890625 0.02890625
0 0.39375 0.5984375 0.0296875 0.0296875
0 0.3984375 0.54765625 0.02890625 0.0296875
0 0.3609375 0.40625 0.0296875 0.03046875
0 0.41484375 0.7234375 0.0296875 0.0328125
0 0.30625 0.33125 0.03046875 0.0296875
0 0.39453125 0.31875 0.0296875 0.0296875
0 0.47890625 0.74296875 0.0296875 0.0328125
0 0.5015625 0.6421875 0.0296875 0.0296875
0 0.56484375 0.25546875 0.03046875 0.0296875
0 0.453125 0.7296875 0.02890625 0.03203125
0 0.334375 0.32265625 0.03046875 0.03046875
0 0.321875 0.2390625 0.02890625 0.03046875
0 0.30390625 0.36015625 0.03125 0.03046875
0 0.5734375 0.35234375 0.0296875 0.03046875
0 0.5421875 0.13125 0.03046875 0.03125
0 0.48125 0.77265625 0.03046875 0.03203125
0 0.5140625 0.2875 0.02890625 0.02890625
0 0.49140625 0.60703125 0.02890625 0.0296875
0 0.56171875 0.38046875 0.0296875 0.0296875
0 0.39296875 0.7046875 0.0296875 0.0328125
0 0.53046875 0.52890625 0.03125 0.0296875
0 0.553125 0.575 0.02890625 0.0296875
0 0.44765625 0.57109375 0.0296875 0.028125
0 0.54609375 0.4046875 0.028125 0.028125
0 0.453125 0.76484375 0.028125 0.0296875
0 0.528125 0.1671875 0.028125 0.02890625
0 0.47265625 0.803125 0.03203125 0.0328125
0 0.4921875 0.26875 0.028125 0.0296875
0 0.540625 0.271875 0.02890625 0.0296875
0 0.39453125 0.27109375 0.0296875 0.0296875
0 0.55625 0.54609375 0.03203125 0.02890625
0 0.3328125 0.40625 0.03046875 0.03046875
0 0.30859375 0.60859375 0.03046875 0.03046875
0 0.421875 0.10234375 0.02890625 0.03203125
0 0.509375 0.31875 0.02890625 0.02890625
0 0.50546875 0.35625 0.03125 0.03125
0 0.30390625 0.459375 0.0296875 0.03046875
0 0.51484375 0.384375 0.02890625 0.03046875
0 0.48828125 0.3015625 0.0296875 0.03046875
0 0.3375 0.65546875 0.03046875 0.03125
0 0.39921875 0.234375 0.0296875 0.0296875
0 0.53984375 0.31015625 0.028125 0.02890625
0 0.5109375 0.771875 0.03125 0.03203125
0 0.4703125 0.321875 0.02890625 0.0296875
0 0.5296875 0.3390625 0.028125 0.02890625
0 0.48125 0.71171875 0.03125 0.03203125
0 0.56328125 0.32734375 0.02890625 0.02890625
0 0.5296875 0.446875 0.02890625 0.0296875
0 0.28046875 0.38359375 0.0296875 0.03125
0 0.48515625 0.08671875 0.03046875 0.03046875
0 0.3109375 0.39140625 0.02890625 0.028125
0 0.54765625 0.6265625 0.0296875 0.03203125
0 0.3 0.49375 0.03203125 0.03046875
0 0.58125 0.578125 0.0296875 0.0328125
0 0.4359375 0.2828125 0.028125 0.0328125
0 0.58359375 0.30859375 0.03046875 0.0296875
0 0.3515625 0.51171875 0.03046875 0.028125
0 0.490625 0.153125 0.0296875 0.03203125
0 0.48671875 0.05859375 0.02890625 0.02890625
0 0.4109375 0.29296875 0.02890625 0.0328125
0 0.459375 0.06484375 0.028125 0.028125
0 0.51484375 0.0515625 0.02890625 0.03046875
0 0.365625 0.3234375 0.0296875 0.03125
0 0.56328125 0.28984375 0.02734375 0.0296875
0 0.5125 0.1359375 0.02890625 0.03125
0 0.453125 0.95 0.03203125 0.0328125
0 0.3375 0.378125 0.0296875 0.025
0 0.36640625 0.37734375 0.02890625 0.02578125
0 0.34765625 0.43125 0.03046875 0.02890625
0 0.4453125 0.43359375 0.03046875 0.02890625
0 0.40625 0.5171875 0.03125 0.0296875
0 0.4765625 0.55859375 0.02890625 0.03203125
0 0.51875 0.253125 0.03046875 0.02734375
0 0.35234375 0.26640625 0.02890625 0.028125