0 0.4328125 0.1484375 0.0296875 0.03125
0 0.43984375 0.18125 0.0234375 0.0296875
0 0.415625 0.23359375 0.021875 0.025
0 0.4375 0.23828125 0.0234375 0.028125
0 0.4625 0.23125 0.025 0.028125
0 0.490625 0.24765625 0.0265625 0.028125
0 0.43125 0.2625 0.021875 0.025
0 0.45390625 0.2578125 0.0234375 0.025
0 0.47421875 0.265625 0.028125 0.0296875
0 0.4140625 0.2640625 0.025 0.03125
0 0.4171875 0.28828125 0.025 0.025
0 0.44609375 0.28828125 0.028125 0.0296875
0 0.46640625 0.2921875 0.021875 0.0265625
0 0.48828125 0.3 0.025 0.03125
0 0.43125 0.31015625 0.021875 0.028125
0 0.45703125 0.31328125 0.021875 0.021875
0 0.375 0.2828125 0.021875 0.028125
0 0.3828125 0.3171875 0.021875 0.025
0 0.378125 0.34375 0.0203125 0.021875
0 0.41484375 0.34609375 0.0203125 0.0234375
0 0.4015625 0.36796875 0.01875 0.021875
0 0.37421875 0.37265625 0.01875 0.0203125
0 0.46875 0.3328125 0.0203125 0.025
0 0.4546875 0.35234375 0.01875 0.0234375
0 0.43515625 0.371875 0.01875 0.01875
0 0.49375 0.34296875 0.021875 0.021875
0 0.475 0.3578125 0.01875 0.021875
0 0.50546875 0.36796875 0.0203125 0.021875
0 0.48203125 0.3796875 0.01875 0.021875
0 0.45625 0.37734375 0.021875 0.021875
0 0.43125 0.39609375 0.01875 0.021875
0 0.5 0.39296875 0.0203125 0.021875
0 0.48046875 0.4046875 0.021875 0.025
0 0.51640625 0.41015625 0.0203125 0.025
0 0.50234375 0.43203125 0.01875 0.021875
0 0.44921875 0.40546875 0.021875 0.021875
0 0.3984375 0.41796875 0.01875 0.0234375
0 0.43125 0.42109375 0.0203125 0.0234375
0 0.45078125 0.428125 0.01875 0.0203125
0 0.47265625 0.43359375 0.0234375 0.021875
0 0.43515625 0.44453125 0.021875 0.021875
0 0.45625 0.4546875 0.021875 0.0203125
0 0.48359375 0.4546875 0.021875 0.021875
0 0.5109375 0.4578125 0.021875 0.025
0 0.5296875 0.47734375 0.0234375 0.025
0 0.459375 0.47890625 0.021875 0.025
0 0.48125 0.4796875 0.021875 0.0234375
0 0.39140625 0.4515625 0.021875 0.021875
0 0.40078125 0.47265625 0.021875 0.0234375
0 0.4203125 0.47421875 0.021875 0.0234375
0 0.42890625 0.49765625 0.0203125 0.021875
0 0.4515625 0.51171875 0.0203125 0.021875
0 0.46875 0.50078125 0.021875 0.0203125
0 0.49140625 0.50234375 0.01875 0.021875
0 0.478125 0.5234375 0.0234375 0.0203125
0 0.41953125 0.525 0.01875 0.0234375
0 0.440625 0.53125 0.021875 0.021875
0 0.4609375 0.53515625 0.01875 0.021875
0 0.4484375 0.55390625 0.01875 0.0203125
0 0.41953125 0.55 0.021875 0.0234375
0 0.48359375 0.54453125 0.021875 0.021875
0 0.50625 0.521875 0.021875 0.021875
0 0.521875 0.5421875 0.0203125 0.0234375
0 0.53671875 0.55859375 0.021875 0.021875
0 0.48046875 0.5671875 0.021875 0.021875
0 0.4375 0.57109375 0.01875 0.021875
0 0.46015625 0.5734375 0.01875 0.021875
0 0.45234375 0.59453125 0.021875 0.021875
0 0.4828125 0.58984375 0.021875 0.021875
0 0.515625 0.59453125 0.021875 0.0234375
0 0.43046875 0.59765625 0.01875 0.01875
0 0.40703125 0.59921875 0.021875 0.0234375
0 0.42109375 0.61640625 0.0203125 0.021875
0 0.403125 0.62578125 0.01875 0.021875
0 0.4390625 0.62734375 0.0203125 0.021875
0 0.45625 0.61640625 0.0234375 0.021875
0 0.47265625 0.63046875 0.021875 0.021875
0 0.4984375 0.6265625 0.021875 0.025
0 0.4640625 0.65234375 0.021875 0.021875
0 0.4359375 0.65078125 0.01875 0.0234375
0 0.39765625 0.39296875 0.0203125 0.021875
0 0.6828125 0.48046875 0.025 0.025
0 0.41640625 0.64765625 0.01875 0.021875
0 0.39609375 0.65 0.015625 0.021875
0 0.41015625 0.66875 0.01875 0.01875
0 0.42734375 0.6828125 0.0203125 0.025
0 0.45234375 0.66953125 0.021875 0.025
0 0.4671875 0.6875 0.0203125 0.025
0 0.50234375 0.659375 0.0234375 0.0265625
0 0.53046875 0.6515625 0.021875 0.0265625
0 0.4921875 0.68046875 0.021875 0.025
0 0.51328125 0.68984375 0.021875 0.025
0 0.54140625 0.6890625 0.021875 0.028125
0 0.50703125 0.7171875 0.021875 0.025
0 0.47265625 0.7125 0.021875 0.025
0 0.4875 0.73125 0.021875 0.025
0 0.50625 0.75 0.021875 0.028125
0 0.48203125 0.75078125 0.021875 0.028125
0 0.45234375 0.7515625 0.021875 0.028125
0 0.475 0.778125 0.025 0.028125
0 0.4984375 0.77421875 0.025 0.025
0 0.52734375 0.76640625 0.025 0.028125
0 0.5203125 0.78984375 0.0234375 0.028125
0 0.5453125 0.7984375 0.021875 0.028125
0 0.53203125 0.81875 0.021875 0.028125
0 0.5578125 0.83671875 0.0234375 0.0265625
0 0.53828125 0.84921875 0.0234375 0.025
0 0.51484375 0.83515625 0.0234375 0.028125
0 0.6828125 0.715625 0.025 0.028125
0 0.73828125 0.68984375 0.028125 0.034375
0 0.40859375 0.69765625 0.0203125 0.021875
0 0.44140625 0.71015625 0.01875 0.025
0 0.4203125 0.71953125 0.01875 0.0234375
0 0.4 0.71796875 0.0203125 0.0234375
0 0.3609375 0.69296875 0.0203125 0.0234375
0 0.3890625 0.73984375 0.021875 0.025
0 0.3921875 0.78828125 0.01875 0.021875
0 0.41484375 0.79453125 0.0203125 0.025
0 0.40546875 0.81484375 0.0203125 0.025
0 0.3796875 0.80859375 0.021875 0.0234375
0 0.39140625 0.8390625 0.021875 0.0234375
0 0.40546875 0.8578125 0.021875 0.025
0 0.4265625 0.86953125 0.021875 0.025
0 0.47421875 0.80078125 0.0234375 0.0234375
0 0.4984375 0.80234375 0.021875 0.025
0 0.47890625 0.82578125 0.021875 0.025
0 0.471875 0.8484375 0.021875 0.028125
0 0.4984375 0.86953125 0.021875 0.025
0 0.46328125 0.88671875 0.021875 0.028125
0 0.44375 0.90703125 0.021875 0.025
0 0.48359375 0.89921875 0.021875 0.0296875
0 0.5046875 0.8953125 0.0234375 0.025
0 0.47421875 0.92578125 0.021875 0.025
0 0.534375 0.87265625 0.0265625 0.025
0 0.5609375 0.875 0.0234375 0.0265625
0 0.53984375 0.9015625 0.021875 0.028125
0 0.56328125 0.90078125 0.025 0.028125
0 0.5609375 0.93046875 0.021875 0.0265625
0 0.528125 0.92578125 0.021875 0.025
0 0.54375 0.94921875 0.025 0.025
0 0.51875 0.9765625 0.028125 0.0265625
0 0.48671875 0.96953125 0.0234375 0.0265625
0 0.45390625 0.965625 0.0234375 0.028125
0 0.33671875 0.88203125 0.021875 0.025