0 0.72578125 0.39296875 0.034375 0.028125
0 0.66015625 0.4265625 0.03125 0.028125
0 0.63515625 0.4453125 0.03125 0.0296875
0 0.640625 0.4734375 0.03125 0.03125
0 0.60390625 0.40234375 0.03125 0.025
0 0.6109375 0.428125 0.0328125 0.025
0 0.5921875 0.446875 0.0359375 0.028125
0 0.57421875 0.3203125 0.03125 0.025
0 0.58046875 0.34375 0.028125 0.025
0 0.59765625 0.359375 0.0328125 0.025
0 0.58671875 0.38125 0.03125 0.0265625
0 0.61875 0.38203125 0.028125 0.025
0 0.5609375 0.3 0.028125 0.0265625
0 0.54609375 0.31796875 0.025 0.025
0 0.55 0.3515625 0.028125 0.025
0 0.5625 0.37578125 0.028125 0.025
0 0.51796875 0.31953125 0.028125 0.021875
0 0.5328125 0.3375 0.028125 0.0265625
0 0.53125 0.3703125 0.028125 0.0265625
0 0.54296875 0.39375 0.0296875 0.03125
0 0.5546875 0.42578125 0.028125 0.025
0 0.5578125 0.45234375 0.03125 0.028125
0 0.49296875 0.3171875 0.028125 0.025
0 0.496875 0.340625 0.028125 0.025
0 0.5125 0.35625 0.028125 0.025
0 0.496875 0.37421875 0.028125 0.025
0 0.5125 0.39296875 0.028125 0.0265625
0 0.53125 0.41328125 0.0296875 0.025
0 0.52421875 0.43984375 0.0328125 0.028125
0 0.53671875 0.46953125 0.0296875 0.0265625
0 0.521875 0.49453125 0.03125 0.03125
0 0.50078125 0.425 0.03125 0.025
0 0.50859375 0.46484375 0.0296875 0.0265625
0 0.49453125 0.4984375 0.03125 0.025
0 0.478125 0.46953125 0.025 0.025
0 0.4859375 0.4421875 0.028125 0.025
0 0.48515625 0.39765625 0.025 0.0234375
0 0.47890625 0.3578125 0.028125 0.021875
0 0.46796875 0.38046875 0.028125 0.0234375
0 0.47265625 0.4203125 0.025 0.0265625
0 0.46640625 0.340625 0.028125 0.021875
0 0.45234375 0.35703125 0.028125 0.0234375
0 0.46875 0.2828125 0.028125 0.021875
0 0.478125 0.30078125 0.0265625 0.021875
0 0.46015625 0.31875 0.028125 0.0234375
0 0.4390625 0.3328125 0.028125 0.021875
0 0.4265625 0.353125 0.028125 0.025
0 0.45546875 0.40234375 0.028125 0.028125
0 0.446875 0.4296875 0.028125 0.0265625
0 0.45703125 0.4515625 0.03125 0.025
0 0.45 0.47578125 0.028125 0.025
0 0.465625 0.4953125 0.028125 0.0234375
0 0.4375 0.5078125 0.03125 0.028125
0 0.4375 0.378125 0.03125 0.021875
0 0.43203125 0.403125 0.0265625 0.025
0 0.42421875 0.44296875 0.03125 0.028125
0 0.42109375 0.47109375 0.028125 0.028125
0 0.40703125 0.5078125 0.03125 0.0296875
0 0.40703125 0.33046875 0.0296875 0.021875
0 0.38671875 0.34453125 0.025 0.025
0 0.40390625 0.3609375 0.028125 0.025
0 0.4109375 0.3828125 0.028125 0.025
0 0.40625 0.4171875 0.0265625 0.028125
0 0.38203125 0.3765625 0.028125 0.021875
0 0.3890625 0.4015625 0.0265625 0.025
0 0.37890625 0.4484375 0.028125 0.0265625
0 0.39296875 0.47890625 0.028125 0.028125
0 0.35546875 0.37578125 0.025 0.021875
0 0.36328125 0.39609375 0.025 0.025
0 0.3734375 0.42421875 0.0265625 0.025
0 0.34921875 0.4375 0.025 0.025
0 0.340625 0.4609375 0.028125 0.028125
0 0.3453125 0.41484375 0.0265625 0.021875
0 0.3203125 0.4453125 0.028125 0.025
0 0.3375 0.39296875 0.0265625 0.021875
0 0.31875 0.421875 0.028125 0.021875
0 0.3546875 0.33203125 0.03125 0.021875
0 0.3609375 0.353125 0.028125 0.021875
0 0.33203125 0.36875 0.0265625 0.025
0 0.31171875 0.40078125 0.028125 0.0234375
0 0.29375 0.4328125 0.028125 0.0265625
0 0.3078125 0.4671875 0.034375 0.025
0 0.30546875 0.3796875 0.0265625 0.021875
0 0.28359375 0.39375 0.028125 0.0234375
0 0.2828125 0.41640625 0.03125 0.021875
0 0.2671875 0.4390625 0.025 0.025
0 0.2828125 0.4578125 0.03125 0.025
0 0.28125 0.48203125 0.03125 0.028125
0 0.31640625 0.4890625 0.03125 0.028125
0 0.2453125 0.4265625 0.03125 0.021875
0 0.2578125 0.4 0.028125 0.025
0 0.21796875 0.434375 0.028125 0.025
0 0.2421875 0.45234375 0.028125 0.0265625
0 0.228125 0.4109375 0.028125 0.025
0 0.18828125 0.43203125 0.0296875 0.025
0 0.22265625 0.47890625 0.0296875 0.0265625
0 0.17734375 0.41015625 0.03125 0.025
0 0.8359375 0.4421875 0.040625 0.034375
0 0.68125 0.453125 0.0375 0.0296875