0 0.65390625 0.253125 0.03046875 0.02734375
0 0.57421875 0.3390625 0.02578125 0.028125
0 0.553125 0.41796875 0.0296875 0.028125
0 0.7375 0.446875 0.028125 0.028125
0 0.65390625 0.48984375 0.02578125 0.02578125
0 0.35859375 0.2703125 0.021875 0.0265625
0 0.371875 0.25234375 0.0265625 0.02578125
0 0.34140625 0.2734375 0.02265625 0.025
0 0.3203125 0.28984375 0.025 0.025
0 0.32734375 0.315625 0.025 0.02578125
0 0.3875 0.33359375 0.02578125 0.02421875
0 0.41015625 0.32421875 0.025 0.02578125
0 0.4078125 0.346875 0.02578125 0.02265625
0 0.3625 0.3359375 0.02578125 0.025
0 0.37109375 0.35859375 0.0265625 0.02578125
0 0.40625 0.37109375 0.02734375 0.025
0 0.43515625 0.4375 0.02734375 0.028125
0 0.31171875 0.37578125 0.03046875 0.03125
0 0.1390625 0.39609375 0.0265625 0.02421875
0 0.15 0.41640625 0.02578125 0.02421875
0 0.1296875 0.47265625 0.02734375 0.028125
0 0.09609375 0.63671875 0.02890625 0.02734375
0 0.1375 0.778125 0.03046875 0.028125
0 0.18671875 0.75703125 0.02578125 0.028125
0 0.20859375 0.74921875 0.02578125 0.02734375
0 0.2125 0.72265625 0.0265625 0.025
0 0.2328125 0.7078125 0.02734375 0.03125
0 0.2984375 0.73203125 0.02578125 0.0328125
0 0.5125 0.70703125 0.02578125 0.03125
0 0.71171875 0.7234375 0.02890625 0.02578125
0 0.7015625 0.74921875 0.0265625 0.02890625