0 0.1828125 0.06875 0.03203125 0.0328125
0 0.43046875 0.03203125 0.02890625 0.02890625
0 0.5296875 0.08203125 0.0296875 0.03046875
0 0.53828125 0.18984375 0.0265625 0.0296875
0 0.39609375 0.1078125 0.0296875 0.0296875
0 0.3578125 0.12421875 0.02734375 0.028125
0 0.3859375 0.134375 0.02734375 0.03046875
0 0.31640625 0.1421875 0.02890625 0.02890625
0 0.34765625 0.14921875 0.028125 0.02890625
0 0.31015625 0.2015625 0.03203125 0.034375
0 0.39765625 0.16640625 0.028125 0.0296875
0 0.3734375 0.184375 0.028125 0.028125
0 0.39765625 0.20390625 0.03046875 0.02734375
0 0.41015625 0.2328125 0.02890625 0.03046875
0 0.43125 0.209375 0.028125 0.0296875
0 0.4625 0.221875 0.028125 0.02890625
0 0.46328125 0.25234375 0.02734375 0.03046875
0 0.553125 0.28671875 0.0265625 0.02890625
0 0.57734375 0.28203125 0.02578125 0.03359375
0 0.6609375 0.29609375 0.0234375 0.02734375
0 0.67734375 0.28203125 0.0234375 0.02578125
0 0.67421875 0.25625 0.02421875 0.02734375
0 0.6953125 0.259375 0.0203125 0.028125
0 0.71953125 0.296875 0.02578125 0.0296875
0 0.671875 0.334375 0.02578125 0.02890625
0 0.71875 0.33515625 0.02578125 0.03046875
0 0.59609375 0.3515625 0.02734375 0.0296875
0 0.65078125 0.3609375 0.02578125 0.02734375
0 0.67421875 0.384375 0.0265625 0.0296875
0 0.5859375 0.4140625 0.0265625 0.03046875
0 0.65 0.440625 0.02578125 0.02734375
0 0.74609375 0.4734375 0.02421875 0.02890625
0 0.68125 0.48203125 0.02421875 0.028125
0 0.6859375 0.51171875 0.025 0.02890625
0 0.51953125 0.42109375 0.02421875 0.02890625
0 0.52421875 0.44921875 0.028125 0.0265625
0 0.49140625 0.421875 0.028125 0.02734375
0 0.49375 0.44921875 0.028125 0.02578125
0 0.4515625 0.44921875 0.02578125 0.02734375
0 0.49921875 0.503125 0.02734375 0.028125
0 0.471875 0.4671875 0.0234375 0.0265625
0 0.4796875 0.49296875 0.02421875 0.0265625
0 0.503125 0.475 0.025 0.025
0 0.55625 0.49921875 0.02734375 0.02734375
0 0.5296875 0.47578125 0.025 0.028125
0 0.5546875 0.47890625 0.025 0.01953125
0 0.57734375 0.49921875 0.0203125 0.03203125
0 0.55 0.5265625 0.02734375 0.03203125
0 0.546875 0.565625 0.02421875 0.0296875
0 0.5734375 0.571875 0.025 0.03046875
0 0.59921875 0.57109375 0.02734375 0.02890625
0 0.5203125 0.5796875 0.028125 0.02890625
0 0.528125 0.60546875 0.02734375 0.02890625
0 0.49609375 0.59375 0.028125 0.0296875
0 0.5046875 0.621875 0.02890625 0.02734375
0 0.53515625 0.63203125 0.028125 0.028125
0 0.56171875 0.6546875 0.0265625 0.0296875
0 0.53515625 0.66171875 0.02578125 0.03046875
0 0.41171875 0.26953125 0.02890625 0.03046875
0 0.42578125 0.31875 0.03046875 0.0328125
0 0.37265625 0.3703125 0.03046875 0.03203125
0 0.3796875 0.321875 0.0296875 0.03125
0 0.34921875 0.34375 0.02890625 0.02890625
0 0.334375 0.28125 0.03203125 0.03046875
0 0.3125 0.25859375 0.0296875 0.03125
0 0.28671875 0.28203125 0.03203125 0.03125
0 0.30625 0.31171875 0.0296875 0.03125
0 0.32109375 0.353125 0.03046875 0.03046875
0 0.2890625 0.3453125 0.03046875 0.0328125
0 0.25 0.353125 0.03125 0.0296875
0 0.23125 0.37421875 0.03203125 0.03046875
0 0.4796875 0.55859375 0.02890625 0.02890625
0 0.47734375 0.53046875 0.0265625 0.02734375
0 0.44921875 0.4953125 0.0296875 0.03203125
0 0.4484375 0.5328125 0.0296875 0.0296875
0 0.44921875 0.5625 0.028125 0.03046875
0 0.45 0.60546875 0.0296875 0.03125
0 0.465625 0.6296875 0.02734375 0.0328125
0 0.403125 0.61875 0.0296875 0.03125
0 0.428125 0.6359375 0.028125 0.03046875
0 0.36796875 0.62265625 0.03125 0.03046875
0 0.39765625 0.64921875 0.02890625 0.03046875
0 0.38515625 0.6828125 0.0296875 0.03125
0 0.36953125 0.71328125 0.0296875 0.03125
0 0.315625 0.465625 0.0328125 0.03046875
0 0.27421875 0.47421875 0.03125 0.03125
0 0.1953125 0.4359375 0.0328125 0.0296875
0 0.175 0.465625 0.03203125 0.03203125
0 0.209375 0.4640625 0.03203125 0.0296875
0 0.21796875 0.4953125 0.03125 0.03359375
0 0.2203125 0.52734375 0.0328125 0.0328125
0 0.25859375 0.546875 0.03359375 0.0328125
0 0.25390625 0.5796875 0.02734375 0.0296875
0 0.34765625 0.65078125 0.0296875 0.03125
0 0.22578125 0.559375 0.0296875 0.03203125
0 0.24453125 0.61171875 0.03125 0.02578125
0 0.21484375 0.603125 0.03125 0.0328125
0 0.1390625 0.5203125 0.034375 0.0375
0 0.0796875 0.54375 0.034375 0.03515625
0 0.11171875 0.56796875 0.03125 0.0328125
0 0.0609375 0.5796875 0.03125 0.034375
0 0.0875 0.6015625 0.03125 0.0328125
0 0.109375 0.6265625 0.03125 0.034375
0 0.13828125 0.653125 0.03359375 0.03203125
0 0.1765625 0.6546875 0.0296875 0.03125
0 0.2015625 0.67734375 0.03125 0.034375
0 0.203125 0.634375 0.03125 0.03125
0 0.234375 0.640625 0.03203125 0.03359375
0 0.26640625 0.63515625 0.03046875 0.02734375
0 0.2796875 0.60546875 0.03046875 0.0328125
0 0.26484375 0.66640625 0.0296875 0.034375
0 0.29453125 0.64375 0.02734375 0.03125
0 0.303125 0.675 0.03125 0.03515625
0 0.2328125 0.67265625 0.0296875 0.0296875
0 0.2421875 0.70546875 0.034375 0.03359375
0 0.3015625 0.74375 0.02890625 0.03515625
0 0.28359375 0.696875 0.02890625 0.03203125
0 0.275 0.7375 0.0296875 0.0328125
0 0.3515625 0.7984375 0.03125 0.03671875
0 0.39375 0.86015625 0.03203125 0.03359375
0 0.425 0.865625 0.03203125 0.0328125
0 0.684375 0.82265625 0.03046875 0.03046875
0 0.71328125 0.83515625 0.028125 0.03046875
0 0.6875 0.79296875 0.02734375 0.03125
0 0.71796875 0.80078125 0.028125 0.03203125
0 0.6671875 0.78203125 0.02421875 0.0296875
0 0.5 0.74765625 0.02578125 0.0359375
0 0.4640625 0.68984375 0.03203125 0.0328125
0 0.46015625 0.72109375 0.0296875 0.03203125
0 0.48515625 0.7296875 0.02265625 0.03125
0 0.4796875 0.7828125 0.03125 0.034375
0 0.52578125 0.76640625 0.02890625 0.03359375
0 0.565625 0.765625 0.0296875 0.03125
0 0.57421875 0.84609375 0.028125 0.0328125
0 0.56171875 0.80703125 0.028125 0.034375
0 0.5421875 0.853125 0.02890625 0.03203125
0 0.5578125 0.87578125 0.02890625 0.03125
0 0.540625 0.9609375 0.028125 0.0328125
0 0.54296875 0.909375 0.02734375 0.0359375
0 0.51796875 0.97109375 0.0296875 0.03203125
0 0.58046875 0.9390625 0.03046875 0.0328125