0 0.3328125 0.24609375 0.01875 0.01875
0 0.3578125 0.2546875 0.01875 0.0171875
0 0.3234375 0.26015625 0.0171875 0.01875
0 0.3078125 0.26171875 0.01875 0.01875
0 0.340625 0.2578125 0.01875 0.01875
0 0.36484375 0.2671875 0.01875 0.01875
0 0.3796875 0.26796875 0.01875 0.01875
0 0.346875 0.2703125 0.0203125 0.01875
0 0.3125 0.2765625 0.01875 0.01875
0 0.33125 0.2734375 0.01875 0.01875
0 0.33984375 0.28515625 0.01875 0.01875
0 0.35546875 0.284375 0.01875 0.01875
0 0.37421875 0.28125 0.01875 0.01875
0 0.32265625 0.28671875 0.01875 0.0171875
0 0.328125 0.3 0.021875 0.01875
0 0.30703125 0.2921875 0.01875 0.01875
0 0.34921875 0.2984375 0.0203125 0.01875
0 0.365625 0.29453125 0.0203125 0.01875
0 0.3828125 0.29375 0.01875 0.0171875
0 0.4 0.2984375 0.01875 0.01875
0 0.39140625 0.3125 0.01875 0.01875
0 0.3734375 0.30703125 0.01875 0.01875
0 0.340625 0.3109375 0.0203125 0.01875
0 0.35625 0.3140625 0.0203125 0.01875
0 0.32421875 0.31640625 0.0203125 0.01875
0 0.31171875 0.30703125 0.0203125 0.01875
0 0.30859375 0.32421875 0.01875 0.01875
0 0.32890625 0.33203125 0.01875 0.01875
0 0.34453125 0.325 0.01875 0.01875
0 0.3609375 0.3296875 0.0203125 0.01875
0 0.3765625 0.32265625 0.0203125 0.01875
0 0.34921875 0.33984375 0.01875 0.01875
0 0.3171875 0.34375 0.01875 0.01875
0 0.33359375 0.34921875 0.01875 0.01875
0 0.35 0.35625 0.01875 0.01875
0 0.36484375 0.3453125 0.01875 0.01875
0 0.38046875 0.33671875 0.01875 0.01875
0 0.39453125 0.32734375 0.01875 0.01875
0 0.40859375 0.33515625 0.01875 0.01875
0 0.3640625 0.36328125 0.01875 0.0203125
0 0.3796875 0.353125 0.01875 0.01875
0 0.39609375 0.3453125 0.0203125 0.01875
0 0.35 0.37109375 0.01875 0.01875
0 0.33359375 0.36328125 0.0203125 0.01875
0 0.3359375 0.38125 0.021875 0.01875
0 0.3640625 0.3796875 0.021875 0.01875
0 0.37890625 0.37109375 0.0203125 0.0203125
0 0.3953125 0.3625 0.0203125 0.01875
0 0.41171875 0.36171875 0.0203125 0.01875
0 0.41796875 0.3484375 0.021875 0.01875
0 0.39921875 0.3765625 0.021875 0.01875
0 0.3828125 0.40234375 0.0203125 0.0203125
0 0.384375 0.3875 0.021875 0.01875
0 0.36640625 0.3953125 0.021875 0.0203125
0 0.36875 0.4171875 0.021875 0.021875
0 0.35078125 0.40546875 0.0203125 0.0203125
0 0.40078125 0.403125 0.021875 0.01875
0 0.4078125 0.38984375 0.01875 0.01875
0 0.3875 0.41953125 0.0203125 0.021875
0 0.41796875 0.3765625 0.0203125 0.0203125
0 0.43046875 0.36171875 0.0203125 0.021875
0 0.4453125 0.3671875 0.01875 0.01875
0 0.425 0.3953125 0.0203125 0.021875
0 0.4328125 0.38046875 0.01875 0.0203125
0 0.45078125 0.38125 0.021875 0.01875
0 0.44140625 0.41484375 0.0203125 0.021875
0 0.44609375 0.396875 0.021875 0.0203125
0 0.415625 0.41171875 0.0203125 0.021875
0 0.40703125 0.4359375 0.021875 0.021875
0 0.4265625 0.43046875 0.021875 0.021875
0 0.4484375 0.43359375 0.0203125 0.021875
0 0.46484375 0.42421875 0.0203125 0.0203125
0 0.48359375 0.41875 0.021875 0.0203125
0 0.4671875 0.44140625 0.021875 0.0203125
0 0.42734375 0.44921875 0.01875 0.021875
0 0.40703125 0.4578125 0.021875 0.021875
0 0.44609375 0.4546875 0.021875 0.0203125
0 0.46328125 0.45859375 0.021875 0.0203125
0 0.4921875 0.44609375 0.021875 0.021875
0 0.5109375 0.43359375 0.021875 0.01875
0 0.4828125 0.46171875 0.021875 0.0203125
0 0.509375 0.45078125 0.021875 0.0203125
0 0.48828125 0.478125 0.021875 0.021875
0 0.503125 0.4640625 0.021875 0.01875
0 0.51171875 0.4796875 0.0234375 0.0234375
0 0.46484375 0.47421875 0.021875 0.021875
0 0.48984375 0.4984375 0.025 0.0234375
0 0.46015625 0.49296875 0.0234375 0.021875
0 0.44609375 0.47109375 0.021875 0.0203125
0 0.44765625 0.50859375 0.021875 0.0203125
0 0.428125 0.46640625 0.021875 0.021875
0 0.465625 0.5109375 0.021875 0.021875
0 0.4859375 0.51640625 0.021875 0.021875
0 0.43828125 0.48671875 0.0203125 0.021875
0 0.4203125 0.48203125 0.021875 0.021875
0 0.39921875 0.4796875 0.021875 0.021875
0 0.4109375 0.4984375 0.021875 0.021875
0 0.42890625 0.5015625 0.0203125 0.0203125
0 0.39140625 0.4984375 0.0234375 0.0234375
0 0.4015625 0.5140625 0.021875 0.0203125
0 0.4109375 0.528125 0.021875 0.0203125
0 0.42890625 0.52421875 0.021875 0.021875
0 0.44609375 0.53125 0.021875 0.021875
0 0.47578125 0.534375 0.021875 0.021875
0 0.45703125 0.55390625 0.025 0.0234375
0 0.471875 0.565625 0.025 0.0234375
0 0.409375 0.54609375 0.0234375 0.0234375
0 0.4125 0.56328125 0.025 0.0234375
0 0.43359375 0.5765625 0.021875 0.021875
0 0.415625 0.5828125 0.021875 0.021875
0 0.396875 0.58984375 0.021875 0.021875
0 0.390625 0.57109375 0.021875 0.021875
0 0.40390625 0.6109375 0.025 0.0265625
0 0.421875 0.6 0.021875 0.021875
0 0.43515625 0.6203125 0.0265625 0.0265625
0 0.46328125 0.60859375 0.025 0.025
0 0.37265625 0.55390625 0.021875 0.021875
0 0.37421875 0.53359375 0.021875 0.021875
0 0.37265625 0.51640625 0.021875 0.021875
0 0.35703125 0.54375 0.0234375 0.0234375
0 0.45 0.659375 0.0234375 0.0234375
0 0.48828125 0.64765625 0.0265625 0.0265625
0 0.484375 0.6734375 0.025 0.0265625
0 0.5296875 0.6640625 0.0234375 0.0234375
0 0.52109375 0.634375 0.025 0.0265625
0 0.5171875 0.68515625 0.025 0.0265625
0 0.540625 0.69453125 0.0265625 0.0265625
0 0.459375 0.71328125 0.028125 0.0296875
0 0.6125 0.690625 0.028125 0.025
0 0.6078125 0.671875 0.028125 0.025
0 0.62578125 0.65 0.021875 0.021875
0 0.60390625 0.6421875 0.025 0.0234375
0 0.63359375 0.63125 0.021875 0.021875
0 0.64921875 0.61953125 0.021875 0.021875
0 0.67421875 0.65078125 0.0234375 0.025
0 0.6453125 0.66640625 0.025 0.0265625
0 0.67265625 0.67265625 0.0265625 0.0265625
0 0.65390625 0.63671875 0.0234375 0.025
0 0.65 0.6859375 0.0265625 0.0265625
0 0.628125 0.60703125 0.0234375 0.025
0 0.64296875 0.58828125 0.0234375 0.0234375
0 0.61953125 0.58671875 0.0234375 0.0234375
0 0.6125 0.61953125 0.021875 0.021875
0 0.60625 0.60234375 0.021875 0.021875