0 0.57265625 0.58515625 0.01171875 0.009375
0 0.571875 0.5953125 0.0140625 0.01328125
0 0.590625 0.61171875 0.0125 0.0140625
0 0.59140625 0.5984375 0.0125 0.01171875
0 0.503125 0.60546875 0.01171875 0.0125
0 0.50078125 0.57265625 0.0125 0.01328125
0 0.49453125 0.559375 0.01171875 0.01171875
0 0.5078125 0.559375 0.0109375 0.01171875
0 0.48984375 0.53046875 0.01484375 0.01640625
0 0.58984375 0.53125 0.01171875 0.0125
0 0.58203125 0.521875 0.01171875 0.01171875
0 0.584375 0.45234375 0.00859375 0.0109375
0 0.4421875 0.303125 0.01328125 0.0109375
0 0.47421875 0.3953125 0.0125 0.01015625
0 0.478125 0.38828125 0.0109375 0.0078125
0 0.4734375 0.40390625 0.0125 0.00703125
0 0.4265625 0.46796875 0.0109375 0.0125
0 0.43203125 0.45625 0.01171875 0.01171875
0 0.44296875 0.46171875 0.0125 0.01015625
0 0.4609375 0.4828125 0.01171875 0.0140625
0 0.4609375 0.4953125 0.01171875 0.01171875
0 0.3875 0.4828125 0.0125 0.0125
0 0.40234375 0.5046875 0.0125 0.0140625
0 0.390625 0.5046875 0.0125 0.01171875
0 0.37734375 0.50859375 0.01328125 0.0125
0 0.39375 0.515625 0.01171875 0.01171875
0 0.38125 0.521875 0.00546875 0.01171875
0 0.37421875 0.51953125 0.0125 0.01015625
0 0.36484375 0.52890625 0.01328125 0.0125
0 0.36875 0.54609375 0.01171875 0.0125
0 0.375 0.534375 0.0125 0.0125
0 0.39140625 0.53828125 0.0125 0.01328125
0 0.3984375 0.53515625 0.009375 0.01171875
0 0.3890625 0.5265625 0.0125 0.01328125
0 0.42109375 0.58203125 0.0125 0.01171875
0 0.41640625 0.58828125 0.01171875 0.0109375
0 0.42265625 0.5953125 0.01328125 0.01015625
0 0.41875 0.66640625 0.0125 0.01875
0 0.4 0.7109375 0.01171875 0.01328125
0 0.64609375 0.68203125 0.0125 0.0125
0 0.62734375 0.7015625 0.0125 0.01484375
0 0.63984375 0.7 0.0140625 0.0140625
0 0.5390625 0.72109375 0.01328125 0.01328125
0 0.465625 0.415625 0.0125 0.01171875
0 0.5421875 0.3984375 0.01171875 0.0125
0 0.36171875 0.47734375 0.01171875 0.0140625
0 0.59453125 0.453125 0.0125 0.01171875
0 0.590625 0.51484375 0.01484375 0.01328125
0 0.4171875 0.6078125 0.0140625 0.01328125
0 0.56328125 0.471875 0.01171875 0.0109375
0 0.44296875 0.57578125 0.0125 0.0125
0 0.49375 0.5171875 0.0109375 0.0109375
0 0.409375 0.559375 0.01171875 0.01171875
0 0.58359375 0.38125 0.0140625 0.01328125
0 0.584375 0.6234375 0.01328125 0.01484375
0 0.44140625 0.31640625 0.0109375 0.0109375
0 0.65703125 0.690625 0.0109375 0.0109375
0 0.5890625 0.7046875 0.01328125 0.01328125
0 0.5328125 0.665625 0.0125 0.01328125
0 0.53203125 0.68828125 0.01328125 0.0140625
0 0.428125 0.6828125 0.01328125 0.01484375
0 0.521875 0.63984375 0.0125 0.01328125
0 0.63984375 0.60859375 0.01328125 0.0140625
0 0.43984375 0.61484375 0.0140625 0.0140625
0 0.5734375 0.61015625 0.01328125 0.01328125
0 0.59296875 0.6609375 0.01484375 0.0140625
0 0.575 0.63125 0.01328125 0.0140625
0 0.38671875 0.6984375 0.0140625 0.0140625
0 0.51953125 0.61796875 0.0140625 0.01328125
0 0.496875 0.63515625 0.01328125 0.0125
0 0.61640625 0.5984375 0.01328125 0.0125
0 0.50859375 0.6359375 0.01328125 0.01328125
0 0.51484375 0.65703125 0.0125 0.0140625
0 0.5734375 0.4890625 0.01328125 0.01328125
0 0.678125 0.575 0.01484375 0.01328125
0 0.50625 0.6171875 0.0125 0.01328125
0 0.5765625 0.57578125 0.01328125 0.0140625
0 0.5609375 0.51015625 0.01328125 0.01328125
0 0.525 0.41328125 0.0125 0.01171875
0 0.49140625 0.6046875 0.0125 0.0125
0 0.5109375 0.5984375 0.0125 0.01328125
0 0.4125 0.61875 0.0125 0.0125
0 0.41875 0.48046875 0.01328125 0.01328125
0 0.415625 0.49296875 0.01328125 0.0125
0 0.6046875 0.59453125 0.0125 0.0125
0 0.521875 0.43046875 0.01171875 0.01171875
0 0.43828125 0.48671875 0.01328125 0.01171875
0 0.6265625 0.59140625 0.01328125 0.01328125
0 0.46328125 0.44296875 0.0125 0.0125
0 0.6640625 0.565625 0.0125 0.0140625
0 0.39609375 0.56328125 0.01328125 0.01328125
0 0.55390625 0.384375 0.0125 0.0125
0 0.4125 0.57734375 0.0140625 0.01484375
0 0.54296875 0.50078125 0.0125 0.0125
0 0.56171875 0.57734375 0.01328125 0.0125
0 0.478125 0.56328125 0.01328125 0.01328125
0 0.43515625 0.5390625 0.01328125 0.01328125
0 0.565625 0.53828125 0.0125 0.01328125
0 0.4875 0.5734375 0.0125 0.01328125
0 0.4921875 0.39609375 0.0125 0.01328125
0 0.42734375 0.65546875 0.01328125 0.01328125
0 0.43671875 0.55 0.01328125 0.0140625
0 0.41640625 0.46875 0.0140625 0.0125
0 0.55703125 0.5515625 0.0125 0.01328125
0 0.5265625 0.384375 0.0125 0.01328125
0 0.59296875 0.54296875 0.0125 0.01328125
0 0.48515625 0.54609375 0.01328125 0.0125
0 0.62421875 0.57890625 0.01328125 0.01484375
0 0.43828125 0.56328125 0.0125 0.0140625
0 0.421875 0.528125 0.01328125 0.0140625
0 0.38203125 0.54453125 0.01328125 0.01171875
0 0.5125 0.3390625 0.0125 0.01328125
0 0.565625 0.56484375 0.0140625 0.01328125
0 0.5015625 0.5328125 0.01328125 0.0125
0 0.446875 0.45 0.01328125 0.0125
0 0.60703125 0.37734375 0.0125 0.01328125
0 0.5359375 0.365625 0.0140625 0.01328125
0 0.6703125 0.53671875 0.0125 0.0125
0 0.41953125 0.45625 0.0125 0.0125
0 0.49921875 0.403125 0.0125 0.01328125
0 0.5515625 0.5328125 0.0125 0.01328125
0 0.66640625 0.52265625 0.01328125 0.01328125
0 0.58125 0.540625 0.01328125 0.0140625
0 0.4546875 0.4625 0.01328125 0.01171875
0 0.446875 0.47890625 0.01328125 0.0125
0 0.42109375 0.44375 0.0125 0.01328125
0 0.43828125 0.4734375 0.01328125 0.0125
0 0.42421875 0.42890625 0.01328125 0.01328125
0 0.4421875 0.4359375 0.0125 0.01328125
0 0.5890625 0.384375 0.01171875 0.01171875
0 0.49375 0.3828125 0.0125 0.01328125
0 0.39296875 0.49375 0.0140625 0.0125
0 0.4859375 0.32578125 0.01171875 0.01171875
0 0.4984375 0.3203125 0.01328125 0.01328125
0 0.65 0.52734375 0.01484375 0.0140625
0 0.5765625 0.453125 0.0140625 0.0140625
0 0.50625 0.38671875 0.0125 0.01328125
0 0.459375 0.3140625 0.0125 0.0125
0 0.5796875 0.37578125 0.0125 0.01171875
0 0.47109375 0.38046875 0.01328125 0.0140625
0 0.55390625 0.46484375 0.01328125 0.01328125
0 0.5890625 0.36953125 0.01171875 0.0125
0 0.590625 0.46484375 0.0140625 0.0125
0 0.4515625 0.321875 0.0125 0.0125
0 0.39921875 0.70234375 0.0140625 0.0140625