0 0.4390625 0.09140625 0.02421875 0.02578125
0 0.45703125 0.0296875 0.02578125 0.028125
0 0.48515625 0.028125 0.0265625 0.03203125
0 0.475 0.06640625 0.028125 0.028125
0 0.51484375 0.1015625 0.0265625 0.02890625
0 0.465625 0.11171875 0.0234375 0.02890625
0 0.48046875 0.1484375 0.02578125 0.0296875
0 0.41796875 0.115625 0.025 0.0265625
0 0.35390625 0.084375 0.02421875 0.02734375
0 0.3796875 0.0953125 0.0234375 0.02578125
0 0.3953125 0.13671875 0.02734375 0.02734375
0 0.43828125 0.15703125 0.0296875 0.02734375
0 0.3625 0.125 0.02421875 0.0265625
0 0.30546875 0.11953125 0.02421875 0.02890625
0 0.27265625 0.1109375 0.02421875 0.02890625
0 0.29375 0.14140625 0.0234375 0.02734375
0 0.33359375 0.15625 0.02421875 0.0328125
0 0.3609375 0.2125 0.02734375 0.034375
0 0.290625 0.21484375 0.02421875 0.03203125
0 0.31171875 0.2546875 0.0265625 0.0359375
0 0.35234375 0.275 0.025 0.03046875
0 0.38515625 0.28203125 0.028125 0.03359375
0 0.32421875 0.309375 0.02578125 0.0265625
0 0.32734375 0.33984375 0.02421875 0.02890625
0 0.3796875 0.31875 0.0234375 0.03046875
0 0.29296875 0.35703125 0.025 0.03125
0 0.26171875 0.28984375 0.0234375 0.03203125
0 0.26328125 0.35625 0.0234375 0.02890625
0 0.2640625 0.39296875 0.025 0.028125
0 0.2296875 0.4265625 0.02421875 0.0296875
0 0.26484375 0.44921875 0.02578125 0.03046875
0 0.19296875 0.46015625 0.0234375 0.03046875
0 0.24140625 0.47734375 0.02265625 0.02578125
0 0.15078125 0.49296875 0.0234375 0.0296875
0 0.175 0.53125 0.025 0.02578125
0 0.1265625 0.54140625 0.02265625 0.0234375
0 0.14453125 0.56171875 0.02578125 0.02578125
0 0.16484375 0.5953125 0.02421875 0.028125
0 0.1890625 0.6015625 0.0234375 0.02578125
0 0.2109375 0.59375 0.02421875 0.025
0 0.24296875 0.5828125 0.02265625 0.0265625
0 0.2046875 0.55625 0.0234375 0.028125
0 0.23828125 0.55390625 0.021875 0.02890625
0 0.26640625 0.56640625 0.025 0.028125
0 0.2453125 0.52890625 0.01953125 0.02734375
0 0.2671875 0.53515625 0.0203125 0.0234375
0 0.28671875 0.50703125 0.0234375 0.02265625
0 0.3078125 0.52734375 0.0234375 0.03046875
0 0.3328125 0.4546875 0.02578125 0.02578125
0 0.37421875 0.45234375 0.02265625 0.02734375
0 0.44296875 0.2953125 0.02421875 0.03046875
0 0.45390625 0.38046875 0.03125 0.0296875
0 0.46171875 0.334375 0.02890625 0.025
0 0.4859375 0.34609375 0.02265625 0.02734375
0 0.46328125 0.2375 0.028125 0.02890625
0 0.48125 0.20546875 0.025 0.028125
0 0.50859375 0.209375 0.02265625 0.028125
0 0.484375 0.17734375 0.02578125 0.02578125
0 0.50859375 0.18359375 0.02265625 0.02734375
0 0.5515625 0.2515625 0.02578125 0.0296875
0 0.51171875 0.2546875 0.02265625 0.028125
0 0.52578125 0.228125 0.02421875 0.02578125
0 0.534375 0.1828125 0.0265625 0.02578125
0 0.56015625 0.21953125 0.0234375 0.03125
0 0.59453125 0.19765625 0.028125 0.03203125
0 0.534375 0.34375 0.028125 0.028125
0 0.73046875 0.20859375 0.03046875 0.03203125
0 0.75546875 0.24375 0.0265625 0.0375
0 0.703125 0.19140625 0.03203125 0.0296875
0 0.7265625 0.234375 0.02890625 0.03046875
0 0.69296875 0.21953125 0.03125 0.03125
0 0.71953125 0.2640625 0.02734375 0.03203125
0 0.77421875 0.296875 0.03203125 0.03046875
0 0.67578125 0.32109375 0.034375 0.03046875
0 0.75859375 0.33671875 0.02890625 0.034375
0 0.81484375 0.43828125 0.03046875 0.03125
0 0.78203125 0.45390625 0.03125 0.03125
0 0.7046875 0.46328125 0.0390625 0.0359375
0 0.50390625 0.41328125 0.03125 0.02421875
0 0.5203125 0.440625 0.02734375 0.03046875
0 0.484375 0.4421875 0.025 0.02890625
0 0.50390625 0.4609375 0.03203125 0.0265625
0 0.475 0.46875 0.025 0.02890625
0 0.45546875 0.496875 0.02578125 0.03125
0 0.48203125 0.4953125 0.02578125 0.02578125
0 0.515625 0.49140625 0.02578125 0.03203125
0 0.5734375 0.48046875 0.02421875 0.02890625
0 0.5328125 0.51328125 0.0328125 0.034375
0 0.57109375 0.515625 0.02578125 0.0328125
0 0.45390625 0.5328125 0.025 0.0265625
0 0.47890625 0.52109375 0.0234375 0.02734375
0 0.50625 0.52578125 0.0296875 0.03125
0 0.52890625 0.55390625 0.02734375 0.03125
0 0.48359375 0.54765625 0.02734375 0.03125
0 0.52109375 0.5796875 0.03359375 0.0328125
0 0.53828125 0.603125 0.03125 0.03046875
0 0.48828125 0.5765625 0.02578125 0.03046875
0 0.44765625 0.5625 0.025 0.03046875
0 0.4703125 0.5890625 0.0296875 0.02890625
0 0.50859375 0.6078125 0.02734375 0.03359375
0 0.42890625 0.58046875 0.0203125 0.03046875
0 0.4453125 0.6015625 0.02578125 0.02578125
0 0.40703125 0.60390625 0.02421875 0.028125
0 0.42578125 0.621875 0.03046875 0.0296875
0 0.32265625 0.571875 0.021875 0.03359375
0 0.3375 0.5953125 0.02578125 0.02890625
0 0.38203125 0.61875 0.0265625 0.025
0 0.40625 0.634375 0.021875 0.03671875
0 0.296875 0.60703125 0.0234375 0.028125
0 0.31796875 0.61015625 0.021875 0.02578125
0 0.3625 0.63203125 0.02734375 0.02109375
0 0.38046875 0.653125 0.02578125 0.03046875
0 0.33515625 0.63046875 0.02890625 0.02578125
0 0.35 0.6609375 0.02421875 0.028125
0 0.30703125 0.6296875 0.025 0.0234375
0 0.34609375 0.6859375 0.0265625 0.0234375
0 0.28046875 0.6453125 0.0234375 0.0203125
0 0.3046875 0.65625 0.0234375 0.02578125
0 0.3171875 0.68359375 0.02421875 0.02890625
0 0.35390625 0.71484375 0.02890625 0.0296875
0 0.46171875 0.634375 0.03125 0.03515625
0 0.43828125 0.6828125 0.034375 0.028125
0 0.4484375 0.653125 0.034375 0.0265625
0 0.47421875 0.6578125 0.0296875 0.02890625
0 0.4890625 0.68359375 0.028125 0.025
0 0.509375 0.70078125 0.028125 0.03203125
0 0.5359375 0.68984375 0.03046875 0.0359375
0 0.6 0.71953125 0.04609375 0.03984375
0 0.6390625 0.74609375 0.03359375 0.03359375
0 0.74296875 0.8046875 0.02734375 0.0328125
0 0.6453125 0.784375 0.0359375 0.03125
0 0.7140625 0.8359375 0.028125 0.03515625
0 0.5546875 0.796875 0.02734375 0.03671875
0 0.54375 0.7453125 0.02734375 0.0390625
0 0.534375 0.82578125 0.02890625 0.034375
0 0.49296875 0.7640625 0.02578125 0.03046875
0 0.53203125 0.8640625 0.03046875 0.0359375
0 0.5734375 0.896875 0.03203125 0.034375
0 0.3796875 0.8265625 0.02578125 0.03359375
0 0.484375 0.9234375 0.03046875 0.0375
0 0.4265625 0.8453125 0.028125 0.03125
0 0.49609375 0.89765625 0.03203125 0.02890625