0 0.784375 0.3875 0.025 0.0328125
0 0.775 0.4296875 0.025 0.0296875
0 0.78359375 0.49140625 0.025 0.03125
0 0.76328125 0.45390625 0.025 0.03125
0 0.75234375 0.3390625 0.025 0.03125
0 0.73671875 0.315625 0.025 0.0296875
0 0.71328125 0.3046875 0.025 0.0296875
0 0.740625 0.47734375 0.0265625 0.0296875
0 0.72578125 0.51484375 0.025 0.0265625
0 0.68046875 0.434375 0.028125 0.034375
0 0.74921875 0.6984375 0.025 0.03125
0 0.6984375 0.14375 0.0234375 0.0265625
0 0.68203125 0.1578125 0.025 0.028125
0 0.6453125 0.13359375 0.028125 0.03125
0 0.6484375 0.22109375 0.028125 0.034375
0 0.59296875 0.19453125 0.0265625 0.03125
0 0.59609375 0.27578125 0.025 0.0296875
0 0.60546875 0.253125 0.025 0.0296875
0 0.63515625 0.35546875 0.028125 0.03125
0 0.62578125 0.39140625 0.0234375 0.0296875
0 0.61015625 0.37734375 0.025 0.0296875
0 0.5921875 0.35703125 0.0265625 0.0328125
0 0.578125 0.409375 0.028125 0.034375
0 0.5734375 0.37578125 0.0296875 0.034375
0 0.5546875 0.4203125 0.0265625 0.0328125
0 0.55234375 0.2875 0.0296875 0.034375
0 0.51875 0.296875 0.025 0.0328125
0 0.496875 0.2984375 0.025 0.0328125
0 0.45546875 0.32265625 0.028125 0.0375
0 0.4953125 0.43359375 0.028125 0.0359375
0 0.46328125 0.43984375 0.025 0.0328125
0 0.5296875 0.5484375 0.028125 0.034375
0 0.52109375 0.51796875 0.028125 0.0328125
0 0.52578125 0.5890625 0.025 0.0328125
0 0.48671875 0.5328125 0.0265625 0.03125
0 0.46484375 0.52109375 0.025 0.03125
0 0.4421875 0.496875 0.0265625 0.03125
0 0.3734375 0.4140625 0.0265625 0.0328125
0 0.41875 0.61484375 0.028125 0.034375
0 0.428125 0.6625 0.028125 0.034375
0 0.45625 0.66796875 0.028125 0.0359375
0 0.4671875 0.6953125 0.025 0.034375
0 0.47421875 0.6484375 0.0265625 0.034375
0 0.484375 0.71640625 0.025 0.0328125
0 0.5015625 0.68203125 0.028125 0.034375
0 0.52265625 0.7296875 0.028125 0.034375
0 0.6453125 0.515625 0.021875 0.0328125
0 0.6265625 0.52109375 0.025 0.034375
0 0.615625 0.4921875 0.028125 0.03125
0 0.59296875 0.53046875 0.028125 0.0328125
0 0.63203125 0.57265625 0.028125 0.0328125
0 0.6671875 0.58671875 0.0265625 0.0328125
0 0.690625 0.59609375 0.025 0.0296875
0 0.66171875 0.678125 0.028125 0.034375
0 0.63515625 0.678125 0.028125 0.034375
0 0.5875 0.56171875 0.03125 0.03125
0 0.590625 0.6671875 0.028125 0.0375
0 0.584375 0.71328125 0.03125 0.0375
0 0.5578125 0.740625 0.028125 0.0328125
0 0.60625 0.90078125 0.028125 0.0375
0 0.57578125 0.896875 0.028125 0.0375
0 0.52265625 0.83203125 0.0296875 0.0421875
0 0.53359375 0.86796875 0.028125 0.0375
0 0.54296875 0.9234375 0.028125 0.0359375
0 0.5265625 0.9453125 0.025 0.034375
0 0.5 0.9515625 0.03125 0.0375
0 0.49375 0.9125 0.0265625 0.0328125
0 0.46640625 0.86484375 0.028125 0.0328125
0 0.459375 0.89453125 0.025 0.034375
0 0.46953125 0.94296875 0.028125 0.034375
0 0.4546875 0.9234375 0.025 0.0328125
0 0.4390625 0.94765625 0.03125 0.034375
0 0.4296875 0.91328125 0.028125 0.0359375
0 0.4296875 0.88203125 0.0296875 0.0359375
0 0.42734375 0.815625 0.028125 0.0375
0 0.40390625 0.8265625 0.028125 0.0375
0 0.41328125 0.78359375 0.028125 0.034375
0 0.4015625 0.7578125 0.028125 0.034375
0 0.38359375 0.7421875 0.025 0.034375
0 0.36953125 0.71640625 0.028125 0.034375
0 0.378125 0.8890625 0.0296875 0.0375
0 0.36953125 0.81171875 0.0296875 0.0375
0 0.3640625 0.771875 0.028125 0.034375
0 0.3234375 0.65234375 0.028125 0.034375
0 0.3375 0.72265625 0.03125 0.0359375
0 0.29296875 0.80234375 0.028125 0.0375
0 0.24921875 0.771875 0.028125 0.034375
0 0.24609375 0.6046875 0.028125 0.034375
0 0.203125 0.68046875 0.028125 0.034375
0 0.35703125 0.509375 0.028125 0.03125
0 0.3421875 0.415625 0.025 0.0328125
0 0.346875 0.459375 0.025 0.0296875
0 0.3234375 0.43671875 0.028125 0.034375
0 0.31640625 0.40546875 0.025 0.0296875
0 0.315625 0.34921875 0.028125 0.03125
0 0.29140625 0.3625 0.0296875 0.0328125
0 0.29765625 0.48203125 0.028125 0.034375
0 0.284375 0.44921875 0.0265625 0.03125
0 0.27890625 0.39453125 0.0265625 0.0359375