0 0.76171875 0.37265625 0.03125 0.034375
0 0.66796875 0.44296875 0.03125 0.028125
0 0.5875 0.45546875 0.03125 0.0328125
0 0.57734375 0.26953125 0.03125 0.03125
0 0.5265625 0.34765625 0.028125 0.028125
0 0.71328125 0.66484375 0.028125 0.025
0 0.7328125 0.653125 0.028125 0.0296875
0 0.70859375 0.68125 0.0265625 0.025
0 0.68984375 0.70078125 0.028125 0.028125
0 0.665625 0.690625 0.028125 0.028125
0 0.65390625 0.62890625 0.028125 0.028125
0 0.665625 0.6078125 0.028125 0.028125
0 0.64296875 0.6078125 0.025 0.0265625
0 0.6484375 0.65390625 0.028125 0.028125
0 0.62734375 0.64296875 0.028125 0.0296875
0 0.61875 0.60703125 0.028125 0.03125
0 0.55546875 0.57109375 0.03125 0.03125
0 0.60390625 0.7 0.034375 0.034375
0 0.565625 0.86953125 0.028125 0.0296875
0 0.546875 0.85703125 0.028125 0.028125
0 0.48828125 0.87109375 0.03125 0.03125
0 0.321875 0.8875 0.03125 0.0328125
0 0.18515625 0.83125 0.03125 0.034375
0 0.21171875 0.784375 0.03125 0.028125
0 0.221875 0.7640625 0.03125 0.0296875
0 0.2484375 0.7625 0.028125 0.0296875
0 0.265625 0.74375 0.034375 0.03125
0 0.2484375 0.6765625 0.0359375 0.028125
0 0.2953125 0.465625 0.034375 0.028125
0 0.3 0.26640625 0.028125 0.03125
0 0.2734375 0.2734375 0.03125 0.0296875