0 0.31328125 0.4203125 0.0203125 0.0203125
0 0.31171875 0.4046875 0.0203125 0.01875
0 0.61953125 0.70859375 0.0203125 0.021875
0 0.61015625 0.66328125 0.0203125 0.0234375
0 0.60078125 0.64921875 0.0203125 0.0203125
0 0.60546875 0.634375 0.0203125 0.0203125
0 0.58515625 0.628125 0.0203125 0.0203125
0 0.59609375 0.6140625 0.0203125 0.0203125
0 0.575 0.61171875 0.0203125 0.021875
0 0.57265625 0.59140625 0.0203125 0.0234375
0 0.56171875 0.578125 0.0171875 0.0203125
0 0.578125 0.5703125 0.01875 0.0203125
0 0.56640625 0.55703125 0.01875 0.0203125
0 0.584375 0.5515625 0.0203125 0.0203125
0 0.57109375 0.53984375 0.0203125 0.0203125
0 0.515625 0.5515625 0.0203125 0.0203125
0 0.4484375 0.61015625 0.0203125 0.0234375
0 0.42890625 0.540625 0.0203125 0.0203125
0 0.4328125 0.5234375 0.0171875 0.0171875
0 0.4484375 0.5125 0.01875 0.0203125
0 0.43125 0.50625 0.0171875 0.01875
0 0.48203125 0.509375 0.01875 0.0203125
0 0.46796875 0.49765625 0.01875 0.0203125
0 0.453125 0.49609375 0.0171875 0.01875
0 0.43671875 0.49140625 0.0203125 0.0203125
0 0.42109375 0.49375 0.01875 0.01875
0 0.4109375 0.48203125 0.0203125 0.0203125
0 0.3953125 0.47578125 0.0203125 0.01875
0 0.4390625 0.4765625 0.0203125 0.01875
0 0.42109375 0.45390625 0.0171875 0.0203125
0 0.45703125 0.47890625 0.0171875 0.0171875
0 0.471875 0.47109375 0.0171875 0.0171875
0 0.45859375 0.4640625 0.0203125 0.0203125
0 0.47109375 0.45078125 0.0171875 0.0203125
0 0.45546875 0.44765625 0.0171875 0.0171875
0 0.46171875 0.43203125 0.01875 0.01875
0 0.4453125 0.4296875 0.01875 0.0171875
0 0.421875 0.43515625 0.01875 0.0203125
0 0.45 0.4140625 0.0203125 0.0203125
0 0.425 0.415625 0.0171875 0.01875
0 0.41796875 0.4015625 0.01875 0.0203125
0 0.55703125 0.4640625 0.0203125 0.0203125
0 0.56328125 0.44765625 0.0203125 0.0203125
0 0.50625 0.35859375 0.0203125 0.0203125