0 0.60703125 0.65078125 0.0265625 0.03125
0 0.58828125 0.6875 0.025 0.0328125
0 0.615625 0.7640625 0.0234375 0.028125
0 0.66640625 0.6171875 0.021875 0.0296875
0 0.7125 0.6296875 0.021875 0.0265625
0 0.70546875 0.6546875 0.021875 0.028125
0 0.73984375 0.66484375 0.021875 0.025
0 0.7484375 0.69375 0.025 0.0265625
0 0.765625 0.6546875 0.021875 0.0265625
0 0.7703125 0.59921875 0.025 0.0265625
0 0.7671875 0.575 0.021875 0.028125
0 0.784375 0.584375 0.021875 0.0265625
0 0.7671875 0.4984375 0.025 0.0265625
0 0.73671875 0.51875 0.021875 0.0265625
0 0.71484375 0.50546875 0.021875 0.0296875
0 0.69296875 0.50234375 0.0234375 0.0265625
0 0.6796875 0.48359375 0.0234375 0.0265625
0 0.69453125 0.434375 0.021875 0.0296875
0 0.67265625 0.44296875 0.021875 0.0265625
0 0.6671875 0.465625 0.021875 0.025
0 0.60546875 0.51796875 0.021875 0.0265625
0 0.6234375 0.50703125 0.021875 0.0296875
0 0.640625 0.4734375 0.025 0.03125
0 0.65234375 0.35859375 0.025 0.0296875
0 0.63046875 0.365625 0.025 0.0296875
0 0.59609375 0.35 0.025 0.0296875
0 0.5875 0.38046875 0.021875 0.0265625
0 0.6046875 0.396875 0.021875 0.028125
0 0.565625 0.43203125 0.025 0.0265625
0 0.54296875 0.41953125 0.021875 0.0296875
0 0.5390625 0.4546875 0.021875 0.0296875
0 0.5515625 0.4703125 0.021875 0.0265625
0 0.56875 0.53125 0.021875 0.0265625
0 0.58359375 0.5328125 0.01875 0.0265625
0 0.55546875 0.5234375 0.0203125 0.0203125
0 0.56640625 0.54921875 0.0171875 0.021875
0 0.55234375 0.565625 0.0203125 0.025
0 0.53984375 0.6046875 0.021875 0.028125
0 0.54140625 0.66171875 0.0203125 0.021875
0 0.5296875 0.71015625 0.021875 0.0296875
0 0.521875 0.64921875 0.021875 0.028125
0 0.54375 0.640625 0.0203125 0.0234375
0 0.56640625 0.15859375 0.025 0.0296875
0 0.53828125 0.16875 0.025 0.03125
0 0.50390625 0.153125 0.025 0.0296875
0 0.4859375 0.1390625 0.025 0.0296875
0 0.4609375 0.15390625 0.021875 0.0265625
0 0.4484375 0.178125 0.021875 0.0296875
0 0.4203125 0.225 0.0234375 0.0296875
0 0.41640625 0.196875 0.0234375 0.0296875
0 0.4296875 0.17890625 0.021875 0.028125
0 0.45234375 0.20390625 0.0234375 0.0265625
0 0.46640625 0.2234375 0.025 0.028125
0 0.44609375 0.22734375 0.021875 0.0296875
0 0.51015625 0.21015625 0.025 0.0265625
0 0.49921875 0.23359375 0.0234375 0.0265625
0 0.48515625 0.2515625 0.021875 0.0265625
0 0.571875 0.26875 0.0234375 0.0296875
0 0.54921875 0.26796875 0.021875 0.0296875
0 0.53125 0.2765625 0.021875 0.0296875
0 0.54921875 0.2953125 0.021875 0.028125
0 0.51875 0.309375 0.0234375 0.0265625
0 0.5328125 0.30390625 0.0171875 0.0265625
0 0.5140625 0.32734375 0.0203125 0.0203125
0 0.50078125 0.34921875 0.021875 0.028125
0 0.440625 0.3 0.021875 0.0328125
0 0.45859375 0.31484375 0.021875 0.0296875
0 0.446875 0.3359375 0.0234375 0.028125
0 0.43203125 0.35625 0.0234375 0.028125
0 0.4390625 0.3828125 0.021875 0.0296875
0 0.471875 0.42734375 0.0234375 0.0265625
0 0.47578125 0.40234375 0.0203125 0.0265625
0 0.490625 0.4125 0.021875 0.028125
0 0.49609375 0.43046875 0.0203125 0.0234375
0 0.4921875 0.44453125 0.0203125 0.021875
0 0.50234375 0.46796875 0.025 0.028125
0 0.49765625 0.51171875 0.021875 0.028125
0 0.48125 0.52734375 0.021875 0.028125
0 0.5328125 0.5046875 0.021875 0.0265625
0 0.52265625 0.52890625 0.0203125 0.0234375
0 0.528125 0.54375 0.021875 0.0265625
0 0.53046875 0.5578125 0.021875 0.0203125
0 0.528125 0.5796875 0.021875 0.028125
0 0.53828125 0.578125 0.015625 0.0265625
0 0.5125 0.56875 0.0203125 0.0234375
0 0.50390625 0.59140625 0.021875 0.0265625
0 0.5140625 0.603125 0.01875 0.0234375
0 0.48828125 0.5765625 0.021875 0.0265625
0 0.49296875 0.61171875 0.021875 0.0296875
0 0.45234375 0.6015625 0.025 0.0296875
0 0.47265625 0.615625 0.021875 0.0296875
0 0.48828125 0.6421875 0.0234375 0.025
0 0.5140625 0.62734375 0.01875 0.025
0 0.5015625 0.63671875 0.01875 0.0265625
0 0.47578125 0.675 0.021875 0.0296875
0 0.425 0.64375 0.025 0.0296875
0 0.34609375 0.47265625 0.0265625 0.0328125
0 0.36796875 0.47734375 0.021875 0.0328125
0 0.8140625 0.48125 0.025 0.0265625