0 0.52265625 0.4640625 0.01875 0.015625
0 0.51484375 0.45703125 0.0125 0.0125
0 0.53671875 0.4640625 0.0140625 0.0125
0 0.54375 0.47265625 0.0171875 0.0140625
0 0.5296875 0.471875 0.0140625 0.0125
0 0.55234375 0.48046875 0.015625 0.015625
0 0.5390625 0.48125 0.0140625 0.0125
0 0.5671875 0.4875 0.0140625 0.0125
0 0.55546875 0.490625 0.0140625 0.0125
0 0.54375 0.4921875 0.0140625 0.0125
0 0.56875 0.5078125 0.0140625 0.0125
0 0.559375 0.51328125 0.0140625 0.0125
0 0.56796875 0.49765625 0.0140625 0.0125
0 0.55625 0.49921875 0.0140625 0.0125
0 0.5453125 0.50390625 0.0140625 0.0125
0 0.534375 0.50625 0.0140625 0.0125
0 0.53203125 0.5234375 0.015625 0.0125
0 0.5328125 0.49453125 0.0140625 0.0125
0 0.55 0.5265625 0.015625 0.0125
0 0.52109375 0.4984375 0.0140625 0.0125
0 0.56015625 0.52578125 0.015625 0.0125
0 0.525 0.51171875 0.0140625 0.0125
0 0.57265625 0.52265625 0.015625 0.015625
0 0.546875 0.515625 0.0140625 0.0140625
0 0.58203125 0.5171875 0.015625 0.0125
0 0.56484375 0.475 0.0171875 0.0140625
0 0.546875 0.4625 0.01875 0.015625
0 0.52734375 0.45546875 0.015625 0.0125
0 0.51875 0.44765625 0.0140625 0.0125
0 0.50546875 0.446875 0.015625 0.0140625
0 0.4953125 0.4515625 0.0140625 0.0140625
0 0.475 0.4515625 0.0171875 0.0140625
0 0.453125 0.44296875 0.0171875 0.0109375
0 0.46640625 0.4328125 0.0171875 0.0125
0 0.46015625 0.41875 0.015625 0.015625
0 0.4546875 0.4359375 0.015625 0.0125
0 0.440625 0.4578125 0.0171875 0.0125
0 0.45546875 0.4765625 0.0140625 0.0140625
0 0.428125 0.45078125 0.0171875 0.0140625
0 0.46640625 0.484375 0.015625 0.0140625
0 0.4515625 0.49140625 0.0140625 0.0125
0 0.478125 0.48125 0.0171875 0.0125
0 0.47109375 0.49765625 0.0171875 0.015625
0 0.45546875 0.5 0.0140625 0.0140625
0 0.44375 0.49375 0.0140625 0.0140625
0 0.4109375 0.475 0.0171875 0.0140625
0 0.3984375 0.47109375 0.0171875 0.0125
0 0.3875 0.49609375 0.01875 0.015625
0 0.43125 0.51328125 0.0171875 0.015625
0 0.4515625 0.515625 0.0171875 0.0140625
0 0.45 0.53359375 0.01875 0.015625
0 0.4421875 0.52578125 0.015625 0.0125
0 0.43046875 0.52734375 0.015625 0.0140625
0 0.4078125 0.5796875 0.0140625 0.0125
0 0.425 0.55390625 0.0171875 0.0140625
0 0.40390625 0.5734375 0.015625 0.0140625
0 0.46328125 0.55703125 0.0140625 0.0125
0 0.45078125 0.55703125 0.0171875 0.015625
0 0.42109375 0.578125 0.015625 0.015625
0 0.47421875 0.5625 0.0140625 0.0125
0 0.46875 0.571875 0.0171875 0.0140625
0 0.45625 0.57421875 0.015625 0.015625
0 0.43203125 0.60390625 0.015625 0.015625
0 0.4546875 0.59453125 0.015625 0.0140625
0 0.60703125 0.515625 0.01875 0.015625
0 0.5890625 0.52578125 0.0171875 0.0140625
0 0.56640625 0.546875 0.0125 0.0125
0 0.5796875 0.5328125 0.0140625 0.0125
0 0.63984375 0.55078125 0.015625 0.0125
0 0.625 0.53984375 0.015625 0.0140625
0 0.57734375 0.5421875 0.0140625 0.0125
0 0.56328125 0.5390625 0.0140625 0.0125
0 0.48359375 0.60234375 0.0171875 0.0125
0 0.5046875 0.57890625 0.0140625 0.0140625
0 0.5125 0.546875 0.0140625 0.0140625
0 0.49609375 0.51328125 0.0140625 0.0140625
0 0.528125 0.56796875 0.015625 0.015625
0 0.51328125 0.5671875 0.0171875 0.015625
0 0.5390625 0.5734375 0.0140625 0.0140625
0 0.525 0.58203125 0.015625 0.0125
0 0.56875 0.5578125 0.0140625 0.0125
0 0.54453125 0.5828125 0.015625 0.015625
0 0.559375 0.56484375 0.0140625 0.0125
0 0.55 0.59453125 0.0140625 0.0125
0 0.57109375 0.571875 0.015625 0.0125
0 0.55078125 0.571875 0.0109375 0.0109375
0 0.58125 0.553125 0.0140625 0.0125
0 0.5640625 0.58125 0.0125 0.0125
0 0.55546875 0.5765625 0.0140625 0.0125
0 0.5546875 0.6109375 0.015625 0.015625
0 0.62109375 0.575 0.0140625 0.0125
0 0.61171875 0.5671875 0.0171875 0.0125
0 0.565625 0.6046875 0.0140625 0.0140625
0 0.5546875 0.6203125 0.0140625 0.0140625
0 0.6125 0.61171875 0.01875 0.015625
0 0.5921875 0.6171875 0.0140625 0.0140625
0 0.5671875 0.62578125 0.015625 0.0125
0 0.54609375 0.640625 0.015625 0.015625
0 0.521875 0.63828125 0.0140625 0.0140625