0 0.334375 0.74609375 0.04375 0.040625
0 0.35078125 0.7171875 0.040625 0.040625
0 0.3296875 0.778125 0.040625 0.040625
0 0.321875 0.8171875 0.0421875 0.040625
0 0.33203125 0.85 0.04375 0.04375
0 0.38984375 0.859375 0.04375 0.04375
0 0.45234375 0.8453125 0.04375 0.046875
0 0.58984375 0.2515625 0.0421875 0.046875
0 0.62265625 0.2078125 0.040625 0.040625
0 0.79765625 0.3546875 0.0375 0.0359375
0 0.64765625 0.32265625 0.034375 0.0359375
0 0.646875 0.35703125 0.0359375 0.0375
0 0.68984375 0.375 0.034375 0.0390625
0 0.584375 0.44296875 0.034375 0.0375
0 0.61171875 0.446875 0.0328125 0.0328125
0 0.653125 0.4109375 0.034375 0.034375
0 0.68046875 0.46171875 0.0375 0.040625
0 0.609375 0.47734375 0.0359375 0.0359375
0 0.66875 0.49765625 0.034375 0.0359375
0 0.590625 0.50234375 0.034375 0.0359375
0 0.61640625 0.50625 0.028125 0.0328125
0 0.64140625 0.5046875 0.0328125 0.0328125
0 0.57890625 0.5328125 0.034375 0.0359375
0 0.4671875 0.6546875 0.0390625 0.0375
0 0.521875 0.6359375 0.0375 0.0375
0 0.55859375 0.58828125 0.0359375 0.0375
0 0.590625 0.590625 0.0375 0.0375
0 0.5890625 0.5609375 0.0328125 0.0328125
0 0.60625 0.53828125 0.0296875 0.0328125
0 0.62890625 0.53125 0.0296875 0.0328125
0 0.6578125 0.5421875 0.0328125 0.0328125
0 0.62734375 0.559375 0.0328125 0.034375
0 0.65 0.5703125 0.0296875 0.0328125
0 0.6765625 0.56796875 0.034375 0.0359375
0 0.6375 0.6296875 0.0375 0.0375
0 0.5984375 0.690625 0.034375 0.0359375
0 0.628125 0.67578125 0.0375 0.0375
0 0.5546875 0.79296875 0.034375 0.0359375
0 0.5578125 0.8796875 0.03125 0.0359375
0 0.58359375 0.8828125 0.03125 0.0359375
0 0.6234375 0.78671875 0.034375 0.0359375
0 0.6703125 0.73046875 0.034375 0.034375
0 0.73046875 0.7453125 0.0328125 0.0328125
0 0.81953125 0.80703125 0.0296875 0.0296875
0 0.80703125 0.790625 0.028125 0.028125
0 0.7796875 0.7890625 0.0265625 0.0296875
0 0.78359375 0.76484375 0.0265625 0.0265625
0 0.80625 0.7671875 0.0265625 0.0296875
0 0.8 0.7453125 0.0265625 0.028125
0 0.79140625 0.72734375 0.0265625 0.0296875
0 0.82109375 0.74609375 0.0265625 0.028125
0 0.83125 0.76328125 0.028125 0.0296875
0 0.83828125 0.728125 0.028125 0.03125
0 0.80859375 0.7 0.025 0.0296875
0 0.81640625 0.71953125 0.0296875 0.0296875
0 0.790625 0.69375 0.028125 0.0328125
0 0.8046875 0.6703125 0.0296875 0.0296875
0 0.8515625 0.6703125 0.0296875 0.03125
0 0.82890625 0.68984375 0.028125 0.03125
0 0.82734375 0.6671875 0.0265625 0.0296875
0 0.815625 0.646875 0.0265625 0.0296875
0 0.83046875 0.625 0.0265625 0.0296875
0 0.81015625 0.6140625 0.028125 0.03125
0 0.80625 0.58671875 0.028125 0.0296875
0 0.8265625 0.59296875 0.0265625 0.0296875
0 0.77890625 0.56640625 0.0296875 0.03125
0 0.8046875 0.5234375 0.0265625 0.0328125
0 0.81328125 0.47890625 0.0296875 0.0296875
0 0.82890625 0.4453125 0.0296875 0.0328125
0 0.8359375 0.47421875 0.028125 0.0296875
0 0.82421875 0.50078125 0.0265625 0.03125
0 0.803125 0.55078125 0.025 0.028125
0 0.82109375 0.5625 0.0265625 0.0296875
0 0.82265625 0.5375 0.025 0.028125
0 0.8390625 0.51796875 0.0265625 0.0296875
0 0.85625 0.46015625 0.028125 0.0328125
0 0.8484375 0.49140625 0.0265625 0.0328125
0 0.84296875 0.54296875 0.0265625 0.0296875
0 0.86015625 0.51328125 0.025 0.0296875
0 0.86875 0.48984375 0.0265625 0.028125
0 0.8828125 0.471875 0.0265625 0.0328125
0 0.8421875 0.56796875 0.025 0.0265625
0 0.853125 0.590625 0.0265625 0.0296875
0 0.86796875 0.57109375 0.0265625 0.0296875
0 0.8625 0.54765625 0.0234375 0.028125
0 0.8765625 0.52578125 0.0265625 0.0265625
0 0.8859375 0.503125 0.0296875 0.028125
0 0.9015625 0.48359375 0.028125 0.0296875
0 0.89609375 0.5265625 0.0234375 0.025
0 0.88671875 0.54921875 0.0265625 0.0296875
0 0.875 0.59609375 0.0265625 0.0296875
0 0.8875 0.575 0.0265625 0.0296875
0 0.86015625 0.6140625 0.0265625 0.028125
0 0.88046875 0.62265625 0.0265625 0.0296875
0 0.90390625 0.61171875 0.0296875 0.0328125
0 0.92421875 0.56875 0.0296875 0.0328125
0 0.91640625 0.534375 0.0265625 0.0296875
0 0.9078125 0.5078125 0.0265625 0.0265625
0 0.93046875 0.50625 0.0265625 0.03125
0 0.94140625 0.53359375 0.028125 0.0296875