0 0.53203125 0.8515625 0.03125 0.034375
0 0.55625 0.83515625 0.03125 0.034375
0 0.53203125 0.82578125 0.0296875 0.0296875
0 0.5609375 0.81015625 0.0328125 0.0359375
0 0.534375 0.80078125 0.0296875 0.0328125
0 0.55 0.78359375 0.0296875 0.0328125
0 0.56796875 0.76796875 0.0359375 0.0375
0 0.5234375 0.771875 0.0328125 0.0359375
0 0.54375 0.75546875 0.03125 0.034375
0 0.5734375 0.73515625 0.0359375 0.0390625
0 0.50546875 0.746875 0.028125 0.0296875
0 0.5125 0.72265625 0.0296875 0.0328125
0 0.53671875 0.72578125 0.034375 0.0375
0 0.465625 0.88046875 0.0296875 0.0328125
0 0.49140625 0.8734375 0.03125 0.034375
0 0.43984375 0.878125 0.03125 0.03125
0 0.46171875 0.85703125 0.03125 0.03125
0 0.48359375 0.846875 0.034375 0.034375
0 0.40546875 0.85625 0.0265625 0.0296875
0 0.4265625 0.85546875 0.028125 0.0296875
0 0.44140625 0.84296875 0.028125 0.0296875
0 0.4640625 0.8296875 0.028125 0.0328125
0 0.38359375 0.86015625 0.028125 0.0296875
0 0.38359375 0.83828125 0.025 0.0296875
0 0.4015625 0.83125 0.025 0.0296875
0 0.42109375 0.8265625 0.028125 0.03125
0 0.440625 0.82109375 0.0265625 0.0328125
0 0.45703125 0.8015625 0.0296875 0.0390625
0 0.428125 0.76875 0.034375 0.0375
0 0.359375 0.8375 0.0296875 0.0328125
0 0.37421875 0.81796875 0.0265625 0.0328125
0 0.390625 0.8078125 0.0328125 0.0328125
0 0.3234375 0.84609375 0.0265625 0.0265625
0 0.33671875 0.82421875 0.028125 0.0296875
0 0.3515625 0.80625 0.025 0.0296875
0 0.36875 0.790625 0.028125 0.0296875
0 0.3125 0.81328125 0.028125 0.03125
0 0.33203125 0.79921875 0.028125 0.0296875
0 0.34921875 0.78125 0.028125 0.0296875
0 0.2984375 0.834375 0.03125 0.0328125
0 0.30390625 0.78828125 0.028125 0.03125
0 0.325 0.77421875 0.028125 0.0328125
0 0.29296875 0.76484375 0.03125 0.03125
0 0.12734375 0.7609375 0.03125 0.0328125
0 0.14375 0.7078125 0.028125 0.03125
0 0.52421875 0.6984375 0.0359375 0.040625
0 0.6328125 0.67890625 0.0421875 0.0421875
0 0.4859375 0.7015625 0.03125 0.034375
0 0.49765625 0.6828125 0.0296875 0.0328125
0 0.509375 0.66328125 0.0359375 0.034375
0 0.47890625 0.66171875 0.034375 0.0390625
0 0.5015625 0.63515625 0.034375 0.034375
0 0.3921875 0.70390625 0.03125 0.0328125
0 0.409375 0.6875 0.03125 0.034375
0 0.36171875 0.6640625 0.0265625 0.0328125
0 0.38125 0.6640625 0.034375 0.034375
0 0.35625 0.63828125 0.03125 0.03125
0 0.42265625 0.64375 0.034375 0.040625
0 0.3296875 0.75078125 0.0265625 0.0296875
0 0.3515625 0.75390625 0.028125 0.0328125
0 0.2609375 0.7734375 0.028125 0.03125
0 0.271875 0.740625 0.0265625 0.0296875
0 0.2921875 0.7390625 0.0265625 0.03125
0 0.31015625 0.7359375 0.0265625 0.03125
0 0.315625 0.71484375 0.028125 0.0328125
0 0.26640625 0.71640625 0.0265625 0.0296875
0 0.27734375 0.70078125 0.025 0.0296875
0 0.29453125 0.69296875 0.0296875 0.0296875
0 0.29140625 0.65 0.028125 0.0328125
0 0.265625 0.6796875 0.028125 0.0296875
0 0.27421875 0.66015625 0.028125 0.03125
0 0.3015625 0.671875 0.0296875 0.0328125
0 0.27109375 0.63046875 0.0328125 0.034375
0 0.346875 0.61328125 0.03125 0.034375
0 0.37578125 0.62109375 0.03125 0.034375
0 0.59765625 0.58125 0.0390625 0.040625
0 0.52265625 0.54296875 0.034375 0.034375
0 0.5734375 0.54921875 0.0390625 0.040625
0 0.53046875 0.57578125 0.0328125 0.0359375
0 0.50625 0.53125 0.0328125 0.0359375
0 0.35546875 0.5828125 0.028125 0.0296875
0 0.37734375 0.58515625 0.034375 0.0375
0 0.4515625 0.53984375 0.03125 0.034375
0 0.33125 0.5828125 0.0328125 0.0359375
0 0.3546875 0.5546875 0.028125 0.0328125
0 0.26640625 0.59375 0.03125 0.034375
0 0.3390625 0.5609375 0.025 0.03125
0 0.3796875 0.5515625 0.034375 0.034375
0 0.4 0.5359375 0.0359375 0.034375
0 0.4765625 0.51171875 0.0390625 0.040625
0 0.36171875 0.525 0.0359375 0.0375
0 0.4015625 0.5046875 0.0375 0.0375
0 0.27421875 0.5515625 0.0359375 0.0375
0 0.334375 0.47265625 0.0375 0.0375
0 0.528125 0.4375 0.0421875 0.0453125
0 0.49296875 0.4 0.0359375 0.040625
0 0.36953125 0.3984375 0.0359375 0.0390625
0 0.16875 0.40234375 0.03125 0.034375
0 0.15625 0.353125 0.0328125 0.0359375