0 0.62578125 0.64296875 0.015625 0.0203125
0 0.58359375 0.6859375 0.01484375 0.01796875
0 0.4546875 0.71171875 0.015625 0.01640625
0 0.434375 0.66875 0.01328125 0.01484375
0 0.4203125 0.671875 0.0125 0.01640625
0 0.40546875 0.67421875 0.01328125 0.01484375
0 0.39765625 0.6609375 0.0125 0.01328125
0 0.42578125 0.653125 0.01484375 0.0140625
0 0.41171875 0.65703125 0.01171875 0.0140625
0 0.415625 0.64140625 0.01640625 0.0140625
0 0.4015625 0.64765625 0.01484375 0.0125
0 0.38828125 0.65 0.0140625 0.015625
0 0.3828125 0.665625 0.01484375 0.0171875
0 0.36875 0.66328125 0.01328125 0.0140625
0 0.3625 0.64921875 0.015625 0.01640625
0 0.34765625 0.66171875 0.01484375 0.0140625
0 0.33671875 0.653125 0.01328125 0.015625
0 0.325 0.6671875 0.01484375 0.01484375
0 0.36484375 0.63359375 0.01484375 0.01640625
0 0.375 0.64375 0.015625 0.01640625
0 0.38046875 0.628125 0.01484375 0.015625
0 0.4078125 0.62734375 0.01484375 0.01796875
0 0.3921875 0.63671875 0.015625 0.01484375
0 0.38125 0.6125 0.0140625 0.01640625
0 0.36015625 0.61171875 0.01484375 0.01640625
0 0.35 0.6015625 0.015625 0.01484375
0 0.371875 0.5984375 0.01640625 0.015625
0 0.36015625 0.584375 0.01328125 0.015625
0 0.34140625 0.5875 0.015625 0.01640625
0 0.31328125 0.62421875 0.0140625 0.0171875
0 0.3 0.6234375 0.01328125 0.01484375
0 0.30703125 0.61015625 0.0140625 0.01640625
0 0.2921875 0.61171875 0.0140625 0.01875
0 0.28203125 0.5984375 0.01328125 0.01640625
0 0.31484375 0.58984375 0.0140625 0.01484375
0 0.30234375 0.59453125 0.0125 0.0171875
0 0.29140625 0.58828125 0.01328125 0.01484375
0 0.28203125 0.57734375 0.0125 0.0140625
0 0.2734375 0.5671875 0.0140625 0.01640625
0 0.29453125 0.57421875 0.01484375 0.01640625
0 0.2875 0.5609375 0.0140625 0.0171875
0 0.30859375 0.57265625 0.0140625 0.015625
0 0.30078125 0.5609375 0.0125 0.01640625
0 0.3234375 0.5703125 0.0140625 0.0171875
0 0.3296875 0.55546875 0.0125 0.015625
0 0.3140625 0.55859375 0.01328125 0.01640625
0 0.3203125 0.54453125 0.0125 0.01484375
0 0.30703125 0.546875 0.01171875 0.0140625
0 0.29453125 0.5453125 0.0125 0.015625
0 0.28125 0.54296875 0.0125 0.01328125
0 0.26875 0.5484375 0.0140625 0.0140625
0 0.2890625 0.5328125 0.0125 0.0171875
0 0.3109375 0.5328125 0.0125 0.01484375
0 0.32421875 0.51015625 0.01171875 0.015625
0 0.3125 0.51953125 0.01484375 0.015625
0 0.29921875 0.5203125 0.01328125 0.01328125
0 0.28828125 0.5140625 0.01328125 0.01640625
0 0.2734375 0.51328125 0.0125 0.015625
0 0.30078125 0.5046875 0.0140625 0.01640625
0 0.290625 0.496875 0.0109375 0.01328125
0 0.275 0.49453125 0.01328125 0.0140625
0 0.30234375 0.48984375 0.0140625 0.0140625
0 0.31640625 0.48359375 0.0140625 0.01875
0 0.2984375 0.475 0.0125 0.015625
0 0.284375 0.47890625 0.01171875 0.01640625
0 0.271875 0.4765625 0.0140625 0.015625
0 0.27421875 0.45625 0.01171875 0.015625
0 0.28515625 0.44296875 0.0109375 0.01484375
0 0.2734375 0.4390625 0.01171875 0.01640625
0 0.27421875 0.4234375 0.01171875 0.015625
0 0.259375 0.40859375 0.01171875 0.0140625
0 0.28671875 0.4265625 0.0109375 0.01484375
0 0.33046875 0.4578125 0.0125 0.01640625
0 0.3203125 0.43984375 0.0125 0.01328125
0 0.33359375 0.42734375 0.01640625 0.01484375
0 0.2984375 0.428125 0.01328125 0.0140625
0 0.29375 0.415625 0.01328125 0.01328125
0 0.2828125 0.409375 0.015625 0.01640625
0 0.30703125 0.41796875 0.0109375 0.0125
0 0.34140625 0.415625 0.0140625 0.0140625
0 0.30859375 0.3953125 0.0125 0.0140625
0 0.29453125 0.39921875 0.0109375 0.015625
0 0.28125 0.3921875 0.01171875 0.015625
0 0.2953125 0.38125 0.0125 0.01953125
0 0.2828125 0.378125 0.0109375 0.0171875
0 0.2671875 0.378125 0.01328125 0.01640625
0 0.290625 0.359375 0.01328125 0.01640625
0 0.27734375 0.3671875 0.01328125 0.015625
0 0.26171875 0.36484375 0.0140625 0.01875
0 0.28046875 0.34453125 0.01171875 0.0171875
0 0.26875 0.3515625 0.015625 0.01796875
0 0.265625 0.33828125 0.01171875 0.01484375
0 0.27421875 0.3265625 0.0140625 0.01796875
0 0.25546875 0.3265625 0.0140625 0.0171875
0 0.27421875 0.30390625 0.0140625 0.01796875
0 0.2625 0.31015625 0.01328125 0.01640625
0 0.3296875 0.35859375 0.0140625 0.0171875
0 0.315625 0.325 0.015625 0.01875
0 0.35390625 0.3421875 0.01484375 0.0171875
0 0.340625 0.3203125 0.01328125 0.01796875
0 0.3671875 0.3046875 0.0125 0.01484375
0 0.35546875 0.3015625 0.01328125 0.01796875
0 0.3546875 0.31796875 0.0140625 0.01796875
0 0.3453125 0.29609375 0.01328125 0.01484375
0 0.3328125 0.28828125 0.0171875 0.01640625
0 0.3546875 0.2859375 0.0125 0.015625
0 0.3671875 0.28828125 0.0140625 0.01640625
0 0.3640625 0.36171875 0.01328125 0.01796875
0 0.36875 0.38125 0.01484375 0.015625
0 0.37109375 0.3984375 0.01484375 0.015625
0 0.37421875 0.4125 0.01328125 0.0140625
0 0.46875 0.57734375 0.0140625 0.01796875
0 0.4359375 0.55390625 0.01328125 0.015625
0 0.4234375 0.5453125 0.01328125 0.015625
0 0.48046875 0.53125 0.015625 0.0171875
0 0.42265625 0.503125 0.01484375 0.015625
0 0.3921875 0.465625 0.0125 0.01484375
0 0.3984375 0.4515625 0.01328125 0.0140625
0 0.3828125 0.4546875 0.0125 0.0140625
0 0.36875 0.4546875 0.01328125 0.015625
0 0.35234375 0.4515625 0.0109375 0.0140625
0 0.3828125 0.43984375 0.01171875 0.01484375
0 0.36484375 0.4421875 0.0125 0.0125
0 0.36328125 0.42734375 0.01171875 0.0140625
0 0.35078125 0.4375 0.01328125 0.0125
0 0.38359375 0.421875 0.0125 0.015625
0 0.25703125 0.26015625 0.01328125 0.01328125
0 0.378125 0.27578125 0.0109375 0.01484375
0 0.39296875 0.2703125 0.01171875 0.0140625
0 0.36640625 0.2703125 0.01328125 0.0140625
0 0.3546875 0.271875 0.0125 0.0140625
0 0.340625 0.27734375 0.0109375 0.01484375
0 0.33125 0.2671875 0.0125 0.015625
0 0.34765625 0.259375 0.0109375 0.01484375
0 0.3359375 0.25078125 0.0140625 0.0140625
0 0.3640625 0.25703125 0.0125 0.01328125
0 0.3515625 0.2453125 0.0125 0.015625
0 0.37734375 0.26171875 0.01171875 0.01484375
0 0.37734375 0.24609375 0.01015625 0.0140625
0 0.36484375 0.240625 0.0125 0.0140625
0 0.3921875 0.24375 0.0125 0.015625
0 0.38046875 0.2296875 0.0125 0.015625
0 0.3625 0.225 0.015625 0.015625
0 0.39921875 0.2234375 0.01328125 0.01484375