0 0.30625 0.53046875 0.015625 0.015625
0 0.3234375 0.4984375 0.015625 0.01875
0 0.38984375 0.4296875 0.015625 0.015625
0 0.4140625 0.44453125 0.015625 0.015625
0 0.4140625 0.45703125 0.0140625 0.015625
0 0.425 0.45625 0.0140625 0.0140625
0 0.40546875 0.46484375 0.0140625 0.015625
0 0.41875 0.46796875 0.0125 0.0140625
0 0.43671875 0.46171875 0.015625 0.015625
0 0.4109375 0.475 0.0109375 0.0109375
0 0.396875 0.47890625 0.0140625 0.0140625
0 0.40703125 0.48515625 0.0140625 0.0140625
0 0.43359375 0.4734375 0.015625 0.015625
0 0.39609375 0.4921875 0.015625 0.015625
0 0.4234375 0.484375 0.0125 0.0125
0 0.41484375 0.50703125 0.0140625 0.0140625
0 0.4140625 0.4953125 0.015625 0.015625
0 0.38125 0.51015625 0.015625 0.015625
0 0.3984375 0.53125 0.015625 0.015625
0 0.409375 0.5171875 0.0125 0.0140625
0 0.43125 0.4984375 0.0140625 0.015625
0 0.43828125 0.48671875 0.015625 0.015625
0 0.446875 0.496875 0.015625 0.015625
0 0.428125 0.52109375 0.0140625 0.0140625
0 0.4359375 0.51015625 0.015625 0.015625
0 0.44765625 0.50859375 0.0140625 0.015625
0 0.4203125 0.53359375 0.0140625 0.0125
0 0.45390625 0.521875 0.0140625 0.015625
0 0.46484375 0.52890625 0.0140625 0.015625
0 0.478125 0.525 0.0140625 0.015625
0 0.50859375 0.521875 0.0125 0.0140625
0 0.51796875 0.5203125 0.0125 0.0125
0 0.4953125 0.525 0.0109375 0.0109375
0 0.50390625 0.5125 0.0109375 0.0109375
0 0.48671875 0.51953125 0.0125 0.0125
0 0.49375 0.51015625 0.0125 0.0125
0 0.4625 0.5171875 0.0109375 0.0109375
0 0.47421875 0.515625 0.0140625 0.0125
0 0.48203125 0.50703125 0.0125 0.0125
0 0.4671875 0.5078125 0.0125 0.0125
0 0.47578125 0.4984375 0.015625 0.015625
0 0.4625 0.4984375 0.0140625 0.0140625
0 0.4671875 0.4890625 0.0125 0.0125
0 0.47734375 0.4875 0.0140625 0.0140625
0 0.49140625 0.49921875 0.015625 0.0140625
0 0.50625 0.503125 0.0125 0.0125
0 0.51953125 0.5078125 0.0125 0.0140625
0 0.53125 0.50390625 0.015625 0.015625
0 0.540625 0.496875 0.015625 0.015625
0 0.571875 0.459375 0.015625 0.015625
0 0.54765625 0.48515625 0.0125 0.0140625
0 0.52578125 0.49453125 0.0125 0.0125
0 0.5265625 0.48515625 0.0140625 0.0140625
0 0.53515625 0.4765625 0.0125 0.0140625
0 0.5171875 0.49140625 0.0140625 0.0140625
0 0.53203125 0.4671875 0.015625 0.0140625
0 0.50625 0.48046875 0.0140625 0.015625
0 0.5265625 0.4578125 0.015625 0.015625
0 0.496875 0.47109375 0.0140625 0.0140625
0 0.5140625 0.46328125 0.0125 0.0125
0 0.490625 0.46015625 0.015625 0.015625
0 0.47890625 0.45078125 0.0109375 0.0109375
0 0.47890625 0.4609375 0.015625 0.0140625
0 0.475 0.44140625 0.0140625 0.0125
0 0.4578125 0.44921875 0.015625 0.015625
0 0.4546875 0.4359375 0.0125 0.0140625
0 0.56796875 0.44296875 0.015625 0.015625
0 0.50625 0.4421875 0.015625 0.015625
0 0.5171875 0.45 0.0140625 0.015625
0 0.49765625 0.43515625 0.0140625 0.0171875
0 0.51953125 0.434375 0.015625 0.0140625
0 0.484375 0.4328125 0.015625 0.015625
0 0.51015625 0.42421875 0.015625 0.015625
0 0.471875 0.4265625 0.0140625 0.015625
0 0.446875 0.425 0.0140625 0.0140625
0 0.4234375 0.41015625 0.0140625 0.0140625
0 0.43203125 0.40234375 0.0140625 0.0140625
0 0.4375 0.41484375 0.015625 0.015625
0 0.44765625 0.4109375 0.0140625 0.015625
0 0.46640625 0.4125 0.015625 0.015625
0 0.46328125 0.40078125 0.0140625 0.015625
0 0.46640625 0.38671875 0.015625 0.015625
0 0.478125 0.39140625 0.015625 0.015625
0 0.4921875 0.3828125 0.0125 0.0140625
0 0.4953125 0.371875 0.0140625 0.015625
0 0.50625 0.38515625 0.015625 0.015625
0 0.50703125 0.37109375 0.0140625 0.015625
0 0.60234375 0.40859375 0.015625 0.015625
0 0.5375 0.36796875 0.015625 0.015625
0 0.54921875 0.36875 0.015625 0.015625
0 0.5390625 0.38671875 0.0140625 0.015625
0 0.553125 0.37890625 0.015625 0.0140625
0 0.56328125 0.38828125 0.015625 0.015625
0 0.54296875 0.33515625 0.015625 0.0171875
0 0.46015625 0.3703125 0.015625 0.015625
0 0.43515625 0.36953125 0.015625 0.015625
0 0.45234375 0.33515625 0.015625 0.015625
0 0.35 0.34765625 0.015625 0.015625
0 0.35234375 0.325 0.015625 0.015625