0 0.4484375 0.06953125 0.0625 0.0625
0 0.44375 0.01875 0.06875 0.0375
0 0.8 0.00703125 0.06875 0.0140625
0 0.884375 0.00859375 0.075 0.0171875
0 0.8765625 0.11640625 0.075 0.0734375
0 0.78515625 0.1796875 0.0703125 0.071875
0 0.69765625 0.2171875 0.06875 0.071875
0 0.76484375 0.23828125 0.06875 0.06875
0 0.74375 0.29609375 0.0734375 0.06875
0 0.82578125 0.2890625 0.071875 0.065625
0 0.76953125 0.35859375 0.06875 0.06875
0 0.70703125 0.378125 0.065625 0.0671875
0 0.7359375 0.421875 0.0625 0.0625
0 0.86484375 0.35859375 0.065625 0.059375
0 0.821875 0.39453125 0.06875 0.075
0 0.80390625 0.45078125 0.065625 0.065625
0 0.825 0.51640625 0.071875 0.0640625
0 0.7375 0.48125 0.059375 0.0640625
0 0.68203125 0.43203125 0.0640625 0.06875
0 0.60546875 0.41640625 0.06875 0.0640625
0 0.63203125 0.47421875 0.06875 0.0640625
0 0.684375 0.50078125 0.06875 0.065625
0 0.58046875 0.51015625 0.0703125 0.071875
0 0.62734375 0.546875 0.0609375 0.0625
0 0.684375 0.55859375 0.0625 0.065625
0 0.74140625 0.55625 0.0703125 0.071875
0 0.70703125 0.60625 0.0640625 0.0625
0 0.76171875 0.62109375 0.075 0.0734375
0 0.72578125 0.66640625 0.0609375 0.0640625
0 0.66875 0.64296875 0.0671875 0.065625
0 0.67734375 0.70625 0.0625 0.0640625
0 0.72265625 0.76953125 0.0625 0.0578125
0 0.7703125 0.84296875 0.0609375 0.065625
0 0.56171875 0.79296875 0.06875 0.0671875
0 0.52734375 0.83203125 0.0625 0.0640625
0 0.50078125 0.8984375 0.0671875 0.06875
0 0.46484375 0.84765625 0.065625 0.0671875
0 0.47734375 0.7921875 0.065625 0.0625
0 0.53125 0.73203125 0.0625 0.0609375
0 0.5203125 0.67578125 0.065625 0.065625
0 0.571875 0.63671875 0.065625 0.059375
0 0.62421875 0.6 0.06875 0.0671875
0 0.521875 0.5578125 0.053125 0.0640625
0 0.4671875 0.5734375 0.059375 0.0640625
0 0.428125 0.68125 0.0671875 0.075
0 0.446875 0.7421875 0.0625 0.06875
0 0.4046875 0.8109375 0.0640625 0.06875
0 0.35234375 0.83515625 0.065625 0.0640625
0 0.346875 0.634375 0.059375 0.065625
0 0.29140625 0.62578125 0.0609375 0.0625
0 0.265625 0.68125 0.06875 0.06875
0 0.16484375 0.70234375 0.0703125 0.0703125
0 0.23515625 0.62578125 0.0640625 0.06875
0 0.2390625 0.57109375 0.0734375 0.0703125
0 0.259375 0.51796875 0.0671875 0.0703125
0 0.1921875 0.521875 0.071875 0.0734375
0 0.13203125 0.44375 0.0734375 0.075
0 0.26796875 0.41484375 0.0703125 0.078125
0 0.3078125 0.37421875 0.065625 0.065625
0 0.5 0.4140625 0.0609375 0.06875
0 0.49453125 0.35703125 0.0640625 0.06875
0 0.4546875 0.29609375 0.0671875 0.06875
0 0.50546875 0.25859375 0.065625 0.0625
0 0.49296875 0.203125 0.075 0.0703125
0 0.4203125 0.19453125 0.06875 0.0734375
0 0.4125 0.26171875 0.0734375 0.0734375
0 0.37265625 0.31171875 0.0703125 0.0703125
0 0.334375 0.26328125 0.0640625 0.0703125
0 0.284375 0.31484375 0.0703125 0.0703125
0 0.3359375 0.190625 0.0703125 0.071875
0 0.30625 0.12734375 0.0703125 0.0703125
0 0.15546875 0.2046875 0.065625 0.065625
0 0.18671875 0.33125 0.06875 0.06875
0 0.1140625 0.165625 0.065625 0.0625