0 0.6265625 0.690625 0.015625 0.015625
0 0.66328125 0.6625 0.0171875 0.0171875
0 0.7 0.55390625 0.015625 0.015625
0 0.6671875 0.53203125 0.0140625 0.0125
0 0.67109375 0.51953125 0.0125 0.0125
0 0.675 0.50625 0.0125 0.0125
0 0.6609375 0.5109375 0.0125 0.0140625
0 0.66640625 0.49765625 0.0125 0.0125
0 0.65546875 0.52265625 0.0125 0.0125
0 0.64609375 0.51171875 0.0125 0.0125
0 0.653125 0.4984375 0.0125 0.0125
0 0.6578125 0.4875 0.0125 0.0125
0 0.6453125 0.48984375 0.0125 0.0125
0 0.63671875 0.50390625 0.015625 0.0140625
0 0.6703125 0.48515625 0.0125 0.0125
0 0.67109375 0.46953125 0.0125 0.0125
0 0.65390625 0.475 0.015625 0.0140625
0 0.659375 0.46328125 0.0125 0.0125
0 0.671875 0.45078125 0.0125 0.0125
0 0.66640625 0.4390625 0.0125 0.0125
0 0.6796875 0.42734375 0.0140625 0.0125
0 0.63984375 0.47734375 0.0125 0.0125
0 0.64609375 0.4640625 0.0125 0.0125
0 0.6265625 0.47734375 0.0125 0.0125
0 0.615625 0.46796875 0.0125 0.0125
0 0.628125 0.4578125 0.0140625 0.0125
0 0.62109375 0.44609375 0.0140625 0.0125
0 0.6046875 0.4546875 0.0140625 0.0125
0 0.609375 0.43515625 0.0125 0.0125
0 0.58828125 0.5546875 0.0140625 0.0125
0 0.57265625 0.5234375 0.0125 0.0109375
0 0.56640625 0.51015625 0.0125 0.0125
0 0.55078125 0.56171875 0.0125 0.0125
0 0.64375 0.41171875 0.0125 0.0125
0 0.64453125 0.39921875 0.0109375 0.0109375
0 0.63203125 0.4046875 0.0125 0.0125
0 0.63515625 0.3890625 0.0125 0.0125
0 0.61953125 0.3984375 0.0125 0.0109375
0 0.61484375 0.4109375 0.0125 0.0125
0 0.62421875 0.3765625 0.0125 0.0125
0 0.61484375 0.38515625 0.0125 0.0125
0 0.603125 0.38828125 0.0125 0.0125
0 0.60625 0.37578125 0.0125 0.0125
0 0.59765625 0.365625 0.0125 0.0125
0 0.590625 0.378125 0.0125 0.0125
0 0.59921875 0.40078125 0.0125 0.0109375
0 0.59609375 0.4171875 0.0140625 0.0125
0 0.5875 0.40703125 0.0125 0.0125
0 0.5890625 0.39296875 0.0125 0.0125
0 0.5828125 0.42109375 0.0125 0.0125
0 0.57421875 0.4109375 0.0125 0.0125
0 0.57890625 0.39921875 0.0125 0.0125
0 0.578125 0.38515625 0.0125 0.0125
0 0.57734375 0.371875 0.0125 0.0125
0 0.5828125 0.35859375 0.0125 0.0125
0 0.56484375 0.37734375 0.0125 0.0125
0 0.56484375 0.40078125 0.0125 0.0125
0 0.55234375 0.40078125 0.0125 0.0125
0 0.55546875 0.38671875 0.0125 0.0125
0 0.55 0.375 0.0125 0.0125
0 0.55 0.3609375 0.0125 0.0125
0 0.54140625 0.3875 0.0125 0.0125
0 0.53515625 0.37421875 0.0125 0.0125
0 0.534375 0.35859375 0.0125 0.0125
0 0.54453125 0.41171875 0.0125 0.0125
0 0.52890625 0.38828125 0.0125 0.0125
0 0.521875 0.4 0.015625 0.0140625
0 0.515625 0.38203125 0.0140625 0.0125
0 0.51875 0.36640625 0.0125 0.0140625
0 0.5171875 0.353125 0.0125 0.0125
0 0.53203125 0.50625 0.0140625 0.0125
0 0.5015625 0.47265625 0.0125 0.0125
0 0.4890625 0.47734375 0.0125 0.0125
0 0.4921875 0.46328125 0.0125 0.0125
0 0.4796875 0.46171875 0.0140625 0.0125
0 0.49375 0.45 0.0125 0.0125
0 0.4828125 0.44453125 0.0109375 0.0125
0 0.49140625 0.43359375 0.0109375 0.0125
0 0.48046875 0.4296875 0.0125 0.0125
0 0.4703125 0.4421875 0.0125 0.0125
0 0.465625 0.46171875 0.0140625 0.0125
0 0.45703125 0.45078125 0.0125 0.0125
0 0.496875 0.4140625 0.0140625 0.0125
0 0.4828125 0.40078125 0.015625 0.0140625
0 0.471875 0.41328125 0.0125 0.0125
0 0.46015625 0.42109375 0.0125 0.0125
0 0.4453125 0.44609375 0.0125 0.0125
0 0.43046875 0.4421875 0.0125 0.0125
0 0.49921875 0.35390625 0.0125 0.0125
0 0.4875 0.36484375 0.0125 0.0125
0 0.484375 0.35234375 0.0125 0.0125
0 0.4734375 0.3640625 0.0125 0.0125
0 0.4703125 0.35078125 0.0125 0.0125
0 0.4578125 0.3359375 0.0140625 0.015625
0 0.45625 0.3578125 0.0125 0.0125
0 0.4734375 0.37578125 0.0125 0.0125
0 0.4625 0.37109375 0.0125 0.0125
0 0.46484375 0.384375 0.0125 0.0125
0 0.4484375 0.36875 0.0125 0.0109375
0 0.44453125 0.384375 0.0125 0.0125
0 0.44296875 0.35546875 0.0125 0.0125
0 0.4328125 0.36875 0.0125 0.0125
0 0.43046875 0.35546875 0.0125 0.0125
0 0.43046875 0.3390625 0.0125 0.0125
0 0.41875 0.3484375 0.0125 0.0125
0 0.41796875 0.33203125 0.0125 0.0140625
0 0.40625 0.33828125 0.0125 0.0125
0 0.4125 0.3625 0.0125 0.0125
0 0.4 0.35078125 0.0125 0.0125
0 0.39375 0.334375 0.0125 0.0125
0 0.3828125 0.34140625 0.0125 0.0125
0 0.38359375 0.32109375 0.0125 0.0125
0 0.36953125 0.32734375 0.0125 0.0125
0 0.3640625 0.3390625 0.0125 0.0125
0 0.3828125 0.384375 0.0125 0.0125
0 0.4109375 0.40234375 0.0125 0.0125
0 0.4125 0.43671875 0.0125 0.0125
0 0.396875 0.425 0.0140625 0.0140625
0 0.378125 0.409375 0.0140625 0.0125
0 0.3765625 0.42265625 0.0140625 0.0125
0 0.3640625 0.43359375 0.0125 0.0125
0 0.3609375 0.42265625 0.0125 0.0125
0 0.35703125 0.4109375 0.0125 0.0125
0 0.3515625 0.3984375 0.0140625 0.015625
0 0.34921875 0.4203125 0.0125 0.0125
0 0.35 0.434375 0.0125 0.0125
0 0.340625 0.4046875 0.0125 0.0109375
0 0.33203125 0.39375 0.0140625 0.0125
0 0.31875 0.39765625 0.0125 0.0125
0 0.3265625 0.41015625 0.0125 0.0125
0 0.33515625 0.4296875 0.0125 0.0125
0 0.3359375 0.41796875 0.0125 0.0109375
0 0.33984375 0.43984375 0.0125 0.0125
0 0.33515625 0.4546875 0.0125 0.0125
0 0.32734375 0.4390625 0.0125 0.0125
0 0.3234375 0.42578125 0.0125 0.0125
0 0.31328125 0.4125 0.0109375 0.0125
0 0.31484375 0.43671875 0.0125 0.0109375
0 0.309375 0.425 0.0125 0.0109375
0 0.31328125 0.45234375 0.0125 0.0125
0 0.30078125 0.4390625 0.0125 0.0125
0 0.29609375 0.421875 0.0125 0.0125
0 0.296875 0.45703125 0.015625 0.0140625
0 0.32421875 0.31640625 0.015625 0.015625