0 0.42109375 0.8 0.03359375 0.0375
0 0.40078125 0.7171875 0.0328125 0.034375
0 0.3828125 0.6921875 0.03125 0.0328125
0 0.3015625 0.68125 0.03359375 0.03359375
0 0.178125 0.71015625 0.0328125 0.03359375
0 0.17265625 0.77265625 0.0359375 0.034375
0 0.196875 0.66953125 0.03203125 0.034375
0 0.23984375 0.64140625 0.0328125 0.03203125
0 0.3328125 0.59765625 0.034375 0.03125
0 0.40859375 0.58984375 0.03125 0.03203125
0 0.48359375 0.7234375 0.03203125 0.03515625
0 0.4390625 0.70546875 0.03125 0.0328125
0 0.4828125 0.6890625 0.03203125 0.0328125
0 0.471875 0.66328125 0.034375 0.03203125
0 0.4109375 0.66796875 0.03515625 0.0328125
0 0.5265625 0.69921875 0.03203125 0.03359375
0 0.5578125 0.6796875 0.03046875 0.0328125
0 0.5265625 0.659375 0.03046875 0.0328125
0 0.496875 0.64296875 0.028125 0.03046875
0 0.46328125 0.628125 0.03359375 0.03046875
0 0.4578125 0.6 0.03203125 0.0296875
0 0.46015625 0.57265625 0.02890625 0.02890625
0 0.51875 0.5921875 0.0296875 0.0296875
0 0.48515625 0.58515625 0.02890625 0.0265625
0 0.53515625 0.61875 0.02890625 0.03203125
0 0.59609375 0.67734375 0.034375 0.03515625
0 0.56015625 0.64453125 0.03203125 0.03125
0 0.63359375 0.67265625 0.03671875 0.03125
0 0.61875 0.6453125 0.0328125 0.028125
0 0.59765625 0.62578125 0.0296875 0.03125
0 0.63828125 0.6234375 0.03203125 0.03125
0 0.671875 0.615625 0.03046875 0.03125
0 0.69140625 0.59453125 0.0328125 0.03046875
0 0.6578125 0.58359375 0.03046875 0.02890625
0 0.6328125 0.5953125 0.03125 0.03125
0 0.60234375 0.5953125 0.03203125 0.03125
0 0.565625 0.6 0.03046875 0.03203125
0 0.578125 0.5734375 0.03046875 0.028125
0 0.60859375 0.55703125 0.0296875 0.0296875
0 0.6796875 0.55234375 0.03046875 0.03203125
0 0.6375 0.55390625 0.0296875 0.03046875
0 0.53671875 0.56953125 0.03125 0.02734375
0 0.49765625 0.54765625 0.0296875 0.02890625
0 0.465625 0.54140625 0.03046875 0.028125
0 0.421875 0.5453125 0.0328125 0.03203125
0 0.52734375 0.54609375 0.028125 0.02734375
0 0.559375 0.55 0.02890625 0.02890625
0 0.5796875 0.5328125 0.028125 0.0296875
0 0.6390625 0.52421875 0.03125 0.0265625
0 0.60859375 0.521875 0.03359375 0.0296875
0 0.68671875 0.52265625 0.0296875 0.03046875
0 0.66484375 0.49765625 0.02890625 0.02734375
0 0.634375 0.496875 0.0296875 0.0265625
0 0.5703125 0.50703125 0.028125 0.02578125
0 0.55 0.525 0.02890625 0.0265625
0 0.534375 0.503125 0.03046875 0.02578125
0 0.50703125 0.515625 0.0296875 0.028125
0 0.4734375 0.515625 0.0296875 0.0265625
0 0.47265625 0.47734375 0.0296875 0.028125
0 0.50703125 0.4859375 0.02890625 0.025
0 0.55234375 0.48671875 0.02890625 0.02734375
0 0.5578125 0.4609375 0.02734375 0.02421875
0 0.61796875 0.471875 0.02890625 0.02421875
0 0.58203125 0.48515625 0.02890625 0.02578125
0 0.6640625 0.47109375 0.03046875 0.02578125
0 0.6125 0.44765625 0.03125 0.0234375
0 0.5875 0.45703125 0.03046875 0.025
0 0.6921875 0.46796875 0.03046875 0.02734375
0 0.3296875 0.53359375 0.03046875 0.03203125
0 0.4640625 0.40859375 0.0296875 0.02734375
0 0.66953125 0.44765625 0.03046875 0.025
0 0.64375 0.440625 0.028125 0.02421875
0 0.69765625 0.428125 0.03046875 0.0265625
0 0.646875 0.41875 0.02578125 0.02265625
0 0.621875 0.42265625 0.028125 0.0234375
0 0.59609375 0.43125 0.028125 0.0234375
0 0.56796875 0.41640625 0.02734375 0.02421875
0 0.5625 0.4375 0.03046875 0.02421875
0 0.53984375 0.39921875 0.02734375 0.02421875
0 0.59453125 0.40859375 0.028125 0.02421875
0 0.625 0.40078125 0.0265625 0.0234375
0 0.6546875 0.396875 0.0296875 0.0234375
0 0.65390625 0.3734375 0.02890625 0.02265625
0 0.621875 0.37890625 0.02890625 0.0234375
0 0.59296875 0.3859375 0.028125 0.02265625
0 0.565625 0.38671875 0.02734375 0.025
0 0.546875 0.37109375 0.025 0.025
0 0.5640625 0.35546875 0.025 0.02421875
0 0.61484375 0.3578125 0.02734375 0.0234375
0 0.5890625 0.36015625 0.02578125 0.025
0 0.68203125 0.35625 0.02734375 0.02578125
0 0.640625 0.3546875 0.02578125 0.02265625
0 0.703125 0.38046875 0.028125 0.0265625
0 0.728125 0.33359375 0.02890625 0.0265625
0 0.69453125 0.31171875 0.028125 0.025
0 0.62265625 0.3390625 0.03046875 0.0234375
0 0.62421875 0.31875 0.0265625 0.02421875
0 0.64140625 0.30078125 0.02578125 0.02578125
0 0.6734375 0.26875 0.02890625 0.02734375
0 0.75625 0.2796875 0.028125 0.025