0 0.11796875 0.41640625 0.0359375 0.0359375
0 0.21640625 0.51796875 0.0359375 0.034375
0 0.04609375 0.61328125 0.0359375 0.0328125
0 0.23203125 0.49296875 0.0359375 0.0328125
0 0.29765625 0.4703125 0.0359375 0.0328125
0 0.25625 0.45546875 0.0359375 0.034375
0 0.2109375 0.45390625 0.0359375 0.034375
0 0.2234375 0.42734375 0.0359375 0.034375
0 0.309375 0.44375 0.0328125 0.034375
0 0.278125 0.4375 0.0359375 0.0359375
0 0.265625 0.5390625 0.0359375 0.0359375
0 0.09140625 0.67109375 0.0359375 0.0328125
0 0.07890625 0.6421875 0.034375 0.0359375
0 0.334375 0.45546875 0.034375 0.0328125
0 0.32890625 0.490625 0.0359375 0.0359375
0 0.36171875 0.484375 0.0359375 0.0328125
0 0.11796875 0.6546875 0.0328125 0.03125
0 0.103125 0.63125 0.034375 0.0328125
0 0.39765625 0.4640625 0.0328125 0.0328125
0 0.10546875 0.59609375 0.034375 0.0328125
0 0.38828125 0.4890625 0.034375 0.0328125
0 0.1578125 0.5953125 0.0328125 0.034375
0 0.209375 0.5828125 0.034375 0.0328125
0 0.340625 0.52265625 0.0359375 0.0328125
0 0.2203125 0.6078125 0.034375 0.0328125
0 0.3609375 0.4265625 0.034375 0.0328125
0 0.378125 0.51484375 0.034375 0.0328125
0 0.315625 0.53828125 0.0359375 0.034375
0 0.3609375 0.45625 0.034375 0.034375
0 0.33046875 0.425 0.0359375 0.0359375
0 0.1328125 0.5828125 0.0359375 0.0328125
0 0.14140625 0.6421875 0.034375 0.0328125
0 0.41640625 0.5015625 0.0359375 0.0328125
0 0.23203125 0.63203125 0.0359375 0.0328125
0 0.1671875 0.56875 0.0328125 0.0328125
0 0.1203125 0.68671875 0.0328125 0.0328125
0 0.43359375 0.45078125 0.0359375 0.034375
0 0.37265625 0.54140625 0.0359375 0.0328125
0 0.28671875 0.57109375 0.0359375 0.0359375
0 0.40234375 0.52734375 0.034375 0.0328125
0 0.43046875 0.52421875 0.034375 0.0328125
0 0.4109375 0.4359375 0.0359375 0.0359375
0 0.4421875 0.496875 0.0328125 0.0328125
0 0.25234375 0.41171875 0.0375 0.0359375
0 0.1578125 0.665625 0.0328125 0.0328125
0 0.11015625 0.5671875 0.0359375 0.034375
0 0.384375 0.440625 0.034375 0.0328125
0 0.45234375 0.471875 0.0328125 0.0328125
0 0.17734375 0.64609375 0.0328125 0.0328125
0 0.1640625 0.62265625 0.0328125 0.0328125
0 0.32421875 0.56953125 0.0359375 0.0359375
0 0.46953125 0.49375 0.034375 0.0328125
0 0.48203125 0.46640625 0.0328125 0.0328125
0 0.46171875 0.4421875 0.0359375 0.034375
0 0.13046875 0.61484375 0.0359375 0.0359375
0 0.49140625 0.4390625 0.034375 0.0328125
0 0.446875 0.41875 0.034375 0.0328125
0 0.19296875 0.62265625 0.0359375 0.0328125
0 0.4953125 0.4890625 0.0359375 0.0328125
0 0.4265625 0.5515625 0.0359375 0.034375
0 0.459375 0.51953125 0.0359375 0.034375
0 0.42265625 0.47734375 0.034375 0.034375
0 0.4171875 0.40859375 0.0359375 0.034375
0 0.1421875 0.55546875 0.0359375 0.0328125
0 0.1859375 0.59375 0.0359375 0.0359375
0 0.525 0.43984375 0.0359375 0.0328125
0 0.52265625 0.484375 0.0359375 0.0359375
0 0.47578125 0.41640625 0.0359375 0.0328125
0 0.54140625 0.46328125 0.0359375 0.0328125
0 0.19296875 0.55703125 0.0359375 0.0359375
0 0.4546875 0.54765625 0.0359375 0.034375
0 0.5625 0.446875 0.0359375 0.034375
0 0.62578125 0.41484375 0.0359375 0.0328125
0 0.54609375 0.4234375 0.0359375 0.034375
0 0.5703125 0.40703125 0.034375 0.034375
0 0.4921875 0.5140625 0.0359375 0.0328125
0 0.58671875 0.43046875 0.0359375 0.0328125
0 0.58671875 0.45859375 0.0359375 0.0328125
0 0.61171875 0.44375 0.0359375 0.034375
0 0.60703125 0.3953125 0.0359375 0.0359375
0 0.51953125 0.51171875 0.034375 0.0328125
0 0.63671875 0.3890625 0.0359375 0.034375
0 0.48359375 0.53984375 0.034375 0.0328125
0 0.61640625 0.36875 0.0359375 0.0328125
0 0.64296875 0.36171875 0.0359375 0.0328125
0 0.66484375 0.38203125 0.0375 0.0359375
0 0.6890625 0.31640625 0.0359375 0.0359375
0 0.50859375 0.46015625 0.034375 0.0328125
0 0.6546875 0.4078125 0.0359375 0.034375
0 0.66484375 0.33671875 0.0359375 0.0328125
0 0.54375 0.39453125 0.0359375 0.0359375
0 0.6140625 0.471875 0.034375 0.0328125
0 0.70625 0.3390625 0.0375 0.0359375
0 0.5109375 0.41640625 0.034375 0.0328125
0 0.56328125 0.35859375 0.0359375 0.0359375
0 0.684375 0.35859375 0.0359375 0.034375
0 0.7015625 0.2890625 0.0359375 0.0328125
0 0.59453125 0.35078125 0.0359375 0.034375
0 0.58359375 0.37734375 0.0359375 0.0328125
0 0.69140625 0.38671875 0.0359375 0.0359375
0 0.7296875 0.27890625 0.0359375 0.0359375
0 0.65 0.315625 0.0359375 0.034375
0 0.6375 0.4578125 0.034375 0.034375
0 0.74609375 0.3015625 0.0359375 0.0359375
0 0.56015625 0.4875 0.0359375 0.034375
0 0.675 0.28984375 0.0359375 0.034375
0 0.63125 0.33671875 0.0359375 0.0359375
0 0.734375 0.3359375 0.0359375 0.0359375
0 0.64609375 0.434375 0.034375 0.0328125
0 0.78984375 0.2734375 0.0359375 0.034375
0 0.81171875 0.3 0.0359375 0.034375
0 0.8140625 0.25703125 0.0359375 0.0328125
0 0.8625 0.29140625 0.0359375 0.0328125
0 0.71875 0.2515625 0.0359375 0.0359375
0 0.76328125 0.325 0.0359375 0.034375
0 0.78828125 0.34609375 0.0359375 0.0359375
0 0.81796875 0.3265625 0.0359375 0.034375
0 0.71875 0.31171875 0.0359375 0.034375
0 0.7109375 0.36484375 0.0359375 0.034375
0 0.84296875 0.36640625 0.0375 0.0359375
0 0.89921875 0.27109375 0.0359375 0.034375
0 0.7546875 0.26640625 0.0359375 0.0359375
0 0.76875 0.3671875 0.0359375 0.0359375
0 0.8328125 0.27890625 0.0375 0.034375
0 0.8421875 0.25390625 0.0359375 0.034375
0 0.64609375 0.28671875 0.0359375 0.0359375
0 0.79375 0.37890625 0.0359375 0.0359375
0 0.75546875 0.39375 0.0359375 0.0359375
0 0.7890625 0.31953125 0.0359375 0.0359375
0 0.83984375 0.31171875 0.0375 0.034375
0 0.84453125 0.3390625 0.0359375 0.0359375
0 0.740625 0.3640625 0.0359375 0.0359375
0 0.7765625 0.24765625 0.0359375 0.0359375
0 0.68046875 0.421875 0.034375 0.034375
0 0.82109375 0.2296875 0.0359375 0.0359375
0 0.7875 0.40625 0.0359375 0.0359375
0 0.70625 0.4109375 0.0359375 0.0359375
0 0.75546875 0.2296875 0.0359375 0.0359375
0 0.87421875 0.31796875 0.0359375 0.034375
0 0.81484375 0.35625 0.0359375 0.034375
0 0.86953125 0.265625 0.034375 0.0328125
0 0.86484375 0.23671875 0.0359375 0.034375
0 0.77421875 0.29375 0.0359375 0.034375
0 0.728125 0.38984375 0.0359375 0.0359375
0 0.55390625 0.3859375 0.015625 0.0203125