0 0.22421875 0.690625 0.04375 0.03359375
0 0.25390625 0.71328125 0.0453125 0.03671875
0 0.2953125 0.71015625 0.040625 0.0359375
0 0.30859375 0.66875 0.040625 0.03359375
0 0.22734375 0.65546875 0.0421875 0.03359375
0 0.271875 0.65390625 0.04765625 0.03203125
0 0.18671875 0.62890625 0.04609375 0.03515625
0 0.17109375 0.58203125 0.0515625 0.03515625
0 0.30625 0.63125 0.04296875 0.03515625
0 0.19921875 0.5515625 0.05 0.03828125
0 0.225 0.44609375 0.04609375 0.0359375
0 0.2375 0.4953125 0.0484375 0.03359375
0 0.2953125 0.553125 0.04609375 0.0375
0 0.340625 0.5421875 0.04296875 0.03125
0 0.3703125 0.56953125 0.04375 0.03125
0 0.4015625 0.54765625 0.03984375 0.0328125
0 0.37890625 0.5203125 0.04609375 0.0328125
0 0.4765625 0.5609375 0.034375 0.03203125
0 0.51640625 0.5578125 0.0375 0.0296875
0 0.49609375 0.53203125 0.0375 0.03046875
0 0.44765625 0.5421875 0.03828125 0.03203125
0 0.41328125 0.4390625 0.04140625 0.034375
0 0.403125 0.4921875 0.0390625 0.03125
0 0.4265625 0.51640625 0.0359375 0.02890625
0 0.4671875 0.51328125 0.0359375 0.03046875
0 0.49921875 0.5 0.03515625 0.03125
0 0.45 0.4890625 0.03203125 0.0296875
0 0.475 0.471875 0.03984375 0.0265625
0 0.51796875 0.475 0.034375 0.028125
0 0.53046875 0.51640625 0.03359375 0.03125
0 0.50625 0.44765625 0.040625 0.028125
0 0.55078125 0.48203125 0.03515625 0.02890625
0 0.5640625 0.45546875 0.0328125 0.028125
0 0.58359375 0.49140625 0.0328125 0.03046875
0 0.58203125 0.4359375 0.03671875 0.0265625
0 0.59609375 0.46484375 0.03046875 0.02890625
0 0.62421875 0.48125 0.03203125 0.028125
0 0.61640625 0.44921875 0.03359375 0.02578125
0 0.575 0.41015625 0.03359375 0.02734375
0 0.60625 0.42109375 0.02890625 0.028125
0 0.6375 0.42890625 0.028125 0.02578125
0 0.6453125 0.459375 0.028125 0.02421875
0 0.66484375 0.47890625 0.0359375 0.02734375
0 0.66640625 0.4375 0.0265625 0.02734375
0 0.69609375 0.44453125 0.0265625 0.0265625
0 0.67421875 0.41484375 0.0296875 0.028125
0 0.70546875 0.4203125 0.02890625 0.02421875
0 0.68515625 0.2109375 0.021875 0.028125
0 0.70390625 0.20859375 0.0265625 0.02421875
0 0.66328125 0.20859375 0.03671875 0.025
0 0.68671875 0.178125 0.03046875 0.028125
0 0.715625 0.18828125 0.03046875 0.025
0 0.7453125 0.19921875 0.0296875 0.0296875
0 0.6609375 0.2359375 0.02890625 0.02890625
0 0.66953125 0.29453125 0.03515625 0.02890625
0 0.65859375 0.2671875 0.0328125 0.0265625
0 0.64765625 0.31015625 0.0296875 0.03046875
0 0.68984375 0.325 0.03125 0.03046875
0 0.7265625 0.30234375 0.0328125 0.02734375
0 0.7125 0.27265625 0.0328125 0.02734375
0 0.74453125 0.265625 0.028125 0.02578125
0 0.771875 0.2796875 0.02890625 0.028125
0 0.6609375 0.37890625 0.0296875 0.028125
0 0.703125 0.390625 0.03125 0.028125
0 0.7328125 0.4109375 0.03515625 0.02890625
0 0.7796875 0.40703125 0.0328125 0.028125
0 0.76015625 0.37421875 0.0296875 0.0265625
0 0.78828125 0.3796875 0.028125 0.02734375
0 0.8546875 0.4609375 0.03046875 0.02734375
0 0.85546875 0.4265625 0.0296875 0.02578125
0 0.83984375 0.4078125 0.02734375 0.0265625
0 0.82109375 0.3921875 0.02578125 0.0203125
0 0.87421875 0.40390625 0.02890625 0.02578125
0 0.85703125 0.3890625 0.02578125 0.02421875
0 0.83515625 0.37421875 0.02421875 0.0234375
0 0.80703125 0.359375 0.025 0.02578125
0 0.83125 0.35 0.02265625 0.0203125
0 0.86875 0.36875 0.02421875 0.02109375
0 0.88984375 0.38515625 0.0234375 0.021875
0 0.9 0.40859375 0.025 0.021875
0 0.91484375 0.390625 0.025 0.021875
0 0.9359375 0.3671875 0.02265625 0.02265625
0 0.890625 0.359375 0.02421875 0.025
0 0.9140625 0.35234375 0.02421875 0.021875
0 0.87265625 0.346875 0.02421875 0.021875
0 0.84765625 0.340625 0.02734375 0.021875
0 0.821875 0.32734375 0.02890625 0.0234375
0 0.82265625 0.3015625 0.0265625 0.025
0 0.84453125 0.3171875 0.02421875 0.02265625
0 0.76015625 0.23359375 0.02890625 0.025
0 0.7890625 0.246875 0.02890625 0.02265625
0 0.8046875 0.27578125 0.025 0.025
0 0.83046875 0.27578125 0.02421875 0.02265625
0 0.85 0.2875 0.0234375 0.02109375
0 0.86796875 0.3078125 0.021875 0.02265625
0 0.8890625 0.321875 0.0265625 0.0234375
0 0.86640625 0.27578125 0.025 0.021875
0 0.90625 0.309375 0.0234375 0.02109375
0 0.91796875 0.28828125 0.028125 0.021875