0 0.92578125 0.465625 0.053125 0.053125
0 0.8671875 0.4671875 0.0609375 0.05625
0 0.79765625 0.51875 0.059375 0.05625
0 0.74296875 0.49453125 0.0625 0.0625
0 0.6734375 0.29375 0.065625 0.059375
0 0.63125 0.259375 0.059375 0.0609375
0 0.56796875 0.2765625 0.0625 0.06875
0 0.5203125 0.3203125 0.059375 0.059375
0 0.47421875 0.30078125 0.0578125 0.0609375
0 0.4703125 0.36171875 0.0609375 0.053125
0 0.421875 0.346875 0.0609375 0.059375
0 0.4 0.325 0.059375 0.0609375
0 0.54609375 0.39296875 0.0546875 0.0515625
0 0.59609375 0.42421875 0.0625 0.0609375
0 0.559375 0.47109375 0.059375 0.059375
0 0.5875 0.515625 0.053125 0.0546875
0 0.63671875 0.49765625 0.0546875 0.0546875
0 0.6640625 0.540625 0.0578125 0.0515625
0 0.6421875 0.62109375 0.0625 0.0578125
0 0.51640625 0.559375 0.0578125 0.0578125
0 0.5015625 0.509375 0.0578125 0.0546875
0 0.28125 0.303125 0.071875 0.06875
0 0.340625 0.6640625 0.0640625 0.0609375
0 0.3203125 0.58125 0.0609375 0.05625
0 0.265625 0.5875 0.0578125 0.0578125
0 0.2734375 0.64453125 0.059375 0.0609375
0 0.08828125 0.58203125 0.0640625 0.059375