0 0.49609375 0.72578125 0.015625 0.01640625
0 0.48203125 0.71640625 0.015625 0.0171875
0 0.5046875 0.7109375 0.01640625 0.01796875
0 0.49140625 0.6984375 0.01640625 0.01640625
0 0.50390625 0.68828125 0.015625 0.0171875
0 0.5359375 0.7109375 0.01484375 0.01640625
0 0.521875 0.70078125 0.015625 0.01640625
0 0.534375 0.6890625 0.01640625 0.0171875
0 0.45390625 0.721875 0.01796875 0.01796875
0 0.54609375 0.6984375 0.015625 0.0171875
0 0.4515625 0.70390625 0.01640625 0.0171875
0 0.4234375 0.72109375 0.0171875 0.0171875
0 0.41171875 0.709375 0.01640625 0.01640625
0 0.396875 0.6953125 0.0171875 0.0171875
0 0.39921875 0.675 0.0171875 0.0171875
0 0.4546875 0.675 0.0171875 0.0171875
0 0.54296875 0.665625 0.015625 0.01484375
0 0.52890625 0.65859375 0.015625 0.015625
0 0.5359375 0.64453125 0.015625 0.01640625
0 0.53671875 0.628125 0.01640625 0.01640625
0 0.521875 0.61171875 0.01484375 0.01640625
0 0.5046875 0.615625 0.01484375 0.01640625
0 0.496875 0.628125 0.01484375 0.01640625
0 0.4890625 0.61484375 0.01484375 0.015625
0 0.475 0.621875 0.01484375 0.01640625
0 0.4609375 0.62578125 0.01484375 0.01640625
0 0.43359375 0.6453125 0.015625 0.01640625
0 0.4296875 0.63046875 0.01484375 0.015625
0 0.4125 0.640625 0.01484375 0.01796875
0 0.415625 0.625 0.015625 0.0140625
0 0.43046875 0.61484375 0.015625 0.0140625
0 0.4171875 0.60859375 0.0140625 0.01484375
0 0.42109375 0.59296875 0.01484375 0.01640625
0 0.44921875 0.59921875 0.01640625 0.01640625
0 0.43359375 0.59921875 0.01640625 0.01640625
0 0.4640625 0.6015625 0.01328125 0.01640625
0 0.49296875 0.6 0.01484375 0.015625
0 0.47890625 0.603125 0.0140625 0.01484375
0 0.50859375 0.60078125 0.01484375 0.0140625
0 0.50859375 0.5859375 0.01640625 0.01484375
0 0.4828125 0.58671875 0.015625 0.01640625
0 0.46796875 0.5859375 0.01640625 0.015625
0 0.446875 0.58359375 0.01640625 0.015625
0 0.4125 0.5765625 0.0171875 0.01640625
0 0.40078125 0.565625 0.01640625 0.015625
0 0.384375 0.6265625 0.01640625 0.01640625
0 0.36796875 0.62890625 0.0140625 0.01640625
0 0.35390625 0.6375 0.0171875 0.01640625
0 0.37265625 0.6125 0.015625 0.015625
0 0.38984375 0.5984375 0.01484375 0.0171875
0 0.3640625 0.5921875 0.01640625 0.01640625
0 0.378125 0.58203125 0.01640625 0.01640625
0 0.36953125 0.56953125 0.015625 0.015625
0 0.35234375 0.57890625 0.015625 0.015625
0 0.27734375 0.57890625 0.01640625 0.0171875
0 0.26484375 0.52578125 0.01640625 0.01640625
0 0.296875 0.49453125 0.01640625 0.0171875
0 0.34765625 0.46796875 0.01640625 0.01875
0 0.3359375 0.4453125 0.01640625 0.015625
0 0.33203125 0.42890625 0.015625 0.01484375
0 0.35078125 0.44140625 0.01484375 0.0171875
0 0.3453125 0.4203125 0.015625 0.01640625
0 0.36015625 0.41640625 0.015625 0.015625
0 0.5328125 0.58828125 0.01484375 0.015625
0 0.52421875 0.57578125 0.0140625 0.015625
0 0.52890625 0.5609375 0.0140625 0.01484375
0 0.54140625 0.56953125 0.01328125 0.015625
0 0.553125 0.55859375 0.0140625 0.01484375
0 0.53984375 0.5515625 0.0140625 0.015625
0 0.51015625 0.5640625 0.015625 0.01484375
0 0.4921875 0.57265625 0.01484375 0.01484375
0 0.4765625 0.56953125 0.01484375 0.01640625
0 0.4953125 0.55859375 0.01484375 0.015625
0 0.5078125 0.5484375 0.01484375 0.015625
0 0.50703125 0.53359375 0.01484375 0.0140625
0 0.48828125 0.54453125 0.015625 0.01484375
0 0.4890625 0.53046875 0.01484375 0.0140625
0 0.4765625 0.52265625 0.01328125 0.01484375
0 0.46171875 0.52421875 0.015625 0.01484375
0 0.453125 0.51171875 0.0140625 0.01484375
0 0.4671875 0.5015625 0.01484375 0.015625
0 0.48359375 0.50859375 0.015625 0.01640625
0 0.49921875 0.50625 0.01484375 0.015625
0 0.48125 0.4921875 0.01484375 0.0140625
0 0.51328125 0.50625 0.01484375 0.01640625
0 0.51171875 0.484375 0.015625 0.015625
0 0.52734375 0.47890625 0.015625 0.01640625
0 0.50078125 0.46328125 0.01640625 0.01640625
0 0.47890625 0.47734375 0.01640625 0.015625
0 0.46640625 0.46953125 0.01484375 0.015625
0 0.4609375 0.48359375 0.015625 0.015625
0 0.45 0.49375 0.01640625 0.015625
0 0.446875 0.475 0.015625 0.015625
0 0.45390625 0.4609375 0.015625 0.01484375
0 0.4515625 0.446875 0.015625 0.015625
0 0.4875 0.43515625 0.01484375 0.01640625
0 0.46875 0.428125 0.01640625 0.01796875
0 0.43359375 0.41171875 0.015625 0.015625
0 0.4515625 0.396875 0.01484375 0.01640625
0 0.48125 0.39921875 0.0140625 0.015625
0 0.46640625 0.39296875 0.01484375 0.01640625
0 0.48125 0.384375 0.0140625 0.01640625
0 0.5203125 0.4265625 0.015625 0.01640625
0 0.509375 0.41640625 0.0171875 0.0171875
0 0.540625 0.4296875 0.01640625 0.0171875
0 0.5390625 0.39765625 0.01640625 0.0171875
0 0.521875 0.3703125 0.01640625 0.01640625
0 0.50703125 0.36640625 0.015625 0.01640625
0 0.4921875 0.37109375 0.01640625 0.01640625
0 0.47578125 0.36953125 0.01484375 0.015625
0 0.46015625 0.37421875 0.015625 0.01640625
0 0.44765625 0.36484375 0.0171875 0.01640625
0 0.4265625 0.36953125 0.0171875 0.01796875
0 0.4109375 0.3703125 0.01640625 0.0171875
0 0.4328125 0.35625 0.0171875 0.01796875
0 0.415625 0.34453125 0.015625 0.01640625
0 0.4 0.34453125 0.015625 0.0171875
0 0.38828125 0.3359375 0.0140625 0.01640625
0 0.3625 0.353125 0.01796875 0.01796875
0 0.37421875 0.3359375 0.0140625 0.0171875
0 0.39765625 0.32421875 0.01484375 0.0171875
0 0.3828125 0.31953125 0.015625 0.01640625
0 0.41171875 0.32890625 0.015625 0.0171875
0 0.40390625 0.31171875 0.01640625 0.01640625
0 0.5578125 0.36640625 0.01640625 0.0171875
0 0.528125 0.35625 0.015625 0.015625
0 0.53984375 0.34375 0.01640625 0.01640625
0 0.5046875 0.35078125 0.015625 0.01796875
0 0.490625 0.35703125 0.01484375 0.015625
0 0.47578125 0.35390625 0.015625 0.0171875
0 0.4609375 0.3484375 0.0140625 0.0171875
0 0.47265625 0.33828125 0.01796875 0.01640625
0 0.45625 0.33125 0.015625 0.01796875
0 0.4953125 0.33828125 0.015625 0.01640625
0 0.48984375 0.32265625 0.01640625 0.01640625
0 0.5390625 0.328125 0.015625 0.01640625
0 0.52421875 0.321875 0.01484375 0.0171875
0 0.509375 0.31796875 0.01484375 0.0171875
0 0.5359375 0.3125 0.01640625 0.01640625
0 0.51875 0.30625 0.015625 0.015625
0 0.50703125 0.296875 0.0171875 0.01640625
0 0.46328125 0.3015625 0.01484375 0.01640625
0 0.471875 0.28671875 0.01640625 0.015625
0 0.45703125 0.28515625 0.01484375 0.01640625
0 0.44296875 0.290625 0.015625 0.015625
0 0.434375 0.30546875 0.015625 0.01640625
0 0.44921875 0.30546875 0.015625 0.01640625
0 0.42265625 0.29296875 0.015625 0.01640625
0 0.40703125 0.2875 0.015625 0.01875
0 0.290625 0.328125 0.01796875 0.0171875
0 0.353125 0.30078125 0.015625 0.01953125
0 0.33828125 0.29375 0.015625 0.0171875
0 0.3171875 0.29765625 0.0171875 0.01796875
0 0.3421875 0.275 0.0171875 0.01640625
0 0.375 0.19765625 0.01953125 0.01875
0 0.47109375 0.19453125 0.01953125 0.01875
0 0.515625 0.21796875 0.01640625 0.0171875
0 0.51328125 0.2 0.01640625 0.01796875
0 0.5421875 0.20078125 0.01640625 0.0171875
0 0.52734375 0.20859375 0.015625 0.0171875
0 0.54296875 0.21796875 0.015625 0.01953125