0 0.6515625 0.321875 0.0234375 0.021875
0 0.6359375 0.30625 0.028125 0.025
0 0.66484375 0.25 0.025 0.0296875
0 0.7484375 0.221875 0.021875 0.0265625
0 0.76484375 0.20703125 0.0203125 0.025
0 0.65703125 0.16875 0.025 0.0265625
0 0.71953125 0.18359375 0.025 0.028125
0 0.7375 0.18828125 0.025 0.0265625
0 0.39375 0.975 0.025 0.025
0 0.39140625 0.95078125 0.025 0.025
0 0.4109375 0.93359375 0.021875 0.025
0 0.428125 0.946875 0.025 0.025
0 0.48046875 0.9171875 0.025 0.028125
0 0.503125 0.92265625 0.025 0.028125
0 0.53046875 0.8796875 0.025 0.028125
0 0.7609375 0.49921875 0.021875 0.028125
0 0.784375 0.5078125 0.021875 0.025
0 0.79140625 0.48046875 0.021875 0.0234375
0 0.8 0.41171875 0.0234375 0.021875
0 0.7796875 0.4328125 0.021875 0.028125
0 0.74140625 0.35 0.025 0.0265625
0 0.7203125 0.38203125 0.021875 0.0234375
0 0.70234375 0.37109375 0.01875 0.028125
0 0.71875 0.40546875 0.0265625 0.025
0 0.68359375 0.37421875 0.01875 0.0234375
0 0.6609375 0.3671875 0.021875 0.025
0 0.6625 0.34296875 0.0234375 0.0234375
0 0.6328125 0.3453125 0.0234375 0.0265625
0 0.63203125 0.39140625 0.021875 0.0203125
0 0.628125 0.37109375 0.025 0.025
0 0.6109375 0.4078125 0.025 0.025
0 0.6171875 0.43125 0.0234375 0.025
0 0.63828125 0.4109375 0.021875 0.025
0 0.6046875 0.45546875 0.021875 0.025
0 0.66640625 0.46953125 0.021875 0.028125
0 0.59375 0.49140625 0.021875 0.025
0 0.6203125 0.47890625 0.0234375 0.025
0 0.66171875 0.49140625 0.021875 0.0234375
0 0.646875 0.47734375 0.0234375 0.025
0 0.64921875 0.5109375 0.021875 0.025
0 0.665625 0.52421875 0.025 0.0234375
0 0.61015625 0.53359375 0.025 0.025
0 0.58125 0.553125 0.021875 0.025
0 0.6359375 0.5734375 0.0265625 0.025
0 0.6 0.621875 0.021875 0.028125
0 0.6171875 0.60703125 0.021875 0.025
0 0.66640625 0.6203125 0.0234375 0.025
0 0.671875 0.63984375 0.01875 0.0234375
0 0.6375 0.6421875 0.025 0.025
0 0.65546875 0.64375 0.015625 0.0234375
0 0.6640625 0.7734375 0.021875 0.025
0 0.69296875 0.78359375 0.0234375 0.0265625
0 0.64765625 0.790625 0.021875 0.0234375
0 0.66640625 0.803125 0.021875 0.021875
0 0.54453125 0.69609375 0.025 0.028125
0 0.5515625 0.73046875 0.025 0.028125
0 0.58125 0.7546875 0.0234375 0.0265625
0 0.603125 0.7796875 0.0234375 0.0265625
0 0.5734375 0.82109375 0.025 0.025
0 0.55390625 0.78515625 0.0234375 0.028125
0 0.515625 0.7859375 0.025 0.0265625
0 0.4953125 0.796875 0.025 0.0234375
0 0.48984375 0.77421875 0.021875 0.0234375
0 0.50390625 0.75390625 0.0234375 0.025
0 0.44921875 0.8078125 0.0265625 0.025
0 0.45625 0.7734375 0.0234375 0.021875
0 0.46015625 0.7890625 0.025 0.01875
0 0.45390625 0.75859375 0.025 0.021875
0 0.43828125 0.734375 0.025 0.028125
0 0.35546875 0.7140625 0.028125 0.0265625
0 0.39140625 0.6953125 0.0265625 0.028125
0 0.43515625 0.6765625 0.0265625 0.028125
0 0.34921875 0.68203125 0.028125 0.025
0 0.39921875 0.665625 0.028125 0.025
0 0.4171875 0.63671875 0.0234375 0.0265625
0 0.37109375 0.653125 0.025 0.025
0 0.39375 0.64140625 0.025 0.025
0 0.34296875 0.6578125 0.028125 0.025
0 0.33515625 0.63125 0.025 0.025
0 0.36015625 0.63203125 0.0265625 0.025
0 0.3453125 0.60390625 0.0265625 0.0265625
0 0.3828125 0.6203125 0.0265625 0.0234375
0 0.38203125 0.59296875 0.0265625 0.025
0 0.40234375 0.6046875 0.025 0.025
0 0.42890625 0.596875 0.025 0.028125
0 0.4265625 0.56796875 0.0265625 0.0265625
0 0.49375 0.5234375 0.025 0.025
0 0.48203125 0.49609375 0.025 0.0234375
0 0.5046875 0.490625 0.025 0.025
0 0.47421875 0.46875 0.025 0.0265625
0 0.4921875 0.43984375 0.021875 0.025
0 0.51875 0.43828125 0.025 0.025
0 0.46171875 0.4328125 0.025 0.021875
0 0.47890625 0.4125 0.025 0.0265625
0 0.50390625 0.41328125 0.021875 0.025
0 0.5078125 0.3484375 0.021875 0.025
0 0.52421875 0.36484375 0.021875 0.025
0 0.484375 0.35078125 0.025 0.025
0 0.5125 0.325 0.021875 0.021875
0 0.53671875 0.32734375 0.021875 0.025
0 0.39296875 0.409375 0.025 0.03125
0 0.3828125 0.43203125 0.025 0.0234375
0 0.3765625 0.48359375 0.0265625 0.021875
0 0.38046875 0.459375 0.028125 0.025
0 0.35 0.503125 0.025 0.03125
0 0.33671875 0.5796875 0.0234375 0.025
0 0.21953125 0.61953125 0.025 0.028125
0 0.27578125 0.60546875 0.025 0.025
0 0.31015625 0.5546875 0.025 0.025
0 0.2890625 0.58046875 0.025 0.025
0 0.28203125 0.55625 0.0265625 0.025
0 0.2546875 0.54921875 0.025 0.025
0 0.29140625 0.53125 0.0265625 0.025
0 0.22578125 0.509375 0.028125 0.025
0 0.24921875 0.52421875 0.025 0.0234375
0 0.2640625 0.521875 0.0125 0.028125
0 0.2828125 0.5078125 0.028125 0.025
0 0.24921875 0.49453125 0.028125 0.025
0 0.23671875 0.4671875 0.025 0.025
0 0.2671875 0.47265625 0.028125 0.0265625
0 0.28984375 0.4828125 0.0265625 0.028125
0 0.30078125 0.48984375 0.01875 0.0203125
0 0.29375 0.43125 0.028125 0.028125
0 0.325 0.43359375 0.028125 0.028125
0 0.325 0.40390625 0.028125 0.025
0 0.340625 0.38046875 0.025 0.025
0 0.35078125 0.39453125 0.025 0.025
0 0.35078125 0.36484375 0.025 0.0234375
0 0.33984375 0.3390625 0.028125 0.0265625
0 0.32890625 0.31484375 0.028125 0.025
0 0.384375 0.32734375 0.028125 0.028125
0 0.49296875 0.29140625 0.025 0.028125
0 0.51796875 0.28828125 0.025 0.028125
0 0.528125 0.2484375 0.0234375 0.0265625
0 0.54140625 0.28125 0.021875 0.025
0 0.56171875 0.23515625 0.028125 0.0265625
0 0.5578125 0.1921875 0.025 0.025
0 0.571875 0.13125 0.0234375 0.0265625
0 0.3578125 0.2390625 0.028125 0.03125
0 0.33984375 0.21484375 0.025 0.028125
0 0.36015625 0.18515625 0.028125 0.0296875
0 0.275 0.14921875 0.028125 0.0296875
0 0.30546875 0.140625 0.03125 0.028125
0 0.30390625 0.12109375 0.028125 0.01875