0 0.428125 0.11875 0.021875 0.021875
0 0.42265625 0.14296875 0.025 0.025
0 0.40625 0.13046875 0.0203125 0.021875
0 0.3890625 0.12109375 0.0203125 0.021875
0 0.3859375 0.14296875 0.0234375 0.025
0 0.4875 0.1140625 0.0265625 0.0265625
0 0.6234375 0.121875 0.0265625 0.0265625
0 0.66640625 0.2328125 0.0265625 0.025
0 0.671875 0.26015625 0.0234375 0.025
0 0.65 0.26796875 0.021875 0.021875
0 0.70234375 0.26484375 0.0234375 0.028125
0 0.7390625 0.31015625 0.0234375 0.0234375
0 0.63515625 0.34375 0.0265625 0.0265625
0 0.6203125 0.31640625 0.0234375 0.025
0 0.60625 0.29453125 0.0234375 0.0234375
0 0.578125 0.28046875 0.025 0.0234375
0 0.58671875 0.30078125 0.0203125 0.021875
0 0.6 0.31640625 0.021875 0.021875
0 0.58046875 0.3296875 0.021875 0.021875
0 0.565625 0.30625 0.021875 0.021875
0 0.559375 0.32890625 0.0203125 0.021875
0 0.5359375 0.34296875 0.0203125 0.021875
0 0.57421875 0.246875 0.0234375 0.025
0 0.55390625 0.25234375 0.0203125 0.0234375
0 0.50390625 0.2421875 0.01875 0.021875
0 0.48125 0.24375 0.0203125 0.021875
0 0.52265625 0.24921875 0.0203125 0.021875
0 0.53515625 0.27109375 0.01875 0.021875
0 0.5140625 0.2703125 0.01875 0.021875
0 0.49453125 0.26484375 0.0234375 0.0234375
0 0.509375 0.2984375 0.021875 0.021875
0 0.4875 0.2953125 0.021875 0.021875
0 0.5078125 0.31953125 0.021875 0.021875
0 0.48515625 0.31796875 0.0203125 0.021875
0 0.51015625 0.34140625 0.021875 0.021875
0 0.48828125 0.3390625 0.01875 0.021875
0 0.46796875 0.34140625 0.021875 0.0171875
0 0.3875 0.28046875 0.021875 0.021875
0 0.428125 0.31484375 0.0234375 0.0234375
0 0.415625 0.33203125 0.01875 0.021875
0 0.3859375 0.3015625 0.0203125 0.021875
0 0.3765625 0.32109375 0.021875 0.021875
0 0.3953125 0.33125 0.0203125 0.0234375
0 0.434375 0.34375 0.0203125 0.021875
0 0.41328125 0.35703125 0.021875 0.021875
0 0.3703125 0.3421875 0.0203125 0.0203125
0 0.35 0.35234375 0.0203125 0.021875
0 0.378125 0.3609375 0.01875 0.021875
0 0.39765625 0.3703125 0.01875 0.0203125
0 0.371875 0.3859375 0.021875 0.021875
0 0.41640625 0.378125 0.0234375 0.0234375
0 0.446875 0.36015625 0.01875 0.021875
0 0.4765625 0.36640625 0.01875 0.021875
0 0.4625 0.3546875 0.021875 0.021875
0 0.49609375 0.3578125 0.0203125 0.021875
0 0.51953125 0.35859375 0.01875 0.021875
0 0.54453125 0.36328125 0.021875 0.021875
0 0.56640625 0.365625 0.021875 0.021875
0 0.50859375 0.3765625 0.021875 0.021875
0 0.50703125 0.4 0.021875 0.021875
0 0.53125 0.42265625 0.0234375 0.0234375
0 0.41640625 0.421875 0.021875 0.021875
0 0.37890625 0.44375 0.021875 0.021875
0 0.40703125 0.4421875 0.021875 0.021875
0 0.484375 0.44453125 0.0234375 0.0234375
0 0.484375 0.46875 0.021875 0.021875
0 0.459375 0.45 0.0203125 0.021875
0 0.50859375 0.46484375 0.0234375 0.0234375
0 0.55625 0.46953125 0.021875 0.021875
0 0.63671875 0.43125 0.0234375 0.0234375
0 0.65625 0.43828125 0.021875 0.021875
0 0.6765625 0.4515625 0.021875 0.021875
0 0.66953125 0.4734375 0.0234375 0.0234375
0 0.64765625 0.4703125 0.025 0.0265625
0 0.65234375 0.503125 0.021875 0.021875
0 0.6515625 0.52734375 0.0234375 0.0234375
0 0.6328125 0.55703125 0.025 0.025
0 0.44921875 0.553125 0.021875 0.021875
0 0.521875 0.5640625 0.025 0.0234375
0 0.534375 0.58515625 0.021875 0.021875
0 0.50703125 0.58203125 0.021875 0.021875
0 0.5109375 0.60859375 0.021875 0.021875
0 0.4859375 0.58984375 0.0203125 0.021875
0 0.46484375 0.59765625 0.0234375 0.025
0 0.49140625 0.61796875 0.01875 0.021875
0 0.53671875 0.60703125 0.0234375 0.0234375
0 0.6078125 0.6 0.0234375 0.025
0 0.6375 0.61171875 0.025 0.0265625
0 0.7234375 0.54453125 0.0296875 0.028125
0 0.78515625 0.59140625 0.0265625 0.0265625
0 0.7953125 0.66328125 0.0265625 0.0296875
0 0.746875 0.6671875 0.0265625 0.0265625
0 0.71484375 0.65 0.0234375 0.025
0 0.63984375 0.6640625 0.0265625 0.025
0 0.61484375 0.65078125 0.0234375 0.025
0 0.621875 0.68359375 0.0234375 0.025
0 0.60234375 0.66875 0.021875 0.021875
0 0.58671875 0.69140625 0.0234375 0.025
0 0.61015625 0.71171875 0.0234375 0.0234375
0 0.63359375 0.7484375 0.0234375 0.0234375
0 0.61328125 0.73515625 0.0234375 0.025
0 0.59296875 0.73046875 0.021875 0.021875
0 0.5015625 0.73984375 0.021875 0.021875
0 0.528125 0.73515625 0.021875 0.021875
0 0.521875 0.75546875 0.021875 0.021875
0 0.55 0.74921875 0.0234375 0.0234375
0 0.52890625 0.7125 0.021875 0.021875
0 0.54921875 0.72734375 0.01875 0.021875
0 0.546875 0.70234375 0.0203125 0.021875
0 0.57109375 0.64296875 0.021875 0.021875
0 0.55234375 0.6578125 0.021875 0.021875
0 0.54609375 0.67890625 0.021875 0.021875
0 0.51640625 0.675 0.0203125 0.021875
0 0.528125 0.69140625 0.021875 0.021875
0 0.5234375 0.653125 0.021875 0.021875
0 0.5015625 0.65625 0.021875 0.021875
0 0.5 0.7 0.0234375 0.0234375
0 0.49453125 0.678125 0.021875 0.0234375
0 0.48125 0.65859375 0.021875 0.021875
0 0.45234375 0.6421875 0.021875 0.01875
0 0.4609375 0.65859375 0.0203125 0.0203125
0 0.46328125 0.67734375 0.021875 0.021875
0 0.47421875 0.63828125 0.0234375 0.0234375
0 0.453125 0.6265625 0.021875 0.021875
0 0.41328125 0.58203125 0.021875 0.021875
0 0.42421875 0.621875 0.0234375 0.0203125
0 0.42734375 0.64375 0.021875 0.021875
0 0.421875 0.6015625 0.0234375 0.0234375
0 0.4 0.6046875 0.0234375 0.0234375
0 0.403125 0.63046875 0.021875 0.021875
0 0.38359375 0.62734375 0.0203125 0.0203125
0 0.3703125 0.61171875 0.021875 0.021875
0 0.3515625 0.62421875 0.021875 0.021875
0 0.365625 0.64140625 0.0234375 0.025
0 0.40546875 0.65234375 0.0234375 0.0234375
0 0.38359375 0.64921875 0.0234375 0.025
0 0.4359375 0.66171875 0.021875 0.021875
0 0.3921875 0.66875 0.01875 0.021875
0 0.371875 0.66875 0.0234375 0.0234375
0 0.41328125 0.67734375 0.021875 0.021875
0 0.39609375 0.6921875 0.025 0.0265625
0 0.3796875 0.70390625 0.021875 0.021875
0 0.37421875 0.7265625 0.021875 0.021875
0 0.37578125 0.7484375 0.021875 0.021875
0 0.38359375 0.7703125 0.021875 0.0234375
0 0.3640625 0.78046875 0.0265625 0.025
0 0.37578125 0.81484375 0.021875 0.0234375
0 0.35859375 0.8265625 0.0234375 0.025
0 0.39375 0.83125 0.0234375 0.0234375
0 0.37265625 0.84453125 0.021875 0.0234375
0 0.41953125 0.81484375 0.0234375 0.025
0 0.43671875 0.8296875 0.0234375 0.025
0 0.415625 0.846875 0.021875 0.021875
0 0.56875 0.79921875 0.0265625 0.0265625
0 0.5703125 0.82890625 0.0234375 0.025
0 0.546875 0.8484375 0.0265625 0.0265625
0 0.53203125 0.8640625 0.0265625 0.0265625
0 0.4921875 0.8390625 0.0265625 0.0265625
0 0.4859375 0.8640625 0.025 0.028125
0 0.44765625 0.85546875 0.025 0.025
0 0.428125 0.86640625 0.0234375 0.025