0 0.765625 0.675 0.0359375 0.0421875
0 0.5390625 0.49921875 0.03125 0.0359375
0 0.5546875 0.46015625 0.0296875 0.034375
0 0.553125 0.42890625 0.0328125 0.0328125
0 0.61484375 0.48828125 0.0296875 0.034375
0 0.62578125 0.45859375 0.0328125 0.0359375
0 0.7203125 0.5515625 0.0296875 0.034375
0 0.69453125 0.5359375 0.0328125 0.0375
0 0.65859375 0.5109375 0.03125 0.0375
0 0.66484375 0.45703125 0.028125 0.0328125
0 0.66015625 0.4296875 0.0296875 0.0328125
0 0.68515625 0.4578125 0.025 0.034375
0 0.73984375 0.390625 0.03125 0.0375
0 0.7734375 0.478125 0.03125 0.040625
0 0.79765625 0.446875 0.0296875 0.0359375
0 0.8421875 0.471875 0.0296875 0.0359375
0 0.8265625 0.43125 0.0296875 0.0328125
0 0.85859375 0.37578125 0.0296875 0.03125
0 0.84375 0.41015625 0.028125 0.0375
0 0.8328125 0.3234375 0.0265625 0.03125
0 0.8203125 0.296875 0.0265625 0.03125
0 0.79765625 0.2828125 0.0296875 0.0328125
0 0.80625 0.1421875 0.0265625 0.03125
0 0.7875 0.1515625 0.0265625 0.028125
0 0.7578125 0.12578125 0.0265625 0.03125
0 0.7453125 0.1953125 0.03125 0.0328125
0 0.6953125 0.16015625 0.0265625 0.028125
0 0.6828125 0.228125 0.0265625 0.034375
0 0.696875 0.2125 0.0265625 0.03125
0 0.70625 0.30625 0.0296875 0.0328125
0 0.6921875 0.33828125 0.0234375 0.034375
0 0.678125 0.32265625 0.0265625 0.034375
0 0.66328125 0.29765625 0.0296875 0.034375
0 0.609375 0.3453125 0.028125 0.034375
0 0.63671875 0.34140625 0.0296875 0.0328125
0 0.64140625 0.3109375 0.0296875 0.0328125
0 0.6359375 0.228125 0.03125 0.0328125
0 0.6015625 0.23125 0.0265625 0.03125
0 0.58046875 0.225 0.0265625 0.03125
0 0.5328125 0.23671875 0.0296875 0.0328125
0 0.54609375 0.346875 0.03125 0.0359375
0 0.51171875 0.33984375 0.0328125 0.0328125
0 0.5125 0.4328125 0.0296875 0.034375
0 0.49140625 0.41640625 0.028125 0.034375
0 0.475 0.38671875 0.0296875 0.0328125
0 0.428125 0.2953125 0.0296875 0.034375
0 0.3859375 0.3765625 0.0296875 0.0328125
0 0.3890625 0.32734375 0.0296875 0.03125
0 0.396875 0.2890625 0.028125 0.0328125
0 0.37421875 0.30390625 0.0296875 0.0328125
0 0.37578125 0.2734375 0.0265625 0.0328125
0 0.390625 0.2265625 0.0296875 0.0296875
0 0.36484375 0.23125 0.0265625 0.028125
0 0.34296875 0.25546875 0.0296875 0.0328125
0 0.334375 0.3375 0.0296875 0.0328125
0 0.33125 0.3046875 0.0265625 0.03125
0 0.66953125 0.62734375 0.03125 0.040625
0 0.63671875 0.62109375 0.03125 0.0375
0 0.5890625 0.5984375 0.0328125 0.0359375
0 0.5734375 0.64296875 0.0328125 0.0390625
0 0.53515625 0.6625 0.0359375 0.0359375
0 0.4984375 0.63984375 0.03125 0.0375
0 0.48828125 0.5859375 0.0296875 0.0328125
0 0.46015625 0.61484375 0.0265625 0.03125
0 0.446875 0.58828125 0.0296875 0.0328125
0 0.44296875 0.5546875 0.0265625 0.034375
0 0.46796875 0.5421875 0.0296875 0.0328125
0 0.41484375 0.54453125 0.0296875 0.0328125
0 0.41875 0.49296875 0.0296875 0.0328125
0 0.36640625 0.70546875 0.0296875 0.0359375
0 0.3625 0.6640625 0.028125 0.0359375
0 0.3578125 0.6359375 0.0296875 0.0328125
0 0.3421875 0.6140625 0.0296875 0.0328125
0 0.33671875 0.58203125 0.0296875 0.034375
0 0.54765625 0.87109375 0.034375 0.040625
0 0.50859375 0.85703125 0.034375 0.0453125
0 0.47265625 0.8046875 0.0359375 0.0421875
0 0.4671875 0.76015625 0.034375 0.0421875
0 0.46328125 0.87734375 0.034375 0.0421875
0 0.43515625 0.89453125 0.0375 0.04375
0 0.40390625 0.896875 0.0375 0.040625
0 0.40859375 0.84453125 0.034375 0.04375
0 0.39296875 0.77734375 0.0375 0.0421875
0 0.359375 0.84140625 0.0328125 0.0359375
0 0.375 0.81015625 0.034375 0.0421875
0 0.3703125 0.87421875 0.03125 0.040625
0 0.3328125 0.865625 0.034375 0.04375
0 0.3359375 0.81953125 0.034375 0.0421875
0 0.346875 0.78359375 0.0375 0.0421875
0 0.3375 0.71171875 0.0328125 0.0421875
0 0.28515625 0.7734375 0.0375 0.0390625
0 0.3015625 0.68125 0.0328125 0.0390625
0 0.3109375 0.6375 0.03125 0.0359375
0 0.3 0.57578125 0.034375 0.0390625
0 0.30859375 0.5015625 0.0328125 0.0375
0 0.2234375 0.646875 0.034375 0.0390625
0 0.1875 0.59921875 0.0375 0.0390625
0 0.2453125 0.43515625 0.0296875 0.034375
0 0.17421875 0.496875 0.0328125 0.0359375