0 0.14453125 0.8171875 0.046875 0.04375
0 0.15703125 0.928125 0.046875 0.0359375
0 0.18046875 0.85078125 0.046875 0.046875
0 0.2140625 0.846875 0.040625 0.0421875
0 0.2296875 0.8875 0.0453125 0.046875
0 0.2078125 0.7453125 0.04375 0.04375
0 0.240625 0.728125 0.04375 0.0421875
0 0.2484375 0.76640625 0.040625 0.04375
0 0.28046875 0.76484375 0.04375 0.04375
0 0.2640625 0.83046875 0.046875 0.04375
0 0.30078125 0.81015625 0.0390625 0.040625
0 0.31484375 0.840625 0.04375 0.040625
0 0.34921875 0.88125 0.04375 0.04375
0 0.33984375 0.78828125 0.04375 0.0453125
0 0.36796875 0.81640625 0.04375 0.040625
0 0.4171875 0.83203125 0.046875 0.0421875
0 0.1890625 0.6640625 0.04375 0.0453125
0 0.22734375 0.646875 0.040625 0.040625
0 0.22265625 0.56484375 0.046875 0.0421875
0 0.26953125 0.6359375 0.0453125 0.04375
0 0.2671875 0.56796875 0.04375 0.04375
0 0.26171875 0.50546875 0.04375 0.0390625
0 0.28984375 0.525 0.046875 0.0421875
0 0.346875 0.3765625 0.04375 0.04375
0 0.43046875 0.43203125 0.046875 0.046875
0 0.5484375 0.21328125 0.04375 0.04375
0 0.52421875 0.37890625 0.0453125 0.04375
0 0.5125 0.4125 0.0453125 0.040625
0 0.484375 0.428125 0.0421875 0.040625
0 0.475 0.46171875 0.04375 0.04375
0 0.44140625 0.48671875 0.0421875 0.040625
0 0.69296875 0.959375 0.0453125 0.04375
0 0.31328125 0.5625 0.04375 0.0421875
0 0.3703125 0.5484375 0.04375 0.04375
0 0.39765625 0.5765625 0.0390625 0.0375
0 0.38671875 0.60703125 0.0421875 0.04375
0 0.3515625 0.59375 0.0421875 0.0453125
0 0.315625 0.6125 0.040625 0.040625
0 0.3390625 0.6421875 0.0421875 0.04375
0 0.36484375 0.66171875 0.040625 0.040625
0 0.3859375 0.69296875 0.04375 0.04375
0 0.4109375 0.73828125 0.04375 0.04375
0 0.4015625 0.65546875 0.0421875 0.0421875
0 0.425 0.59609375 0.040625 0.040625
0 0.40390625 0.5453125 0.040625 0.040625
0 0.43046875 0.5625 0.040625 0.04375
0 0.471875 0.53984375 0.040625 0.0421875
0 0.4875 0.56953125 0.040625 0.040625
0 0.4578125 0.58203125 0.0390625 0.040625
0 0.4546875 0.61953125 0.0390625 0.040625
0 0.446875 0.6609375 0.0453125 0.040625
0 0.49453125 0.60234375 0.0390625 0.0375
0 0.484375 0.63359375 0.040625 0.040625
0 0.51640625 0.63828125 0.040625 0.040625
0 0.49375 0.68125 0.040625 0.0421875
0 0.48984375 0.7171875 0.046875 0.0421875
0 0.4875 0.76640625 0.04375 0.04375
0 0.5265625 0.675 0.040625 0.0390625
0 0.52421875 0.7078125 0.04375 0.0390625
0 0.5390625 0.61171875 0.040625 0.040625
0 0.52421875 0.571875 0.0421875 0.0390625
0 0.53515625 0.51953125 0.040625 0.0421875
0 0.54765625 0.5515625 0.0421875 0.040625
0 0.5328125 0.4515625 0.0421875 0.0421875
0 0.56796875 0.42265625 0.046875 0.0453125
0 0.57265625 0.48046875 0.04375 0.040625
0 0.5890625 0.534375 0.040625 0.04375
0 0.615625 0.55703125 0.04375 0.040625
0 0.59921875 0.58671875 0.046875 0.0421875
0 0.5859375 0.6234375 0.04375 0.0421875
0 0.625 0.6125 0.040625 0.040625
0 0.58671875 0.6625 0.04375 0.040625
0 0.56796875 0.69375 0.0421875 0.040625
0 0.5875 0.72578125 0.046875 0.0453125
0 0.63203125 0.71171875 0.046875 0.0453125
0 0.6359375 0.66015625 0.046875 0.0453125
0 0.6640625 0.63671875 0.0453125 0.046875
0 0.703125 0.63046875 0.040625 0.04375
0 0.7015625 0.6703125 0.040625 0.0421875
0 0.734375 0.68671875 0.046875 0.04375
0 0.66640625 0.5578125 0.04375 0.040625
0 0.69765625 0.57890625 0.040625 0.040625
0 0.6453125 0.48125 0.0421875 0.046875
0 0.66015625 0.521875 0.040625 0.040625
0 0.67890625 0.48828125 0.040625 0.04375
0 0.8484375 0.11953125 0.05 0.0484375
0 0.60703125 0.35234375 0.046875 0.0453125
0 0.61640625 0.2734375 0.046875 0.05
0 0.63984375 0.1953125 0.0421875 0.0421875
0 0.70390625 0.1421875 0.0421875 0.04375
0 0.73203125 0.253125 0.04375 0.0453125
0 0.6171875 0.42265625 0.04375 0.046875
0 0.671875 0.38984375 0.0421875 0.05
0 0.71328125 0.38671875 0.0421875 0.040625
0 0.73671875 0.43125 0.046875 0.0453125
0 0.70390625 0.51484375 0.04375 0.040625
0 0.734375 0.50078125 0.04375 0.040625
0 0.73125 0.53984375 0.0453125 0.040625
0 0.778125 0.53984375 0.04375 0.040625
0 0.91953125 0.51328125 0.0453125 0.04375