0 0.378125 0.90546875 0.05625 0.0421875
0 0.415625 0.84921875 0.05 0.0421875
0 0.38046875 0.80703125 0.05625 0.0359375
0 0.378125 0.8359375 0.04375 0.034375
0 0.5875 0.80703125 0.0390625 0.0359375
0 0.54765625 0.80703125 0.03125 0.0328125
0 0.62109375 0.7796875 0.0359375 0.034375
0 0.67421875 0.76484375 0.034375 0.034375
0 0.6453125 0.75546875 0.040625 0.0328125
0 0.6078125 0.7484375 0.04375 0.034375
0 0.58046875 0.77578125 0.046875 0.040625
0 0.5234375 0.784375 0.05 0.0390625
0 0.46171875 0.77734375 0.0484375 0.0421875
0 0.34609375 0.73828125 0.053125 0.04375
0 0.296875 0.7640625 0.053125 0.0484375
0 0.6671875 0.72890625 0.0328125 0.03125
0 0.63125 0.72578125 0.0375 0.0390625
0 0.72265625 0.7265625 0.040625 0.03125
0 0.69921875 0.7046875 0.040625 0.0328125
0 0.66171875 0.69453125 0.0453125 0.0375
0 0.49453125 0.6703125 0.04375 0.0375
0 0.459375 0.64609375 0.046875 0.04375
0 0.41953125 0.66640625 0.05 0.0453125
0 0.26328125 0.6546875 0.05 0.0453125
0 0.20390625 0.659375 0.0546875 0.0515625
0 0.73515625 0.68515625 0.0390625 0.0375
0 0.7078125 0.67578125 0.0359375 0.0328125
0 0.68515625 0.66328125 0.0359375 0.03125
0 0.6515625 0.65 0.0375 0.034375
0 0.6296875 0.6296875 0.0375 0.034375
0 0.74296875 0.65546875 0.034375 0.0328125
0 0.71484375 0.64375 0.034375 0.034375
0 0.690625 0.62734375 0.0375 0.034375
0 0.6625 0.61328125 0.0375 0.0359375
0 0.74765625 0.62734375 0.040625 0.03125
0 0.7328125 0.603125 0.0375 0.0328125
0 0.69921875 0.590625 0.0375 0.0390625
0 0.64140625 0.5859375 0.0390625 0.034375
0 0.7796875 0.6046875 0.0390625 0.0234375
0 0.76640625 0.57890625 0.0359375 0.03125
0 0.7359375 0.565625 0.034375 0.0359375
0 0.70859375 0.55546875 0.0375 0.0359375
0 0.66796875 0.55703125 0.0453125 0.0375
0 0.8046875 0.58125 0.0359375 0.0296875
0 0.78515625 0.55390625 0.034375 0.034375
0 0.840625 0.6234375 0.034375 0.034375
0 0.76328125 0.5 0.0375 0.028125
0 0.78984375 0.525 0.03125 0.03125
0 0.75625 0.5234375 0.0421875 0.03125
0 0.90859375 0.5328125 0.034375 0.0375
0 0.88046875 0.55859375 0.034375 0.034375
0 0.803125 0.49296875 0.0375 0.034375
0 0.7765625 0.47109375 0.0390625 0.03125
0 0.88515625 0.45859375 0.028125 0.03125
0 0.86875 0.47421875 0.0375 0.034375
0 0.7875 0.4359375 0.034375 0.034375
0 0.771875 0.22109375 0.034375 0.0375
0 0.75703125 0.4453125 0.0390625 0.034375
0 0.5671875 0.56484375 0.0453125 0.040625
0 0.41796875 0.62109375 0.0390625 0.03125
0 0.4921875 0.60234375 0.046875 0.0390625
0 0.44375 0.58359375 0.04375 0.0375
0 0.3953125 0.59609375 0.05 0.046875
0 0.19609375 0.55078125 0.0578125 0.0484375
0 0.3734375 0.51796875 0.046875 0.040625
0 0.44296875 0.5234375 0.046875 0.04375
0 0.42109375 0.48203125 0.0453125 0.0375
0 0.38359375 0.4640625 0.0484375 0.040625
0 0.74609375 0.4140625 0.03125 0.034375
0 0.45 0.45625 0.040625 0.040625
0 0.7703125 0.40078125 0.0390625 0.034375
0 0.753125 0.35 0.034375 0.0359375
0 0.7328125 0.3796875 0.034375 0.0375
0 0.71796875 0.40546875 0.03125 0.0328125
0 0.68515625 0.409375 0.034375 0.0375
0 0.65 0.40546875 0.0421875 0.0390625
0 0.6359375 0.46640625 0.046875 0.0359375
0 0.78828125 0.33828125 0.03125 0.03125
0 0.76875 0.3109375 0.0375 0.0328125
0 0.88046875 0.36015625 0.0328125 0.034375
0 0.8453125 0.3265625 0.03125 0.03125
0 0.803125 0.28359375 0.028125 0.0296875
0 0.7765625 0.28125 0.0359375 0.034375
0 0.68671875 0.36875 0.0421875 0.034375
0 0.5453125 0.38046875 0.0453125 0.0375
0 0.50625 0.39296875 0.0375 0.0375
0 0.471875 0.37890625 0.046875 0.04375
0 0.63671875 0.3546875 0.0421875 0.0390625
0 0.5359375 0.34765625 0.04375 0.034375
0 0.5078125 0.321875 0.04375 0.040625
0 0.3875 0.3625 0.053125 0.0421875
0 0.33671875 0.26953125 0.0484375 0.05
0 0.6015625 0.26796875 0.0421875 0.040625
0 0.71171875 0.2015625 0.04375 0.0375
0 0.359375 0.2484375 0.04375 0.04375
0 0.51875 0.25703125 0.04375 0.0421875
0 0.40234375 0.275 0.046875 0.04375
0 0.45625 0.1984375 0.04375 0.046875