0 0.503125 0.24453125 0.0203125 0.0234375
0 0.46796875 0.2875 0.0234375 0.021875
0 0.61171875 0.565625 0.0203125 0.0171875
0 0.6046875 0.58359375 0.01875 0.0171875
0 0.59609375 0.56953125 0.0171875 0.0171875
0 0.590625 0.59140625 0.0171875 0.0171875
0 0.5828125 0.5765625 0.0171875 0.0171875
0 0.5734375 0.58984375 0.0171875 0.0171875
0 0.5671875 0.6046875 0.0171875 0.0171875
0 0.5484375 0.6140625 0.0171875 0.0171875
0 0.62421875 0.5296875 0.0171875 0.0203125
0 0.60625 0.5296875 0.0171875 0.01875
0 0.61015625 0.54765625 0.0171875 0.0171875
0 0.59375 0.55234375 0.015625 0.015625
0 0.57890625 0.55859375 0.0171875 0.0171875
0 0.56640625 0.57421875 0.0171875 0.0171875
0 0.55703125 0.5921875 0.0171875 0.0171875
0 0.540625 0.5921875 0.015625 0.015625
0 0.52421875 0.5875 0.0171875 0.0171875
0 0.553125 0.5640625 0.0171875 0.0171875
0 0.54140625 0.57421875 0.0171875 0.0171875
0 0.5640625 0.553125 0.0171875 0.0171875
0 0.590625 0.5359375 0.0171875 0.0171875
0 0.575 0.54296875 0.0140625 0.0140625
0 0.5609375 0.5375 0.015625 0.015625
0 0.52421875 0.56640625 0.0171875 0.0171875
0 0.54765625 0.54609375 0.0171875 0.0171875
0 0.53671875 0.55859375 0.015625 0.0140625
0 0.54609375 0.528125 0.0171875 0.0171875
0 0.5609375 0.52109375 0.0171875 0.0171875
0 0.57578125 0.52578125 0.0171875 0.0171875
0 0.5921875 0.51796875 0.0171875 0.0171875
0 0.6078125 0.51171875 0.0171875 0.0171875
0 0.62578125 0.50859375 0.0171875 0.0171875
0 0.621875 0.4921875 0.0171875 0.0171875
0 0.60390625 0.48828125 0.01875 0.015625
0 0.5953125 0.50078125 0.0171875 0.0171875
0 0.58046875 0.50625 0.0171875 0.0171875
0 0.58359375 0.490625 0.0171875 0.0171875
0 0.56875 0.490625 0.0171875 0.01875
0 0.5625 0.50546875 0.015625 0.015625
0 0.55234375 0.4921875 0.015625 0.015625
0 0.54765625 0.509375 0.0171875 0.0171875
0 0.53515625 0.49921875 0.0171875 0.0171875
0 0.5328125 0.51484375 0.0171875 0.0171875
0 0.534375 0.53671875 0.015625 0.015625
0 0.52265625 0.5265625 0.0140625 0.0140625
0 0.525 0.54921875 0.015625 0.0140625
0 0.51015625 0.55234375 0.015625 0.015625
0 0.5125 0.53828125 0.015625 0.015625
0 0.49453125 0.5140625 0.0171875 0.0171875
0 0.51171875 0.515625 0.0171875 0.0171875
0 0.503125 0.5 0.0171875 0.0171875
0 0.51875 0.5015625 0.015625 0.015625
0 0.5265625 0.48359375 0.0171875 0.0171875
0 0.5421875 0.48125 0.0171875 0.0171875
0 0.55859375 0.4765625 0.0171875 0.0171875
0 0.57265625 0.47265625 0.0171875 0.01875
0 0.5875 0.475 0.0171875 0.0171875
0 0.60390625 0.47109375 0.0203125 0.0203125
0 0.60625 0.4515625 0.0171875 0.0171875
0 0.59140625 0.459375 0.0171875 0.0171875
0 0.5765625 0.45546875 0.0171875 0.0171875
0 0.5609375 0.46015625 0.015625 0.015625
0 0.54609375 0.465625 0.0171875 0.0171875
0 0.53046875 0.46875 0.015625 0.015625
0 0.51640625 0.4703125 0.0171875 0.0171875
0 0.51953125 0.4546875 0.015625 0.015625
0 0.55 0.44921875 0.015625 0.015625
0 0.53515625 0.45390625 0.0171875 0.0171875
0 0.56484375 0.44375 0.0171875 0.0171875
0 0.58671875 0.4390625 0.0171875 0.0171875
0 0.559375 0.42890625 0.0171875 0.0171875
0 0.575 0.425 0.0171875 0.0171875
0 0.5890625 0.4046875 0.0171875 0.0171875
0 0.57890625 0.38671875 0.01875 0.0171875
0 0.565625 0.40546875 0.01875 0.0171875
0 0.53125 0.375 0.01875 0.01875
0 0.54765625 0.4078125 0.0171875 0.0171875
0 0.53125 0.4078125 0.0171875 0.0171875
0 0.5421875 0.43515625 0.0171875 0.0171875
0 0.52734375 0.4390625 0.0171875 0.0171875
0 0.52265625 0.4234375 0.0171875 0.0171875
0 0.4984375 0.4046875 0.0171875 0.0171875
0 0.490625 0.4265625 0.0171875 0.0171875
0 0.509375 0.44140625 0.0171875 0.0171875
0 0.503125 0.45546875 0.015625 0.015625
0 0.49921875 0.47109375 0.0171875 0.0171875
0 0.5078125 0.484375 0.0171875 0.0171875
0 0.4890625 0.484375 0.0171875 0.0171875
0 0.48828125 0.50078125 0.015625 0.015625
0 0.47578125 0.5109375 0.0171875 0.0171875
0 0.46171875 0.51484375 0.0171875 0.01875
0 0.48359375 0.52734375 0.015625 0.015625
0 0.50078125 0.52890625 0.0171875 0.0171875
0 0.49375 0.5453125 0.0171875 0.0171875
0 0.50234375 0.565625 0.0171875 0.0171875
0 0.50703125 0.58125 0.0171875 0.0171875
0 0.48984375 0.58828125 0.01875 0.0171875