0 0.5484375 0.5421875 0.0265625 0.0296875
0 0.5375 0.528125 0.0296875 0.0328125
0 0.6828125 0.240625 0.0328125 0.0328125
0 0.63828125 0.11640625 0.03125 0.034375
0 0.61875 0.246875 0.0328125 0.0328125
0 0.70625 0.26328125 0.0328125 0.0328125
0 0.52734375 0.17421875 0.0296875 0.03125
0 0.6296875 0.31640625 0.0296875 0.0296875
0 0.5765625 0.14765625 0.0296875 0.0328125
0 0.68125 0.17265625 0.03125 0.0328125
0 0.590625 0.33984375 0.03125 0.03125
0 0.51328125 0.21953125 0.0296875 0.0328125
0 0.353125 0.3171875 0.03125 0.03125
0 0.64453125 0.22578125 0.034375 0.0359375
0 0.3796875 0.3359375 0.0328125 0.03125
0 0.4734375 0.17890625 0.03125 0.0328125
0 0.56640625 0.2328125 0.0296875 0.0328125
0 0.40078125 0.21015625 0.03125 0.0328125
0 0.465625 0.2078125 0.0296875 0.0328125
0 0.43515625 0.14140625 0.03125 0.0328125
0 0.26015625 0.39296875 0.0328125 0.03125
0 0.51796875 0.1390625 0.03125 0.0328125
0 0.52109375 0.27265625 0.03125 0.0328125
0 0.44453125 0.4359375 0.0296875 0.0296875
0 0.47109375 0.34140625 0.0296875 0.0296875
0 0.42578125 0.21875 0.0296875 0.03125
0 0.4109375 0.3203125 0.0328125 0.03125
0 0.553125 0.33125 0.0296875 0.0328125
0 0.5421875 0.3 0.0296875 0.03125
0 0.4640625 0.50859375 0.0296875 0.0296875
0 0.49375 0.30546875 0.03125 0.03125
0 0.50234375 0.378125 0.0296875 0.0296875
0 0.4984375 0.33203125 0.0296875 0.03125
0 0.58125 0.3890625 0.03125 0.03125
0 0.27734375 0.35625 0.034375 0.034375
0 0.4125 0.34453125 0.03125 0.0328125
0 0.5234375 0.32578125 0.0296875 0.03125
0 0.33828125 0.16640625 0.03125 0.0328125
0 0.36796875 0.23359375 0.0328125 0.0359375
0 0.2796875 0.46484375 0.0328125 0.0328125
0 0.290625 0.18203125 0.034375 0.034375
0 0.61484375 0.45546875 0.0296875 0.0296875
0 0.64765625 0.42109375 0.0296875 0.0296875
0 0.4265625 0.2453125 0.0328125 0.0328125
0 0.24453125 0.46796875 0.0328125 0.0328125
0 0.56640625 0.428125 0.0296875 0.0296875
0 0.71953125 0.334375 0.03125 0.0296875
0 0.59765625 0.36640625 0.0328125 0.0328125
0 0.40078125 0.5640625 0.0296875 0.0296875
0 0.5078125 0.4375 0.0296875 0.0296875
0 0.3875 0.44453125 0.0328125 0.0328125
0 0.61875 0.38203125 0.03125 0.03125
0 0.59453125 0.42421875 0.0296875 0.0296875
0 0.29296875 0.3 0.03125 0.0328125
0 0.37890625 0.1546875 0.03125 0.0328125
0 0.7859375 0.20625 0.0328125 0.0328125
0 0.63046875 0.478125 0.0296875 0.03125
0 0.35234375 0.63515625 0.03125 0.0328125
0 0.471875 0.4609375 0.0328125 0.03125
0 0.5390625 0.43515625 0.0296875 0.0328125
0 0.72890625 0.4015625 0.03125 0.03125
0 0.4828125 0.42734375 0.0296875 0.0328125
0 0.5875 0.45390625 0.0296875 0.0296875
0 0.2515625 0.49375 0.0328125 0.0328125
0 0.46953125 0.53671875 0.0296875 0.0296875
0 0.5171875 0.2984375 0.0296875 0.0296875
0 0.43046875 0.4890625 0.0328125 0.0296875
0 0.43828125 0.346875 0.0328125 0.0296875
0 0.44453125 0.6921875 0.0296875 0.0328125
0 0.39765625 0.61015625 0.0296875 0.03125
0 0.4234375 0.63203125 0.0296875 0.03125
0 0.45 0.36171875 0.0296875 0.0328125
0 0.42890625 0.5625 0.0328125 0.0328125
0 0.16875 0.39296875 0.0359375 0.034375
0 0.2671875 0.425 0.034375 0.034375
0 0.2796875 0.50078125 0.0328125 0.0328125
0 0.55 0.48125 0.0328125 0.0296875
0 0.3296875 0.60703125 0.0328125 0.0296875
0 0.7265625 0.2890625 0.0296875 0.0328125
0 0.46640625 0.66640625 0.0296875 0.0296875
0 0.65 0.52734375 0.0296875 0.0328125
0 0.6328125 0.61796875 0.0296875 0.0296875
0 0.378125 0.62890625 0.0296875 0.0328125
0 0.44453125 0.584375 0.0296875 0.0296875
0 0.4609375 0.559375 0.0296875 0.0296875
0 0.63125 0.59375 0.0296875 0.0296875
0 0.7234375 0.309375 0.0328125 0.0328125
0 0.6734375 0.79921875 0.0296875 0.0296875
0 0.57734375 0.58671875 0.0296875 0.0296875
0 0.51015625 0.540625 0.0296875 0.0296875
0 0.37578125 0.65859375 0.0296875 0.03125
0 0.6296875 0.81171875 0.0296875 0.0328125
0 0.39921875 0.6453125 0.0296875 0.03125
0 0.65 0.79296875 0.0296875 0.0296875
0 0.4125 0.665625 0.0328125 0.03125
0 0.42109375 0.60390625 0.0328125 0.0328125
0 0.48828125 0.55390625 0.0296875 0.0296875
0 0.55625 0.50625 0.0296875 0.0328125
0 0.6296875 0.78203125 0.03125 0.03125
0 0.534375 0.6828125 0.0296875 0.03125
0 0.33203125 0.70078125 0.03125 0.0328125
0 0.5984375 0.51484375 0.0296875 0.0296875
0 0.30625 0.5046875 0.0328125 0.0328125
0 0.634375 0.56875 0.0296875 0.0296875
0 0.590625 0.5421875 0.0296875 0.0296875
0 0.6703125 0.77265625 0.03125 0.034375
0 0.30859375 0.71484375 0.03125 0.0328125
0 0.4859375 0.6890625 0.0328125 0.0328125
0 0.4875 0.60078125 0.03125 0.03125
0 0.51484375 0.6609375 0.03125 0.03125
0 0.490625 0.66328125 0.0296875 0.0296875
0 0.56953125 0.5296875 0.0296875 0.0296875
0 0.271875 0.71796875 0.03125 0.0328125
0 0.51640625 0.62421875 0.03125 0.0328125
0 0.503125 0.57421875 0.0296875 0.03125
0 0.63125 0.54453125 0.0296875 0.0296875
0 0.61484375 0.4953125 0.0296875 0.0296875
0 0.321875 0.7453125 0.03125 0.03125
0 0.52890625 0.55625 0.0328125 0.0359375
0 0.5109375 0.6890625 0.0296875 0.0296875
0 0.5109375 0.59765625 0.0296875 0.0296875
0 0.478125 0.57734375 0.0296875 0.0296875
0 0.5625 0.5546875 0.0296875 0.0296875
0 0.5625 0.83671875 0.03125 0.0328125
0 0.62265625 0.5203125 0.0296875 0.0296875
0 0.48828125 0.62734375 0.0328125 0.03125
0 0.4 0.86328125 0.03125 0.0296875
0 0.61171875 0.56015625 0.0296875 0.0328125
0 0.42734375 0.72421875 0.03125 0.0328125
0 0.2171875 0.675 0.034375 0.0328125
0 0.58671875 0.5640625 0.0296875 0.03125
0 0.5609375 0.4578125 0.028125 0.0265625