0 0.80390625 0.56328125 0.0390625 0.0359375
0 0.721875 0.5875 0.0359375 0.034375
0 0.6984375 0.60703125 0.034375 0.0328125
0 0.69140625 0.6890625 0.0359375 0.0359375
0 0.7265625 0.81015625 0.0359375 0.034375
0 0.7890625 0.8125 0.0359375 0.0375
0 0.68515625 0.79375 0.0359375 0.0328125
0 0.6546875 0.75234375 0.0328125 0.034375
0 0.60625 0.66171875 0.0328125 0.0359375
0 0.59453125 0.58671875 0.0328125 0.0328125
0 0.72421875 0.5046875 0.0359375 0.0328125
0 0.70859375 0.55 0.034375 0.0328125
0 0.68984375 0.50703125 0.034375 0.0328125
0 0.66484375 0.51953125 0.0328125 0.0359375
0 0.67265625 0.58046875 0.034375 0.0359375
0 0.69765625 0.46328125 0.0359375 0.0328125
0 0.6765625 0.4328125 0.034375 0.0328125
0 0.6578125 0.46484375 0.034375 0.0328125
0 0.64296875 0.4953125 0.0328125 0.0296875
0 0.6296875 0.5296875 0.0328125 0.0359375
0 0.60234375 0.53671875 0.03125 0.0328125
0 0.575 0.5359375 0.0296875 0.0296875
0 0.59140625 0.4765625 0.03125 0.03125
0 0.5859375 0.51015625 0.028125 0.0296875
0 0.61640625 0.45859375 0.0328125 0.0296875
0 0.671875 0.39453125 0.0359375 0.0359375
0 0.64140625 0.43203125 0.0328125 0.0328125
0 0.665625 0.3578125 0.0328125 0.0390625
0 0.6390625 0.3734375 0.0296875 0.034375
0 0.6203125 0.39609375 0.0328125 0.03125
0 0.61640625 0.35546875 0.0328125 0.0328125
0 0.60625 0.32265625 0.0328125 0.0328125
0 0.584375 0.30390625 0.0328125 0.034375
0 0.575 0.33828125 0.0296875 0.0328125
0 0.58828125 0.3625 0.0328125 0.0328125
0 0.58984375 0.39296875 0.0328125 0.0328125
0 0.59609375 0.42890625 0.0328125 0.0328125
0 0.56953125 0.41796875 0.0296875 0.0328125
0 0.5515625 0.38828125 0.03125 0.03125
0 0.54296875 0.31796875 0.0328125 0.0328125
0 0.546875 0.36015625 0.0328125 0.03125
0 0.5671875 0.459375 0.0296875 0.0328125
0 0.54765625 0.5 0.0296875 0.03125
0 0.54296875 0.53203125 0.0296875 0.0328125
0 0.54921875 0.57578125 0.0328125 0.034375
0 0.54453125 0.4703125 0.0296875 0.0296875
0 0.546875 0.43828125 0.0296875 0.0296875
0 0.52890625 0.41875 0.03125 0.0296875
0 0.5171875 0.36015625 0.028125 0.0328125
0 0.51640625 0.390625 0.03125 0.0359375
0 0.5125 0.3125 0.0328125 0.03125
0 0.4890625 0.33515625 0.0296875 0.0296875
0 0.48984375 0.365625 0.028125 0.03125
0 0.503125 0.4296875 0.0265625 0.0296875
0 0.52265625 0.4484375 0.028125 0.0296875
0 0.5015625 0.465625 0.0265625 0.0328125
0 0.515625 0.4921875 0.0296875 0.03125
0 0.5171875 0.52578125 0.028125 0.03125
0 0.47890625 0.528125 0.0296875 0.03125
0 0.4859375 0.49375 0.0265625 0.0296875
0 0.484375 0.4484375 0.0296875 0.0296875
0 0.4578125 0.44453125 0.0265625 0.0296875
0 0.465625 0.38359375 0.0265625 0.0296875
0 0.48125 0.41875 0.0265625 0.0296875
0 0.4625 0.3375 0.0265625 0.0328125
0 0.4421875 0.390625 0.025 0.0328125
0 0.45234375 0.41484375 0.0265625 0.0328125
0 0.4578125 0.309375 0.0296875 0.0328125
0 0.5421875 0.66796875 0.0328125 0.0328125
0 0.4109375 0.540625 0.0296875 0.03125
0 0.4390625 0.33359375 0.0265625 0.0328125
0 0.4328125 0.359375 0.0265625 0.0296875
0 0.41796875 0.30625 0.028125 0.0328125
0 0.4109375 0.3578125 0.0234375 0.0265625
0 0.41640625 0.38203125 0.025 0.0296875
0 0.4265625 0.4078125 0.025 0.0296875
0 0.41328125 0.43671875 0.0265625 0.0296875
0 0.434375 0.440625 0.0265625 0.0328125
0 0.39765625 0.465625 0.0265625 0.0296875
0 0.40390625 0.41015625 0.0265625 0.0296875
0 0.39453125 0.38046875 0.025 0.028125
0 0.3890625 0.35078125 0.025 0.03125
0 0.365625 0.353125 0.0234375 0.0296875
0 0.37265625 0.384375 0.025 0.0296875
0 0.38125 0.41328125 0.0234375 0.0296875
0 0.38359375 0.440625 0.0265625 0.0296875
0 0.36875 0.46015625 0.0265625 0.0265625
0 0.35234375 0.44375 0.0265625 0.0265625
0 0.35234375 0.39296875 0.025 0.0296875
0 0.35546875 0.41875 0.0265625 0.0265625
0 0.346875 0.32578125 0.0265625 0.0296875
0 0.34765625 0.3671875 0.0234375 0.0265625
0 0.3703125 0.303125 0.028125 0.0296875
0 0.321875 0.28125 0.028125 0.0296875
0 0.3015625 0.315625 0.0265625 0.0296875
0 0.3328125 0.3859375 0.025 0.0328125
0 0.3125 0.38515625 0.0265625 0.028125
0 0.29375 0.36953125 0.0265625 0.0265625
0 0.26015625 0.3390625 0.0296875 0.0296875
0 0.26640625 0.25546875 0.0265625 0.0296875