0 0.53984375 0.35078125 0.0234375 0.0203125
0 0.40859375 0.4671875 0.021875 0.021875
0 0.5875 0.45 0.021875 0.02109375
0 0.48515625 0.375 0.02109375 0.021875
0 0.3890625 0.55625 0.02109375 0.02109375
0 0.4234375 0.5921875 0.02109375 0.02109375
0 0.55625 0.56328125 0.0203125 0.021875
0 0.515625 0.690625 0.02109375 0.02109375
0 0.44921875 0.55390625 0.0203125 0.0203125
0 0.43203125 0.3734375 0.02109375 0.021875
0 0.58671875 0.4703125 0.02109375 0.02109375
0 0.56484375 0.5015625 0.02109375 0.02109375
0 0.4453125 0.45390625 0.02109375 0.02109375
0 0.48828125 0.478125 0.02109375 0.02109375
0 0.54921875 0.4 0.02109375 0.02109375
0 0.39453125 0.4109375 0.025 0.021875
0 0.42890625 0.6828125 0.02109375 0.02109375
0 0.50859375 0.46953125 0.02109375 0.0203125
0 0.403125 0.4296875 0.021875 0.021875
0 0.4203125 0.4109375 0.02109375 0.02109375
0 0.41875 0.45 0.02109375 0.02265625
0 0.440625 0.4125 0.021875 0.021875
0 0.42890625 0.55390625 0.02109375 0.0203125
0 0.42734375 0.52109375 0.0203125 0.0203125
0 0.60078125 0.3921875 0.02109375 0.02109375
0 0.48359375 0.66875 0.02109375 0.02109375
0 0.5328125 0.5296875 0.0203125 0.02109375
0 0.54765625 0.471875 0.021875 0.021875
0 0.5109375 0.49765625 0.02109375 0.02109375
0 0.54765625 0.6671875 0.0203125 0.02109375
0 0.53125 0.67890625 0.02109375 0.021875
0 0.50390625 0.409375 0.02109375 0.021875
0 0.5515625 0.51875 0.0203125 0.02109375
0 0.39296875 0.5890625 0.0203125 0.021875
0 0.45625 0.49375 0.02109375 0.02265625
0 0.446875 0.43203125 0.0203125 0.0203125
0 0.3984375 0.44921875 0.02109375 0.02109375
0 0.42890625 0.48671875 0.0203125 0.02109375
0 0.571875 0.52109375 0.02109375 0.021875
0 0.4765625 0.49375 0.02109375 0.02109375
0 0.4828125 0.41484375 0.021875 0.02109375
0 0.53203125 0.5875 0.021875 0.021875
0 0.509375 0.71171875 0.0203125 0.02109375
0 0.596875 0.509375 0.021875 0.02109375
0 0.47734375 0.3953125 0.0203125 0.021875
0 0.46328125 0.38125 0.02109375 0.021875
0 0.48046875 0.5578125 0.01953125 0.02109375
0 0.51640625 0.621875 0.02109375 0.02109375
0 0.3859375 0.48671875 0.021875 0.021875
0 0.553125 0.36875 0.02109375 0.021875
0 0.45 0.69375 0.02109375 0.02109375
0 0.52421875 0.4828125 0.0203125 0.0203125
0 0.5578125 0.60390625 0.02109375 0.021875
0 0.4390625 0.5046875 0.021875 0.02109375
0 0.5828125 0.49375 0.02109375 0.021875
0 0.40625 0.4859375 0.021875 0.021875
0 0.49609375 0.4546875 0.02109375 0.021875
0 0.54765625 0.490625 0.0203125 0.02109375
0 0.5296875 0.56875 0.02109375 0.02109375
0 0.51796875 0.5140625 0.021875 0.01953125
0 0.5828125 0.39921875 0.021875 0.021875
0 0.4390625 0.53671875 0.02109375 0.0203125
0 0.5671875 0.45703125 0.0203125 0.02109375
0 0.5359375 0.4140625 0.02109375 0.02109375
0 0.409375 0.665625 0.021875 0.021875
0 0.46328125 0.5671875 0.02109375 0.0203125
0 0.57265625 0.375 0.021875 0.021875
0 0.5828125 0.5734375 0.021875 0.02265625
0 0.4546875 0.521875 0.02109375 0.02109375
0 0.40859375 0.6875 0.02109375 0.02109375
0 0.40703125 0.60390625 0.0203125 0.021875
0 0.3703125 0.571875 0.021875 0.021875
0 0.42890625 0.46796875 0.0203125 0.02109375
0 0.590625 0.528125 0.02109375 0.0203125
0 0.51875 0.4 0.021875 0.02109375
0 0.36953125 0.59296875 0.021875 0.02109375
0 0.41875 0.39140625 0.021875 0.021875
0 0.5171875 0.5421875 0.02109375 0.0203125
0 0.4640625 0.53984375 0.0203125 0.02109375
0 0.6 0.48515625 0.0203125 0.021875
0 0.55234375 0.58203125 0.021875 0.02109375
0 0.3875 0.66328125 0.021875 0.021875
0 0.38359375 0.52265625 0.02109375 0.02109375
0 0.56484375 0.47890625 0.0203125 0.02109375
0 0.45703125 0.4 0.02265625 0.021875
0 0.46328125 0.475 0.02109375 0.021875
0 0.52578125 0.37265625 0.0234375 0.01796875
0 0.5765625 0.6140625 0.02109375 0.02109375
0 0.3890625 0.46640625 0.02109375 0.021875
0 0.61015625 0.4109375 0.02109375 0.02265625
0 0.4234375 0.64375 0.021875 0.02109375
0 0.39140625 0.6296875 0.02109375 0.02265625
0 0.396875 0.53828125 0.0203125 0.02109375
0 0.40859375 0.575 0.0203125 0.021875
0 0.49765625 0.6140625 0.02109375 0.02109375
0 0.36484375 0.61171875 0.02109375 0.021875
0 0.5921875 0.41875 0.02109375 0.021875
0 0.51875 0.44375 0.02109375 0.02109375
0 0.5765625 0.4328125 0.02109375 0.02109375
0 0.44765625 0.675 0.0203125 0.02109375
0 0.48046875 0.434375 0.02109375 0.021875
0 0.43125 0.57421875 0.021875 0.02109375
0 0.5359375 0.6296875 0.0203125 0.021875
0 0.57421875 0.540625 0.02109375 0.02109375
0 0.5203125 0.66171875 0.02109375 0.02109375
0 0.45234375 0.715625 0.0203125 0.02265625
0 0.5359375 0.50625 0.0203125 0.021875
0 0.4296875 0.703125 0.0234375 0.021875
0 0.5578125 0.63203125 0.021875 0.02265625
0 0.4015625 0.64765625 0.02265625 0.021875
0 0.53515625 0.6078125 0.021875 0.021875
0 0.53828125 0.6484375 0.02109375 0.021875
0 0.4390625 0.3921875 0.02109375 0.02265625
0 0.36953125 0.63125 0.021875 0.021875
0 0.4640625 0.6609375 0.02109375 0.02109375
0 0.4421875 0.60078125 0.02109375 0.021875
0 0.534375 0.5484375 0.02109375 0.021875
0 0.49140625 0.69140625 0.02109375 0.02265625
0 0.49296875 0.50546875 0.02109375 0.02109375
0 0.5140625 0.58046875 0.02109375 0.0203125
0 0.49453125 0.634375 0.02109375 0.02109375
0 0.5 0.653125 0.0203125 0.0203125
0 0.47265625 0.51328125 0.02109375 0.021875
0 0.3703125 0.50390625 0.0203125 0.021875
0 0.37421875 0.540625 0.02109375 0.021875
0 0.4078125 0.52109375 0.0203125 0.02109375
0 0.54609375 0.453125 0.02109375 0.021875
0 0.4828125 0.5328125 0.021875 0.02265625
0 0.55625 0.4328125 0.021875 0.021875
0 0.46171875 0.6359375 0.01953125 0.0203125
0 0.56875 0.671875 0.021875 0.02265625
0 0.4109375 0.628125 0.0203125 0.02109375
0 0.4546875 0.6171875 0.02109375 0.021875
0 0.4640625 0.42109375 0.02109375 0.021875
0 0.38828125 0.68359375 0.0234375 0.02265625
0 0.41796875 0.5046875 0.02109375 0.0203125
0 0.47890625 0.646875 0.0203125 0.02109375
0 0.4453125 0.646875 0.02109375 0.02109375
0 0.43828125 0.628125 0.02109375 0.02109375
0 0.4765625 0.62265625 0.0203125 0.021875
0 0.5078125 0.5609375 0.021875 0.021875
0 0.46953125 0.703125 0.02109375 0.02265625
0 0.50078125 0.43359375 0.02109375 0.021875
0 0.5984375 0.6421875 0.02109375 0.0234375
0 0.5625 0.6515625 0.021875 0.02265625
0 0.4296875 0.66171875 0.021875 0.02109375
0 0.565625 0.41171875 0.0203125 0.021875
0 0.47890625 0.603125 0.0203125 0.021875
0 0.4765625 0.584375 0.02109375 0.0203125
0 0.49296875 0.5734375 0.021875 0.02109375
0 0.5359375 0.43359375 0.02109375 0.021875
0 0.5359375 0.38359375 0.02109375 0.01953125
0 0.4703125 0.7234375 0.02109375 0.021875
0 0.578125 0.634375 0.021875 0.0234375
0 0.5828125 0.65703125 0.02109375 0.02265625
0 0.42734375 0.43046875 0.02109375 0.02109375
0 0.3859375 0.61015625 0.02265625 0.021875
0 0.46953125 0.68203125 0.02109375 0.021875
0 0.52734375 0.459375 0.01953125 0.01875
0 0.496875 0.3890625 0.02109375 0.02109375
0 0.3953125 0.50546875 0.02109375 0.01953125
0 0.5125 0.73203125 0.021875 0.02265625
0 0.490625 0.73125 0.02109375 0.021875
0 0.49765625 0.5453125 0.0234375 0.02421875
0 0.5640625 0.3859375 0.021875 0.02109375
0 0.46015625 0.59609375 0.021875 0.02109375
0 0.51875 0.4265625 0.0203125 0.02421875
0 0.4640625 0.44453125 0.021875 0.02109375
0 0.4765625 0.4578125 0.01953125 0.0203125
0 0.4171875 0.5375 0.02109375 0.01875
0 0.409375 0.5546875 0.0234375 0.02265625
0 0.4484375 0.58046875 0.0203125 0.021875
0 0.42421875 0.6109375 0.01953125 0.021875
0 0.496875 0.59453125 0.01875 0.02109375
0 0.51640625 0.6 0.0171875 0.02265625
0 0.5 0.525 0.0203125 0.01875
0 0.553125 0.5421875 0.02265625 0.0203125
0 0.51640625 0.6421875 0.021875 0.0203125
0 0.50234375 0.6734375 0.01875 0.02109375
0 0.4875 0.7109375 0.0234375 0.0203125
0 0.52265625 0.3609375 0.02265625 0.01796875