0 0.4796875 0.7453125 0.0375 0.0390625
0 0.48046875 0.80625 0.0328125 0.0359375
0 0.4640625 0.8359375 0.0359375 0.0359375
0 0.39921875 0.715625 0.034375 0.0375
0 0.3765625 0.74609375 0.034375 0.0375
0 0.35 0.76328125 0.0328125 0.0359375
0 0.32109375 0.76953125 0.0328125 0.0359375
0 0.48359375 0.6734375 0.034375 0.040625
0 0.45703125 0.6875 0.0390625 0.040625
0 0.5140625 0.6734375 0.0359375 0.0359375
0 0.51640625 0.59609375 0.0359375 0.0390625
0 0.484375 0.61328125 0.0375 0.0421875
0 0.453125 0.6125 0.0328125 0.0375
0 0.41015625 0.625 0.0390625 0.0375
0 0.37421875 0.60546875 0.0359375 0.0359375
0 0.3453125 0.59765625 0.0328125 0.0359375
0 0.3109375 0.628125 0.0328125 0.0359375
0 0.334375 0.54765625 0.0296875 0.028125
0 0.309375 0.5609375 0.0296875 0.03125
0 0.31796875 0.596875 0.03125 0.03125
0 0.3 0.534375 0.03125 0.0296875
0 0.2921875 0.5671875 0.015625 0.0328125
0 0.27734375 0.58203125 0.034375 0.034375
0 0.278125 0.63828125 0.034375 0.0390625
0 0.29296875 0.6765625 0.0390625 0.0390625
0 0.29921875 0.75 0.0375 0.0390625
0 0.33125 0.7328125 0.03125 0.034375
0 0.2671875 0.75703125 0.034375 0.0359375
0 0.25078125 0.7796875 0.0296875 0.03125
0 0.27421875 0.80390625 0.0421875 0.0390625
0 0.36953125 0.80390625 0.04375 0.0375
0 0.421875 0.85234375 0.0421875 0.0390625
0 0.36796875 0.8609375 0.0390625 0.040625
0 0.42578125 0.98984375 0.0421875 0.0203125
0 0.23828125 0.82109375 0.0359375 0.0359375
0 0.22578125 0.79140625 0.034375 0.03125
0 0.19765625 0.8125 0.0359375 0.034375
0 0.26328125 0.68828125 0.0375 0.0328125
0 0.2171875 0.615625 0.0390625 0.0328125
0 0.2296875 0.6515625 0.0359375 0.0375
0 0.246875 0.66640625 0.028125 0.0234375
0 0.2390625 0.590625 0.0390625 0.0390625
0 0.18359375 0.61796875 0.0359375 0.0328125
0 0.19375 0.64921875 0.0359375 0.034375
0 0.1671875 0.659375 0.0328125 0.034375
0 0.1671875 0.8140625 0.0328125 0.040625
0 0.16953125 0.6875 0.0359375 0.0359375
0 0.19609375 0.70078125 0.0328125 0.0390625
0 0.13515625 0.81328125 0.0359375 0.03125
0 0.20859375 0.971875 0.040625 0.0375
0 0.14765625 0.9859375 0.0421875 0.028125
0 0.13828125 0.7828125 0.03125 0.0328125
0 0.17109375 0.7296875 0.0390625 0.034375
0 0.1125 0.78828125 0.03125 0.0359375
0 0.1140625 0.6875 0.0375 0.0390625
0 0.07890625 0.7265625 0.0359375 0.0390625
0 0.0671875 0.8734375 0.0328125 0.0375
0 0.0609375 0.778125 0.0328125 0.0359375
0 0.04609375 0.73359375 0.0328125 0.0375
0 0.0578125 0.67265625 0.034375 0.040625
0 0.0234375 0.6421875 0.0203125 0.0390625
0 0.0390625 0.63203125 0.0296875 0.0328125
0 0.0140625 0.58125 0.01875 0.0375
0 0.009375 0.53671875 0.01875 0.0390625
0 0.00625 0.4859375 0.0125 0.0375
0 0.04453125 0.56171875 0.0390625 0.034375
0 0.05390625 0.58828125 0.0375 0.03125
0 0.06953125 0.53984375 0.0359375 0.0359375
0 0.1015625 0.59609375 0.0390625 0.0359375
0 0.18984375 0.5359375 0.034375 0.03125
0 0.16171875 0.5484375 0.0328125 0.034375
0 0.16875 0.50703125 0.0359375 0.0390625
0 0.2578125 0.51015625 0.0421875 0.0421875
0 0.30859375 0.496875 0.0328125 0.0390625
0 0.275 0.4625 0.0359375 0.0375
0 0.13984375 0.48828125 0.0328125 0.034375
0 0.24453125 0.47109375 0.0328125 0.0359375
0 0.1015625 0.43828125 0.0328125 0.0359375
0 0.146875 0.39453125 0.0375 0.0390625
0 0.015625 0.27578125 0.03125 0.0359375
0 0.17421875 0.35859375 0.034375 0.0375
0 0.1390625 0.26953125 0.0359375 0.0390625
0 0.20625 0.34765625 0.0390625 0.0375
0 0.25078125 0.3484375 0.0421875 0.0390625
0 0.2078125 0.26953125 0.034375 0.0390625
0 0.23671875 0.30859375 0.0390625 0.0390625
0 0.25 0.2640625 0.0390625 0.040625
0 0.2671875 0.30234375 0.0359375 0.0375
0 0.28515625 0.3265625 0.0390625 0.0390625
0 0.30078125 0.35234375 0.040625 0.0375
0 0.34140625 0.490625 0.0390625 0.0359375
0 0.3734375 0.521875 0.0390625 0.0390625
0 0.41796875 0.55859375 0.0359375 0.0390625
0 0.40390625 0.51328125 0.0328125 0.0328125
0 0.43203125 0.52578125 0.0328125 0.0359375
0 0.41328125 0.4546875 0.0390625 0.0390625
0 0.41875 0.490625 0.0328125 0.0390625
0 0.403125 0.4265625 0.0390625 0.0390625
0 0.328125 0.3296875 0.0421875 0.0390625
0 0.2640625 0.103125 0.0421875 0.0375
0 0.3125 0.1375 0.0390625 0.0359375
0 0.3453125 0.1953125 0.0390625 0.0359375
0 0.37421875 0.2546875 0.0421875 0.040625
0 0.41640625 0.325 0.0390625 0.0375
0 0.44609375 0.49765625 0.0328125 0.0390625
0 0.4453125 0.46328125 0.0390625 0.0375
0 0.4734375 0.50078125 0.0359375 0.0375
0 0.45546875 0.43125 0.0375 0.0359375
0 0.45 0.3953125 0.0390625 0.0359375
0 0.46328125 0.36953125 0.034375 0.0265625
0 0.45625 0.33359375 0.0375 0.0359375
0 0.48828125 0.4171875 0.0390625 0.0328125
0 0.49765625 0.4796875 0.0375 0.0359375
0 0.4890625 0.38515625 0.0328125 0.0359375
0 0.43671875 0.17109375 0.0390625 0.0359375
0 0.49296875 0.3515625 0.0359375 0.0390625
0 0.5203125 0.38828125 0.0375 0.0359375
0 0.5375 0.50078125 0.0421875 0.0390625
0 0.5453125 0.4484375 0.0359375 0.0328125
0 0.55625 0.4734375 0.0390625 0.0328125
0 0.56875 0.52578125 0.0421875 0.0375
0 0.56484375 0.409375 0.0421875 0.0359375
0 0.58046875 0.45546875 0.0390625 0.0359375
0 0.5921875 0.4875 0.0453125 0.0359375
0 0.52109375 0.24765625 0.040625 0.0390625
0 0.51796875 0.2828125 0.0421875 0.0359375
0 0.50703125 0.20625 0.0484375 0.0375
0 0.5640625 0.24765625 0.0390625 0.040625
0 0.590625 0.3765625 0.0484375 0.040625
0 0.571875 0.7796875 0.0390625 0.0390625
0 0.74140625 0.26953125 0.053125 0.0453125
0 0.7984375 0.4765625 0.0484375 0.04375
0 0.7671875 0.5828125 0.0453125 0.04375
0 0.8078125 0.56953125 0.0484375 0.0390625
0 0.79453125 0.60390625 0.040625 0.0359375
0 0.81796875 0.62890625 0.034375 0.040625
0 0.7828125 0.6390625 0.0421875 0.0375
0 0.6046875 0.76796875 0.0375 0.0390625
0 0.5109375 0.7578125 0.0359375 0.0375