0 0.34765625 0.03125 0.028125 0.028125
0 0.2671875 0.10625 0.0296875 0.03125
0 0.27421875 0.15078125 0.028125 0.028125
0 0.265625 0.17734375 0.028125 0.0296875
0 0.56015625 0.17265625 0.0203125 0.0234375
0 0.54140625 0.19140625 0.0234375 0.021875
0 0.5421875 0.21328125 0.021875 0.0234375
0 0.4640625 0.215625 0.0203125 0.0234375
0 0.51640625 0.22421875 0.0234375 0.0234375
0 0.54375 0.26171875 0.0203125 0.0234375
0 0.50625 0.28984375 0.021875 0.0234375
0 0.4921875 0.3078125 0.0203125 0.0234375
0 0.5171875 0.3125 0.021875 0.025
0 0.65859375 0.40078125 0.0203125 0.0234375
0 0.31640625 0.4765625 0.028125 0.028125
0 0.33046875 0.5 0.0265625 0.0265625
0 0.3265625 0.5484375 0.0265625 0.0265625
0 0.43203125 0.35859375 0.025 0.028125
0 0.4796875 0.3640625 0.0234375 0.025
0 0.5359375 0.37734375 0.021875 0.025
0 0.465625 0.38984375 0.021875 0.0234375
0 0.496875 0.39296875 0.021875 0.0234375
0 0.5140625 0.38671875 0.021875 0.025
0 0.51640625 0.415625 0.021875 0.025
0 0.46796875 0.44375 0.021875 0.0234375
0 0.42734375 0.48984375 0.021875 0.0234375
0 0.4328125 0.5234375 0.0234375 0.0234375
0 0.5125 0.46328125 0.0234375 0.0234375
0 0.62421875 0.50859375 0.0203125 0.021875
0 0.46328125 0.56796875 0.0234375 0.0265625
0 0.5140625 0.52109375 0.021875 0.025
0 0.55703125 0.5296875 0.0203125 0.0234375
0 0.603125 0.5515625 0.021875 0.0203125
0 0.5875 0.56875 0.0203125 0.021875
0 0.559375 0.5875 0.0203125 0.0203125
0 0.55 0.603125 0.0203125 0.0203125
0 0.5546875 0.646875 0.0203125 0.0234375
0 0.5328125 0.6203125 0.0234375 0.0234375
0 0.5109375 0.62109375 0.0203125 0.0203125
0 0.5 0.63984375 0.0203125 0.0234375
0 0.51875 0.64296875 0.01875 0.0234375
0 0.50546875 0.6625 0.0203125 0.0203125
0 0.3640625 0.6109375 0.028125 0.03125
0 0.3875 0.6203125 0.0234375 0.0234375
0 0.43359375 0.6328125 0.025 0.0265625
0 0.42578125 0.69453125 0.0234375 0.025
0 0.475 0.6671875 0.025 0.0265625
0 0.51953125 0.68046875 0.021875 0.025
0 0.534375 0.6640625 0.0234375 0.0234375
0 0.56875 0.6703125 0.021875 0.0203125
0 0.58671875 0.696875 0.0234375 0.0234375
0 0.55625 0.6890625 0.021875 0.0234375
0 0.53359375 0.7046875 0.0203125 0.021875
0 0.55390625 0.709375 0.0234375 0.021875
0 0.54765625 0.73046875 0.0234375 0.0234375
0 0.6015625 0.74375 0.0234375 0.0234375
0 0.5828125 0.7515625 0.0203125 0.021875
0 0.2375 0.3328125 0.03125 0.028125
0 0.2359375 0.36484375 0.03125 0.0296875
0 0.23359375 0.3921875 0.03125 0.028125
0 0.209375 0.40234375 0.028125 0.028125
0 0.19609375 0.4359375 0.028125 0.03125
0 0.153125 0.45625 0.028125 0.03125
0 0.22265625 0.47109375 0.028125 0.028125
0 0.24140625 0.4859375 0.028125 0.028125
0 0.2328125 0.5109375 0.028125 0.0296875
0 0.22578125 0.559375 0.028125 0.03125
0 0.30078125 0.6046875 0.025 0.0265625
0 0.24609375 0.67265625 0.028125 0.03125
0 0.34375 0.63671875 0.0234375 0.0234375
0 0.3421875 0.66328125 0.025 0.025
0 0.36484375 0.678125 0.025 0.028125
0 0.30234375 0.69453125 0.0265625 0.0265625
0 0.32890625 0.6859375 0.025 0.025
0 0.34453125 0.7015625 0.021875 0.0234375
0 0.40234375 0.7390625 0.0234375 0.025
0 0.3328125 0.73046875 0.028125 0.028125
0 0.3578125 0.740625 0.0265625 0.0265625
0 0.31015625 0.721875 0.0328125 0.028125
0 0.3078125 0.74609375 0.0265625 0.025
0 0.31328125 0.76484375 0.028125 0.028125
0 0.33828125 0.76640625 0.025 0.0265625
0 0.22734375 0.71953125 0.0296875 0.0328125
0 0.26484375 0.7453125 0.0296875 0.028125
0 0.2734375 0.7671875 0.0296875 0.028125
0 0.2359375 0.77890625 0.028125 0.028125
0 0.28203125 0.78984375 0.028125 0.0296875
0 0.23203125 0.81015625 0.028125 0.0296875
0 0.27734375 0.821875 0.025 0.0265625
0 0.42109375 0.79375 0.025 0.0265625
0 0.42578125 0.81484375 0.025 0.028125
0 0.42578125 0.8546875 0.025 0.0265625
0 0.48125 0.79375 0.0234375 0.0234375
0 0.47421875 0.82578125 0.0234375 0.0265625
0 0.53359375 0.7859375 0.0203125 0.0234375
0 0.5484375 0.8171875 0.0203125 0.021875
0 0.5578125 0.83515625 0.0203125 0.0234375
0 0.56640625 0.85703125 0.021875 0.025
0 0.54609375 0.89296875 0.0203125 0.0234375