0 0.65546875 0.203125 0.0390625 0.046875
0 0.68203125 0.2296875 0.0421875 0.05
0 0.68359375 0.27109375 0.040625 0.0453125
0 0.64453125 0.28984375 0.0390625 0.04375
0 0.62109375 0.21015625 0.0390625 0.0453125
0 0.625 0.2546875 0.0375 0.05
0 0.58984375 0.1734375 0.0390625 0.05
0 0.54140625 0.16328125 0.040625 0.0546875
0 0.60703125 0.29140625 0.0390625 0.046875
0 0.51484375 0.1953125 0.04375 0.0546875
0 0.41328125 0.23359375 0.040625 0.0515625
0 0.46328125 0.23984375 0.040625 0.0515625
0 0.528125 0.290625 0.0421875 0.0515625
0 0.52265625 0.33671875 0.0359375 0.046875
0 0.553125 0.3625 0.0359375 0.046875
0 0.53515625 0.396875 0.0375 0.04375
0 0.50546875 0.37734375 0.0375 0.05
0 0.5578125 0.46953125 0.0359375 0.0375
0 0.559375 0.509375 0.034375 0.040625
0 0.53125 0.4921875 0.0359375 0.040625
0 0.53515625 0.44296875 0.0359375 0.040625
0 0.42890625 0.42109375 0.0390625 0.04375
0 0.48046875 0.4046875 0.0359375 0.0421875
0 0.50703125 0.425 0.0328125 0.0390625
0 0.509375 0.465625 0.0359375 0.0390625
0 0.5 0.49921875 0.0359375 0.0375
0 0.4828125 0.4515625 0.0328125 0.034375
0 0.46875 0.47890625 0.03125 0.04375
0 0.47734375 0.52109375 0.0328125 0.0375
0 0.5203125 0.528125 0.0359375 0.0375
0 0.4484375 0.5125 0.0328125 0.04375
0 0.48828125 0.55234375 0.0328125 0.0375
0 0.46328125 0.56875 0.03125 0.0359375
0 0.5015625 0.584375 0.034375 0.0359375
0 0.44609375 0.5890625 0.03125 0.040625
0 0.4765625 0.6 0.03125 0.034375
0 0.496875 0.62578125 0.03125 0.034375
0 0.4640625 0.621875 0.0296875 0.0375
0 0.4203125 0.58515625 0.0328125 0.0375
0 0.434375 0.61484375 0.03125 0.03125
0 0.44609375 0.6453125 0.028125 0.03125
0 0.47734375 0.64921875 0.028125 0.03125
0 0.49921875 0.66640625 0.0328125 0.0390625
0 0.45859375 0.67265625 0.03125 0.0296875
0 0.46875 0.7015625 0.0296875 0.0296875
0 0.43671875 0.68359375 0.03125 0.0328125
0 0.44609375 0.71328125 0.028125 0.03125
0 0.2359375 0.71875 0.03125 0.025
0 0.2359375 0.73828125 0.028125 0.0296875
0 0.23046875 0.69765625 0.0296875 0.040625
0 0.203125 0.72421875 0.03125 0.034375
0 0.2171875 0.75234375 0.028125 0.034375
0 0.23125 0.78046875 0.0328125 0.0328125
0 0.2578125 0.6921875 0.03125 0.03125
0 0.31640625 0.69296875 0.0328125 0.0375
0 0.28828125 0.6859375 0.0296875 0.0359375
0 0.3296875 0.66953125 0.034375 0.0328125
0 0.34921875 0.709375 0.034375 0.034375
0 0.33125 0.74921875 0.03125 0.0359375
0 0.3 0.73828125 0.03125 0.0359375
0 0.296875 0.77109375 0.028125 0.03125
0 0.31484375 0.796875 0.03125 0.03125
0 0.39921875 0.67421875 0.03125 0.0328125
0 0.41640625 0.71484375 0.03125 0.034375
0 0.43984375 0.7421875 0.0328125 0.0375
0 0.4421875 0.7890625 0.03125 0.0359375
0 0.40703125 0.7734375 0.0296875 0.0328125
0 0.415625 0.80078125 0.03125 0.03125
0 0.5046875 0.85703125 0.03125 0.034375
0 0.4703125 0.86171875 0.028125 0.0328125
0 0.45 0.8484375 0.0296875 0.03125
0 0.43203125 0.83203125 0.0234375 0.0265625
0 0.45 0.8828125 0.028125 0.03125
0 0.43359375 0.86796875 0.028125 0.028125
0 0.415625 0.84765625 0.0265625 0.028125
0 0.39765625 0.821875 0.028125 0.028125
0 0.39140625 0.846875 0.0234375 0.0234375
0 0.41484375 0.88203125 0.025 0.028125
0 0.43359375 0.90078125 0.025 0.0265625
0 0.4578125 0.9078125 0.025 0.028125
0 0.4421875 0.925 0.025 0.028125
0 0.42109375 0.94921875 0.025 0.025
0 0.4078125 0.9046875 0.028125 0.028125
0 0.40390625 0.92890625 0.025 0.028125
0 0.39375 0.88828125 0.025 0.028125
0 0.384375 0.86484375 0.025 0.03125
0 0.36796875 0.840625 0.0265625 0.0328125
0 0.3421875 0.84453125 0.028125 0.0296875
0 0.36015625 0.8640625 0.025 0.028125
0 0.2671875 0.790625 0.028125 0.03125
0 0.284375 0.81796875 0.025 0.0328125
0 0.31484375 0.8296875 0.028125 0.028125
0 0.31796875 0.85546875 0.025 0.028125
0 0.33203125 0.8734375 0.025 0.0265625
0 0.35390625 0.88828125 0.025 0.025
0 0.3703125 0.9078125 0.0265625 0.0296875
0 0.321875 0.890625 0.025 0.028125
0 0.36015625 0.9265625 0.025 0.0265625
0 0.340625 0.940625 0.025 0.03125