0 0.50703125 0.9921875 0.0171875 0.01328125
0 0.54375 0.26484375 0.0140625 0.0171875
0 0.5296875 0.265625 0.0140625 0.0140625
0 0.4765625 0.325 0.01484375 0.015625
0 0.4890625 0.390625 0.01484375 0.0140625
0 0.50390625 0.384375 0.015625 0.01484375
0 0.5203125 0.37890625 0.01484375 0.01484375
0 0.496875 0.3734375 0.01328125 0.01484375
0 0.509375 0.3703125 0.0140625 0.01328125
0 0.5203125 0.3578125 0.01328125 0.0140625
0 0.53203125 0.353125 0.0140625 0.0125
0 0.48125 0.375 0.0140625 0.01484375
0 0.47734375 0.38671875 0.01328125 0.01640625
0 0.48515625 0.36171875 0.01328125 0.01328125
0 0.50546875 0.353125 0.0140625 0.01640625
0 0.47578125 0.34609375 0.0140625 0.015625
0 0.49140625 0.3453125 0.0140625 0.0140625
0 0.46875 0.33671875 0.0125 0.0140625
0 0.47265625 0.36484375 0.0125 0.01171875
0 0.453125 0.33671875 0.0140625 0.0140625
0 0.459375 0.3484375 0.015625 0.0140625
0 0.46796875 0.37734375 0.01328125 0.0125
0 0.44453125 0.35078125 0.01484375 0.0125
0 0.45546875 0.3625 0.01640625 0.0140625
0 0.4171875 0.3453125 0.0140625 0.0109375
0 0.43203125 0.35 0.01484375 0.01484375
0 0.45859375 0.38515625 0.0125 0.0125
0 0.43828125 0.3640625 0.0140625 0.01484375
0 0.44453125 0.3859375 0.0125 0.015625
0 0.465625 0.39609375 0.01640625 0.0140625
0 0.4890625 0.42890625 0.01640625 0.01484375
0 0.50078125 0.42109375 0.01640625 0.01640625
0 0.5578125 0.43203125 0.01640625 0.01484375
0 0.5359375 0.4734375 0.01640625 0.015625
0 0.53984375 0.51875 0.0140625 0.01640625
0 0.5265625 0.521875 0.0125 0.015625
0 0.51015625 0.528125 0.0140625 0.01484375
0 0.5109375 0.515625 0.01484375 0.01328125
0 0.47265625 0.534375 0.01484375 0.0140625
0 0.490625 0.54140625 0.0140625 0.015625
0 0.41640625 0.5171875 0.01328125 0.01328125
0 0.4296875 0.51328125 0.01484375 0.0140625
0 0.43671875 0.49609375 0.01484375 0.0140625
0 0.44296875 0.509375 0.01328125 0.01328125
0 0.459375 0.48515625 0.01328125 0.01484375
0 0.4296875 0.40234375 0.01484375 0.01328125
0 0.4359375 0.421875 0.0140625 0.0140625
0 0.43125 0.3875 0.01484375 0.015625
0 0.42265625 0.41796875 0.01328125 0.0125
0 0.440625 0.43671875 0.0171875 0.01484375
0 0.41015625 0.41171875 0.01484375 0.01328125
0 0.42109375 0.43125 0.015625 0.01484375
0 0.43515625 0.48125 0.01328125 0.01484375
0 0.40546875 0.425 0.015625 0.01484375
0 0.39609375 0.39921875 0.015625 0.01640625
0 0.40703125 0.453125 0.01640625 0.0171875
0 0.3890625 0.43515625 0.0171875 0.0171875
0 0.35625 0.353125 0.015625 0.0171875
0 0.36875 0.43515625 0.0140625 0.0140625
0 0.371875 0.48515625 0.01640625 0.015625
0 0.35234375 0.43359375 0.015625 0.0171875
0 0.33125 0.43203125 0.0140625 0.01640625
0 0.3359375 0.490625 0.01484375 0.015625
0 0.3203125 0.4484375 0.01484375 0.015625
0 0.275 0.45625 0.0140625 0.0125
0 0.2921875 0.4671875 0.015625 0.01484375
0 0.321875 0.503125 0.0140625 0.01640625
0 0.33203125 0.53828125 0.01328125 0.0125
0 0.3453125 0.53359375 0.01484375 0.0140625
0 0.328125 0.525 0.0140625 0.01328125
0 0.34453125 0.546875 0.0140625 0.0140625
0 0.35234375 0.5625 0.01328125 0.01328125
0 0.3640625 0.5515625 0.01640625 0.015625
0 0.37890625 0.5828125 0.01328125 0.01484375
0 0.39140625 0.57734375 0.0171875 0.0140625
0 0.27578125 0.625 0.01328125 0.01484375
0 0.2875 0.634375 0.0125 0.01328125
0 0.3171875 0.62734375 0.01484375 0.01640625
0 0.33203125 0.6265625 0.01171875 0.01484375
0 0.346875 0.6234375 0.01328125 0.015625
0 0.3625 0.63046875 0.01328125 0.015625
0 0.375 0.625 0.0125 0.01484375
0 0.3890625 0.62109375 0.0125 0.0140625
0 0.3984375 0.6375 0.01484375 0.01484375
0 0.4828125 0.64609375 0.015625 0.01484375