0 0.71953125 0.63359375 0.028125 0.0296875
0 0.67109375 0.61640625 0.0296875 0.028125
0 0.615625 0.5921875 0.03125 0.03125
0 0.7 0.61875 0.0296875 0.0296875
0 0.74609375 0.63984375 0.0296875 0.028125
0 0.659375 0.59375 0.0296875 0.0296875
0 0.63828125 0.6046875 0.0296875 0.028125
0 0.7390625 0.615625 0.0296875 0.0296875
0 0.6375 0.5796875 0.0296875 0.028125
0 0.5953125 0.57734375 0.028125 0.0265625
0 0.7390625 0.58359375 0.0296875 0.028125
0 0.71953125 0.59921875 0.0296875 0.028125
0 0.67109375 0.51171875 0.028125 0.0265625
0 0.6359375 0.54765625 0.0296875 0.028125
0 0.67734375 0.5734375 0.0296875 0.028125
0 0.7234375 0.5609375 0.0296875 0.028125
0 0.7671875 0.575 0.0296875 0.028125
0 0.6953125 0.55625 0.028125 0.0265625
0 0.70546875 0.5796875 0.028125 0.028125
0 0.75078125 0.55703125 0.0296875 0.028125
0 0.590625 0.521875 0.0265625 0.0265625
0 0.5671875 0.54609375 0.0265625 0.0265625
0 0.5953125 0.49453125 0.0296875 0.028125
0 0.65703125 0.53515625 0.028125 0.0265625
0 0.78515625 0.64140625 0.0296875 0.028125
0 0.63203125 0.496875 0.0296875 0.028125
0 0.59140625 0.553125 0.0296875 0.0296875
0 0.68359375 0.5359375 0.0296875 0.028125
0 0.6171875 0.56171875 0.028125 0.028125
0 0.55625 0.52421875 0.0265625 0.028125
0 0.7890625 0.61796875 0.0296875 0.028125
0 0.68671875 0.59609375 0.028125 0.0265625
0 0.71953125 0.53671875 0.0296875 0.028125
0 0.6125 0.53671875 0.0296875 0.028125
0 0.63515625 0.52109375 0.0296875 0.028125
0 0.79453125 0.59296875 0.028125 0.0265625
0 0.5265625 0.51875 0.0296875 0.0296875
0 0.75859375 0.59921875 0.0265625 0.0265625
0 0.50859375 0.48203125 0.028125 0.0265625
0 0.696875 0.515625 0.0265625 0.0265625
0 0.65703125 0.48984375 0.0265625 0.0265625
0 0.55390625 0.45859375 0.028125 0.0265625
0 0.53046875 0.46953125 0.028125 0.0265625
0 0.53984375 0.49296875 0.0265625 0.0265625
0 0.5625 0.48203125 0.0265625 0.0265625
0 0.57109375 0.5046875 0.0265625 0.0265625
0 0.61328125 0.5140625 0.028125 0.0265625
0 0.79140625 0.56953125 0.028125 0.0265625
0 0.4640625 0.44765625 0.0296875 0.028125
0 0.50234375 0.50625 0.0265625 0.0265625
0 0.48828125 0.4609375 0.028125 0.0265625
0 0.62578125 0.471875 0.03125 0.03125
0 0.815625 0.61796875 0.028125 0.0265625
0 0.4421875 0.40234375 0.03125 0.03125
0 0.4671875 0.47265625 0.0296875 0.028125
0 0.44296875 0.43046875 0.028125 0.0265625
0 0.7765625 0.665625 0.0296875 0.028125
0 0.59140625 0.46015625 0.028125 0.028125
0 0.425 0.3765625 0.0265625 0.028125
0 0.8203125 0.59296875 0.0265625 0.0265625
0 0.39765625 0.4171875 0.0296875 0.028125
0 0.540625 0.43046875 0.0296875 0.028125
0 0.446875 0.3640625 0.028125 0.0265625
0 0.8109375 0.55078125 0.0296875 0.028125
0 0.41796875 0.4484375 0.0296875 0.028125
0 0.32109375 0.3578125 0.0296875 0.0296875
0 0.42578125 0.478125 0.0296875 0.028125
0 0.3390625 0.584375 0.03125 0.03125
0 0.3359375 0.38515625 0.03125 0.03125
0 0.8171875 0.64375 0.028125 0.0265625
0 0.484375 0.52109375 0.03125 0.03125
0 0.3828125 0.3921875 0.028125 0.0265625
0 0.3609375 0.37890625 0.0265625 0.0265625
0 0.47890625 0.84375 0.0296875 0.028125
0 0.38359375 0.36640625 0.03125 0.03125
0 0.31328125 0.575 0.03125 0.03125
0 0.46875 0.41796875 0.028125 0.0265625
0 0.33046875 0.55546875 0.0296875 0.0296875
0 0.31015625 0.38046875 0.03125 0.03125
0 0.28515625 0.3453125 0.03125 0.03125
0 0.4171875 0.4015625 0.0296875 0.0296875
0 0.20078125 0.2890625 0.03125 0.03125
0 0.50078125 0.83125 0.0265625 0.0265625
0 0.2265625 0.29375 0.0296875 0.0296875
0 0.19765625 0.26328125 0.0296875 0.0296875
0 0.46953125 0.8171875 0.0296875 0.028125
0 0.2453125 0.33046875 0.03125 0.03125
0 0.33359375 0.3265625 0.03125 0.03125
0 0.2296875 0.2671875 0.0296875 0.0296875
0 0.540625 0.3953125 0.028125 0.028125
0 0.65625 0.559375 0.0296875 0.028125
0 0.1703125 0.259375 0.0296875 0.0296875
0 0.35390625 0.60546875 0.0296875 0.0296875
0 0.22421875 0.31328125 0.0296875 0.028125
0 0.5140625 0.85078125 0.0296875 0.028125
0 0.31015625 0.33515625 0.028125 0.028125
0 0.171875 0.28515625 0.0296875 0.0296875
0 0.2625 0.359375 0.0296875 0.0296875
0 0.2859375 0.375 0.03125 0.03125
0 0.18984375 0.3125 0.0328125 0.03125
0 0.25390625 0.29921875 0.03125 0.03125
0 0.503125 0.40234375 0.03125 0.03125
0 0.32578125 0.4125 0.0296875 0.0296875
0 0.48671875 0.5484375 0.0296875 0.028125
0 0.44921875 0.796875 0.0296875 0.0296875
0 0.4078125 0.34453125 0.028125 0.028125
0 0.39765625 0.4875 0.0296875 0.028125
0 0.16953125 0.571875 0.0296875 0.0296875
0 0.3984375 0.725 0.028125 0.0265625
0 0.23125 0.3546875 0.0328125 0.034375
0 0.2078125 0.2390625 0.03125 0.03125
0 0.6109375 0.42734375 0.0296875 0.0296875
0 0.15078125 0.5515625 0.0296875 0.028125
0 0.31953125 0.61328125 0.0296875 0.0296875
0 0.34765625 0.35 0.0296875 0.0296875
0 0.2 0.33671875 0.03125 0.03125
0 0.25390625 0.27109375 0.03125 0.03125
0 0.1765625 0.234375 0.03125 0.03125
0 0.30078125 0.54375 0.0296875 0.0296875
0 0.196875 0.5625 0.0296875 0.028125
0 0.27578125 0.3203125 0.0296875 0.0296875
0 0.38046875 0.7078125 0.0328125 0.0296875
0 0.409375 0.78515625 0.0296875 0.0296875
0 0.140625 0.25 0.03125 0.03125
0 0.12265625 0.27578125 0.03125 0.03125
0 0.88125 0.615625 0.0265625 0.0265625
0 0.234375 0.6125 0.0296875 0.028125
0 0.90703125 0.61484375 0.0296875 0.0296875
0 0.196875 0.63359375 0.0296875 0.028125
0 0.76640625 0.6234375 0.0296875 0.028125
0 0.14375 0.51640625 0.03125 0.03125
0 0.3046875 0.30859375 0.0328125 0.03125
0 0.25078125 0.4875 0.0296875 0.0296875
0 0.1515625 0.3671875 0.0296875 0.0296875
0 0.1140625 0.57890625 0.0328125 0.03125
0 0.4375 0.16171875 0.03125 0.03125
0 0.37421875 0.66171875 0.0328125 0.028125
0 0.1140625 0.2390625 0.0328125 0.03125
0 0.4734375 0.128125 0.03125 0.0328125
0 0.646875 0.2421875 0.0296875 0.0296875
0 0.35390625 0.4671875 0.0328125 0.028125
0 0.08203125 0.34609375 0.03125 0.0296875
0 0.4578125 0.4953125 0.0296875 0.028125
0 0.67578125 0.82265625 0.03125 0.0296875