0 0.31484375 0.384375 0.0328125 0.03125
0 0.33515625 0.375 0.0296875 0.0359375
0 0.40625 0.41640625 0.03125 0.03125
0 0.3859375 0.44765625 0.0296875 0.0328125
0 0.40703125 0.48125 0.0265625 0.03125
0 0.37578125 0.29140625 0.03125 0.0328125
0 0.39765625 0.33046875 0.0296875 0.03125
0 0.421875 0.340625 0.0296875 0.0296875
0 0.45625 0.30078125 0.0328125 0.0328125
0 0.4515625 0.3296875 0.0296875 0.0328125
0 0.4875 0.31796875 0.0296875 0.0296875
0 0.49765625 0.35078125 0.0296875 0.03125
0 0.47890625 0.3703125 0.028125 0.0328125
0 0.48359375 0.4109375 0.0296875 0.0328125
0 0.49921875 0.43203125 0.025 0.028125
0 0.5234375 0.384375 0.0265625 0.028125
0 0.51015625 0.4046875 0.0265625 0.028125
0 0.521875 0.4265625 0.0234375 0.0296875
0 0.54765625 0.3921875 0.0234375 0.0265625
0 0.53359375 0.4078125 0.025 0.025
0 0.54921875 0.425 0.021875 0.028125
0 0.55703125 0.446875 0.0234375 0.028125
0 0.5640625 0.409375 0.0234375 0.0265625
0 0.57890625 0.428125 0.0234375 0.0265625
0 0.5703125 0.46953125 0.0140625 0.0234375
0 0.56171875 0.49375 0.0234375 0.0265625
0 0.55859375 0.47109375 0.0234375 0.025
0 0.53359375 0.47265625 0.0234375 0.025
0 0.51640625 0.4921875 0.0265625 0.0265625
0 0.52890625 0.51953125 0.0265625 0.0265625
0 0.515625 0.5421875 0.025 0.0265625
0 0.5015625 0.56171875 0.0234375 0.0265625
0 0.48046875 0.5265625 0.0265625 0.0296875
0 0.47421875 0.55390625 0.0265625 0.0265625
0 0.4828125 0.5828125 0.0265625 0.028125
0 0.44609375 0.53984375 0.0265625 0.0265625
0 0.44921875 0.57265625 0.0296875 0.0296875
0 0.4390625 0.6 0.028125 0.028125
0 0.43984375 0.175 0.0296875 0.03125
0 0.48125 0.13828125 0.0296875 0.0359375
0 0.321875 0.78984375 0.0296875 0.0359375
0 0.30546875 0.82265625 0.034375 0.0359375
0 0.38515625 0.86640625 0.0296875 0.0328125
0 0.42734375 0.88125 0.0296875 0.0328125
0 0.425 0.803125 0.0296875 0.0359375
0 0.45234375 0.803125 0.0296875 0.034375
0 0.45859375 0.83125 0.028125 0.0328125
0 0.4859375 0.81015625 0.0265625 0.0328125
0 0.4921875 0.8484375 0.028125 0.03125
0 0.49609375 0.75390625 0.0296875 0.0328125
0 0.5 0.88203125 0.0265625 0.0328125
0 0.5453125 0.9 0.0265625 0.0296875
0 0.5171875 0.859375 0.0265625 0.03125
0 0.53359375 0.87578125 0.0234375 0.0296875
0 0.5703125 0.878125 0.025 0.0328125
0 0.59609375 0.890625 0.0234375 0.0296875
0 0.5765625 0.84140625 0.0265625 0.03125
0 0.540625 0.83046875 0.028125 0.0296875
0 0.53671875 0.80078125 0.0265625 0.0296875
0 0.546875 0.72109375 0.028125 0.0359375
0 0.5671875 0.56015625 0.0265625 0.0265625
0 0.5640625 0.58515625 0.0265625 0.028125
0 0.59453125 0.60234375 0.0234375 0.028125
0 0.61328125 0.61171875 0.0234375 0.0265625
0 0.628125 0.5890625 0.0234375 0.0265625
0 0.646875 0.58125 0.0234375 0.0296875
0 0.68046875 0.5546875 0.0234375 0.0265625
0 0.66328125 0.56875 0.0234375 0.0265625
0 0.7 0.575 0.0234375 0.0265625
0 0.696875 0.5984375 0.021875 0.025
0 0.6828125 0.61171875 0.021875 0.0265625
0 0.690625 0.63359375 0.0203125 0.0265625
0 0.71484375 0.6046875 0.0203125 0.0265625
0 0.7125 0.628125 0.021875 0.0265625
0 0.72578125 0.56875 0.0234375 0.028125
0 0.74140625 0.59296875 0.0203125 0.0234375
0 0.74453125 0.62109375 0.0234375 0.0265625
0 0.75703125 0.603125 0.0234375 0.025
0 0.76875 0.5765625 0.021875 0.0265625
0 0.790625 0.62890625 0.0234375 0.0265625
0 0.77578125 0.6453125 0.021875 0.025
0 0.7828125 0.67109375 0.021875 0.0234375
0 0.80078125 0.65546875 0.0234375 0.0265625
0 0.76796875 0.7515625 0.0234375 0.0296875
0 0.83515625 0.653125 0.0171875 0.0203125
0 0.85078125 0.6578125 0.0203125 0.021875
0 0.85078125 0.68515625 0.0203125 0.025
0 0.82578125 0.64140625 0.0234375 0.0234375
0 0.85078125 0.6359375 0.0203125 0.0234375
0 0.865625 0.628125 0.0171875 0.021875
0 0.8671875 0.64921875 0.0171875 0.021875
0 0.88203125 0.646875 0.01875 0.025
0 0.8984375 0.65078125 0.0171875 0.0234375
0 0.89140625 0.6265625 0.0203125 0.0234375
0 0.85078125 0.61640625 0.01875 0.0234375
0 0.853125 0.575 0.0203125 0.0265625
0 0.8546875 0.5984375 0.0203125 0.021875
0 0.84140625 0.584375 0.0171875 0.0171875
0 0.8390625 0.6 0.01875 0.0203125
0 0.8296875 0.57109375 0.01875 0.0234375
0 0.83515625 0.553125 0.0203125 0.025
0 0.8140625 0.5671875 0.0203125 0.0234375
0 0.803125 0.58203125 0.0171875 0.0234375
0 0.80546875 0.5453125 0.0203125 0.0296875
0 0.77734375 0.5296875 0.0203125 0.025
0 0.784375 0.55703125 0.0203125 0.0296875
0 0.5921875 0.44765625 0.025 0.0265625
0 0.61953125 0.4625 0.0234375 0.0265625
0 0.59453125 0.47734375 0.025 0.0328125
0 0.6109375 0.41875 0.0265625 0.028125
0 0.64765625 0.45859375 0.0234375 0.0265625
0 0.6578125 0.4953125 0.0265625 0.0265625
0 0.68515625 0.5046875 0.0234375 0.025
0 0.6921875 0.47890625 0.025 0.025
0 0.68203125 0.40703125 0.025 0.0296875
0 0.71796875 0.46484375 0.0234375 0.025
0 0.73828125 0.45703125 0.0203125 0.025
0 0.7625 0.45546875 0.025 0.0234375
0 0.61484375 0.0984375 0.0265625 0.0296875
0 0.64140625 0.1078125 0.0265625 0.028125
0 0.62890625 0.1734375 0.0265625 0.0328125
0 0.66328125 0.1484375 0.0234375 0.028125
0 0.6796875 0.1734375 0.0265625 0.0296875
0 0.70625 0.17578125 0.0234375 0.0296875
0 0.71875 0.21328125 0.025 0.028125
0 0.71484375 0.23828125 0.028125 0.0265625
0 0.753125 0.271875 0.0265625 0.028125
0 0.68125 0.34296875 0.0265625 0.0296875
0 0.771875 0.28828125 0.021875 0.0265625
0 0.77578125 0.30859375 0.0203125 0.0265625
0 0.7859375 0.33671875 0.01875 0.0234375
0 0.7953125 0.30234375 0.0203125 0.0171875
0 0.8 0.365625 0.0203125 0.0265625
0 0.7953125 0.31953125 0.0203125 0.025
0 0.8375 0.31953125 0.0203125 0.0234375
0 0.85625 0.31484375 0.0203125 0.021875
0 0.85625 0.359375 0.0203125 0.0234375
0 0.8765625 0.3515625 0.021875 0.0234375
0 0.878125 0.375 0.021875 0.0234375
0 0.88203125 0.409375 0.025 0.0265625
0 0.8265625 0.43984375 0.021875 0.0265625
0 0.89609375 0.3625 0.0234375 0.0265625
0 0.87734375 0.534375 0.0203125 0.0265625
0 0.915625 0.56640625 0.0234375 0.0234375