0 0.396875 0.12265625 0.03359375 0.034375
0 0.503125 0.215625 0.0328125 0.034375
0 0.5890625 0.040625 0.03203125 0.034375
0 0.47890625 0.2328125 0.03203125 0.03359375
0 0.459375 0.29921875 0.03203125 0.034375
0 0.44296875 0.25859375 0.0328125 0.03359375
0 0.4390625 0.2140625 0.0328125 0.034375
0 0.41328125 0.22734375 0.0328125 0.034375
0 0.43359375 0.3125 0.0328125 0.03203125
0 0.42578125 0.28203125 0.034375 0.034375
0 0.5265625 0.2640625 0.034375 0.034375
0 0.64921875 0.0828125 0.03125 0.03359375
0 0.6203125 0.071875 0.03359375 0.0328125
0 0.446875 0.33671875 0.03203125 0.0328125
0 0.48203125 0.3296875 0.03359375 0.03359375
0 0.47734375 0.3625 0.03203125 0.03359375
0 0.634375 0.11015625 0.0296875 0.03046875
0 0.61015625 0.096875 0.03125 0.0328125
0 0.45859375 0.4 0.03203125 0.03203125
0 0.575 0.10078125 0.03203125 0.0328125
0 0.48359375 0.3890625 0.03203125 0.0328125
0 0.57734375 0.153125 0.0328125 0.03203125
0 0.5671875 0.20546875 0.03203125 0.0328125
0 0.5140625 0.33984375 0.03125 0.03359375
0 0.59296875 0.21484375 0.03046875 0.0328125
0 0.41953125 0.36484375 0.03203125 0.0328125
0 0.50859375 0.37734375 0.03203125 0.0328125
0 0.52890625 0.3140625 0.0328125 0.03359375
0 0.44921875 0.36328125 0.0328125 0.0328125
0 0.41640625 0.334375 0.034375 0.03359375
0 0.56328125 0.12890625 0.03203125 0.034375
0 0.6234375 0.134375 0.03046875 0.0328125
0 0.496875 0.41640625 0.03203125 0.03359375
0 0.61796875 0.22578125 0.03203125 0.03359375
0 0.5515625 0.1640625 0.03203125 0.03203125
0 0.66640625 0.1109375 0.03125 0.03203125
0 0.44765625 0.4359375 0.0328125 0.03359375
0 0.534375 0.3703125 0.03203125 0.03359375
0 0.56015625 0.28359375 0.03515625 0.034375
0 0.521875 0.40078125 0.03203125 0.0328125
0 0.5203125 0.4296875 0.03125 0.0328125
0 0.43125 0.4140625 0.03359375 0.03359375
0 0.49375 0.4421875 0.03125 0.03125
0 0.39921875 0.25703125 0.03515625 0.0359375
0 0.64765625 0.14921875 0.03125 0.03203125
0 0.546875 0.10703125 0.0328125 0.03359375
0 0.434375 0.3875 0.03125 0.0328125
0 0.46953125 0.45390625 0.03046875 0.03203125
0 0.62890625 0.1703125 0.03125 0.03125
0 0.6046875 0.1578125 0.03125 0.03125
0 0.56015625 0.32109375 0.03359375 0.03359375
0 0.4921875 0.46953125 0.03046875 0.0328125
0 0.465625 0.48359375 0.03203125 0.03203125
0 0.440625 0.46484375 0.0328125 0.034375
0 0.5953125 0.125 0.034375 0.034375
0 0.4390625 0.49453125 0.03125 0.0328125
0 0.41640625 0.4515625 0.03203125 0.0328125
0 0.60625 0.18671875 0.03125 0.034375
0 0.4890625 0.49609375 0.03203125 0.03359375
0 0.54765625 0.42421875 0.0328125 0.03359375
0 0.5171875 0.45859375 0.0328125 0.034375
0 0.4734375 0.42421875 0.0328125 0.0328125
0 0.4046875 0.421875 0.0328125 0.03359375
0 0.53671875 0.13984375 0.03203125 0.03359375
0 0.57734375 0.18125 0.034375 0.03359375
0 0.44140625 0.528125 0.03203125 0.03359375
0 0.4859375 0.5234375 0.03359375 0.034375
0 0.415625 0.48046875 0.03203125 0.03359375
0 0.465625 0.54296875 0.03203125 0.03359375
0 0.540625 0.190625 0.034375 0.03359375
0 0.5453125 0.45234375 0.0328125 0.034375
0 0.45 0.56484375 0.0328125 0.03359375
0 0.421875 0.6296875 0.03203125 0.034375
0 0.42578125 0.55 0.0328125 0.03359375
0 0.4109375 0.575 0.0328125 0.0328125
0 0.51328125 0.49140625 0.03125 0.034375
0 0.43515625 0.590625 0.03125 0.03359375
0 0.46328125 0.5890625 0.03203125 0.034375
0 0.45 0.61484375 0.0328125 0.034375
0 0.40078125 0.6125 0.03359375 0.034375
0 0.5125 0.51875 0.03125 0.0328125
0 0.39609375 0.6421875 0.0328125 0.034375
0 0.5390625 0.48125 0.03203125 0.0328125
0 0.375 0.6234375 0.03203125 0.03359375
0 0.36953125 0.65 0.03125 0.034375
0 0.390625 0.67109375 0.034375 0.0359375
0 0.3265625 0.6984375 0.03359375 0.03515625
0 0.4609375 0.5109375 0.03125 0.0328125
0 0.41640625 0.659375 0.0328125 0.034375
0 0.3453125 0.6734375 0.03203125 0.03515625
0 0.396875 0.54921875 0.03359375 0.03359375
0 0.478125 0.615625 0.03203125 0.0328125
0 0.35 0.7140625 0.03359375 0.0359375
0 0.4171875 0.515625 0.03125 0.0328125
0 0.36171875 0.5703125 0.034375 0.034375
0 0.36875 0.69140625 0.0328125 0.03515625
0 0.3 0.7125 0.03203125 0.034375
0 0.35625 0.60234375 0.0328125 0.034375
0 0.38203125 0.58984375 0.03203125 0.03359375
0 0.396875 0.696875 0.03359375 0.03515625
0 0.29140625 0.740625 0.034375 0.03515625
0 0.3234375 0.659375 0.0328125 0.034375
0 0.46484375 0.63984375 0.0328125 0.0328125
0 0.31484375 0.75625 0.03359375 0.03515625
0 0.490625 0.5609375 0.0328125 0.034375
0 0.29921875 0.6859375 0.0328125 0.03515625
0 0.34375 0.63984375 0.03359375 0.034375
0 0.3484375 0.74296875 0.03359375 0.03515625
0 0.4421875 0.64921875 0.03203125 0.0328125
0 0.2890625 0.8015625 0.0328125 0.03515625
0 0.31640625 0.821875 0.0328125 0.03515625
0 0.2734375 0.8265625 0.03203125 0.03515625
0 0.3109375 0.87265625 0.03203125 0.034375
0 0.26328125 0.73125 0.03515625 0.034375
0 0.3390625 0.771875 0.0328125 0.034375
0 0.36171875 0.79609375 0.034375 0.034375
0 0.34375 0.8265625 0.0328125 0.03515625
0 0.3234375 0.728125 0.0328125 0.034375
0 0.37578125 0.71796875 0.0328125 0.034375
0 0.384375 0.84921875 0.03359375 0.0359375
0 0.2921875 0.9109375 0.0328125 0.03515625
0 0.2796875 0.76640625 0.034375 0.03359375
0 0.38125 0.775 0.034375 0.03515625
0 0.296875 0.84375 0.0328125 0.0359375
0 0.271875 0.8546875 0.0328125 0.03515625
0 0.29453125 0.65703125 0.03359375 0.034375
0 0.39453125 0.8 0.03359375 0.03515625
0 0.40703125 0.7609375 0.03359375 0.03515625
0 0.33515625 0.7984375 0.034375 0.03515625
0 0.3296875 0.84921875 0.0328125 0.0359375
0 0.35703125 0.85234375 0.03359375 0.034375
0 0.3765625 0.74765625 0.03359375 0.03515625
0 0.2625 0.7890625 0.03359375 0.034375
0 0.43125 0.684375 0.0328125 0.0328125
0 0.246875 0.83515625 0.03359375 0.034375
0 0.42109375 0.7921875 0.03359375 0.034375
0 0.421875 0.7109375 0.03359375 0.034375
0 0.24375 0.76953125 0.03515625 0.03515625
0 0.3375 0.88359375 0.0328125 0.03515625
0 0.37265625 0.821875 0.0328125 0.03515625
0 0.28515625 0.88125 0.03203125 0.0328125
0 0.25625 0.878125 0.0328125 0.03359375
0 0.30859375 0.784375 0.0328125 0.034375
0 0.4015625 0.73359375 0.03359375 0.034375
0 0.3890625 0.56015625 0.0203125 0.0140625