0 0.3328125 0.66640625 0.03125 0.03125
0 0.37734375 0.73828125 0.0359375 0.034375
0 0.34921875 0.63828125 0.0296875 0.0328125
0 0.46640625 0.4546875 0.03125 0.03125
0 0.45859375 0.3875 0.0265625 0.03125
0 0.4859375 0.36953125 0.034375 0.028125
0 0.45703125 0.35 0.028125 0.028125
0 0.53125 0.44609375 0.03125 0.0296875
0 0.5296875 0.69375 0.03125 0.03125
0 0.5640625 0.71015625 0.03125 0.028125
0 0.58359375 0.69140625 0.028125 0.028125
0 0.58203125 0.66171875 0.03125 0.028125
0 0.603125 0.64140625 0.03125 0.028125
0 0.55859375 0.6296875 0.03125 0.028125
0 0.54609375 0.57265625 0.03125 0.028125
0 0.56953125 0.55 0.028125 0.03125
0 0.5546875 0.8609375 0.03125 0.0328125
0 0.58203125 0.87734375 0.03125 0.0359375
0 0.6265625 0.8609375 0.0328125 0.034375
0 0.6296875 0.7203125 0.03125 0.034375
0 0.6640625 0.734375 0.034375 0.0375
0 0.60546875 0.6109375 0.0328125 0.0328125
0 0.678125 0.61328125 0.0328125 0.034375
0 0.5984375 0.50625 0.0328125 0.03125
0 0.5703125 0.50078125 0.03125 0.03125
0 0.62109375 0.45859375 0.03125 0.03125
0 0.64765625 0.440625 0.034375 0.034375
0 0.6140625 0.3796875 0.034375 0.0328125
0 0.63828125 0.35546875 0.0328125 0.034375
0 0.603125 0.30859375 0.0328125 0.034375
0 0.63828125 0.31953125 0.034375 0.034375
0 0.6609375 0.30625 0.03125 0.03125
0 0.7234375 0.3765625 0.0359375 0.03125
0 0.75390625 0.45390625 0.034375 0.034375
0 0.759375 0.37734375 0.0375 0.034375
0 0.7515625 0.33984375 0.034375 0.034375
0 0.740625 0.3046875 0.0328125 0.0296875
0 0.7359375 0.26171875 0.0296875 0.028125
0 0.6953125 0.27890625 0.03125 0.028125
0 0.6625 0.26484375 0.028125 0.028125
0 0.6203125 0.28203125 0.03125 0.028125
0 0.8 0.23203125 0.03125 0.03125
0 0.7046875 0.22421875 0.03125 0.03125
0 0.66171875 0.23203125 0.0296875 0.028125
0 0.64765625 0.20703125 0.028125 0.0328125
0 0.63203125 0.24140625 0.028125 0.0296875
0 0.5984375 0.2515625 0.03125 0.03125
0 0.56953125 0.28828125 0.028125 0.03125
0 0.54375 0.3015625 0.028125 0.03125
0 0.5359375 0.271875 0.028125 0.03125
0 0.559375 0.2515625 0.028125 0.028125
0 0.56796875 0.22109375 0.0328125 0.0296875
0 0.525 0.2421875 0.028125 0.028125
0 0.52109375 0.20703125 0.028125 0.028125
0 0.578125 0.18828125 0.03125 0.028125
0 0.54765625 0.15546875 0.028125 0.0296875
0 0.52265625 0.10703125 0.028125 0.03125
0 0.53671875 0.0796875 0.03125 0.03125
0 0.50625 0.07734375 0.028125 0.028125
0 0.51796875 0.05078125 0.03125 0.028125
0 0.50859375 0.315625 0.028125 0.0265625