0 0.53828125 0.4484375 0.02109375 0.025
0 0.53125 0.46484375 0.02578125 0.02734375
0 0.7328125 0.715625 0.02734375 0.028125
0 0.71484375 0.846875 0.02578125 0.0296875
0 0.66875 0.72265625 0.02734375 0.02734375
0 0.75078125 0.6890625 0.028125 0.02890625
0 0.59453125 0.81328125 0.02578125 0.0265625
0 0.66484375 0.65234375 0.025 0.02578125
0 0.6484375 0.82890625 0.02578125 0.02734375
0 0.7453125 0.7828125 0.0265625 0.02734375
0 0.621875 0.6375 0.0265625 0.0265625
0 0.57109375 0.771875 0.02578125 0.02734375
0 0.39453125 0.709375 0.02578125 0.0265625
0 0.6984375 0.73828125 0.02734375 0.03125
0 0.41640625 0.68515625 0.02734375 0.0265625
0 0.540625 0.81953125 0.0265625 0.02734375
0 0.6203125 0.74765625 0.025 0.02734375
0 0.46328125 0.80390625 0.0265625 0.028125
0 0.52734375 0.79296875 0.02578125 0.02734375
0 0.5109375 0.8640625 0.02578125 0.02734375
0 0.2875 0.6546875 0.02734375 0.0265625
0 0.59296875 0.84921875 0.02578125 0.028125
0 0.56796875 0.71796875 0.0265625 0.02734375
0 0.459375 0.57421875 0.02578125 0.025
0 0.5046875 0.6609375 0.02578125 0.02578125
0 0.4859375 0.790625 0.02578125 0.0265625
0 0.45 0.69453125 0.028125 0.0265625
0 0.58671875 0.65390625 0.02578125 0.02734375
0 0.5828125 0.68671875 0.025 0.0265625
0 0.46328125 0.49921875 0.025 0.025
0 0.534375 0.69140625 0.0265625 0.0265625
0 0.52734375 0.61875 0.025 0.02578125
0 0.53359375 0.66484375 0.02578125 0.0265625
0 0.60234375 0.59140625 0.0265625 0.0265625
0 0.31171875 0.68671875 0.0296875 0.02734375
0 0.446875 0.6703125 0.0265625 0.02734375
0 0.559375 0.665625 0.025 0.0265625
0 0.4109375 0.86015625 0.0265625 0.028125
0 0.4265625 0.78828125 0.0265625 0.03046875
0 0.2921875 0.58046875 0.028125 0.02890625
0 0.36171875 0.8546875 0.02890625 0.0296875
0 0.621875 0.51953125 0.025 0.025
0 0.6609375 0.54609375 0.025 0.025
0 0.48125 0.7640625 0.02734375 0.02734375
0 0.25703125 0.584375 0.02734375 0.02734375
0 0.5796875 0.55625 0.025 0.02578125
0 0.74921875 0.61640625 0.0265625 0.02578125
0 0.6234375 0.61015625 0.028125 0.02734375
0 0.38984375 0.4578125 0.02578125 0.02578125
0 0.5203125 0.559375 0.02421875 0.025
0 0.4015625 0.57734375 0.028125 0.02734375
0 0.640625 0.590625 0.0265625 0.0265625
0 0.60859375 0.5546875 0.02578125 0.02578125
0 0.3390625 0.73828125 0.0265625 0.02734375
0 0.453125 0.86328125 0.02578125 0.02734375
0 0.840625 0.728125 0.02734375 0.02734375
0 0.63203125 0.49453125 0.02578125 0.0265625
0 0.32734375 0.3984375 0.0265625 0.028125
0 0.48046875 0.54375 0.02890625 0.0265625
0 0.5515625 0.55546875 0.02578125 0.02734375
0 0.74453125 0.5484375 0.0265625 0.0265625
0 0.4984375 0.57421875 0.025 0.02890625
0 0.5953125 0.5265625 0.02578125 0.025
0 0.25859375 0.5578125 0.02734375 0.02734375
0 0.4625 0.4703125 0.025 0.02578125
0 0.55859375 0.69375 0.02578125 0.02578125
0 0.434375 0.525 0.028125 0.02578125
0 0.47109375 0.6625 0.02734375 0.02578125
0 0.40546875 0.3234375 0.025 0.02734375
0 0.3765625 0.41328125 0.02578125 0.0265625
0 0.39765625 0.38671875 0.02578125 0.0265625
0 0.4796875 0.6453125 0.02578125 0.02734375
0 0.4171875 0.45390625 0.028125 0.02734375
0 0.1984375 0.6734375 0.03046875 0.02890625
0 0.28828125 0.621875 0.02890625 0.0296875
0 0.284375 0.5453125 0.02734375 0.02734375
0 0.553125 0.5078125 0.028125 0.02578125
0 0.3109375 0.43046875 0.028125 0.02578125
0 0.765625 0.659375 0.02578125 0.02734375
0 0.4328125 0.34453125 0.02421875 0.02578125
0 0.64140625 0.4421875 0.02578125 0.02734375
0 0.60546875 0.35703125 0.025 0.02578125
0 0.35390625 0.39921875 0.02578125 0.02734375
0 0.428125 0.42890625 0.025 0.02578125
0 0.44921875 0.45 0.02578125 0.025
0 0.60859375 0.38125 0.025 0.02578125
0 0.7578125 0.63984375 0.02734375 0.02734375
0 0.60703125 0.17109375 0.02421875 0.025
0 0.5578125 0.39921875 0.02578125 0.02578125
0 0.5015625 0.4578125 0.02421875 0.02421875
0 0.3453125 0.37109375 0.02578125 0.0265625
0 0.56171875 0.16796875 0.02578125 0.028125
0 0.37109375 0.37890625 0.025 0.0265625
0 0.5859375 0.18203125 0.02421875 0.02578125
0 0.3796875 0.35625 0.028125 0.0265625
0 0.4015625 0.41484375 0.028125 0.02890625
0 0.47734375 0.45 0.02578125 0.025
0 0.55390625 0.48203125 0.02578125 0.028125
0 0.56796875 0.196875 0.0265625 0.0265625
0 0.4953125 0.3140625 0.025 0.0265625
0 0.29375 0.33828125 0.0265625 0.02734375
0 0.59296875 0.46484375 0.025 0.025
0 0.309375 0.5359375 0.028125 0.028125
0 0.6171875 0.4046875 0.02578125 0.02578125
0 0.5796875 0.43984375 0.02421875 0.02578125
0 0.61015625 0.19765625 0.025 0.0296875
0 0.26796875 0.3296875 0.0265625 0.028125
0 0.446875 0.31796875 0.02734375 0.02734375
0 0.4671875 0.40390625 0.0265625 0.0265625
0 0.48125 0.3390625 0.0265625 0.0265625
0 0.45703125 0.3421875 0.025 0.025
0 0.56171875 0.45625 0.02578125 0.02578125
0 0.23125 0.334375 0.0265625 0.02890625
0 0.48984375 0.375 0.0265625 0.02734375
0 0.4875 0.4265625 0.02578125 0.0265625
0 0.61875 0.42890625 0.02578125 0.02578125
0 0.61328125 0.48046875 0.025 0.02421875
0 0.275 0.296875 0.0265625 0.0265625
0 0.51640625 0.4390625 0.0265625 0.03125
0 0.47109375 0.3125 0.025 0.02578125
0 0.490625 0.40234375 0.02578125 0.02578125
0 0.4625 0.42890625 0.02578125 0.02578125
0 0.55 0.43359375 0.02578125 0.02578125
0 0.49140625 0.1578125 0.0265625 0.02734375
0 0.615625 0.4546875 0.02578125 0.02578125
0 0.4625 0.378125 0.02890625 0.0265625
0 0.3265625 0.165625 0.0265625 0.02578125
0 0.596875 0.41796875 0.025 0.02734375
0 0.38203125 0.29609375 0.0265625 0.02890625
0 0.18671875 0.3875 0.03046875 0.0265625
0 0.571875 0.41953125 0.025 0.0265625
0 0.56875 0.52890625 0.0234375 0.021875