0 0.93203125 0.409375 0.034375 0.034375
0 0.90703125 0.39609375 0.034375 0.0328125
0 0.8921875 0.41796875 0.0375 0.0359375
0 0.88828125 0.36328125 0.0359375 0.0359375
0 0.8796875 0.3890625 0.034375 0.0296875
0 0.8515625 0.38515625 0.0359375 0.0296875
0 0.86171875 0.4109375 0.03125 0.0328125
0 0.85703125 0.4390625 0.0359375 0.0328125
0 0.87578125 0.46015625 0.0328125 0.0328125
0 0.85234375 0.35703125 0.0328125 0.0328125
0 0.82734375 0.3640625 0.0328125 0.0328125
0 0.80625 0.38203125 0.0328125 0.0296875
0 0.83046875 0.40390625 0.034375 0.0328125
0 0.82890625 0.4296875 0.034375 0.0328125
0 0.80625 0.4171875 0.0328125 0.0328125
0 0.828125 0.46015625 0.034375 0.0328125
0 0.8015625 0.453125 0.0359375 0.0328125
0 0.821875 0.4890625 0.0328125 0.0328125
0 0.8171875 0.515625 0.0328125 0.0328125
0 0.78984375 0.509375 0.0328125 0.0359375
0 0.80078125 0.54375 0.0359375 0.0328125
0 0.8359375 0.59375 0.034375 0.034375
0 0.81640625 0.62109375 0.034375 0.0328125
0 0.784375 0.63203125 0.0359375 0.0328125
0 0.76015625 0.65078125 0.0359375 0.0359375
0 0.73828125 0.6234375 0.0359375 0.0328125
0 0.70390625 0.6078125 0.0328125 0.03125
0 0.70234375 0.63671875 0.034375 0.034375
0 0.67890625 0.5953125 0.0328125 0.0359375
0 0.6578125 0.61328125 0.034375 0.0359375
0 0.7 0.51171875 0.0328125 0.034375
0 0.6859375 0.5453125 0.034375 0.0296875
0 0.67109375 0.51875 0.03125 0.0328125
0 0.67734375 0.53515625 0.0359375 0.021875
0 0.665625 0.56640625 0.034375 0.0296875
0 0.63828125 0.5828125 0.0296875 0.0328125
0 0.62890625 0.60703125 0.0359375 0.0328125
0 0.6296875 0.6375 0.0359375 0.0359375
0 0.60078125 0.59765625 0.0359375 0.03125
0 0.6046875 0.625 0.0328125 0.034375
0 0.58046875 0.63671875 0.0328125 0.0328125
0 0.63984375 0.70859375 0.0375 0.0390625
0 0.6859375 0.48671875 0.0328125 0.0296875
0 0.6484375 0.496875 0.0359375 0.0328125
0 0.6765625 0.43984375 0.0359375 0.0328125
0 0.671875 0.46796875 0.0328125 0.0328125
0 0.565625 0.58046875 0.0328125 0.0328125
0 0.546875 0.609375 0.034375 0.0359375
0 0.55546875 0.55546875 0.0359375 0.0359375
0 0.52890625 0.53671875 0.0359375 0.0328125
0 0.51484375 0.5640625 0.0359375 0.0328125
0 0.5140625 0.59296875 0.0359375 0.0328125
0 0.4921875 0.5765625 0.0328125 0.0328125
0 0.50546875 0.50625 0.0328125 0.0328125
0 0.49375 0.54609375 0.0359375 0.034375
0 0.46640625 0.5875 0.0375 0.034375
0 0.46171875 0.546875 0.0359375 0.0375
0 0.45859375 0.5125 0.0375 0.0328125
0 0.528125 0.41875 0.03125 0.0328125
0 0.51875 0.45390625 0.0328125 0.034375
0 0.4921875 0.46015625 0.0328125 0.0359375
0 0.47734375 0.484375 0.0328125 0.0328125
0 0.45390625 0.475 0.0359375 0.034375
0 0.4953125 0.41640625 0.0359375 0.0328125
0 0.47265625 0.44140625 0.0359375 0.03125
0 0.4671875 0.40703125 0.0328125 0.0375
0 0.45859375 0.37578125 0.0328125 0.0328125
0 0.4421875 0.396875 0.0328125 0.03125
0 0.43359375 0.42265625 0.0328125 0.0328125
0 0.44609375 0.44609375 0.0359375 0.0328125
0 0.428125 0.371875 0.0359375 0.0359375
0 0.61171875 0.35859375 0.0359375 0.0328125
0 0.61484375 0.38828125 0.0390625 0.0359375
0 0.828125 0.30859375 0.0359375 0.0328125
0 0.79609375 0.31953125 0.0359375 0.0328125
0 0.76640625 0.31640625 0.0328125 0.0328125
0 0.72890625 0.31015625 0.0359375 0.03125
0 0.7484375 0.35 0.0375 0.0359375
0 0.77265625 0.36640625 0.0359375 0.0390625
0 0.74375 0.38671875 0.0390625 0.0359375
0 0.76640625 0.40625 0.034375 0.0328125
0 0.78046875 0.4296875 0.034375 0.0328125
0 0.76015625 0.4453125 0.0359375 0.034375
0 0.47265625 0.734375 0.0375 0.0390625
0 0.48828125 0.75 0.034375 0.0359375
0 0.50390625 0.77734375 0.0359375 0.0359375
0 0.484375 0.79921875 0.0328125 0.0359375
0 0.446875 0.76796875 0.0390625 0.0359375
0 0.38984375 0.69375 0.0359375 0.0359375
0 0.4125 0.74765625 0.0390625 0.0375
0 0.42421875 0.78515625 0.0359375 0.0375
0 0.3828125 0.7265625 0.0390625 0.0390625
0 0.35234375 0.7 0.0390625 0.0390625
0 0.34140625 0.52109375 0.0328125 0.034375
0 0.32734375 0.578125 0.0359375 0.0328125
0 0.3015625 0.61328125 0.0375 0.0375
0 0.2734375 0.6203125 0.034375 0.0359375
0 0.2765625 0.58125 0.0390625 0.0375
0 0.30546875 0.51796875 0.0328125 0.0359375
0 0.28828125 0.540625 0.0359375 0.0328125
0 0.26015625 0.546875 0.0359375 0.0328125
0 0.246875 0.58828125 0.0359375 0.0375
0 0.3328125 0.3328125 0.0359375 0.0328125
0 0.31484375 0.37734375 0.0359375 0.03125
0 0.28671875 0.3640625 0.0359375 0.0328125
0 0.30078125 0.4140625 0.034375 0.0328125
0 0.3265625 0.43671875 0.0359375 0.0359375
0 0.3078125 0.4609375 0.0359375 0.0328125
0 0.27734375 0.45078125 0.0328125 0.0296875
0 0.28828125 0.490625 0.0359375 0.0328125
0 0.26015625 0.4828125 0.0328125 0.0296875
0 0.265625 0.5125 0.0359375 0.0328125
0 0.2328125 0.484375 0.0328125 0.0296875
0 0.23671875 0.51640625 0.0328125 0.0359375
0 0.2015625 0.4921875 0.0359375 0.034375
0 0.2015625 0.540625 0.0359375 0.0328125
0 0.22734375 0.56015625 0.0390625 0.0328125
0 0.215625 0.59140625 0.0359375 0.0359375
0 0.19765625 0.56953125 0.0359375 0.03125
0 0.165625 0.5703125 0.0328125 0.0328125
0 0.1671875 0.60078125 0.0328125 0.0359375
0 0.1546875 0.5203125 0.0359375 0.0328125
0 0.171875 0.4875 0.0359375 0.0328125
0 0.225 0.37265625 0.0359375 0.0328125
0 0.22109375 0.40625 0.0328125 0.0328125
0 0.19453125 0.3921875 0.0359375 0.0328125
0 0.19375 0.3578125 0.034375 0.0296875
0 0.16015625 0.3765625 0.0390625 0.0359375
0 0.13828125 0.39609375 0.034375 0.0296875
0 0.1328125 0.42734375 0.0359375 0.0375
0 0.1234375 0.4765625 0.0390625 0.034375
0 0.11484375 0.5046875 0.0390625 0.034375
0 0.125 0.5296875 0.0359375 0.034375
0 0.12734375 0.57890625 0.0359375 0.0328125
0 0.13828125 0.60703125 0.034375 0.0359375
0 0.1 0.60703125 0.0359375 0.0328125
0 0.09609375 0.56484375 0.0359375 0.0328125
0 0.07578125 0.58515625 0.0390625 0.0390625
0 0.07734375 0.496875 0.0359375 0.0328125
0 0.0921875 0.453125 0.0359375 0.0359375
0 0.02109375 0.47109375 0.0359375 0.034375
0 0.0296875 0.51796875 0.0359375 0.0328125
0 0.03046875 0.5546875 0.0359375 0.0359375
0 0.08515625 0.30390625 0.0359375 0.034375