0 0.6140625 0.23203125 0.02734375 0.028125
0 0.546875 0.23984375 0.028125 0.02890625
0 0.5875 0.2390625 0.028125 0.02890625
0 0.67421875 0.06640625 0.03125 0.03046875
0 0.45703125 0.2796875 0.02890625 0.02890625
0 0.503125 0.24609375 0.0296875 0.0296875
0 0.5046875 0.17890625 0.0296875 0.0296875
0 0.61640625 0.0859375 0.02734375 0.028125
0 0.5234375 0.32890625 0.02734375 0.028125
0 0.46640625 0.24140625 0.028125 0.03046875
0 0.48359375 0.26875 0.028125 0.02890625
0 0.40078125 0.2625 0.028125 0.02890625
0 0.64453125 0.22421875 0.02890625 0.02890625
0 0.65546875 0.140625 0.0265625 0.028125
0 0.39609375 0.18046875 0.028125 0.02890625
0 0.62421875 0.14453125 0.02890625 0.028125
0 0.43125 0.26875 0.02890625 0.028125
0 0.60859375 0.41796875 0.028125 0.0296875
0 0.49765625 0.34296875 0.02734375 0.028125
0 0.5828125 0.43359375 0.02890625 0.0296875
0 0.65625 0.03671875 0.02734375 0.028125
0 0.4125 0.36875 0.028125 0.028125
0 0.4921875 0.43671875 0.028125 0.028125
0 0.4703125 0.17109375 0.03125 0.03046875
0 0.4640625 0.30625 0.028125 0.028125
0 0.48515625 0.38359375 0.028125 0.0296875
0 0.68515625 0.16015625 0.02734375 0.028125
0 0.459375 0.39375 0.028125 0.02890625
0 0.51875 0.42890625 0.028125 0.02890625
0 0.5828125 0.403125 0.028125 0.02890625
0 0.41015625 0.23515625 0.028125 0.0296875
0 0.61640625 0.1171875 0.028125 0.02890625
0 0.49296875 0.303125 0.028125 0.0296875
0 0.521875 0.35625 0.028125 0.028125
0 0.434375 0.13984375 0.0296875 0.02890625
0 0.440625 0.37265625 0.028125 0.028125
0 0.42109375 0.321875 0.02890625 0.0296875
0 0.4921875 0.49375 0.02734375 0.02890625
0 0.4671875 0.47890625 0.028125 0.02890625
0 0.46875 0.359375 0.028125 0.028125
0 0.28828125 0.39140625 0.03046875 0.0296875
0 0.49375 0.52421875 0.028125 0.0296875
0 0.43671875 0.5328125 0.02890625 0.02890625
0 0.428125 0.10703125 0.02890625 0.0296875
0 0.38359375 0.4390625 0.02890625 0.0296875
0 0.38984375 0.30234375 0.028125 0.02890625
0 0.4390625 0.478125 0.02890625 0.02890625
0 0.5171875 0.45546875 0.02890625 0.0296875
0 0.5765625 0.4671875 0.03046875 0.0296875
0 0.5125 0.3828125 0.02734375 0.0296875
0 0.6203125 0.45390625 0.028125 0.0296875
0 0.53671875 0.128125 0.028125 0.03359375
0 0.43515625 0.16796875 0.0296875 0.028125
0 0.365625 0.33046875 0.03046875 0.03046875
0 0.42578125 0.43984375 0.028125 0.02890625
0 0.5140625 0.56875 0.028125 0.0296875
0 0.440625 0.50546875 0.02890625 0.0296875
0 0.4390625 0.55859375 0.028125 0.02890625
0 0.4515625 0.4296875 0.028125 0.03046875
0 0.39296875 0.3453125 0.02890625 0.03203125
0 0.403125 0.459375 0.028125 0.028125
0 0.4484375 0.5859375 0.02890625 0.0296875
0 0.490625 0.55390625 0.028125 0.02890625
0 0.51875 0.48359375 0.028125 0.03046875
0 0.46953125 0.509375 0.02890625 0.0296875
0 0.540625 0.5640625 0.028125 0.03046875
0 0.38125 0.41015625 0.02890625 0.0296875
0 0.5484375 0.43515625 0.028125 0.03125
0 0.471875 0.33125 0.02890625 0.0296875
0 0.41171875 0.4171875 0.028125 0.02890625
0 0.5671875 0.553125 0.028125 0.0296875
0 0.45390625 0.090625 0.03203125 0.03125
0 0.42578125 0.296875 0.0328125 0.0296875
0 0.46640625 0.56640625 0.02890625 0.0296875
0 0.41328125 0.55 0.02890625 0.0296875
0 0.51953125 0.515625 0.02890625 0.0296875
0 0.43984375 0.3421875 0.028125 0.03046875
0 0.603125 0.475 0.02734375 0.028125
0 0.43515625 0.4515625 0.028125 0.0265625
0 0.46875 0.53828125 0.02890625 0.0296875
0 0.5484375 0.59296875 0.02890625 0.0296875
0 0.43671875 0.66875 0.02890625 0.03125
0 0.44609375 0.64140625 0.0296875 0.03125
0 0.39765625 0.628125 0.028125 0.03046875
0 0.5421875 0.5359375 0.02734375 0.02890625
0 0.428125 0.69609375 0.028125 0.0296875
0 0.42265625 0.6109375 0.02890625 0.03046875
0 0.38359375 0.659375 0.02890625 0.03046875
0 0.43515625 0.403125 0.02734375 0.028125
0 0.46875 0.4484375 0.028125 0.02890625
0 0.5765625 0.58359375 0.02734375 0.02890625
0 0.5890625 0.7984375 0.0296875 0.03203125
0 0.46875 0.6578125 0.02890625 0.03125
0 0.47109375 0.62890625 0.02890625 0.03046875
0 0.41953125 0.58125 0.028125 0.03046875
0 0.4890625 0.75 0.028125 0.0328125
0 0.52265625 0.6 0.02734375 0.0296875
0 0.33984375 0.50625 0.0328125 0.02890625
0 0.38046875 0.6875 0.028125 0.0296875
0 0.36953125 0.63359375 0.0296875 0.03125
0 0.4484375 0.61328125 0.02890625 0.03046875
0 0.41953125 0.6484375 0.0296875 0.03125
0 0.58046875 0.49921875 0.028125 0.02890625
0 0.55234375 0.49453125 0.028125 0.03046875
0 0.51953125 0.68828125 0.028125 0.0296875
0 0.4953125 0.590625 0.02890625 0.03046875
0 0.3734375 0.7171875 0.028125 0.0296875
0 0.49765625 0.61953125 0.02890625 0.03203125
0 0.41328125 0.5171875 0.02890625 0.0296875
0 0.38359375 0.82734375 0.028125 0.03046875
0 0.3734375 0.7453125 0.028125 0.03046875
0 0.4 0.73359375 0.02890625 0.03046875
0 0.42734375 0.72421875 0.02734375 0.0296875
0 0.47421875 0.415625 0.0265625 0.02578125
0 0.521875 0.63671875 0.028125 0.03046875
0 0.54609375 0.3125 0.02890625 0.03203125
0 0.4015625 0.7078125 0.02890625 0.03046875
0 0.48125 0.71640625 0.028125 0.03046875
0 0.43671875 0.7875 0.028125 0.03125
0 0.490625 0.465625 0.02734375 0.02734375
0 0.4078125 0.6734375 0.028125 0.0296875
0 0.36796875 0.60078125 0.028125 0.0296875
0 0.525 0.396875 0.02734375 0.0296875
0 0.453125 0.71328125 0.028125 0.03125
0 0.4125 0.76484375 0.02890625 0.03046875
0 0.384375 0.771875 0.02890625 0.03046875
0 0.490625 0.68984375 0.028125 0.03125
0 0.35625 0.7734375 0.02890625 0.03046875
0 0.43984375 0.759375 0.0296875 0.03203125
0 0.49765625 0.6609375 0.02890625 0.03359375
0 0.39609375 0.60078125 0.02890625 0.03046875
0 0.3453125 0.746875 0.02890625 0.03046875
0 0.6046875 0.60078125 0.0296875 0.0296875
0 0.54375 0.6203125 0.028125 0.03046875
0 0.46015625 0.7375 0.0296875 0.03046875
0 0.3515625 0.65625 0.0296875 0.03046875
0 0.35234375 0.80390625 0.0296875 0.03203125
0 0.3515625 0.6890625 0.03046875 0.03203125
0 0.3453125 0.71796875 0.03046875 0.03203125
0 0.38203125 0.8 0.02890625 0.03203125
0 0.41015625 0.7953125 0.02890625 0.03125
0 0.4390625 0.91484375 0.0296875 0.03125
0 0.46015625 0.6734375 0.0203125 0.01640625