0 0.31875 0.35 0.02421875 0.02578125
0 0.31171875 0.3625 0.02265625 0.02421875
0 0.47578125 0.48359375 0.02890625 0.03515625
0 0.6953125 0.7140625 0.03515625 0.0390625
0 0.29140625 0.04609375 0.02734375 0.02890625
0 0.53515625 0.846875 0.03125 0.03515625
0 0.57421875 0.4859375 0.0328125 0.03203125
0 0.02109375 0.6109375 0.02578125 0.02734375
0 0.1625 0.80859375 0.028125 0.02890625
0 0.13203125 0.078125 0.02734375 0.02890625
0 0.515625 0.71328125 0.02890625 0.03671875
0 0.57890625 0.65859375 0.0359375 0.0359375
0 0.365625 0.04453125 0.028125 0.03125
0 0.5875 0.596875 0.0296875 0.0296875
0 0.41875 0.06796875 0.025 0.0265625
0 0.0109375 0.321875 0.02109375 0.025
0 0.20859375 0.81953125 0.02734375 0.02890625
0 0.18203125 0.2109375 0.028125 0.0328125
0 0.47890625 0.60859375 0.0296875 0.03046875
0 0.328125 0.56640625 0.02734375 0.02890625
0 0.1421875 0.68515625 0.0265625 0.02890625
0 0.23125 0.459375 0.0296875 0.02890625
0 0.4265625 0.71796875 0.028125 0.03203125
0 0.0953125 0.56171875 0.02578125 0.02890625
0 0.48125 0.6921875 0.03125 0.03203125
0 0.25 0.82890625 0.0265625 0.0296875
0 0.2234375 0.74609375 0.0265625 0.0328125
0 0.57265625 0.77265625 0.03125 0.0328125
0 0.115625 0.6296875 0.02734375 0.02734375
0 0.19921875 0.5171875 0.0296875 0.028125
0 0.40859375 0.5375 0.0296875 0.03125
0 0.57890625 0.56953125 0.03125 0.03125
0 0.3984375 0.790625 0.02890625 0.03125
0 0.39609375 0.83125 0.02890625 0.03203125
0 0.3078125 0.8375 0.028125 0.03125
0 0.27890625 0.48125 0.03046875 0.03046875
0 0.09609375 0.59609375 0.025 0.02734375
0 0.4578125 0.81484375 0.028125 0.0296875
0 0.42890625 0.59140625 0.02890625 0.0296875
0 0.084375 0.2234375 0.02578125 0.02890625
0 0.371875 0.740625 0.028125 0.03125
0 0.25859375 0.5140625 0.02734375 0.02734375
0 0.26015625 0.765625 0.02734375 0.03046875
0 0.11484375 0.3609375 0.028125 0.028125
0 0.3390625 0.790625 0.028125 0.03125
0 0.3921875 0.60703125 0.02890625 0.0296875
0 0.5578125 0.68671875 0.03125 0.03359375
0 0.19453125 0.659375 0.0265625 0.028125
0 0.0984375 0.51953125 0.025 0.02890625
0 0.04765625 0.265625 0.02421875 0.0296875
0 0.20390625 0.2390625 0.02578125 0.02890625
0 0.4515625 0.5359375 0.02890625 0.03046875
0 0.41484375 0.26015625 0.0296875 0.03046875
0 0.3265625 0.76015625 0.028125 0.03046875
0 0.321875 0.49921875 0.028125 0.0296875
0 0.4328125 0.5578125 0.0296875 0.0296875
0 0.41640625 0.49453125 0.0296875 0.0296875
0 0.4546875 0.3609375 0.02890625 0.03203125
0 0.27890625 0.72578125 0.0296875 0.03046875
0 0.3859375 0.4953125 0.02734375 0.0296875
0 0.0703125 0.49453125 0.02578125 0.0265625
0 0.29609375 0.2203125 0.028125 0.03046875
0 0.10234375 0.2640625 0.02578125 0.0296875
0 0.2625 0.43046875 0.02734375 0.0296875
0 0.30390625 0.6109375 0.02734375 0.02890625
0 0.3546875 0.49453125 0.02890625 0.03046875
0 0.06875 0.521875 0.025 0.02890625
0 0.11171875 0.471875 0.03046875 0.0296875
0 0.18828125 0.38671875 0.0265625 0.028125
0 0.2140625 0.634375 0.0265625 0.0296875
0 0.3703125 0.07734375 0.02578125 0.03046875
0 0.2484375 0.646875 0.0296875 0.02890625
0 0.41640625 0.040625 0.0265625 0.02890625
0 0.1953125 0.3078125 0.02734375 0.0296875
0 0.38671875 0.64609375 0.02890625 0.03046875
0 0.23046875 0.259375 0.02578125 0.02890625
0 0.5953125 0.61953125 0.03359375 0.03359375
0 0.3609375 0.3140625 0.0296875 0.03125
0 0.403125 0.4609375 0.02890625 0.0296875
0 0.44375 0.42265625 0.03046875 0.0296875
0 0.2765625 0.59453125 0.02890625 0.02890625
0 0.1796875 0.27578125 0.0265625 0.02734375
0 0.33359375 0.61796875 0.02734375 0.02890625
0 0.28359375 0.7546875 0.02734375 0.0296875
0 0.29765625 0.5140625 0.028125 0.03046875
0 0.36875 0.67890625 0.02890625 0.03203125
0 0.078125 0.25703125 0.02421875 0.02890625
0 0.26015625 0.3984375 0.028125 0.0296875
0 0.21484375 0.38203125 0.0296875 0.03046875
0 0.41796875 0.290625 0.0296875 0.0296875
0 0.1296875 0.32578125 0.02578125 0.0296875
0 0.33359375 0.64765625 0.02734375 0.0296875
0 0.43203125 0.4515625 0.02890625 0.03125
0 0.3921875 0.0578125 0.02734375 0.0296875
0 0.24375 0.2296875 0.0265625 0.02890625
0 0.24375 0.61953125 0.0265625 0.02890625
0 0.2890625 0.28984375 0.02890625 0.0296875
0 0.42734375 0.3171875 0.0296875 0.0296875
0 0.0921875 0.48125 0.025 0.028125
0 0.36171875 0.61875 0.02734375 0.0296875
0 0.371875 0.4625 0.0296875 0.03046875
0 0.225 0.35390625 0.02734375 0.02890625
0 0.146875 0.2953125 0.025 0.02890625
0 0.3609375 0.6515625 0.028125 0.0296875
0 0.26953125 0.21953125 0.02578125 0.02890625
0 0.35546875 0.41015625 0.02890625 0.03125
0 0.35546875 0.43828125 0.03046875 0.03125
0 0.40078125 0.3890625 0.028125 0.0296875
0 0.33046875 0.3890625 0.02734375 0.0296875
0 0.42265625 0.4046875 0.0296875 0.0296875
0 0.175 0.3390625 0.025 0.028125
0 0.1546875 0.32578125 0.02578125 0.03125
0 0.20078125 0.3390625 0.02734375 0.0296875
0 0.25546875 0.253125 0.025 0.02890625
0 0.26953125 0.61328125 0.028125 0.0265625
0 0.26484375 0.3234375 0.02734375 0.02890625
0 0.30234375 0.38359375 0.028125 0.028125
0 0.2859375 0.3484375 0.028125 0.02890625
0 0.42578125 0.3765625 0.028125 0.02734375
0 0.27890625 0.2484375 0.03046875 0.03203125
0 0.28984375 0.31953125 0.02890625 0.03046875
0 0.246875 0.375 0.0265625 0.02734375
0 0.259375 0.29296875 0.03203125 0.03046875
0 0.26015625 0.35078125 0.0265625 0.028125
0 0.37734375 0.3359375 0.02890625 0.0296875
0 0.27578125 0.37421875 0.0265625 0.028125
0 0.4296875 0.3453125 0.0296875 0.03046875
0 0.17109375 0.30234375 0.025 0.02734375
0 0.353125 0.35234375 0.03046875 0.0296875
0 0.36640625 0.3796875 0.028125 0.0296875
0 0.403125 0.33359375 0.028125 0.03203125
0 0.34296875 0.37421875 0.025 0.02734375
0 0.38515625 0.36171875 0.028125 0.028125
0 0.41640625 0.0328125 0.009375 0.009375
0 0.128125 0.0828125 0.00859375 0.01015625