0 0.58046875 0.5984375 0.0375 0.0375
0 0.55078125 0.54375 0.0328125 0.03125
0 0.54921875 0.609375 0.034375 0.034375
0 0.478125 0.33359375 0.034375 0.0375
0 0.675 0.2953125 0.034375 0.034375
0 0.50546875 0.35078125 0.0328125 0.034375
0 0.740625 0.5046875 0.034375 0.034375
0 0.53984375 0.48984375 0.034375 0.0328125
0 0.5171875 0.57578125 0.0328125 0.034375
0 0.690625 0.42578125 0.0328125 0.0328125
0 0.5046875 0.44375 0.034375 0.0328125
0 0.62265625 0.59375 0.034375 0.034375
0 0.62890625 0.3078125 0.034375 0.034375
0 0.6671875 0.56484375 0.0328125 0.0328125
0 0.63828125 0.5609375 0.034375 0.034375
0 0.6578125 0.534375 0.034375 0.034375
0 0.6328125 0.6515625 0.034375 0.0328125
0 0.58359375 0.42265625 0.034375 0.034375
0 0.753125 0.3109375 0.034375 0.0390625
0 0.553125 0.6328125 0.03125 0.028125
0 0.54921875 0.42890625 0.034375 0.0328125
0 0.59921875 0.30546875 0.034375 0.034375
0 0.6609375 0.32421875 0.034375 0.0328125
0 0.6296875 0.62109375 0.034375 0.034375
0 0.49140625 0.49609375 0.034375 0.0328125
0 0.60859375 0.5203125 0.034375 0.034375
0 0.5078125 0.51953125 0.034375 0.0328125
0 0.45 0.5671875 0.0328125 0.0328125
0 0.29140625 0.40625 0.0359375 0.034375
0 0.66328125 0.35703125 0.034375 0.034375
0 0.66953125 0.3921875 0.0328125 0.0328125
0 0.5890625 0.34296875 0.034375 0.034375
0 0.53984375 0.52265625 0.034375 0.034375
0 0.71484375 0.48125 0.034375 0.034375
0 0.578125 0.5171875 0.03125 0.03125
0 0.47734375 0.46015625 0.0328125 0.03125
0 0.50859375 0.3796875 0.0328125 0.0328125
0 0.75859375 0.48203125 0.034375 0.034375
0 0.71171875 0.5109375 0.034375 0.034375
0 0.6171875 0.3546875 0.034375 0.034375
0 0.50546875 0.55 0.034375 0.0328125
0 0.6328125 0.44609375 0.03125 0.0328125
0 0.68359375 0.45546875 0.0328125 0.0328125
0 0.5671875 0.36484375 0.03125 0.03125
0 0.53828125 0.3875 0.0328125 0.03125
0 0.39453125 0.5375 0.034375 0.034375
0 0.57734375 0.4875 0.0328125 0.03125
0 0.6578125 0.484375 0.0328125 0.03125
0 0.48046875 0.5234375 0.034375 0.034375
0 0.5640625 0.4546875 0.03125 0.03125
0 0.6390625 0.37578125 0.034375 0.034375
0 0.328125 0.35390625 0.034375 0.0375
0 0.80546875 0.4125 0.0359375 0.034375
0 0.3703125 0.515625 0.0359375 0.034375
0 0.45390625 0.48515625 0.0328125 0.034375
0 0.421875 0.52890625 0.034375 0.034375
0 0.615625 0.39609375 0.03125 0.0328125
0 0.23515625 0.38359375 0.0375 0.0375
0 0.4765625 0.553125 0.034375 0.034375
0 0.68515625 0.52265625 0.034375 0.034375
0 0.48359375 0.396875 0.0328125 0.034375
0 0.76015625 0.3546875 0.034375 0.0328125
0 0.828125 0.47578125 0.034375 0.034375
0 0.45 0.44921875 0.034375 0.0328125
0 0.78984375 0.35078125 0.034375 0.034375
0 0.5875 0.3859375 0.03125 0.03125
0 0.278125 0.46640625 0.0359375 0.034375
0 0.42734375 0.3421875 0.034375 0.034375
0 0.2015625 0.38671875 0.0375 0.0328125
0 0.60859375 0.48515625 0.03125 0.03125
0 0.73203125 0.4546875 0.034375 0.0328125
0 0.53203125 0.6078125 0.0296875 0.03125
0 0.5625 0.40234375 0.0328125 0.0328125
0 0.68671875 0.4921875 0.0328125 0.03125
0 0.6390625 0.4125 0.03125 0.03125
0 0.45703125 0.41484375 0.0328125 0.0328125
0 0.32265625 0.3890625 0.034375 0.034375
0 0.29609375 0.37265625 0.034375 0.034375
0 0.26640625 0.3953125 0.0359375 0.034375
0 0.24296875 0.48984375 0.034375 0.034375
0 0.815625 0.45 0.034375 0.0328125
0 0.834375 0.36796875 0.03125 0.03125
0 0.24921875 0.45625 0.034375 0.034375
0 0.85234375 0.45703125 0.034375 0.034375
0 0.78125 0.38046875 0.0375 0.034375
0 0.35078125 0.37734375 0.0328125 0.0328125
0 0.3078125 0.48046875 0.034375 0.034375
0 0.27421875 0.4953125 0.0375 0.034375
0 0.60859375 0.45625 0.034375 0.034375
0 0.76171875 0.44921875 0.034375 0.0328125
0 0.41953125 0.46328125 0.034375 0.034375
0 0.4546875 0.35546875 0.03125 0.03125
0 0.1703125 0.42109375 0.034375 0.0328125
0 0.61328125 0.42578125 0.0328125 0.0328125
0 0.7484375 0.38203125 0.0328125 0.03125
0 0.775 0.41015625 0.034375 0.034375
0 0.74609375 0.42421875 0.0296875 0.0296875
0 0.15546875 0.45 0.034375 0.034375
0 0.48125 0.36875 0.03125 0.03125
0 0.33515625 0.475 0.034375 0.034375
0 0.22109375 0.4421875 0.034375 0.034375
0 0.42734375 0.49765625 0.0328125 0.0328125
0 0.40234375 0.35390625 0.034375 0.034375
0 0.2 0.41875 0.034375 0.0328125
0 0.790625 0.4328125 0.034375 0.034375
0 0.86953125 0.40625 0.0375 0.0328125
0 0.8390625 0.3984375 0.034375 0.0328125
0 0.39921875 0.503125 0.034375 0.0328125
0 0.259375 0.42421875 0.034375 0.0328125
0 0.36640625 0.4859375 0.034375 0.034375
0 0.36875 0.45625 0.034375 0.034375
0 0.45546875 0.38515625 0.0328125 0.0328125
0 0.40078125 0.415625 0.034375 0.034375
0 0.84609375 0.42890625 0.034375 0.0328125
0 0.4296875 0.40234375 0.034375 0.034375
0 0.74296875 0.40078125 0.03125 0.03125
0 0.87421875 0.4296875 0.034375 0.0328125
0 0.3921875 0.47421875 0.034375 0.0328125
0 0.290625 0.43671875 0.034375 0.034375
0 0.375 0.3953125 0.034375 0.034375
0 0.809375 0.38203125 0.0328125 0.03125
0 0.196875 0.4625 0.040625 0.034375
0 0.3171875 0.4515625 0.034375 0.034375
0 0.31875 0.421875 0.0359375 0.034375
0 0.40234375 0.38515625 0.0328125 0.034375
0 0.428125 0.37265625 0.0328125 0.0328125
0 0.346875 0.409375 0.034375 0.0328125
0 0.3703125 0.42578125 0.0328125 0.0328125
0 0.89921875 0.40859375 0.03125 0.03125
0 0.3953125 0.44453125 0.034375 0.034375
0 0.7859375 0.465625 0.034375 0.034375
0 0.23125 0.4125 0.0359375 0.034375
0 0.90546875 0.4375 0.0328125 0.03125
0 0.38125 0.3671875 0.0328125 0.0328125
0 0.81796875 0.41875 0.03125 0.03125
0 0.425 0.4328125 0.0328125 0.0328125
0 0.1234375 0.465625 0.0375 0.040625
0 0.74296875 0.3359375 0.0359375 0.034375
0 0.34296875 0.44140625 0.03125 0.0421875
0 0.340625 0.50546875 0.0328125 0.03125
0 0.45078125 0.5359375 0.0328125 0.0375