0 0.865625 0.37421875 0.046875 0.034375
0 0.865625 0.40703125 0.046875 0.0375
0 0.821875 0.41875 0.046875 0.0359375
0 0.67421875 0.61484375 0.04375 0.0359375
0 0.48828125 0.3453125 0.0421875 0.0390625
0 0.5734375 0.4484375 0.05 0.0375
0 0.5046875 0.4234375 0.0453125 0.0390625
0 0.5046875 0.4578125 0.04375 0.0328125
0 0.48125 0.48046875 0.04375 0.034375
0 0.58125 0.528125 0.046875 0.0359375
0 0.52890625 0.5171875 0.04375 0.0328125
0 0.5078125 0.5453125 0.040625 0.034375
0 0.484375 0.5109375 0.046875 0.034375
0 0.42265625 0.4796875 0.04375 0.0328125
0 0.40078125 0.42890625 0.040625 0.0359375
0 0.4296875 0.4515625 0.04375 0.034375
0 0.3546875 0.39453125 0.0421875 0.0359375
0 0.30625 0.43046875 0.04375 0.0328125
0 0.34375 0.425 0.040625 0.0328125
0 0.3625 0.453125 0.0390625 0.0328125
0 0.384375 0.478125 0.040625 0.03125
0 0.40625 0.50546875 0.040625 0.034375
0 0.4453125 0.5109375 0.0421875 0.0359375
0 0.46953125 0.5359375 0.040625 0.0328125
0 0.42109375 0.540625 0.040625 0.0328125
0 0.39375 0.5625 0.040625 0.0328125
0 0.42890625 0.57578125 0.040625 0.0328125
0 0.4609375 0.56171875 0.04375 0.0328125
0 0.49765625 0.57265625 0.040625 0.0328125
0 0.49375 0.6015625 0.0375 0.034375
0 0.44609375 0.603125 0.0421875 0.0328125
0 0.471875 0.62421875 0.0390625 0.0328125
0 0.50859375 0.63671875 0.040625 0.0328125
0 0.14609375 0.440625 0.046875 0.0390625
0 0.24453125 0.434375 0.04375 0.0328125
0 0.28046875 0.4515625 0.0421875 0.0359375
0 0.321875 0.4625 0.04375 0.0359375
0 0.28984375 0.48359375 0.04375 0.0328125
0 0.32890625 0.4921875 0.040625 0.0359375
0 0.3671875 0.50390625 0.040625 0.0328125
0 0.33828125 0.52421875 0.040625 0.0359375
0 0.2625 0.50390625 0.046875 0.0359375
0 0.29921875 0.5203125 0.040625 0.0359375
0 0.15703125 0.50234375 0.0421875 0.0359375
0 0.20390625 0.5046875 0.0453125 0.034375
0 0.15703125 0.53515625 0.0421875 0.0359375
0 0.196875 0.53671875 0.04375 0.0359375
0 0.23828125 0.53359375 0.04375 0.0359375
0 0.27734375 0.55078125 0.04375 0.034375
0 0.30546875 0.57421875 0.040625 0.034375
0 0.3171875 0.54609375 0.04375 0.0328125
0 0.35390625 0.559375 0.040625 0.0359375
0 0.371875 0.5859375 0.040625 0.0359375
0 0.4046875 0.60078125 0.040625 0.0359375
0 0.42578125 0.62734375 0.040625 0.0328125
0 0.45234375 0.6484375 0.040625 0.034375
0 0.4875 0.665625 0.0421875 0.0328125
0 0.4765625 0.6953125 0.04375 0.0375
0 0.46640625 0.73828125 0.0453125 0.0359375
0 0.50390625 0.76328125 0.04375 0.0359375
0 0.5 0.8125 0.0453125 0.0359375
0 0.46484375 0.79140625 0.04375 0.0328125
0 0.44375 0.82109375 0.04375 0.0328125
0 0.43203125 0.85078125 0.040625 0.034375
0 0.18125 0.7375 0.04375 0.0359375
0 0.18828125 0.5703125 0.04375 0.0359375
0 0.2296875 0.56796875 0.0375 0.03125
0 0.26171875 0.58828125 0.040625 0.0359375
0 0.29609375 0.603125 0.040625 0.0328125
0 0.33515625 0.59296875 0.040625 0.0328125
0 0.384375 0.6328125 0.040625 0.0359375
0 0.41640625 0.65546875 0.040625 0.034375
0 0.41484375 0.6828125 0.04375 0.0328125
0 0.39296875 0.7078125 0.040625 0.034375
0 0.42578125 0.72890625 0.04375 0.0375
0 0.44296875 0.76640625 0.04375 0.0328125
0 0.421875 0.79296875 0.0421875 0.0328125
0 0.3390625 0.7890625 0.04375 0.0359375
0 0.3765625 0.77421875 0.04375 0.0328125
0 0.39765625 0.74765625 0.04375 0.0359375
0 0.35 0.73203125 0.0421875 0.0359375
0 0.3765625 0.6625 0.040625 0.0328125
0 0.3625 0.6890625 0.0390625 0.0328125
0 0.2609375 0.6171875 0.0421875 0.0328125
0 0.22109375 0.6125 0.04375 0.0328125
0 0.1515625 0.621875 0.04375 0.0390625
0 0.15390625 0.671875 0.0453125 0.0359375
0 0.1828125 0.646875 0.040625 0.0359375
0 0.20234375 0.6734375 0.046875 0.0328125
0 0.2328125 0.65078125 0.04375 0.0375
0 0.30859375 0.709375 0.04375 0.0359375
0 0.284375 0.65703125 0.04375 0.0359375
0 0.3234375 0.684375 0.040625 0.0359375
0 0.3859375 0.53046875 0.0375 0.0328125
0 0.36953125 0.5359375 0.0265625 0.03125
0 0.3328125 0.6421875 0.0375 0.034375
0 0.3484375 0.6234375 0.0390625 0.0328125
0 0.3078125 0.63203125 0.034375 0.028125
0 0.3421875 0.659375 0.0359375 0.0265625