0 0.940625 0.70625 0.025 0.0234375
0 0.915625 0.7078125 0.0265625 0.0234375
0 0.86796875 0.72578125 0.0296875 0.0265625
0 0.81171875 0.7265625 0.028125 0.025
0 0.76328125 0.690625 0.0265625 0.0265625
0 0.7296875 0.715625 0.0265625 0.025
0 0.7375 0.67265625 0.0265625 0.021875
0 0.73515625 0.69296875 0.0265625 0.021875
0 0.79453125 0.52421875 0.0265625 0.0234375
0 0.71640625 0.553125 0.0265625 0.025
0 0.68984375 0.625 0.0265625 0.0234375
0 0.7015625 0.646875 0.025 0.0234375
0 0.7046875 0.6703125 0.0265625 0.025
0 0.67890625 0.675 0.0265625 0.0234375
0 0.6859375 0.6984375 0.0265625 0.0265625
0 0.67265625 0.72421875 0.0265625 0.0234375
0 0.646875 0.72734375 0.025 0.0234375
0 0.65625 0.75546875 0.0234375 0.0234375
0 0.6140625 0.73203125 0.025 0.0265625
0 0.5890625 0.7234375 0.025 0.0234375
0 0.60859375 0.68828125 0.0265625 0.0234375
0 0.61484375 0.71015625 0.0234375 0.0234375
0 0.6125 0.66875 0.025 0.0234375
0 0.58828125 0.678125 0.0265625 0.0234375
0 0.56953125 0.7125 0.0234375 0.0234375
0 0.6015625 0.6484375 0.0234375 0.0234375
0 0.5828125 0.65703125 0.025 0.0234375
0 0.57265625 0.63046875 0.0265625 0.0234375
0 0.56171875 0.65 0.0234375 0.021875
0 0.55625 0.675 0.0265625 0.0234375
0 0.55078125 0.7015625 0.025 0.0234375
0 0.5421875 0.73203125 0.025 0.0234375
0 0.52265625 0.721875 0.025 0.0234375
0 0.5265625 0.6953125 0.0234375 0.0234375
0 0.50859375 0.70625 0.025 0.021875
0 0.5265625 0.67421875 0.0265625 0.0234375
0 0.50390625 0.68671875 0.025 0.0234375
0 0.53671875 0.65546875 0.0234375 0.0234375
0 0.49609375 0.6640625 0.0234375 0.0234375
0 0.49375 0.721875 0.025 0.0234375
0 0.48515625 0.6984375 0.0234375 0.0234375
0 0.4953125 0.7625 0.0234375 0.0265625
0 0.46875 0.74453125 0.0265625 0.0234375
0 0.47265625 0.76640625 0.0265625 0.0265625
0 0.465625 0.69375 0.0234375 0.0234375
0 0.44765625 0.7046875 0.0234375 0.0265625
0 0.42890625 0.71953125 0.0265625 0.0234375
0 0.44296875 0.77578125 0.0265625 0.0265625
0 0.4046875 0.76171875 0.0234375 0.025
0 0.44921875 0.66796875 0.025 0.025
0 0.409375 0.709375 0.0234375 0.021875
0 0.38828125 0.7125 0.0234375 0.0234375
0 0.390625 0.74609375 0.0234375 0.0234375
0 0.37109375 0.753125 0.0234375 0.0234375
0 0.3703125 0.77734375 0.0234375 0.0234375
0 0.37265625 0.80234375 0.0234375 0.025
0 0.38125 0.73359375 0.025 0.021875
0 0.36875 0.70859375 0.0234375 0.0234375
0 0.3484375 0.7171875 0.0234375 0.0234375
0 0.36484375 0.68671875 0.025 0.021875
0 0.3453125 0.67578125 0.025 0.0234375
0 0.3328125 0.6953125 0.025 0.0234375
0 0.32578125 0.66640625 0.0234375 0.0234375
0 0.35078125 0.646875 0.0234375 0.0203125
0 0.32734375 0.6453125 0.0234375 0.0234375
0 0.36484375 0.63125 0.0234375 0.0203125
0 0.34453125 0.61171875 0.0234375 0.025
0 0.36796875 0.609375 0.0265625 0.0234375
0 0.35234375 0.5921875 0.0234375 0.0234375
0 0.32265625 0.84921875 0.0265625 0.0265625
0 0.29453125 0.85078125 0.0265625 0.0265625
0 0.27578125 0.8171875 0.0265625 0.0265625
0 0.2734375 0.78828125 0.0265625 0.0265625
0 0.26640625 0.69375 0.0265625 0.0265625
0 0.23515625 0.70234375 0.0265625 0.0296875
0 0.2609375 0.62890625 0.0265625 0.025
0 0.25546875 0.60390625 0.0265625 0.0234375
0 0.2234375 0.6125 0.0265625 0.021875
0 0.2140625 0.63125 0.0265625 0.0203125
0 0.18125 0.63359375 0.0234375 0.0234375
0 0.1765625 0.65546875 0.0265625 0.025
0 0.15859375 0.7109375 0.0265625 0.0265625
0 0.1859375 0.7859375 0.0265625 0.0265625
0 0.22265625 0.80859375 0.025 0.0265625
0 0.20390625 0.79609375 0.0265625 0.0234375
0 0.1296875 0.721875 0.028125 0.0265625
0 0.1484375 0.64140625 0.0234375 0.0234375
0 0.13203125 0.62890625 0.0234375 0.021875
0 0.1671875 0.62109375 0.028125 0.021875
0 0.1484375 0.6109375 0.0234375 0.025
0 0.17421875 0.82734375 0.0265625 0.0234375
0 0.15078125 0.84375 0.0265625 0.0265625
0 0.10546875 0.8328125 0.0265625 0.0265625
0 0.08984375 0.89375 0.028125 0.03125
0 0.078125 0.84375 0.028125 0.0265625
0 0.07890625 0.821875 0.0265625 0.0234375
0 0.08359375 0.79765625 0.0265625 0.028125
0 0.0859375 0.7765625 0.0234375 0.021875
0 0.0828125 0.76015625 0.025 0.0234375
0 0.0109375 0.82265625 0.021875 0.0296875
0 0.7328125 0.47109375 0.0234375 0.0203125
0 0.73515625 0.496875 0.0234375 0.021875
0 0.7140625 0.50703125 0.0203125 0.0203125
0 0.69609375 0.51953125 0.0234375 0.0234375
0 0.715625 0.48671875 0.021875 0.0203125
0 0.69609375 0.49453125 0.0234375 0.0203125
0 0.70859375 0.4671875 0.0234375 0.0203125
0 0.66328125 0.4453125 0.0234375 0.021875
0 0.64140625 0.42109375 0.021875 0.0171875
0 0.6234375 0.42578125 0.0234375 0.0203125
0 0.61640625 0.44140625 0.0203125 0.0203125
0 0.62265625 0.5625 0.0234375 0.0234375
0 0.60390625 0.546875 0.0265625 0.0234375
0 0.58359375 0.528125 0.0234375 0.0234375
0 0.5140625 0.51875 0.0234375 0.0234375
0 0.53359375 0.58125 0.025 0.0234375
0 0.515625 0.6015625 0.0234375 0.021875
0 0.4921875 0.5984375 0.0234375 0.0203125
0 0.45625 0.61875 0.0234375 0.0234375
0 0.475 0.58359375 0.0265625 0.021875
0 0.46015625 0.596875 0.0265625 0.0234375
0 0.44296875 0.58046875 0.025 0.0234375
0 0.4796875 0.53046875 0.0265625 0.021875
0 0.47734375 0.50078125 0.0234375 0.021875
0 0.4578125 0.52890625 0.0265625 0.0234375
0 0.4640625 0.4859375 0.0265625 0.0296875
0 0.375 0.528125 0.025 0.0203125
0 0.35 0.52109375 0.0234375 0.0203125
0 0.3359375 0.5421875 0.0234375 0.0203125
0 0.3375 0.56953125 0.0265625 0.0203125
0 0.309375 0.515625 0.025 0.021875
0 0.31640625 0.46171875 0.0234375 0.0234375
0 0.28671875 0.45 0.0234375 0.0203125
0 0.2671875 0.484375 0.0234375 0.021875
0 0.26171875 0.56484375 0.025 0.0234375
0 0.23984375 0.58125 0.0234375 0.0203125
0 0.240625 0.5609375 0.025 0.021875
0 0.22578125 0.54375 0.0234375 0.0203125
0 0.2140625 0.515625 0.025 0.021875
0 0.20078125 0.54921875 0.0234375 0.0203125
0 0.1859375 0.5375 0.0234375 0.0203125
0 0.16875 0.53046875 0.0203125 0.0203125
0 0.14375 0.528125 0.0234375 0.025
0 0.15625 0.46484375 0.0234375 0.0234375