0 0.31171875 0.73203125 0.0328125 0.0328125
0 0.34140625 0.7390625 0.034375 0.0328125
0 0.36640625 0.728125 0.0328125 0.0296875
0 0.3984375 0.721875 0.0328125 0.034375
0 0.3734375 0.76796875 0.0359375 0.0359375
0 0.40625 0.83203125 0.0421875 0.0359375
0 0.409375 0.8671875 0.04375 0.0328125
0 0.59765625 0.84296875 0.0453125 0.0390625
0 0.64140625 0.8203125 0.05 0.040625
0 0.66484375 0.7890625 0.046875 0.0390625
0 0.63828125 0.7578125 0.0515625 0.040625
0 0.68046875 0.74375 0.0515625 0.0453125
0 0.52265625 0.70546875 0.04375 0.0390625
0 0.71484375 0.6765625 0.0578125 0.0421875
0 0.69296875 0.6 0.0484375 0.0421875
0 0.7609375 0.56796875 0.0546875 0.04375
0 0.8390625 0.525 0.0546875 0.04375
0 0.56796875 0.61015625 0.0453125 0.0421875
0 0.58828125 0.55546875 0.0421875 0.0390625
0 0.43828125 0.59765625 0.0359375 0.034375
0 0.46875 0.56953125 0.040625 0.034375
0 0.4359375 0.5125 0.0390625 0.0359375
0 0.4875 0.48359375 0.040625 0.0359375
0 0.51953125 0.4703125 0.040625 0.0328125
0 0.55390625 0.47890625 0.0390625 0.034375
0 0.58671875 0.4609375 0.0453125 0.0328125
0 0.54140625 0.5125 0.0421875 0.0359375
0 0.63984375 0.484375 0.0484375 0.0359375
0 0.68125 0.47421875 0.0453125 0.0390625
0 0.67734375 0.44140625 0.0515625 0.0390625
0 0.72734375 0.446875 0.05 0.0390625
0 0.70703125 0.40859375 0.053125 0.0421875
0 0.7984375 0.4359375 0.0578125 0.040625
0 0.86875 0.3953125 0.0546875 0.0453125
0 0.7171875 0.3703125 0.05 0.040625
0 0.7 0.33671875 0.0546875 0.0375
0 0.775 0.32265625 0.0578125 0.0421875
0 0.7625 0.2421875 0.0515625 0.0390625
0 0.6296875 0.31328125 0.04375 0.0375
0 0.62890625 0.3484375 0.0421875 0.0328125
0 0.584375 0.3390625 0.04375 0.0359375
0 0.6453125 0.38515625 0.046875 0.0359375
0 0.57265625 0.3703125 0.0453125 0.0328125
0 0.6078125 0.3796875 0.0390625 0.0359375
0 0.5640625 0.4015625 0.0421875 0.034375
0 0.6015625 0.4140625 0.0390625 0.034375
0 0.5640625 0.4328125 0.0375 0.034375
0 0.50703125 0.415625 0.0359375 0.03125
0 0.52890625 0.44140625 0.034375 0.0328125
0 0.49375 0.44765625 0.0375 0.0359375
0 0.53046875 0.38515625 0.0375 0.034375
0 0.51953125 0.35390625 0.0390625 0.0328125
0 0.49765625 0.384375 0.0390625 0.0328125
0 0.4453125 0.38203125 0.0390625 0.0328125
0 0.4828125 0.3609375 0.0390625 0.028125
0 0.47109375 0.33828125 0.0375 0.028125
0 0.51171875 0.31953125 0.0390625 0.034375
0 0.47265625 0.31015625 0.0390625 0.034375
0 0.43984375 0.3515625 0.0390625 0.0296875
0 0.4 0.36484375 0.0359375 0.0328125
0 0.36875 0.40625 0.0328125 0.0296875
0 0.3921875 0.45546875 0.0328125 0.0328125
0 0.4234375 0.46484375 0.0359375 0.0328125
0 0.36015625 0.48203125 0.0375 0.0328125
0 0.32421875 0.4625 0.0359375 0.028125
0 0.2765625 0.54921875 0.0328125 0.0265625
0 0.24296875 0.48671875 0.0328125 0.0296875
0 0.296875 0.5765625 0.0359375 0.0296875
0 0.2515625 0.55703125 0.0296875 0.0328125
0 0.2609375 0.5953125 0.0359375 0.0328125
0 0.26796875 0.63046875 0.0359375 0.0328125
0 0.253125 0.45078125 0.0359375 0.0296875
0 0.27109375 0.41484375 0.03125 0.0328125
0 0.29765625 0.4296875 0.034375 0.03125
0 0.33515625 0.41875 0.0328125 0.0359375
0 0.246875 0.37890625 0.0296875 0.0328125
0 0.284375 0.37109375 0.03125 0.0296875
0 0.29296875 0.3421875 0.0296875 0.0296875
0 0.315625 0.3453125 0.0296875 0.0296875
0 0.325 0.31875 0.0359375 0.0296875
0 0.27421875 0.32265625 0.0359375 0.0296875
0 0.23359375 0.31484375 0.0328125 0.0296875
0 0.25859375 0.28359375 0.034375 0.0296875
0 0.28203125 0.29765625 0.0296875 0.0265625
0 0.3125 0.284375 0.0328125 0.028125
0 0.34453125 0.28359375 0.03125 0.03125
0 0.3765625 0.2703125 0.0359375 0.0296875
0 0.32578125 0.26015625 0.0296875 0.0296875
0 0.35390625 0.2515625 0.0328125 0.034375
0 0.3171875 0.23203125 0.03125 0.03125
0 0.346875 0.221875 0.034375 0.0328125
0 0.375 0.19296875 0.0375 0.034375
0 0.39140625 0.16171875 0.0359375 0.0328125
0 0.4328125 0.1828125 0.0359375 0.0375
0 0.47578125 0.17578125 0.0390625 0.0375
0 0.396875 0.1296875 0.0375 0.0328125
0 0.4203125 0.14296875 0.03125 0.0328125
0 0.45390625 0.13046875 0.0390625 0.0328125
0 0.45 0.0921875 0.0390625 0.0359375