0 0.5125 0.615625 0.0296875 0.0359375
0 0.55234375 0.6859375 0.0296875 0.0375
0 0.50703125 0.69921875 0.0328125 0.040625
0 0.6015625 0.7296875 0.0328125 0.04375
0 0.62578125 0.75 0.0359375 0.0421875
0 0.58203125 0.68828125 0.034375 0.0421875
0 0.5390625 0.64921875 0.0359375 0.0421875
0 0.5796875 0.65234375 0.0328125 0.0390625
0 0.5390625 0.60859375 0.03125 0.04375
0 0.57265625 0.6140625 0.0328125 0.040625
0 0.5359375 0.565625 0.0375 0.0421875
0 0.59609375 0.59296875 0.0328125 0.040625
0 0.6203125 0.65546875 0.034375 0.04375
0 0.66171875 0.74296875 0.0328125 0.040625
0 0.67265625 0.69296875 0.0328125 0.0390625
0 0.69453125 0.7203125 0.0296875 0.0390625
0 0.734375 0.72109375 0.034375 0.0421875
0 0.678125 0.63984375 0.034375 0.0421875
0 0.70625 0.6328125 0.0328125 0.0390625
0 0.72109375 0.678125 0.034375 0.040625
0 0.7265625 0.603125 0.0328125 0.0390625
0 0.70703125 0.575 0.0296875 0.0375
0 0.68203125 0.5984375 0.0328125 0.0390625
0 0.69609375 0.53515625 0.0296875 0.034375
0 0.67890625 0.5640625 0.0296875 0.0359375
0 0.6515625 0.5046875 0.028125 0.0375
0 0.66171875 0.534375 0.0296875 0.0375
0 0.62890625 0.4890625 0.0296875 0.0375
0 0.64453125 0.459375 0.0296875 0.0375
0 0.66953125 0.4703125 0.03125 0.040625
0 0.678125 0.50234375 0.03125 0.0390625
0 0.71640625 0.50078125 0.0328125 0.040625
0 0.696875 0.4453125 0.034375 0.0421875
0 0.6734375 0.42578125 0.0296875 0.040625
0 0.64609375 0.421875 0.03125 0.0390625
0 0.62109375 0.41171875 0.0296875 0.0375
0 0.62265625 0.4453125 0.0296875 0.034375
0 0.58125 0.4921875 0.0328125 0.0375
0 0.596875 0.42890625 0.0328125 0.0390625
0 0.5765625 0.4578125 0.03125 0.0375
0 0.60390625 0.46875 0.0296875 0.03125
0 0.60546875 0.5046875 0.028125 0.034375
0 0.58828125 0.53203125 0.0328125 0.0390625
0 0.56015625 0.5125 0.0328125 0.0375
0 0.56953125 0.425 0.0296875 0.034375
0 0.60625 0.3828125 0.0328125 0.040625
0 0.58125 0.3921875 0.03125 0.040625
0 0.54375 0.39140625 0.0328125 0.0390625
0 0.59453125 0.35078125 0.0296875 0.0390625
0 0.565625 0.3609375 0.0296875 0.0390625
0 0.5390625 0.34375 0.0328125 0.0390625
0 0.64375 0.26796875 0.034375 0.0453125
0 0.60234375 0.2421875 0.034375 0.0421875
0 0.5265625 0.3078125 0.0375 0.0421875
0 0.49453125 0.37734375 0.03125 0.040625
0 0.46171875 0.3875 0.034375 0.0421875
0 0.515625 0.40625 0.03125 0.040625
0 0.54140625 0.42734375 0.034375 0.0421875
0 0.5453125 0.4703125 0.034375 0.0421875
0 0.52734375 0.5296875 0.034375 0.04375
0 0.50859375 0.575 0.03125 0.0375
0 0.48359375 0.6234375 0.034375 0.04375
0 0.45703125 0.56015625 0.0359375 0.04375
0 0.4515625 0.59765625 0.0328125 0.040625
0 0.45078125 0.51640625 0.0296875 0.0390625
0 0.428125 0.553125 0.034375 0.0421875
0 0.459375 0.46875 0.034375 0.0421875
0 0.42421875 0.4953125 0.0328125 0.040625
0 0.4125 0.5265625 0.0328125 0.040625
0 0.39609375 0.56171875 0.0359375 0.0421875
0 0.38359375 0.515625 0.0359375 0.040625
0 0.4203125 0.43359375 0.034375 0.0421875
0 0.4046875 0.47109375 0.034375 0.0421875
0 0.428125 0.35390625 0.034375 0.0421875
0 0.4234375 0.3984375 0.034375 0.04375
0 0.45390625 0.32421875 0.034375 0.04375
0 0.40625 0.321875 0.0375 0.0453125
0 0.3921875 0.3625 0.034375 0.04375
0 0.3953125 0.41953125 0.034375 0.0421875
0 0.37578125 0.4765625 0.0328125 0.040625
0 0.56796875 0.07265625 0.0359375 0.0453125
0 0.52421875 0.10859375 0.034375 0.04375
0 0.48984375 0.11171875 0.034375 0.04375
0 0.3015625 0.51484375 0.0375 0.0421875
0 0.32890625 0.57890625 0.0375 0.05
0 0.2265625 0.62578125 0.040625 0.0484375
0 0.3109375 0.471875 0.0359375 0.0375
0 0.36640625 0.32421875 0.0375 0.0421875
0 0.34140625 0.378125 0.0375 0.0453125
0 0.365625 0.2453125 0.0390625 0.040625
0 0.35625 0.2828125 0.0375 0.0453125
0 0.403125 0.246875 0.040625 0.0453125
0 0.3359375 0.221875 0.0359375 0.0421875
0 0.39921875 0.1359375 0.040625 0.046875
0 0.36171875 0.17421875 0.0390625 0.04375
0 0.30390625 0.2140625 0.0390625 0.0453125
0 0.31796875 0.28046875 0.0375 0.046875
0 0.259375 0.21484375 0.040625 0.0453125
0 0.22421875 0.2546875 0.0390625 0.0515625