0 0.10390625 0.234375 0.03984375 0.04140625
0 0.18515625 0.321875 0.0375 0.034375
0 0.42109375 0.48828125 0.03046875 0.03359375
0 0.46796875 0.371875 0.02734375 0.0296875
0 0.484375 0.25234375 0.028125 0.028125
0 0.45703125 0.2234375 0.0296875 0.0328125
0 0.42734375 0.18984375 0.0296875 0.03125
0 0.3765625 0.20546875 0.03125 0.0328125
0 0.34453125 0.2703125 0.02890625 0.034375
0 0.4125 0.2390625 0.028125 0.02890625
0 0.4296875 0.265625 0.028125 0.0296875
0 0.43671875 0.296875 0.02890625 0.03046875
0 0.396875 0.31640625 0.02890625 0.03125
0 0.40859375 0.35078125 0.028125 0.0296875
0 0.42890625 0.32734375 0.02734375 0.0296875
0 0.4453125 0.35546875 0.02578125 0.02890625
0 0.4359375 0.3859375 0.02734375 0.03203125
0 0.47265625 0.4359375 0.02890625 0.02890625
0 0.46484375 0.40234375 0.02734375 0.02890625
0 0.49140625 0.40078125 0.02734375 0.0296875
0 0.51484375 0.3796875 0.02578125 0.03046875
0 0.4984375 0.3515625 0.0265625 0.0296875
0 0.46796875 0.3265625 0.02734375 0.03125
0 0.48125 0.28359375 0.02890625 0.03046875
0 0.51328125 0.2828125 0.0265625 0.02890625
0 0.50078125 0.31171875 0.028125 0.03125
0 0.5109375 0.2515625 0.02734375 0.03046875
0 0.51796875 0.21328125 0.0265625 0.03046875
0 0.53828125 0.19296875 0.02734375 0.03046875
0 0.5421875 0.2234375 0.025 0.02890625
0 0.57109375 0.19921875 0.025 0.028125
0 0.60859375 0.19609375 0.02421875 0.02890625
0 0.59375 0.2125 0.02421875 0.02734375
0 0.5875 0.24375 0.025 0.0265625
0 0.56875 0.22578125 0.025 0.025
0 0.55625 0.24765625 0.02578125 0.02578125
0 0.55 0.27421875 0.025 0.02890625
0 0.56640625 0.296875 0.0234375 0.0296875
0 0.590625 0.29765625 0.02578125 0.02890625
0 0.5828125 0.26796875 0.02734375 0.02734375
0 0.634375 0.22421875 0.02421875 0.02578125
0 0.61484375 0.26328125 0.025 0.02734375
0 0.6125 0.23125 0.02578125 0.028125
0 0.63515625 0.19921875 0.025 0.02578125
0 0.65859375 0.203125 0.021875 0.028125
0 0.64375 0.24921875 0.025 0.028125
0 0.66875 0.23359375 0.02421875 0.028125
0 0.7140625 0.21171875 0.02421875 0.02578125
0 0.69375 0.23671875 0.02265625 0.02578125
0 0.715625 0.25078125 0.021875 0.02578125
0 0.67265625 0.27421875 0.025 0.0265625
0 0.68984375 0.26171875 0.021875 0.02578125
0 0.69375 0.28515625 0.021875 0.025
0 0.71484375 0.29375 0.02265625 0.0265625
0 0.7359375 0.278125 0.021875 0.02578125
0 0.7625 0.30078125 0.0234375 0.03046875
0 0.76875 0.340625 0.0265625 0.0265625
0 0.65546875 0.3046875 0.0265625 0.02734375
0 0.6875 0.32265625 0.0234375 0.02734375
0 0.71640625 0.3265625 0.02421875 0.02734375
0 0.640625 0.33125 0.02421875 0.02734375
0 0.66796875 0.33046875 0.0234375 0.02421875
0 0.60859375 0.359375 0.025 0.028125
0 0.63203125 0.359375 0.02421875 0.028125
0 0.57109375 0.40390625 0.025 0.03125
0 0.59765625 0.4078125 0.02421875 0.025
0 0.6 0.38203125 0.02421875 0.02578125
0 0.62265625 0.3859375 0.02265625 0.02578125
0 0.62109375 0.4125 0.0234375 0.02421875
0 0.66328125 0.3953125 0.0203125 0.02421875
0 0.64296875 0.39921875 0.021875 0.0265625
0 0.6546875 0.3703125 0.02421875 0.02578125
0 0.67578125 0.37578125 0.0203125 0.0265625
0 0.684375 0.34921875 0.021875 0.02578125
0 0.70546875 0.3578125 0.02109375 0.02578125
0 0.69609375 0.3859375 0.021875 0.02578125
0 0.68359375 0.40625 0.02265625 0.025
0 0.6609375 0.4203125 0.02265625 0.025
0 0.64140625 0.43359375 0.02265625 0.025
0 0.5890625 0.434375 0.02265625 0.025
0 0.6125 0.434375 0.0234375 0.025
0 0.62890625 0.45703125 0.02734375 0.02890625
0 0.565625 0.4375 0.02578125 0.028125
0 0.58125 0.459375 0.0234375 0.028125
0 0.60390625 0.4578125 0.0234375 0.0265625
0 0.559375 0.4671875 0.025 0.028125
0 0.6 0.4859375 0.02734375 0.03203125
0 0.6203125 0.49765625 0.0234375 0.02734375
0 0.53671875 0.49765625 0.02734375 0.02890625
0 0.5609375 0.49453125 0.021875 0.02578125
0 0.5828125 0.50078125 0.02578125 0.0265625
0 0.59921875 0.528125 0.02578125 0.02890625
0 0.55625 0.52109375 0.025 0.02890625
0 0.51328125 0.52109375 0.02734375 0.0296875
0 0.5359375 0.534375 0.025 0.02890625
0 0.53203125 0.57890625 0.02734375 0.028125
0 0.54296875 0.603125 0.02734375 0.0296875
0 0.37109375 0.740625 0.03125 0.0328125
0 0.371875 0.78359375 0.03203125 0.03203125