0 0.56484375 0.94609375 0.0359375 0.034375
0 0.30546875 0.878125 0.025 0.0234375
0 0.40625 0.91171875 0.034375 0.0328125
0 0.3421875 0.88984375 0.0265625 0.0265625
0 0.340625 0.859375 0.028125 0.0296875
0 0.321875 0.87109375 0.0296875 0.025
0 0.30234375 0.853125 0.0265625 0.0265625
0 0.23203125 0.5921875 0.028125 0.0296875
0 0.21484375 0.56796875 0.028125 0.0296875
0 0.21015625 0.53046875 0.028125 0.0296875
0 0.11015625 0.496875 0.028125 0.03125
0 0.24609375 0.50078125 0.028125 0.03125
0 0.20703125 0.48125 0.0265625 0.0328125
0 0.10546875 0.4140625 0.0265625 0.0265625
0 0.10546875 0.38515625 0.028125 0.0296875
0 0.14921875 0.3140625 0.028125 0.0359375
0 0.13828125 0.253125 0.028125 0.0359375
0 0.2703125 0.60546875 0.028125 0.0296875
0 0.259375 0.625 0.028125 0.0328125
0 0.24375 0.6921875 0.0296875 0.028125
0 0.2375 0.6671875 0.0265625 0.0234375
0 0.31640625 0.65234375 0.025 0.0265625
0 0.3140625 0.60078125 0.03125 0.03125
0 0.32109375 0.628125 0.028125 0.0296875
0 0.3609375 0.6421875 0.03125 0.03125
0 0.37109375 0.67265625 0.028125 0.0296875
0 0.3671875 0.61640625 0.03125 0.0328125
0 0.6296875 0.82109375 0.034375 0.034375
0 0.4328125 0.7671875 0.03125 0.03125
0 0.4109375 0.734375 0.0265625 0.0296875
0 0.45859375 0.7671875 0.0265625 0.025
0 0.44921875 0.7390625 0.021875 0.0265625
0 0.51796875 0.796875 0.0328125 0.03125
0 0.49765625 0.76640625 0.028125 0.0296875
0 0.47265625 0.740625 0.028125 0.0296875
0 0.58125 0.70078125 0.03125 0.0359375
0 0.56328125 0.72890625 0.0296875 0.0296875
0 0.52421875 0.73828125 0.034375 0.03125
0 0.5546875 0.69609375 0.03125 0.034375
0 0.53515625 0.71484375 0.0296875 0.0296875
0 0.50859375 0.7046875 0.0296875 0.0296875
0 0.43359375 0.7171875 0.028125 0.0265625
0 0.53125 0.6765625 0.03125 0.0328125
0 0.5046875 0.6734375 0.03125 0.0328125
0 0.45703125 0.69375 0.03125 0.03125
0 0.44609375 0.6671875 0.028125 0.0296875
0 0.4828125 0.6546875 0.028125 0.0296875
0 0.45234375 0.64296875 0.0265625 0.0265625
0 0.5234375 0.628125 0.03125 0.0328125
0 0.49609375 0.628125 0.03125 0.03125
0 0.46640625 0.625 0.028125 0.0296875
0 0.45 0.6015625 0.0265625 0.0265625
0 0.43515625 0.621875 0.0265625 0.025
0 0.415625 0.60234375 0.028125 0.0296875
0 0.3015625 0.546875 0.028125 0.0296875
0 0.2765625 0.49375 0.028125 0.0328125
0 0.28671875 0.5203125 0.025 0.0296875
0 0.27734375 0.46796875 0.0265625 0.028125
0 0.30078125 0.4828125 0.0234375 0.028125
0 0.2890625 0.44921875 0.0265625 0.025
0 0.259375 0.415625 0.025 0.0328125
0 0.29140625 0.41484375 0.0265625 0.0328125
0 0.27578125 0.3984375 0.0234375 0.0265625
0 0.26875 0.3703125 0.028125 0.0296875
0 0.24765625 0.37578125 0.0234375 0.0265625
0 0.25625 0.340625 0.03125 0.0328125
0 0.45234375 0.5765625 0.0296875 0.028125
0 0.38984375 0.5515625 0.028125 0.0296875
0 0.36484375 0.578125 0.03125 0.034375
0 0.39921875 0.52890625 0.028125 0.0296875
0 0.4015625 0.503125 0.0265625 0.0265625
0 0.38046875 0.49140625 0.028125 0.0296875
0 0.378125 0.45703125 0.0296875 0.0265625
0 0.34921875 0.46328125 0.0296875 0.0296875
0 0.34140625 0.42734375 0.0265625 0.03125
0 0.37578125 0.4109375 0.0296875 0.028125
0 0.3625 0.4203125 0.0234375 0.0203125
0 0.4296875 0.50859375 0.0265625 0.0265625
0 0.42109375 0.4671875 0.0265625 0.028125
0 0.4359375 0.53125 0.0265625 0.0234375
0 0.43046875 0.48984375 0.028125 0.0140625
0 0.4875 0.52265625 0.03125 0.0359375
0 0.4578125 0.50234375 0.03125 0.03125
0 0.52265625 0.4984375 0.03125 0.03125
0 0.52421875 0.4671875 0.03125 0.03125
0 0.48671875 0.46953125 0.0296875 0.0328125
0 0.67890625 0.79140625 0.03125 0.034375
0 0.63984375 0.78828125 0.034375 0.0375
0 0.6109375 0.77109375 0.034375 0.034375
0 0.6015625 0.6703125 0.034375 0.034375
0 0.734375 0.73984375 0.0375 0.034375
0 0.86875 0.59765625 0.034375 0.04375
0 0.8125 0.63359375 0.0375 0.0390625
0 0.74453125 0.64609375 0.034375 0.0359375
0 0.6734375 0.6546875 0.034375 0.0359375
0 0.61015625 0.5546875 0.0328125 0.0328125
0 0.6390625 0.5484375 0.0328125 0.0375
0 0.625 0.58828125 0.0375 0.0375
0 0.6671875 0.53828125 0.0328125 0.03125
0 0.7109375 0.53125 0.034375 0.040625
0 0.671875 0.50625 0.0359375 0.034375
0 0.63203125 0.50703125 0.0359375 0.0390625
0 0.7203125 0.48359375 0.0375 0.0375
0 0.63984375 0.46015625 0.034375 0.0390625
0 0.7453125 0.41015625 0.040625 0.040625
0 0.6421875 0.42421875 0.0328125 0.034375
0 0.6203125 0.38515625 0.034375 0.0375
0 0.48046875 0.39375 0.025 0.03125
0 0.509375 0.37890625 0.0328125 0.034375
0 0.475 0.36484375 0.028125 0.0328125
0 0.5328125 0.3546875 0.03125 0.0328125
0 0.59453125 0.32421875 0.028125 0.0359375
0 0.79453125 0.25390625 0.0375 0.0390625
0 0.42421875 0.4328125 0.03125 0.0328125
0 0.40703125 0.40078125 0.028125 0.0296875
0 0.3453125 0.365625 0.028125 0.0296875
0 0.41171875 0.36875 0.028125 0.0328125
0 0.3859375 0.371875 0.028125 0.0296875
0 0.3828125 0.3421875 0.028125 0.0296875
0 0.35703125 0.34296875 0.0265625 0.028125
0 0.3265625 0.33046875 0.028125 0.0328125
0 0.26328125 0.3078125 0.025 0.0296875
0 0.265625 0.27421875 0.028125 0.0359375
0 0.28828125 0.2859375 0.0265625 0.0296875
0 0.28828125 0.25390625 0.028125 0.034375
0 0.36953125 0.278125 0.03125 0.0328125
0 0.4484375 0.2875 0.028125 0.0328125
0 0.50546875 0.26484375 0.03125 0.0359375
0 0.49140625 0.23203125 0.028125 0.0359375
0 0.4640625 0.2375 0.028125 0.0328125
0 0.58046875 0.18828125 0.03125 0.0375
0 0.52578125 0.18046875 0.03125 0.0359375
0 0.48359375 0.178125 0.0296875 0.0296875
0 0.4296875 0.20625 0.028125 0.03125
0 0.4265625 0.1765625 0.03125 0.0359375
0 0.3921875 0.22265625 0.0296875 0.034375
0 0.340625 0.23125 0.028125 0.03125
0 0.34140625 0.1984375 0.0265625 0.0328125
0 0.3046875 0.20546875 0.028125 0.0296875
0 0.35546875 0.1515625 0.028125 0.0375
0 0.23046875 0.1890625 0.028125 0.03125
0 0.2140625 0.1515625 0.028125 0.0328125
0 0.24609375 0.1359375 0.028125 0.0328125
0 0.4828125 0.553125 0.03125 0.0328125