0 0.3953125 0.5484375 0.0109375 0.0125
0 0.36171875 0.5546875 0.0109375 0.0125
0 0.428125 0.56328125 0.0109375 0.0125
0 0.50234375 0.4390625 0.0125 0.0140625
0 0.48203125 0.43984375 0.0109375 0.0125
0 0.49140625 0.43828125 0.0125 0.0140625
0 0.56796875 0.63515625 0.0109375 0.0140625
0 0.5578125 0.63046875 0.0140625 0.015625
0 0.5296875 0.62578125 0.0125 0.0140625
0 0.571875 0.62265625 0.0140625 0.0140625
0 0.5890625 0.6359375 0.0125 0.015625
0 0.609375 0.61953125 0.0140625 0.015625
0 0.53828125 0.5671875 0.0109375 0.0140625
0 0.52109375 0.35078125 0.0109375 0.0125
0 0.509375 0.32578125 0.0109375 0.0125
0 0.57578125 0.503125 0.0109375 0.0125
0 0.48984375 0.6703125 0.0109375 0.0125
0 0.52421875 0.50234375 0.0125 0.0140625
0 0.48046875 0.3 0.0109375 0.0125
0 0.49453125 0.33203125 0.0109375 0.0125
0 0.4234375 0.3671875 0.0109375 0.0125
0 0.4203125 0.6609375 0.0109375 0.0125
0 0.47578125 0.4171875 0.0109375 0.0125
0 0.41484375 0.6328125 0.0109375 0.0125
0 0.49609375 0.521875 0.0109375 0.0125
0 0.54765625 0.57421875 0.0109375 0.0125
0 0.459375 0.64609375 0.0109375 0.0140625
0 0.471875 0.525 0.0125 0.0140625
0 0.4546875 0.5859375 0.0109375 0.0125
0 0.475 0.66953125 0.0109375 0.0125
0 0.40703125 0.42109375 0.0109375 0.0125
0 0.49609375 0.3921875 0.0109375 0.0125
0 0.490625 0.30546875 0.0109375 0.0125
0 0.55703125 0.56640625 0.0109375 0.0140625
0 0.44609375 0.47578125 0.0109375 0.0125
0 0.46796875 0.40078125 0.0109375 0.0125
0 0.553125 0.40390625 0.0109375 0.0125
0 0.50703125 0.52109375 0.0109375 0.0125
0 0.45 0.45625 0.0109375 0.0125
0 0.44296875 0.64140625 0.0125 0.0140625
0 0.52265625 0.44375 0.0109375 0.0125
0 0.4625 0.46640625 0.0109375 0.0125
0 0.425 0.29921875 0.0109375 0.0140625
0 0.44375 0.31796875 0.0140625 0.0140625
0 0.496875 0.50546875 0.0109375 0.0140625
0 0.509375 0.503125 0.0109375 0.0125
0 0.46796875 0.28828125 0.0109375 0.0125
0 0.515625 0.41875 0.0109375 0.0140625
0 0.43203125 0.58515625 0.0109375 0.0125
0 0.43203125 0.6015625 0.0109375 0.0125
0 0.41171875 0.29921875 0.0109375 0.0140625
0 0.5234375 0.4609375 0.0109375 0.0125
0 0.39453125 0.59453125 0.0109375 0.015625
0 0.4890625 0.41875 0.0109375 0.0125
0 0.396875 0.45859375 0.0125 0.0140625
0 0.41640625 0.490625 0.0109375 0.0125
0 0.4171875 0.58515625 0.0109375 0.0125
0 0.44140625 0.28984375 0.0125 0.015625
0 0.44921875 0.28125 0.0109375 0.0125
0 0.49921875 0.42734375 0.0109375 0.0125
0 0.5125 0.45625 0.0109375 0.0125
0 0.43515625 0.55078125 0.0109375 0.0125
0 0.4234375 0.6078125 0.0109375 0.0140625
0 0.50390625 0.4515625 0.0109375 0.0125
0 0.425 0.57578125 0.0109375 0.0125
0 0.37734375 0.5515625 0.0109375 0.0125
0 0.41875 0.5578125 0.0109375 0.0125
0 0.40390625 0.5765625 0.0109375 0.0125
0 0.3703125 0.56328125 0.0109375 0.0125
0 0.51171875 0.44140625 0.0109375 0.0125
0 0.5515625 0.38984375 0.0109375 0.0125
0 0.39765625 0.50625 0.0125 0.015625
0 0.40546875 0.55390625 0.0109375 0.0125
0 0.39765625 0.56484375 0.0109375 0.0125
0 0.346875 0.521875 0.0109375 0.0125
0 0.37109375 0.4546875 0.0109375 0.0125
0 0.3671875 0.48984375 0.0109375 0.0125
0 0.37734375 0.47265625 0.0109375 0.0125
0 0.34140625 0.509375 0.0109375 0.0125
0 0.3578125 0.4859375 0.0109375 0.0125
0 0.32890625 0.50234375 0.0125 0.0140625
0 0.3859375 0.54453125 0.0109375 0.0140625
0 0.32578125 0.4875 0.0125 0.0140625
0 0.39375 0.5359375 0.0109375 0.0125
0 0.35703125 0.5421875 0.0109375 0.0125
0 0.3671875 0.5390625 0.0109375 0.0125
0 0.35703125 0.5640625 0.0109375 0.0125
0 0.3578125 0.52890625 0.0109375 0.0125
0 0.35703125 0.459375 0.0109375 0.0125
0 0.35546875 0.50078125 0.0140625 0.0140625
0 0.334375 0.478125 0.0140625 0.0171875
0 0.334375 0.4640625 0.0125 0.015625
0 0.359375 0.5125 0.0109375 0.0125
0 0.41171875 0.52109375 0.0109375 0.0125
0 0.409375 0.52734375 0.0109375 0.0125
0 0.32265625 0.47578125 0.0109375 0.0125
0 0.3640625 0.46328125 0.0140625 0.0171875
0 0.3421875 0.46171875 0.0125 0.0140625