0 0.08125 0.8 0.040625 0.04140625
0 0.2609375 0.7734375 0.04140625 0.04140625
0 0.234375 0.74453125 0.04140625 0.040625
0 0.16328125 0.75 0.04375 0.040625
0 0.1984375 0.73359375 0.0421875 0.04375
0 0.278125 0.71015625 0.0375 0.03984375
0 0.240625 0.69765625 0.03984375 0.046875
0 0.34453125 0.73203125 0.03984375 0.04140625
0 0.40703125 0.72578125 0.04140625 0.03984375
0 0.37421875 0.6984375 0.04296875 0.03984375
0 0.4171875 0.6859375 0.040625 0.03984375
0 0.3828125 0.66328125 0.040625 0.0453125
0 0.40625 0.6328125 0.0453125 0.04453125
0 0.41484375 0.59453125 0.03984375 0.04140625
0 0.540625 0.6015625 0.0421875 0.040625
0 0.4484375 0.63046875 0.0421875 0.03984375
0 0.590625 0.6375 0.04609375 0.03984375
0 0.5515625 0.56484375 0.0421875 0.0375
0 0.509375 0.5578125 0.0421875 0.040625
0 0.62734375 0.6125 0.04453125 0.040625
0 0.59296875 0.5859375 0.0421875 0.0390625
0 0.66953125 0.59765625 0.040625 0.0390625
0 0.63671875 0.57578125 0.0421875 0.03828125
0 0.6140625 0.54453125 0.040625 0.03671875
0 0.63125 0.496875 0.040625 0.03984375
0 0.6140625 0.46171875 0.04140625 0.04140625
0 0.7015625 0.475 0.0421875 0.04296875
0 0.65390625 0.4671875 0.04140625 0.040625
0 0.696875 0.4359375 0.0421875 0.040625
0 0.64453125 0.42734375 0.0421875 0.04375
0 0.52578125 0.384375 0.04296875 0.0421875
0 0.54765625 0.3515625 0.04453125 0.04140625
0 0.5984375 0.3296875 0.04375 0.04453125
0 0.553125 0.28828125 0.0421875 0.04375
0 0.63203125 0.3046875 0.04296875 0.04296875
0 0.63671875 0.25859375 0.0453125 0.04296875
0 0.54140625 0.21484375 0.04375 0.04375
0 0.53828125 0.1703125 0.04375 0.0484375
0 0.63984375 0.1390625 0.05390625 0.046875
0 0.73984375 0.26953125 0.0421875 0.0421875
0 0.7421875 0.22734375 0.04296875 0.04140625
0 0.7640625 0.184375 0.04609375 0.04453125
0 0.81171875 0.165625 0.0453125 0.046875
0 0.86953125 0.3984375 0.04609375 0.05