0 0.56484375 0.275 0.0328125 0.03359375
0 0.59921875 0.26796875 0.0296875 0.03203125
0 0.63828125 0.271875 0.0328125 0.0328125
0 0.603125 0.3015625 0.03203125 0.0328125
0 0.6375 0.3046875 0.03203125 0.03203125
0 0.67265625 0.296875 0.03203125 0.03515625
0 0.71171875 0.2921875 0.03203125 0.03125
0 0.71953125 0.32421875 0.0296875 0.03125
0 0.7453125 0.30703125 0.03125 0.03203125
0 0.68671875 0.33046875 0.02890625 0.03203125
0 0.65390625 0.3359375 0.03046875 0.0296875
0 0.61875 0.3328125 0.03046875 0.02890625
0 0.52734375 0.309375 0.03203125 0.03515625
0 0.5578125 0.31015625 0.0296875 0.03515625
0 0.58671875 0.32578125 0.03046875 0.03125
0 0.5625 0.35 0.03046875 0.03203125
0 0.59609375 0.3578125 0.03046875 0.03359375
0 0.634375 0.365625 0.03125 0.03125
0 0.51640625 0.42578125 0.0296875 0.03125
0 0.4859375 0.30703125 0.03046875 0.03203125
0 0.50078125 0.33671875 0.03046875 0.03203125
0 0.53359375 0.34296875 0.03046875 0.0328125
0 0.52890625 0.37421875 0.0359375 0.03203125
0 0.56484375 0.38203125 0.0296875 0.03125
0 0.59375 0.39375 0.03125 0.0328125
0 0.62578125 0.396875 0.03046875 0.03203125
0 0.60390625 0.4234375 0.03125 0.03046875
0 0.6390625 0.42578125 0.03125 0.03203125
0 0.65625 0.3984375 0.0296875 0.0296875
0 0.665625 0.36796875 0.03125 0.0328125
0 0.76171875 0.33515625 0.0328125 0.03203125
0 0.73359375 0.3515625 0.0328125 0.0328125
0 0.6984375 0.359375 0.03125 0.03203125
0 0.6890625 0.39140625 0.0328125 0.03359375
0 0.71171875 0.41171875 0.0328125 0.0328125
0 0.67734375 0.4234375 0.03203125 0.03125
0 0.659375 0.45 0.03125 0.03203125
0 0.684375 0.4703125 0.03203125 0.03046875
0 0.7 0.4453125 0.03203125 0.0328125
0 0.73203125 0.4359375 0.03359375 0.03125
0 0.71953125 0.471875 0.0328125 0.03359375
0 0.79140625 0.384375 0.03515625 0.0328125
0 0.7296875 0.3828125 0.0328125 0.03125
0 0.7609375 0.36875 0.03203125 0.03203125
0 0.76875 0.403125 0.03125 0.03125
0 0.81484375 0.41953125 0.034375 0.0328125
0 0.76875 0.43671875 0.034375 0.03359375
0 0.7625 0.47109375 0.0328125 0.0328125
0 0.75078125 0.5078125 0.03359375 0.0328125
0 0.49765625 0.365625 0.03125 0.03046875
0 0.4640625 0.34375 0.03203125 0.034375
0 0.4359375 0.365625 0.034375 0.034375
0 0.4421875 0.39921875 0.03359375 0.03125
0 0.47421875 0.38828125 0.03203125 0.0328125
0 0.50546875 0.39609375 0.03125 0.03125
0 0.5390625 0.40390625 0.0328125 0.03125
0 0.57109375 0.4140625 0.03125 0.03359375
0 0.58359375 0.44921875 0.03203125 0.034375
0 0.615625 0.45390625 0.0328125 0.03203125
0 0.6375 0.47421875 0.03125 0.03046875
0 0.6640625 0.49296875 0.03046875 0.03125
0 0.69296875 0.50078125 0.0296875 0.0296875
0 0.72109375 0.51640625 0.03046875 0.0296875
0 0.76796875 0.53984375 0.03203125 0.0328125
0 0.49609375 0.48046875 0.03125 0.0328125
0 0.52890625 0.48828125 0.02890625 0.03125
0 0.55703125 0.5046875 0.03046875 0.0328125
0 0.5859375 0.51484375 0.0296875 0.03046875
0 0.546875 0.434375 0.02890625 0.0296875
0 0.48515625 0.41796875 0.03125 0.03046875
0 0.49375 0.4484375 0.03046875 0.0328125
0 0.5234375 0.4578125 0.03046875 0.03125
0 0.55390625 0.4671875 0.03203125 0.034375
0 0.58828125 0.48125 0.03359375 0.03046875
0 0.6171875 0.49765625 0.0296875 0.0296875
0 0.6453125 0.5171875 0.03359375 0.03203125
0 0.67890625 0.534375 0.0328125 0.03359375
0 0.615625 0.53125 0.03125 0.03515625
0 0.64375 0.55703125 0.03125 0.03125
0 0.5890625 0.546875 0.03203125 0.03125
0 0.609375 0.57109375 0.03125 0.03125
0 0.62109375 0.60234375 0.0328125 0.03203125
0 0.5578125 0.54296875 0.0328125 0.0328125
0 0.52890625 0.521875 0.034375 0.03359375
0 0.496875 0.5140625 0.0328125 0.03359375
0 0.46953125 0.49921875 0.0328125 0.03203125
0 0.46484375 0.4640625 0.03125 0.034375
0 0.4546875 0.4328125 0.03359375 0.03359375
0 0.3953125 0.3421875 0.034375 0.03515625
0 0.3609375 0.35859375 0.03671875 0.0359375
0 0.39921875 0.3859375 0.03359375 0.03984375
0 0.33671875 0.45546875 0.03671875 0.0390625
0 0.403125 0.42265625 0.03359375 0.0328125
0 0.403125 0.45625 0.034375 0.034375
0 0.434375 0.47421875 0.03203125 0.0359375
0 0.39609375 0.52421875 0.03515625 0.034375
0 0.44140625 0.5421875 0.034375 0.03671875
0 0.15859375 0.5875 0.03984375 0.0390625
0 0.07890625 0.5140625 0.0421875 0.0390625