0 0.48515625 0.94375 0.01875 0.02421875
0 0.46640625 0.946875 0.02109375 0.02109375
0 0.51953125 0.93046875 0.025 0.021875
0 0.4875 0.9078125 0.02421875 0.021875
0 0.6453125 0.86796875 0.025 0.0234375
0 0.61953125 0.8578125 0.0265625 0.021875
0 0.65234375 0.84140625 0.0265625 0.02421875
0 0.60546875 0.82734375 0.021875 0.02421875
0 0.6234375 0.834375 0.02578125 0.02421875
0 0.51796875 0.86640625 0.025 0.02421875
0 0.503125 0.88671875 0.025 0.02421875
0 0.4890625 0.86953125 0.025 0.02265625
0 0.509375 0.83828125 0.02421875 0.02421875
0 0.5140625 0.80703125 0.028125 0.0265625
0 0.478125 0.80625 0.02734375 0.0234375
0 0.4375 0.81484375 0.028125 0.0265625
0 0.38984375 0.87265625 0.02578125 0.025
0 0.36484375 0.8671875 0.02578125 0.02421875
0 0.44375 0.77734375 0.02265625 0.0234375
0 0.4546875 0.79375 0.0234375 0.025
0 0.4203125 0.771875 0.02578125 0.025
0 0.421875 0.746875 0.028125 0.02421875
0 0.32734375 0.82265625 0.0265625 0.02578125
0 0.34140625 0.76328125 0.02578125 0.02734375
0 0.3546875 0.73984375 0.02890625 0.02421875
0 0.51484375 0.721875 0.02578125 0.0265625
0 0.48828125 0.728125 0.02734375 0.02265625
0 0.4890625 0.70390625 0.0265625 0.02265625
0 0.484375 0.6828125 0.02578125 0.02265625
0 0.47734375 0.659375 0.025 0.02421875
0 0.4625 0.6953125 0.028125 0.02421875
0 0.45390625 0.67109375 0.0265625 0.025
0 0.55390625 0.653125 0.0265625 0.028125
0 0.52734375 0.653125 0.02578125 0.02578125
0 0.503125 0.6484375 0.02421875 0.0265625
0 0.440625 0.64296875 0.02734375 0.02421875
0 0.4109375 0.64609375 0.02890625 0.0265625
0 0.42734375 0.7 0.02421875 0.0265625
0 0.4125 0.68046875 0.02578125 0.025
0 0.38984375 0.70625 0.03046875 0.0265625
0 0.36875 0.69140625 0.02734375 0.0234375
0 0.36484375 0.715625 0.028125 0.02421875
0 0.33828125 0.6953125 0.028125 0.0265625
0 0.321875 0.71640625 0.0296875 0.02578125
0 0.4375 0.61796875 0.025 0.0265625
0 0.4109375 0.6203125 0.0265625 0.02578125
0 0.4109375 0.58984375 0.02890625 0.0265625
0 0.44140625 0.58984375 0.0265625 0.0234375
0 0.434375 0.565625 0.0265625 0.025
0 0.41328125 0.54921875 0.0296875 0.02734375
0 0.45859375 0.596875 0.025 0.02734375
0 0.4640625 0.571875 0.02890625 0.025
0 0.50703125 0.6171875 0.0296875 0.028125
0 0.53671875 0.5921875 0.0203125 0.0296875
0 0.51484375 0.575 0.028125 0.01953125
0 0.51484375 0.5921875 0.02734375 0.02109375
0 0.48984375 0.57109375 0.0234375 0.025
0 0.48671875 0.5484375 0.0265625 0.025
0 0.4828125 0.52265625 0.03046875 0.025
0 0.4546875 0.5484375 0.028125 0.025
0 0.453125 0.52421875 0.02734375 0.02578125
0 0.2640625 0.778125 0.02578125 0.0265625
0 0.2828125 0.78515625 0.025 0.025
0 0.26875 0.75 0.02578125 0.02578125
0 0.234375 0.7546875 0.028125 0.0234375
0 0.2859375 0.73359375 0.0265625 0.02578125
0 0.27421875 0.71171875 0.02421875 0.02578125
0 0.2515625 0.7265625 0.028125 0.02265625
0 0.22578125 0.73046875 0.0265625 0.02421875
0 0.20078125 0.73359375 0.0296875 0.02734375
0 0.225 0.7078125 0.025 0.02421875
0 0.26015625 0.68203125 0.02734375 0.02734375
0 0.25078125 0.70234375 0.028125 0.0234375
0 0.23203125 0.68515625 0.0265625 0.0234375
0 0.20625 0.67890625 0.02734375 0.028125
0 0.20078125 0.70234375 0.02578125 0.02578125
0 0.18046875 0.71640625 0.02734375 0.0265625
0 0.2375 0.66328125 0.02734375 0.0265625
0 0.2125 0.64453125 0.03046875 0.0265625
0 0.2421875 0.63671875 0.02734375 0.0296875
0 0.2078125 0.6203125 0.0296875 0.0265625
0 0.20390625 0.59453125 0.02890625 0.02578125
0 0.15078125 0.7140625 0.0265625 0.02578125
0 0.12421875 0.69375 0.02734375 0.0265625
0 0.10546875 0.67578125 0.02734375 0.025
0 0.08515625 0.6578125 0.02890625 0.0234375
0 0.121875 0.6515625 0.0296875 0.0265625
0 0.09609375 0.63125 0.03125 0.02578125
0 0.1390625 0.615625 0.03046875 0.02734375
0 0.19375 0.56953125 0.03046875 0.02578125
0 0.165625 0.571875 0.028125 0.02890625
0 0.18359375 0.5453125 0.02890625 0.02578125
0 0.25078125 0.575 0.0296875 0.0265625
0 0.28828125 0.56640625 0.03046875 0.02890625
0 0.209375 0.4921875 0.03125 0.0296875
0 0.22421875 0.47265625 0.03046875 0.03125
0 0.2609375 0.46328125 0.0296875 0.02890625
0 0.31640625 0.459375 0.02890625 0.0296875
0 0.2890625 0.46796875 0.02734375 0.02890625
0 0.33828125 0.48203125 0.028125 0.0296875
0 0.3890625 0.4328125 0.0328125 0.03125
0 0.34375 0.43828125 0.0296875 0.0296875
0 0.275 0.43203125 0.03203125 0.02890625
0 0.2515625 0.4046875 0.0328125 0.03125
0 0.3 0.4015625 0.03046875 0.03046875
0 0.27734375 0.38125 0.03125 0.02890625
0 0.375 0.3875 0.03046875 0.02890625
0 0.275 0.32578125 0.034375 0.03671875
0 0.37421875 0.3484375 0.03203125 0.03203125
0 0.3609375 0.32109375 0.02890625 0.0296875
0 0.33671875 0.3046875 0.0328125 0.0296875
0 0.3609375 0.28125 0.02890625 0.034375
0 0.3953125 0.325 0.03046875 0.03125
0 0.42734375 0.365625 0.03046875 0.03046875
0 0.428125 0.33671875 0.0296875 0.02890625
0 0.31015625 0.26796875 0.0296875 0.03125
0 0.27734375 0.2640625 0.0296875 0.034375
0 0.34765625 0.2484375 0.0296875 0.03203125
0 0.31875 0.24140625 0.02890625 0.03203125
0 0.35625 0.21953125 0.03828125 0.03125
0 0.14375 0.20390625 0.0328125 0.04296875
0 0.6453125 0.603125 0.028125 0.028125
0 0.64375 0.57578125 0.02734375 0.02890625
0 0.71484375 0.56484375 0.02734375 0.028125
0 0.61484375 0.5375 0.02890625 0.0265625
0 0.55 0.51484375 0.02734375 0.02890625
0 0.64453125 0.48359375 0.0296875 0.02890625
0 0.621875 0.46328125 0.02890625 0.0265625
0 0.56328125 0.4546875 0.028125 0.02734375
0 0.646875 0.43203125 0.028125 0.028125
0 0.7 0.43203125 0.03125 0.03203125
0 0.7046875 0.390625 0.03125 0.03203125
0 0.6375 0.3953125 0.02890625 0.02890625
0 0.65859375 0.37890625 0.0265625 0.028125
0 0.67890625 0.35546875 0.0265625 0.02734375
0 0.65703125 0.35078125 0.0265625 0.02578125
0 0.54765625 0.3859375 0.028125 0.03515625
0 0.51953125 0.39453125 0.02734375 0.03046875
0 0.509375 0.29375 0.03046875 0.03359375
0 0.5046875 0.171875 0.03359375 0.0359375
0 0.3953125 0.12578125 0.034375 0.0375