0 0.0921875 0.2359375 0.0328125 0.0296875
0 0.0328125 0.47109375 0.0296875 0.0265625
0 0.07421875 0.57265625 0.0296875 0.0328125
0 0.18203125 0.5765625 0.0296875 0.0296875
0 0.1125 0.43359375 0.03125 0.0328125
0 0.14921875 0.35546875 0.0296875 0.0296875
0 0.1546875 0.38671875 0.028125 0.0296875
0 0.12890625 0.39609375 0.0265625 0.028125
0 0.1359375 0.42265625 0.028125 0.0265625
0 0.16640625 0.434375 0.0296875 0.0296875
0 0.20703125 0.34765625 0.03125 0.03125
0 0.18671875 0.41015625 0.0265625 0.0296875
0 0.2046875 0.43125 0.028125 0.0296875
0 0.2296875 0.44453125 0.0328125 0.03125
0 0.2671875 0.4453125 0.0296875 0.0296875
0 0.25859375 0.3484375 0.0296875 0.0296875
0 0.28046875 0.3671875 0.0296875 0.0328125
0 0.2828125 0.321875 0.03125 0.0296875
0 0.31015625 0.33984375 0.03125 0.0296875
0 0.3703125 0.26953125 0.0296875 0.03125
0 0.34921875 0.2859375 0.0265625 0.03125
0 0.36328125 0.40390625 0.03125 0.0296875
0 0.34140625 0.325 0.03125 0.03125
0 0.34921875 0.3546875 0.0296875 0.0296875
0 0.33984375 0.38046875 0.0296875 0.0265625
0 0.31953125 0.41015625 0.0328125 0.0296875
0 0.3140625 0.45546875 0.0328125 0.0328125
0 0.20703125 0.465625 0.0296875 0.0296875
0 0.2171875 0.4953125 0.0296875 0.0296875
0 0.24609375 0.496875 0.0296875 0.0296875
0 0.27734375 0.5875 0.0296875 0.0296875
0 0.2703125 0.615625 0.0328125 0.0296875
0 0.24140625 0.72578125 0.0296875 0.0296875
0 0.24296875 0.746875 0.0296875 0.0265625
0 0.2671875 0.73046875 0.0265625 0.0296875
0 0.28203125 0.7078125 0.028125 0.0265625
0 0.28125 0.7765625 0.0296875 0.0296875
0 0.3234375 0.7734375 0.0296875 0.0296875
0 0.32109375 0.71875 0.0296875 0.028125
0 0.34140625 0.6328125 0.0296875 0.0296875
0 0.35078125 0.69453125 0.0296875 0.0296875
0 0.37265625 0.71875 0.0296875 0.0296875
0 0.4046875 0.61875 0.0296875 0.0296875
0 0.43203125 0.68984375 0.03125 0.0296875
0 0.46796875 0.80078125 0.0328125 0.0296875
0 0.47578125 0.72421875 0.0328125 0.0296875
0 0.50546875 0.728125 0.0296875 0.0296875
0 0.6328125 0.41796875 0.0296875 0.0296875
0 0.63125 0.3703125 0.0296875 0.0296875
0 0.60546875 0.38984375 0.0296875 0.0296875
0 0.603125 0.425 0.0296875 0.03125
0 0.62109375 0.446875 0.0296875 0.0328125
0 0.61640625 0.48828125 0.0296875 0.0296875
0 0.59296875 0.4734375 0.0296875 0.0296875
0 0.54765625 0.50390625 0.0296875 0.0296875
0 0.55078125 0.471875 0.0296875 0.0296875
0 0.5203125 0.47265625 0.0296875 0.0296875
0 0.51953125 0.5015625 0.0296875 0.028125
0 0.41484375 0.51953125 0.0296875 0.0265625
0 0.4125 0.5484375 0.028125 0.0296875
0 0.43984375 0.553125 0.028125 0.0296875
0 0.440625 0.52265625 0.0265625 0.0296875
0 0.4390625 0.47890625 0.0265625 0.028125
0 0.4578125 0.5 0.028125 0.0296875
0 0.49375 0.52421875 0.0296875 0.0296875
0 0.48515625 0.4734375 0.0296875 0.0296875
0 0.484375 0.50546875 0.028125 0.0265625
0 0.46640625 0.5296875 0.028125 0.0296875
0 0.46640625 0.55703125 0.0296875 0.0265625
0 0.48984375 0.584375 0.0265625 0.0265625
0 0.46875 0.58203125 0.0203125 0.0265625
0 0.49140625 0.60703125 0.0296875 0.0234375
0 0.5171875 0.57578125 0.0328125 0.0296875
0 0.5640625 0.6 0.0328125 0.0265625
0 0.56484375 0.62734375 0.0296875 0.0296875
0 0.5578125 0.57265625 0.0328125 0.0296875
0 0.56953125 0.54375 0.0296875 0.0296875
0 0.5828125 0.51875 0.0296875 0.0296875
0 0.596875 0.5515625 0.0296875 0.0265625
0 0.646875 0.58515625 0.03125 0.0296875
0 0.6109375 0.52734375 0.0296875 0.0296875
0 0.6234375 0.5578125 0.028125 0.0296875
0 0.65234375 0.5578125 0.0296875 0.0296875
0 0.7984375 0.71875 0.0328125 0.0296875
0 0.7859375 0.69765625 0.03125 0.0296875
0 0.81015625 0.75390625 0.0328125 0.0296875
0 0.83046875 0.71328125 0.03125 0.03125
0 0.8453125 0.74765625 0.0328125 0.0296875
0 0.45703125 0.346875 0.0359375 0.0328125
0 0.4625 0.30625 0.0328125 0.0296875
0 0.4265625 0.23671875 0.03125 0.03125
0 0.4546875 0.2171875 0.0296875 0.0328125
0 0.45390625 0.246875 0.0296875 0.0328125
0 0.48125 0.253125 0.0328125 0.0296875
0 0.51171875 0.2578125 0.0296875 0.0328125
0 0.5296875 0.28984375 0.0296875 0.0328125
0 0.5390625 0.25859375 0.0296875 0.03125
0 0.5625 0.28359375 0.0296875 0.028125
0 0.58515625 0.30703125 0.0296875 0.0296875
0 0.58046875 0.24765625 0.0328125 0.0296875
0 0.5890625 0.27578125 0.0296875 0.0296875
0 0.6109375 0.29375 0.0296875 0.0296875
0 0.62265625 0.31953125 0.0296875 0.0296875
0 0.6515625 0.3296875 0.0296875 0.0296875
0 0.640625 0.29296875 0.0296875 0.028125
0 0.609375 0.23671875 0.0296875 0.0265625
0 0.6171875 0.265625 0.0296875 0.0296875
0 0.50234375 0.18203125 0.0296875 0.0296875
0 0.5234375 0.13515625 0.0296875 0.0296875
0 0.54453125 0.15859375 0.03125 0.0328125
0 0.55390625 0.11796875 0.0296875 0.0296875
0 0.57421875 0.1375 0.0296875 0.0296875
0 0.59765625 0.15625 0.03125 0.028125
0 0.62265625 0.18046875 0.0296875 0.03125
0 0.62578125 0.2125 0.028125 0.0296875
0 0.64609375 0.234375 0.03125 0.03125
0 0.6453125 0.2640625 0.0296875 0.0296875
0 0.67578125 0.26953125 0.0328125 0.03125
0 0.67265625 0.309375 0.0328125 0.0296875
0 0.7171875 0.32265625 0.0328125 0.0296875
0 0.70859375 0.3 0.0328125 0.0265625
0 0.84375 0.43984375 0.0328125 0.0296875
0 0.83515625 0.41015625 0.0328125 0.0296875
0 0.771875 0.3703125 0.0359375 0.0328125
0 0.69296875 0.38828125 0.0328125 0.0296875
0 0.66484375 0.40703125 0.0296875 0.0296875
0 0.67421875 0.48203125 0.0296875 0.0296875
0 0.73671875 0.51796875 0.0328125 0.0296875
0 0.70546875 0.47890625 0.0296875 0.0328125
0 0.71484375 0.50625 0.028125 0.0296875
0 0.75859375 0.58828125 0.0328125 0.0328125
0 0.75625 0.5453125 0.0328125 0.0296875
0 0.7671875 0.496875 0.0328125 0.03125
0 0.80078125 0.5828125 0.0328125 0.0296875
0 0.840625 0.5921875 0.0328125 0.0296875
0 0.8453125 0.56015625 0.03125 0.0328125
0 0.86953125 0.57421875 0.0296875 0.03125
0 0.89921875 0.5578125 0.0328125 0.0296875
0 0.93359375 0.59609375 0.0328125 0.03125
0 0.94921875 0.553125 0.0328125 0.0296875
0 0.95625 0.5296875 0.0328125 0.0296875