0 0.34140625 0.56484375 0.015625 0.0109375
0 0.353125 0.57421875 0.0171875 0.0140625
0 0.3390625 0.58828125 0.0171875 0.0140625
0 0.346875 0.55546875 0.0203125 0.0140625
0 0.4546875 0.5546875 0.0203125 0.0171875
0 0.440625 0.5625 0.0171875 0.0171875
0 0.4703125 0.56484375 0.0171875 0.0140625
0 0.45390625 0.56953125 0.0171875 0.0140625
0 0.4421875 0.57578125 0.0171875 0.015625
0 0.4265625 0.56796875 0.0171875 0.0140625
0 0.41484375 0.5734375 0.0171875 0.0140625
0 0.47890625 0.578125 0.0203125 0.0171875
0 0.45390625 0.58515625 0.021875 0.0171875
0 0.4296875 0.58125 0.0203125 0.015625
0 0.41484375 0.58671875 0.0171875 0.0140625
0 0.40078125 0.578125 0.0171875 0.0140625
0 0.39375 0.56796875 0.0171875 0.0140625
0 0.37265625 0.55625 0.0171875 0.0140625
0 0.33984375 0.52734375 0.0171875 0.015625
0 0.32421875 0.53203125 0.0171875 0.0140625
0 0.38984375 0.521875 0.01875 0.015625
0 0.37890625 0.51015625 0.0171875 0.0171875
0 0.3640625 0.51328125 0.0203125 0.015625
0 0.31796875 0.49375 0.0203125 0.0140625
0 0.3015625 0.49140625 0.0140625 0.0140625
0 0.3671875 0.4953125 0.0140625 0.0125
0 0.359375 0.4875 0.0171875 0.0140625
0 0.39140625 0.49765625 0.0171875 0.0140625
0 0.37734375 0.4859375 0.0203125 0.015625
0 0.3578125 0.4578125 0.0171875 0.0140625
0 0.30546875 0.45625 0.0171875 0.0171875
0 0.375 0.4484375 0.0171875 0.0171875
0 0.36328125 0.43984375 0.01875 0.0171875
0 0.37890625 0.46484375 0.01875 0.015625
0 0.38671875 0.440625 0.01875 0.0171875
0 0.48984375 0.56328125 0.01875 0.0140625
0 0.47734375 0.5546875 0.0171875 0.0140625
0 0.465625 0.54453125 0.0171875 0.0140625
0 0.45390625 0.53515625 0.01875 0.0140625
0 0.4453125 0.52421875 0.0171875 0.0140625
0 0.4953125 0.55234375 0.01875 0.0140625
0 0.4828125 0.53984375 0.01875 0.0171875
0 0.4734375 0.53046875 0.0203125 0.0140625
0 0.46171875 0.521875 0.0171875 0.0125
0 0.4234375 0.49140625 0.0203125 0.0140625
0 0.4546875 0.5078125 0.0203125 0.0140625
0 0.50078125 0.53828125 0.0171875 0.015625
0 0.4921875 0.52578125 0.0203125 0.015625
0 0.47890625 0.51640625 0.0203125 0.0140625
0 0.4671875 0.4984375 0.0203125 0.0171875
0 0.5171875 0.53359375 0.0234375 0.0140625
0 0.51171875 0.51953125 0.0203125 0.0140625
0 0.5 0.51171875 0.0203125 0.015625
0 0.48671875 0.503125 0.0203125 0.0171875
0 0.5328125 0.52734375 0.0203125 0.0171875
0 0.525 0.51171875 0.0171875 0.0171875
0 0.5109375 0.4953125 0.01875 0.0171875
0 0.5484375 0.553125 0.021875 0.01875
0 0.5296875 0.4984375 0.0203125 0.0140625
0 0.51875 0.48671875 0.0171875 0.0171875
0 0.58515625 0.53046875 0.0203125 0.01875
0 0.52578125 0.47265625 0.0171875 0.015625
0 0.60703125 0.5234375 0.021875 0.0171875
0 0.53671875 0.48515625 0.021875 0.0140625
0 0.5359375 0.45703125 0.01875 0.0171875
0 0.51875 0.459375 0.0203125 0.0171875
0 0.4109375 0.421875 0.0171875 0.0140625
0 0.396875 0.4140625 0.01875 0.015625
0 0.3703125 0.40546875 0.0171875 0.0171875
0 0.4265625 0.41796875 0.0171875 0.0140625
0 0.4234375 0.40546875 0.0171875 0.0140625
0 0.459375 0.45859375 0.0171875 0.015625
0 0.5 0.4375 0.0171875 0.0140625
0 0.51171875 0.44453125 0.0171875 0.0140625
0 0.484375 0.4375 0.01875 0.0171875
0 0.52109375 0.43984375 0.0171875 0.0125
0 0.46875 0.43359375 0.0171875 0.0171875
0 0.53359375 0.44140625 0.0171875 0.015625
0 0.5125 0.42734375 0.01875 0.0171875
0 0.48828125 0.41875 0.0203125 0.0203125
0 0.359375 0.375 0.01875 0.0109375
0 0.4640625 0.4125 0.0203125 0.0140625
0 0.36328125 0.365625 0.0171875 0.0140625
0 0.4125 0.39453125 0.01875 0.015625
0 0.3796875 0.375 0.01875 0.0171875
0 0.4015625 0.34765625 0.0171875 0.0171875
0 0.421875 0.3703125 0.01875 0.0171875
0 0.45390625 0.371875 0.0203125 0.0171875
0 0.53828125 0.396875 0.0203125 0.0171875
0 0.596875 0.48125 0.0203125 0.0171875
0 0.52421875 0.41484375 0.0203125 0.0171875
0 0.58203125 0.484375 0.021875 0.015625
0 0.5484375 0.4109375 0.0203125 0.015625
0 0.5421875 0.38203125 0.01875 0.015625
0 0.60859375 0.42578125 0.0234375 0.0171875
0 0.58828125 0.40703125 0.0234375 0.0171875
0 0.56015625 0.38359375 0.0203125 0.0171875
0 0.546875 0.35234375 0.0203125 0.0171875
0 0.51484375 0.34453125 0.021875 0.0171875