0 0.47890625 0.809375 0.0171875 0.01875
0 0.440625 0.80859375 0.01875 0.0203125
0 0.7078125 0.7578125 0.0234375 0.021875
0 0.721875 0.73359375 0.0171875 0.0203125
0 0.58359375 0.71953125 0.01875 0.0203125
0 0.6015625 0.71953125 0.01875 0.0203125
0 0.6078125 0.70234375 0.0203125 0.0203125
0 0.59921875 0.68203125 0.0203125 0.0203125
0 0.5921875 0.69921875 0.01875 0.0203125
0 0.46953125 0.7578125 0.0203125 0.0203125
0 0.4921875 0.721875 0.0203125 0.021875
0 0.5265625 0.684375 0.0203125 0.0203125
0 0.30546875 0.6875 0.021875 0.0234375
0 0.3421875 0.6296875 0.021875 0.0203125
0 0.28984375 0.6390625 0.0203125 0.0203125
0 0.26640625 0.6359375 0.0203125 0.0203125
0 0.303125 0.62421875 0.0203125 0.0203125
0 0.315625 0.61015625 0.021875 0.0203125
0 0.29296875 0.609375 0.0203125 0.021875
0 0.26640625 0.615625 0.0203125 0.0203125
0 0.28359375 0.6234375 0.0171875 0.0203125
0 0.41015625 0.61953125 0.0203125 0.0203125
0 0.55390625 0.6359375 0.0203125 0.0203125
0 0.55390625 0.61875 0.0203125 0.0203125
0 0.58828125 0.6078125 0.021875 0.0234375
0 0.6140625 0.60703125 0.021875 0.0234375
0 0.64453125 0.6578125 0.021875 0.0234375
0 0.68515625 0.61875 0.0203125 0.0203125
0 0.69375 0.6109375 0.0203125 0.01875
0 0.50234375 0.58515625 0.0203125 0.021875
0 0.51640625 0.56796875 0.01875 0.0203125
0 0.5015625 0.56015625 0.0203125 0.021875
0 0.45625 0.5640625 0.0203125 0.0203125
0 0.43984375 0.5546875 0.0203125 0.021875
0 0.45078125 0.5421875 0.021875 0.0234375
0 0.4296875 0.5296875 0.0234375 0.021875
0 0.4453125 0.52421875 0.0203125 0.0203125
0 0.471875 0.5234375 0.0203125 0.021875
0 0.49609375 0.5234375 0.0203125 0.0203125
0 0.50703125 0.50625 0.0234375 0.021875
0 0.4875 0.50859375 0.0203125 0.01875
0 0.47265625 0.5 0.0203125 0.0203125
0 0.4546875 0.50703125 0.01875 0.0203125
0 0.49453125 0.49375 0.0203125 0.0171875
0 0.51015625 0.48359375 0.021875 0.0203125
0 0.484375 0.48671875 0.0203125 0.0171875
0 0.4703125 0.47890625 0.0203125 0.0203125
0 0.4953125 0.47421875 0.0203125 0.0203125
0 0.49375 0.459375 0.0203125 0.0203125
0 0.5046875 0.44765625 0.0234375 0.021875
0 0.47734375 0.44296875 0.0234375 0.0234375
0 0.5609375 0.48046875 0.021875 0.0234375
0 0.578125 0.48671875 0.0234375 0.0234375
0 0.56640625 0.4578125 0.0234375 0.021875
0 0.66953125 0.52734375 0.0265625 0.025
0 0.73125 0.515625 0.025 0.025
0 0.7828125 0.55390625 0.025 0.025
0 0.53515625 0.42890625 0.0203125 0.0203125
0 0.55234375 0.428125 0.01875 0.0203125
0 0.5921875 0.4171875 0.0203125 0.021875
0 0.5671875 0.40703125 0.0203125 0.0203125
0 0.54453125 0.4125 0.0171875 0.0203125
0 0.5515625 0.4 0.01875 0.01875
0 0.51953125 0.40703125 0.01875 0.0203125
0 0.534375 0.40546875 0.0203125 0.021875
0 0.51796875 0.39296875 0.0171875 0.01875
0 0.5265625 0.378125 0.01875 0.0171875
0 0.5046875 0.3859375 0.0171875 0.0203125
0 0.51171875 0.3640625 0.0203125 0.01875
0 0.36484375 0.56015625 0.01875 0.0203125
0 0.35546875 0.54375 0.01875 0.0203125
0 0.34140625 0.52421875 0.021875 0.0203125
0 0.25390625 0.578125 0.0203125 0.021875
0 0.25859375 0.53828125 0.0203125 0.0203125
0 0.2328125 0.5578125 0.0203125 0.0203125
0 0.23984375 0.5421875 0.01875 0.0203125
0 0.39609375 0.4921875 0.0171875 0.0203125
0 0.4140625 0.48125 0.0203125 0.0203125
0 0.41484375 0.4640625 0.01875 0.01875
0 0.40546875 0.4484375 0.0203125 0.0203125
0 0.41953125 0.4390625 0.0171875 0.0203125
0 0.4375 0.440625 0.021875 0.021875
0 0.40859375 0.4234375 0.0203125 0.021875
0 0.34453125 0.4671875 0.021875 0.0234375
0 0.36015625 0.44296875 0.0203125 0.0203125
0 0.3609375 0.425 0.0234375 0.021875
0 0.334375 0.434375 0.021875 0.0234375
0 0.321875 0.4203125 0.025 0.025
0 0.44140625 0.371875 0.0171875 0.01875
0 0.45390625 0.36015625 0.0171875 0.01875
0 0.475 0.36640625 0.0171875 0.01875
0 0.496875 0.36796875 0.01875 0.0203125
0 0.4921875 0.35078125 0.0171875 0.0203125
0 0.4765625 0.34765625 0.0203125 0.0203125
0 0.43203125 0.35546875 0.01875 0.01875
0 0.41328125 0.3390625 0.021875 0.0234375
0 0.37421875 0.36015625 0.0203125 0.0203125
0 0.3921875 0.3328125 0.0171875 0.0203125
0 0.3703125 0.33671875 0.01875 0.0203125
0 0.375 0.303125 0.01875 0.0203125
0 0.325 0.2953125 0.0203125 0.021875
0 0.31796875 0.2671875 0.01875 0.0203125
0 0.35234375 0.26171875 0.0171875 0.0203125
0 0.42109375 0.27890625 0.0171875 0.0203125
0 0.4546875 0.2828125 0.01875 0.0171875
0 0.4734375 0.29375 0.0171875 0.01875
0 0.4390625 0.2671875 0.0171875 0.0171875
0 0.465625 0.2609375 0.0171875 0.01875
0 0.42265625 0.2609375 0.0203125 0.0171875
0 0.409375 0.24453125 0.0203125 0.0203125
0 0.48203125 0.2578125 0.0171875 0.01875
0 0.51953125 0.3125 0.01875 0.0203125
0 0.5328125 0.29296875 0.0203125 0.021875
0 0.5046875 0.2375 0.01875 0.0203125
0 0.5484375 0.2375 0.0203125 0.01875
0 0.559375 0.21796875 0.0203125 0.0203125
0 0.4875 0.23515625 0.0171875 0.0203125
0 0.49765625 0.21171875 0.0171875 0.0203125
0 0.4796875 0.221875 0.0203125 0.0171875
0 0.48984375 0.19609375 0.0171875 0.01875
0 0.475 0.20390625 0.0203125 0.0171875
0 0.61953125 0.20546875 0.01875 0.01875
0 0.59296875 0.19609375 0.0203125 0.0171875
0 0.60546875 0.2015625 0.0140625 0.0203125
0 0.6859375 0.22265625 0.0203125 0.0203125
0 0.71171875 0.2359375 0.0203125 0.01875
0 0.7265625 0.2484375 0.01875 0.0203125
0 0.7 0.24921875 0.0203125 0.0203125
0 0.675 0.27890625 0.0203125 0.0203125
0 0.6859375 0.2921875 0.0203125 0.01875
0 0.6359375 0.29921875 0.0203125 0.021875
0 0.65 0.30859375 0.0203125 0.0203125
0 0.6640625 0.321875 0.0203125 0.021875
0 0.6203125 0.3515625 0.0203125 0.0203125
0 0.63984375 0.35703125 0.0203125 0.01875
0 0.64375 0.3734375 0.021875 0.0203125
0 0.64609375 0.39453125 0.0234375 0.021875
0 0.38671875 0.228125 0.0203125 0.0203125
0 0.41796875 0.2265625 0.0171875 0.01875
0 0.409375 0.21171875 0.0171875 0.01875
0 0.40625 0.1953125 0.01875 0.0171875
0 0.409375 0.1765625 0.01875 0.0203125
0 0.3515625 0.16640625 0.0171875 0.0203125
0 0.75625 0.19375 0.025 0.0296875