0 0.62734375 0.93828125 0.021875 0.021875
0 0.634375 0.85 0.0234375 0.025
0 0.58984375 0.8625 0.0234375 0.025
0 0.55859375 0.81015625 0.021875 0.021875
0 0.53125 0.79921875 0.021875 0.021875
0 0.73671875 0.80859375 0.01875 0.021875
0 0.72421875 0.8125 0.021875 0.021875
0 0.67109375 0.7078125 0.0203125 0.021875
0 0.6703125 0.6875 0.0203125 0.021875
0 0.728125 0.684375 0.0203125 0.021875
0 0.67578125 0.665625 0.021875 0.021875
0 0.6890625 0.6546875 0.021875 0.021875
0 0.74375 0.61640625 0.01875 0.021875
0 0.73046875 0.62265625 0.01875 0.021875
0 0.66796875 0.59765625 0.021875 0.021875
0 0.703125 0.58359375 0.0234375 0.0265625
0 0.76328125 0.58515625 0.0203125 0.021875
0 0.7703125 0.55390625 0.021875 0.0203125
0 0.7546875 0.54453125 0.021875 0.021875
0 0.7734375 0.5203125 0.0234375 0.0234375
0 0.753125 0.515625 0.0203125 0.021875
0 0.775 0.475 0.021875 0.025
0 0.7859375 0.446875 0.0203125 0.021875
0 0.73203125 0.45078125 0.021875 0.021875
0 0.65390625 0.484375 0.0265625 0.0265625
0 0.653125 0.46015625 0.0234375 0.025
0 0.61640625 0.44375 0.021875 0.021875
0 0.61484375 0.41796875 0.025 0.0265625
0 0.64765625 0.434375 0.021875 0.021875
0 0.65625 0.415625 0.0234375 0.025
0 0.7015625 0.43125 0.021875 0.021875
0 0.6875 0.415625 0.021875 0.0234375
0 0.74609375 0.41796875 0.021875 0.021875
0 0.72890625 0.41953125 0.021875 0.0234375
0 0.73828125 0.4015625 0.01875 0.021875
0 0.80703125 0.4234375 0.021875 0.025
0 0.77109375 0.390625 0.021875 0.0203125
0 0.753125 0.3890625 0.01875 0.021875
0 0.74140625 0.378125 0.021875 0.021875
0 0.76484375 0.37265625 0.0203125 0.021875
0 0.38046875 0.85390625 0.025 0.028125
0 0.40703125 0.84375 0.0234375 0.028125
0 0.3859375 0.81796875 0.0265625 0.0265625
0 0.42734375 0.7609375 0.0265625 0.0265625
0 0.41875 0.7265625 0.0234375 0.0234375
0 0.396875 0.709375 0.025 0.0265625
0 0.421875 0.70625 0.0234375 0.0234375
0 0.48046875 0.6546875 0.0234375 0.025
0 0.49453125 0.64375 0.0234375 0.0234375
0 0.509375 0.62734375 0.0234375 0.0265625
0 0.5640625 0.67265625 0.0234375 0.0234375
0 0.54453125 0.66328125 0.025 0.0265625
0 0.578125 0.6375 0.025 0.0265625
0 0.5921875 0.61953125 0.0234375 0.0234375
0 0.59453125 0.59609375 0.0234375 0.025
0 0.53515625 0.5640625 0.0265625 0.0265625
0 0.55 0.5421875 0.0234375 0.0234375
0 0.49609375 0.5078125 0.025 0.0265625
0 0.43125 0.4984375 0.025 0.0265625
0 0.4078125 0.49453125 0.0265625 0.0265625
0 0.40859375 0.47578125 0.025 0.025
0 0.3984375 0.459375 0.0265625 0.025
0 0.41796875 0.45 0.025 0.0296875
0 0.4859375 0.43046875 0.0265625 0.0265625
0 0.52265625 0.4203125 0.0234375 0.025
0 0.5484375 0.41640625 0.0234375 0.0234375
0 0.56015625 0.40078125 0.0234375 0.025
0 0.54296875 0.3875 0.0265625 0.0265625
0 0.7078125 0.36328125 0.025 0.0265625
0 0.65 0.37734375 0.025 0.025
0 0.62890625 0.3859375 0.025 0.0234375
0 0.59375 0.371875 0.021875 0.021875
0 0.57421875 0.38125 0.0203125 0.021875
0 0.55859375 0.36875 0.021875 0.021875
0 0.578125 0.36171875 0.01875 0.01875
0 0.57265625 0.353125 0.021875 0.021875
0 0.55390625 0.346875 0.0234375 0.025
0 0.65234375 0.34375 0.025 0.0265625
0 0.58515625 0.33671875 0.0234375 0.0234375
0 0.5671875 0.33046875 0.0203125 0.028125
0 0.58125 0.31484375 0.025 0.0265625
0 0.58203125 0.29375 0.0234375 0.025
0 0.5625 0.290625 0.0234375 0.025
0 0.61015625 0.26953125 0.0234375 0.025
0 0.63046875 0.26953125 0.0265625 0.0265625
0 0.8375 0.365625 0.0234375 0.0234375
0 0.81640625 0.365625 0.0234375 0.0234375
0 0.8265625 0.34453125 0.0234375 0.0234375
0 0.809375 0.346875 0.0234375 0.0234375
0 0.78203125 0.328125 0.0234375 0.0234375
0 0.7484375 0.3296875 0.0234375 0.0234375
0 0.77421875 0.3109375 0.021875 0.021875
0 0.6875 0.290625 0.025 0.0265625
0 0.721875 0.2640625 0.0234375 0.028125
0 0.71640625 0.2328125 0.0265625 0.028125
0 0.64765625 0.240625 0.0234375 0.025
0 0.6046875 0.23203125 0.0265625 0.025
0 0.60390625 0.209375 0.025 0.0296875
0 0.5609375 0.15859375 0.028125 0.0328125
0 0.58359375 0.13203125 0.0265625 0.0296875