0 0.75703125 0.3515625 0.0375 0.0421875
0 0.72734375 0.36640625 0.0390625 0.0390625
0 0.7890625 0.35 0.0390625 0.0390625
0 0.82890625 0.34375 0.0390625 0.040625
0 0.8609375 0.35703125 0.0421875 0.0421875
0 0.865625 0.415625 0.0421875 0.0421875
0 0.84765625 0.4765625 0.0453125 0.040625
0 0.24609375 0.571875 0.0453125 0.0390625
0 0.19921875 0.60234375 0.0390625 0.0390625
0 0.334375 0.78671875 0.034375 0.034375
0 0.31328125 0.63515625 0.034375 0.0328125
0 0.346875 0.63671875 0.0359375 0.034375
0 0.36171875 0.68046875 0.0375 0.0328125
0 0.43671875 0.5796875 0.0359375 0.0328125
0 0.4390625 0.6078125 0.03125 0.03125
0 0.40078125 0.646875 0.0328125 0.03125
0 0.44921875 0.67734375 0.0390625 0.0359375
0 0.46953125 0.6078125 0.0328125 0.0328125
0 0.4859375 0.66875 0.034375 0.0328125
0 0.49609375 0.590625 0.034375 0.0328125
0 0.4984375 0.61640625 0.03125 0.0265625
0 0.49453125 0.64140625 0.03125 0.03125
0 0.52734375 0.58125 0.034375 0.0328125
0 0.65625 0.478125 0.0359375 0.0375
0 0.63359375 0.53125 0.0359375 0.0359375
0 0.584375 0.56484375 0.034375 0.034375
0 0.58359375 0.59609375 0.0359375 0.0359375
0 0.5546875 0.59296875 0.03125 0.03125
0 0.53125 0.60859375 0.03125 0.028125
0 0.52265625 0.63125 0.03125 0.028125
0 0.53125 0.66015625 0.03125 0.03125
0 0.55078125 0.63125 0.0328125 0.0296875
0 0.559375 0.65390625 0.03125 0.028125
0 0.55546875 0.68046875 0.034375 0.0328125
0 0.6203125 0.64609375 0.0359375 0.0359375
0 0.6828125 0.61171875 0.034375 0.0328125
0 0.66640625 0.63984375 0.0359375 0.0359375
0 0.78828125 0.575 0.034375 0.0328125
0 0.875 0.58359375 0.034375 0.0296875
0 0.87578125 0.61015625 0.034375 0.0296875
0 0.77734375 0.64296875 0.034375 0.0328125
0 0.71796875 0.68671875 0.03125 0.0328125
0 0.72890625 0.746875 0.03125 0.03125
0 0.78359375 0.840625 0.028125 0.028125
0 0.76875 0.8265625 0.0265625 0.0265625
0 0.76875 0.79921875 0.028125 0.025
0 0.74453125 0.8015625 0.025 0.025
0 0.7453125 0.82421875 0.028125 0.025
0 0.7234375 0.81640625 0.0265625 0.025
0 0.70625 0.80625 0.028125 0.025
0 0.7234375 0.8375 0.0265625 0.025
0 0.7390625 0.84921875 0.028125 0.0265625
0 0.70390625 0.853125 0.0296875 0.0265625
0 0.678125 0.821875 0.0296875 0.0234375
0 0.696875 0.83125 0.028125 0.028125
0 0.67265625 0.803125 0.0328125 0.0265625
0 0.6484375 0.815625 0.028125 0.028125
0 0.6453125 0.86328125 0.0296875 0.028125
0 0.66640625 0.84140625 0.0296875 0.0265625
0 0.64375 0.83828125 0.028125 0.025
0 0.62421875 0.825 0.028125 0.025
0 0.60234375 0.83828125 0.028125 0.025
0 0.5921875 0.81796875 0.0296875 0.0265625
0 0.56484375 0.8109375 0.028125 0.0265625
0 0.56953125 0.8328125 0.028125 0.025
0 0.546875 0.7828125 0.0296875 0.028125
0 0.50234375 0.80546875 0.03125 0.025
0 0.45703125 0.81171875 0.028125 0.028125
0 0.42265625 0.82421875 0.03125 0.028125
0 0.45078125 0.83359375 0.028125 0.0265625
0 0.478125 0.8234375 0.0296875 0.025
0 0.5296875 0.80625 0.028125 0.0234375
0 0.53984375 0.825 0.028125 0.025
0 0.51484375 0.82421875 0.028125 0.0234375
0 0.49375 0.8390625 0.028125 0.025
0 0.43515625 0.85234375 0.0328125 0.0265625
0 0.4671875 0.846875 0.03125 0.025
0 0.51875 0.8453125 0.028125 0.025
0 0.48828125 0.86015625 0.0296875 0.0234375
0 0.4640625 0.8671875 0.0265625 0.025
0 0.4453125 0.8796875 0.03125 0.025
0 0.54375 0.84609375 0.0265625 0.0234375
0 0.56640625 0.85859375 0.028125 0.025
0 0.5453125 0.87265625 0.028125 0.025
0 0.521875 0.86484375 0.028125 0.021875
0 0.49921875 0.87734375 0.025 0.025
0 0.47578125 0.88515625 0.0265625 0.028125
0 0.45625 0.89921875 0.028125 0.0265625
0 0.49921875 0.896875 0.025 0.021875
0 0.52265625 0.8890625 0.028125 0.025
0 0.5703125 0.88046875 0.028125 0.025
0 0.54765625 0.89140625 0.028125 0.025
0 0.58828125 0.8671875 0.0265625 0.025
0 0.5953125 0.88828125 0.028125 0.025
0 0.5828125 0.91015625 0.03125 0.028125
0 0.5390625 0.92734375 0.03125 0.028125
0 0.5046875 0.9171875 0.028125 0.025
0 0.47890625 0.9078125 0.025 0.025
0 0.47578125 0.93046875 0.0296875 0.025
0 0.503125 0.94296875 0.028125 0.0265625