0 0.7921875 0.20234375 0.0375 0.0375
0 0.6625 0.2921875 0.0359375 0.0390625
0 0.77734375 0.31796875 0.0328125 0.0328125
0 0.74765625 0.33203125 0.0328125 0.0328125
0 0.796875 0.48125 0.0328125 0.0328125
0 0.62578125 0.3046875 0.0359375 0.0328125
0 0.6390625 0.4515625 0.0328125 0.0328125
0 0.7625 0.5359375 0.0328125 0.03125
0 0.8125 0.5375 0.0359375 0.0328125
0 0.56875 0.25390625 0.0328125 0.034375
0 0.54375 0.2078125 0.0359375 0.034375
0 0.58671875 0.23359375 0.0328125 0.034375
0 0.4796875 0.32890625 0.0375 0.0375
0 0.62890625 0.2203125 0.0328125 0.0328125
0 0.65078125 0.20859375 0.0328125 0.034375
0 0.42890625 0.59296875 0.0328125 0.0328125
0 0.615625 0.19453125 0.034375 0.0328125
0 0.44765625 0.2359375 0.034375 0.0328125
0 0.58984375 0.20546875 0.0328125 0.0328125
0 0.58046875 0.47265625 0.034375 0.0328125
0 0.6796875 0.38125 0.0375 0.0375
0 0.340625 0.38515625 0.0328125 0.0328125
0 0.3109375 0.421875 0.0359375 0.0328125
0 0.3921875 0.3328125 0.0328125 0.0328125
0 0.44296875 0.6265625 0.034375 0.0328125
0 0.37421875 0.3625 0.0328125 0.0328125
0 0.68125 0.54375 0.0328125 0.03125
0 0.40234375 0.28125 0.0328125 0.0328125
0 0.6046875 0.46015625 0.0328125 0.034375
0 0.50078125 0.24140625 0.0328125 0.0328125
0 0.42421875 0.26171875 0.0328125 0.0328125
0 0.35234375 0.51875 0.0328125 0.0328125
0 0.34921875 0.54921875 0.0328125 0.03125
0 0.42421875 0.33515625 0.0328125 0.0328125
0 0.61171875 0.63046875 0.0359375 0.03125
0 0.36953125 0.390625 0.0328125 0.0328125
0 0.33984375 0.4171875 0.034375 0.0328125
0 0.62109375 0.4828125 0.0328125 0.0328125
0 0.47578125 0.29921875 0.0328125 0.034375
0 0.484375 0.665625 0.0328125 0.03125
0 0.32421875 0.53203125 0.034375 0.0328125
0 0.54765625 0.234375 0.0328125 0.034375
0 0.31328125 0.4609375 0.0359375 0.0328125
0 0.528125 0.25546875 0.0328125 0.0328125
0 0.77578125 0.596875 0.0328125 0.0328125
0 0.33671875 0.4515625 0.034375 0.0328125
0 0.36328125 0.44296875 0.0359375 0.0328125
0 0.40859375 0.35546875 0.0328125 0.0328125
0 0.41640625 0.30546875 0.0328125 0.0328125
0 0.51640625 0.28046875 0.0328125 0.0328125
0 0.725 0.58359375 0.0328125 0.0328125
0 0.57890625 0.52265625 0.0328125 0.0359375
0 0.4734375 0.2484375 0.0328125 0.0328125
0 0.39921875 0.37890625 0.0359375 0.0359375
0 0.60390625 0.50859375 0.0328125 0.0328125
0 0.6578125 0.52578125 0.0328125 0.0328125
0 0.78984375 0.7921875 0.0359375 0.0328125
0 0.44296875 0.3046875 0.0328125 0.0328125
0 0.3640625 0.58984375 0.0328125 0.0328125
0 0.7484375 0.62734375 0.0328125 0.0328125
0 0.32109375 0.6015625 0.0328125 0.0328125
0 0.44921875 0.27578125 0.0328125 0.0328125
0 0.70859375 0.62109375 0.0328125 0.0328125
0 0.47578125 0.27109375 0.0328125 0.0328125
0 0.62265625 0.525 0.0328125 0.03125
0 0.75 0.59140625 0.0328125 0.0328125
0 0.2640625 0.6203125 0.034375 0.034375
0 0.64453125 0.5015625 0.0328125 0.0328125
0 0.64296875 0.55 0.03125 0.03125
0 0.771875 0.72421875 0.0328125 0.03125
0 0.56484375 0.653125 0.0328125 0.0328125
0 0.615625 0.55234375 0.0328125 0.03125
0 0.3359375 0.58046875 0.0359375 0.0328125
0 0.6421875 0.5921875 0.0328125 0.0328125
0 0.621875 0.578125 0.0328125 0.0328125
0 0.746875 0.66015625 0.0328125 0.034375
0 0.67109375 0.6453125 0.0328125 0.03125
0 0.54453125 0.63671875 0.034375 0.0296875
0 0.22890625 0.653125 0.0328125 0.0328125
0 0.3140625 0.63359375 0.0328125 0.0328125
0 0.6140625 0.5984375 0.0328125 0.03125
0 0.71171875 0.6828125 0.0328125 0.0328125
0 0.50234375 0.26796875 0.0296875 0.0328125
0 0.53125 0.66328125 0.0328125 0.0328125
0 0.721875 0.65 0.0328125 0.0328125
0 0.75546875 0.78359375 0.0328125 0.0328125
0 0.7359375 0.69453125 0.0328125 0.0328125
0 0.66796875 0.67734375 0.0359375 0.0328125
0 0.6625 0.70390625 0.0328125 0.0328125
0 0.36640625 0.63046875 0.034375 0.0328125
0 0.63828125 0.69296875 0.0328125 0.0328125
0 0.55234375 0.678125 0.0328125 0.0328125
0 0.4125 0.6609375 0.0328125 0.0328125
0 0.615625 0.7125 0.03125 0.03125
0 0.27734375 0.68046875 0.0328125 0.03125
0 0.390625 0.6453125 0.0328125 0.0328125
0 0.4328125 0.67890625 0.0328125 0.0328125
0 0.60078125 0.73671875 0.03125 0.03125
0 0.30390625 0.70703125 0.03125 0.0296875
0 0.696875 0.64921875 0.0328125 0.03125
0 0.51640625 0.68515625 0.0328125 0.03125
0 0.25390625 0.64609375 0.0328125 0.0328125
0 0.6796875 0.83671875 0.0328125 0.03125
0 0.57109375 0.7390625 0.0328125 0.03125
0 0.47109375 0.8453125 0.03125 0.03125
0 0.2796875 0.653125 0.034375 0.0328125
0 0.5390625 0.7 0.0328125 0.0328125
0 0.30390625 0.6640625 0.0328125 0.0328125
0 0.47265625 0.821875 0.0328125 0.0328125
0 0.2515625 0.671875 0.03125 0.03125
0 0.56328125 0.8140625 0.03125 0.0296875
0 0.41875 0.80234375 0.0328125 0.0328125
0 0.62421875 0.82421875 0.03125 0.0328125
0 0.64765625 0.83203125 0.03125 0.0328125
0 0.6984375 0.71484375 0.0328125 0.0328125
0 0.58203125 0.76328125 0.0328125 0.0328125
0 0.44453125 0.69921875 0.0328125 0.0328125
0 0.45859375 0.721875 0.0328125 0.0328125
0 0.340625 0.6375 0.0328125 0.0328125
0 0.64140625 0.71875 0.034375 0.0328125
0 0.74453125 0.71875 0.03125 0.03125
0 0.69453125 0.81171875 0.03125 0.03125
0 0.34140625 0.76328125 0.0328125 0.0328125
0 0.4859375 0.721875 0.0328125 0.0328125
0 0.734375 0.75859375 0.0328125 0.0328125
0 0.34140625 0.7375 0.03125 0.0328125
0 0.62734375 0.74140625 0.0328125 0.0328125
0 0.49453125 0.83515625 0.0296875 0.03125
0 0.36484375 0.76953125 0.0328125 0.03125
0 0.69609375 0.73984375 0.0328125 0.0328125
0 0.5421875 0.7265625 0.0328125 0.03125
0 0.5359375 0.77734375 0.0328125 0.0328125
0 0.51484375 0.7125 0.0328125 0.03125
0 0.72265625 0.73125 0.0328125 0.0328125
0 0.66875 0.73046875 0.0328125 0.0328125
0 0.61953125 0.796875 0.03125 0.03125
0 0.47578125 0.746875 0.0328125 0.0328125
0 0.40234375 0.78203125 0.0296875 0.0296875
0 0.5109375 0.8140625 0.0296875 0.0296875
0 0.53984375 0.803125 0.03125 0.0296875
0 0.709375 0.7625 0.0328125 0.0328125
0 0.52734375 0.7515625 0.03125 0.03125
0 0.70234375 0.7875 0.03125 0.0328125
0 0.6734375 0.7859375 0.0328125 0.0328125
0 0.48125 0.7734375 0.03125 0.0328125
0 0.453125 0.771875 0.0328125 0.0328125
0 0.36015625 0.66015625 0.0328125 0.0328125
0 0.5828125 0.79921875 0.0328125 0.03125
0 0.66796875 0.81328125 0.0296875 0.03125
0 0.44609375 0.80234375 0.0296875 0.0296875
0 0.625 0.76796875 0.03125 0.03125
0 0.434375 0.72421875 0.0328125 0.0328125
0 0.64453125 0.803125 0.03125 0.0328125
0 0.72890625 0.7828125 0.0328125 0.03125
0 0.64921875 0.77734375 0.03125 0.03125
0 0.40546875 0.684375 0.0328125 0.0328125
0 0.32265625 0.6875 0.03125 0.0328125
0 0.33203125 0.6625 0.0328125 0.0328125
0 0.409375 0.71328125 0.0296875 0.0296875
0 0.5046875 0.7390625 0.0328125 0.0328125
0 0.4234375 0.74765625 0.03125 0.0328125
0 0.60234375 0.78125 0.0328125 0.0328125
0 0.38125 0.696875 0.0328125 0.0328125
0 0.6765625 0.75859375 0.0328125 0.034375
0 0.56328125 0.78125 0.0328125 0.0328125
0 0.36796875 0.74609375 0.03125 0.0328125
0 0.5546875 0.7578125 0.0328125 0.0328125
0 0.3296875 0.7109375 0.0296875 0.0296875
0 0.378125 0.72109375 0.0296875 0.0328125
0 0.65390625 0.75234375 0.0328125 0.0328125
0 0.3875 0.75859375 0.0296875 0.0296875
0 0.51171875 0.790625 0.03125 0.0296875
0 0.471875 0.7953125 0.03125 0.03125
0 0.35625 0.709375 0.03125 0.0328125
0 0.3859375 0.6703125 0.0328125 0.03125
0 0.42734375 0.775 0.0328125 0.0296875
0 0.6875 0.69140625 0.0328125 0.0328125
0 0.45078125 0.7453125 0.0328125 0.0328125
0 0.35 0.6828125 0.0328125 0.0328125
0 0.4015625 0.73671875 0.03125 0.0328125
0 0.50625 0.76875 0.0359375 0.0328125