0 0.3171875 0.25234375 0.03359375 0.03125
0 0.33828125 0.2328125 0.03125 0.0296875
0 0.42109375 0.2796875 0.03046875 0.03203125
0 0.45390625 0.171875 0.03359375 0.0296875
0 0.48828125 0.12265625 0.03046875 0.03515625
0 0.53671875 0.0875 0.0296875 0.03125
0 0.56328125 0.09765625 0.02734375 0.0296875
0 0.58984375 0.121875 0.0296875 0.0296875
0 0.61171875 0.1390625 0.0296875 0.03046875
0 0.621875 0.165625 0.03125 0.03203125
0 0.596875 0.28046875 0.03046875 0.03203125
0 0.5765625 0.3328125 0.0296875 0.03046875
0 0.853125 0.5734375 0.0328125 0.03359375
0 0.8703125 0.62421875 0.03359375 0.03125
0 0.69140625 0.6140625 0.0328125 0.03125
0 0.7328125 0.58046875 0.03203125 0.02890625
0 0.759375 0.5953125 0.0328125 0.0296875
0 0.59140625 0.3859375 0.03359375 0.0296875
0 0.56875 0.4125 0.0296875 0.0296875
0 0.59375 0.42578125 0.0296875 0.02890625
0 0.6234375 0.43359375 0.03046875 0.02890625
0 0.696875 0.48125 0.03203125 0.03125
0 0.6421875 0.459375 0.0328125 0.0296875
0 0.60234375 0.45234375 0.03046875 0.0296875
0 0.6234375 0.47890625 0.02890625 0.02890625
0 0.65 0.48828125 0.03359375 0.0296875
0 0.67890625 0.503125 0.028125 0.03046875
0 0.68125 0.5625 0.0328125 0.03125
0 0.56953125 0.46328125 0.03125 0.0296875
0 0.5921875 0.478125 0.028125 0.028125
0 0.60859375 0.503125 0.03046875 0.03125
0 0.61875 0.56171875 0.0296875 0.03125
0 0.5640625 0.49921875 0.02890625 0.03046875
0 0.59609375 0.53125 0.03046875 0.03046875
0 0.54453125 0.47734375 0.03046875 0.0296875
0 0.5296875 0.50234375 0.03046875 0.0328125
0 0.47734375 0.3703125 0.03046875 0.03203125
0 0.46796875 0.4 0.03125 0.0296875
0 0.50234375 0.4359375 0.03125 0.03046875
0 0.371875 0.33828125 0.03203125 0.03125
0 0.384375 0.41171875 0.03125 0.0328125
0 0.31875 0.459375 0.03125 0.03125
0 0.16015625 0.51875 0.03125 0.03203125
0 0.190625 0.51953125 0.03203125 0.03046875
0 0.22265625 0.4875 0.03046875 0.03125
0 0.24375 0.50546875 0.03515625 0.0296875
0 0.27734375 0.53359375 0.0296875 0.03046875
0 0.21796875 0.52734375 0.034375 0.028125
0 0.24765625 0.53515625 0.03125 0.0296875
0 0.19609375 0.5578125 0.03046875 0.03046875
0 0.2265625 0.5546875 0.0328125 0.0296875
0 0.22890625 0.58515625 0.03203125 0.0328125
0 0.31328125 0.55234375 0.03125 0.03046875
0 0.26015625 0.565625 0.03046875 0.03046875
0 0.2890625 0.56953125 0.03203125 0.02890625
0 0.3203125 0.58046875 0.0328125 0.03203125
0 0.27890625 0.596875 0.03046875 0.03125
0 0.27734375 0.63359375 0.03359375 0.03125
0 0.30625 0.60703125 0.03046875 0.03125
0 0.3359375 0.60625 0.03203125 0.0296875
0 0.375 0.61796875 0.03125 0.03046875
0 0.44921875 0.60859375 0.03125 0.03359375
0 0.34375 0.6328125 0.03203125 0.03046875
0 0.46796875 0.66171875 0.03203125 0.03125
0 0.40625 0.628125 0.03203125 0.03046875
0 0.4421875 0.64609375 0.0328125 0.0296875
0 0.3828125 0.646875 0.0296875 0.03125
0 0.41484375 0.659375 0.03359375 0.03046875
0 0.440625 0.67578125 0.03203125 0.03125
0 0.47421875 0.69921875 0.03125 0.03125
0 0.50625 0.69453125 0.03046875 0.03125
0 0.63828125 0.740625 0.03203125 0.034375
0 0.525 0.73125 0.03203125 0.03125
0 0.49140625 0.72421875 0.02890625 0.03125
0 0.39296875 0.68046875 0.03203125 0.03125
0 0.41796875 0.6953125 0.0296875 0.03046875
0 0.4453125 0.70546875 0.03125 0.03046875
0 0.4640625 0.7296875 0.03046875 0.0328125
0 0.4890625 0.75703125 0.03125 0.03671875
0 0.32890625 0.67578125 0.03125 0.03125
0 0.359375 0.68046875 0.03046875 0.0328125
0 0.36640625 0.71171875 0.03203125 0.03203125
0 0.39453125 0.715625 0.03125 0.03203125
0 0.43203125 0.73203125 0.03203125 0.03203125
0 0.45 0.7546875 0.02890625 0.03359375
0 0.29765625 0.6984375 0.03359375 0.0328125
0 0.33125 0.70546875 0.03203125 0.0296875
0 0.34609375 0.73125 0.03359375 0.0328125
0 0.3703125 0.74609375 0.0328125 0.03203125
0 0.40546875 0.74609375 0.03125 0.03203125
0 0.45390625 0.7859375 0.03125 0.03203125
0 0.41875 0.771875 0.03046875 0.03125
0 0.42421875 0.80390625 0.03359375 0.03203125
0 0.3859375 0.77109375 0.0328125 0.03125
0 0.39140625 0.8 0.03125 0.03125
0 0.28828125 0.73125 0.0328125 0.03515625
0 0.31484375 0.7828125 0.03203125 0.03046875
0 0.3578125 0.79453125 0.03203125 0.03203125
0 0.375 0.8265625 0.03125 0.03359375
0 0.33203125 0.82890625 0.03203125 0.03359375