0 0.4671875 0.515625 0.01328125 0.0109375
0 0.44375 0.5171875 0.01328125 0.0109375
0 0.50625 0.5171875 0.0125 0.01171875
0 0.47265625 0.46171875 0.0125 0.0109375
0 0.53984375 0.49140625 0.01328125 0.01171875
0 0.47578125 0.49765625 0.0125 0.01171875
0 0.44296875 0.50390625 0.0140625 0.01171875
0 0.4921875 0.5046875 0.01328125 0.01171875
0 0.48359375 0.540625 0.01328125 0.01171875
0 0.4640625 0.5046875 0.01328125 0.0109375
0 0.4984375 0.546875 0.0140625 0.01171875
0 0.4921875 0.521875 0.0125 0.01171875
0 0.4625 0.490625 0.0125 0.0109375
0 0.4921875 0.58515625 0.0140625 0.0125
0 0.4125 0.43828125 0.0125 0.01015625
0 0.428125 0.4625 0.01328125 0.0109375
0 0.51640625 0.5953125 0.0140625 0.0125
0 0.44609375 0.41953125 0.0125 0.0109375
0 0.54765625 0.5015625 0.01328125 0.01171875
0 0.51953125 0.4828125 0.0125 0.01171875
0 0.49453125 0.53203125 0.01328125 0.01171875
0 0.45625 0.53359375 0.01328125 0.01171875
0 0.4421875 0.653125 0.01484375 0.0140625
0 0.50234375 0.4421875 0.01171875 0.0109375
0 0.4671875 0.41171875 0.01171875 0.0109375
0 0.42890625 0.55625 0.0140625 0.0125
0 0.43125 0.5328125 0.01328125 0.01171875
0 0.46875 0.540625 0.01328125 0.01171875
0 0.45703125 0.4359375 0.01328125 0.0109375
0 0.4296875 0.40234375 0.0125 0.0109375
0 0.425 0.50859375 0.01328125 0.0109375
0 0.5265625 0.653125 0.0140625 0.01328125
0 0.446875 0.5734375 0.0140625 0.0125
0 0.46875 0.634375 0.01484375 0.0140625
0 0.42265625 0.41171875 0.0125 0.01015625
0 0.41875 0.49375 0.0125 0.0109375
0 0.5046875 0.48984375 0.0125 0.0109375
0 0.42578125 0.42265625 0.01328125 0.01015625
0 0.459375 0.45390625 0.01328125 0.01171875
0 0.534375 0.48125 0.0125 0.01171875
0 0.521875 0.53125 0.01328125 0.01171875
0 0.41171875 0.42421875 0.01328125 0.01015625
0 0.4546875 0.4078125 0.0125 0.0109375
0 0.503125 0.4171875 0.01171875 0.009375
0 0.43984375 0.48125 0.0125 0.0109375
0 0.4328125 0.5953125 0.0140625 0.0125
0 0.46015625 0.4265625 0.0125 0.01171875
0 0.49453125 0.68203125 0.015625 0.01484375
0 0.5078125 0.434375 0.01171875 0.01015625
0 0.47890625 0.47890625 0.0125 0.01171875
0 0.4203125 0.4515625 0.01328125 0.01171875
0 0.521875 0.6375 0.0140625 0.01484375
0 0.528125 0.6234375 0.0140625 0.01328125
0 0.4359375 0.565625 0.01328125 0.0125
0 0.4359375 0.43515625 0.0125 0.0109375
0 0.44765625 0.49453125 0.01328125 0.01171875
0 0.4359375 0.49296875 0.0125 0.0109375
0 0.46015625 0.39765625 0.01171875 0.01015625
0 0.45234375 0.58515625 0.0140625 0.0125
0 0.44375 0.41171875 0.01328125 0.01015625
0 0.459375 0.4796875 0.01328125 0.0109375
0 0.478125 0.4015625 0.01171875 0.01015625
0 0.47421875 0.68203125 0.01484375 0.01484375
0 0.49140625 0.41484375 0.0125 0.01015625
0 0.4859375 0.625 0.01484375 0.01328125
0 0.43515625 0.63984375 0.0140625 0.01328125
0 0.50859375 0.58515625 0.01328125 0.0125
0 0.4984375 0.696875 0.01484375 0.0140625
0 0.44453125 0.44609375 0.01328125 0.0109375
0 0.4125 0.40390625 0.01328125 0.01015625
0 0.41796875 0.55 0.01328125 0.01171875
0 0.45859375 0.65703125 0.01484375 0.01328125
0 0.44609375 0.67421875 0.0140625 0.0140625
0 0.43828125 0.62734375 0.0140625 0.01328125
0 0.478125 0.56484375 0.01328125 0.01171875
0 0.43671875 0.6078125 0.0140625 0.0125
0 0.48671875 0.6703125 0.01484375 0.0140625
0 0.52734375 0.47109375 0.01328125 0.01171875
0 0.45234375 0.553125 0.01328125 0.0125
0 0.4546875 0.46484375 0.01328125 0.01171875
0 0.459375 0.68046875 0.0140625 0.0140625
0 0.44140625 0.70234375 0.015625 0.01484375
0 0.5375 0.665625 0.01484375 0.01484375
0 0.63359375 0.5484375 0.01484375 0.0125
0 0.45078125 0.59609375 0.0140625 0.01171875
0 0.5109375 0.475 0.0125 0.01171875
0 0.47265625 0.6203125 0.0140625 0.01328125
0 0.42265625 0.3953125 0.01328125 0.01015625
0 0.4234375 0.43203125 0.01328125 0.01171875
0 0.421875 0.58671875 0.01328125 0.01328125
0 0.4828125 0.69609375 0.01484375 0.0140625
0 0.46875 0.64765625 0.01484375 0.01484375
0 0.66875 0.5515625 0.01484375 0.0125
0 0.46484375 0.57265625 0.0140625 0.01328125
0 0.49375 0.6359375 0.01484375 0.01328125
0 0.45078125 0.62109375 0.01484375 0.01328125
0 0.440625 0.46640625 0.01484375 0.01328125
0 0.45625 0.56484375 0.01484375 0.01328125
0 0.4953125 0.7125 0.015625 0.01484375
0 0.4875 0.5734375 0.0140625 0.01328125
0 0.4984375 0.65 0.01640625 0.015625
0 0.66015625 0.5375 0.0140625 0.0125
0 0.6375 0.559375 0.0140625 0.0125
0 0.4546875 0.64609375 0.0140625 0.0125
0 0.46875 0.55703125 0.01328125 0.01328125
0 0.46875 0.59453125 0.0140625 0.01171875
0 0.42890625 0.61953125 0.0140625 0.01328125
0 0.5921875 0.5140625 0.0125 0.0109375
0 0.48359375 0.6125 0.0140625 0.01328125
0 0.46640625 0.6671875 0.01484375 0.0140625
0 0.52578125 0.6859375 0.01484375 0.01484375
0 0.453125 0.38203125 0.01171875 0.009375
0 0.5375 0.4203125 0.01171875 0.01015625
0 0.45078125 0.634375 0.0140625 0.01328125
0 0.453125 0.69453125 0.0140625 0.01328125
0 0.46796875 0.696875 0.01484375 0.01484375
0 0.46328125 0.71171875 0.01484375 0.0140625
0 0.48203125 0.6 0.0140625 0.0140625
0 0.56875 0.44140625 0.01171875 0.01015625
0 0.52109375 0.46328125 0.01328125 0.01171875
0 0.44921875 0.47421875 0.0140625 0.0109375
0 0.43671875 0.38203125 0.01328125 0.009375
0 0.48125 0.709375 0.01484375 0.015625
0 0.5984375 0.50078125 0.0125 0.01171875
0 0.64765625 0.5203125 0.0140625 0.01171875
0 0.47265625 0.38046875 0.01171875 0.01015625
0 0.5796875 0.4296875 0.01171875 0.01015625
0 0.675 0.5640625 0.01328125 0.01328125
0 0.5453125 0.4 0.01171875 0.01015625
0 0.4109375 0.41484375 0.01171875 0.01015625
0 0.45859375 0.44375 0.01328125 0.009375
0 0.34375 0.4921875 0.0125 0.0109375
0 0.3140625 0.50546875 0.01328125 0.01171875
0 0.478125 0.74296875 0.015625 0.015625
0 0.48046875 0.7609375 0.015625 0.0171875
0 0.33359375 0.5875 0.01484375 0.0125
0 0.5109375 0.6125 0.01328125 0.0125
0 0.6234375 0.64453125 0.01484375 0.015625
0 0.44609375 0.4203125 0.01171875 0.009375
0 0.43203125 0.45234375 0.0109375 0.01171875
0 0.42578125 0.4421875 0.01171875 0.0109375
0 0.44453125 0.45703125 0.0125 0.01015625
0 0.4671875 0.58359375 0.0140625 0.01171875
0 0.4703125 0.6078125 0.01328125 0.01171875
0 0.45625 0.60625 0.01328125 0.0125