0 0.24453125 0.32734375 0.0359375 0.0328125
0 0.2640625 0.24609375 0.0296875 0.0328125
0 0.3046875 0.315625 0.03125 0.0296875
0 0.33125 0.2859375 0.03125 0.03125
0 0.36015625 0.3359375 0.0296875 0.0296875
0 0.38828125 0.31953125 0.0296875 0.0296875
0 0.4421875 0.33203125 0.0296875 0.0296875
0 0.53203125 0.35546875 0.0265625 0.0265625
0 0.56015625 0.365625 0.0296875 0.0296875
0 0.5859375 0.38828125 0.0265625 0.0265625
0 0.59609375 0.3609375 0.0296875 0.0265625
0 0.615625 0.378125 0.0296875 0.0265625
0 0.4109375 0.5484375 0.0296875 0.0296875
0 0.28828125 0.36640625 0.0296875 0.0265625
0 0.309375 0.3859375 0.0265625 0.028125
0 0.334375 0.3921875 0.0265625 0.0296875
0 0.3546875 0.375 0.0234375 0.025
0 0.35703125 0.4015625 0.0265625 0.0265625
0 0.3828125 0.39609375 0.0265625 0.0296875
0 0.37890625 0.3640625 0.0265625 0.0328125
0 0.4046875 0.36796875 0.0265625 0.0265625
0 0.4078125 0.39609375 0.0265625 0.0296875
0 0.428125 0.37734375 0.025 0.0265625
0 0.4328125 0.40234375 0.0265625 0.025
0 0.45234375 0.38515625 0.0265625 0.0265625
0 0.46171875 0.359375 0.0265625 0.028125
0 0.48359375 0.34296875 0.0265625 0.025
0 0.48515625 0.36875 0.025 0.0265625
0 0.51015625 0.37109375 0.0265625 0.0296875
0 0.50859375 0.3984375 0.0265625 0.0265625
0 0.484375 0.41015625 0.025 0.025
0 0.459375 0.4125 0.0265625 0.0265625
0 0.4390625 0.4265625 0.0265625 0.0265625
0 0.4140625 0.425 0.0265625 0.0265625
0 0.38984375 0.42421875 0.0265625 0.0265625
0 0.35859375 0.4265625 0.0265625 0.025
0 0.35234375 0.45 0.028125 0.0265625
0 0.3703125 0.46796875 0.028125 0.0265625
0 0.38984375 0.45078125 0.028125 0.0265625
0 0.40390625 0.4765625 0.03125 0.0265625
0 0.42109375 0.45078125 0.0265625 0.028125
0 0.44609375 0.4578125 0.0265625 0.0296875
0 0.46640625 0.43671875 0.0265625 0.0265625
0 0.4703125 0.46328125 0.0265625 0.0265625
0 0.496875 0.440625 0.0265625 0.0265625
0 0.49609375 0.46875 0.0265625 0.028125
0 0.5171875 0.45390625 0.025 0.025
0 0.53984375 0.44765625 0.025 0.025
0 0.53203125 0.42265625 0.0265625 0.0265625
0 0.53671875 0.39609375 0.0265625 0.0296875
0 0.56171875 0.40078125 0.0265625 0.0265625
0 0.56328125 0.425 0.0265625 0.0265625
0 0.59453125 0.409375 0.025 0.025
0 0.6203125 0.40546875 0.028125 0.0265625
0 0.65703125 0.4140625 0.0265625 0.0265625
0 0.6359375 0.425 0.0265625 0.0296875
0 0.61953125 0.4390625 0.0265625 0.025
0 0.59609375 0.43359375 0.0265625 0.0265625
0 0.57734375 0.45078125 0.025 0.0265625
0 0.6 0.4625 0.0265625 0.0265625
0 0.5734375 0.48671875 0.025 0.0265625
0 0.55625 0.465625 0.0265625 0.0265625
0 0.53203125 0.4734375 0.0265625 0.0265625
0 0.55 0.49296875 0.0265625 0.0265625
0 0.51171875 0.4859375 0.0265625 0.0265625
0 0.49453125 0.509375 0.028125 0.0265625
0 0.484375 0.53984375 0.0296875 0.028125
0 0.521875 0.51015625 0.0296875 0.0265625
0 0.52109375 0.5390625 0.028125 0.028125
0 0.54765625 0.5828125 0.0328125 0.0265625
0 0.5453125 0.546875 0.0265625 0.0265625
0 0.55078125 0.51875 0.0265625 0.0265625
0 0.584375 0.53046875 0.0265625 0.0265625
0 0.59140625 0.50078125 0.0265625 0.028125
0 0.615625 0.4875 0.0265625 0.0265625
0 0.6359375 0.46875 0.028125 0.0296875
0 0.6609375 0.44375 0.0265625 0.0265625
0 0.6625 0.47265625 0.0265625 0.0265625
0 0.5890625 0.59375 0.0296875 0.0296875
0 0.57265625 0.55 0.0265625 0.0265625
0 0.596875 0.553125 0.0265625 0.028125
0 0.6328125 0.52109375 0.0265625 0.0265625
0 0.6453125 0.496875 0.0296875 0.0265625
0 0.675 0.4984375 0.0265625 0.0265625
0 0.621875 0.5484375 0.0265625 0.0265625
0 0.6484375 0.5421875 0.0265625 0.0265625
0 0.66875 0.53125 0.0265625 0.0265625
0 0.69375 0.5328125 0.0265625 0.0296875
0 0.68125 0.565625 0.0296875 0.0265625
0 0.65234375 0.58984375 0.028125 0.0296875
0 0.5375 0.66484375 0.0296875 0.0296875
0 0.66953125 0.61171875 0.0265625 0.0265625
0 0.628125 0.73046875 0.028125 0.0296875
0 0.59375 0.65546875 0.0296875 0.0296875
0 0.6484375 0.7625 0.0296875 0.0296875
0 0.6609375 0.6765625 0.028125 0.0296875
0 0.6890625 0.5953125 0.028125 0.0265625
0 0.74453125 0.57890625 0.028125 0.0296875
0 0.6828125 0.77109375 0.0296875 0.0296875
0 0.72734375 0.7671875 0.028125 0.0265625