0 0.46953125 0.46171875 0.0265625 0.0328125
0 0.46875 0.49609375 0.0265625 0.03125
0 0.45390625 0.42265625 0.0265625 0.03125
0 0.48359375 0.27734375 0.0265625 0.034375
0 0.49921875 0.32109375 0.0265625 0.0328125
0 0.54296875 0.29375 0.0265625 0.0359375
0 0.66328125 0.22734375 0.028125 0.0359375
0 0.571875 0.284375 0.0265625 0.0359375
0 0.6296875 0.35703125 0.0265625 0.0328125
0 0.60390625 0.378125 0.0234375 0.03125
0 0.56953125 0.40390625 0.0234375 0.0328125
0 0.5265625 0.43125 0.025 0.03125
0 0.540625 0.46171875 0.025 0.0359375
0 0.5984375 0.46171875 0.025 0.0328125
0 0.578125 0.46328125 0.0203125 0.034375
0 0.57578125 0.49453125 0.0234375 0.0296875
0 0.6640625 0.53828125 0.03125 0.0359375
0 0.771875 0.4390625 0.0296875 0.0359375
0 0.69375 0.43359375 0.0265625 0.0328125
0 0.721875 0.47109375 0.0296875 0.0359375
0 0.759375 0.48984375 0.0296875 0.0328125
0 0.7828125 0.5140625 0.028125 0.0359375
0 0.80703125 0.5578125 0.0265625 0.0328125
0 0.78046875 0.625 0.0265625 0.0359375
0 0.76875 0.6578125 0.0265625 0.0328125
0 0.74453125 0.67734375 0.028125 0.0359375
0 0.77265625 0.875 0.0265625 0.0359375
0 0.746875 0.859375 0.0265625 0.0359375
0 0.7109375 0.89296875 0.0265625 0.034375
0 0.6859375 0.790625 0.0265625 0.0359375
0 0.628125 0.83046875 0.0265625 0.03125
0 0.6109375 0.73828125 0.0265625 0.0328125
0 0.62734375 0.7609375 0.025 0.0328125
0 0.634375 0.63828125 0.0265625 0.0328125
0 0.6109375 0.6015625 0.0234375 0.0328125
0 0.59921875 0.6203125 0.025 0.0328125
0 0.5859375 0.6484375 0.025 0.0359375
0 0.52734375 0.5890625 0.0234375 0.0328125
0 0.5546875 0.59375 0.025 0.0328125
0 0.559375 0.63203125 0.0265625 0.0328125
0 0.5578125 0.734375 0.0265625 0.0359375
0 0.52109375 0.73046875 0.0234375 0.0328125
0 0.49765625 0.734375 0.028125 0.0328125
0 0.46484375 0.58828125 0.025 0.0296875
0 0.44921875 0.71640625 0.0234375 0.0328125
0 0.42890625 0.5953125 0.0234375 0.0296875
0 0.43046875 0.4921875 0.0203125 0.0296875
0 0.4109375 0.509375 0.025 0.028125
0 0.3953125 0.53984375 0.025 0.03125
0 0.45 0.2609375 0.0234375 0.0328125
0 0.41875 0.2859375 0.025 0.0296875
0 0.4078125 0.33828125 0.021875 0.0296875
0 0.38359375 0.31171875 0.0234375 0.0296875
0 0.37265625 0.33828125 0.0234375 0.0328125
0 0.36875 0.36796875 0.021875 0.0328125
0 0.3890625 0.38203125 0.025 0.034375
0 0.34453125 0.38359375 0.0234375 0.03125
0 0.34609375 0.43203125 0.0234375 0.0296875
0 0.31484375 0.5515625 0.0234375 0.0328125
0 0.34765625 0.6421875 0.025 0.0328125
0 0.31953125 0.646875 0.0234375 0.03125
0 0.31484375 0.60390625 0.0265625 0.0296875
0 0.3 0.62890625 0.0234375 0.03125
0 0.29921875 0.66328125 0.0234375 0.03125
0 0.31015625 0.71796875 0.021875 0.034375
0 0.28828125 0.7125 0.0234375 0.028125
0 0.2703125 0.68125 0.0234375 0.0328125
0 0.26640625 0.59140625 0.0234375 0.028125
0 0.26171875 0.628125 0.0234375 0.0328125
0 0.459375 0.0859375 0.025 0.0359375
0 0.42890625 0.1015625 0.025 0.0328125
0 0.3953125 0.1859375 0.021875 0.0296875
0 0.39921875 0.14765625 0.025 0.0328125
0 0.39375 0.09140625 0.0234375 0.0265625
0 0.3734375 0.0796875 0.0203125 0.0328125
0 0.34765625 0.0828125 0.0234375 0.0296875
0 0.33515625 0.178125 0.0203125 0.0296875
0 0.32109375 0.10546875 0.01875 0.0265625
0 0.31171875 0.13125 0.0203125 0.028125
0 0.32421875 0.1546875 0.0203125 0.0296875
0 0.35 0.1234375 0.0234375 0.0328125
0 0.29375 0.115625 0.021875 0.0296875
0 0.2921875 0.1484375 0.0203125 0.0296875
0 0.3 0.1765625 0.0234375 0.0296875
0 0.2890625 0.2375 0.0234375 0.0296875
0 0.2546875 0.19140625 0.0234375 0.0296875
0 0.3109375 0.2390625 0.021875 0.0296875
0 0.26015625 0.2640625 0.025 0.03125
0 0.3046875 0.275 0.021875 0.0265625
0 0.30078125 0.3015625 0.0203125 0.0296875
0 0.28828125 0.321875 0.0203125 0.0296875
0 0.20078125 0.49140625 0.0234375 0.0296875
0 0.25625 0.425 0.0203125 0.03125
0 0.2828125 0.35078125 0.0234375 0.0296875
0 0.2640625 0.3015625 0.0234375 0.03125
0 0.253125 0.35625 0.0234375 0.0328125
0 0.20078125 0.29765625 0.0234375 0.03125
0 0.171875 0.340625 0.0234375 0.0328125
0 0.153125 0.43515625 0.0234375 0.03125