0 0.6515625 0.40546875 0.0125 0.01875
0 0.64140625 0.41015625 0.0125 0.015625
0 0.61484375 0.43671875 0.0125 0.015625
0 0.62890625 0.39375 0.0125 0.015625
0 0.64140625 0.49375 0.0140625 0.0140625
0 0.63203125 0.48515625 0.0140625 0.0140625
0 0.64453125 0.5078125 0.0140625 0.0171875
0 0.65234375 0.53515625 0.0140625 0.0171875
0 0.63125 0.5625 0.0125 0.015625
0 0.6421875 0.55234375 0.0125 0.0140625
0 0.634375 0.58203125 0.0125 0.0171875
0 0.603125 0.58515625 0.0140625 0.0171875
0 0.6171875 0.5703125 0.0125 0.015625
0 0.5890625 0.44375 0.0125 0.0140625
0 0.59375 0.415625 0.0125 0.0171875
0 0.58203125 0.45234375 0.0125 0.0171875
0 0.59609375 0.540625 0.0140625 0.0140625
0 0.58671875 0.49609375 0.0125 0.0140625
0 0.571875 0.50234375 0.0140625 0.0140625
0 0.56640625 0.571875 0.0109375 0.015625
0 0.575 0.61640625 0.0140625 0.0140625
0 0.56484375 0.6078125 0.0125 0.0140625
0 0.55859375 0.57109375 0.0125 0.0171875
0 0.5578125 0.55625 0.0140625 0.015625
0 0.5765625 0.51171875 0.0125 0.0140625
0 0.56875 0.48984375 0.0125 0.015625
0 0.56015625 0.45234375 0.015625 0.0171875
0 0.55703125 0.49609375 0.0140625 0.0140625
0 0.55234375 0.51171875 0.0140625 0.0171875
0 0.540625 0.57109375 0.0140625 0.0140625
0 0.5515625 0.59453125 0.0140625 0.015625
0 0.584375 0.6703125 0.0125 0.0140625
0 0.5484375 0.6484375 0.0140625 0.0140625
0 0.53515625 0.64375 0.0125 0.0140625
0 0.534375 0.5828125 0.0125 0.0171875
0 0.53984375 0.5140625 0.0140625 0.0140625
0 0.5421875 0.4515625 0.0140625 0.015625
0 0.53359375 0.446875 0.0125 0.015625
0 0.5109375 0.45390625 0.0140625 0.015625
0 0.5109375 0.51171875 0.0125 0.0140625
0 0.4953125 0.50859375 0.0140625 0.0140625
0 0.5078125 0.5703125 0.0125 0.0140625
0 0.509375 0.55390625 0.015625 0.015625
0 0.5 0.58671875 0.0140625 0.0140625
0 0.4921875 0.55546875 0.0140625 0.0140625
0 0.48359375 0.5453125 0.0140625 0.0171875
0 0.4765625 0.53125 0.015625 0.015625
0 0.50859375 0.6515625 0.0125 0.01875
0 0.51796875 0.63203125 0.0125 0.0171875
0 0.49140625 0.659375 0.0125 0.0140625
0 0.47578125 0.625 0.0140625 0.015625
0 0.47734375 0.6484375 0.0125 0.0140625
0 0.4625 0.6375 0.0125 0.0140625
0 0.45859375 0.62421875 0.0125 0.015625
0 0.45703125 0.6109375 0.0140625 0.015625
0 0.4671875 0.60546875 0.0140625 0.0140625
0 0.44609375 0.6046875 0.0125 0.0140625
0 0.4484375 0.58203125 0.0140625 0.0140625
0 0.4890625 0.73828125 0.0125 0.0140625
0 0.475 0.7328125 0.0140625 0.0171875
0 0.45703125 0.7375 0.0125 0.0140625
0 0.4625 0.7109375 0.0125 0.015625
0 0.4625 0.69453125 0.0125 0.0171875
0 0.446875 0.7453125 0.0140625 0.0140625
0 0.434375 0.74375 0.0140625 0.0171875
0 0.421875 0.7359375 0.0125 0.0171875
0 0.4171875 0.72265625 0.0125 0.0140625
0 0.42421875 0.7125 0.0140625 0.0171875
0 0.43203125 0.69921875 0.015625 0.015625
0 0.4375 0.72421875 0.0125 0.015625
0 0.40703125 0.7328125 0.0140625 0.0140625
0 0.409375 0.715625 0.0125 0.015625
0 0.4140625 0.70234375 0.0125 0.0140625
0 0.390625 0.6953125 0.0140625 0.0140625
0 0.421875 0.67109375 0.0125 0.015625
0 0.4203125 0.64296875 0.0140625 0.0140625
0 0.4109375 0.67421875 0.0125 0.0171875
0 0.42109375 0.6546875 0.0140625 0.0140625
0 0.41328125 0.634375 0.0140625 0.015625
0 0.4125 0.6203125 0.0140625 0.0140625
0 0.39765625 0.6609375 0.0125 0.0171875
0 0.4015625 0.64375 0.015625 0.0171875
0 0.39765625 0.6171875 0.0140625 0.0140625
0 0.365625 0.6453125 0.015625 0.0171875
0 0.3515625 0.625 0.0125 0.0171875
0 0.34453125 0.57734375 0.015625 0.0171875
0 0.40078125 0.5828125 0.0140625 0.0171875
0 0.37421875 0.55078125 0.0125 0.0171875
0 0.43125 0.4484375 0.0125 0.0171875
0 0.44296875 0.4453125 0.0140625 0.0140625
0 0.44453125 0.48125 0.015625 0.015625
0 0.45859375 0.48359375 0.015625 0.0171875
0 0.43359375 0.4875 0.0140625 0.015625
0 0.4203125 0.46171875 0.0140625 0.0171875
0 0.434375 0.47109375 0.015625 0.0171875
0 0.43984375 0.5 0.0140625 0.0140625
0 0.4375 0.52421875 0.0140625 0.015625
0 0.41328125 0.5046875 0.0140625 0.0140625
0 0.4140625 0.4875 0.015625 0.015625