0 0.32109375 0.10078125 0.0328125 0.0359375
0 0.34921875 0.0765625 0.03515625 0.034375
0 0.31953125 0.13515625 0.03125 0.03515625
0 0.36328125 0.12109375 0.034375 0.03828125
0 0.39765625 0.165625 0.03203125 0.03359375
0 0.40703125 0.2046875 0.03203125 0.0421875
0 0.34453125 0.153125 0.03125 0.03359375
0 0.36015625 0.18203125 0.034375 0.03125
0 0.37421875 0.215625 0.03125 0.03828125
0 0.28671875 0.1421875 0.03359375 0.03671875
0 0.28359375 0.1796875 0.03359375 0.0328125
0 0.31484375 0.17109375 0.03203125 0.03515625
0 0.33046875 0.1984375 0.03046875 0.03359375
0 0.2984375 0.21015625 0.03359375 0.03046875
0 0.3109375 0.23828125 0.0265625 0.034375
0 0.34375 0.234375 0.03125 0.0375
0 0.3953125 0.24609375 0.03125 0.03671875
0 0.278125 0.25 0.0359375 0.0359375
0 0.29921875 0.27734375 0.03359375 0.03359375
0 0.3296875 0.26953125 0.034375 0.03359375
0 0.36328125 0.2609375 0.0359375 0.03125
0 0.4375 0.31484375 0.034375 0.034375
0 0.39140625 0.28046875 0.03515625 0.03359375
0 0.42734375 0.28203125 0.03671875 0.03359375
0 0.40625 0.31484375 0.034375 0.034375
0 0.35234375 0.2953125 0.03359375 0.03359375
0 0.371875 0.321875 0.034375 0.034375
0 0.3203125 0.30546875 0.028125 0.03203125
0 0.34140625 0.32890625 0.0328125 0.03359375
0 0.26328125 0.28984375 0.0359375 0.034375
0 0.28984375 0.31171875 0.03125 0.03359375
0 0.3109375 0.3375 0.03203125 0.03515625
0 0.33203125 0.3671875 0.03203125 0.0375
0 0.36328125 0.35625 0.03125 0.0359375
0 0.396875 0.3484375 0.034375 0.0359375
0 0.3859375 0.38203125 0.03671875 0.03515625
0 0.353125 0.39375 0.03359375 0.03515625
0 0.27890625 0.34765625 0.03046875 0.03203125
0 0.26953125 0.37421875 0.03046875 0.028125
0 0.3015625 0.3703125 0.0296875 0.03203125
0 0.2578125 0.40390625 0.03125 0.03359375
0 0.28984375 0.4015625 0.03125 0.03125
0 0.3203125 0.39921875 0.03046875 0.03203125
0 0.37265625 0.41953125 0.0328125 0.034375
0 0.27421875 0.4328125 0.02890625 0.03203125
0 0.30390625 0.4328125 0.03203125 0.03046875
0 0.3375 0.43125 0.0296875 0.034375
0 0.25625 0.4625 0.034375 0.034375
0 0.28984375 0.46328125 0.03125 0.0328125
0 0.321875 0.46328125 0.0328125 0.0359375
0 0.27421875 0.49453125 0.03203125 0.03515625
0 0.30625 0.49453125 0.03359375 0.03203125
0 0.371875 0.48359375 0.03515625 0.0375
0 0.3875 0.45078125 0.034375 0.03359375
0 0.4125 0.4203125 0.034375 0.03671875
0 0.42421875 0.3859375 0.0359375 0.0328125
0 0.42890625 0.3515625 0.03359375 0.034375
0 0.46484375 0.34140625 0.03515625 0.034375
0 0.4578125 0.3765625 0.03359375 0.0328125
0 0.46875 0.4109375 0.03359375 0.03359375
0 0.4921875 0.4421875 0.03671875 0.0390625
0 0.50546875 0.40703125 0.03515625 0.03671875
0 0.459375 0.44765625 0.0328125 0.034375
0 0.42734375 0.4640625 0.03203125 0.03359375
0 0.4578125 0.4828125 0.03203125 0.0328125
0 0.490625 0.4765625 0.03359375 0.03359375
0 0.52578125 0.48828125 0.03828125 0.0375
0 0.5625 0.50078125 0.03828125 0.0265625
0 0.5625 0.52578125 0.03515625 0.0359375
0 0.59609375 0.5296875 0.03203125 0.03828125
0 0.4875 0.5328125 0.03515625 0.03515625
0 0.46328125 0.51875 0.03125 0.03203125
0 0.42578125 0.52265625 0.034375 0.0375
0 0.38984375 0.553125 0.03359375 0.034375
0 0.359375 0.5375 0.03203125 0.0328125
0 0.315625 0.52578125 0.03359375 0.03046875
0 0.33203125 0.55625 0.03515625 0.03125
0 0.35625 0.578125 0.03515625 0.03359375
0 0.2953125 0.56171875 0.03359375 0.03515625
0 0.3171875 0.58515625 0.03046875 0.0328125
0 0.271875 0.58828125 0.03125 0.03203125
0 0.28671875 0.62109375 0.0328125 0.0328125
0 0.23515625 0.6 0.0359375 0.03203125
0 0.2375 0.63515625 0.03515625 0.03359375
0 0.2296875 0.6875 0.03203125 0.03671875
0 0.25859375 0.67109375 0.0328125 0.03515625
0 0.29296875 0.67421875 0.03515625 0.0359375
0 0.32890625 0.68046875 0.0328125 0.034375
0 0.30859375 0.64296875 0.03046875 0.034375
0 0.32890625 0.61640625 0.03046875 0.03203125
0 0.34921875 0.64609375 0.03203125 0.0328125
0 0.35859375 0.61171875 0.0296875 0.03046875
0 0.38359375 0.63828125 0.0359375 0.03515625
0 0.39453125 0.60546875 0.0328125 0.03125
0 0.42890625 0.60546875 0.034375 0.034375
0 0.42578125 0.5671875 0.034375 0.0359375
0 0.4609375 0.5671875 0.03046875 0.03671875
0 0.46484375 0.6046875 0.03671875 0.03671875
0 0.625 0.62890625 0.03828125 0.03984375
0 0.553125 0.56640625 0.04140625 0.0390625
0 0.58671875 0.62734375 0.03671875 0.0390625
0 0.521875 0.675 0.03671875 0.0390625
0 0.55078125 0.61796875 0.0375 0.0375
0 0.51484375 0.6375 0.034375 0.0359375
0 0.48515625 0.66171875 0.03671875 0.03515625
0 0.36796875 0.70546875 0.03359375 0.034375
0 0.40078125 0.69609375 0.0328125 0.034375
0 0.47421875 0.69609375 0.034375 0.03515625
0 0.43046875 0.66484375 0.0359375 0.034375
0 0.43984375 0.7 0.03125 0.03203125
0 0.428125 0.734375 0.0359375 0.03359375
0 0.46328125 0.7296875 0.03515625 0.03515625
0 0.43359375 0.784375 0.034375 0.034375
0 0.459375 0.765625 0.0390625 0.03671875
0 0.4015625 0.753125 0.0328125 0.03515625
0 0.396875 0.78671875 0.03515625 0.0328125
0 0.3703125 0.76953125 0.02578125 0.03515625
0 0.3421875 0.7671875 0.03125 0.034375
0 0.32109375 0.771875 0.0265625 0.0375
0 0.275 0.76328125 0.03046875 0.034375
0 0.25234375 0.77578125 0.0296875 0.0359375
0 0.29609375 0.7828125 0.03125 0.034375
0 0.2953125 0.81875 0.02890625 0.0359375
0 0.32421875 0.809375 0.034375 0.03671875
0 0.35546875 0.803125 0.0328125 0.03359375
0 0.384375 0.82109375 0.03203125 0.03359375
0 0.41796875 0.81875 0.03515625 0.034375
0 0.3296875 0.8421875 0.0328125 0.0328125
0 0.3578125 0.840625 0.02890625 0.03828125
0 0.371875 0.8546875 0.02734375 0.028125
0 0.4015625 0.853125 0.03125 0.03359375
0 0.434375 0.86953125 0.03515625 0.0359375
0 0.31640625 0.871875 0.03046875 0.03515625
0 0.35 0.8796875 0.03125 0.03515625
0 0.38203125 0.8875 0.03359375 0.034375
0 0.4140625 0.89765625 0.0328125 0.03828125
0 0.35625 0.91640625 0.02578125 0.03359375
0 0.38515625 0.9234375 0.03359375 0.034375
0 0.365625 0.95 0.03125 0.03203125
0 0.3984375 0.9609375 0.03359375 0.0375
0 0.36796875 0.03671875 0.034375 0.03984375