0 0.76171875 0.62890625 0.01640625 0.021875
0 0.7296875 0.67421875 0.01796875 0.0234375
0 0.61640625 0.71953125 0.01640625 0.01875
0 0.46484375 0.69453125 0.01640625 0.01953125
0 0.48203125 0.67734375 0.01953125 0.021875
0 0.49453125 0.6828125 0.015625 0.0171875
0 0.51953125 0.6828125 0.0171875 0.01875
0 0.5625 0.68828125 0.0140625 0.01640625
0 0.5375 0.68203125 0.01328125 0.01796875
0 0.57734375 0.6828125 0.015625 0.0171875
0 0.553125 0.6765625 0.01328125 0.01640625
0 0.59296875 0.678125 0.01328125 0.0171875
0 0.56640625 0.66796875 0.01484375 0.0171875
0 0.58359375 0.66328125 0.01328125 0.01875
0 0.54140625 0.66796875 0.01640625 0.01953125
0 0.55546875 0.659375 0.01484375 0.0171875
0 0.5265625 0.6578125 0.015625 0.01953125
0 0.51015625 0.66640625 0.01796875 0.01796875
0 0.515625 0.6484375 0.01875 0.01796875
0 0.57109375 0.65078125 0.01484375 0.015625
0 0.5609375 0.6375 0.015625 0.0203125
0 0.54453125 0.6484375 0.01875 0.0171875
0 0.53125 0.64140625 0.0171875 0.01796875
0 0.53203125 0.6234375 0.0171875 0.0171875
0 0.50625 0.62421875 0.01640625 0.02109375
0 0.5203125 0.6078125 0.01796875 0.01796875
0 0.49453125 0.615625 0.01640625 0.01796875
0 0.50546875 0.59296875 0.0171875 0.01953125
0 0.48125 0.5984375 0.01640625 0.01796875
0 0.6234375 0.57734375 0.01640625 0.01796875
0 0.58984375 0.55390625 0.0140625 0.01484375
0 0.57578125 0.5453125 0.0171875 0.01640625
0 0.63203125 0.5296875 0.01796875 0.01953125
0 0.571875 0.4984375 0.01640625 0.02109375
0 0.44765625 0.64453125 0.01640625 0.01875
0 0.43046875 0.646875 0.0171875 0.01875
0 0.43828125 0.62890625 0.01953125 0.0171875
0 0.41796875 0.63203125 0.0171875 0.01953125
0 0.4046875 0.6171875 0.01953125 0.0203125
0 0.43125 0.6109375 0.01796875 0.02109375
0 0.4484375 0.6046875 0.0171875 0.01796875
0 0.4140625 0.60390625 0.015625 0.01875
0 0.403125 0.58984375 0.01640625 0.01875
0 0.38984375 0.57890625 0.01875 0.01953125
0 0.4171875 0.5859375 0.01953125 0.01796875
0 0.43671875 0.5828125 0.015625 0.0171875
0 0.45859375 0.5796875 0.01796875 0.01953125
0 0.4640625 0.56171875 0.01640625 0.01640625
0 0.4453125 0.5671875 0.0171875 0.01796875
0 0.42734375 0.56875 0.0171875 0.01875
0 0.40859375 0.5703125 0.01796875 0.01953125
0 0.38046875 0.5546875 0.0171875 0.01875
0 0.4 0.55 0.015625 0.0203125
0 0.41796875 0.553125 0.01640625 0.0171875
0 0.43515625 0.5515625 0.0140625 0.01484375
0 0.45078125 0.54765625 0.015625 0.01640625
0 0.43984375 0.534375 0.01640625 0.0171875
0 0.40703125 0.5328125 0.01875 0.01875
0 0.440625 0.5171875 0.015625 0.01640625
0 0.45390625 0.50625 0.01484375 0.01796875
0 0.421875 0.51953125 0.01796875 0.015625
0 0.40625 0.5125 0.01640625 0.01796875
0 0.3859375 0.51015625 0.01640625 0.01875
0 0.42109375 0.5 0.0171875 0.01796875
0 0.40625 0.490625 0.0171875 0.0171875
0 0.38515625 0.48671875 0.01875 0.0171875
0 0.425 0.48125 0.0171875 0.01796875
0 0.4421875 0.4734375 0.01640625 0.01953125
0 0.4171875 0.4625 0.01640625 0.0203125
0 0.396875 0.46640625 0.0171875 0.01875
0 0.37890625 0.46328125 0.01875 0.02109375
0 0.38046875 0.4359375 0.01640625 0.01796875
0 0.39609375 0.421875 0.0171875 0.01875
0 0.378125 0.41484375 0.01796875 0.0171875
0 0.378125 0.39375 0.0171875 0.01875
0 0.396875 0.4015625 0.01640625 0.01953125
0 0.41484375 0.40390625 0.01640625 0.01953125
0 0.42421875 0.390625 0.0171875 0.01875
0 0.40625 0.3859375 0.0171875 0.01875
0 0.3890625 0.375 0.01796875 0.01796875
0 0.35703125 0.3734375 0.02109375 0.0203125
0 0.40625 0.36484375 0.01796875 0.01953125
0 0.42734375 0.36171875 0.0171875 0.0203125
0 0.38671875 0.3546875 0.0171875 0.0171875
0 0.4046875 0.3421875 0.01640625 0.021875
0 0.38828125 0.33671875 0.01640625 0.01796875
0 0.365625 0.33359375 0.01796875 0.01953125
0 0.37890625 0.31875 0.01796875 0.01875
0 0.3984375 0.31328125 0.01796875 0.01953125
0 0.35703125 0.31328125 0.01875 0.0203125
0 0.36484375 0.29609375 0.0171875 0.01953125
0 0.38203125 0.29140625 0.01875 0.01953125
0 0.3609375 0.27734375 0.0171875 0.01953125
0 0.371875 0.2640625 0.01875 0.0203125
0 0.34296875 0.259375 0.01953125 0.0203125
0 0.353125 0.24140625 0.0171875 0.0203125
0 0.3703125 0.23515625 0.01796875 0.0203125
0 0.5421875 0.43984375 0.015625 0.0171875
0 0.53515625 0.45546875 0.0140625 0.01640625
0 0.5234375 0.44140625 0.015625 0.0171875
0 0.50625 0.44296875 0.01484375 0.0171875
0 0.52265625 0.42421875 0.01484375 0.01640625
0 0.5 0.42578125 0.01640625 0.01640625
0 0.4875 0.4375 0.01640625 0.015625
0 0.48359375 0.4203125 0.01640625 0.0171875
0 0.4984375 0.40859375 0.01640625 0.0171875
0 0.5234375 0.40546875 0.01484375 0.01796875
0 0.5125 0.39140625 0.015625 0.01640625
0 0.50546875 0.375 0.01484375 0.01796875
0 0.5015625 0.353125 0.015625 0.0171875
0 0.475 0.39296875 0.015625 0.0171875
0 0.4625 0.40625 0.01640625 0.0171875
0 0.4453125 0.41953125 0.01796875 0.01796875
0 0.4609375 0.44140625 0.01640625 0.01875
0 0.49609375 0.328125 0.01640625 0.01953125
0 0.45234375 0.31953125 0.01796875 0.01875
0 0.4828125 0.303125 0.01875 0.01796875
0 0.43203125 0.27421875 0.01875 0.01953125
0 0.4640625 0.27265625 0.01640625 0.01875
0 0.48203125 0.2734375 0.0140625 0.0171875
0 0.496875 0.259375 0.01484375 0.0171875
0 0.48203125 0.25234375 0.015625 0.01640625
0 0.46640625 0.24375 0.01796875 0.0171875
0 0.453125 0.23203125 0.0171875 0.0171875
0 0.48125 0.234375 0.01796875 0.01875
0 0.46171875 0.21953125 0.01484375 0.0203125
0 0.4984375 0.23828125 0.015625 0.01953125
0 0.44921875 0.20390625 0.01875 0.01796875
0 0.478125 0.215625 0.01640625 0.01796875
0 0.50703125 0.22734375 0.01640625 0.015625
0 0.52578125 0.225 0.0140625 0.01796875
0 0.49375 0.21875 0.01640625 0.01953125
0 0.46953125 0.2 0.01640625 0.01953125
0 0.5078125 0.21015625 0.015625 0.01796875
0 0.49140625 0.20078125 0.015625 0.01875
0 0.525 0.19375 0.01640625 0.01484375
0 0.50546875 0.190625 0.01640625 0.01796875
0 0.48984375 0.18046875 0.015625 0.01796875
0 0.4734375 0.18359375 0.0171875 0.01953125
0 0.453125 0.184375 0.01640625 0.01875
0 0.509375 0.171875 0.015625 0.01796875
0 0.4859375 0.16171875 0.01953125 0.01953125
0 0.53125 0.1703125 0.01640625 0.01796875
0 0.3421875 0.1703125 0.01796875 0.021875