0 0.68984375 0.77109375 0.0296875 0.0296875
0 0.7328125 0.56015625 0.0328125 0.03125
0 0.61953125 0.70859375 0.034375 0.03125
0 0.509375 0.80078125 0.0296875 0.034375
0 0.47578125 0.74453125 0.03125 0.03125
0 0.46328125 0.7765625 0.03125 0.0296875
0 0.440625 0.74765625 0.03125 0.03125
0 0.41640625 0.76171875 0.03125 0.03125
0 0.41875 0.73203125 0.03125 0.0296875
0 0.4 0.6828125 0.034375 0.03125
0 0.33828125 0.6796875 0.034375 0.03125
0 0.23359375 0.74921875 0.034375 0.034375
0 0.1796875 0.65625 0.03125 0.03125
0 0.19453125 0.43828125 0.034375 0.0296875
0 0.1703125 0.3234375 0.03125 0.03125
0 0.13515625 0.3265625 0.0375 0.0328125
0 0.2015625 0.21640625 0.03125 0.0328125
0 0.2765625 0.4109375 0.034375 0.0328125
0 0.2921875 0.37109375 0.034375 0.0359375
0 0.29140625 0.5359375 0.0359375 0.03125
0 0.365625 0.46796875 0.03125 0.028125
0 0.36015625 0.440625 0.034375 0.03125
0 0.41171875 0.53828125 0.0375 0.0296875
0 0.40859375 0.57734375 0.034375 0.03125
0 0.421875 0.62109375 0.03125 0.03125
0 0.45703125 0.5765625 0.034375 0.03125
0 0.4453125 0.509375 0.0328125 0.03125
0 0.51640625 0.5890625 0.0328125 0.0296875
0 0.5546875 0.57578125 0.034375 0.03125
0 0.5875 0.5734375 0.0359375 0.03125
0 0.63203125 0.52421875 0.03125 0.0328125
0 0.61015625 0.50546875 0.03125 0.028125
0 0.609375 0.48125 0.034375 0.0328125
0 0.6734375 0.40390625 0.034375 0.03125
0 0.5390625 0.41171875 0.03125 0.03125
0 0.45 0.36875 0.0359375 0.034375
0 0.421875 0.42734375 0.034375 0.03125
0 0.4015625 0.4125 0.034375 0.034375
0 0.38046875 0.31484375 0.0359375 0.0328125
0 0.43359375 0.31484375 0.034375 0.034375
0 0.46640625 0.26015625 0.034375 0.034375
0 0.47421875 0.234375 0.034375 0.03125
0 0.49921875 0.22734375 0.0328125 0.03125
0 0.51796875 0.2453125 0.034375 0.034375
0 0.521875 0.27578125 0.0359375 0.034375
0 0.55546875 0.22265625 0.034375 0.0359375
0 0.5796875 0.1921875 0.0359375 0.034375
0 0.51796875 0.1859375 0.034375 0.03125
0 0.615625 0.1109375 0.0375 0.0375
0 0.69296875 0.21328125 0.034375 0.03125
0 0.6765625 0.24765625 0.034375 0.0296875
0 0.67109375 0.3125 0.03125 0.0296875
0 0.7171875 0.315625 0.0375 0.0359375
0 0.75390625 0.2984375 0.0390625 0.0359375
0 0.75625 0.37578125 0.034375 0.03125
0 0.21328125 0.1203125 0.0375 0.0328125