0 0.09140625 0.6484375 0.0390625 0.0390625
0 0.4921875 0.71953125 0.0375 0.0375
0 0.45390625 0.784375 0.0390625 0.0390625
0 0.62578125 0.746875 0.0390625 0.040625
0 0.39921875 0.8078125 0.0375 0.0375
0 0.38046875 0.4875 0.0359375 0.0359375
0 0.525 0.721875 0.0375 0.0375
0 0.65859375 0.68984375 0.0390625 0.0390625
0 0.26796875 0.67890625 0.0390625 0.0390625
0 0.31640625 0.80859375 0.0390625 0.040625
0 0.3296875 0.7453125 0.0359375 0.0359375
0 0.65234375 0.728125 0.0375 0.0390625
0 0.3515625 0.5015625 0.0375 0.0375
0 0.35078125 0.5375 0.0390625 0.0390625
0 0.4109375 0.44921875 0.0390625 0.0390625
0 0.35078125 0.76953125 0.0375 0.0375
0 0.33984375 0.7125 0.0375 0.0375
0 0.45078125 0.66875 0.0375 0.0390625
0 0.29609375 0.771875 0.0375 0.0375
0 0.62734375 0.78125 0.0390625 0.0390625
0 0.515625 0.75234375 0.0390625 0.0390625
0 0.59453125 0.709375 0.0375 0.040625
0 0.721875 0.434375 0.0390625 0.0390625
0 0.10703125 0.61328125 0.0390625 0.0390625
0 0.10078125 0.5703125 0.0390625 0.0390625
0 0.2828125 0.51484375 0.0375 0.0375
0 0.6359375 0.659375 0.0390625 0.0390625
0 0.2421875 0.61484375 0.0390625 0.0390625
0 0.3265625 0.559375 0.0390625 0.0390625
0 0.58515625 0.74453125 0.0390625 0.0390625
0 0.22578125 0.7546875 0.0390625 0.0390625
0 0.46796875 0.7515625 0.0390625 0.0421875
0 0.25703125 0.75859375 0.0375 0.0375
0 0.55 0.74453125 0.0390625 0.0390625
0 0.66875 0.659375 0.0390625 0.0390625
0 0.171875 0.81640625 0.0390625 0.0390625
0 0.2890625 0.653125 0.0359375 0.0359375
0 0.62578125 0.703125 0.0390625 0.0390625
0 0.325 0.484375 0.0390625 0.0390625
0 0.29296875 0.5796875 0.0390625 0.0390625
0 0.0671875 0.525 0.0390625 0.040625
0 0.290625 0.484375 0.0390625 0.0390625
0 0.32265625 0.840625 0.0375 0.0375
0 0.48125 0.52265625 0.0375 0.0375
0 0.47421875 0.8765625 0.0390625 0.0390625
0 0.54296875 0.56640625 0.0421875 0.0390625
0 0.6859375 0.70625 0.0390625 0.0390625
0 0.421875 0.415625 0.0390625 0.0390625
0 0.7 0.52265625 0.0390625 0.0390625
0 0.68984375 0.634375 0.0375 0.040625
0 0.66875 0.78828125 0.040625 0.0390625
0 0.67578125 0.50234375 0.0390625 0.0375
0 0.3453125 0.440625 0.0375 0.0375
0 0.58671875 0.57578125 0.0390625 0.0390625
0 0.459375 0.90390625 0.0375 0.0375
0 0.36484375 0.665625 0.0390625 0.0390625
0 0.609375 0.6734375 0.0375 0.040625
0 0.78125 0.72578125 0.0390625 0.0390625
0 0.2671875 0.55078125 0.0375 0.0375
0 0.76328125 0.4015625 0.0390625 0.0390625
0 0.05546875 0.50078125 0.0359375 0.0375
0 0.3109375 0.68515625 0.0421875 0.0390625
0 0.45078125 0.4 0.0390625 0.0390625
0 0.715625 0.3984375 0.0390625 0.0390625
0 0.64921875 0.62890625 0.0359375 0.0375
0 0.7921875 0.271875 0.0390625 0.0390625
0 0.50546875 0.8921875 0.0390625 0.0390625
0 0.65703125 0.453125 0.0375 0.0375
0 0.76796875 0.2953125 0.0390625 0.040625
0 0.49140625 0.38203125 0.0375 0.0375
0 0.0734375 0.6125 0.0390625 0.0390625
0 0.40546875 0.87109375 0.0390625 0.0390625
0 0.690625 0.42265625 0.0390625 0.0390625
0 0.8734375 0.70234375 0.0390625 0.0390625
0 0.71171875 0.65859375 0.0375 0.0375
0 0.78359375 0.3703125 0.040625 0.0390625
0 0.24921875 0.45390625 0.0390625 0.0390625
0 0.80390625 0.30625 0.0390625 0.0390625
0 0.11640625 0.46640625 0.0375 0.0375
0 0.4375 0.875 0.0375 0.0375
0 0.73125 0.33671875 0.040625 0.0390625
0 0.29921875 0.54296875 0.0390625 0.0390625
0 0.7828125 0.62421875 0.0390625 0.0390625
0 0.75078125 0.37109375 0.0390625 0.0390625
0 0.41171875 0.90234375 0.0421875 0.040625
0 0.60703125 0.32578125 0.0359375 0.0375
0 0.59609375 0.37734375 0.0390625 0.0390625
0 0.8875 0.640625 0.0375 0.0359375
0 0.7765625 0.59140625 0.0390625 0.0390625
0 0.8171875 0.60078125 0.0390625 0.0375
0 0.8015625 0.56796875 0.0390625 0.0390625
0 0.82890625 0.48515625 0.0375 0.0375
0 0.925 0.61796875 0.0390625 0.0390625
0 0.74921875 0.6078125 0.0390625 0.0421875
0 0.6265625 0.3546875 0.0359375 0.0375
0 0.79609375 0.3390625 0.0390625 0.0390625
0 0.890625 0.5359375 0.0375 0.0375
0 0.49765625 0.16640625 0.0375 0.0375
0 0.9109375 0.8421875 0.040625 0.0390625
0 0.91171875 0.56484375 0.0421875 0.0390625
0 0.31640625 0.41015625 0.0375 0.0375
0 0.40078125 0.23515625 0.040625 0.0390625
0 0.71171875 0.6859375 0.0390625 0.0359375
0 0.7625 0.66171875 0.0375 0.0375
0 0.71328125 0.36484375 0.0390625 0.040625
0 0.521875 0.23125 0.0375 0.0375
0 0.79609375 0.6546875 0.0375 0.0375
0 0.3546875 0.33515625 0.0390625 0.0390625
0 0.47265625 0.18828125 0.040625 0.0390625
0 0.40859375 0.196875 0.0390625 0.0390625
0 0.20703125 0.453125 0.0375 0.0375
0 0.43203125 0.92734375 0.0390625 0.0390625
0 0.78515625 0.51328125 0.0375 0.0375
0 0.878125 0.48828125 0.0390625 0.0390625
0 0.23203125 0.34140625 0.0390625 0.0390625
0 0.3296875 0.2015625 0.0375 0.0375
0 0.40546875 0.06171875 0.0390625 0.0390625
0 0.9046875 0.31015625 0.0375 0.0375
0 0.2671875 0.21875 0.0390625 0.0390625
0 0.18046875 0.446875 0.034375 0.034375
0 0.81484375 0.67890625 0.0421875 0.0390625
0 0.846875 0.34453125 0.0390625 0.0390625
0 0.3234375 0.884375 0.040625 0.040625
0 0.29453125 0.2359375 0.034375 0.0359375
0 0.94296875 0.3171875 0.0375 0.0375
0 0.11796875 0.2828125 0.0390625 0.0390625
0 0.87734375 0.36640625 0.0359375 0.0375
0 0.35078125 0.86796875 0.034375 0.0359375
0 0.68125 0.14140625 0.0390625 0.0390625
0 0.26484375 0.2515625 0.0390625 0.0390625
0 0.41171875 0.271875 0.0390625 0.0390625
0 0.76328125 0.33828125 0.0390625 0.040625
0 0.3953125 0.165625 0.0375 0.0375
0 0.440625 0.10625 0.0375 0.0375
0 0.3828125 0.03359375 0.0390625 0.0390625
0 0.13046875 0.25390625 0.0390625 0.0390625
0 0.86484375 0.45703125 0.0390625 0.0390625
0 0.85859375 0.5453125 0.0375 0.0359375
0 0.2171875 0.21015625 0.0390625 0.0390625
0 0.81953125 0.51640625 0.040625 0.0390625
0 0.26171875 0.16953125 0.0390625 0.0390625
0 0.45859375 0.2359375 0.0390625 0.0390625
0 0.88984375 0.80390625 0.0390625 0.0390625
0 0.125 0.33046875 0.0390625 0.0390625
0 0.4234375 0.15 0.0375 0.0375
0 0.225 0.10703125 0.0390625 0.0390625
0 0.45703125 0.95 0.0390625 0.0390625
0 0.4359375 0.17890625 0.0359375 0.0375
0 0.8515625 0.51328125 0.0359375 0.034375
0 0.21484375 0.17421875 0.0390625 0.040625
0 0.08828125 0.3203125 0.0390625 0.0390625
0 0.24375 0.4203125 0.04375 0.0390625
0 0.328125 0.09765625 0.0390625 0.0390625
0 0.2828125 0.2796875 0.0390625 0.0390625
0 0.29140625 0.09765625 0.0421875 0.0390625
0 0.67578125 0.859375 0.040625 0.0421875
0 0.33828125 0.23828125 0.0390625 0.0390625
0 0.45 0.62734375 0.0390625 0.04375
0 0.18671875 0.19140625 0.0375 0.0375
0 0.16640625 0.26640625 0.0421875 0.0390625
0 0.75078125 0.85625 0.0390625 0.0421875
0 0.44296875 0.04609375 0.0390625 0.040625
0 0.45390625 0.13671875 0.0390625 0.0390625
0 0.19609375 0.14609375 0.0375 0.0375
0 0.43828125 0.25 0.0390625 0.0421875
0 0.37109375 0.41796875 0.0375 0.034375
0 0.3140625 0.26171875 0.0375 0.0390625
0 0.29140625 0.87265625 0.0390625 0.04375
0 0.8265625 0.54765625 0.0359375 0.034375
0 0.3625 0.96171875 0.0390625 0.0421875
0 0.48515625 0.76953125 0.0375 0.040625
0 0.24453125 0.14453125 0.0328125 0.034375
0 0.278125 0.13203125 0.034375 0.0359375
0 0.88046875 0.43671875 0.040625 0.0375
0 0.28515625 0.7421875 0.0390625 0.0390625
0 0.2546875 0.125 0.0390625 0.0390625
0 0.37109375 0.44609375 0.0390625 0.0421875
0 0.73828125 0.6421875 0.0375 0.0375