0 0.74453125 0.5296875 0.0421875 0.03125
0 0.78828125 0.51875 0.0421875 0.034375
0 0.8359375 0.55 0.0453125 0.0359375
0 0.74921875 0.4984375 0.0421875 0.0328125
0 0.68671875 0.525 0.0359375 0.0296875
0 0.70859375 0.49921875 0.0421875 0.034375
0 0.65625 0.5421875 0.040625 0.0328125
0 0.7125 0.54765625 0.040625 0.0328125
0 0.79921875 0.5703125 0.0421875 0.034375
0 0.72578125 0.57734375 0.0390625 0.034375
0 0.75546875 0.559375 0.0390625 0.0328125
0 0.6875 0.5859375 0.0390625 0.0328125
0 0.7609375 0.61171875 0.0390625 0.0359375
0 0.6875 0.61640625 0.0421875 0.0296875
0 0.7265625 0.62734375 0.0421875 0.034375
0 0.7984375 0.62734375 0.0453125 0.0359375
0 0.82890625 0.659375 0.046875 0.0375
0 0.70546875 0.65390625 0.0359375 0.0328125
0 0.740625 0.6703125 0.0421875 0.0328125
0 0.671875 0.6640625 0.0375 0.034375
0 0.65390625 0.57109375 0.034375 0.0296875
0 0.65234375 0.59921875 0.0359375 0.028125
0 0.65703125 0.6328125 0.0375 0.0328125
0 0.63515625 0.66171875 0.0390625 0.0328125
0 0.58671875 0.65234375 0.0359375 0.03125
0 0.61953125 0.69375 0.0375 0.03125
0 0.56796875 0.7421875 0.034375 0.0328125
0 0.5828125 0.7046875 0.0390625 0.0296875
0 0.534375 0.74765625 0.0375 0.0328125
0 0.55234375 0.665625 0.0390625 0.0296875
0 0.50078125 0.7203125 0.0390625 0.0328125
0 0.51484375 0.65390625 0.040625 0.0296875
0 0.46484375 0.7171875 0.0328125 0.028125
0 0.49921875 0.75234375 0.034375 0.028125
0 0.459375 0.6875 0.0359375 0.03125
0 0.44765625 0.65546875 0.0359375 0.0265625
0 0.45546875 0.628125 0.0359375 0.0265625
0 0.51953125 0.62421875 0.0390625 0.0296875
0 0.615625 0.56328125 0.0390625 0.0328125
0 0.62734375 0.5234375 0.0390625 0.03125
0 0.65625 0.503125 0.040625 0.028125
0 0.67265625 0.475 0.0453125 0.0359375
0 0.58359375 0.53984375 0.040625 0.0296875
0 0.4296875 0.6109375 0.0328125 0.0296875
0 0.471875 0.5984375 0.0375 0.0296875
0 0.54375 0.54375 0.0390625 0.0328125
0 0.5671875 0.51171875 0.0390625 0.0328125
0 0.471875 0.53046875 0.034375 0.0296875
0 0.50546875 0.50703125 0.0359375 0.0296875
0 0.4296875 0.5453125 0.0359375 0.0296875
0 0.43828125 0.51015625 0.0328125 0.0265625
0 0.46953125 0.49921875 0.0359375 0.0265625
0 0.65546875 0.434375 0.0421875 0.0359375
0 0.36484375 0.50390625 0.0296875 0.0296875
0 0.3953125 0.4953125 0.0328125 0.0296875
0 0.41953125 0.48671875 0.0328125 0.0296875
0 0.45234375 0.47734375 0.0328125 0.03125
0 0.3375 0.4953125 0.03125 0.0265625
0 0.36875 0.478125 0.0328125 0.0265625
0 0.3953125 0.465625 0.034375 0.0265625
0 0.41328125 0.44453125 0.034375 0.0296875
0 0.31640625 0.47734375 0.03125 0.0265625
0 0.34375 0.46484375 0.0296875 0.0265625
0 0.37109375 0.44921875 0.0328125 0.0296875
0 0.2734375 0.465625 0.0328125 0.0265625
0 0.30078125 0.4546875 0.0296875 0.0265625
0 0.328125 0.44375 0.0359375 0.028125
0 0.24453125 0.471875 0.0296875 0.0265625
0 0.271875 0.490625 0.03125 0.0296875
0 0.33671875 0.5203125 0.0359375 0.0265625
0 0.21875 0.4609375 0.028125 0.0265625
0 0.22734375 0.43671875 0.028125 0.0265625
0 0.25390625 0.4421875 0.0296875 0.0296875
0 0.278125 0.42734375 0.0328125 0.028125
0 0.2015625 0.440625 0.028125 0.0265625
0 0.21015625 0.4171875 0.0296875 0.0234375
0 0.2453125 0.41796875 0.03125 0.0265625
0 0.25390625 0.3921875 0.0296875 0.0296875
0 0.1796875 0.41875 0.0265625 0.028125
0 0.22578125 0.396875 0.03125 0.0296875
0 0.171875 0.44296875 0.028125 0.025
0 0.1890625 0.4625 0.0265625 0.025
0 0.159375 0.40390625 0.028125 0.0265625
0 0.14765625 0.428125 0.0296875 0.0265625
0 0.2046875 0.50234375 0.0296875 0.0296875
0 0.1203125 0.425 0.0265625 0.0296875
0 0.10078125 0.47265625 0.0296875 0.028125
0 0.07578125 0.43828125 0.028125 0.0265625
0 0.1 0.5078125 0.0265625 0.0265625
0 0.059375 0.4203125 0.0265625 0.025
0 0.09375 0.3609375 0.025 0.025
0 0.11484375 0.3703125 0.0296875 0.025
0 0.05859375 0.3875 0.028125 0.025
0 0.0703125 0.365625 0.0234375 0.0234375
0 0.11015625 0.34296875 0.0296875 0.0234375
0 0.0640625 0.34296875 0.025 0.021875
0 0.0734375 0.32109375 0.0234375 0.0234375
0 0.09921875 0.315625 0.028125 0.0265625