0 0.50703125 0.090625 0.025 0.0234375
0 0.51171875 0.10859375 0.025 0.0234375
0 0.48984375 0.103125 0.025 0.0234375
0 0.46875 0.0953125 0.028125 0.025
0 0.4765625 0.115625 0.028125 0.025
0 0.40859375 0.1 0.0296875 0.025
0 0.26953125 0.1265625 0.028125 0.0265625
0 0.2328125 0.22265625 0.025 0.0234375
0 0.33046875 0.2203125 0.0265625 0.028125
0 0.35546875 0.2234375 0.028125 0.0234375
0 0.40625 0.20625 0.025 0.0234375
0 0.38671875 0.21484375 0.025 0.0234375
0 0.378125 0.2359375 0.0296875 0.0265625
0 0.39921875 0.23046875 0.0265625 0.0265625
0 0.4203125 0.2234375 0.0265625 0.028125
0 0.43046875 0.203125 0.0265625 0.025
0 0.16015625 0.3015625 0.0296875 0.0265625
0 0.196875 0.25625 0.0296875 0.028125
0 0.22734375 0.246875 0.028125 0.025
0 0.25234375 0.24921875 0.0265625 0.025
0 0.32578125 0.26875 0.025 0.0234375
0 0.33125 0.25 0.0265625 0.0234375
0 0.3015625 0.26640625 0.0265625 0.025
0 0.27421875 0.3171875 0.0328125 0.028125
0 0.2890625 0.2890625 0.0265625 0.0265625
0 0.3125 0.2859375 0.028125 0.025
0 0.33359375 0.2953125 0.025 0.0234375
0 0.34765625 0.26953125 0.0296875 0.025
0 0.35703125 0.28984375 0.0296875 0.0296875
0 0.35546875 0.32578125 0.0296875 0.0265625
0 0.38515625 0.3 0.028125 0.025
0 0.3796875 0.3203125 0.0296875 0.0296875
0 0.41015625 0.3078125 0.028125 0.0265625
0 0.434375 0.31796875 0.028125 0.0265625
0 0.415625 0.26171875 0.0296875 0.0296875
0 0.428125 0.28359375 0.0265625 0.0265625
0 0.44375 0.265625 0.0296875 0.025
0 0.45234375 0.28671875 0.0265625 0.0265625
0 0.4671875 0.24375 0.0296875 0.0265625
0 0.47890625 0.259375 0.0296875 0.025
0 0.47578125 0.28515625 0.025 0.0234375
0 0.49609375 0.27421875 0.0296875 0.0265625
0 0.48359375 0.20703125 0.028125 0.0265625
0 0.503125 0.21640625 0.0265625 0.025
0 0.49453125 0.23203125 0.0296875 0.0265625
0 0.51640625 0.23359375 0.0296875 0.0265625
0 0.5328125 0.2203125 0.028125 0.025
0 0.54140625 0.2375 0.025 0.0234375
0 0.54765625 0.25625 0.028125 0.025
0 0.53515625 0.27578125 0.03125 0.028125
0 0.58125 0.28125 0.0296875 0.0265625
0 0.565625 0.32734375 0.0328125 0.03125
0 0.52890625 0.29609375 0.028125 0.0296875
0 0.45625 0.3078125 0.0265625 0.025
0 0.48203125 0.30390625 0.0296875 0.0265625
0 0.50546875 0.2953125 0.0265625 0.0265625
0 0.46953125 0.32578125 0.0296875 0.0265625
0 0.44921875 0.340625 0.028125 0.025
0 0.4734375 0.3453125 0.0296875 0.0265625
0 0.42578125 0.34921875 0.028125 0.028125
0 0.40078125 0.37578125 0.0328125 0.0296875
0 0.4625 0.3890625 0.0296875 0.028125
0 0.49375 0.39375 0.0296875 0.0265625
0 0.525 0.36015625 0.0296875 0.028125
0 0.54453125 0.371875 0.0296875 0.0265625
0 0.57890625 0.37109375 0.0296875 0.0265625
0 0.52421875 0.4296875 0.0328125 0.034375
0 0.5734375 0.44609375 0.0328125 0.03125
0 0.55078125 0.459375 0.0296875 0.028125
0 0.5625 0.490625 0.034375 0.0328125
0 0.51171875 0.50390625 0.034375 0.0328125
0 0.53671875 0.49453125 0.0296875 0.0296875
0 0.503125 0.4796875 0.03125 0.0296875
0 0.49375 0.4578125 0.03125 0.03125
0 0.46953125 0.4484375 0.028125 0.0296875
0 0.4375 0.41953125 0.0296875 0.025
0 0.44609375 0.43984375 0.03125 0.028125
0 0.4390625 0.4625 0.0296875 0.0296875
0 0.465625 0.471875 0.0296875 0.0296875
0 0.48203125 0.496875 0.03125 0.03125
0 0.44765625 0.490625 0.0296875 0.028125
0 0.4609375 0.5171875 0.03125 0.0328125
0 0.47890625 0.53515625 0.0328125 0.034375
0 0.50390625 0.528125 0.0328125 0.03125
0 0.52890625 0.534375 0.0328125 0.03125
0 0.56171875 0.53515625 0.0328125 0.03125
0 0.565625 0.56015625 0.0328125 0.03125
0 0.53046875 0.559375 0.0359375 0.03125
0 0.55 0.578125 0.0296875 0.0296875
0 0.52109375 0.60390625 0.0359375 0.0359375
0 0.55 0.6046875 0.0328125 0.03125
0 0.57734375 0.58359375 0.034375 0.0328125
0 0.62421875 0.55546875 0.03125 0.03125
0 0.65234375 0.56328125 0.03125 0.0328125
0 0.60859375 0.575 0.0328125 0.03125
0 0.63671875 0.58515625 0.034375 0.034375
0 0.6078125 0.5984375 0.03125 0.0328125
0 0.5859375 0.6234375 0.034375 0.034375
0 0.6296875 0.6203125 0.034375 0.034375
0 0.28203125 0.40234375 0.0296875 0.0296875
0 0.26015625 0.4125 0.0296875 0.0296875
0 0.2375 0.428125 0.0328125 0.028125
0 0.24609375 0.45078125 0.0296875 0.0296875
0 0.2703125 0.4421875 0.0296875 0.0296875
0 0.271875 0.48203125 0.0328125 0.0328125
0 0.18671875 0.5375 0.0359375 0.0328125
0 0.134375 0.59921875 0.0359375 0.034375
0 0.1625 0.68828125 0.0390625 0.0390625
0 0.29765625 0.66328125 0.034375 0.0359375
0 0.33046875 0.640625 0.034375 0.034375
0 0.34765625 0.66015625 0.0375 0.0375
0 0.32578125 0.68359375 0.034375 0.0375
0 0.34375 0.71796875 0.0359375 0.0375
0 0.31796875 0.771875 0.0390625 0.040625
0 0.3421875 0.75078125 0.0375 0.0375
0 0.36953125 0.7390625 0.0375 0.0375
0 0.37265625 0.68671875 0.034375 0.0359375
0 0.384375 0.62421875 0.034375 0.034375
0 0.41171875 0.6390625 0.034375 0.034375
0 0.47421875 0.6390625 0.034375 0.034375
0 0.5109375 0.6359375 0.034375 0.0328125
0 0.5390625 0.63359375 0.034375 0.034375
0 0.5625 0.65078125 0.034375 0.034375
0 0.5921875 0.64921875 0.03125 0.0328125
0 0.5390625 0.6625 0.03125 0.0328125
0 0.51171875 0.665625 0.0328125 0.0375
0 0.45546875 0.67265625 0.034375 0.0359375
0 0.48359375 0.66484375 0.034375 0.0375
0 0.4296875 0.6640625 0.034375 0.034375
0 0.42578125 0.69375 0.034375 0.034375
0 0.45390625 0.70234375 0.034375 0.0359375
0 0.428125 0.72578125 0.034375 0.034375
0 0.45625 0.7296875 0.034375 0.034375
0 0.42734375 0.75546875 0.0359375 0.0375
0 0.46953125 0.75703125 0.0375 0.0375
0 0.5140625 0.7109375 0.0375 0.0375
0 0.53828125 0.6984375 0.0359375 0.0375
0 0.56015625 0.67890625 0.034375 0.0375
0 0.58046875 0.70390625 0.0375 0.0390625
0 0.590625 0.6765625 0.034375 0.0359375
0 0.62109375 0.66484375 0.0375 0.0375
0 0.65390625 0.6875 0.0375 0.0375
0 0.66015625 0.71875 0.0359375 0.0375
0 0.6546875 0.746875 0.0359375 0.0375
0 0.68359375 0.75859375 0.0375 0.040625
0 0.70703125 0.8203125 0.0390625 0.040625
0 0.6796875 0.8078125 0.04375 0.0421875
0 0.659375 0.83359375 0.0375 0.0390625
0 0.69296875 0.84765625 0.0421875 0.0453125
0 0.63203125 0.8625 0.0375 0.0390625
0 0.6203125 0.81640625 0.0359375 0.04375
0 0.6 0.84296875 0.0390625 0.040625
0 0.5203125 0.80546875 0.0390625 0.040625
0 0.41328125 0.82578125 0.0375 0.0390625
0 0.4140625 0.8703125 0.0359375 0.040625
0 0.44921875 0.8921875 0.040625 0.040625
0 0.47578125 0.91015625 0.040625 0.040625
0 0.52578125 0.86796875 0.04375 0.040625
0 0.5390625 0.9015625 0.0390625 0.040625
0 0.59140625 0.88125 0.0375 0.0375
0 0.621875 0.89296875 0.040625 0.04375