0 0.55390625 0.35703125 0.0125 0.0125
0 0.54921875 0.3796875 0.0125 0.009375
0 0.50625 0.38828125 0.009375 0.009375
0 0.50625 0.3796875 0.0109375 0.009375
0 0.4953125 0.384375 0.009375 0.009375
0 0.4953125 0.3921875 0.009375 0.00625
0 0.49453125 0.40234375 0.009375 0.00625
0 0.4796875 0.40234375 0.009375 0.00625
0 0.4921875 0.39765625 0.009375 0.009375
0 0.484375 0.39765625 0.0078125 0.0078125
0 0.471875 0.39375 0.0125 0.009375
0 0.4640625 0.4015625 0.009375 0.0078125
0 0.44453125 0.3984375 0.009375 0.009375
0 0.43671875 0.40703125 0.0109375 0.009375
0 0.45625 0.396875 0.009375 0.009375
0 0.45078125 0.40859375 0.009375 0.009375
0 0.48828125 0.4078125 0.009375 0.00625
0 0.47734375 0.409375 0.009375 0.0078125
0 0.4671875 0.409375 0.009375 0.0078125
0 0.459375 0.41328125 0.0109375 0.0078125
0 0.49921875 0.40859375 0.009375 0.0078125
0 0.5046875 0.40078125 0.009375 0.009375
0 0.53515625 0.3953125 0.0125 0.009375
0 0.515625 0.40078125 0.0109375 0.009375
0 0.50546875 0.41171875 0.009375 0.0078125
0 0.49140625 0.41953125 0.0125 0.009375
0 0.51484375 0.41015625 0.009375 0.0078125
0 0.51171875 0.42109375 0.0078125 0.009375
0 0.503125 0.42109375 0.009375 0.0078125
0 0.51875 0.41875 0.009375 0.0078125
0 0.52265625 0.41328125 0.009375 0.00625
0 0.525 0.4234375 0.009375 0.00625
0 0.48671875 0.43515625 0.0125 0.009375
0 0.5296875 0.41875 0.009375 0.0078125
0 0.49765625 0.428125 0.009375 0.0078125
0 0.4984375 0.43671875 0.009375 0.009375
0 0.53515625 0.41328125 0.009375 0.0078125
0 0.5078125 0.43203125 0.009375 0.009375
0 0.53125 0.4328125 0.009375 0.009375
0 0.51875 0.434375 0.0125 0.009375
0 0.53828125 0.42265625 0.0109375 0.0078125
0 0.5421875 0.4328125 0.009375 0.0078125
0 0.55234375 0.4265625 0.0125 0.009375
0 0.5734375 0.41171875 0.0125 0.009375
0 0.58046875 0.41015625 0.009375 0.0078125
0 0.56875 0.4203125 0.0125 0.0078125
0 0.57890625 0.4296875 0.0125 0.009375
0 0.56796875 0.42890625 0.0125 0.0078125
0 0.5640625 0.43671875 0.0109375 0.00625
0 0.5484375 0.44140625 0.0109375 0.009375
0 0.5609375 0.44609375 0.009375 0.0078125
0 0.57109375 0.44296875 0.0125 0.0078125
0 0.58203125 0.4375 0.009375 0.00625
0 0.5921875 0.4359375 0.009375 0.0078125
0 0.6046875 0.43203125 0.0109375 0.0078125
0 0.60234375 0.44140625 0.0109375 0.009375
0 0.58828125 0.44375 0.0109375 0.0078125
0 0.57890625 0.44765625 0.0125 0.00625
0 0.56953125 0.4515625 0.009375 0.009375
0 0.596875 0.44921875 0.009375 0.009375
0 0.5875 0.45390625 0.0109375 0.009375
0 0.60859375 0.446875 0.0125 0.0078125
0 0.628125 0.44453125 0.009375 0.009375
0 0.62421875 0.45234375 0.009375 0.0078125
0 0.61171875 0.4546875 0.0109375 0.009375
0 0.60078125 0.45703125 0.009375 0.009375
0 0.54375 0.47109375 0.0125 0.009375
0 0.65859375 0.44453125 0.0125 0.009375
0 0.63828125 0.453125 0.009375 0.0078125
0 0.6296875 0.4609375 0.0109375 0.0078125
0 0.61875 0.46484375 0.0109375 0.0078125
0 0.60234375 0.47734375 0.0125 0.009375
0 0.6453125 0.45859375 0.0109375 0.009375
0 0.63828125 0.465625 0.009375 0.009375
0 0.63046875 0.4703125 0.009375 0.00625
0 0.62421875 0.47734375 0.0125 0.009375
0 0.659375 0.46015625 0.0109375 0.009375
0 0.65078125 0.46640625 0.0109375 0.009375
0 0.64453125 0.4734375 0.0109375 0.0078125
0 0.63671875 0.478125 0.0109375 0.0078125
0 0.665625 0.46796875 0.0125 0.0078125
0 0.6578125 0.475 0.0125 0.009375
0 0.67578125 0.4734375 0.0109375 0.009375
0 0.6671875 0.48125 0.0109375 0.009375
0 0.7078125 0.44921875 0.0125 0.009375
0 0.7046875 0.46171875 0.0140625 0.009375
0 0.6875 0.47734375 0.0125 0.009375
0 0.71328125 0.47578125 0.0125 0.009375
0 0.7203125 0.484375 0.0109375 0.009375
0 0.71484375 0.49609375 0.0125 0.009375
0 0.70546875 0.5109375 0.0109375 0.009375
0 0.696875 0.5171875 0.0109375 0.009375
0 0.6859375 0.51640625 0.0109375 0.009375
0 0.684375 0.496875 0.0125 0.009375
0 0.7046875 0.5015625 0.0109375 0.009375
0 0.69375 0.50234375 0.009375 0.009375
0 0.68359375 0.50703125 0.0125 0.009375