0 0.809375 0.465625 0.0203125 0.02265625
0 0.79375 0.4703125 0.025 0.02265625
0 0.77265625 0.48046875 0.02421875 0.025
0 0.775 0.44375 0.03125 0.03046875
0 0.809375 0.43984375 0.0328125 0.028125
0 0.83359375 0.42421875 0.03046875 0.02890625
0 0.8625 0.40859375 0.03046875 0.028125
0 0.75 0.43125 0.0296875 0.028125
0 0.840625 0.3984375 0.03046875 0.02734375
0 0.8671875 0.38203125 0.02890625 0.0265625
0 0.821875 0.31640625 0.0328125 0.02734375
0 0.83359375 0.28515625 0.0328125 0.0296875
0 0.7921875 0.29921875 0.0328125 0.02734375
0 0.82578125 0.35390625 0.0296875 0.03046875
0 0.7453125 0.3203125 0.03046875 0.02890625
0 0.78984375 0.35 0.0296875 0.03046875
0 0.71875 0.3078125 0.0328125 0.028125
0 0.759375 0.3453125 0.03203125 0.028125
0 0.6890625 0.3203125 0.03359375 0.02890625
0 0.72265625 0.33671875 0.03125 0.02578125
0 0.6609375 0.33125 0.02890625 0.028125
0 0.6953125 0.35078125 0.0328125 0.0296875
0 0.6359375 0.3140625 0.0296875 0.02890625
0 0.64375 0.35 0.028125 0.0265625
0 0.6734375 0.3625 0.02890625 0.0296875
0 0.59375 0.33203125 0.034375 0.03046875
0 0.61796875 0.3609375 0.0296875 0.02265625
0 0.64453125 0.37578125 0.03515625 0.02578125
0 0.578125 0.36640625 0.03359375 0.03046875
0 0.60234375 0.384375 0.0296875 0.028125
0 0.62890625 0.39921875 0.0296875 0.02734375
0 0.6515625 0.4203125 0.03203125 0.02734375
0 0.678125 0.44296875 0.03203125 0.02734375
0 0.571875 0.3921875 0.02890625 0.0265625
0 0.60078125 0.409375 0.0296875 0.0265625
0 0.61875 0.434375 0.0328125 0.028125
0 0.64453125 0.45 0.0296875 0.028125
0 0.55390625 0.41484375 0.03359375 0.028125
0 0.57578125 0.44296875 0.0359375 0.0296875
0 0.603125 0.46015625 0.03203125 0.02890625
0 0.628125 0.48515625 0.03828125 0.02890625
0 0.6625 0.471875 0.0328125 0.0265625
0 0.74609375 0.4796875 0.03203125 0.02734375
0 0.45859375 0.40625 0.04375 0.03125
0 0.52421875 0.4328125 0.0390625 0.03203125
0 0.54140625 0.46171875 0.03359375 0.028125
0 0.5671875 0.4765625 0.034375 0.0296875
0 0.590625 0.496875 0.034375 0.03125
0 0.496875 0.453125 0.0390625 0.0359375
0 0.52109375 0.484375 0.03359375 0.0296875
0 0.5484375 0.51015625 0.0359375 0.0328125
0 0.39375 0.4609375 0.03984375 0.0328125
0 0.509375 0.5140625 0.0359375 0.03203125
0 0.3328125 0.48515625 0.04296875 0.03515625
0 0.47890625 0.53046875 0.03828125 0.03203125
0 0.55 0.5421875 0.0390625 0.03203125
0 0.378125 0.53359375 0.040625 0.0328125
0 0.36796875 0.57265625 0.0421875 0.03515625
0 0.52578125 0.56640625 0.0359375 0.03125
0 0.5046875 0.6078125 0.03828125 0.0296875
0 0.54921875 0.59296875 0.0375 0.03125
0 0.71484375 0.49375 0.02890625 0.0265625
0 0.73828125 0.51171875 0.028125 0.025
0 0.7671875 0.509375 0.03125 0.02421875
0 0.7875 0.52421875 0.03203125 0.02734375
0 0.85 0.496875 0.03046875 0.02734375
0 0.75078125 0.57265625 0.02734375 0.02578125
0 0.775 0.56484375 0.03359375 0.0265625
0 0.7328125 0.58984375 0.0296875 0.025
0 0.7296875 0.62265625 0.03046875 0.028125
0 0.684375 0.5828125 0.02578125 0.02890625
0 0.7171875 0.60625 0.0296875 0.025
0 0.65546875 0.57578125 0.02890625 0.028125
0 0.68359375 0.6125 0.028125 0.03046875
0 0.6890625 0.64609375 0.02109375 0.0265625
0 0.63359375 0.61953125 0.03203125 0.0265625
0 0.66796875 0.63828125 0.03046875 0.02890625
0 0.52734375 0.64765625 0.04375 0.0359375
0 0.55859375 0.63046875 0.03515625 0.03515625
0 0.59296875 0.6265625 0.03671875 0.0296875
0 0.6046875 0.6546875 0.0296875 0.03046875
0 0.6265625 0.64609375 0.02578125 0.02421875
0 0.64453125 0.65703125 0.03125 0.02734375
0 0.6875 0.715625 0.03515625 0.0296875
0 0.725 0.715625 0.03046875 0.03203125
0 0.796875 0.671875 0.03359375 0.0265625
0 0.82265625 0.7546875 0.03125 0.0296875
0 0.52109375 0.69453125 0.03828125 0.03515625
0 0.56171875 0.68828125 0.03984375 0.03671875
0 0.61953125 0.69921875 0.04140625 0.03125
0 0.48125 0.6984375 0.03828125 0.03046875
0 0.4921875 0.7265625 0.0390625 0.03046875
0 0.496875 0.7671875 0.040625 0.034375
0 0.35 0.68515625 0.04609375 0.034375
0 0.396875 0.728125 0.04140625 0.0375
0 0.44296875 0.790625 0.04453125 0.0359375
0 0.4921875 0.81328125 0.03984375 0.034375
0 0.53984375 0.83515625 0.0421875 0.034375