0 0.1703125 0.82890625 0.05 0.034375
0 0.32265625 0.77578125 0.04375 0.034375
0 0.2453125 0.8046875 0.04375 0.0375
0 0.365625 0.7859375 0.0453125 0.0390625
0 0.1921875 0.7875 0.05 0.0375
0 0.4140625 0.7640625 0.040625 0.034375
0 0.3640625 0.746875 0.040625 0.0375
0 0.3015625 0.74375 0.046875 0.034375
0 0.25390625 0.740625 0.04375 0.040625
0 0.1171875 0.7046875 0.046875 0.034375
0 0.18984375 0.73828125 0.0484375 0.0375
0 0.16171875 0.68359375 0.046875 0.0296875
0 0.11875 0.6703125 0.04375 0.0328125
0 0.45625 0.7484375 0.04375 0.034375
0 0.4046875 0.72734375 0.04375 0.0359375
0 0.48984375 0.76328125 0.04375 0.0359375
0 0.484375 0.7234375 0.0421875 0.03125
0 0.4421875 0.71171875 0.04375 0.034375
0 0.175 0.646875 0.040625 0.034375
0 0.52265625 0.70390625 0.040625 0.034375
0 0.48046875 0.6875 0.04375 0.03125
0 0.56015625 0.7375 0.040625 0.040625
0 0.22109375 0.6234375 0.0453125 0.028125
0 0.58046875 0.69765625 0.05 0.034375
0 0.5421875 0.67265625 0.0375 0.03125
0 0.50546875 0.65703125 0.04375 0.034375
0 0.465625 0.63515625 0.04375 0.03125
0 0.428125 0.60703125 0.0453125 0.0375
0 0.271875 0.6171875 0.0421875 0.0375
0 0.2171875 0.5859375 0.034375 0.0375
0 0.31875 0.6265625 0.046875 0.0375
0 0.24609375 0.578125 0.040625 0.0390625
0 0.33125 0.56796875 0.04375 0.034375
0 0.2796875 0.5640625 0.04375 0.03125
0 0.58203125 0.6609375 0.0421875 0.0328125
0 0.54765625 0.64296875 0.040625 0.034375
0 0.52109375 0.61328125 0.0453125 0.0359375
0 0.4765625 0.596875 0.05 0.028125
0 0.61171875 0.63203125 0.04375 0.034375
0 0.58671875 0.60078125 0.04375 0.0359375
0 0.5421875 0.5828125 0.04375 0.0375
0 0.6578125 0.6140625 0.04375 0.0375
0 0.634375 0.58125 0.046875 0.034375
0 0.5921875 0.56328125 0.046875 0.034375
0 0.55625 0.53671875 0.04375 0.0359375
0 0.503125 0.55234375 0.05 0.0359375
0 0.4546875 0.56953125 0.04375 0.0375
0 0.37109375 0.546875 0.040625 0.034375
0 0.3359375 0.5234375 0.0453125 0.0328125
0 0.28984375 0.528125 0.040625 0.034375
0 0.25078125 0.51015625 0.04375 0.0375
0 0.61796875 0.484375 0.04375 0.040625
0 0.65546875 0.54921875 0.04375 0.0375
0 0.61796875 0.521875 0.046875 0.0375
0 0.69140625 0.5875 0.0484375 0.034375
0 0.67421875 0.515625 0.04375 0.0359375
0 0.8203125 0.57109375 0.046875 0.0390625
0 0.74453125 0.634375 0.04375 0.0421875
0 0.715625 0.49765625 0.0375 0.0375
0 0.84375 0.48984375 0.0421875 0.034375
0 0.88984375 0.5421875 0.0453125 0.0375
0 0.84609375 0.44609375 0.05 0.0359375
0 0.86484375 0.32578125 0.046875 0.0375
0 0.6546875 0.4546875 0.0453125 0.034375
0 0.6203125 0.421875 0.0484375 0.034375
0 0.46328125 0.44609375 0.0375 0.034375
0 0.34609375 0.42734375 0.0359375 0.0328125
0 0.3171875 0.4453125 0.040625 0.03125
0 0.14765625 0.54765625 0.040625 0.0375
0 0.37265625 0.40546875 0.0390625 0.0375
0 0.3484375 0.3828125 0.040625 0.034375
0 0.421875 0.39765625 0.046875 0.0359375
0 0.2765625 0.459375 0.04375 0.0296875
0 0.41875 0.36171875 0.0328125 0.0375
0 0.4484375 0.365625 0.0375 0.0375
0 0.49375 0.3890625 0.0453125 0.034375
0 0.67890625 0.40703125 0.053125 0.034375
0 0.66484375 0.3609375 0.0296875 0.0359375
0 0.63671875 0.3609375 0.0421875 0.03125
0 0.60859375 0.38125 0.04375 0.0375
0 0.559375 0.38203125 0.04375 0.034375
0 0.51015625 0.35390625 0.034375 0.0359375
0 0.425 0.4359375 0.040625 0.03125
0 0.54140625 0.34921875 0.0375 0.0359375
0 0.484375 0.3453125 0.0421875 0.034375
0 0.68984375 0.17578125 0.0484375 0.0390625
0 0.62890625 0.14453125 0.05 0.040625
0 0.75390625 0.2046875 0.046875 0.040625
0 0.6921875 0.26953125 0.05 0.034375
0 0.68359375 0.22578125 0.05 0.0375
0 0.809375 0.28046875 0.053125 0.0359375
0 0.70390625 0.3046875 0.046875 0.034375
0 0.6515625 0.30390625 0.0453125 0.0375
0 0.60234375 0.31171875 0.0484375 0.040625
0 0.5203125 0.29296875 0.05 0.0375
0 0.41640625 0.26875 0.0484375 0.0375
0 0.359375 0.26484375 0.04375 0.040625
0 0.2421875 0.315625 0.0453125 0.0375
0 0.19921875 0.20546875 0.04375 0.0375