0 0.0796875 0.57421875 0.021875 0.025
0 0.115625 0.53046875 0.0203125 0.0234375
0 0.39609375 0.76171875 0.0234375 0.0265625
0 0.3765625 0.753125 0.0234375 0.0265625
0 0.35390625 0.74453125 0.025 0.0296875
0 0.37578125 0.73046875 0.0234375 0.0265625
0 0.38828125 0.709375 0.0234375 0.0265625
0 0.3234375 0.72578125 0.0234375 0.0265625
0 0.34140625 0.72265625 0.0203125 0.0265625
0 0.359375 0.71328125 0.0234375 0.0265625
0 0.29921875 0.71953125 0.0203125 0.0265625
0 0.32421875 0.7 0.021875 0.028125
0 0.34140625 0.69296875 0.021875 0.0265625
0 0.3671875 0.684375 0.025 0.0296875
0 0.2859375 0.6921875 0.021875 0.0265625
0 0.3046875 0.69296875 0.0203125 0.0265625
0 0.3171875 0.6765625 0.0203125 0.025
0 0.33671875 0.66875 0.0203125 0.0265625
0 0.31484375 0.65234375 0.0203125 0.0265625
0 0.32890625 0.63828125 0.0203125 0.0265625
0 0.34765625 0.64375 0.0234375 0.0265625
0 0.1953125 0.65390625 0.0234375 0.0265625
0 0.2234375 0.68125 0.021875 0.025
0 0.2453125 0.6640625 0.0234375 0.028125
0 0.265625 0.64921875 0.021875 0.0265625
0 0.28515625 0.65859375 0.021875 0.0265625
0 0.28984375 0.63203125 0.021875 0.0265625
0 0.21796875 0.6375 0.0203125 0.0265625
0 0.18203125 0.5984375 0.021875 0.0265625
0 0.2328125 0.62265625 0.0203125 0.025
0 0.26640625 0.62421875 0.0203125 0.025
0 0.23984375 0.6015625 0.0203125 0.025
0 0.2828125 0.60546875 0.021875 0.0265625
0 0.2171875 0.57578125 0.01875 0.0234375
0 0.23671875 0.57421875 0.0203125 0.0234375
0 0.26328125 0.58515625 0.0203125 0.0265625
0 0.28515625 0.571875 0.021875 0.025
0 0.22578125 0.55078125 0.0203125 0.025
0 0.25 0.55546875 0.021875 0.025
0 0.26796875 0.54765625 0.0203125 0.0265625
0 0.29921875 0.553125 0.0234375 0.0265625
0 0.24609375 0.53125 0.0203125 0.0265625
0 0.2671875 0.5203125 0.0203125 0.028125
0 0.2859375 0.5296875 0.0203125 0.0234375
0 0.275 0.49609375 0.0234375 0.0265625
0 0.24609375 0.45 0.0234375 0.0328125
0 0.37734375 0.56484375 0.0234375 0.0234375
0 0.37265625 0.5875 0.025 0.0265625
0 0.39296875 0.596875 0.025 0.0296875
0 0.39609375 0.628125 0.0265625 0.0296875
0 0.40625 0.65859375 0.028125 0.0296875
0 0.43125 0.74140625 0.028125 0.0296875
0 0.4546875 0.7375 0.025 0.0296875
0 0.4078125 0.73515625 0.025 0.0296875
0 0.42890625 0.71640625 0.0234375 0.0265625
0 0.41640625 0.6953125 0.0265625 0.028125
0 0.43984375 0.6921875 0.025 0.0296875
0 0.48203125 0.71640625 0.03125 0.03125
0 0.46171875 0.68359375 0.0265625 0.0265625
0 0.46484375 0.6578125 0.0265625 0.0265625
0 0.459375 0.63046875 0.025 0.0265625
0 0.4328125 0.62734375 0.0234375 0.0265625
0 0.4484375 0.603125 0.025 0.0296875
0 0.4328125 0.57421875 0.028125 0.0296875
0 0.46484375 0.5640625 0.028125 0.0296875
0 0.421875 0.5484375 0.028125 0.0296875
0 0.45546875 0.5359375 0.028125 0.0296875
0 0.40078125 0.5296875 0.028125 0.0296875
0 0.34375 0.54296875 0.021875 0.0265625
0 0.3796875 0.54140625 0.0234375 0.0265625
0 0.384375 0.50625 0.025 0.028125
0 0.34609375 0.5109375 0.0234375 0.0265625
0 0.33984375 0.48203125 0.0234375 0.028125
0 0.38203125 0.4703125 0.0265625 0.0265625
0 0.33203125 0.45078125 0.0234375 0.0234375
0 0.35234375 0.45234375 0.0203125 0.025
0 0.31328125 0.43125 0.0203125 0.0234375
0 0.33125 0.42265625 0.0234375 0.0265625
0 0.55234375 0.68828125 0.0296875 0.0328125
0 0.55703125 0.6390625 0.03125 0.0328125
0 0.6703125 0.59765625 0.03125 0.0359375
0 0.38671875 0.44140625 0.0265625 0.0296875
0 0.4015625 0.41484375 0.025 0.028125
0 0.41875 0.434375 0.028125 0.03125
0 0.35859375 0.35546875 0.025 0.0296875
0 0.40078125 0.37109375 0.025 0.0328125
0 0.4515625 0.42265625 0.0265625 0.028125
0 0.4671875 0.4015625 0.028125 0.0296875
0 0.478125 0.43984375 0.028125 0.0328125
0 0.58125 0.46875 0.03125 0.03125
0 0.57734375 0.43984375 0.028125 0.0296875
0 0.54140625 0.47421875 0.028125 0.0328125
0 0.5921875 0.5 0.0328125 0.0359375
0 0.48828125 0.40859375 0.028125 0.0296875
0 0.5546875 0.428125 0.03125 0.03125
0 0.59375 0.3515625 0.03125 0.0328125
0 0.4125 0.2921875 0.0265625 0.0296875
0 0.2375 0.25703125 0.021875 0.0265625
0 0.2546875 0.21015625 0.0234375 0.0265625