0 0.14375 0.2 0.0390625 0.053125
0 0.21015625 0.34765625 0.0375 0.046875
0 0.17421875 0.27265625 0.040625 0.046875
0 0.203125 0.39140625 0.0421875 0.0484375
0 0.18671875 0.21875 0.0421875 0.053125
0 0.2296875 0.4375 0.0375 0.04375
0 0.2421875 0.3859375 0.040625 0.04375
0 0.23984375 0.3234375 0.0390625 0.05
0 0.2390625 0.27578125 0.04375 0.046875
0 0.2625 0.13671875 0.0390625 0.05
0 0.2359375 0.21171875 0.0421875 0.0515625
0 0.2875 0.17890625 0.034375 0.05
0 0.296875 0.13515625 0.034375 0.046875
0 0.2484375 0.478125 0.0375 0.046875
0 0.26484375 0.425 0.0390625 0.046875
0 0.23671875 0.5125 0.0390625 0.046875
0 0.27578125 0.50390625 0.034375 0.0453125
0 0.284375 0.4609375 0.0375 0.046875
0 0.325 0.1890625 0.0375 0.04375
0 0.29921875 0.540625 0.0375 0.04375
0 0.31171875 0.496875 0.034375 0.046875
0 0.26875 0.58046875 0.04375 0.04375
0 0.35234375 0.2328125 0.03125 0.046875
0 0.31015625 0.59765625 0.0390625 0.053125
0 0.33203125 0.55703125 0.034375 0.040625
0 0.34375 0.51875 0.0375 0.046875
0 0.3625 0.47734375 0.034375 0.046875
0 0.3875 0.4375 0.040625 0.0484375
0 0.36328125 0.2828125 0.040625 0.0453125
0 0.38984375 0.22578125 0.040625 0.0375
0 0.3578125 0.33046875 0.0421875 0.05
0 0.4 0.25390625 0.0421875 0.04375
0 0.41796875 0.3375 0.0375 0.046875
0 0.4171875 0.2859375 0.034375 0.046875
0 0.346875 0.59609375 0.0359375 0.0453125
0 0.36171875 0.56015625 0.0375 0.04375
0 0.3890625 0.53125 0.0390625 0.0484375
0 0.4015625 0.48515625 0.0328125 0.0515625
0 0.378125 0.62265625 0.0375 0.046875
0 0.40703125 0.5953125 0.0390625 0.046875
0 0.42109375 0.54921875 0.040625 0.046875
0 0.4 0.6671875 0.040625 0.046875
0 0.43046875 0.640625 0.0390625 0.05
0 0.4453125 0.59765625 0.0390625 0.05
0 0.46796875 0.559375 0.0390625 0.046875
0 0.4484375 0.5078125 0.040625 0.053125
0 0.4265625 0.4609375 0.040625 0.046875
0 0.4421875 0.37578125 0.0375 0.04375
0 0.4625 0.33828125 0.0359375 0.0484375
0 0.45390625 0.29296875 0.0375 0.04375
0 0.46796875 0.25234375 0.040625 0.046875
0 0.52578125 0.61640625 0.04375 0.046875
0 0.46484375 0.659375 0.040625 0.046875
0 0.48828125 0.61953125 0.0421875 0.05
0 0.4296875 0.6984375 0.0390625 0.0515625
0 0.5 0.675 0.0390625 0.046875
0 0.45703125 0.825 0.04375 0.05
0 0.3875 0.75546875 0.0453125 0.046875
0 0.52109375 0.71484375 0.040625 0.040625
0 0.53984375 0.84140625 0.0375 0.0453125
0 0.4921875 0.8921875 0.040625 0.0484375
0 0.58359375 0.83984375 0.0390625 0.053125
0 0.70546875 0.8484375 0.0421875 0.05
0 0.55859375 0.65 0.0375 0.0484375
0 0.58828125 0.61328125 0.0390625 0.0515625
0 0.55078125 0.45859375 0.0375 0.040625
0 0.55859375 0.340625 0.0359375 0.0390625
0 0.53828125 0.31328125 0.034375 0.04375
0 0.421875 0.153125 0.040625 0.04375
0 0.5828125 0.36484375 0.040625 0.0421875
0 0.60390625 0.3390625 0.0375 0.04375
0 0.5953125 0.41328125 0.040625 0.05
0 0.52109375 0.27421875 0.0328125 0.046875
0 0.63046875 0.40703125 0.040625 0.0359375
0 0.6296875 0.43671875 0.040625 0.040625
0 0.61015625 0.484375 0.0375 0.0484375
0 0.60859375 0.6703125 0.0390625 0.05625
0 0.653125 0.65234375 0.0390625 0.0328125
0 0.65078125 0.62421875 0.034375 0.0453125
0 0.628125 0.59765625 0.040625 0.046875
0 0.62265625 0.54921875 0.0375 0.046875
0 0.64609375 0.49765625 0.0390625 0.0375
0 0.55703125 0.41953125 0.034375 0.04375
0 0.65390625 0.528125 0.0390625 0.040625
0 0.653125 0.47109375 0.0375 0.0453125
0 0.83984375 0.6609375 0.04375 0.0515625
0 0.865625 0.59765625 0.0453125 0.053125
0 0.81640625 0.72734375 0.0453125 0.05
0 0.74609375 0.67109375 0.0390625 0.053125
0 0.7890625 0.659375 0.0421875 0.053125
0 0.7453125 0.7890625 0.040625 0.0578125
0 0.7125 0.6859375 0.0390625 0.05
0 0.70859375 0.63359375 0.040625 0.0484375
0 0.696875 0.58515625 0.0453125 0.0515625
0 0.7078125 0.50234375 0.0421875 0.053125
0 0.7234375 0.396875 0.0421875 0.05
0 0.721875 0.3390625 0.04375 0.046875
0 0.6609375 0.22734375 0.040625 0.0484375
0 0.7671875 0.175 0.040625 0.046875