0 0.09140625 0.64140625 0.025 0.025
0 0.07421875 0.721875 0.025 0.025
0 0.1328125 0.6046875 0.025 0.025
0 0.16484375 0.621875 0.025 0.025
0 0.1484375 0.6640625 0.025 0.0234375
0 0.25703125 0.67578125 0.025 0.025
0 0.23125 0.56953125 0.025 0.025
0 0.21015625 0.52734375 0.025 0.025
0 0.15859375 0.753125 0.028125 0.025
0 0.2890625 0.6375 0.025 0.025
0 0.25234375 0.503125 0.025 0.025
0 0.2625 0.74453125 0.025 0.025
0 0.17734375 0.6703125 0.025 0.025
0 0.240625 0.70703125 0.025 0.025
0 0.296875 0.68671875 0.025 0.025
0 0.303125 0.56875 0.025 0.0234375
0 0.14765625 0.5234375 0.025 0.025
0 0.41640625 0.60390625 0.025 0.025
0 0.40703125 0.52578125 0.0234375 0.025
0 0.1859375 0.6984375 0.025 0.0234375
0 0.1953125 0.67890625 0.025 0.0234375
0 0.4828125 0.57421875 0.0234375 0.0234375
0 0.16796875 0.53515625 0.025 0.025
0 0.43671875 0.53671875 0.025 0.025
0 0.35703125 0.64453125 0.025 0.025
0 0.31875 0.68515625 0.0234375 0.025
0 0.21640625 0.70078125 0.0234375 0.0234375
0 0.51796875 0.58515625 0.021875 0.0234375
0 0.20234375 0.715625 0.025 0.025
0 0.5890625 0.60546875 0.021875 0.0234375
0 0.54453125 0.3890625 0.025 0.025
0 0.59140625 0.51328125 0.021875 0.025
0 0.63046875 0.63671875 0.021875 0.021875
0 0.63125 0.49296875 0.021875 0.0234375
0 0.6484375 0.69296875 0.025 0.0234375
0 0.66953125 0.36875 0.021875 0.021875
0 0.52265625 0.63828125 0.0203125 0.01875
0 0.621875 0.54375 0.021875 0.025
0 0.6734375 0.4546875 0.021875 0.0234375
0 0.6390625 0.40390625 0.021875 0.025
0 0.65625 0.41875 0.021875 0.021875
0 0.653125 0.45625 0.021875 0.0234375
0 0.68984375 0.41796875 0.021875 0.021875
0 0.6671875 0.546875 0.025 0.021875
0 0.88046875 0.5921875 0.021875 0.0234375
0 0.690625 0.49765625 0.025 0.0234375
0 0.80390625 0.3015625 0.021875 0.021875
0 0.903125 0.5359375 0.021875 0.021875
0 0.78046875 0.5671875 0.021875 0.021875
0 0.9234375 0.50859375 0.021875 0.021875
0 0.9078125 0.56640625 0.021875 0.021875
0 0.8 0.35234375 0.021875 0.021875
0 0.91875 0.203125 0.021875 0.021875
0 0.85078125 0.6 0.021875 0.021875
0 0.88828125 0.4625 0.021875 0.021875
0 0.73671875 0.44140625 0.021875 0.021875
0 0.89375 0.11796875 0.021875 0.021875
0 0.92578125 0.6984375 0.021875 0.021875
0 0.85859375 0.5671875 0.021875 0.021875
0 0.79140625 0.3875 0.021875 0.021875
0 0.77109375 0.62109375 0.021875 0.021875
0 0.7828125 0.5265625 0.021875 0.021875
0 0.903125 0.703125 0.021875 0.0234375
0 0.75390625 0.5609375 0.021875 0.021875
0 0.79921875 0.5359375 0.021875 0.021875
0 0.72734375 0.4578125 0.021875 0.021875
0 0.846875 0.63828125 0.021875 0.021875
0 0.9046875 0.61171875 0.021875 0.025
0 0.93359375 0.58671875 0.021875 0.021875
0 0.85703125 0.66015625 0.021875 0.021875
0 0.83125 0.61015625 0.021875 0.021875
0 0.86875 0.35 0.0234375 0.0234375
0 0.89375 0.55390625 0.021875 0.021875
0 0.74296875 0.39140625 0.021875 0.021875
0 0.8703125 0.63203125 0.025 0.0234375
0 0.71484375 0.5234375 0.021875 0.0234375
0 0.89453125 0.440625 0.025 0.021875
0 0.73515625 0.51875 0.0234375 0.021875
0 0.953125 0.49921875 0.021875 0.021875
0 0.76953125 0.55078125 0.021875 0.021875
0 0.91875 0.71796875 0.021875 0.021875
0 0.7359375 0.41796875 0.021875 0.021875
0 0.7171875 0.41875 0.021875 0.021875
0 0.896875 0.7234375 0.021875 0.0234375
0 0.8390625 0.66953125 0.021875 0.021875
0 0.8765625 0.5609375 0.021875 0.021875
0 0.77890625 0.50546875 0.021875 0.021875
0 0.93125 0.4890625 0.021875 0.021875
0 0.9046875 0.5046875 0.021875 0.021875
0 0.89140625 0.51953125 0.021875 0.0234375
0 0.9625 0.61171875 0.021875 0.021875
0 0.9859375 0.62109375 0.021875 0.021875
0 0.909375 0.453125 0.021875 0.021875
0 0.928125 0.5671875 0.021875 0.021875
0 0.88359375 0.2640625 0.021875 0.021875
0 0.76875 0.38125 0.021875 0.021875
0 0.80390625 0.66640625 0.021875 0.021875
0 0.9015625 0.66015625 0.021875 0.0234375
0 0.7765625 0.65078125 0.021875 0.025
0 0.8953125 0.7734375 0.021875 0.021875
0 0.94296875 0.37890625 0.0234375 0.021875
0 0.96953125 0.684375 0.021875 0.021875
0 0.9125 0.48515625 0.021875 0.021875
0 0.953125 0.59453125 0.021875 0.021875
0 0.79921875 0.62265625 0.021875 0.021875
0 0.8484375 0.34453125 0.021875 0.021875
0 0.94609375 0.4796875 0.021875 0.021875
0 0.81640625 0.44375 0.0234375 0.0234375
0 0.9359375 0.6359375 0.021875 0.021875
0 0.8609375 0.31015625 0.021875 0.021875
0 0.92109375 0.4203125 0.021875 0.025
0 0.9890625 0.69375 0.021875 0.021875
0 0.72109375 0.475 0.0234375 0.0234375
0 0.8890625 0.39453125 0.021875 0.025
0 0.9359375 0.2484375 0.021875 0.021875
0 0.86796875 0.465625 0.0234375 0.025
0 0.984375 0.7125 0.021875 0.021875
0 0.8875 0.29453125 0.021875 0.021875
0 0.78671875 0.66953125 0.021875 0.0234375
0 0.965625 0.70546875 0.021875 0.0234375
0 0.9390625 0.27734375 0.021875 0.021875
0 0.91875 0.5515625 0.021875 0.021875
0 0.93359375 0.45390625 0.021875 0.0234375
0 0.96328125 0.6328125 0.021875 0.021875
0 0.93046875 0.73203125 0.0234375 0.0234375
0 0.959375 0.29296875 0.021875 0.021875
0 0.97734375 0.415625 0.021875 0.021875
0 0.83671875 0.74921875 0.021875 0.0234375
0 0.8703125 0.759375 0.021875 0.021875
0 0.9 0.68515625 0.0234375 0.0234375
0 0.95859375 0.66953125 0.021875 0.021875
0 0.84375 0.76953125 0.021875 0.0234375
0 0.8171875 0.5015625 0.021875 0.021875
0 0.965625 0.38125 0.021875 0.021875
0 0.86796875 0.7796875 0.021875 0.025
0 0.95546875 0.3265625 0.021875 0.0234375
0 0.99765625 0.6953125 0.0046875 0.021875
0 0.85859375 0.58671875 0.021875 0.021875
0 0.97421875 0.4859375 0.021875 0.021875
0 0.98984375 0.490625 0.0203125 0.021875
0 0.82109375 0.66171875 0.021875 0.021875
0 0.97890625 0.46875 0.021875 0.021875
0 0.9921875 0.6046875 0.015625 0.021875
0 0.95625 0.23203125 0.01875 0.0203125
0 0.82265625 0.43203125 0.021875 0.021875
0 0.98359375 0.39609375 0.015625 0.0203125
0 0.99296875 0.471875 0.0140625 0.021875
0 0.51875 0.65 0.025 0.025