0 0.05234375 0.603125 0.0375 0.0359375
0 0.1125 0.496875 0.0390625 0.0359375
0 0.12890625 0.43828125 0.03828125 0.0375
0 0.18515625 0.43046875 0.03828125 0.03671875
0 0.17421875 0.47421875 0.03828125 0.03828125
0 0.16328125 0.50859375 0.03828125 0.0375
0 0.146875 0.53828125 0.03671875 0.03671875
0 0.18515625 0.5609375 0.040625 0.03671875
0 0.1609375 0.64609375 0.03828125 0.03671875
0 0.215625 0.50703125 0.0375 0.0359375
0 0.24296875 0.46328125 0.03828125 0.0390625
0 0.25 0.4171875 0.03984375 0.0375
0 0.27578125 0.33125 0.03828125 0.0375
0 0.26328125 0.36484375 0.0375 0.03671875
0 0.2734375 0.275 0.0390625 0.03828125
0 0.3109375 0.26640625 0.0375 0.0375
0 0.3453125 0.2375 0.03671875 0.04375
0 0.43984375 0.23984375 0.040625 0.04765625
0 0.38125 0.27265625 0.03828125 0.03828125
0 0.4828125 0.2375 0.0375 0.03828125
0 0.42265625 0.2828125 0.0375 0.0421875
0 0.5046875 0.16328125 0.0390625 0.03984375
0 0.56171875 0.1609375 0.0375 0.03828125
0 0.603125 0.18515625 0.03671875 0.03984375
0 0.6859375 0.17890625 0.03671875 0.03984375
0 0.7375 0.1203125 0.03671875 0.0375
0 0.73125 0.18828125 0.03671875 0.0375
0 0.721875 0.23046875 0.03671875 0.03828125
0 0.778125 0.24609375 0.03671875 0.03671875
0 0.54765625 0.259375 0.03671875 0.0453125
0 0.640625 0.2578125 0.03828125 0.0375
0 0.6640625 0.2875 0.0359375 0.03984375
0 0.58515625 0.2890625 0.0359375 0.03671875
0 0.52265625 0.2984375 0.0359375 0.0375
0 0.490625 0.275 0.03828125 0.03828125
0 0.4359375 0.3203125 0.03828125 0.0390625
0 0.46796875 0.3015625 0.0375 0.0453125
0 0.41015625 0.353125 0.0390625 0.03984375
0 0.36484375 0.3265625 0.03828125 0.03828125
0 0.47265625 0.353125 0.0375 0.04296875
0 0.590625 0.3359375 0.0359375 0.0375
0 0.5125 0.3421875 0.0375 0.0375
0 0.55390625 0.3359375 0.03671875 0.03828125
0 0.6265625 0.30625 0.03671875 0.0375
0 0.70703125 0.29921875 0.03671875 0.0375
0 0.7671875 0.3 0.0375 0.0421875
0 0.80625 0.3203125 0.0375 0.040625
0 0.68203125 0.334375 0.0359375 0.03671875
0 0.63828125 0.34375 0.0359375 0.0375
0 0.61484375 0.38203125 0.03671875 0.0375
0 0.57421875 0.37421875 0.0375 0.04296875
0 0.5375 0.375 0.03671875 0.0375
0 0.53984375 0.4109375 0.03671875 0.03828125
0 0.503125 0.421875 0.0375 0.0375
0 0.46484375 0.42578125 0.0375 0.03671875
0 0.43515625 0.40234375 0.03828125 0.0375
0 0.34765625 0.42109375 0.0375 0.03671875
0 0.39140625 0.40546875 0.03828125 0.0390625
0 0.31171875 0.4 0.03828125 0.0359375
0 0.2875 0.459375 0.040625 0.03671875
0 0.3109375 0.48828125 0.0390625 0.0359375
0 0.2703125 0.52734375 0.03828125 0.03671875
0 0.275 0.56484375 0.04296875 0.0375
0 0.31875 0.52421875 0.03828125 0.03671875
0 0.34765625 0.5453125 0.0359375 0.03671875
0 0.31640625 0.5609375 0.03515625 0.0359375
0 0.34765625 0.57890625 0.03671875 0.0359375
0 0.2484375 0.621875 0.03671875 0.03671875
0 0.3078125 0.60859375 0.0375 0.040625
0 0.3328125 0.64296875 0.03671875 0.0375
0 0.3640625 0.66015625 0.0359375 0.0375
0 0.3421875 0.6984375 0.03671875 0.0359375
0 0.2828125 0.7140625 0.03671875 0.0390625
0 0.334375 0.759375 0.0390625 0.03671875
0 0.32421875 0.815625 0.0375 0.03671875
0 0.25 0.85625 0.0359375 0.04140625
0 0.375 0.79921875 0.0375 0.03671875
0 0.3765625 0.74375 0.0390625 0.0375
0 0.41953125 0.79375 0.03828125 0.0390625
0 0.41875 0.753125 0.040625 0.0375
0 0.4546875 0.76953125 0.0359375 0.0375
0 0.46484375 0.8015625 0.0375 0.0375
0 0.49453125 0.821875 0.03984375 0.0375
0 0.528125 0.7953125 0.0375 0.0375
0 0.4921875 0.8578125 0.0359375 0.0375
0 0.590625 0.84921875 0.03671875 0.03828125
0 0.5703125 0.815625 0.0375 0.0375
0 0.58046875 0.7828125 0.0359375 0.0375
0 0.63359375 0.778125 0.03671875 0.0375
0 0.759375 0.778125 0.03671875 0.0359375
0 0.71953125 0.77265625 0.0359375 0.03671875
0 0.77421875 0.746875 0.03671875 0.0359375
0 0.7359375 0.72421875 0.0375 0.0375
0 0.79609375 0.69375 0.0390625 0.03671875
0 0.6875 0.7359375 0.03671875 0.0359375
0 0.69609375 0.703125 0.03828125 0.03671875
0 0.73359375 0.68671875 0.0359375 0.03828125
0 0.7484375 0.6484375 0.0375 0.0359375
0 0.68125 0.66796875 0.0375 0.04140625
0 0.64453125 0.703125 0.0359375 0.0359375
0 0.6359375 0.7421875 0.0359375 0.03515625
0 0.60625 0.67578125 0.0359375 0.03671875
0 0.5921875 0.71171875 0.03984375 0.03671875
0 0.584375 0.74375 0.03984375 0.03828125
0 0.55 0.7203125 0.0359375 0.03671875
0 0.56796875 0.678125 0.0359375 0.03828125
0 0.5515625 0.76015625 0.034375 0.03671875
0 0.509375 0.75625 0.0359375 0.03671875
0 0.48046875 0.7359375 0.0359375 0.0359375
0 0.5171875 0.70703125 0.03671875 0.03671875
0 0.45859375 0.70625 0.03671875 0.0390625
0 0.5109375 0.63359375 0.03671875 0.03671875
0 0.384375 0.69765625 0.03828125 0.0375
0 0.5140625 0.5953125 0.0359375 0.0375
0 0.55625 0.59296875 0.0359375 0.0359375
0 0.409375 0.6703125 0.0375 0.0375
0 0.45625 0.6671875 0.0375 0.0375
0 0.42421875 0.70625 0.0359375 0.03671875
0 0.5515625 0.64609375 0.0359375 0.03828125
0 0.49765625 0.6765625 0.03671875 0.03671875
0 0.47890625 0.6078125 0.0359375 0.03828125
0 0.428125 0.63125 0.0359375 0.03828125
0 0.3953125 0.6375 0.0375 0.0390625
0 0.36875 0.6109375 0.03671875 0.0359375
0 0.4109375 0.6 0.03671875 0.0359375
0 0.3796875 0.525 0.0375 0.03671875
0 0.3796875 0.5640625 0.0375 0.0375
0 0.41484375 0.54375 0.03515625 0.0359375
0 0.45 0.5671875 0.0359375 0.03515625
0 0.41875 0.50546875 0.0375 0.03671875
0 0.45625 0.4953125 0.03671875 0.03671875
0 0.446875 0.53046875 0.03671875 0.0375
0 0.36875 0.45546875 0.03828125 0.03671875
0 0.390625 0.48203125 0.0359375 0.0359375
0 0.35390625 0.5015625 0.0375 0.03515625
0 0.4296875 0.47265625 0.0375 0.03671875
0 0.41796875 0.4375 0.0375 0.03671875
0 0.475 0.4609375 0.03671875 0.0359375
0 0.52265625 0.5078125 0.0359375 0.0359375
0 0.49375 0.490625 0.03515625 0.0359375
0 0.4828125 0.525 0.0359375 0.03671875
0 0.49765625 0.5578125 0.03828125 0.03671875
0 0.534375 0.540625 0.0359375 0.0359375
0 0.5953125 0.58984375 0.03515625 0.0359375
0 0.83046875 0.6109375 0.0390625 0.0359375
0 0.7484375 0.59609375 0.0375 0.0390625
0 0.6234375 0.6140625 0.03515625 0.03515625
0 0.66640625 0.60390625 0.03671875 0.0359375
0 0.63828125 0.57421875 0.0359375 0.03828125
0 0.6140625 0.53984375 0.03515625 0.03515625
0 0.5671875 0.553125 0.03671875 0.03828125
0 0.60078125 0.50859375 0.0359375 0.03828125
0 0.559375 0.5109375 0.03671875 0.03828125
0 0.578125 0.4265625 0.0359375 0.0375
0 0.60859375 0.44609375 0.0359375 0.0359375
0 0.5171875 0.45390625 0.0375 0.03671875
0 0.5484375 0.46796875 0.03671875 0.0359375
0 0.628125 0.478125 0.03671875 0.03828125
0 0.66875 0.4796875 0.0359375 0.03671875
0 0.63828125 0.5140625 0.03671875 0.0390625
0 0.675 0.52265625 0.0375 0.03515625
0 0.8015625 0.565625 0.03671875 0.03671875
0 0.74140625 0.51875 0.03671875 0.0359375
0 0.74296875 0.56015625 0.03828125 0.0375
0 0.8015625 0.47265625 0.0375 0.03671875
0 0.82109375 0.5046875 0.0375 0.0359375
0 0.8484375 0.4765625 0.03671875 0.03671875
0 0.8796875 0.37890625 0.03671875 0.03671875
0 0.896875 0.4140625 0.03828125 0.04140625
0 0.84453125 0.4390625 0.0375 0.03671875
0 0.82578125 0.40234375 0.0390625 0.03828125
0 0.76171875 0.40546875 0.0375 0.03671875
0 0.72734375 0.42890625 0.0375 0.0375
0 0.7375 0.46875 0.0375 0.0359375
0 0.684375 0.425 0.03671875 0.05546875
0 0.90546875 0.49296875 0.03671875 0.0390625
0 0.634375 0.41796875 0.03671875 0.0359375
0 0.67578125 0.375 0.0359375 0.0359375
0 0.584375 0.47734375 0.0359375 0.03671875
0 0.7234375 0.378125 0.03671875 0.0375
0 0.5 0.38046875 0.03671875 0.03984375
0 0.66875 0.8921875 0.03828125 0.040625