0 0.225 0.33046875 0.0375 0.03359375
0 0.303125 0.2875 0.0328125 0.03359375
0 0.33125 0.3078125 0.03359375 0.034375
0 0.08984375 0.51328125 0.03203125 0.0359375
0 0.07421875 0.54140625 0.03203125 0.03203125
0 0.0890625 0.5875 0.0375 0.0359375
0 0.26484375 0.4953125 0.03515625 0.03359375
0 0.24609375 0.53046875 0.034375 0.0328125
0 0.23203125 0.59921875 0.03515625 0.03828125
0 0.215625 0.63203125 0.03828125 0.034375
0 0.31953125 0.621875 0.0328125 0.03515625
0 0.3328125 0.5296875 0.03359375 0.03046875
0 0.40078125 0.53125 0.03203125 0.03203125
0 0.41640625 0.546875 0.0359375 0.03359375
0 0.38828125 0.58828125 0.0328125 0.034375
0 0.45859375 0.578125 0.03125 0.03359375
0 0.4796875 0.5234375 0.03046875 0.03203125
0 0.49921875 0.52578125 0.02734375 0.03671875
0 0.5078125 0.60546875 0.03125 0.03046875
0 0.52265625 0.634375 0.0359375 0.034375
0 0.40859375 0.65234375 0.0328125 0.034375
0 0.34140625 0.653125 0.0328125 0.03515625
0 0.571875 0.42734375 0.03359375 0.03359375
0 0.590625 0.4359375 0.03203125 0.03046875
0 0.6296875 0.43671875 0.03203125 0.03359375
0 0.6078125 0.46640625 0.03203125 0.034375
0 0.66328125 0.49296875 0.03203125 0.0328125
0 0.671875 0.5296875 0.0328125 0.03125
0 0.7078125 0.5265625 0.034375 0.0296875
0 0.74140625 0.515625 0.0296875 0.03203125
0 0.778125 0.5140625 0.03125 0.03359375
0 0.684375 0.5625 0.03046875 0.03359375
0 0.7296875 0.55234375 0.03125 0.03203125
0 0.7609375 0.56171875 0.03125 0.03671875
0 0.79375 0.57421875 0.03125 0.03359375
0 0.83125 0.54609375 0.03203125 0.0328125
0 0.88359375 0.51953125 0.03125 0.034375
0 0.91796875 0.5046875 0.034375 0.0328125
0 0.9453125 0.51953125 0.0359375 0.03203125
0 0.9140625 0.53671875 0.0328125 0.034375
0 0.590625 0.60078125 0.03203125 0.03359375
0 0.66484375 0.59609375 0.02890625 0.03125
0 0.69296875 0.61484375 0.03515625 0.03203125
0 0.72421875 0.5921875 0.0328125 0.034375
0 0.73515625 0.628125 0.0328125 0.034375
0 0.76796875 0.64609375 0.0359375 0.03359375
0 0.74296875 0.66015625 0.03359375 0.03203125
0 0.70703125 0.65859375 0.03125 0.03359375
0 0.75 0.70546875 0.034375 0.0359375
0 0.690625 0.69140625 0.03203125 0.03203125
0 0.66640625 0.65390625 0.03046875 0.0375
0 0.65078125 0.62890625 0.03125 0.03203125
0 0.6140625 0.628125 0.03359375 0.034375
0 0.4796875 0.7390625 0.03515625 0.03828125
0 0.50390625 0.7421875 0.03671875 0.0359375
0 0.5859375 0.71640625 0.0328125 0.03359375
0 0.58359375 0.7515625 0.0359375 0.0375
0 0.62109375 0.746875 0.034375 0.0359375
0 0.6609375 0.73828125 0.03515625 0.0359375
0 0.70625 0.73515625 0.03515625 0.03515625
0 0.7328125 0.8046875 0.034375 0.0359375