0 0.20546875 0.2671875 0.040625 0.0359375
0 0.24765625 0.2234375 0.0375 0.0375
0 0.23828125 0.3296875 0.0375 0.040625
0 0.2546875 0.29609375 0.0375 0.0328125
0 0.2453125 0.2609375 0.0375 0.034375
0 0.27734375 0.24921875 0.034375 0.0359375
0 0.30078125 0.22109375 0.034375 0.034375
0 0.28984375 0.284375 0.0375 0.034375
0 0.31015625 0.25625 0.034375 0.034375
0 0.28125 0.3234375 0.0359375 0.0375
0 0.28046875 0.39296875 0.0359375 0.0375
0 0.275 0.3578125 0.0375 0.0359375
0 0.31171875 0.3828125 0.034375 0.0328125
0 0.3078125 0.34609375 0.0328125 0.034375
0 0.3140625 0.3125 0.034375 0.034375
0 0.3359375 0.2796875 0.034375 0.034375
0 0.35234375 0.2515625 0.0359375 0.034375
0 0.375 0.23125 0.03125 0.0375
0 0.3734375 0.2765625 0.03125 0.03125
0 0.35625 0.3078125 0.03125 0.0375
0 0.3421875 0.36875 0.03125 0.0359375
0 0.3390625 0.3359375 0.03125 0.03125
0 0.33359375 0.40859375 0.034375 0.034375
0 0.3625 0.3953125 0.0328125 0.0328125
0 0.36953125 0.34609375 0.03125 0.0359375
0 0.34375 0.4421875 0.0328125 0.0375
0 0.3765625 0.4265625 0.03125 0.0359375
0 0.3921875 0.3921875 0.028125 0.034375
0 0.39609375 0.35859375 0.03125 0.03125
0 0.3859375 0.31953125 0.03125 0.034375
0 0.40234375 0.29375 0.0296875 0.034375
0 0.41171875 0.26171875 0.0296875 0.034375
0 0.4078125 0.42109375 0.03125 0.034375
0 0.4203125 0.39296875 0.028125 0.03125
0 0.42578125 0.36328125 0.028125 0.028125
0 0.4140625 0.33125 0.028125 0.03125
0 0.42890625 0.30625 0.025 0.028125
0 0.44140625 0.3390625 0.028125 0.03125
0 0.45625 0.31171875 0.028125 0.0328125
0 0.48359375 0.3078125 0.028125 0.03125
0 0.425 0.44609375 0.028125 0.03125
0 0.44140625 0.41796875 0.03125 0.03125
0 0.446875 0.38828125 0.028125 0.0296875
0 0.46328125 0.36328125 0.028125 0.034375
0 0.47890625 0.33828125 0.0265625 0.03125
0 0.45078125 0.459375 0.0296875 0.034375
0 0.4734375 0.4421875 0.028125 0.028125
0 0.465625 0.41171875 0.025 0.034375
0 0.4828125 0.3921875 0.025 0.03125
0 0.49609375 0.3640625 0.025 0.03125
0 0.49140625 0.42109375 0.028125 0.03125
0 0.509375 0.4 0.028125 0.028125
0 0.52734375 0.38359375 0.0296875 0.03125
0 0.48515625 0.4703125 0.0328125 0.03125
0 0.5 0.44921875 0.025 0.03125
0 0.51796875 0.42890625 0.028125 0.03125
0 0.53671875 0.41015625 0.0296875 0.03125
0 0.55390625 0.38984375 0.028125 0.03125
0 0.48828125 0.496875 0.03125 0.028125
0 0.5125 0.48046875 0.028125 0.034375
0 0.53359375 0.465625 0.028125 0.028125
0 0.546875 0.440625 0.028125 0.0265625
0 0.56953125 0.428125 0.028125 0.028125
0 0.51015625 0.51171875 0.03125 0.03125
0 0.53203125 0.49609375 0.0296875 0.034375
0 0.553125 0.48125 0.0234375 0.028125
0 0.5671875 0.45625 0.0265625 0.028125
0 0.55703125 0.5234375 0.025 0.03125
0 0.57109375 0.5 0.0234375 0.028125
0 0.58359375 0.475 0.025 0.025
0 0.59375 0.45 0.028125 0.028125
0 0.58671875 0.5203125 0.0265625 0.03125
0 0.5984375 0.49609375 0.021875 0.028125
0 0.609375 0.4734375 0.025 0.03125
0 0.621875 0.4484375 0.021875 0.0296875
0 0.5875 0.54765625 0.0265625 0.0296875
0 0.60859375 0.52109375 0.025 0.028125
0 0.61953125 0.5 0.025 0.03125
0 0.63203125 0.4796875 0.025 0.034375
0 0.64453125 0.45078125 0.025 0.0296875
0 0.665625 0.4390625 0.025 0.0296875
0 0.61171875 0.55 0.0265625 0.028125
0 0.62890625 0.52421875 0.025 0.0265625
0 0.6390625 0.50234375 0.025 0.025
0 0.6546875 0.48046875 0.021875 0.025
0 0.6703125 0.46875 0.0203125 0.025
0 0.6171875 0.5734375 0.0234375 0.028125
0 0.63671875 0.55078125 0.01875 0.021875
0 0.6484375 0.525 0.021875 0.025
0 0.6625 0.5078125 0.0234375 0.025
0 0.6796875 0.49453125 0.0234375 0.0265625
0 0.68984375 0.46953125 0.0234375 0.0296875
0 0.63984375 0.57734375 0.025 0.028125
0 0.65546875 0.553125 0.021875 0.025
0 0.66796875 0.5328125 0.021875 0.025
0 0.6859375 0.51953125 0.021875 0.0265625
0 0.659375 0.58203125 0.021875 0.028125
0 0.67578125 0.553125 0.021875 0.025
0 0.69765625 0.5671875 0.025 0.0265625
0 0.69453125 0.5421875 0.0203125 0.025
0 0.7046875 0.5125 0.0234375 0.021875
0 0.70390625 0.4875 0.01875 0.025
0 0.70546875 0.45703125 0.021875 0.025
0 0.72578125 0.45625 0.021875 0.028125
0 0.71953125 0.546875 0.021875 0.025
0 0.725 0.5171875 0.021875 0.0265625
0 0.72109375 0.48359375 0.021875 0.028125
0 0.740625 0.47109375 0.01875 0.025
0 0.7578125 0.4640625 0.0203125 0.025
0 0.77265625 0.44296875 0.0203125 0.025
0 0.74453125 0.496875 0.021875 0.0265625
0 0.7703125 0.48125 0.025 0.0265625
0 0.790625 0.45546875 0.0203125 0.025
0 0.78515625 0.5125 0.01875 0.0234375
0 0.79765625 0.48203125 0.021875 0.0265625
0 0.7359375 0.5578125 0.021875 0.025
0 0.72890625 0.58828125 0.021875 0.025
0 0.75234375 0.5875 0.0234375 0.0265625
0 0.76875 0.55703125 0.025 0.0265625
0 0.79453125 0.53671875 0.025 0.025
0 0.78359375 0.6359375 0.0203125 0.0265625
0 0.7921875 0.6140625 0.01875 0.021875
0 0.79765625 0.5921875 0.01875 0.025
0 0.8078125 0.5671875 0.01875 0.028125
0 0.84921875 0.446875 0.01875 0.0296875
0 0.8375 0.56484375 0.01875 0.021875
0 0.81328125 0.6015625 0.015625 0.025
0 0.82265625 0.57578125 0.01875 0.025
0 0.80703125 0.62265625 0.01875 0.025
0 0.8265625 0.596875 0.0171875 0.0234375
0 0.840625 0.584375 0.015625 0.021875
0 0.853125 0.571875 0.0171875 0.0234375
0 0.88515625 0.60390625 0.0171875 0.021875
0 0.85546875 0.59375 0.015625 0.021875
0 0.825 0.62109375 0.01875 0.021875
0 0.8421875 0.61328125 0.015625 0.025
0 0.815625 0.6421875 0.015625 0.021875
0 0.8265625 0.659375 0.015625 0.03125
0 0.8328125 0.6359375 0.01875 0.021875
0 0.85546875 0.621875 0.0171875 0.0203125
0 0.84453125 0.67109375 0.015625 0.0234375
0 0.846875 0.64375 0.015625 0.0203125
0 0.8671875 0.63125 0.015625 0.021875
0 0.8625 0.65390625 0.0171875 0.0234375