0 0.39921875 0.2984375 0.0578125 0.053125
0 0.3671875 0.27890625 0.053125 0.059375
0 0.47265625 0.3015625 0.05546875 0.05859375
0 0.43203125 0.353125 0.0546875 0.05859375
0 0.23828125 0.44609375 0.04609375 0.053125
0 0.2015625 0.44375 0.04765625 0.05234375
0 0.0953125 0.48125 0.059375 0.0546875
0 0.06875 0.45390625 0.04609375 0.05078125
0 0.16640625 0.5359375 0.05234375 0.05703125
0 0.04765625 0.553125 0.05546875 0.05859375
0 0.25390625 0.58515625 0.05703125 0.05234375
0 0.27890625 0.6296875 0.05703125 0.053125
0 0.084375 0.6578125 0.06015625 0.05390625
0 0.19921875 0.8015625 0.0546875 0.0578125
0 0.24453125 0.80546875 0.05390625 0.05546875
0 0.384375 0.76640625 0.0578125 0.06015625
0 0.3828125 0.82578125 0.05 0.0578125
0 0.44140625 0.815625 0.0546875 0.05546875
0 0.50703125 0.80078125 0.05625 0.06015625
0 0.6234375 0.90703125 0.0578125 0.05390625
0 0.58203125 0.7984375 0.059375 0.05859375
0 0.56015625 0.72578125 0.0546875 0.05703125
0 0.5203125 0.66953125 0.05546875 0.0609375
0 0.49609375 0.625 0.059375 0.0546875
0 0.43828125 0.62265625 0.0671875 0.06171875
0 0.39609375 0.578125 0.0546875 0.05546875
0 0.521875 0.571875 0.05390625 0.053125
0 0.5671875 0.60234375 0.0515625 0.05546875
0 0.58828125 0.6734375 0.05078125 0.05546875
0 0.6453125 0.678125 0.05390625 0.053125
0 0.63671875 0.62734375 0.05859375 0.05703125
0 0.68828125 0.6578125 0.0609375 0.059375
0 0.653125 0.753125 0.05546875 0.06171875
0 0.621875 0.56875 0.0546875 0.06328125
0 0.5546875 0.5171875 0.0609375 0.05859375
0 0.5359375 0.4609375 0.059375 0.05625
0 0.528125 0.40078125 0.05859375 0.0609375
0 0.59765625 0.4546875 0.05234375 0.053125
0 0.6296875 0.50078125 0.0578125 0.0515625
0 0.678125 0.51875 0.06328125 0.05546875
0 0.73515625 0.540625 0.0578125 0.06171875
0 0.65234375 0.440625 0.05625 0.06171875
0 0.71328125 0.43671875 0.0609375 0.065625
0 0.80078125 0.4953125 0.0578125 0.06328125
0 0.8859375 0.453125 0.05859375 0.05703125
0 0.93359375 0.4828125 0.05546875 0.0578125
0 0.94453125 0.43125 0.059375 0.06015625
0 0.97578125 0.4578125 0.046875 0.0640625