0 0.38515625 0.6390625 0.01875 0.01953125
0 0.375 0.62109375 0.01796875 0.01796875
0 0.35546875 0.62421875 0.01796875 0.01875
0 0.39296875 0.62109375 0.01796875 0.0203125
0 0.41171875 0.6234375 0.0171875 0.01953125
0 0.41796875 0.60625 0.01796875 0.01796875
0 0.39921875 0.6046875 0.0171875 0.01953125
0 0.38125 0.6046875 0.01875 0.01953125
0 0.3609375 0.6046875 0.01796875 0.01875
0 0.353125 0.58515625 0.01640625 0.01796875
0 0.3890625 0.5875 0.01796875 0.0171875
0 0.3703125 0.5890625 0.015625 0.01640625
0 0.43515625 0.6015625 0.01875 0.0171875
0 0.4265625 0.5859375 0.01796875 0.01953125
0 0.40703125 0.5875 0.01640625 0.0171875
0 0.39765625 0.57109375 0.015625 0.0171875
0 0.375 0.571875 0.01796875 0.0171875
0 0.3578125 0.5671875 0.01796875 0.01796875
0 0.353125 0.546875 0.01796875 0.0171875
0 0.36953125 0.55390625 0.01640625 0.0171875
0 0.38671875 0.5578125 0.015625 0.01796875
0 0.415625 0.57109375 0.0171875 0.01640625
0 0.40390625 0.5515625 0.0171875 0.0171875
0 0.43359375 0.56875 0.01640625 0.01796875
0 0.4234375 0.55546875 0.01640625 0.01640625
0 0.4515625 0.56171875 0.01875 0.01796875
0 0.440625 0.5484375 0.01796875 0.01640625
0 0.4234375 0.5390625 0.0171875 0.01484375
0 0.390625 0.53984375 0.0171875 0.015625
0 0.3734375 0.5359375 0.0171875 0.01640625
0 0.40703125 0.534375 0.0171875 0.0171875
0 0.3921875 0.5234375 0.01640625 0.0171875
0 0.36015625 0.5234375 0.01640625 0.0171875
0 0.37734375 0.5171875 0.01484375 0.0171875
0 0.390625 0.50703125 0.01640625 0.01640625
0 0.40859375 0.51640625 0.015625 0.01640625
0 0.425 0.52109375 0.01796875 0.0171875
0 0.43984375 0.5078125 0.01640625 0.0171875
0 0.44140625 0.53046875 0.01796875 0.01796875
0 0.45390625 0.51875 0.01640625 0.0171875
0 0.4234375 0.5046875 0.0171875 0.015625
0 0.4609375 0.5046875 0.01796875 0.0171875
0 0.453125 0.48984375 0.0140625 0.01640625
0 0.4359375 0.49296875 0.015625 0.015625
0 0.471875 0.4890625 0.01640625 0.01953125
0 0.45625 0.47421875 0.01640625 0.01640625
0 0.4375 0.478125 0.01875 0.01640625
0 0.41953125 0.48515625 0.015625 0.015625
0 0.40625 0.49609375 0.01796875 0.0171875
0 0.38984375 0.49140625 0.01640625 0.01640625
0 0.375 0.5 0.01796875 0.0171875
0 0.375 0.48203125 0.01875 0.01796875
0 0.40390625 0.47890625 0.015625 0.01640625
0 0.40390625 0.46171875 0.0171875 0.0171875
0 0.3875 0.45546875 0.01640625 0.01640625
0 0.4234375 0.4703125 0.01875 0.01640625
0 0.41875 0.4546875 0.0171875 0.015625
0 0.40390625 0.44296875 0.01796875 0.0171875
0 0.43515625 0.45078125 0.0171875 0.01640625
0 0.4609375 0.45390625 0.01796875 0.01640625
0 0.4453125 0.46328125 0.01640625 0.0171875
0 0.47109375 0.46640625 0.0171875 0.01640625
0 0.48515625 0.47890625 0.0171875 0.0171875
0 0.48828125 0.46328125 0.01796875 0.015625
0 0.4796875 0.44921875 0.01640625 0.0171875
0 0.471875 0.4328125 0.015625 0.01640625
0 0.4484375 0.4390625 0.015625 0.01640625
0 0.421875 0.43671875 0.0171875 0.015625
0 0.4375 0.41875 0.01640625 0.015625
0 0.45625 0.421875 0.01484375 0.01640625
0 0.4765625 0.41484375 0.01640625 0.01484375
0 0.5125 0.42265625 0.0171875 0.01640625
0 0.49296875 0.42109375 0.01640625 0.01640625
0 0.4921875 0.4046875 0.01640625 0.015625
0 0.51484375 0.396875 0.01640625 0.01484375
0 0.53515625 0.40625 0.01796875 0.01640625
0 0.53125 0.39140625 0.0171875 0.015625
0 0.5203125 0.3796875 0.0171875 0.01640625
0 0.50390625 0.3859375 0.015625 0.015625
0 0.50546875 0.37109375 0.0171875 0.01484375
0 0.525 0.36640625 0.01796875 0.015625
0 0.4859375 0.390625 0.015625 0.01640625
0 0.4703125 0.39609375 0.01875 0.015625
0 0.453125 0.40390625 0.01640625 0.01640625
0 0.43359375 0.39921875 0.01796875 0.015625
0 0.45234375 0.38828125 0.01640625 0.01484375
0 0.46796875 0.38125 0.01640625 0.01640625
0 0.484375 0.3765625 0.0171875 0.01484375
0 0.4765625 0.3609375 0.015625 0.015625
0 0.45859375 0.36953125 0.01796875 0.01484375
0 0.44453125 0.37578125 0.01640625 0.015625
0 0.42421875 0.38046875 0.01640625 0.015625
0 0.43203125 0.36484375 0.015625 0.01484375
0 0.44765625 0.35859375 0.015625 0.0140625
0 0.46328125 0.35078125 0.01640625 0.015625
0 0.50234375 0.353125 0.015625 0.01484375
0 0.4953125 0.33984375 0.01640625 0.015625
0 0.4796875 0.346875 0.015625 0.01484375
0 0.48359375 0.32578125 0.015625 0.01484375
0 0.46015625 0.3328125 0.01640625 0.0140625
0 0.44609375 0.340625 0.01640625 0.01640625
0 0.42890625 0.340625 0.015625 0.0140625
0 0.42265625 0.353125 0.01640625 0.0140625
0 0.415625 0.36640625 0.01484375 0.01484375
0 0.396875 0.35390625 0.01640625 0.01640625
0 0.3984375 0.33828125 0.01796875 0.01484375
0 0.38125 0.3359375 0.01640625 0.01875
0 0.39375 0.32421875 0.01796875 0.01796875
0 0.40625 0.30859375 0.01640625 0.015625
0 0.42578125 0.32578125 0.0171875 0.01484375
0 0.42734375 0.31171875 0.0171875 0.0140625
0 0.4265625 0.296875 0.01640625 0.01484375
0 0.41015625 0.29296875 0.0171875 0.01484375
0 0.41484375 0.278125 0.01640625 0.0140625
0 0.44296875 0.29921875 0.015625 0.01640625
0 0.43046875 0.28359375 0.01640625 0.01484375
0 0.4390625 0.26796875 0.0171875 0.01640625
0 0.4625 0.27421875 0.01796875 0.01640625
0 0.4765625 0.303125 0.01875 0.0140625
0 0.465625 0.3140625 0.01875 0.01484375
0 0.50625 0.24921875 0.01796875 0.015625
0 0.478125 0.24375 0.01875 0.015625
0 0.44609375 0.240625 0.0171875 0.0171875
0 0.47109375 0.228125 0.01796875 0.01640625
0 0.5078125 0.22890625 0.01875 0.0171875
0 0.49375 0.21640625 0.01484375 0.0171875
0 0.51015625 0.20859375 0.015625 0.015625
0 0.44609375 0.20625 0.01875 0.01640625
0 0.5921875 0.26875 0.01484375 0.0140625
0 0.61171875 0.265625 0.01484375 0.01484375
0 0.5796875 0.2609375 0.015625 0.015625
0 0.58046875 0.24765625 0.0171875 0.01328125
0 0.5703125 0.234375 0.015625 0.0140625
0 0.5953125 0.2546875 0.01640625 0.0140625
0 0.61015625 0.24453125 0.01640625 0.0140625
0 0.59296875 0.2375 0.01796875 0.0140625
0 0.584375 0.2265625 0.01796875 0.015625
0 0.5671875 0.215625 0.0203125 0.0140625
0 0.56640625 0.203125 0.01796875 0.0140625
0 0.5953125 0.215625 0.01640625 0.01328125
0 0.59609375 0.20234375 0.01875 0.0140625
0 0.61484375 0.20703125 0.01484375 0.0140625
0 0.60859375 0.23125 0.0171875 0.01328125
0 0.6203125 0.221875 0.01796875 0.015625