0 0.54921875 0.23203125 0.0265625 0.0203125
0 0.43984375 0.1890625 0.02578125 0.0203125
0 0.41484375 0.1828125 0.0234375 0.02109375
0 0.4234375 0.20625 0.028125 0.021875
0 0.4 0.2046875 0.021875 0.021875
0 0.38984375 0.1859375 0.02421875 0.01875
0 0.32890625 0.165625 0.025 0.0234375
0 0.34921875 0.18828125 0.025 0.02265625
0 0.37578125 0.20625 0.0234375 0.0234375
0 0.28515625 0.21953125 0.02421875 0.021875
0 0.24375 0.2640625 0.02734375 0.025
0 0.26328125 0.23984375 0.0265625 0.02265625
0 0.290625 0.24140625 0.0265625 0.0203125
0 0.309375 0.228125 0.0234375 0.0203125
0 0.32265625 0.209375 0.025 0.02109375
0 0.3359375 0.2359375 0.02421875 0.0234375
0 0.3140625 0.25703125 0.02421875 0.0203125
0 0.340625 0.26015625 0.028125 0.02265625
0 0.43203125 0.2359375 0.0265625 0.02265625
0 0.43203125 0.25859375 0.02578125 0.0234375
0 0.40390625 0.234375 0.02578125 0.0234375
0 0.40625 0.25625 0.02421875 0.01953125
0 0.42578125 0.278125 0.02578125 0.0203125
0 0.40078125 0.2765625 0.025 0.02109375
0 0.365625 0.27421875 0.025 0.0234375
0 0.38515625 0.29375 0.025 0.021875
0 0.3234375 0.29609375 0.0265625 0.0234375
0 0.353125 0.2953125 0.028125 0.025
0 0.39921875 0.3390625 0.025 0.0234375
0 0.3984375 0.3125 0.02421875 0.021875
0 0.4171875 0.29765625 0.02578125 0.0234375
0 0.440625 0.3078125 0.0234375 0.02109375
0 0.45546875 0.290625 0.02265625 0.0234375
0 0.490625 0.28828125 0.02734375 0.02109375
0 0.4984375 0.26171875 0.0234375 0.021875
0 0.51171875 0.27890625 0.0234375 0.015625
0 0.525 0.296875 0.02109375 0.025
0 0.5390625 0.28203125 0.025 0.02265625
0 0.55 0.253125 0.02421875 0.01953125
0 0.56015625 0.2734375 0.0234375 0.02109375
0 0.5625 0.2921875 0.0234375 0.021875
0 0.55859375 0.3140625 0.02421875 0.0234375
0 0.584375 0.30625 0.025 0.021875
0 0.4703125 0.3140625 0.02421875 0.0234375
0 0.503125 0.31015625 0.0265625 0.02109375
0 0.5359375 0.321875 0.0234375 0.0234375
0 0.55546875 0.3359375 0.025 0.025
0 0.5765625 0.35234375 0.02890625 0.02578125
0 0.4953125 0.33125 0.02421875 0.02109375
0 0.49453125 0.35390625 0.028125 0.0265625
0 0.509375 0.375 0.025 0.02890625
0 0.5375 0.378125 0.02578125 0.02734375
0 0.56640625 0.3734375 0.0234375 0.025
0 0.46015625 0.40078125 0.02578125 0.0265625
0 0.4921875 0.4 0.02578125 0.028125
0 0.52421875 0.40390625 0.025 0.025
0 0.5515625 0.4046875 0.0265625 0.0265625
0 0.60859375 0.4015625 0.028125 0.025
0 0.69453125 0.409375 0.02578125 0.02734375
0 0.571875 0.45859375 0.02578125 0.02578125
0 0.58671875 0.43828125 0.02890625 0.028125
0 0.54609375 0.4375 0.02421875 0.02421875
0 0.43359375 0.4109375 0.02421875 0.0265625
0 0.36796875 0.36328125 0.0296875 0.02578125
0 0.41640625 0.3828125 0.02734375 0.0265625
0 0.3921875 0.40859375 0.02734375 0.025
0 0.325 0.40703125 0.02890625 0.03125
0 0.20078125 0.365625 0.028125 0.028125
0 0.22890625 0.35859375 0.03046875 0.0265625
0 0.16953125 0.37421875 0.0296875 0.02421875
0 0.20390625 0.3984375 0.0296875 0.028125
0 0.084375 0.48046875 0.03359375 0.02890625
0 0.16484375 0.3984375 0.03125 0.028125
0 0.19375 0.43828125 0.03046875 0.0265625
0 0.18828125 0.47265625 0.02890625 0.02734375
0 0.21171875 0.50703125 0.034375 0.03046875
0 0.23828125 0.56640625 0.0296875 0.03046875
0 0.30859375 0.5375 0.0265625 0.028125
0 0.33515625 0.5140625 0.02890625 0.0296875
0 0.37109375 0.49921875 0.0265625 0.0234375
0 0.375 0.52734375 0.02890625 0.0265625
0 0.39921875 0.49609375 0.025 0.02578125
0 0.4125 0.47734375 0.02890625 0.021875
0 0.43828125 0.49765625 0.0265625 0.02734375
0 0.56796875 0.4828125 0.03203125 0.02890625
0 0.52890625 0.49765625 0.028125 0.0265625
0 0.49921875 0.5046875 0.0265625 0.02421875
0 0.4640625 0.45703125 0.0265625 0.0265625
0 0.46953125 0.50234375 0.028125 0.0265625
0 0.46953125 0.53046875 0.02890625 0.02734375
0 0.496875 0.53203125 0.0265625 0.0265625
0 0.5078125 0.5609375 0.03046875 0.03125
0 0.5265625 0.5296875 0.028125 0.02734375
0 0.6140625 0.5015625 0.03203125 0.02890625
0 0.703125 0.471875 0.028125 0.0265625
0 0.71484375 0.49453125 0.03046875 0.02109375
0 0.72421875 0.5125 0.028125 0.03125
0 0.62109375 0.57265625 0.03125 0.03046875
0 0.65546875 0.58984375 0.0296875 0.0328125
0 0.69453125 0.56953125 0.0296875 0.0296875
0 0.71171875 0.54375 0.03203125 0.03046875
0 0.81640625 0.59453125 0.0296875 0.03203125
0 0.71484375 0.64765625 0.03203125 0.03359375
0 0.56796875 0.59609375 0.03046875 0.03125
0 0.51015625 0.61875 0.03125 0.03046875
0 0.54140625 0.66953125 0.0328125 0.03203125
0 0.40625 0.60546875 0.03203125 0.03046875
0 0.33828125 0.62578125 0.03125 0.03515625
0 0.38125 0.646875 0.034375 0.0328125
0 0.4109375 0.63359375 0.03046875 0.0296875
0 0.459375 0.63984375 0.0328125 0.03203125
0 0.47578125 0.6703125 0.03046875 0.03359375
0 0.25 0.69921875 0.03515625 0.03515625
0 0.3125 0.71015625 0.0375 0.03515625
0 0.36484375 0.7171875 0.034375 0.03515625
0 0.4375 0.721875 0.03515625 0.0375
0 0.5375 0.71015625 0.0328125 0.034375
0 0.60390625 0.690625 0.03125 0.0328125
0 0.68515625 0.71953125 0.03515625 0.0328125
0 0.1203125 0.2203125 0.03046875 0.0265625
0 0.23671875 0.190625 0.0265625 0.02265625
0 0.175 0.18046875 0.02734375 0.0234375
0 0.2109375 0.18046875 0.025 0.02109375
0 0.22265625 0.15625 0.0265625 0.0234375
0 0.28515625 0.0671875 0.02578125 0.02109375
0 0.440625 0.07734375 0.02578125 0.021875
0 0.52734375 0.1015625 0.0203125 0.01875
0 0.5046875 0.08828125 0.0234375 0.0203125
0 0.50859375 0.109375 0.02265625 0.0203125
0 0.54609375 0.09453125 0.01875 0.0171875
0 0.55 0.11328125 0.021875 0.02109375