0 0.5125 0.07265625 0.0515625 0.0515625
0 0.5140625 0.13125 0.053125 0.059375
0 0.465625 0.20390625 0.0546875 0.0578125
0 0.4921875 0.25703125 0.059375 0.059375
0 0.696875 0.31640625 0.05625 0.0640625
0 0.73359375 0.35625 0.059375 0.05625
0 0.71953125 0.42109375 0.065625 0.059375
0 0.678125 0.4703125 0.0578125 0.0578125
0 0.7 0.51484375 0.059375 0.0546875
0 0.63984375 0.521875 0.05 0.059375
0 0.65703125 0.5703125 0.05625 0.059375
0 0.6796875 0.590625 0.059375 0.05625
0 0.6046875 0.4484375 0.05 0.053125
0 0.57109375 0.4 0.0578125 0.0609375
0 0.52578125 0.43984375 0.0578125 0.0578125
0 0.4796875 0.41328125 0.053125 0.0515625
0 0.4953125 0.36328125 0.053125 0.053125
0 0.45078125 0.33828125 0.05 0.05625
0 0.371875 0.3640625 0.0546875 0.0609375
0 0.43984375 0.48671875 0.05625 0.05625
0 0.490625 0.4984375 0.053125 0.05625
0 0.7078125 0.7078125 0.065625 0.06875
0 0.34375 0.66796875 0.0578125 0.0625
0 0.42890625 0.684375 0.053125 0.059375
0 0.425 0.73828125 0.05625 0.05625
0 0.3671875 0.734375 0.059375 0.05625
0 0.43984375 0.915625 0.05625 0.0625