0 0.81484375 0.1078125 0.03359375 0.0328125
0 0.80546875 0.13828125 0.0328125 0.03125
0 0.75078125 0.13828125 0.034375 0.034375
0 0.71796875 0.11328125 0.03359375 0.034375
0 0.67265625 0.11796875 0.03046875 0.03203125
0 0.64765625 0.09921875 0.03203125 0.0328125
0 0.6625 0.06328125 0.03125 0.03359375
0 0.61328125 0.10078125 0.03125 0.03984375
0 0.57109375 0.0796875 0.0359375 0.0328125
0 0.5734375 0.1125 0.0296875 0.03125
0 0.50078125 0.0828125 0.03203125 0.0328125
0 0.54375 0.12109375 0.03125 0.04921875
0 0.51015625 0.128125 0.03203125 0.05
0 0.53203125 0.153125 0.03046875 0.03125
0 0.59296875 0.13671875 0.03046875 0.0328125
0 0.5625 0.14609375 0.0296875 0.03046875
0 0.5015625 0.1640625 0.03125 0.03125
0 0.39609375 0.06328125 0.03203125 0.0328125
0 0.33515625 0.13828125 0.0328125 0.04765625
0 0.36796875 0.17265625 0.03125 0.03203125
0 0.271875 0.15078125 0.03203125 0.03125
0 0.2125 0.14140625 0.03125 0.04765625
0 0.190625 0.1703125 0.03125 0.03203125
0 0.21875 0.18125 0.03125 0.03203125
0 0.2453125 0.2 0.03359375 0.03203125
0 0.25234375 0.22890625 0.0328125 0.03359375
0 0.1984375 0.20859375 0.03203125 0.03203125
0 0.16875 0.25 0.03515625 0.03359375
0 0.20625 0.25703125 0.0328125 0.03203125
0 0.24453125 0.2609375 0.03359375 0.0328125
0 0.2703125 0.28828125 0.03125 0.03203125
0 0.234375 0.2921875 0.03203125 0.0328125
0 0.203125 0.29375 0.03203125 0.03203125
0 0.17109375 0.2828125 0.0328125 0.03359375
0 0.22890625 0.3234375 0.03203125 0.03359375
0 0.26640625 0.321875 0.0328125 0.034375
0 0.29375 0.35234375 0.03359375 0.034375
0 0.259375 0.3671875 0.03125 0.03203125
0 0.2375 0.39296875 0.03203125 0.03203125
0 0.20546875 0.38125 0.03671875 0.0328125
0 0.2125 0.35078125 0.0328125 0.0328125
0 0.19609375 0.421875 0.03125 0.03125
0 0.2296875 0.42421875 0.03203125 0.03203125
0 0.27109375 0.40234375 0.03203125 0.03203125
0 0.26875 0.43203125 0.03203125 0.03203125
0 0.24765625 0.4515625 0.03203125 0.0328125
0 0.30078125 0.425 0.034375 0.0328125
0 0.29765625 0.45546875 0.0328125 0.03203125
0 0.359375 0.38671875 0.03515625 0.03203125
0 0.35 0.453125 0.0328125 0.0328125
0 0.3046875 0.48671875 0.0328125 0.0328125
0 0.3421875 0.484375 0.03203125 0.0328125
0 0.27734375 0.49296875 0.03125 0.0328125
0 0.25703125 0.5171875 0.03203125 0.03203125
0 0.33203125 0.5125 0.0328125 0.03359375
0 0.3 0.5265625 0.03203125 0.0328125
0 0.3265625 0.5453125 0.0328125 0.0328125
0 0.3 0.58671875 0.0328125 0.0328125
0 0.26953125 0.57734375 0.03203125 0.034375
0 0.321875 0.60859375 0.0328125 0.03359375
0 0.3390625 0.57734375 0.0328125 0.0328125
0 0.3390625 0.6328125 0.03125 0.03359375
0 0.346875 0.684375 0.03359375 0.03515625
0 0.33046875 0.6734375 0.03046875 0.0359375
0 0.36875 0.6515625 0.03125 0.03359375
0 0.37890625 0.68203125 0.0328125 0.03359375
0 0.36875 0.71484375 0.03203125 0.0328125
0 0.37578125 0.621875 0.03359375 0.034375
0 0.3703125 0.58671875 0.0328125 0.0328125
0 0.3609375 0.5546875 0.0328125 0.03125
0 0.40390625 0.434375 0.0328125 0.03203125
0 0.36953125 0.50234375 0.03203125 0.03203125
0 0.40625 0.52890625 0.0328125 0.034375
0 0.4015625 0.5609375 0.034375 0.03359375
0 0.40625 0.5953125 0.03203125 0.0328125
0 0.3984375 0.6421875 0.0328125 0.0328125
0 0.40859375 0.67265625 0.03203125 0.034375
0 0.40859375 0.70703125 0.03125 0.0328125
0 0.4390625 0.7078125 0.0328125 0.034375
0 0.45859375 0.68046875 0.03125 0.03359375
0 0.46484375 0.64296875 0.03125 0.0328125
0 0.4875 0.66796875 0.03203125 0.0328125
0 0.4984375 0.6390625 0.03203125 0.0328125
0 0.484375 0.70234375 0.03203125 0.034375
0 0.47734375 0.6140625 0.03203125 0.03203125
0 0.47421875 0.584375 0.0375 0.034375
0 0.509375 0.596875 0.03125 0.03125
0 0.525 0.56953125 0.03125 0.03125
0 0.471875 0.553125 0.03359375 0.0328125
0 0.4453125 0.5671875 0.03125 0.0328125
0 0.43984375 0.4984375 0.03046875 0.0328125
0 0.46328125 0.525 0.03203125 0.03359375
0 0.4984375 0.534375 0.03203125 0.03203125
0 0.49140625 0.50390625 0.03359375 0.0328125
0 0.53046875 0.50078125 0.03203125 0.03203125
0 0.54296875 0.5296875 0.03125 0.03203125
0 0.54453125 0.4671875 0.03125 0.03203125
0 0.49921875 0.47421875 0.03203125 0.03203125
0 0.465625 0.48125 0.03203125 0.0328125
0 0.415625 0.4796875 0.03125 0.03203125
0 0.38359375 0.46875 0.03125 0.03203125
0 0.4703125 0.45 0.03359375 0.03125
0 0.45703125 0.38515625 0.03203125 0.0328125
0 0.50859375 0.41015625 0.03125 0.03359375
0 0.43515625 0.45390625 0.0328125 0.0328125
0 0.5046875 0.4421875 0.0328125 0.03359375
0 0.5390625 0.4359375 0.034375 0.03359375
0 0.540625 0.396875 0.0328125 0.0328125
0 0.51953125 0.35625 0.03515625 0.034375
0 0.5125 0.3234375 0.03125 0.03203125
0 0.48203125 0.2375 0.03125 0.03203125
0 0.571875 0.26015625 0.03125 0.0328125
0 0.56171875 0.36640625 0.03125 0.03203125
0 0.559375 0.3140625 0.03203125 0.03515625
0 0.70625 0.14921875 0.03203125 0.0328125
0 0.659375 0.1484375 0.03046875 0.03125
0 0.7125 0.2046875 0.034375 0.03203125
0 0.7453125 0.178125 0.03203125 0.0328125
0 0.7734375 0.19921875 0.0328125 0.03203125
0 0.81015625 0.19609375 0.03125 0.03203125
0 0.7828125 0.234375 0.03203125 0.0328125
0 0.70546875 0.2375 0.034375 0.03125
0 0.753125 0.271875 0.03125 0.03046875
0 0.84921875 0.26015625 0.03203125 0.0328125
0 0.78671875 0.30234375 0.0328125 0.03203125
0 0.7875 0.3359375 0.03203125 0.03359375
0 0.82890625 0.3296875 0.03515625 0.03359375
0 0.8890625 0.3078125 0.03203125 0.0328125
0 0.91015625 0.34296875 0.0328125 0.03125
0 0.88515625 0.3734375 0.03359375 0.0328125
0 0.8859375 0.4046875 0.0328125 0.03203125
0 0.82734375 0.3734375 0.0328125 0.0328125
0 0.7921875 0.3921875 0.03203125 0.03359375
0 0.759375 0.3609375 0.0328125 0.034375
0 0.73203125 0.3921875 0.0375 0.03203125
0 0.6984375 0.428125 0.0328125 0.0328125
0 0.65546875 0.384375 0.0328125 0.03359375
0 0.60859375 0.37265625 0.03125 0.0328125
0 0.6171875 0.4078125 0.03203125 0.03203125
0 0.6640625 0.446875 0.0328125 0.03203125
0 0.71875 0.471875 0.0328125 0.03515625
0 0.76640625 0.45078125 0.03359375 0.03359375
0 0.778125 0.42109375 0.0328125 0.03203125
0 0.8 0.4578125 0.03203125 0.03203125
0 0.83203125 0.46484375 0.03359375 0.0328125
0 0.7796875 0.53828125 0.03359375 0.03515625
0 0.73359375 0.5234375 0.03359375 0.034375
0 0.69296875 0.521875 0.0328125 0.034375
0 0.69296875 0.5609375 0.0328125 0.03359375
0 0.74140625 0.55390625 0.0359375 0.0328125
0 0.70703125 0.58828125 0.03359375 0.03203125
0 0.67109375 0.603125 0.03359375 0.0328125
0 0.61015625 0.5984375 0.03203125 0.03203125
0 0.5609375 0.6109375 0.03359375 0.03359375
0 0.57890625 0.640625 0.0328125 0.0328125
0 0.64609375 0.6296875 0.03203125 0.03359375
0 0.63125 0.69453125 0.0328125 0.034375
0 0.6453125 0.665625 0.03203125 0.03359375
0 0.67265625 0.65 0.03125 0.034375
0 0.74375 0.6421875 0.03203125 0.03671875
0 0.771875 0.60859375 0.0359375 0.03359375
0 0.79609375 0.6359375 0.0328125 0.03359375
0 0.77421875 0.684375 0.034375 0.03359375
0 0.8765625 0.6671875 0.03203125 0.03203125
0 0.66328125 0.696875 0.0328125 0.03359375
0 0.5828125 0.6984375 0.0375 0.0328125
0 0.603125 0.72734375 0.0328125 0.03359375
0 0.6421875 0.7265625 0.03203125 0.03515625
0 0.678125 0.73828125 0.034375 0.03671875
0 0.6984375 0.7828125 0.034375 0.034375
0 0.67265625 0.7984375 0.0328125 0.034375
0 0.621875 0.75703125 0.03203125 0.03359375
0 0.584375 0.82265625 0.03359375 0.03984375
0 0.528125 0.7515625 0.03203125 0.034375
0 0.4609375 0.7671875 0.03125 0.03359375
0 0.409375 0.75078125 0.03203125 0.034375
0 0.7765625 0.796875 0.0328125 0.0328125
0 0.3859375 0.82109375 0.034375 0.0375
0 0.35 0.79765625 0.0328125 0.0359375
0 0.34375 0.83671875 0.03203125 0.034375
0 0.4359375 0.65703125 0.03046875 0.0328125