0 0.26171875 0.459375 0.015625 0.015625
0 0.2765625 0.465625 0.0171875 0.015625
0 0.28046875 0.51640625 0.0203125 0.0171875
0 0.290625 0.54921875 0.01875 0.0171875
0 0.3140625 0.540625 0.0171875 0.015625
0 0.29921875 0.5703125 0.0203125 0.0171875
0 0.31953125 0.58203125 0.021875 0.01875
0 0.3109375 0.45390625 0.0171875 0.0171875
0 0.3328125 0.45390625 0.01875 0.0171875
0 0.3328125 0.47734375 0.01875 0.0203125
0 0.3375 0.50859375 0.0171875 0.01875
0 0.3234375 0.43828125 0.0171875 0.0171875
0 0.3296875 0.425 0.0203125 0.01875
0 0.34453125 0.596875 0.01875 0.0171875
0 0.36953125 0.590625 0.01875 0.0171875
0 0.36796875 0.62265625 0.0203125 0.01875
0 0.3828125 0.65234375 0.0171875 0.01875
0 0.37109375 0.55078125 0.0203125 0.0171875
0 0.3953125 0.5625 0.0171875 0.0171875
0 0.38515625 0.5 0.0171875 0.0171875
0 0.4015625 0.51875 0.0203125 0.0203125
0 0.3796875 0.41640625 0.0203125 0.01875
0 0.41015625 0.4453125 0.0203125 0.01875
0 0.3984375 0.41015625 0.0203125 0.0171875
0 0.42421875 0.4203125 0.0203125 0.0171875
0 0.4265625 0.4375 0.01875 0.01875
0 0.46484375 0.43203125 0.0171875 0.0171875
0 0.46328125 0.46953125 0.0171875 0.0171875
0 0.4578125 0.4875 0.0171875 0.015625
0 0.4296875 0.509375 0.0171875 0.0171875
0 0.45 0.4734375 0.0171875 0.0171875
0 0.434375 0.52421875 0.0171875 0.015625
0 0.4203125 0.5421875 0.0171875 0.0171875
0 0.43515625 0.5390625 0.0171875 0.0140625
0 0.44921875 0.5140625 0.01875 0.0171875
0 0.4484375 0.53203125 0.0203125 0.0171875
0 0.446875 0.55234375 0.0203125 0.0171875
0 0.43203125 0.5578125 0.0140625 0.0171875
0 0.43046875 0.57109375 0.0171875 0.0171875
0 0.42109375 0.58125 0.01875 0.0171875
0 0.43671875 0.59296875 0.0171875 0.0171875
0 0.4203125 0.59609375 0.01875 0.0140625
0 0.4265625 0.609375 0.01875 0.0171875
0 0.44609375 0.615625 0.015625 0.015625
0 0.44453125 0.56796875 0.0171875 0.015625
0 0.453125 0.578125 0.015625 0.0140625
0 0.46640625 0.584375 0.015625 0.0140625
0 0.4625 0.59609375 0.015625 0.015625
0 0.4609375 0.615625 0.0171875 0.0171875
0 0.47109375 0.6375 0.0171875 0.0171875
0 0.41640625 0.64609375 0.0171875 0.0203125
0 0.4203125 0.69296875 0.0171875 0.0140625
0 0.4734375 0.60625 0.015625 0.0171875
0 0.4984375 0.65703125 0.0171875 0.0171875
0 0.4640625 0.5578125 0.0171875 0.015625
0 0.47578125 0.5703125 0.015625 0.0140625
0 0.48203125 0.5828125 0.0171875 0.0171875
0 0.49453125 0.58828125 0.015625 0.0171875
0 0.48984375 0.5703125 0.0171875 0.015625
0 0.47734375 0.55546875 0.0140625 0.015625
0 0.49140625 0.5546875 0.0171875 0.0140625
0 0.48046875 0.5421875 0.0171875 0.015625
0 0.46796875 0.53203125 0.01875 0.015625
0 0.49375 0.5375 0.0171875 0.0140625
0 0.51015625 0.54765625 0.0140625 0.0171875
0 0.50625 0.53203125 0.0125 0.0140625
0 0.51953125 0.5296875 0.0171875 0.0140625
0 0.50078125 0.51875 0.0140625 0.0140625
0 0.4875 0.515625 0.0171875 0.0171875
0 0.5046875 0.50390625 0.0171875 0.0171875
0 0.48828125 0.490625 0.0171875 0.0171875
0 0.48515625 0.471875 0.01875 0.0140625
0 0.4875 0.45625 0.015625 0.0140625
0 0.5 0.45390625 0.0171875 0.0140625
0 0.48359375 0.43515625 0.0171875 0.015625
0 0.51875 0.44375 0.0171875 0.015625
0 0.52109375 0.459375 0.0140625 0.0140625
0 0.52265625 0.47890625 0.0140625 0.0140625
0 0.53671875 0.48203125 0.0171875 0.0140625
0 0.53203125 0.46953125 0.0140625 0.0140625
0 0.5421875 0.46171875 0.0140625 0.0140625
0 0.55625 0.45390625 0.0140625 0.015625
0 0.55625 0.4671875 0.015625 0.0140625
0 0.55625 0.48125 0.0140625 0.0140625
0 0.553125 0.49375 0.0171875 0.0171875
0 0.54765625 0.50546875 0.01875 0.0171875
0 0.5671875 0.503125 0.0171875 0.015625
0 0.5671875 0.48828125 0.015625 0.0140625
0 0.5703125 0.4609375 0.015625 0.015625
0 0.5859375 0.4734375 0.015625 0.0171875
0 0.58515625 0.4890625 0.015625 0.0140625
0 0.590625 0.509375 0.015625 0.01875
0 0.58671875 0.52890625 0.0171875 0.0171875
0 0.5796875 0.54609375 0.0171875 0.0171875
0 0.60234375 0.5296875 0.0171875 0.0171875
0 0.6046875 0.54609375 0.0171875 0.01875
0 0.60546875 0.51640625 0.0171875 0.0140625
0 0.61953125 0.52109375 0.0140625 0.0171875
0 0.63125 0.53828125 0.0171875 0.0171875