0 0.3734375 0.2078125 0.03671875 0.0296875
0 0.5078125 0.46171875 0.03203125 0.0265625
0 0.5484375 0.453125 0.03125 0.025
0 0.57890625 0.46015625 0.028125 0.02734375
0 0.53125 0.3890625 0.03203125 0.02421875
0 0.5625 0.38359375 0.03203125 0.02734375
0 0.4875 0.27421875 0.03046875 0.025
0 0.4984375 0.30234375 0.0328125 0.02734375
0 0.51640625 0.3421875 0.0328125 0.0265625
0 0.57109375 0.3453125 0.0296875 0.0234375
0 0.596875 0.3546875 0.0296875 0.02421875
0 0.5734375 0.325 0.03125 0.0203125
0 0.64921875 0.2828125 0.0328125 0.0265625
0 0.56875 0.234375 0.03671875 0.02578125
0 0.60390625 0.21640625 0.0328125 0.02578125
0 0.58671875 0.16796875 0.0328125 0.02421875
0 0.62421875 0.190625 0.02890625 0.025
0 0.684375 0.16875 0.0265625 0.02421875
0 0.6484375 0.17734375 0.03359375 0.02265625
0 0.73125 0.203125 0.02890625 0.021875
0 0.75546875 0.21953125 0.028125 0.02265625
0 0.765625 0.24453125 0.0296875 0.02421875
0 0.90546875 0.26015625 0.02890625 0.02109375
0 0.89296875 0.27734375 0.02578125 0.02265625
0 0.91328125 0.3109375 0.028125 0.02265625
0 0.84296875 0.31171875 0.028125 0.0265625
0 0.86875 0.36640625 0.025 0.02265625
0 0.79921875 0.3671875 0.03046875 0.02109375
0 0.8171875 0.35625 0.02890625 0.02109375
0 0.7265625 0.33046875 0.02890625 0.025
0 0.69296875 0.3390625 0.03203125 0.01875
0 0.70546875 0.35546875 0.03203125 0.02109375
0 0.72734375 0.37421875 0.03046875 0.02421875
0 0.67109375 0.41875 0.03125 0.0234375
0 0.6796875 0.39296875 0.02890625 0.02421875
0 0.7109375 0.39375 0.028125 0.02578125
0 0.79140625 0.41328125 0.02734375 0.0265625
0 0.78203125 0.446875 0.02890625 0.02265625
0 0.784375 0.46875 0.02890625 0.021875
0 0.76484375 0.51328125 0.02890625 0.025
0 0.65859375 0.48125 0.03046875 0.0265625
0 0.659375 0.51640625 0.02890625 0.02734375
0 0.56796875 0.49921875 0.03046875 0.02421875
0 0.58125 0.52265625 0.03046875 0.0234375
0 0.60703125 0.54453125 0.02890625 0.025
0 0.6890625 0.60625 0.03046875 0.025
0 0.6015625 0.63359375 0.02890625 0.025
0 0.65078125 0.6390625 0.0265625 0.02421875
0 0.68984375 0.63828125 0.0296875 0.0234375
0 0.67109375 0.6578125 0.0296875 0.02421875
0 0.7015625 0.66171875 0.0296875 0.021875
0 0.75 0.65546875 0.02578125 0.02421875
0 0.74140625 0.6796875 0.02578125 0.02265625
0 0.71328125 0.696875 0.02890625 0.02421875
0 0.63125 0.69140625 0.02890625 0.02578125
0 0.66328125 0.7 0.02734375 0.02265625
0 0.40390625 0.3109375 0.03671875 0.02421875
0 0.4046875 0.34453125 0.03359375 0.02578125
0 0.41875 0.3953125 0.03046875 0.02734375
0 0.371875 0.403125 0.03515625 0.0265625
0 0.34609375 0.4375 0.03203125 0.03046875
0 0.36171875 0.47734375 0.03359375 0.02578125
0 0.41328125 0.496875 0.02890625 0.025
0 0.3796875 0.51953125 0.02890625 0.02265625
0 0.40390625 0.53671875 0.0296875 0.02578125
0 0.4359375 0.546875 0.03203125 0.02265625
0 0.453125 0.52421875 0.02734375 0.02421875
0 0.44140625 0.57578125 0.02734375 0.025
0 0.49296875 0.58125 0.02890625 0.025
0 0.27421875 0.59609375 0.0328125 0.02578125
0 0.31484375 0.60703125 0.0328125 0.0234375
0 0.34140625 0.61640625 0.02890625 0.025
0 0.36015625 0.6359375 0.0296875 0.025
0 0.390625 0.646875 0.03203125 0.02578125
0 0.14296875 0.38828125 0.0359375 0.02890625
0 0.15 0.4296875 0.040625 0.02890625
0 0.1953125 0.47421875 0.0375 0.0296875
0 0.23828125 0.4875 0.0375 0.02890625
0 0.121875 0.4703125 0.03828125 0.02890625
0 0.1 0.4953125 0.0390625 0.03046875
0 0.0921875 0.52578125 0.0359375 0.03125
0 0.14453125 0.53046875 0.0390625 0.02890625
0 0.20859375 0.55703125 0.03671875 0.03125
0 0.1390625 0.57890625 0.03203125 0.028125
0 0.17265625 0.56953125 0.03828125 0.02890625
0 0.10859375 0.5625 0.03671875 0.02578125
0 0.1109375 0.60078125 0.0390625 0.028125
0 0.15703125 0.60625 0.03671875 0.02890625
0 0.19375 0.6015625 0.0375 0.03203125
0 0.26328125 0.6234375 0.0375 0.0265625
0 0.19375 0.6640625 0.034375 0.03046875
0 0.28671875 0.6640625 0.03359375 0.0265625
0 0.33203125 0.6625 0.03125 0.0265625
0 0.390625 0.68359375 0.034375 0.028125
0 0.46484375 0.68828125 0.0328125 0.02734375
0 0.30703125 0.746875 0.034375 0.02890625
0 0.34765625 0.790625 0.034375 0.03046875
0 0.51953125 0.76171875 0.03125 0.02578125
0 0.446875 0.82109375 0.03125 0.02890625