0 0.52890625 0.6 0.01015625 0.009375
0 0.57109375 0.49375 0.009375 0.01015625
0 0.5140625 0.59296875 0.01171875 0.0109375
0 0.4984375 0.50625 0.0109375 0.0109375
0 0.4765625 0.61640625 0.01015625 0.0109375
0 0.36796875 0.50078125 0.01015625 0.01015625
0 0.49453125 0.6046875 0.01015625 0.0109375
0 0.3328125 0.50703125 0.0109375 0.0109375
0 0.49921875 0.5203125 0.01015625 0.0109375
0 0.50078125 0.62265625 0.01015625 0.0109375
0 0.31328125 0.52265625 0.01015625 0.0109375
0 0.4796875 0.45703125 0.01015625 0.0109375
0 0.53203125 0.61328125 0.01015625 0.0109375
0 0.56484375 0.43984375 0.01015625 0.0109375
0 0.359375 0.5125 0.0109375 0.01015625
0 0.53203125 0.4484375 0.009375 0.01015625
0 0.49453125 0.6359375 0.01015625 0.0109375
0 0.4984375 0.403125 0.01015625 0.0109375
0 0.41796875 0.5 0.0109375 0.01015625
0 0.5671875 0.6140625 0.01171875 0.0109375
0 0.58125 0.4875 0.009375 0.01015625
0 0.35078125 0.4921875 0.01015625 0.0109375
0 0.41640625 0.43359375 0.01015625 0.01015625
0 0.4 0.50234375 0.01015625 0.01015625
0 0.32578125 0.53828125 0.01015625 0.0109375
0 0.44140625 0.4390625 0.01015625 0.0109375
0 0.41484375 0.44765625 0.01015625 0.01171875
0 0.36484375 0.4625 0.01015625 0.01015625
0 0.365625 0.478125 0.01015625 0.01015625
0 0.36015625 0.434375 0.01171875 0.0109375
0 0.5578125 0.628125 0.01015625 0.0109375
0 0.4640625 0.36640625 0.01015625 0.0109375
0 0.5625 0.453125 0.0109375 0.0109375
0 0.3828125 0.42109375 0.01015625 0.0109375
0 0.378125 0.46328125 0.01015625 0.01015625
0 0.40234375 0.43046875 0.01015625 0.01015625
0 0.371875 0.4046875 0.0109375 0.01171875
0 0.44453125 0.36796875 0.01015625 0.0109375
0 0.34296875 0.5484375 0.0109375 0.0109375
0 0.40390625 0.4046875 0.01015625 0.01171875
0 0.54609375 0.49765625 0.01015625 0.01015625
0 0.4484375 0.4703125 0.01015625 0.01015625
0 0.46015625 0.4578125 0.009375 0.009375
0 0.5375 0.40234375 0.01015625 0.0109375
0 0.43359375 0.646875 0.01015625 0.0109375
0 0.55546875 0.421875 0.01015625 0.01015625
0 0.390625 0.53203125 0.01015625 0.01015625
0 0.390625 0.44375 0.01015625 0.009375
0 0.3921875 0.45546875 0.01015625 0.01015625
0 0.53359375 0.4125 0.01015625 0.01015625
0 0.40703125 0.359375 0.01015625 0.01015625
0 0.45234375 0.65 0.01015625 0.01015625
0 0.40078125 0.54765625 0.0109375 0.01015625
0 0.54765625 0.40703125 0.01015625 0.01015625
0 0.48359375 0.42265625 0.01015625 0.01015625
0 0.5109375 0.65859375 0.01015625 0.0109375
0 0.40078125 0.36953125 0.01015625 0.01015625
0 0.38984375 0.38203125 0.01015625 0.0109375
0 0.49375 0.65 0.01015625 0.01171875
0 0.45 0.4546875 0.0109375 0.0109375
0 0.48984375 0.58671875 0.01015625 0.01015625
0 0.44765625 0.34921875 0.01015625 0.0109375
0 0.5453125 0.428125 0.009375 0.009375
0 0.30234375 0.5453125 0.01171875 0.0109375
0 0.43125 0.359375 0.01171875 0.01015625
0 0.3703125 0.37421875 0.0109375 0.01015625
0 0.31171875 0.5515625 0.01015625 0.0109375
0 0.39609375 0.353125 0.01015625 0.0109375
0 0.4515625 0.38125 0.01015625 0.0109375
0 0.48515625 0.4109375 0.01015625 0.01015625
0 0.446875 0.41640625 0.01171875 0.01015625
0 0.43515625 0.384375 0.0109375 0.01015625
0 0.38125 0.52578125 0.0109375 0.01015625
0 0.415625 0.37578125 0.0109375 0.01015625
0 0.32421875 0.565625 0.01015625 0.01015625
0 0.425 0.36875 0.0109375 0.0109375
0 0.36171875 0.55625 0.01015625 0.01015625
0 0.4703125 0.484375 0.0109375 0.01015625
0 0.3734375 0.5484375 0.0109375 0.0109375
0 0.4390625 0.334375 0.01015625 0.0109375
0 0.41640625 0.6046875 0.01015625 0.01015625
0 0.48203125 0.66640625 0.01015625 0.01015625
0 0.44921875 0.334375 0.01015625 0.01171875
0 0.46875 0.4234375 0.0109375 0.0109375
0 0.359375 0.3609375 0.0109375 0.0109375
0 0.359375 0.5453125 0.01015625 0.01015625
0 0.4796875 0.59140625 0.01015625 0.01015625
0 0.475 0.396875 0.01015625 0.01015625
0 0.3890625 0.5640625 0.0109375 0.01015625
0 0.384375 0.58125 0.01015625 0.01015625
0 0.33671875 0.56640625 0.0109375 0.01171875
0 0.4 0.59375 0.0109375 0.01015625
0 0.4765625 0.55625 0.01015625 0.01015625
0 0.48359375 0.5359375 0.01015625 0.0109375
0 0.37578125 0.36484375 0.0109375 0.009375
0 0.48828125 0.553125 0.009375 0.009375
0 0.34609375 0.5625 0.0109375 0.01015625
0 0.45234375 0.51640625 0.01015625 0.01015625
0 0.478125 0.4921875 0.009375 0.0109375
0 0.478125 0.67421875 0.01015625 0.01015625
0 0.47734375 0.51171875 0.01015625 0.01015625
0 0.459375 0.5671875 0.01015625 0.01015625
0 0.4359375 0.559375 0.01015625 0.01015625
0 0.45390625 0.40390625 0.01015625 0.01015625
0 0.45078125 0.5875 0.0109375 0.01015625
0 0.4265625 0.57890625 0.01015625 0.01015625
0 0.3640625 0.534375 0.01328125 0.01171875
0 0.40703125 0.57265625 0.01015625 0.01015625
0 0.47109375 0.58515625 0.01015625 0.009375
0 0.4640625 0.49453125 0.0109375 0.01171875
0 0.45390625 0.3921875 0.01015625 0.009375
0 0.4265625 0.5671875 0.01015625 0.0109375
0 0.4515625 0.55625 0.01015625 0.0109375
0 0.48359375 0.51953125 0.009375 0.01015625
0 0.4140625 0.584375 0.0109375 0.01171875
0 0.40390625 0.55546875 0.01171875 0.01171875
0 0.4453125 0.54921875 0.01015625 0.01015625
0 0.4609375 0.55 0.01015625 0.01015625
0 0.453125 0.53046875 0.01015625 0.01015625
0 0.48125 0.54609375 0.01171875 0.0109375
0 0.434375 0.5703125 0.01015625 0.01015625
0 0.465625 0.534375 0.0109375 0.01171875
0 0.45234375 0.57734375 0.01171875 0.0109375
0 0.4703125 0.50078125 0.01015625 0.01015625
0 0.4640625 0.57734375 0.01015625 0.01015625
0 0.39765625 0.56484375 0.0140625 0.01171875
0 0.3734375 0.53671875 0.0125 0.01171875
0 0.1921875 0.53515625 0.009375 0.0109375
0 0.46015625 0.50546875 0.0109375 0.01015625
0 0.19921875 0.5265625 0.009375 0.00703125
0 0.4140625 0.59453125 0.0109375 0.01015625
0 0.39375 0.584375 0.01015625 0.01015625
0 0.39375 0.57421875 0.01015625 0.009375
0 0.4171875 0.571875 0.009375 0.01171875
0 0.44375 0.565625 0.00859375 0.01015625
0 0.4515625 0.54140625 0.009375 0.009375
0 0.46953125 0.54453125 0.01015625 0.01015625
0 0.4640625 0.5140625 0.009375 0.0109375
0 0.475 0.52578125 0.01015625 0.01015625
0 0.4625 0.52421875 0.009375 0.0109375
0 0.5453125 0.41796875 0.009375 0.01015625
0 0.47265625 0.4140625 0.009375 0.00859375
0 0.4640625 0.40625 0.009375 0.009375
0 0.46484375 0.3953125 0.0109375 0.01015625