0 0.3015625 0.01015625 0.025 0.0203125
0 0.315625 0.01875 0.021875 0.028125
0 0.33203125 0.00625 0.0234375 0.0125
0 0.37109375 0.01953125 0.028125 0.034375
0 0.390625 0.009375 0.025 0.01875
0 0.5484375 0.14921875 0.03125 0.0296875
0 0.40859375 0.04140625 0.025 0.025
0 0.52109375 0.1609375 0.0265625 0.028125
0 0.440625 0.0921875 0.025 0.028125
0 0.51953125 0.1375 0.0234375 0.034375
0 0.5515625 0.12109375 0.0265625 0.0296875
0 0.5 0.178125 0.0234375 0.028125
0 0.52109375 0.18359375 0.0234375 0.03125
0 0.5453125 0.178125 0.0265625 0.03125
0 0.5859375 0.15234375 0.0296875 0.03125
0 0.62265625 0.14453125 0.0296875 0.034375
0 0.5265625 0.20625 0.0265625 0.03125
0 0.55078125 0.19921875 0.0296875 0.0328125
0 0.58203125 0.21953125 0.0265625 0.034375
0 0.54140625 0.22421875 0.0296875 0.0328125
0 0.55859375 0.246875 0.03125 0.0328125
0 0.4671875 0.18515625 0.025 0.0296875
0 0.515625 0.23515625 0.028125 0.028125
0 0.465625 0.21484375 0.0296875 0.03125
0 0.41015625 0.1921875 0.021875 0.0265625
0 0.44140625 0.21640625 0.025 0.03125
0 0.46484375 0.246875 0.0296875 0.0328125
0 0.39765625 0.16953125 0.0265625 0.03125
0 0.4125 0.22265625 0.0265625 0.03125
0 0.44296875 0.26796875 0.0328125 0.0296875
0 0.68984375 0.52890625 0.0359375 0.0359375
0 0.75625 0.48984375 0.0359375 0.0359375
0 0.7890625 0.4921875 0.0375 0.0390625
0 0.6859375 0.503125 0.0375 0.03125
0 0.71328125 0.4875 0.0328125 0.0296875
0 0.7296875 0.5140625 0.0328125 0.0359375
0 0.6609375 0.5234375 0.0328125 0.0375
0 0.70546875 0.46171875 0.0328125 0.0296875
0 0.75390625 0.44375 0.0359375 0.0375
0 0.75390625 0.3796875 0.034375 0.0421875
0 0.6578125 0.48984375 0.0296875 0.0328125
0 0.62109375 0.4453125 0.0265625 0.03125
0 0.640625 0.465625 0.03125 0.0296875
0 0.53828125 0.39140625 0.0265625 0.028125
0 0.59765625 0.43671875 0.0296875 0.0328125
0 0.51875 0.41171875 0.028125 0.028125
0 0.56171875 0.43828125 0.0296875 0.0328125
0 0.5125 0.4390625 0.0296875 0.03125
0 0.45859375 0.39375 0.028125 0.028125
0 0.46875 0.4265625 0.0296875 0.03125
0 0.39921875 0.35234375 0.0265625 0.028125
0 0.41796875 0.3625 0.0234375 0.028125
0 0.3796875 0.359375 0.0234375 0.028125
0 0.36875 0.384375 0.021875 0.0265625
0 0.34453125 0.35859375 0.025 0.0265625
0 0.33515625 0.4015625 0.0203125 0.0265625
0 0.32890625 0.37578125 0.0203125 0.0234375
0 0.31875 0.42109375 0.0234375 0.0265625
0 0.31171875 0.39921875 0.015625 0.0234375
0 0.31953125 0.39296875 0.021875 0.025
0 0.32734375 0.234375 0.025 0.03125
0 0.3671875 0.3203125 0.0265625 0.03125
0 0.296875 0.41953125 0.025 0.028125
0 0.29453125 0.26796875 0.028125 0.03125
0 0.25625 0.3015625 0.0265625 0.0296875
0 0.234375 0.2875 0.0203125 0.0265625
0 0.23984375 0.31796875 0.0234375 0.028125
0 0.2609375 0.3296875 0.0234375 0.0265625
0 0.21796875 0.3453125 0.0265625 0.0265625
0 0.23828125 0.34609375 0.0234375 0.028125
0 0.19921875 0.334375 0.021875 0.021875
0 0.24140625 0.3671875 0.0265625 0.025
0 0.18515625 0.35703125 0.0265625 0.025
0 0.234375 0.39453125 0.0265625 0.0296875
0 0.17578125 0.38828125 0.0234375 0.028125
0 0.1640625 0.42578125 0.0234375 0.0265625
0 0.16796875 0.45390625 0.021875 0.0234375
0 0.14921875 0.44375 0.01875 0.0265625
0 0.18125 0.4359375 0.025 0.025
0 0.24453125 0.4546875 0.0234375 0.028125
0 0.26015625 0.45234375 0.0265625 0.034375
0 0.27890625 0.475 0.0296875 0.0296875
0 0.228125 0.4671875 0.0296875 0.0296875
0 0.259375 0.490625 0.0265625 0.028125
0 0.23203125 0.490625 0.0234375 0.028125
0 0.15 0.4859375 0.021875 0.0265625
0 0.16875 0.48359375 0.0234375 0.0296875
0 0.20859375 0.51015625 0.0296875 0.0328125
0 0.11640625 0.7265625 0.0203125 0.021875
0 0.10390625 0.69453125 0.021875 0.0265625
0 0.17265625 0.66796875 0.025 0.01875
0 0.1640625 0.69609375 0.0203125 0.025
0 0.1171875 0.709375 0.0265625 0.0265625
0 0.15625 0.68203125 0.0265625 0.025
0 0.28515625 0.53359375 0.0265625 0.0265625
0 0.28515625 0.56015625 0.0265625 0.028125
0 0.20859375 0.55078125 0.0234375 0.028125
0 0.2859375 0.58671875 0.028125 0.0265625
0 0.20703125 0.57734375 0.021875 0.0265625
0 0.284375 0.61015625 0.021875 0.0265625
0 0.3046875 0.62890625 0.0265625 0.03125
0 0.3125 0.6484375 0.028125 0.028125
0 0.1859375 0.65 0.0265625 0.03125
0 0.29609375 0.66328125 0.0265625 0.03125
0 0.2484375 0.68203125 0.025 0.034375
0 0.27109375 0.67421875 0.028125 0.03125
0 0.31328125 0.67578125 0.025 0.0328125
0 0.22421875 0.6890625 0.0265625 0.0296875
0 0.3015625 0.6984375 0.0296875 0.0328125
0 0.4234375 0.5171875 0.025 0.021875
0 0.41171875 0.55859375 0.03125 0.0328125
0 0.57578125 0.4875 0.0359375 0.0359375
0 0.56484375 0.51328125 0.0265625 0.03125
0 0.56796875 0.53984375 0.0328125 0.03125
0 0.59453125 0.51953125 0.0328125 0.0328125
0 0.41953125 0.534375 0.0296875 0.03125
0 0.45546875 0.54375 0.0296875 0.0328125
0 0.48984375 0.528125 0.0328125 0.0328125
0 0.57265625 0.565625 0.0359375 0.03125
0 0.48828125 0.76484375 0.0296875 0.034375
0 0.60078125 0.59375 0.03125 0.0390625
0 0.51875 0.59921875 0.0296875 0.034375
0 0.525 0.63203125 0.0359375 0.0390625
0 0.57578125 0.596875 0.034375 0.0390625
0 0.69453125 0.6640625 0.0375 0.040625
0 0.47109375 0.7 0.0265625 0.03125
0 0.5453125 0.675 0.0328125 0.0421875
0 0.47578125 0.6609375 0.0328125 0.0328125
0 0.4578125 0.725 0.0296875 0.034375
0 0.48203125 0.7328125 0.0328125 0.0359375
0 0.51015625 0.72734375 0.03125 0.0375
0 0.5359375 0.715625 0.03125 0.0375
0 0.278125 0.7390625 0.0265625 0.028125
0 0.30859375 0.75234375 0.03125 0.0375
0 0.24765625 0.75546875 0.025 0.025
0 0.26640625 0.78203125 0.0265625 0.0296875
0 0.28203125 0.8046875 0.0265625 0.0359375
0 0.4625 0.76015625 0.03125 0.0359375
0 0.4796875 0.7921875 0.0359375 0.0328125
0 0.49453125 0.8203125 0.0328125 0.0328125
0 0.63828125 0.77109375 0.040625 0.04375
0 0.4640625 0.81171875 0.03125 0.040625
0 0.47890625 0.8453125 0.034375 0.0390625