0 0.53203125 0.521875 0.0453125 0.0453125
0 0.67421875 0.42421875 0.0453125 0.046875
0 0.70390625 0.35 0.046875 0.0453125
0 0.5171875 0.421875 0.0484375 0.046875
0 0.478125 0.40234375 0.0453125 0.046875
0 0.4046875 0.4390625 0.0453125 0.0453125
0 0.48984375 0.44765625 0.0453125 0.0453125
0 0.42734375 0.37578125 0.04375 0.04375
0 0.37578125 0.32421875 0.0453125 0.046875
0 0.63125 0.43359375 0.0453125 0.0453125
0 0.6328125 0.5875 0.046875 0.0453125
0 0.36328125 0.52421875 0.046875 0.0453125
0 0.42265625 0.47578125 0.046875 0.0453125
0 0.3265625 0.3296875 0.0453125 0.046875
0 0.50546875 0.48984375 0.0453125 0.04375
0 0.56875 0.63125 0.0453125 0.046875
0 0.53203125 0.63828125 0.0453125 0.0453125
0 0.678125 0.65 0.046875 0.046875
0 0.3984375 0.51796875 0.046875 0.046875
0 0.4796875 0.51640625 0.04375 0.04375
0 0.640625 0.484375 0.0421875 0.0421875
0 0.6046875 0.65 0.046875 0.046875
0 0.55703125 0.43203125 0.0453125 0.0453125
0 0.434375 0.41328125 0.046875 0.0453125
0 0.5328125 0.4625 0.04375 0.04375
0 0.68046875 0.61171875 0.046875 0.046875
0 0.6140625 0.5171875 0.046875 0.04375
0 0.42109375 0.54765625 0.046875 0.046875
0 0.51015625 0.6703125 0.04375 0.0453125
0 0.7140625 0.42109375 0.046875 0.046875
0 0.565625 0.66953125 0.0453125 0.046875
0 0.6390625 0.3953125 0.046875 0.0453125
0 0.67890625 0.3203125 0.0421875 0.0421875
0 0.3796875 0.55703125 0.046875 0.046875
0 0.67421875 0.571875 0.0484375 0.0453125
0 0.4828125 0.58125 0.04375 0.04375
0 0.45078125 0.44765625 0.0453125 0.04375
0 0.31796875 0.45625 0.046875 0.046875
0 0.73984375 0.38515625 0.04375 0.04375
0 0.6390625 0.62734375 0.046875 0.046875
0 0.46015625 0.5515625 0.0453125 0.046875
0 0.67109375 0.37578125 0.04375 0.04375
0 0.4 0.59140625 0.046875 0.0484375
0 0.43671875 0.5828125 0.046875 0.0453125
0 0.5890625 0.46875 0.0421875 0.0421875
0 0.63125 0.35 0.0421875 0.0421875
0 0.40859375 0.28359375 0.046875 0.046875
0 0.60234375 0.61171875 0.046875 0.046875
0 0.5015625 0.61796875 0.04375 0.0453125
0 0.571875 0.57890625 0.0453125 0.0453125
0 0.6734375 0.740625 0.046875 0.0484375
0 0.63828125 0.66484375 0.0453125 0.046875
0 0.603125 0.5546875 0.046875 0.046875
0 0.55625 0.70859375 0.046875 0.046875
0 0.478125 0.64921875 0.046875 0.046875
0 0.53984375 0.559375 0.046875 0.046875
0 0.29921875 0.5015625 0.0453125 0.04375
0 0.36328125 0.4453125 0.046875 0.046875
0 0.4734375 0.34921875 0.046875 0.0453125
0 0.60859375 0.6953125 0.0453125 0.046875
0 0.5140625 0.37421875 0.04375 0.04375
0 0.34453125 0.36953125 0.046875 0.0453125
0 0.71953125 0.61015625 0.046875 0.046875
0 0.725 0.56875 0.04375 0.04375
0 0.4640625 0.4828125 0.0453125 0.04375
0 0.45625 0.61484375 0.046875 0.046875
0 0.74921875 0.6875 0.046875 0.0453125
0 0.43828125 0.51171875 0.046875 0.0453125
0 0.79453125 0.40390625 0.046875 0.046875
0 0.3359375 0.49453125 0.0453125 0.04375
0 0.55703125 0.4921875 0.0421875 0.0421875
0 0.55703125 0.3578125 0.0453125 0.04375
0 0.54921875 0.31484375 0.04375 0.04375
0 0.56953125 0.5359375 0.0421875 0.0421875
0 0.328125 0.41640625 0.0453125 0.046875
0 0.29296875 0.4015625 0.0453125 0.04375
0 0.32421875 0.53046875 0.046875 0.0453125
0 0.71953125 0.64609375 0.046875 0.046875
0 0.4421875 0.6546875 0.046875 0.053125
0 0.41875 0.621875 0.0453125 0.046875
0 0.3078125 0.36875 0.046875 0.0484375
0 0.67109375 0.78828125 0.046875 0.046875
0 0.35546875 0.2765625 0.0484375 0.046875
0 0.55546875 0.3953125 0.0453125 0.0453125
0 0.34453125 0.5765625 0.046875 0.046875
0 0.71484375 0.71640625 0.0453125 0.0453125
0 0.7734375 0.58515625 0.046875 0.0453125
0 0.50859375 0.33515625 0.0453125 0.04375
0 0.46171875 0.29296875 0.0453125 0.0453125
0 0.784375 0.67890625 0.0421875 0.0421875
0 0.26640625 0.5296875 0.046875 0.0453125
0 0.82109375 0.653125 0.0453125 0.04375
0 0.58515625 0.3328125 0.04375 0.04375
0 0.59609375 0.421875 0.046875 0.0453125
0 0.59765625 0.37578125 0.0453125 0.0453125
0 0.2296875 0.34375 0.046875 0.0453125
0 0.5046875 0.54921875 0.046875 0.046875
0 0.384375 0.36328125 0.04375 0.04375
0 0.7234375 0.4765625 0.0453125 0.046875
0 0.221875 0.2625 0.046875 0.046875
0 0.1796875 0.290625 0.046875 0.046875
0 0.64921875 0.53828125 0.0421875 0.0421875
0 0.903125 0.62421875 0.046875 0.0453125
0 0.4375 0.321875 0.046875 0.0453125
0 0.8578125 0.68671875 0.046875 0.046875
0 0.09765625 0.32109375 0.05 0.046875
0 0.81953125 0.5 0.0453125 0.0453125
0 0.834375 0.55703125 0.046875 0.0453125
0 0.8640625 0.64609375 0.04375 0.04375
0 0.815625 0.75078125 0.0453125 0.0453125
0 0.2375 0.40703125 0.046875 0.05
0 0.059375 0.2453125 0.0484375 0.0453125
0 0.28046875 0.4390625 0.0453125 0.046875
0 0.23671875 0.615625 0.046875 0.046875
0 0.22890625 0.48671875 0.046875 0.0453125
0 0.82421875 0.709375 0.046875 0.046875
0 0.51796875 0.290625 0.046875 0.0484375
0 0.1609375 0.3359375 0.046875 0.0453125
0 0.4328125 0.68984375 0.046875 0.046875
0 0.19375 0.5078125 0.046875 0.046875
0 0.18125 0.43828125 0.046875 0.046875
0 0.6390625 0.7609375 0.046875 0.046875
0 0.1953125 0.3984375 0.046875 0.046875
0 0.26796875 0.47421875 0.046875 0.0453125
0 0.846875 0.46640625 0.046875 0.0453125
0 0.76328125 0.646875 0.046875 0.046875
0 0.32421875 0.615625 0.046875 0.0453125
0 0.5859375 0.28984375 0.0453125 0.046875
0 0.775 0.53125 0.0453125 0.0453125
0 0.37421875 0.621875 0.046875 0.046875
0 0.26015625 0.2828125 0.046875 0.0453125
0 0.28828125 0.5671875 0.046875 0.046875
0 0.271875 0.32578125 0.0453125 0.04375
0 0.48203125 0.6921875 0.046875 0.0484375
0 0.83671875 0.60703125 0.046875 0.05
0 0.57109375 0.75390625 0.046875 0.046875
0 0.2578125 0.37109375 0.0453125 0.04375
0 0.3796875 0.484375 0.046875 0.046875
0 0.22265625 0.43984375 0.046875 0.046875
0 0.19375 0.36171875 0.04375 0.04375
0 0.6234375 0.3109375 0.0453125 0.0453125
0 0.9046875 0.50234375 0.04375 0.04375
0 0.79765625 0.62265625 0.046875 0.046875
0 0.9515625 0.753125 0.046875 0.0453125
0 0.784375 0.72578125 0.0453125 0.04375
0 0.7609375 0.76796875 0.05 0.046875
0 0.3734375 0.68359375 0.046875 0.046875
0 0.80703125 0.78984375 0.0453125 0.04375
0 0.60703125 0.73671875 0.046875 0.05
0 0.71171875 0.75390625 0.046875 0.046875
0 0.134375 0.3046875 0.046875 0.046875
0 0.17421875 0.1515625 0.0453125 0.046875
0 0.29765625 0.27578125 0.046875 0.046875
0 0.4125 0.7234375 0.046875 0.046875
0 0.36875 0.403125 0.05 0.046875
0 0.87421875 0.57109375 0.0453125 0.05
0 0.725 0.521875 0.05 0.0453125
0 0.15625 0.3734375 0.046875 0.0453125
0 0.8578125 0.7515625 0.046875 0.0453125
0 0.5140625 0.74609375 0.046875 0.046875
0 0.91953125 0.67890625 0.05 0.046875
0 0.2421875 0.56640625 0.05 0.046875
0 0.53671875 0.5984375 0.046875 0.046875
0 0.403125 0.65625 0.046875 0.046875
0 0.71875 0.79453125 0.046875 0.0484375
0 0.27734375 0.18828125 0.0515625 0.046875
0 0.3453125 0.65 0.0515625 0.046875
0 0.1234375 0.35234375 0.0484375 0.046875
0 0.6796875 0.6890625 0.05 0.046875
0 0.28671875 0.23828125 0.046875 0.0484375
0 0.9140625 0.78671875 0.046875 0.046875
0 0.75546875 0.815625 0.05 0.0453125
0 0.19609375 0.0609375 0.053125 0.0453125
0 0.88984375 0.71796875 0.0484375 0.046875
0 0.4296875 0.24609375 0.0484375 0.046875
0 0.61015625 0.784375 0.0484375 0.0484375
0 0.01171875 0.259375 0.0234375 0.05
0 0.64375 0.71328125 0.046875 0.053125
0 0.51484375 0.7078125 0.046875 0.046875
0 0.8953125 0.8265625 0.053125 0.046875
0 0.146875 0.4125 0.053125 0.046875
0 0.47578125 0.73125 0.046875 0.046875