0 0.03359375 0.3171875 0.0203125 0.034375
0 0.0390625 0.33515625 0.0296875 0.03125
0 0.0453125 0.2890625 0.0296875 0.0328125
0 0.1203125 0.45703125 0.0265625 0.028125
0 0.1203125 0.48515625 0.0265625 0.0296875
0 0.1484375 0.434375 0.0296875 0.0328125
0 0.09375 0.54296875 0.03125 0.034375
0 0.12109375 0.525 0.028125 0.0296875
0 0.1453125 0.503125 0.0296875 0.03125
0 0.14375 0.47734375 0.025 0.025
0 0.16640625 0.465625 0.0359375 0.034375
0 0.14609375 0.5609375 0.0296875 0.0296875
0 0.15078125 0.596875 0.0296875 0.0328125
0 0.1625 0.57421875 0.0296875 0.0296875
0 0.17421875 0.54921875 0.0328125 0.03125
0 0.21171875 0.4875 0.028125 0.034375
0 0.1859375 0.49453125 0.0296875 0.034375
0 0.1796875 0.5953125 0.0296875 0.0296875
0 0.19765625 0.5765625 0.0265625 0.028125
0 0.203125 0.55 0.0296875 0.0328125
0 0.2234375 0.5265625 0.0296875 0.0296875
0 0.23203125 0.4984375 0.0265625 0.0265625
0 0.2375 0.39140625 0.03125 0.0359375
0 0.25234375 0.47890625 0.0328125 0.03125
0 0.2640625 0.40078125 0.0359375 0.0359375
0 0.21015625 0.3953125 0.028125 0.034375
0 0.3015625 0.40546875 0.0328125 0.0328125
0 0.19609375 0.2328125 0.028125 0.0328125
0 0.22109375 0.23046875 0.0296875 0.034375
0 0.26484375 0.265625 0.03125 0.0390625
0 0.2328125 0.33359375 0.0265625 0.0328125
0 0.28359375 0.284375 0.0359375 0.0328125
0 0.2578125 0.3421875 0.0328125 0.03125
0 0.32578125 0.20859375 0.034375 0.0375
0 0.2828125 0.33828125 0.034375 0.0375
0 0.3046875 0.23046875 0.0296875 0.0328125
0 0.36875 0.209375 0.0328125 0.0375
0 0.41875 0.065625 0.0375 0.0375
0 0.36796875 0.31171875 0.0328125 0.03125
0 0.39453125 0.2609375 0.0359375 0.0359375
0 0.39765625 0.30703125 0.0328125 0.0328125
0 0.3390625 0.3296875 0.034375 0.03125
0 0.42734375 0.31015625 0.0390625 0.034375
0 0.41875 0.2109375 0.0359375 0.0359375
0 0.409375 0.33671875 0.028125 0.0328125
0 0.44296875 0.33125 0.0359375 0.0328125
0 0.27265625 0.49765625 0.0296875 0.03125
0 0.27734375 0.45859375 0.0328125 0.0328125
0 0.2515625 0.51640625 0.0296875 0.0296875
0 0.24453125 0.54609375 0.034375 0.0359375
0 0.2984375 0.50546875 0.0328125 0.034375
0 0.32578125 0.43359375 0.0328125 0.0359375
0 0.3171875 0.540625 0.034375 0.0375
0 0.24140625 0.57421875 0.0359375 0.0328125
0 0.175 0.62265625 0.0328125 0.0359375
0 0.1171875 0.6421875 0.0328125 0.0359375
0 0.0765625 0.646875 0.0296875 0.0328125
0 0.103125 0.66171875 0.0296875 0.0328125
0 0.20234375 0.6453125 0.0296875 0.034375
0 0.1015625 0.7 0.034375 0.0328125
0 0.2125 0.715625 0.0328125 0.0328125
0 0.14140625 0.75703125 0.0328125 0.0328125
0 0.21484375 0.78125 0.0328125 0.0359375
0 0.22109375 0.840625 0.0328125 0.0375
0 0.246875 0.88984375 0.0359375 0.0375
0 0.34765625 0.45078125 0.03125 0.034375
0 0.3390625 0.49921875 0.028125 0.034375
0 0.38046875 0.49609375 0.028125 0.034375
0 0.3734375 0.4609375 0.0296875 0.0328125
0 0.3640625 0.52265625 0.0296875 0.0296875
0 0.36171875 0.49140625 0.0265625 0.0296875
0 0.34296875 0.55078125 0.0359375 0.0359375
0 0.4390625 0.496875 0.0390625 0.0375
0 0.39296875 0.56171875 0.0359375 0.0359375
0 0.3921875 0.59921875 0.0359375 0.0359375
0 0.2703125 0.6828125 0.0328125 0.0328125
0 0.3625 0.59375 0.0328125 0.0359375
0 0.3015625 0.67421875 0.0328125 0.0328125
0 0.31015625 0.73515625 0.0296875 0.034375
0 0.30390625 0.70234375 0.0296875 0.0328125
0 0.3125 0.7734375 0.0328125 0.0359375
0 0.33671875 0.740625 0.034375 0.0359375
0 0.34140625 0.7046875 0.0328125 0.0359375
0 0.35078125 0.78984375 0.0328125 0.0328125
0 0.3796875 0.71875 0.0359375 0.0359375
0 0.4140625 0.828125 0.0375 0.0375
0 0.415625 0.7296875 0.0359375 0.0328125
0 0.453125 0.7140625 0.0359375 0.0375
0 0.51484375 0.69765625 0.0390625 0.034375
0 0.3875 0.43984375 0.0328125 0.034375
0 0.4203125 0.4015625 0.0375 0.0375
0 0.403125 0.4875 0.03125 0.03125
0 0.4203125 0.43828125 0.0328125 0.0328125
0 0.4640625 0.42734375 0.028125 0.0265625
0 0.48359375 0.29375 0.034375 0.0359375
0 0.46484375 0.4453125 0.0328125 0.0296875
0 0.49765625 0.3203125 0.0359375 0.0328125
0 0.45625 0.3984375 0.0328125 0.03125
0 0.47734375 0.33671875 0.034375 0.0390625
0 0.53046875 0.3140625 0.0359375 0.0359375
0 0.52890625 0.28203125 0.0390625 0.040625
0 0.5171875 0.06796875 0.034375 0.0359375
0 0.5515625 0.0671875 0.040625 0.0453125
0 0.5625 0.30234375 0.040625 0.040625
0 0.46875 0.56640625 0.0359375 0.0359375
0 0.49921875 0.62890625 0.0375 0.0390625
0 0.47421875 0.6 0.0375 0.040625
0 0.49609375 0.56484375 0.0375 0.0375
0 0.471875 0.48046875 0.0359375 0.034375
0 0.5046875 0.4625 0.0359375 0.0328125
0 0.521875 0.41171875 0.0375 0.0390625
0 0.50390625 0.490625 0.0359375 0.0359375
0 0.53515625 0.4625 0.034375 0.0359375
0 0.540625 0.43125 0.0375 0.0375
0 0.559375 0.39609375 0.0390625 0.040625
0 0.60078125 0.3140625 0.0359375 0.0359375
0 0.62265625 0.14453125 0.04375 0.0421875
0 0.6328125 0.32421875 0.0390625 0.0390625
0 0.70078125 0.13828125 0.046875 0.0421875
0 0.61796875 0.35390625 0.0359375 0.0359375
0 0.65234375 0.35625 0.0375 0.0375
0 0.58828125 0.615625 0.0390625 0.034375
0 0.6265625 0.6078125 0.0390625 0.034375
0 0.62734375 0.57734375 0.040625 0.040625
0 0.57578125 0.5515625 0.0390625 0.0359375
0 0.60390625 0.45703125 0.0359375 0.0359375
0 0.54140625 0.8953125 0.0390625 0.0375
0 0.64765625 0.709375 0.0390625 0.0375
0 0.6671875 0.6546875 0.0421875 0.0390625
0 0.7 0.53984375 0.04375 0.040625
0 0.68203125 0.6078125 0.040625 0.0359375
0 0.66640625 0.54296875 0.0359375 0.034375
0 0.66015625 0.49375 0.04375 0.0390625
0 0.66484375 0.42890625 0.0421875 0.04375
0 0.703125 0.43359375 0.04375 0.04375
0 0.70234375 0.3875 0.04375 0.040625
0 0.75 0.28359375 0.046875 0.046875
0 0.79609375 0.26484375 0.0484375 0.0453125
0 0.75078125 0.46328125 0.05 0.0453125
0 0.80625 0.31328125 0.046875 0.0453125