0 0.7046875 0.403125 0.0375 0.034375
0 0.83984375 0.38203125 0.0375 0.034375
0 0.73046875 0.3109375 0.0359375 0.03125
0 0.72734375 0.38359375 0.0375 0.034375
0 0.684375 0.42578125 0.0375 0.034375
0 0.7921875 0.4078125 0.0375 0.034375
0 0.6671875 0.44609375 0.0375 0.034375
0 0.75546875 0.36953125 0.0375 0.034375
0 0.76171875 0.31640625 0.0375 0.034375
0 0.871875 0.36171875 0.0375 0.034375
0 0.78828125 0.32421875 0.034375 0.03125
0 0.83046875 0.35078125 0.0359375 0.03125
0 0.73515625 0.41328125 0.0375 0.034375
0 0.81171875 0.38828125 0.0375 0.034375
0 0.7515625 0.46875 0.0390625 0.0375
0 0.89140625 0.33671875 0.0375 0.0328125
0 0.803125 0.2765625 0.0359375 0.03125
0 0.63046875 0.49140625 0.0390625 0.0375
0 0.74453125 0.440625 0.0375 0.034375
0 0.71484375 0.43359375 0.0375 0.0359375
0 0.834375 0.41015625 0.0375 0.034375
0 0.8703125 0.38984375 0.0375 0.034375
0 0.71796875 0.47890625 0.0390625 0.0375
0 0.78515625 0.37109375 0.0375 0.034375
0 0.76328125 0.4234375 0.0375 0.0328125
0 0.80078125 0.46171875 0.0390625 0.0375
0 0.6875 0.5203125 0.0390625 0.0375
0 0.62578125 0.3703125 0.0390625 0.0359375
0 0.85234375 0.2671875 0.0359375 0.03125
0 0.70234375 0.30078125 0.0359375 0.03125
0 0.83203125 0.246875 0.0359375 0.03125
0 0.77734375 0.2984375 0.034375 0.03125
0 0.746875 0.2875 0.0359375 0.03125
0 0.65546875 0.4109375 0.0375 0.034375
0 0.63828125 0.43359375 0.0375 0.034375
0 0.79765625 0.434375 0.0390625 0.0359375
0 0.74921875 0.246875 0.034375 0.03125
0 0.80078125 0.34765625 0.0375 0.034375
0 0.84609375 0.31875 0.0359375 0.03125
0 0.8328125 0.28515625 0.034375 0.03125
0 0.82578125 0.4421875 0.0375 0.034375
0 0.8640625 0.41640625 0.0375 0.034375
0 0.6515625 0.52421875 0.0390625 0.0375
0 0.775 0.27578125 0.034375 0.03125
0 0.60625 0.45546875 0.040625 0.0390625
0 0.7375 0.225 0.0328125 0.03125
0 0.67734375 0.2640625 0.0359375 0.034375
0 0.63984375 0.4625 0.0390625 0.0375
0 0.77265625 0.2328125 0.034375 0.03125
0 0.91015625 0.38515625 0.0375 0.034375
0 0.81640625 0.32421875 0.034375 0.03125
0 0.90078125 0.41328125 0.0375 0.034375
0 0.6828125 0.3234375 0.0375 0.034375
0 0.71484375 0.2796875 0.034375 0.03125
0 0.6484375 0.35390625 0.0375 0.034375
0 0.90859375 0.35859375 0.0375 0.0328125
0 0.6109375 0.34375 0.0390625 0.0359375
0 0.87265625 0.29375 0.034375 0.03125
0 0.784375 0.4859375 0.040625 0.0390625
0 0.66796875 0.55078125 0.040625 0.0390625
0 0.71171875 0.24609375 0.0328125 0.03125
0 0.69765625 0.453125 0.0375 0.034375
0 0.60078125 0.42421875 0.040625 0.0390625
0 0.7328125 0.26484375 0.0328125 0.0296875
0 0.89921875 0.3140625 0.034375 0.03125
0 0.584375 0.56171875 0.040625 0.0390625
0 0.821875 0.22421875 0.034375 0.0296875
0 0.590625 0.3953125 0.0375 0.034375
0 0.6109375 0.58359375 0.0421875 0.0421875
0 0.6625 0.4984375 0.0390625 0.0375
0 0.73671875 0.34453125 0.0359375 0.0359375
0 0.67890625 0.47265625 0.0390625 0.0375
0 0.88359375 0.265625 0.0375 0.0328125
0 0.68046875 0.37578125 0.0375 0.034375
0 0.55078125 0.58046875 0.040625 0.040625
0 0.790625 0.21015625 0.0359375 0.0296875
0 0.59609375 0.36640625 0.0390625 0.0359375
0 0.85 0.4640625 0.0375 0.034375
0 0.7609375 0.396875 0.0375 0.034375
0 0.57265625 0.4671875 0.0390625 0.0375
0 0.5171875 0.45859375 0.040625 0.0390625
0 0.76796875 0.3421875 0.0375 0.034375
0 0.72578125 0.203125 0.0328125 0.03125
0 0.621875 0.5515625 0.0421875 0.0421875
0 0.64375 0.578125 0.040625 0.0390625
0 0.49296875 0.52578125 0.0421875 0.040625
0 0.62109375 0.51796875 0.0421875 0.0421875
0 0.7125 0.3578125 0.0390625 0.0359375
0 0.58203125 0.59609375 0.040625 0.040625
0 0.7140625 0.53828125 0.0421875 0.0421875
0 0.51328125 0.5796875 0.0421875 0.0421875
0 0.51015625 0.49609375 0.040625 0.0390625
0 0.6234375 0.31953125 0.0375 0.0328125
0 0.653125 0.3828125 0.0375 0.034375
0 0.84296875 0.20078125 0.0359375 0.03125
0 0.6734375 0.3 0.0359375 0.03125
0 0.578125 0.52890625 0.040625 0.040625
0 0.65234375 0.32734375 0.0375 0.034375
0 0.54453125 0.47734375 0.040625 0.0390625
0 0.53046875 0.41875 0.0421875 0.0390625
0 0.68125 0.58203125 0.0421875 0.0421875
0 0.85625 0.1828125 0.0328125 0.028125
0 0.7859375 0.25546875 0.034375 0.0296875
0 0.609375 0.625 0.0421875 0.0421875
0 0.82890625 0.18046875 0.0328125 0.03125
0 0.54765625 0.4484375 0.040625 0.0390625
0 0.675 0.34921875 0.0375 0.034375
0 0.89375 0.440625 0.040625 0.0359375
0 0.54609375 0.54765625 0.040625 0.040625
0 0.65390625 0.278125 0.0359375 0.03125
0 0.91484375 0.23359375 0.034375 0.034375
0 0.875 0.21875 0.0328125 0.0296875
0 0.9359375 0.33125 0.0359375 0.034375
0 0.53515625 0.5171875 0.0453125 0.0421875
0 0.63359375 0.29765625 0.0359375 0.03125
0 0.54375 0.6109375 0.0453125 0.0421875
0 0.78671875 0.525 0.04375 0.0421875
0 0.70859375 0.18125 0.0328125 0.03125
0 0.5671875 0.4265625 0.040625 0.0375
0 0.63828125 0.61015625 0.0421875 0.0421875
0 0.71328125 0.328125 0.0328125 0.03125
0 0.56875 0.6375 0.0421875 0.04375
0 0.509375 0.6265625 0.0421875 0.0421875
0 0.57109375 0.49921875 0.040625 0.0390625
0 0.5546875 0.4 0.040625 0.0359375
0 0.4828125 0.60390625 0.0421875 0.04375
0 0.94296875 0.41015625 0.0375 0.0375
0 0.6 0.48984375 0.040625 0.0390625
0 0.6828125 0.240625 0.0328125 0.03125
0 0.940625 0.2515625 0.0328125 0.03125
0 0.8921875 0.18359375 0.0328125 0.028125
0 0.5171875 0.54765625 0.040625 0.040625
0 0.75390625 0.50078125 0.040625 0.0390625
0 0.45 0.58515625 0.0421875 0.0421875
0 0.6203125 0.40234375 0.0390625 0.0375
0 0.84609375 0.14453125 0.0328125 0.034375
0 0.8453125 0.5515625 0.046875 0.0421875
0 0.5171875 0.67265625 0.04375 0.04375
0 0.0953125 0.365625 0.040625 0.0390625
0 0.10625 0.3375 0.040625 0.0390625
0 0.96796875 0.1625 0.0328125 0.03125
0 0.99140625 0.48125 0.0171875 0.0375