0 0.33671875 0.07265625 0.0234375 0.02109375
0 0.3359375 0.09375 0.0234375 0.02265625
0 0.3515625 0.10625 0.01953125 0.0203125
0 0.36796875 0.0921875 0.021875 0.02109375
0 0.4125 0.1140625 0.021875 0.02265625
0 0.43359375 0.1046875 0.021875 0.0203125
0 0.45703125 0.1390625 0.0203125 0.02109375
0 0.4984375 0.1859375 0.025 0.025
0 0.66640625 0.24140625 0.02265625 0.02421875
0 0.63828125 0.2453125 0.021875 0.02265625
0 0.6046875 0.22109375 0.02109375 0.02109375
0 0.60546875 0.2421875 0.0203125 0.021875
0 0.5796875 0.228125 0.021875 0.021875
0 0.58515625 0.24765625 0.021875 0.02109375
0 0.5671875 0.2609375 0.01953125 0.01953125
0 0.5859375 0.2703125 0.01953125 0.02109375
0 0.60625 0.26328125 0.02109375 0.0234375
0 0.615625 0.28671875 0.02109375 0.01953125
0 0.6390625 0.30234375 0.0234375 0.02265625
0 0.59453125 0.2890625 0.021875 0.0203125
0 0.61796875 0.30703125 0.021875 0.01953125
0 0.67578125 0.353125 0.02265625 0.021875
0 0.69453125 0.36484375 0.02421875 0.021875
0 0.6125 0.34140625 0.02109375 0.02109375
0 0.63359375 0.3421875 0.02265625 0.01875
0 0.5921875 0.35078125 0.02421875 0.0203125
0 0.609375 0.3625 0.02109375 0.021875
0 0.63203125 0.3609375 0.02265625 0.01953125
0 0.675 0.38125 0.025 0.02265625
0 0.61953125 0.3875 0.0203125 0.021875
0 0.6375 0.40625 0.0234375 0.0234375
0 0.50859375 0.2953125 0.02265625 0.02109375
0 0.52734375 0.3125 0.02265625 0.02109375
0 0.52578125 0.33671875 0.0203125 0.02265625
0 0.54765625 0.3515625 0.0203125 0.01953125
0 0.5546875 0.378125 0.0203125 0.02265625
0 0.534375 0.365625 0.0234375 0.01875
0 0.5265625 0.3859375 0.02265625 0.0203125
0 0.525 0.40625 0.021875 0.02265625
0 0.396875 0.34375 0.02421875 0.025
0 0.41484375 0.4109375 0.02421875 0.02421875
0 0.3203125 0.365625 0.021875 0.02109375
0 0.35234375 0.38125 0.02109375 0.021875
0 0.33125 0.39609375 0.02109375 0.021875
0 0.30859375 0.4 0.0203125 0.02265625
0 0.3140625 0.42265625 0.02421875 0.0234375
0 0.35390625 0.4171875 0.02578125 0.021875
0 0.3484375 0.43984375 0.02265625 0.021875
0 0.271875 0.43984375 0.02734375 0.0234375
0 0.32109375 0.534375 0.0265625 0.0234375
0 0.45 0.45625 0.02109375 0.021875
0 0.47421875 0.45859375 0.02109375 0.02421875
0 0.4390625 0.47421875 0.021875 0.021875
0 0.46328125 0.47578125 0.0203125 0.021875
0 0.4484375 0.51328125 0.02265625 0.0234375
0 0.4328125 0.4921875 0.021875 0.0203125
0 0.428125 0.51328125 0.02421875 0.021875
0 0.36875 0.46171875 0.0203125 0.021875
0 0.38828125 0.47265625 0.025 0.021875
0 0.3515625 0.4890625 0.02109375 0.02265625
0 0.36875 0.484375 0.0203125 0.021875
0 0.384375 0.49453125 0.01875 0.0203125
0 0.36015625 0.51015625 0.02109375 0.0203125
0 0.38125 0.51328125 0.01875 0.0203125
0 0.40078125 0.525 0.02265625 0.021875
0 0.37890625 0.53515625 0.021875 0.0234375
0 0.396875 0.54453125 0.01796875 0.02109375
0 0.46953125 0.553125 0.01953125 0.0234375
0 0.4015625 0.56484375 0.0203125 0.01875
0 0.390625 0.5828125 0.0203125 0.02265625
0 0.4109375 0.58359375 0.021875 0.02265625
0 0.43125 0.57734375 0.01953125 0.02421875
0 0.45078125 0.56796875 0.01953125 0.02109375
0 0.465625 0.584375 0.02109375 0.02265625
0 0.42578125 0.6015625 0.0203125 0.021875
0 0.44609375 0.59453125 0.021875 0.0203125
0 0.44140625 0.61484375 0.0203125 0.02109375
0 0.47109375 0.61796875 0.0203125 0.0234375
0 0.4359375 0.6390625 0.02109375 0.021875
0 0.4546875 0.6296875 0.01953125 0.02109375
0 0.45859375 0.6515625 0.01953125 0.02109375
0 0.48203125 0.64609375 0.02265625 0.02265625
0 0.4546875 0.6734375 0.0203125 0.0203125
0 0.47578125 0.66796875 0.02109375 0.02265625
0 0.72578125 0.553125 0.02421875 0.02578125
0 0.675 0.52734375 0.0234375 0.0234375
0 0.67734375 0.55234375 0.02109375 0.0234375
0 0.709375 0.4453125 0.0234375 0.025
0 0.71796875 0.46953125 0.02265625 0.02421875
0 0.7171875 0.4953125 0.021875 0.021875
0 0.653125 0.4625 0.02421875 0.0234375
0 0.66640625 0.48984375 0.0203125 0.021875
0 0.65 0.49453125 0.01875 0.02265625
0 0.67890625 0.49765625 0.01953125 0.0203125
0 0.5984375 0.46328125 0.02265625 0.02265625
0 0.615625 0.45546875 0.02265625 0.01875
0 0.62109375 0.47109375 0.0234375 0.0203125
0 0.61484375 0.48359375 0.0203125 0.015625
0 0.5234375 0.46328125 0.021875 0.0265625
0 0.52421875 0.484375 0.021875 0.0203125
0 0.571875 0.49765625 0.0203125 0.02421875
0 0.55234375 0.51171875 0.02265625 0.02265625
0 0.53203125 0.50703125 0.0234375 0.0203125
0 0.53125 0.5296875 0.01953125 0.01953125
0 0.5375 0.54921875 0.021875 0.0203125
0 0.51640625 0.571875 0.02109375 0.0203125
0 0.53671875 0.56953125 0.01953125 0.01953125
0 0.55078125 0.57109375 0.01640625 0.0234375
0 0.54609375 0.59609375 0.02109375 0.02265625
0 0.52421875 0.60234375 0.021875 0.025
0 0.53828125 0.61875 0.02109375 0.021875
0 0.5671875 0.63515625 0.02265625 0.02421875
0 0.68671875 0.60703125 0.021875 0.021875
0 0.65 0.6125 0.02109375 0.0203125
0 0.671875 0.625 0.025 0.02421875
0 0.70390625 0.634375 0.0265625 0.0171875
0 0.70546875 0.64921875 0.021875 0.01171875
0 0.646875 0.65546875 0.01953125 0.021875
0 0.65546875 0.67578125 0.02109375 0.02265625
0 0.675 0.65546875 0.021875 0.02109375
0 0.69140625 0.67265625 0.0203125 0.02109375
0 0.7109375 0.6875 0.02421875 0.02578125
0 0.6671875 0.71875 0.021875 0.02578125
0 0.63203125 0.68203125 0.02578125 0.021875
0 0.6453125 0.721875 0.021875 0.02265625
0 0.6546875 0.69609375 0.01953125 0.02109375
0 0.61171875 0.70234375 0.021875 0.02109375
0 0.63359375 0.7046875 0.02265625 0.021875
0 0.5921875 0.6890625 0.0234375 0.0203125
0 0.61484375 0.728125 0.021875 0.025
0 0.58671875 0.7546875 0.02109375 0.0203125
0 0.5734375 0.7703125 0.0234375 0.0234375
0 0.2140625 0.7609375 0.02109375 0.025
0 0.23671875 0.76875 0.02578125 0.02421875
0 0.2390625 0.784375 0.025 0.01484375
0 0.28359375 0.7328125 0.0234375 0.02109375
0 0.29296875 0.74296875 0.01875 0.01484375
0 0.29609375 0.71484375 0.02265625 0.02421875
0 0.3125 0.6984375 0.028125 0.02265625
0 0.36171875 0.7265625 0.02265625 0.02578125
0 0.43203125 0.78671875 0.02421875 0.02265625
0 0.44765625 0.81171875 0.025 0.02578125
0 0.59453125 0.88046875 0.02421875 0.028125