0 0.17265625 0.74375 0.0421875 0.04375
0 0.31640625 0.76328125 0.0375 0.0359375
0 0.340625 0.74921875 0.0359375 0.0375
0 0.35078125 0.709375 0.0375 0.034375
0 0.3703125 0.73046875 0.040625 0.0390625
0 0.3328125 0.815625 0.0421875 0.0421875
0 0.39453125 0.7578125 0.040625 0.040625
0 0.4546875 0.72578125 0.040625 0.040625
0 0.4765625 0.70078125 0.040625 0.0390625
0 0.49609375 0.81953125 0.040625 0.0421875
0 0.528125 0.790625 0.040625 0.040625
0 0.5609375 0.78515625 0.0375 0.0390625
0 0.1421875 0.303125 0.0375 0.0375
0 0.159375 0.33125 0.0390625 0.040625
0 0.17109375 0.28359375 0.0390625 0.0375
0 0.3171875 0.27265625 0.0375 0.0390625
0 0.384375 0.28125 0.0375 0.040625
0 0.4375 0.3125 0.0375 0.0390625
0 0.25078125 0.6296875 0.0390625 0.0421875
0 0.2796875 0.65390625 0.0421875 0.0390625
0 0.2859375 0.59453125 0.040625 0.0390625
0 0.290625 0.4890625 0.0390625 0.040625
0 0.38671875 0.4265625 0.0421875 0.0421875
0 0.40859375 0.36953125 0.0375 0.0390625
0 0.47109375 0.37421875 0.0390625 0.0375
0 0.43828125 0.390625 0.0390625 0.0375
0 0.45703125 0.41640625 0.040625 0.0390625
0 0.415625 0.4640625 0.040625 0.0390625
0 0.4703125 0.44453125 0.0375 0.0390625
0 0.4640625 0.47734375 0.0390625 0.0375
0 0.43125 0.4953125 0.0359375 0.0375
0 0.4578125 0.51171875 0.0390625 0.0375
0 0.3828125 0.49765625 0.040625 0.040625
0 0.40703125 0.5296875 0.040625 0.040625
0 0.41328125 0.5625 0.034375 0.0375
0 0.3421875 0.55078125 0.040625 0.0375
0 0.34140625 0.58046875 0.0375 0.0375
0 0.37734375 0.5796875 0.034375 0.034375
0 0.3609375 0.609375 0.04375 0.0390625
0 0.36484375 0.63671875 0.0375 0.0375
0 0.38984375 0.653125 0.0375 0.0375
0 0.40390625 0.62578125 0.0375 0.0375
0 0.4046875 0.59765625 0.0375 0.0375
0 0.428125 0.584375 0.034375 0.0375
0 0.45546875 0.55625 0.0375 0.0375
0 0.48671875 0.5578125 0.0390625 0.0375
0 0.5609375 0.61015625 0.0359375 0.0375
0 0.584375 0.59375 0.0359375 0.0421875
0 0.58828125 0.55703125 0.0375 0.0375
0 0.58984375 0.5171875 0.0390625 0.040625
0 0.53203125 0.4609375 0.0359375 0.040625
0 0.578125 0.33515625 0.0375 0.034375
0 0.5828125 0.36328125 0.0375 0.034375
0 0.5515625 0.35546875 0.0390625 0.040625
0 0.5546875 0.321875 0.034375 0.0375
0 0.57265625 0.29765625 0.034375 0.0375
0 0.59921875 0.29921875 0.034375 0.0375
0 0.60625 0.3453125 0.0359375 0.0359375
0 0.665625 0.15859375 0.040625 0.0421875
0 0.75546875 0.15390625 0.040625 0.0390625
0 0.7390625 0.23046875 0.0359375 0.040625
0 0.6984375 0.2109375 0.0390625 0.040625
0 0.63984375 0.209375 0.0375 0.0375
0 0.6234375 0.2359375 0.0375 0.0359375
0 0.6265625 0.26328125 0.040625 0.0390625
0 0.6265625 0.28984375 0.0328125 0.034375
0 0.6375 0.3140625 0.0375 0.0375
0 0.653125 0.2796875 0.034375 0.0375
0 0.66953125 0.3015625 0.0375 0.0328125
0 0.6953125 0.271875 0.0375 0.0375
0 0.7234375 0.29765625 0.0375 0.0375
0 0.67421875 0.32734375 0.0375 0.0375
0 0.675 0.3578125 0.0375 0.0375
0 0.7265625 0.35703125 0.0421875 0.04375
0 0.60625 0.3984375 0.0390625 0.040625
0 0.590625 0.44296875 0.0375 0.040625
0 0.6265625 0.43359375 0.0375 0.0375
0 0.64765625 0.41328125 0.0375 0.034375
0 0.6578125 0.4390625 0.034375 0.0375
0 0.6484375 0.3875 0.040625 0.0375
0 0.67578125 0.384375 0.0375 0.0375
0 0.70234375 0.38671875 0.0359375 0.0375
0 0.725 0.4015625 0.0359375 0.0375
0 0.69921875 0.4171875 0.0390625 0.0359375
0 0.68046875 0.4515625 0.034375 0.0375
0 0.70703125 0.44375 0.0375 0.0359375
0 0.73203125 0.4296875 0.0359375 0.0375
0 0.7421875 0.4609375 0.0359375 0.0375
0 0.71484375 0.478125 0.0375 0.0359375
0 0.7453125 0.496875 0.0390625 0.040625
0 0.72734375 0.52421875 0.040625 0.040625
0 0.7796875 0.5203125 0.0375 0.0390625
0 0.74765625 0.5546875 0.0359375 0.0375
0 0.778125 0.55234375 0.0375 0.040625
0 0.76328125 0.5953125 0.0359375 0.0375
0 0.73359375 0.61875 0.040625 0.0359375
0 0.7625 0.62890625 0.0375 0.0390625
0 0.7328125 0.646875 0.0375 0.0375
0 0.72578125 0.67578125 0.0375 0.0390625
0 0.70625 0.78359375 0.0390625 0.0421875