0 0.15703125 0.44453125 0.0234375 0.02578125
0 0.5125 0.24375 0.02421875 0.0234375
0 0.5171875 0.2671875 0.0234375 0.02421875
0 0.5375 0.253125 0.02421875 0.02421875
0 0.54765625 0.275 0.025 0.02578125
0 0.5265625 0.28671875 0.02421875 0.02265625
0 0.54609375 0.3 0.02109375 0.0234375
0 0.521875 0.309375 0.02109375 0.0234375
0 0.5484375 0.325 0.0234375 0.0234375
0 0.5671875 0.31015625 0.021875 0.0234375
0 0.58203125 0.33671875 0.0234375 0.025
0 0.50703125 0.33046875 0.021875 0.02265625
0 0.4921875 0.315625 0.02109375 0.021875
0 0.47890625 0.29921875 0.02265625 0.021875
0 0.50234375 0.29296875 0.0234375 0.021875
0 0.47109375 0.2765625 0.02109375 0.02265625
0 0.48671875 0.24765625 0.021875 0.02421875
0 0.46171875 0.253125 0.02265625 0.02265625
0 0.49453125 0.27109375 0.0203125 0.02109375
0 0.46328125 0.2296875 0.0234375 0.02265625
0 0.4375 0.228125 0.021875 0.02421875
0 0.43828125 0.25234375 0.021875 0.0234375
0 0.4140625 0.234375 0.0203125 0.02578125
0 0.40859375 0.25859375 0.021875 0.02578125
0 0.425 0.26875 0.0203125 0.02265625
0 0.446875 0.275 0.021875 0.0234375
0 0.45625 0.296875 0.02109375 0.0234375
0 0.409375 0.2875 0.0203125 0.0234375
0 0.43203125 0.2921875 0.021875 0.025
0 0.38671875 0.26015625 0.0203125 0.02421875
0 0.38984375 0.2828125 0.02109375 0.02109375
0 0.36953125 0.278125 0.0203125 0.01953125
0 0.36171875 0.2578125 0.02109375 0.021875
0 0.3453125 0.28359375 0.02265625 0.021875
0 0.35 0.3140625 0.0203125 0.02109375
0 0.365625 0.2984375 0.0203125 0.021875
0 0.36953125 0.3203125 0.01796875 0.01953125
0 0.3859375 0.30390625 0.0203125 0.021875
0 0.428125 0.31875 0.02109375 0.02109375
0 0.409375 0.309375 0.01953125 0.02109375
0 0.390625 0.32578125 0.0203125 0.02109375
0 0.41171875 0.3328125 0.02109375 0.0234375
0 0.434375 0.3390625 0.0203125 0.0234375
0 0.45703125 0.34140625 0.02109375 0.02265625
0 0.4484375 0.3203125 0.01875 0.02265625
0 0.47109375 0.321875 0.01953125 0.021875
0 0.48203125 0.340625 0.02265625 0.02265625
0 0.49921875 0.35546875 0.02109375 0.0234375
0 0.521875 0.35 0.0234375 0.0234375
0 0.546875 0.35 0.0234375 0.0234375
0 0.540625 0.37734375 0.021875 0.02578125
0 0.51015625 0.3765625 0.02109375 0.02265625
0 0.4859375 0.375 0.02109375 0.021875
0 0.4390625 0.36171875 0.02109375 0.02265625
0 0.46875 0.36015625 0.021875 0.02265625
0 0.41796875 0.35859375 0.0203125 0.02265625
0 0.375 0.34140625 0.01953125 0.021875
0 0.39453125 0.34765625 0.0203125 0.021875
0 0.3546875 0.3359375 0.01953125 0.01953125
0 0.359375 0.3578125 0.01953125 0.0234375
0 0.378125 0.36328125 0.01953125 0.02109375
0 0.39765625 0.3703125 0.02109375 0.02265625
0 0.41953125 0.38125 0.0203125 0.021875
0 0.4390625 0.39453125 0.0203125 0.021875
0 0.453125 0.37734375 0.021875 0.021875
0 0.46953125 0.39140625 0.021875 0.02265625
0 0.48984375 0.39765625 0.01953125 0.02265625
0 0.43515625 0.41796875 0.021875 0.0234375
0 0.45546875 0.409375 0.02265625 0.02265625
0 0.415625 0.4046875 0.02265625 0.0234375
0 0.38046875 0.3859375 0.0203125 0.02109375
0 0.39609375 0.396875 0.0203125 0.02265625
0 0.359375 0.38046875 0.01796875 0.02109375
0 0.340625 0.3671875 0.02109375 0.0234375
0 0.334375 0.3453125 0.01953125 0.021875
0 0.32578125 0.3 0.0234375 0.0234375
0 0.32890625 0.3234375 0.02265625 0.02265625
0 0.303125 0.28359375 0.02109375 0.021875
0 0.28203125 0.29609375 0.0234375 0.025
0 0.30234375 0.3125 0.021875 0.02421875
0 0.303125 0.3390625 0.0203125 0.0234375
0 0.26328125 0.3609375 0.02109375 0.0265625
0 0.3015625 0.36171875 0.0203125 0.02265625
0 0.3203125 0.375 0.01953125 0.0234375
0 0.29453125 0.40859375 0.02265625 0.02421875
0 0.321875 0.421875 0.02109375 0.025
0 0.340625 0.39140625 0.02109375 0.02265625
0 0.35859375 0.40390625 0.01953125 0.025
0 0.378125 0.41015625 0.02109375 0.02265625
0 0.3953125 0.425 0.02109375 0.02421875
0 0.4171875 0.42890625 0.01953125 0.02265625
0 0.4296875 0.446875 0.02109375 0.02265625
0 0.434375 0.4703125 0.0234375 0.02421875
0 0.453125 0.43828125 0.02109375 0.02578125
0 0.478125 0.421875 0.021875 0.02421875
0 0.50703125 0.409375 0.02265625 0.0265625
0 0.53046875 0.4046875 0.0234375 0.02421875
0 0.540625 0.42890625 0.025 0.02578125
0 0.1203125 0.3953125 0.02421875 0.02421875