0 0.640625 0.56953125 0.0328125 0.0359375
0 0.51484375 0.671875 0.0296875 0.028125
0 0.271875 0.73359375 0.028125 0.025
0 0.321875 0.7671875 0.0265625 0.03125
0 0.3046875 0.68515625 0.0234375 0.028125
0 0.3234375 0.715625 0.0265625 0.028125
0 0.35546875 0.74140625 0.0234375 0.028125
0 0.371875 0.72734375 0.025 0.0265625
0 0.37890625 0.70546875 0.028125 0.025
0 0.42578125 0.70234375 0.0234375 0.028125
0 0.4078125 0.69140625 0.021875 0.028125
0 0.3890625 0.68671875 0.021875 0.025
0 0.36953125 0.68359375 0.025 0.025
0 0.44296875 0.68984375 0.025 0.028125
0 0.43046875 0.6703125 0.025 0.028125
0 0.41015625 0.66328125 0.025 0.028125
0 0.3890625 0.66328125 0.025 0.025
0 0.365625 0.6609375 0.025 0.025
0 0.34140625 0.67109375 0.025 0.028125
0 0.33515625 0.64375 0.025 0.0265625
0 0.45390625 0.66171875 0.025 0.028125
0 0.43671875 0.63984375 0.0265625 0.028125
0 0.415625 0.64140625 0.025 0.025
0 0.39140625 0.64140625 0.025 0.025
0 0.37109375 0.6390625 0.025 0.025
0 0.3890625 0.5984375 0.0234375 0.0265625
0 0.40078125 0.61953125 0.021875 0.028125
0 0.35 0.5984375 0.028125 0.028125
0 0.38046875 0.61875 0.025 0.028125
0 0.41953125 0.61953125 0.025 0.025
0 0.44375 0.61875 0.025 0.025
0 0.4328125 0.5953125 0.0234375 0.028125
0 0.3625 0.5640625 0.025 0.025
0 0.4109375 0.59765625 0.025 0.0265625
0 0.37265625 0.58671875 0.028125 0.025
0 0.3828125 0.56640625 0.025 0.025
0 0.4140625 0.57421875 0.025 0.0265625
0 0.45390625 0.596875 0.025 0.028125
0 0.46171875 0.5734375 0.0265625 0.0296875
0 0.4390625 0.56875 0.025 0.028125
0 0.40859375 0.54921875 0.025 0.028125
0 0.38671875 0.54375 0.025 0.0265625
0 0.3796875 0.51953125 0.025 0.028125
0 0.40859375 0.5234375 0.028125 0.0265625
0 0.45234375 0.528125 0.025 0.0265625
0 0.42890625 0.53203125 0.025 0.0265625
0 0.4515625 0.55 0.025 0.028125
0 0.478125 0.5625 0.025 0.028125
0 0.51953125 0.596875 0.0296875 0.03125
0 0.49453125 0.58125 0.0265625 0.03125
0 0.52421875 0.56171875 0.025 0.0296875
0 0.5015625 0.5546875 0.0265625 0.03125
0 0.47109375 0.5390625 0.0234375 0.028125
0 0.49140625 0.52421875 0.025 0.028125
0 0.46796875 0.515625 0.025 0.028125
0 0.43671875 0.5015625 0.0234375 0.028125
0 0.41640625 0.5 0.0234375 0.028125
0 0.38984375 0.4953125 0.0265625 0.03125
0 0.4109375 0.47421875 0.025 0.028125
0 0.428125 0.4671875 0.021875 0.025
0 0.4609375 0.4921875 0.025 0.028125
0 0.44921875 0.4703125 0.0234375 0.0265625
0 0.47421875 0.47421875 0.0265625 0.03125
0 0.4890625 0.5015625 0.025 0.028125
0 0.5046875 0.484375 0.025 0.028125
0 0.5140625 0.52734375 0.0265625 0.03125
0 0.5359375 0.53984375 0.028125 0.028125
0 0.56796875 0.54296875 0.0296875 0.034375
0 0.54453125 0.5140625 0.0296875 0.03125
0 0.528125 0.496875 0.028125 0.028125
0 0.58515625 0.5015625 0.0296875 0.0328125
0 0.5484375 0.4875 0.028125 0.028125
0 0.55 0.46171875 0.028125 0.028125
0 0.496875 0.459375 0.025 0.028125
0 0.39140625 0.46171875 0.025 0.028125
0 0.409375 0.4453125 0.025 0.028125
0 0.4578125 0.44921875 0.025 0.0265625
0 0.43046875 0.44375 0.0234375 0.028125
0 0.446875 0.42890625 0.025 0.028125
0 0.48359375 0.43671875 0.028125 0.028125
0 0.52890625 0.44609375 0.025 0.028125
0 0.509375 0.42890625 0.0265625 0.0328125
0 0.44296875 0.40703125 0.025 0.028125
0 0.4671875 0.40703125 0.028125 0.0296875
0 0.49296875 0.409375 0.0265625 0.0296875
0 0.5171875 0.39921875 0.028125 0.03125
0 0.60234375 0.3328125 0.0328125 0.0359375
0 0.55 0.43203125 0.028125 0.0296875
0 0.54453125 0.409375 0.028125 0.028125
0 0.55 0.384375 0.0296875 0.03125
0 0.57734375 0.4015625 0.0296875 0.03125
0 0.6078125 0.396875 0.0296875 0.03125
0 0.59453125 0.434375 0.034375 0.0328125
0 0.61796875 0.41875 0.0296875 0.03125
0 0.64609375 0.50703125 0.034375 0.0328125
0 0.67890625 0.4375 0.0328125 0.0359375
0 0.72890625 0.48359375 0.0328125 0.0359375
0 0.76875 0.46484375 0.0328125 0.0359375
0 0.78828125 0.428125 0.0359375 0.0359375
0 0.79609375 0.375 0.0359375 0.0359375