0 0.0140625 0.5125 0.028125 0.03125
0 0.0796875 0.4984375 0.0328125 0.0265625
0 0.0953125 0.525 0.0296875 0.0296875
0 0.12734375 0.46328125 0.0296875 0.03125
0 0.12109375 0.50390625 0.0296875 0.0296875
0 0.14609375 0.51328125 0.0328125 0.0265625
0 0.16171875 0.49609375 0.0296875 0.0265625
0 0.17578125 0.4703125 0.03125 0.0296875
0 0.20859375 0.4890625 0.03125 0.0265625
0 0.2078125 0.5375 0.0296875 0.0265625
0 0.3359375 0.6109375 0.0328125 0.0265625
0 0.325 0.6375 0.0328125 0.028125
0 0.465625 0.61953125 0.03125 0.0296875
0 0.4609375 0.64375 0.0296875 0.0265625
0 0.453125 0.6921875 0.0296875 0.0265625
0 0.27578125 0.46796875 0.03125 0.0265625
0 0.25234375 0.471875 0.0265625 0.028125
0 0.2625 0.49375 0.028125 0.0265625
0 0.278125 0.54140625 0.0296875 0.0296875
0 0.296875 0.56640625 0.03125 0.028125
0 0.35859375 0.50703125 0.0296875 0.028125
0 0.33125 0.5125 0.0296875 0.028125
0 0.30703125 0.5359375 0.0265625 0.0265625
0 0.33046875 0.53984375 0.0265625 0.0265625
0 0.353125 0.53984375 0.0265625 0.0265625
0 0.3734375 0.53046875 0.0265625 0.0265625
0 0.396875 0.521875 0.028125 0.0265625
0 0.37421875 0.56484375 0.0265625 0.0296875
0 0.3640625 0.60078125 0.028125 0.0265625
0 0.3921875 0.584375 0.0296875 0.0265625
0 0.40234375 0.60703125 0.028125 0.0296875
0 0.41796875 0.58984375 0.0296875 0.0265625
0 0.4203125 0.55234375 0.0296875 0.0265625
0 0.43828125 0.57890625 0.028125 0.0265625
0 0.45390625 0.56015625 0.0296875 0.0265625
0 0.48046875 0.5453125 0.0296875 0.0296875
0 0.4828125 0.57734375 0.0265625 0.028125
0 0.5046875 0.59375 0.0296875 0.0265625
0 0.52109375 0.57109375 0.0296875 0.028125
0 0.534375 0.54453125 0.028125 0.0265625
0 0.5484375 0.57421875 0.028125 0.0265625
0 0.52109375 0.6609375 0.028125 0.0265625
0 0.53515625 0.61875 0.0296875 0.0265625
0 0.54140625 0.64609375 0.028125 0.0265625
0 0.62890625 0.509375 0.0265625 0.028125
0 0.60625 0.53828125 0.025 0.025
0 0.63203125 0.54375 0.0265625 0.0265625
0 0.615625 0.56015625 0.028125 0.0265625
0 0.60390625 0.5796875 0.0265625 0.0265625
0 0.55546875 0.59921875 0.0265625 0.028125
0 0.5609375 0.62578125 0.0265625 0.0265625
0 0.5765625 0.6046875 0.0265625 0.028125
0 0.584375 0.63046875 0.0265625 0.0265625
0 0.59921875 0.60234375 0.0265625 0.025
0 0.625 0.59140625 0.028125 0.025
0 0.63828125 0.56640625 0.0265625 0.025
0 0.66171875 0.56015625 0.0265625 0.0265625
0 0.65546875 0.58203125 0.0265625 0.0265625
0 0.6453125 0.60625 0.0265625 0.028125
0 0.6390625 0.63359375 0.0265625 0.0265625
0 0.61640625 0.63203125 0.028125 0.0265625
0 0.621875 0.65546875 0.028125 0.0265625
0 0.65703125 0.65625 0.0296875 0.028125
0 0.66640625 0.62109375 0.028125 0.0265625
0 0.6703125 0.596875 0.0265625 0.0265625
0 0.68359375 0.56796875 0.028125 0.028125
0 0.690625 0.5875 0.028125 0.0265625
0 0.68828125 0.61171875 0.0296875 0.0265625
0 0.68515625 0.64140625 0.0296875 0.0265625
0 0.6890625 0.665625 0.0296875 0.028125
0 0.70859375 0.60234375 0.0265625 0.0265625
0 0.7046875 0.62578125 0.028125 0.0265625
0 0.71015625 0.65078125 0.028125 0.028125
0 0.71640625 0.5578125 0.03125 0.0296875
0 0.7125 0.58125 0.0296875 0.0265625
0 0.73828125 0.5734375 0.0265625 0.0296875
0 0.73046875 0.5953125 0.0296875 0.0265625
0 0.7265625 0.61875 0.028125 0.028125
0 0.728125 0.665625 0.0296875 0.0265625
0 0.74140625 0.69140625 0.0296875 0.0296875
0 0.7375 0.64140625 0.0265625 0.0265625
0 0.7546875 0.6703125 0.0296875 0.0296875
0 0.7546875 0.59375 0.0296875 0.028125
0 0.75 0.61875 0.0296875 0.0265625
0 0.77421875 0.61015625 0.0296875 0.028125
0 0.76171875 0.63984375 0.0296875 0.028125
0 0.77890625 0.58828125 0.0265625 0.0265625
0 0.78515625 0.63046875 0.0296875 0.0296875
0 0.80234375 0.59375 0.0296875 0.0296875
0 0.80234375 0.65 0.0328125 0.028125
0 0.80546875 0.61796875 0.028125 0.0265625
0 0.825 0.6 0.0296875 0.0296875
0 0.85234375 0.5890625 0.03125 0.0296875
0 0.8796875 0.5765625 0.0328125 0.03125
0 0.8296875 0.62421875 0.0296875 0.0296875
0 0.8390625 0.6453125 0.028125 0.03125
0 0.86328125 0.64765625 0.03125 0.028125
0 0.8859375 0.6625 0.0296875 0.03125
0 0.928125 0.64921875 0.0328125 0.03125