0 0.60234375 0.78203125 0.0234375 0.0171875
0 0.61171875 0.77265625 0.0265625 0.0234375
0 0.640625 0.7421875 0.0234375 0.01875
0 0.11796875 0.621875 0.0234375 0.0203125
0 0.13984375 0.62109375 0.021875 0.0234375
0 0.121875 0.58828125 0.0234375 0.0203125
0 0.1234375 0.6578125 0.021875 0.021875
0 0.115625 0.56796875 0.021875 0.0203125
0 0.1328125 0.559375 0.021875 0.021875
0 0.1515625 0.55078125 0.0203125 0.01875
0 0.16953125 0.559375 0.021875 0.0203125
0 0.1421875 0.53671875 0.0203125 0.0203125
0 0.1625 0.5359375 0.021875 0.0203125
0 0.1390625 0.5171875 0.0234375 0.0203125
0 0.16171875 0.5171875 0.021875 0.0203125
0 0.1796875 0.54453125 0.021875 0.0203125
0 0.1625 0.4953125 0.0234375 0.0234375
0 0.18359375 0.5203125 0.021875 0.0203125
0 0.1984375 0.540625 0.0234375 0.021875
0 0.18125 0.5015625 0.0234375 0.021875
0 0.20859375 0.52578125 0.0234375 0.021875
0 0.18125 0.4796875 0.021875 0.0234375
0 0.20078125 0.47578125 0.021875 0.0203125
0 0.2078125 0.57578125 0.025 0.021875
0 0.1921875 0.4515625 0.0203125 0.0203125
0 0.21953125 0.46328125 0.021875 0.0203125
0 0.22734375 0.4890625 0.021875 0.0203125
0 0.228125 0.51484375 0.021875 0.0203125
0 0.2125 0.43125 0.0234375 0.0203125
0 0.2328125 0.4375 0.0234375 0.0203125
0 0.21953125 0.41015625 0.021875 0.0203125
0 0.2390625 0.5015625 0.0203125 0.0234375
0 0.2421875 0.47890625 0.0234375 0.021875
0 0.2546875 0.49140625 0.0234375 0.0203125
0 0.25078125 0.521875 0.021875 0.0234375
0 0.22734375 0.55 0.021875 0.021875
0 0.225 0.5671875 0.0203125 0.021875
0 0.24140625 0.53828125 0.0234375 0.0234375
0 0.24296875 0.56015625 0.0234375 0.0234375
0 0.23515625 0.5828125 0.0203125 0.0203125
0 0.25546875 0.57890625 0.025 0.0203125
0 0.2578125 0.55 0.0203125 0.0203125
0 0.2671875 0.528125 0.0234375 0.021875
0 0.275 0.5453125 0.0234375 0.021875
0 0.26640625 0.50703125 0.0234375 0.0203125
0 0.1359375 0.66875 0.021875 0.0203125
0 0.1546875 0.68671875 0.0234375 0.021875
0 0.17890625 0.68203125 0.0234375 0.0203125
0 0.2109375 0.63671875 0.0234375 0.0203125
0 0.21640625 0.6609375 0.021875 0.0203125
0 0.22734375 0.6421875 0.0203125 0.0203125
0 0.234375 0.65859375 0.0203125 0.0203125
0 0.2453125 0.63984375 0.0234375 0.0234375
0 0.25546875 0.6546875 0.021875 0.021875
0 0.27109375 0.64140625 0.0234375 0.0203125
0 0.26328125 0.6046875 0.0234375 0.0234375
0 0.26484375 0.62421875 0.0234375 0.0234375
0 0.28046875 0.6140625 0.0234375 0.0203125
0 0.228125 0.73203125 0.0234375 0.021875
0 0.234375 0.7109375 0.021875 0.0203125
0 0.2359375 0.690625 0.025 0.0203125
0 0.25390625 0.70703125 0.0234375 0.021875
0 0.271875 0.68515625 0.0234375 0.021875
0 0.2796875 0.71171875 0.0234375 0.0203125
0 0.2953125 0.73046875 0.0234375 0.0234375
0 0.3109375 0.7015625 0.0234375 0.0234375
0 0.3046875 0.81875 0.021875 0.0234375
0 0.296875 0.6859375 0.021875 0.0234375
0 0.30859375 0.66953125 0.021875 0.0203125
0 0.3 0.63984375 0.021875 0.0203125
0 0.353125 0.70859375 0.0234375 0.0203125
0 0.3796875 0.7140625 0.0203125 0.0234375
0 0.359375 0.69140625 0.0234375 0.0203125
0 0.3875 0.69609375 0.0234375 0.0203125
0 0.4046875 0.78828125 0.0234375 0.0234375
0 0.36953125 0.8296875 0.0234375 0.0234375
0 0.3734375 0.68125 0.021875 0.0234375
0 0.38984375 0.67265625 0.0203125 0.021875
0 0.403125 0.68359375 0.0203125 0.021875
0 0.40546875 0.703125 0.0203125 0.021875
0 0.39375 0.65546875 0.0234375 0.0203125
0 0.4109375 0.64609375 0.021875 0.0234375
0 0.4390625 0.678125 0.0234375 0.0203125
0 0.434375 0.696875 0.0234375 0.0203125
0 0.43359375 0.721875 0.0234375 0.021875
0 0.43359375 0.62578125 0.0234375 0.0203125
0 0.46171875 0.71796875 0.0234375 0.0234375
0 0.46328125 0.73828125 0.0234375 0.0203125
0 0.47421875 0.70234375 0.0234375 0.0203125
0 0.484375 0.7171875 0.0234375 0.0203125
0 0.48125 0.74375 0.0203125 0.0203125
0 0.49609375 0.753125 0.0234375 0.021875
0 0.5125 0.72890625 0.0234375 0.021875
0 0.51640625 0.75390625 0.0234375 0.021875
0 0.30234375 0.503125 0.0234375 0.021875
0 0.30390625 0.4796875 0.0234375 0.0203125
0 0.3203125 0.4984375 0.0234375 0.021875
0 0.3296875 0.47734375 0.021875 0.021875
0 0.3484375 0.4765625 0.0203125 0.021875
0 0.3703125 0.4890625 0.0234375 0.021875
0 0.36875 0.50859375 0.0203125 0.0203125
0 0.38359375 0.52109375 0.021875 0.0203125
0 0.38984375 0.5484375 0.0234375 0.0234375
0 0.39296875 0.50625 0.0265625 0.0203125
0 0.41328125 0.5484375 0.0234375 0.021875
0 0.24921875 0.38984375 0.0234375 0.0203125
0 0.29140625 0.37265625 0.0234375 0.021875
0 0.32578125 0.38203125 0.021875 0.021875
0 0.33125 0.409375 0.0234375 0.0203125
0 0.34453125 0.390625 0.0203125 0.0203125
0 0.34765625 0.41953125 0.021875 0.0203125
0 0.359375 0.3828125 0.0203125 0.0203125
0 0.3578125 0.403125 0.0234375 0.0203125
0 0.38515625 0.46328125 0.0203125 0.0203125
0 0.396875 0.4765625 0.0203125 0.0203125
0 0.3953125 0.44296875 0.021875 0.0203125
0 0.40234375 0.46015625 0.0203125 0.0203125
0 0.4140625 0.47734375 0.0203125 0.0203125
0 0.41796875 0.453125 0.0203125 0.0203125
0 0.428125 0.46953125 0.021875 0.0203125
0 0.4125 0.4375 0.0203125 0.0203125
0 0.421875 0.4109375 0.0203125 0.0203125
0 0.4359375 0.45234375 0.021875 0.0203125
0 0.40546875 0.42109375 0.0203125 0.021875
0 0.428125 0.43125 0.0203125 0.0203125
0 0.378125 0.37421875 0.0203125 0.0203125
0 0.38203125 0.3453125 0.0203125 0.021875
0 0.4046875 0.33125 0.0234375 0.0203125
0 0.40859375 0.35390625 0.0234375 0.0203125
0 0.40859375 0.375 0.021875 0.0203125
0 0.40078125 0.3953125 0.0203125 0.0203125
0 0.428125 0.39609375 0.0234375 0.0203125
0 0.43828125 0.41640625 0.021875 0.0203125
0 0.4359375 0.37890625 0.0203125 0.0203125
0 0.44609375 0.39296875 0.0203125 0.0203125
0 0.4515625 0.44375 0.025 0.021875
0 0.45703125 0.46171875 0.021875 0.01875
0 0.47421875 0.44453125 0.0234375 0.021875
0 0.48671875 0.4328125 0.0234375 0.0203125
0 0.459375 0.4046875 0.021875 0.0203125
0 0.434375 0.359375 0.0234375 0.0203125
0 0.4515625 0.3734375 0.0203125 0.0203125
0 0.46796875 0.38203125 0.021875 0.0203125
0 0.434375 0.34140625 0.0203125 0.0203125
0 0.45 0.328125 0.0234375 0.0203125
0 0.4609375 0.34375 0.021875 0.0203125
0 0.45390625 0.30625 0.021875 0.0203125
0 0.465625 0.32109375 0.0234375 0.0203125
0 0.48359375 0.31953125 0.0203125 0.0203125
0 0.5 0.34765625 0.021875 0.021875
0 0.4984375 0.309375 0.021875 0.0234375
0 0.5109375 0.32265625 0.0203125 0.0203125
0 0.4890625 0.29375 0.0234375 0.0203125
0 0.51171875 0.2953125 0.0203125 0.0203125
0 0.528125 0.27890625 0.0234375 0.0203125
0 0.509375 0.409375 0.0234375 0.0203125
0 0.521875 0.371875 0.021875 0.0203125
0 0.5109375 0.38984375 0.021875 0.0203125
0 0.528125 0.39609375 0.021875 0.0203125
0 0.53671875 0.41015625 0.0203125 0.021875
0 0.5546875 0.41875 0.0203125 0.0203125
0 0.54609375 0.396875 0.0203125 0.0203125
0 0.56328125 0.4015625 0.021875 0.0203125
0 0.55234375 0.38125 0.021875 0.0203125
0 0.5546875 0.35 0.0234375 0.0234375
0 0.53515625 0.359375 0.021875 0.0203125
0 0.57890625 0.35078125 0.021875 0.0203125
0 0.5828125 0.3953125 0.021875 0.0234375
0 0.5953125 0.33828125 0.0234375 0.0203125
0 0.59921875 0.4359375 0.0234375 0.0203125
0 0.5828125 0.4453125 0.0203125 0.0203125
0 0.6125 0.39765625 0.0234375 0.0203125
0 0.60859375 0.32421875 0.0203125 0.0203125
0 0.6234375 0.3328125 0.0203125 0.01875
0 0.62578125 0.3859375 0.021875 0.0234375
0 0.640625 0.37265625 0.021875 0.01875
0 0.64296875 0.39140625 0.0234375 0.0203125
0 0.6390625 0.3203125 0.0203125 0.0203125
0 0.59765625 0.23359375 0.0234375 0.021875
0 0.6421875 0.2765625 0.0234375 0.0203125
0 0.65390625 0.28984375 0.0203125 0.0203125
0 0.65546875 0.30703125 0.0203125 0.0203125
0 0.65546875 0.32578125 0.021875 0.0203125
0 0.66875 0.27890625 0.021875 0.01875
0 0.67109375 0.296875 0.0234375 0.0203125
0 0.6734375 0.31796875 0.0203125 0.0203125
0 0.68828125 0.303125 0.0234375 0.01875
0 0.69140625 0.321875 0.021875 0.0203125
0 0.67578125 0.36328125 0.0234375 0.0234375
0 0.6734375 0.38125 0.021875 0.0203125
0 0.690625 0.3734375 0.0234375 0.0203125
0 0.65625 0.4109375 0.025 0.021875
0 0.70234375 0.41015625 0.0234375 0.021875
0 0.684375 0.4359375 0.0234375 0.0203125
0 0.56953125 0.51484375 0.0234375 0.0203125
0 0.58203125 0.53984375 0.0234375 0.0203125
0 0.590625 0.525 0.025 0.0203125
0 0.5984375 0.509375 0.0265625 0.021875
0 0.6140625 0.5265625 0.0234375 0.0203125
0 0.6359375 0.52734375 0.021875 0.0203125
0 0.46640625 0.58828125 0.0203125 0.021875
0 0.47109375 0.565625 0.0234375 0.0203125
0 0.484375 0.57890625 0.0203125 0.0203125
0 0.47890625 0.6046875 0.0234375 0.0203125
0 0.496875 0.60234375 0.0203125 0.021875
0 0.49140625 0.56328125 0.0203125 0.021875
0 0.5046875 0.58125 0.0203125 0.0203125
0 0.5109375 0.56015625 0.0203125 0.0203125
0 0.5171875 0.6046875 0.0234375 0.0203125
0 0.52265625 0.58515625 0.0203125 0.0203125
0 0.5296875 0.5640625 0.0234375 0.0203125
0 0.50234375 0.6359375 0.0234375 0.021875
0 0.521875 0.63125 0.0234375 0.0234375
0 0.53046875 0.6484375 0.021875 0.0203125
0 0.5484375 0.6421875 0.0203125 0.0234375
0 0.56328125 0.65859375 0.021875 0.0203125
0 0.55234375 0.609375 0.0234375 0.0234375
0 0.5640625 0.63984375 0.0203125 0.0203125
0 0.56171875 0.5921875 0.0234375 0.0234375
0 0.5703125 0.61640625 0.0203125 0.0234375
0 0.5875 0.62421875 0.021875 0.0203125
0 0.5828125 0.6421875 0.021875 0.0203125
0 0.58203125 0.66328125 0.021875 0.0234375
0 0.5859375 0.6828125 0.0234375 0.021875
0 0.59609375 0.653125 0.0234375 0.0234375
0 0.61328125 0.665625 0.0234375 0.021875
0 0.6234375 0.68671875 0.0234375 0.021875
0 0.61796875 0.71015625 0.0234375 0.0234375
0 0.63515625 0.6703125 0.0234375 0.0203125
0 0.65390625 0.70078125 0.021875 0.0203125
0 0.6171875 0.62890625 0.0234375 0.0203125
0 0.6203125 0.64375 0.0203125 0.01875
0 0.63515625 0.6546875 0.0203125 0.0203125
0 0.6546875 0.65390625 0.021875 0.0234375
0 0.6671875 0.67890625 0.0234375 0.0234375
0 0.6828125 0.69453125 0.021875 0.0203125
0 0.67421875 0.65703125 0.021875 0.0203125
0 0.64375 0.62109375 0.0234375 0.021875
0 0.66640625 0.6359375 0.0234375 0.0234375
0 0.58984375 0.6015625 0.0234375 0.021875
0 0.60703125 0.5953125 0.0203125 0.0203125
0 0.62578125 0.60703125 0.0234375 0.0203125
0 0.64609375 0.5890625 0.0234375 0.0265625
0 0.67578125 0.6078125 0.0234375 0.0203125
0 0.703125 0.6234375 0.0265625 0.0234375
0 0.67890625 0.55 0.0234375 0.021875
0 0.71015625 0.53359375 0.0234375 0.021875
0 0.73046875 0.55078125 0.0234375 0.0203125
0 0.73984375 0.528125 0.025 0.021875
0 0.75703125 0.5265625 0.021875 0.0234375
0 0.76484375 0.54921875 0.0234375 0.0234375
0 0.778125 0.50625 0.021875 0.0203125
0 0.79609375 0.4984375 0.021875 0.0265625
0 0.815625 0.5046875 0.0234375 0.021875
0 0.6578125 0.1921875 0.0265625 0.0234375