0 0.40390625 0.41796875 0.0171875 0.015625
0 0.39453125 0.44609375 0.0171875 0.015625
0 0.3953125 0.43125 0.0171875 0.015625
0 0.38046875 0.45859375 0.0171875 0.0171875
0 0.39375 0.4609375 0.0140625 0.0140625
0 0.375 0.47421875 0.0171875 0.0171875
0 0.38984375 0.47421875 0.0140625 0.0140625
0 0.37578125 0.48828125 0.01875 0.0171875
0 0.38125 0.521875 0.0171875 0.0171875
0 0.38671875 0.50625 0.01875 0.0171875
0 0.38828125 0.49375 0.0171875 0.015625
0 0.39765625 0.484375 0.015625 0.015625
0 0.40390625 0.471875 0.015625 0.015625
0 0.40703125 0.45625 0.015625 0.015625
0 0.4078125 0.44375 0.0140625 0.0140625
0 0.40859375 0.4296875 0.0140625 0.0140625
0 0.43046875 0.4171875 0.015625 0.015625
0 0.42109375 0.4265625 0.0140625 0.0140625
0 0.41640625 0.4140625 0.015625 0.015625
0 0.39375 0.51875 0.0140625 0.0140625
0 0.39921875 0.50703125 0.0140625 0.0140625
0 0.40546875 0.4953125 0.0140625 0.0140625
0 0.41171875 0.48203125 0.0171875 0.0171875
0 0.41796875 0.4671875 0.01875 0.0171875
0 0.42109375 0.4546875 0.015625 0.015625
0 0.42109375 0.440625 0.0140625 0.0140625
0 0.43203125 0.43046875 0.015625 0.015625
0 0.41796875 0.49609375 0.015625 0.015625
0 0.42578125 0.4859375 0.0140625 0.0140625
0 0.4296875 0.4734375 0.015625 0.015625
0 0.4328125 0.46015625 0.0140625 0.0140625
0 0.43203125 0.446875 0.015625 0.015625
0 0.4421875 0.43984375 0.015625 0.015625
0 0.41171875 0.5109375 0.015625 0.0171875
0 0.40546875 0.5234375 0.015625 0.0171875
0 0.41875 0.52265625 0.015625 0.015625
0 0.39453125 0.53515625 0.0171875 0.015625
0 0.41328125 0.534375 0.0140625 0.0140625
0 0.4 0.54765625 0.01875 0.01875
0 0.41484375 0.54765625 0.015625 0.0171875
0 0.3875 0.56171875 0.015625 0.015625
0 0.39296875 0.57734375 0.01875 0.01875
0 0.4046875 0.5640625 0.01875 0.0171875
0 0.42109375 0.565625 0.0171875 0.0171875
0 0.434375 0.56875 0.01875 0.0171875
0 0.425 0.51015625 0.0140625 0.0140625
0 0.43828125 0.48515625 0.0171875 0.0171875
0 0.44296875 0.46953125 0.015625 0.015625
0 0.44453125 0.4546875 0.0171875 0.01875
0 0.45390625 0.39921875 0.01875 0.0171875
0 0.44375 0.41640625 0.015625 0.015625
0 0.43828125 0.40546875 0.01875 0.0171875
0 0.45859375 0.41875 0.015625 0.015625
0 0.45546875 0.446875 0.0140625 0.0140625
0 0.4546875 0.43359375 0.015625 0.0171875
0 0.45546875 0.4640625 0.01875 0.0171875
0 0.4515625 0.48203125 0.015625 0.015625
0 0.43203125 0.496875 0.015625 0.015625
0 0.44609375 0.4953125 0.0140625 0.0140625
0 0.43125 0.52109375 0.0140625 0.0140625
0 0.4375 0.50859375 0.0140625 0.0140625
0 0.425 0.5328125 0.0140625 0.0140625
0 0.4390625 0.53125 0.0140625 0.0140625
0 0.42890625 0.54609375 0.0140625 0.0140625
0 0.44296875 0.54375 0.015625 0.015625
0 0.44453125 0.5203125 0.0140625 0.0140625
0 0.4515625 0.50859375 0.015625 0.015625
0 0.46015625 0.49609375 0.015625 0.0171875
0 0.46171875 0.475 0.0171875 0.0171875
0 0.4640625 0.45546875 0.0140625 0.0140625
0 0.46796875 0.44140625 0.01875 0.0171875
0 0.47109375 0.425 0.0171875 0.015625
0 0.484375 0.43203125 0.01875 0.0171875
0 0.471875 0.46640625 0.015625 0.015625
0 0.47734375 0.45390625 0.0171875 0.015625
0 0.4859375 0.44453125 0.0171875 0.015625
0 0.49921875 0.42734375 0.01875 0.01875
0 0.45234375 0.53359375 0.0171875 0.0171875
0 0.4578125 0.5203125 0.015625 0.015625
0 0.4671875 0.5109375 0.015625 0.015625
0 0.47421875 0.49921875 0.015625 0.015625
0 0.46953125 0.48515625 0.015625 0.015625
0 0.48125 0.47578125 0.0171875 0.0171875
0 0.4890625 0.4625 0.015625 0.015625
0 0.44375 0.5578125 0.015625 0.015625
0 0.45703125 0.54609375 0.015625 0.015625
0 0.46484375 0.5359375 0.015625 0.015625
0 0.47109375 0.52265625 0.0171875 0.0171875
0 0.4828125 0.4890625 0.015625 0.015625
0 0.4953125 0.47890625 0.0171875 0.0171875
0 0.48203125 0.51328125 0.01875 0.0171875
0 0.48671875 0.50078125 0.015625 0.015625
0 0.49765625 0.49375 0.0140625 0.0140625
0 0.5125 0.49296875 0.0171875 0.0171875
0 0.428125 0.59453125 0.01875 0.01875
0 0.46015625 0.57734375 0.01875 0.01875
0 0.47265625 0.5609375 0.01875 0.01875
0 0.43046875 0.70390625 0.01875 0.0203125
0 0.46640625 0.67734375 0.01875 0.01875