0 0.35625 0.18515625 0.03203125 0.0328125
0 0.359375 0.4640625 0.034375 0.03515625
0 0.41640625 0.46953125 0.0359375 0.0359375
0 0.38359375 0.5703125 0.03203125 0.034375
0 0.35390625 0.58828125 0.03125 0.0328125
0 0.3203125 0.6203125 0.03203125 0.03359375
0 0.509375 0.3859375 0.03359375 0.03359375
0 0.4890625 0.521875 0.03125 0.0359375
0 0.465625 0.56875 0.03203125 0.0296875
0 0.46953125 0.55 0.03359375 0.02734375
0 0.55625 0.4953125 0.03203125 0.03515625
0 0.615625 0.47109375 0.03125 0.03203125
0 0.66328125 0.6515625 0.0328125 0.0359375
0 0.5734375 0.72109375 0.0328125 0.0359375
0 0.540625 0.72421875 0.03203125 0.03515625
0 0.5734375 0.7640625 0.03359375 0.034375
0 0.7453125 0.7171875 0.034375 0.04140625