0 0.61328125 0.76171875 0.021875 0.0234375
0 0.62578125 0.74140625 0.0234375 0.028125
0 0.59375 0.7734375 0.021875 0.025
0 0.60078125 0.7515625 0.021875 0.025
0 0.61171875 0.73125 0.01875 0.025
0 0.628125 0.71953125 0.021875 0.028125
0 0.64375 0.70859375 0.0203125 0.025
0 0.61640625 0.70859375 0.0203125 0.0265625
0 0.63359375 0.69453125 0.0203125 0.025
0 0.70859375 0.6484375 0.0234375 0.0234375
0 0.6578125 0.68359375 0.0234375 0.028125
0 0.640625 0.67109375 0.0234375 0.028125
0 0.61328125 0.684375 0.01875 0.025
0 0.625 0.665625 0.0203125 0.025
0 0.63984375 0.65 0.0203125 0.0265625
0 0.61640625 0.646875 0.021875 0.0265625
0 0.63359375 0.6328125 0.01875 0.025
0 0.62734375 0.6109375 0.0234375 0.028125
0 0.646875 0.61796875 0.01875 0.025
0 0.64921875 0.59609375 0.0203125 0.025
0 0.55 0.63125 0.021875 0.025
0 0.56796875 0.62109375 0.0203125 0.025
0 0.55703125 0.771875 0.0265625 0.0296875
0 0.55546875 0.79453125 0.0234375 0.028125
0 0.5328125 0.8015625 0.0234375 0.028125
0 0.53984375 0.7796875 0.021875 0.0265625
0 0.55078125 0.75546875 0.021875 0.028125
0 0.54921875 0.6984375 0.025 0.03125
0 0.5375 0.74296875 0.021875 0.025
0 0.55546875 0.73046875 0.0234375 0.028125
0 0.528125 0.765625 0.0234375 0.028125
0 0.5125 0.80078125 0.025 0.0265625
0 0.51015625 0.77890625 0.0234375 0.028125
0 0.51796875 0.7515625 0.0234375 0.028125
0 0.49140625 0.778125 0.025 0.0296875
0 0.49921875 0.75390625 0.025 0.028125
0 0.49921875 0.7296875 0.0265625 0.03125
0 0.4796875 0.7609375 0.0296875 0.0296875
0 0.4859375 0.71484375 0.0234375 0.028125
0 0.48125 0.7375 0.0234375 0.0296875
0 0.471875 0.70078125 0.0234375 0.0296875
0 0.465625 0.725 0.025 0.03125
0 0.46953125 0.78359375 0.0265625 0.03125
0 0.4578125 0.7578125 0.0234375 0.03125
0 0.44921875 0.7171875 0.028125 0.03125
0 0.4421875 0.74453125 0.028125 0.03125
0 0.4125 0.76484375 0.0265625 0.0328125
0 0.39140625 0.7546875 0.028125 0.0328125
0 0.42109375 0.73203125 0.028125 0.034375
0 0.384375 0.6796875 0.0296875 0.034375
0 0.42578125 0.70078125 0.0296875 0.0328125
0 0.42578125 0.67578125 0.0296875 0.034375
0 0.45625 0.68984375 0.0265625 0.03125
0 0.47109375 0.6671875 0.0234375 0.0296875
0 0.4890625 0.67421875 0.025 0.03125
0 0.43984375 0.64765625 0.0265625 0.034375
0 0.459375 0.65 0.0234375 0.028125
0 0.47578125 0.62890625 0.0265625 0.0296875
0 0.41796875 0.6453125 0.028125 0.03125
0 0.42421875 0.61796875 0.0296875 0.0296875
0 0.4453125 0.60546875 0.0265625 0.0296875
0 0.4421875 0.578125 0.0296875 0.0328125
0 0.465625 0.6015625 0.025 0.03125
0 0.4828125 0.5828125 0.0265625 0.028125
0 0.4625 0.5640625 0.0234375 0.028125
0 0.48359375 0.55859375 0.025 0.025
0 0.53984375 0.590625 0.025 0.028125
0 0.55859375 0.596875 0.0265625 0.028125
0 0.54765625 0.565625 0.025 0.0265625
0 0.59609375 0.5875 0.025 0.028125
0 0.56796875 0.5578125 0.0265625 0.028125
0 0.47578125 0.53359375 0.028125 0.03125
0 0.4921875 0.496875 0.028125 0.034375
0 0.5484375 0.54296875 0.0265625 0.028125
0 0.5859375 0.52734375 0.0265625 0.0296875
0 0.571875 0.5171875 0.021875 0.025
0 0.58515625 0.49609375 0.0203125 0.0265625
0 0.55234375 0.5109375 0.025 0.0296875
0 0.571875 0.4953125 0.0265625 0.028125
0 0.60234375 0.5015625 0.0265625 0.028125
0 0.621875 0.49453125 0.025 0.0265625
0 0.71875 0.5765625 0.0265625 0.028125
0 0.71640625 0.55078125 0.021875 0.025
0 0.68671875 0.56015625 0.028125 0.028125
0 0.690625 0.534375 0.021875 0.021875
0 0.68671875 0.5203125 0.025 0.0265625
0 0.65078125 0.51328125 0.021875 0.0265625
0 0.6765625 0.5 0.0265625 0.0296875
0 0.18359375 0.63828125 0.0421875 0.046875
0 0.26171875 0.5734375 0.0390625 0.0390625
0 0.52109375 0.46171875 0.0296875 0.0328125
0 0.59921875 0.4734375 0.0265625 0.0296875
0 0.63046875 0.46953125 0.0265625 0.028125
0 0.60078125 0.42109375 0.028125 0.03125
0 0.725 0.46484375 0.025 0.0265625
0 0.7203125 0.428125 0.0265625 0.028125
0 0.6515625 0.37734375 0.0265625 0.03125
0 0.4953125 0.271875 0.0296875 0.0359375
0 0.51171875 0.21953125 0.0296875 0.034375