0 0.075 0.43671875 0.04296875 0.04140625
0 0.34609375 0.5515625 0.03828125 0.03828125
0 0.6265625 0.37421875 0.0390625 0.040625
0 0.6484375 0.415625 0.03828125 0.03984375
0 0.58828125 0.37578125 0.03671875 0.0390625
0 0.61171875 0.42734375 0.0375 0.0390625
0 0.47890625 0.38984375 0.03828125 0.03828125
0 0.515625 0.38359375 0.03515625 0.0390625
0 0.55234375 0.3875 0.0375 0.03671875
0 0.5375 0.4234375 0.03671875 0.03671875
0 0.57578125 0.41875 0.03515625 0.0359375
0 0.565625 0.45390625 0.0375 0.03671875
0 0.61171875 0.46953125 0.03828125 0.03828125
0 0.58046875 0.490625 0.0375 0.0390625
0 0.5296875 0.46875 0.03984375 0.03671875
0 0.459375 0.42109375 0.03828125 0.03671875
0 0.49921875 0.434375 0.03671875 0.0375
0 0.47421875 0.46796875 0.0390625 0.03828125
0 0.4328125 0.446875 0.0375 0.03828125
0 0.2046875 0.5234375 0.04296875 0.03984375
0 0.32578125 0.4125 0.04140625 0.0390625
0 0.26953125 0.4375 0.040625 0.03984375
0 0.2953125 0.48046875 0.0390625 0.040625
0 0.32890625 0.45234375 0.03828125 0.03984375
0 0.3859375 0.4515625 0.040625 0.04140625
0 0.3625 0.48125 0.0390625 0.03671875
0 0.36640625 0.51875 0.03984375 0.03671875
0 0.434375 0.484375 0.03828125 0.0390625
0 0.465625 0.50859375 0.0375 0.03671875
0 0.50703125 0.49609375 0.03671875 0.03828125
0 0.54609375 0.50078125 0.03515625 0.034375
0 0.56796875 0.53515625 0.03671875 0.03671875
0 0.53046875 0.53828125 0.034375 0.0375
0 0.55234375 0.5703125 0.03671875 0.0375
0 0.4921875 0.5453125 0.040625 0.03828125
0 0.51484375 0.5765625 0.0375 0.0359375
0 0.44765625 0.5421875 0.03671875 0.03515625
0 0.4640625 0.578125 0.03828125 0.03828125
0 0.49140625 0.60625 0.03828125 0.03984375
0 0.42421875 0.57109375 0.0375 0.0375
0 0.43828125 0.60625 0.03671875 0.0375
0 0.46484375 0.63203125 0.0375 0.03671875
0 0.3875 0.5546875 0.03984375 0.0375
0 0.37578125 0.590625 0.03828125 0.0375
0 0.396875 0.621875 0.0375 0.0375
0 0.40234375 0.66015625 0.040625 0.040625
0 0.42421875 0.69921875 0.0390625 0.0390625
0 0.44453125 0.665625 0.03828125 0.03828125
0 0.52109375 0.6734375 0.040625 0.0375
0 0.4828125 0.6671875 0.0359375 0.03828125
0 0.5140625 0.63515625 0.040625 0.0375
0 0.53828125 0.6046875 0.03515625 0.0359375
0 0.5578125 0.63828125 0.0375 0.03671875
0 0.5671875 0.6765625 0.0375 0.0375
0 0.5421875 0.7046875 0.0359375 0.03671875
0 0.55625 0.7421875 0.04140625 0.03984375
0 0.803125 0.415625 0.0453125 0.03984375
0 0.75234375 0.403125 0.04140625 0.03671875
0 0.77109375 0.4390625 0.03984375 0.0359375
0 0.80625 0.45546875 0.03828125 0.0375
0 0.7953125 0.490625 0.03515625 0.03671875
0 0.72265625 0.44609375 0.03984375 0.0375
0 0.75390625 0.471875 0.0375 0.03671875
0 0.75859375 0.50859375 0.0421875 0.0390625
0 0.6734375 0.46484375 0.040625 0.03828125
0 0.715625 0.48125 0.0375 0.0375
0 0.721875 0.51953125 0.03828125 0.03515625
0 0.68203125 0.503125 0.0359375 0.0359375
0 0.66171875 0.5390625 0.04140625 0.040625
0 0.634375 0.509375 0.03359375 0.03671875
0 0.634375 0.5671875 0.0359375 0.03828125
0 0.60546875 0.534375 0.03828125 0.03984375
0 0.59765625 0.5734375 0.0375 0.0375
0 0.578125 0.60546875 0.040625 0.0375
0 0.5984375 0.65234375 0.04375 0.03984375
0 0.6140625 0.61875 0.0359375 0.04140625
0 0.64609375 0.66171875 0.03828125 0.04296875
0 0.64765625 0.60234375 0.03828125 0.03515625
0 0.675 0.63359375 0.03984375 0.0390625
0 0.72109375 0.66015625 0.04140625 0.04140625
0 0.7140625 0.58515625 0.0390625 0.03671875
0 0.71171875 0.621875 0.0390625 0.03828125
0 0.67578125 0.578125 0.0375 0.0390625
0 0.6984375 0.54921875 0.0359375 0.0375
0 0.7375 0.55625 0.0375 0.03828125
0 0.7765625 0.54453125 0.04140625 0.040625
0 0.7515625 0.596875 0.03515625 0.03515625
0 0.78671875 0.5828125 0.0390625 0.0390625
0 0.86328125 0.4671875 0.0390625 0.03984375
0 0.88125 0.42734375 0.0421875 0.04375
0 0.8328125 0.48671875 0.0375 0.0390625
0 0.815625 0.52265625 0.03828125 0.0390625
0 0.81796875 0.5609375 0.03828125 0.03984375
0 0.85625 0.5515625 0.0390625 0.0390625
0 0.89453125 0.53671875 0.03828125 0.040625
0 0.86328125 0.51015625 0.03828125 0.03671875
0 0.9015625 0.49609375 0.0390625 0.0390625
0 0.9453125 0.50390625 0.04453125 0.0421875
0 0.96875 0.5421875 0.0421875 0.04140625