0 0.4546875 0.62265625 0.0140625 0.0140625
0 0.46484375 0.62265625 0.0140625 0.0140625
0 0.465625 0.60859375 0.0140625 0.0125
0 0.4828125 0.5953125 0.0109375 0.0125
0 0.46484375 0.59140625 0.0125 0.0125
0 0.4734375 0.58046875 0.0109375 0.0109375
0 0.45234375 0.5984375 0.0125 0.0109375
0 0.44609375 0.58828125 0.0140625 0.0140625
0 0.41796875 0.5984375 0.0125 0.0109375
0 0.43046875 0.59453125 0.0140625 0.0125
0 0.38515625 0.58515625 0.0140625 0.0140625
0 0.4015625 0.584375 0.0140625 0.0125
0 0.39765625 0.575 0.0109375 0.0125
0 0.4171875 0.57109375 0.0140625 0.0140625
0 0.42578125 0.584375 0.0125 0.0125
0 0.4390625 0.58046875 0.0125 0.0125
0 0.45859375 0.575 0.0125 0.0125
0 0.43203125 0.5515625 0.0125 0.0140625
0 0.40390625 0.54765625 0.0140625 0.0140625
0 0.41640625 0.534375 0.0140625 0.0140625
0 0.43515625 0.528125 0.0140625 0.0140625
0 0.44921875 0.528125 0.0140625 0.0140625
0 0.44765625 0.51328125 0.0125 0.0140625
0 0.396875 0.51875 0.0140625 0.0140625
0 0.425 0.5140625 0.0109375 0.0109375
0 0.42890625 0.503125 0.0109375 0.0109375
0 0.4046875 0.49375 0.0109375 0.0125
0 0.4171875 0.4953125 0.0125 0.0109375
0 0.459375 0.465625 0.0125 0.0109375
0 0.44296875 0.46171875 0.0125 0.0109375
0 0.4078125 0.4796875 0.0140625 0.0140625
0 0.396875 0.4640625 0.0140625 0.0140625
0 0.41328125 0.45859375 0.0140625 0.0140625
0 0.38203125 0.44921875 0.0140625 0.0140625
0 0.40703125 0.44609375 0.0125 0.0109375
0 0.4296875 0.4375 0.0125 0.0109375
0 0.43828125 0.4328125 0.0109375 0.0125
0 0.41328125 0.42734375 0.0140625 0.0140625
0 0.42421875 0.4265625 0.0109375 0.009375
0 0.425 0.4171875 0.0109375 0.0109375
0 0.41171875 0.41640625 0.0109375 0.0109375
0 0.415625 0.40546875 0.0109375 0.0125
0 0.36640625 0.43046875 0.0109375 0.0109375
0 0.37734375 0.41796875 0.0109375 0.0125
0 0.396875 0.41171875 0.0109375 0.0109375
0 0.359375 0.409375 0.0109375 0.0109375
0 0.36953125 0.40390625 0.0109375 0.0109375
0 0.38203125 0.39296875 0.0140625 0.0140625
0 0.39296875 0.39453125 0.0109375 0.0125
0 0.4015625 0.39921875 0.0125 0.0109375
0 0.40859375 0.390625 0.0109375 0.0109375
0 0.47734375 0.5703125 0.0109375 0.0109375
0 0.48671875 0.56875 0.0109375 0.0109375
0 0.49609375 0.56953125 0.0109375 0.0109375
0 0.4734375 0.546875 0.0125 0.0109375
0 0.47890625 0.5609375 0.0109375 0.0109375
0 0.48984375 0.559375 0.0109375 0.0109375
0 0.49765625 0.55390625 0.0109375 0.0109375
0 0.50859375 0.55859375 0.0125 0.0109375
0 0.51953125 0.5671875 0.0109375 0.0125
0 0.49375 0.54453125 0.0109375 0.0109375
0 0.50859375 0.54765625 0.0109375 0.0109375
0 0.47109375 0.52578125 0.0109375 0.0109375
0 0.48125 0.5125 0.0109375 0.0109375
0 0.48203125 0.49765625 0.0109375 0.0109375
0 0.49140625 0.51015625 0.0109375 0.0109375
0 0.509375 0.51484375 0.0125 0.0109375
0 0.55546875 0.5734375 0.0109375 0.0109375
0 0.56484375 0.5703125 0.0109375 0.0109375
0 0.553125 0.5625 0.0109375 0.0109375
0 0.565625 0.559375 0.0109375 0.0109375
0 0.57421875 0.55859375 0.0109375 0.0109375
0 0.55625 0.53046875 0.0109375 0.0109375
0 0.56640625 0.55 0.0109375 0.0109375
0 0.5859375 0.5421875 0.0109375 0.0109375
0 0.58515625 0.52890625 0.0109375 0.0109375
0 0.60859375 0.50078125 0.0109375 0.0109375
0 0.60078125 0.49375 0.0109375 0.0125
0 0.57734375 0.48671875 0.0109375 0.0109375
0 0.5046875 0.4890625 0.0109375 0.0109375
0 0.51171875 0.48203125 0.0109375 0.0109375
0 0.5 0.478125 0.0109375 0.0109375
0 0.5078125 0.47265625 0.0109375 0.0109375
0 0.53359375 0.47109375 0.0109375 0.0125
0 0.53671875 0.459375 0.0125 0.0109375
0 0.5140625 0.4640625 0.0109375 0.0109375
0 0.521875 0.45703125 0.0109375 0.0109375
0 0.4984375 0.46796875 0.0109375 0.009375
0 0.503125 0.46015625 0.0109375 0.0109375
0 0.50390625 0.45 0.0109375 0.0109375
0 0.4921875 0.45625 0.0109375 0.0109375
0 0.49609375 0.44375 0.0109375 0.0109375
0 0.5078125 0.440625 0.0109375 0.0109375
0 0.51484375 0.45 0.0109375 0.0109375
0 0.52421875 0.44296875 0.0109375 0.0109375
0 0.52265625 0.43359375 0.0078125 0.0109375
0 0.53046875 0.4265625 0.0109375 0.0109375
0 0.5125 0.4328125 0.0109375 0.0109375
0 0.5203125 0.421875 0.0109375 0.0109375
0 0.49453125 0.43359375 0.0109375 0.0109375
0 0.5046875 0.425 0.0109375 0.0109375
0 0.48984375 0.42421875 0.0109375 0.0109375
0 0.4984375 0.41796875 0.0109375 0.0109375
0 0.48203125 0.41484375 0.0109375 0.0109375
0 0.4921875 0.409375 0.0109375 0.0109375
0 0.475 0.40625 0.0109375 0.0109375
0 0.484375 0.403125 0.0109375 0.0109375
0 0.4484375 0.4203125 0.0109375 0.009375
0 0.45625 0.4125 0.0109375 0.0109375
0 0.43984375 0.403125 0.0109375 0.0109375
0 0.45 0.4046875 0.0109375 0.0109375
0 0.43984375 0.38671875 0.0109375 0.0109375
0 0.44921875 0.38515625 0.0109375 0.0109375
0 0.44765625 0.39453125 0.0109375 0.0109375
0 0.4578125 0.396875 0.0109375 0.0109375
0 0.46796875 0.4 0.0109375 0.0109375
0 0.4765625 0.39453125 0.0109375 0.0109375
0 0.4671875 0.38828125 0.0109375 0.0109375
0 0.4140625 0.33046875 0.0125 0.0109375
0 0.45546875 0.37734375 0.0125 0.0109375
0 0.46875 0.378125 0.0109375 0.0109375
0 0.471875 0.36875 0.0125 0.0109375
0 0.50625 0.409375 0.0109375 0.0109375
0 0.50234375 0.4 0.0109375 0.0109375
0 0.51328125 0.4015625 0.0109375 0.0109375
0 0.5015625 0.3890625 0.0125 0.0109375
0 0.5203125 0.39453125 0.0109375 0.0109375
0 0.528125 0.38984375 0.0109375 0.0109375
0 0.5375 0.39609375 0.0109375 0.0109375
0 0.54453125 0.3796875 0.0125 0.0125
0 0.56015625 0.39375 0.0140625 0.0125
0 0.57578125 0.3890625 0.0109375 0.0109375
0 0.5796875 0.3765625 0.0125 0.0125
0 0.61328125 0.38125 0.0140625 0.0140625
0 0.60703125 0.36640625 0.0125 0.0140625
0 0.52890625 0.3671875 0.0125 0.0125
0 0.553125 0.3640625 0.0125 0.0125
0 0.5484375 0.35078125 0.0109375 0.0109375
0 0.54921875 0.33828125 0.0125 0.0140625
0 0.5671875 0.33203125 0.0109375 0.0125
0 0.49375 0.33203125 0.0109375 0.0109375
0 0.5109375 0.33125 0.0109375 0.0109375
0 0.5390625 0.3125 0.0109375 0.0109375
0 0.54140625 0.32109375 0.0125 0.0109375