0 0.325 0.95390625 0.021875 0.0234375
0 0.321875 0.92890625 0.02265625 0.025
0 0.30078125 0.8828125 0.02421875 0.02734375
0 0.29609375 0.8265625 0.0234375 0.0265625
0 0.328125 0.77578125 0.02421875 0.025
0 0.30078125 0.74453125 0.0234375 0.025
0 0.34453125 0.74921875 0.0203125 0.02421875
0 0.32421875 0.74765625 0.0203125 0.02421875
0 0.49609375 0.7953125 0.02109375 0.025
0 0.46171875 0.71953125 0.0234375 0.02421875
0 0.38828125 0.6984375 0.021875 0.02421875
0 0.3671875 0.71171875 0.02109375 0.0234375
0 0.34453125 0.71640625 0.0234375 0.02578125
0 0.33828125 0.690625 0.021875 0.02421875
0 0.31484375 0.69921875 0.02421875 0.02578125
0 0.28828125 0.6875 0.02265625 0.025
0 0.28359375 0.6625 0.02265625 0.0234375
0 0.25625 0.6734375 0.02265625 0.02265625
0 0.2765625 0.6296875 0.02421875 0.0234375
0 0.28359375 0.6046875 0.021875 0.0234375
0 0.31953125 0.62109375 0.02109375 0.02421875
0 0.2984375 0.62890625 0.021875 0.02265625
0 0.33984375 0.62421875 0.021875 0.0234375
0 0.328125 0.60078125 0.02109375 0.02421875
0 0.29296875 0.584375 0.02109375 0.02265625
0 0.359375 0.61171875 0.02109375 0.02265625
0 0.34921875 0.59375 0.02109375 0.0234375
0 0.375 0.58125 0.02109375 0.02421875
0 0.3546875 0.571875 0.0203125 0.021875
0 0.3296875 0.56796875 0.02265625 0.02421875
0 0.30234375 0.56484375 0.02265625 0.0234375
0 0.271875 0.55859375 0.021875 0.0234375
0 0.28046875 0.53828125 0.021875 0.0234375
0 0.30703125 0.53984375 0.021875 0.02265625
0 0.29453125 0.52265625 0.0203125 0.0234375
0 0.328125 0.53828125 0.02109375 0.02578125
0 0.3140625 0.5171875 0.02109375 0.0234375
0 0.34765625 0.54765625 0.02109375 0.02265625
0 0.3359375 0.5078125 0.02265625 0.02265625
0 0.278125 0.509375 0.02265625 0.0234375
0 0.30078125 0.49921875 0.02109375 0.02265625
0 0.2375 0.51328125 0.025 0.02265625
0 0.25390625 0.4859375 0.02265625 0.02421875
0 0.23203125 0.49140625 0.025 0.02421875
0 0.3046875 0.47890625 0.021875 0.02265625
0 0.2921875 0.46171875 0.02421875 0.02109375
0 0.27578125 0.44453125 0.02265625 0.02421875
0 0.22109375 0.4625 0.02421875 0.025
0 0.23203125 0.4234375 0.0234375 0.02109375
0 0.32890625 0.4609375 0.0234375 0.0234375
0 0.28515625 0.42421875 0.0203125 0.02109375
0 0.28046875 0.403125 0.021875 0.02109375
0 0.246875 0.4078125 0.02109375 0.02265625
0 0.23828125 0.3890625 0.02265625 0.02265625
0 0.2140625 0.38984375 0.021875 0.021875
0 0.18984375 0.39375 0.0234375 0.02265625
0 0.25859375 0.39765625 0.0203125 0.0234375
0 0.2828125 0.38359375 0.021875 0.02109375
0 0.27265625 0.3640625 0.02109375 0.02265625
0 0.3046875 0.378125 0.0203125 0.0234375
0 0.3140625 0.3578125 0.021875 0.0234375
0 0.29375 0.346875 0.02109375 0.0234375
0 0.321875 0.3375 0.021875 0.021875
0 0.34296875 0.36171875 0.01875 0.021875
0 0.34296875 0.33828125 0.021875 0.02265625
0 0.359375 0.37421875 0.01953125 0.02265625
0 0.37734375 0.35234375 0.0234375 0.021875
0 0.38203125 0.37578125 0.021875 0.02421875
0 0.39765625 0.359375 0.02265625 0.021875
0 0.1390625 0.34765625 0.02578125 0.02578125
0 0.1359375 0.31953125 0.02421875 0.02421875
0 0.16796875 0.2984375 0.025 0.025
0 0.196875 0.29375 0.02578125 0.025
0 0.290625 0.28046875 0.02421875 0.02421875
0 0.2796875 0.25 0.02734375 0.02578125
0 0.3546875 0.2703125 0.0234375 0.02421875
0 0.37890625 0.26328125 0.02109375 0.02421875
0 0.36875 0.23203125 0.0203125 0.025
0 0.34921875 0.22421875 0.01953125 0.02421875
0 0.34453125 0.19140625 0.02109375 0.02265625
0 0.32265625 0.18828125 0.0234375 0.02421875
0 0.265625 0.17421875 0.025 0.02421875
0 0.19296875 0.20625 0.025 0.025
0 0.17265625 0.24453125 0.025 0.0234375
0 0.18359375 0.225 0.021875 0.02421875
0 0.253125 0.14609375 0.02421875 0.0265625
0 0.334375 0.159375 0.02109375 0.021875
0 0.34609375 0.1421875 0.0203125 0.021875
0 0.35625 0.1765625 0.0203125 0.0265625
0 0.36484375 0.15703125 0.0234375 0.021875
0 0.15078125 0.19765625 0.02265625 0.025
0 0.1328125 0.17578125 0.025 0.02421875
0 0.140625 0.1296875 0.02578125 0.025
0 0.07890625 0.11796875 0.0296875 0.0265625
0 0.12734375 0.103125 0.02421875 0.0265625
0 0.14921875 0.10234375 0.02265625 0.02578125
0 0.17421875 0.10546875 0.0265625 0.025
0 0.1953125 0.10625 0.0203125 0.02265625
0 0.21171875 0.10234375 0.021875 0.0234375
0 0.14375 0.0296875 0.02734375 0.0296875
0 0.5453125 0.73046875 0.01875 0.02265625
0 0.51953125 0.734375 0.0203125 0.021875
0 0.5078125 0.7140625 0.01953125 0.01953125
0 0.49453125 0.696875 0.02109375 0.02109375
0 0.528125 0.7140625 0.01875 0.0203125
0 0.51875 0.6953125 0.01875 0.021875
0 0.546875 0.70546875 0.01875 0.021875
0 0.565625 0.659375 0.0203125 0.021875
0 0.58828125 0.6359375 0.01640625 0.0203125
0 0.5828125 0.61796875 0.01796875 0.021875
0 0.56640625 0.61171875 0.01796875 0.01875
0 0.44609375 0.6265625 0.021875 0.021875
0 0.46015625 0.60703125 0.02109375 0.02578125
0 0.478125 0.58515625 0.02265625 0.02265625
0 0.48203125 0.515625 0.021875 0.02109375
0 0.42109375 0.5390625 0.02109375 0.0234375
0 0.4 0.52265625 0.0203125 0.021875
0 0.4015625 0.49921875 0.01953125 0.02109375
0 0.378125 0.46484375 0.02109375 0.02265625
0 0.41484375 0.48125 0.0203125 0.02421875
0 0.40078125 0.4671875 0.02109375 0.02421875
0 0.415625 0.4484375 0.021875 0.0234375
0 0.46796875 0.48203125 0.0203125 0.025
0 0.49765625 0.47734375 0.0203125 0.021875
0 0.46796875 0.46015625 0.021875 0.02421875
0 0.51171875 0.46328125 0.02734375 0.025
0 0.46328125 0.37734375 0.01953125 0.0234375
0 0.46875 0.3515625 0.01953125 0.021875
0 0.44609375 0.3390625 0.01875 0.021875
0 0.41953125 0.34296875 0.01953125 0.025
0 0.47109375 0.3109375 0.0203125 0.0234375
0 0.525 0.3140625 0.02265625 0.021875
0 0.53515625 0.28359375 0.01953125 0.02265625
0 0.49921875 0.26640625 0.0203125 0.021875
0 0.41875 0.2671875 0.02265625 0.0234375
0 0.40078125 0.24609375 0.01953125 0.02109375
0 0.42109375 0.2453125 0.0203125 0.0234375
0 0.4375 0.2296875 0.01953125 0.021875
0 0.4640625 0.215625 0.0203125 0.0234375
0 0.4296875 0.2046875 0.01875 0.02265625
0 0.440625 0.1890625 0.01796875 0.02265625
0 0.446875 0.171875 0.01875 0.01875
0 0.446875 0.146875 0.0234375 0.02109375
0 0.5109375 0.1546875 0.02109375 0.021875