0 0.45859375 0.7140625 0.034375 0.028125
0 0.45 0.6765625 0.03125 0.0265625
0 0.4046875 0.6265625 0.03125 0.028125
0 0.43046875 0.6359375 0.03125 0.028125
0 0.41875 0.54140625 0.034375 0.0328125
0 0.39453125 0.55859375 0.034375 0.03125
0 0.4265625 0.6109375 0.0328125 0.028125
0 0.49921875 0.48828125 0.034375 0.0328125
0 0.4484375 0.53046875 0.034375 0.0328125
0 0.38125 0.63828125 0.0328125 0.028125
0 0.53984375 0.76171875 0.0296875 0.021875
0 0.4703125 0.6890625 0.03125 0.0265625
0 0.52578125 0.496875 0.0359375 0.0328125
0 0.425 0.5890625 0.03125 0.0265625
0 0.58671875 0.66796875 0.034375 0.0265625
0 0.48359375 0.70703125 0.03125 0.025
0 0.55546875 0.48828125 0.034375 0.0328125
0 0.5578125 0.534375 0.034375 0.0296875
0 0.45 0.57421875 0.034375 0.03125
0 0.55390625 0.77578125 0.028125 0.021875
0 0.62265625 0.64921875 0.03125 0.0265625
0 0.54375 0.5578125 0.034375 0.0296875
0 0.48046875 0.63515625 0.0328125 0.028125
0 0.58125 0.634375 0.03125 0.028125
0 0.5765625 0.46328125 0.0359375 0.0328125
0 0.4515625 0.60234375 0.034375 0.0296875
0 0.5734375 0.55703125 0.0328125 0.028125
0 0.421875 0.56875 0.034375 0.0296875
0 0.59609375 0.75546875 0.028125 0.0234375
0 0.47578125 0.65390625 0.03125 0.025
0 0.6015625 0.56640625 0.0328125 0.028125
0 0.515625 0.55234375 0.034375 0.03125
0 0.5171875 0.73515625 0.0296875 0.0234375
0 0.5046875 0.640625 0.03125 0.0265625
0 0.58046875 0.49921875 0.0375 0.0359375
0 0.534375 0.63984375 0.03125 0.0265625
0 0.61171875 0.63125 0.0328125 0.028125
0 0.46484375 0.55546875 0.034375 0.0296875
0 0.55625 0.57890625 0.0328125 0.028125
0 0.55390625 0.653125 0.03125 0.028125
0 0.490625 0.56484375 0.03125 0.028125
0 0.49140625 0.5390625 0.034375 0.0296875
0 0.5515625 0.44453125 0.0375 0.0328125
0 0.6265625 0.72265625 0.0296875 0.025
0 0.503125 0.721875 0.028125 0.025
0 0.603125 0.68984375 0.03125 0.025
0 0.6515625 0.6328125 0.034375 0.0296875
0 0.4515625 0.64921875 0.0296875 0.0265625
0 0.6484375 0.61015625 0.034375 0.028125
0 0.4734375 0.584375 0.03125 0.028125
0 0.56953125 0.76015625 0.028125 0.021875
0 0.57734375 0.7953125 0.028125 0.021875
0 0.5875 0.528125 0.034375 0.0296875
0 0.609375 0.54140625 0.0328125 0.0296875
0 0.5140625 0.6609375 0.0328125 0.0265625
0 0.5296875 0.61796875 0.03125 0.025
0 0.56171875 0.6765625 0.03125 0.025
0 0.640625 0.5703125 0.034375 0.0296875
0 0.55234375 0.603125 0.0328125 0.028125
0 0.5375 0.67265625 0.034375 0.0265625
0 0.63359375 0.5484375 0.034375 0.03125
0 0.50546875 0.615625 0.03125 0.0265625
0 0.478125 0.61171875 0.03125 0.028125
0 0.6328125 0.69921875 0.03125 0.025
0 0.5171875 0.578125 0.034375 0.0296875
0 0.61171875 0.58828125 0.0328125 0.028125
0 0.47109375 0.51328125 0.034375 0.0328125
0 0.6234375 0.76015625 0.028125 0.021875
0 0.61640625 0.609375 0.03125 0.025
0 0.58984375 0.6078125 0.03125 0.028125
0 0.6015625 0.73046875 0.0296875 0.025
0 0.5296875 0.69140625 0.034375 0.0265625
0 0.578125 0.69140625 0.03125 0.025
0 0.55625 0.7421875 0.03125 0.025
0 0.63828125 0.59140625 0.03125 0.0265625
0 0.565625 0.621875 0.03125 0.028125
0 0.4890625 0.671875 0.0296875 0.025
0 0.50703125 0.70234375 0.03125 0.028125
0 0.496875 0.59453125 0.03125 0.0265625
0 0.5390625 0.728125 0.03125 0.025
0 0.60859375 0.4546875 0.034375 0.0328125
0 0.5890625 0.70859375 0.03125 0.0234375
0 0.56328125 0.71640625 0.03125 0.025
0 0.5859375 0.42109375 0.0359375 0.034375
0 0.45390625 0.628125 0.034375 0.0296875
0 0.58046875 0.7375 0.03125 0.028125
0 0.55546875 0.8078125 0.028125 0.025
0 0.55234375 0.69921875 0.0328125 0.028125
0 0.578125 0.77578125 0.0265625 0.021875
0 0.53125 0.71484375 0.03125 0.025
0 0.52734375 0.5984375 0.03125 0.0265625
0 0.53359375 0.746875 0.028125 0.021875
0 0.50859375 0.38828125 0.0390625 0.0359375
0 0.6125 0.7109375 0.028125 0.025
0 0.57734375 0.58828125 0.03125 0.028125
0 0.50078125 0.5171875 0.03125 0.03125
0 0.5734375 0.27265625 0.0421875 0.0453125
0 0.51015625 0.68046875 0.0265625 0.021875