0 0.63984375 0.53515625 0.028125 0.025
0 0.6078125 0.5328125 0.025 0.025
0 0.57109375 0.4953125 0.021875 0.0234375
0 0.55859375 0.515625 0.021875 0.0234375
0 0.5578125 0.54375 0.0234375 0.021875
0 0.55 0.48203125 0.0234375 0.0234375
0 0.540625 0.5046875 0.021875 0.028125
0 0.5375 0.528125 0.01875 0.0234375
0 0.528125 0.5484375 0.021875 0.021875
0 0.53359375 0.5703125 0.021875 0.0265625
0 0.50859375 0.53359375 0.021875 0.025
0 0.496875 0.55234375 0.0203125 0.0203125
0 0.51875 0.5125 0.0234375 0.025
0 0.5046875 0.48984375 0.025 0.025
0 0.49453125 0.5171875 0.025 0.028125
0 0.52421875 0.48203125 0.0234375 0.0265625
0 0.54296875 0.43515625 0.028125 0.0296875
0 0.5125 0.4375 0.0265625 0.028125
0 0.49296875 0.428125 0.025 0.0265625
0 0.48203125 0.46484375 0.025 0.028125
0 0.4671875 0.446875 0.025 0.028125
0 0.47109375 0.41640625 0.028125 0.025
0 0.44921875 0.43671875 0.021875 0.025
0 0.4296875 0.43359375 0.025 0.025
0 0.45703125 0.48125 0.025 0.025
0 0.4671875 0.50546875 0.0234375 0.028125
0 0.478125 0.52578125 0.028125 0.0296875
0 0.4640625 0.5484375 0.025 0.025
0 0.45625 0.52578125 0.0234375 0.025
0 0.44609375 0.5015625 0.0234375 0.025
0 0.4390625 0.4734375 0.025 0.0265625
0 0.428125 0.490625 0.021875 0.021875
0 0.41953125 0.4671875 0.0234375 0.025
0 0.409375 0.4875 0.021875 0.0234375
0 0.4015625 0.46640625 0.021875 0.025
0 0.3921875 0.48515625 0.021875 0.025
0 0.40234375 0.50703125 0.021875 0.025
0 0.37421875 0.48203125 0.021875 0.025
0 0.3859375 0.51171875 0.021875 0.025
0 0.36875 0.5046875 0.021875 0.025
0 0.35546875 0.4890625 0.021875 0.025
0 0.35 0.509375 0.01875 0.0203125
0 0.32578125 0.49375 0.021875 0.025
0 0.340625 0.49375 0.0203125 0.0234375
0 0.35078125 0.46875 0.021875 0.0265625
0 0.334375 0.4734375 0.021875 0.021875
0 0.38125 0.4484375 0.025 0.0296875
0 0.36484375 0.44921875 0.0203125 0.0234375
0 0.40703125 0.4171875 0.0234375 0.03125
0 0.38671875 0.42734375 0.025 0.028125
0 0.4421875 0.55390625 0.021875 0.025
0 0.43828125 0.528125 0.021875 0.028125
0 0.425 0.54296875 0.021875 0.0265625
0 0.4203125 0.521875 0.0234375 0.025
0 0.41015625 0.55625 0.0234375 0.025
0 0.3984375 0.5375 0.0234375 0.025
0 0.378125 0.53828125 0.0234375 0.025
0 0.3609375 0.55234375 0.0234375 0.025
0 0.33046875 0.684375 0.021875 0.0265625
0 0.33671875 0.51953125 0.021875 0.0234375
0 0.321875 0.52890625 0.021875 0.021875
0 0.3078125 0.540625 0.021875 0.025
0 0.2890625 0.515625 0.0234375 0.0234375
0 0.31171875 0.48515625 0.021875 0.021875
0 0.29453125 0.48359375 0.01875 0.021875
0 0.340625 0.45390625 0.021875 0.0234375
0 0.3234375 0.45859375 0.021875 0.0234375
0 0.31015625 0.465625 0.021875 0.021875
0 0.3484375 0.43359375 0.021875 0.0234375
0 0.33046875 0.4296875 0.01875 0.0265625
0 0.31484375 0.44375 0.021875 0.0234375
0 0.2984375 0.45234375 0.01875 0.021875
0 0.2828125 0.453125 0.01875 0.021875
0 0.30234375 0.4078125 0.021875 0.0234375
0 0.29921875 0.43125 0.021875 0.025
0 0.28828125 0.4171875 0.01875 0.0234375
0 0.27890625 0.43515625 0.01875 0.0203125
0 0.2859375 0.39921875 0.021875 0.021875
0 0.27109375 0.38984375 0.0203125 0.0203125
0 0.26953125 0.409375 0.0203125 0.0234375
0 0.26484375 0.42890625 0.0203125 0.0234375
0 0.2734375 0.46796875 0.0203125 0.021875
0 0.271875 0.4921875 0.0203125 0.0203125
0 0.2515625 0.4890625 0.01875 0.0203125
0 0.253125 0.51484375 0.0203125 0.021875
0 0.23125 0.51640625 0.01875 0.0203125
0 0.234375 0.49296875 0.01875 0.0203125
0 0.21796875 0.48125 0.01875 0.0203125
0 0.240625 0.47578125 0.01875 0.0203125
0 0.259375 0.45625 0.01875 0.0203125
0 0.25078125 0.4390625 0.0171875 0.0171875
0 0.24609375 0.4140625 0.01875 0.0203125
0 0.25703125 0.39921875 0.01875 0.0203125
0 0.240625 0.3921875 0.0171875 0.01875
0 0.22578125 0.4 0.01875 0.0203125
0 0.2265625 0.421875 0.0171875 0.0171875
0 0.2234375 0.4515625 0.015625 0.0171875
0 0.2125 0.4625 0.01875 0.0203125
0 0.20078125 0.453125 0.0171875 0.01875
0 0.203125 0.42578125 0.01875 0.0203125
0 0.1875 0.44375 0.01875 0.0203125
0 0.1875 0.46484375 0.01875 0.0203125
0 0.2 0.47578125 0.01875 0.0203125
0 0.190625 0.4921875 0.0171875 0.01875
0 0.17890625 0.4796875 0.015625 0.01875
0 0.1734375 0.5 0.01875 0.0203125
0 0.16171875 0.48671875 0.0171875 0.01875
0 0.17109375 0.46015625 0.0171875 0.0203125
0 0.153125 0.46875 0.015625 0.0171875
0 0.14609375 0.4859375 0.0140625 0.0171875
0 0.15234375 0.50234375 0.0171875 0.0203125
0 0.13359375 0.49921875 0.015625 0.0203125
0 0.17421875 0.4359375 0.0171875 0.021875
0 0.16171875 0.4375 0.0171875 0.021875
0 0.15 0.428125 0.01875 0.0203125
0 0.1375 0.446875 0.015625 0.0203125
0 0.13515625 0.47890625 0.015625 0.0203125
0 0.11953125 0.47734375 0.015625 0.0234375
0 0.1203125 0.496875 0.015625 0.01875
0 0.10625 0.48984375 0.0171875 0.0203125
0 0.09921875 0.471875 0.015625 0.021875
0 0.12421875 0.4484375 0.015625 0.0203125
0 0.11015625 0.4640625 0.0140625 0.0203125
0 0.13125 0.4125 0.0171875 0.0203125
0 0.1234375 0.43046875 0.01875 0.0203125
0 0.1125 0.41640625 0.0171875 0.021875
0 0.12109375 0.3921875 0.015625 0.01875
0 0.1421875 0.38359375 0.01875 0.0203125
0 0.14921875 0.365625 0.015625 0.0203125
0 0.22734375 0.38203125 0.0203125 0.0203125
0 0.21640625 0.3671875 0.01875 0.021875
0 0.1875 0.3640625 0.015625 0.0234375
0 0.1828125 0.3828125 0.0171875 0.021875
0 0.17265625 0.37265625 0.01875 0.021875
0 0.17734375 0.3484375 0.015625 0.021875
0 0.1609375 0.35546875 0.01875 0.021875
0 0.246875 0.3453125 0.021875 0.0234375
0 0.23828125 0.4515625 0.01875 0.021875
0 0.20390625 0.628125 0.0234375 0.025
0 0.21484375 0.6734375 0.0234375 0.028125
0 0.13984375 0.29453125 0.021875 0.0234375
0 0.09140625 0.3921875 0.01875 0.0203125
0 0.08984375 0.421875 0.015625 0.0171875
0 0.0875 0.44453125 0.0171875 0.0203125