0 0.33046875 0.13984375 0.053125 0.059375
0 0.50234375 0.1484375 0.040625 0.046875
0 0.3390625 0.225 0.05 0.05625
0 0.36953125 0.178125 0.05 0.0546875
0 0.48046875 0.18828125 0.04375 0.0484375
0 0.4703125 0.13359375 0.046875 0.05
0 0.41953125 0.1921875 0.0453125 0.0484375
0 0.4046875 0.259375 0.0453125 0.053125
0 0.51171875 0.21171875 0.04375 0.05
0 0.33671875 0.359375 0.05 0.0546875
0 0.35546875 0.31640625 0.04375 0.053125
0 0.39375 0.3078125 0.0421875 0.05
0 0.5203125 0.26640625 0.0390625 0.046875
0 0.375 0.36875 0.04375 0.0484375
0 0.55 0.27890625 0.040625 0.0390625
0 0.34609375 0.41796875 0.0453125 0.053125
0 0.55390625 0.303125 0.0390625 0.04375
0 0.35625 0.4640625 0.04375 0.0515625
0 0.51796875 0.315625 0.040625 0.0484375
0 0.38515625 0.41328125 0.0453125 0.053125
0 0.55859375 0.3390625 0.0390625 0.040625
0 0.60078125 0.221875 0.04375 0.05
0 0.54921875 0.3828125 0.040625 0.046875
0 0.49609375 0.35859375 0.040625 0.053125
0 0.375 0.4953125 0.04375 0.05
0 0.3953125 0.4578125 0.0421875 0.0484375
0 0.38359375 0.54140625 0.040625 0.05
0 0.4078125 0.5015625 0.040625 0.05
0 0.34453125 0.5703125 0.046875 0.05625
0 0.33046875 0.49609375 0.0453125 0.05625
0 0.37734375 0.59609375 0.040625 0.053125
0 0.40859375 0.56328125 0.040625 0.05
0 0.43203125 0.53046875 0.0375 0.05
0 0.45859375 0.4984375 0.0390625 0.05
0 0.48984375 0.4671875 0.040625 0.0484375
0 0.41015625 0.6046875 0.040625 0.053125
0 0.43828125 0.575 0.040625 0.046875
0 0.46640625 0.55390625 0.040625 0.046875
0 0.48828125 0.5203125 0.0390625 0.0421875
0 0.43359375 0.6375 0.040625 0.046875
0 0.465625 0.6140625 0.0390625 0.0484375
0 0.49140625 0.57734375 0.0421875 0.05
0 0.525 0.60078125 0.0421875 0.046875
0 0.5234375 0.546875 0.0421875 0.05
0 0.5171875 0.49765625 0.040625 0.046875
0 0.5546875 0.42890625 0.0375 0.05
0 0.58203125 0.4015625 0.0359375 0.04375
0 0.58828125 0.359375 0.040625 0.04375
0 0.609375 0.3296875 0.0375 0.046875
0 0.55703125 0.66328125 0.0390625 0.046875
0 0.5265625 0.659375 0.0390625 0.046875
0 0.50078125 0.63046875 0.0390625 0.04375
0 0.47734375 0.66328125 0.0390625 0.0421875
0 0.440625 0.6828125 0.040625 0.05
0 0.496875 0.6890625 0.0390625 0.046875
0 0.46015625 0.71640625 0.0421875 0.05
0 0.52421875 0.70625 0.0375 0.0453125
0 0.40546875 0.7609375 0.0453125 0.053125
0 0.4484375 0.8375 0.04375 0.0515625
0 0.6453125 0.36328125 0.0390625 0.04375
0 0.68984375 0.50703125 0.0328125 0.0296875
0 0.66171875 0.4609375 0.0296875 0.0390625
0 0.6859375 0.4484375 0.0328125 0.0421875
0 0.64609375 0.40234375 0.0359375 0.04375
0 0.6796875 0.53671875 0.0390625 0.0421875
0 0.65625 0.43515625 0.0328125 0.0390625
0 0.68828125 0.5625 0.0328125 0.03125
0 0.6609375 0.50703125 0.0328125 0.0421875
0 0.653125 0.5671875 0.0375 0.04375
0 0.61796875 0.53359375 0.0390625 0.040625
0 0.63359375 0.5015625 0.0359375 0.040625
0 0.678125 0.584375 0.040625 0.0359375
0 0.64453125 0.62421875 0.0375 0.0390625
0 0.67578125 0.6125 0.0375 0.040625
0 0.640625 0.66328125 0.0375 0.046875
0 0.6078125 0.671875 0.0390625 0.0453125
0 0.53203125 0.74609375 0.0453125 0.053125
0 0.57578125 0.6984375 0.0390625 0.05
0 0.51171875 0.85546875 0.040625 0.046875
0 0.45625 0.903125 0.04375 0.05
0 0.54296875 0.8640625 0.0375 0.046875
0 0.64921875 0.6890625 0.034375 0.03125
0 0.60546875 0.7234375 0.0375 0.046875
0 0.646875 0.715625 0.034375 0.0375
0 0.62890625 0.8828125 0.0359375 0.04375
0 0.66953125 0.8390625 0.0390625 0.046875
0 0.67265625 0.75078125 0.0328125 0.0421875
0 0.69765625 0.74375 0.0328125 0.0453125
0 0.684375 0.71015625 0.040625 0.046875
0 0.68515625 0.6703125 0.0390625 0.0453125
0 0.728125 0.74375 0.0359375 0.04375
0 0.72890625 0.7984375 0.0390625 0.04375
0 0.759375 0.75234375 0.034375 0.0453125
0 0.7890625 0.70625 0.0375 0.046875
0 0.71484375 0.603125 0.0375 0.0484375
0 0.75 0.52109375 0.0359375 0.040625
0 0.76328125 0.478125 0.0390625 0.0453125
0 0.75078125 0.36953125 0.034375 0.0484375
0 0.8296875 0.36015625 0.0375 0.046875