0 0.06953125 0.3203125 0.0328125 0.03359375
0 0.13125 0.38984375 0.03359375 0.0328125
0 0.3140625 0.2625 0.03359375 0.034375
0 0.3671875 0.2421875 0.0296875 0.03125
0 0.3984375 0.2703125 0.0328125 0.03671875
0 0.43046875 0.29609375 0.0328125 0.03046875
0 0.425 0.3265625 0.0296875 0.03359375
0 0.44453125 0.3515625 0.028125 0.03125
0 0.4625 0.325 0.03046875 0.03203125
0 0.55546875 0.23828125 0.0265625 0.02890625
0 0.27890625 0.32734375 0.03359375 0.03125
0 0.3484375 0.290625 0.03125 0.0296875
0 0.36953125 0.3140625 0.02890625 0.028125
0 0.37578125 0.34453125 0.0265625 0.028125
0 0.4078125 0.36953125 0.0296875 0.03046875
0 0.44140625 0.39296875 0.028125 0.0296875
0 0.46015625 0.41953125 0.02734375 0.02890625
0 0.43046875 0.4421875 0.03046875 0.03125
0 0.4078125 0.41640625 0.03046875 0.03125
0 0.38359375 0.40234375 0.0296875 0.03359375
0 0.3640625 0.375 0.02734375 0.03125
0 0.3328125 0.3671875 0.02734375 0.03046875
0 0.3421875 0.4 0.03125 0.03203125
0 0.371875 0.43203125 0.028125 0.03359375
0 0.40390625 0.44609375 0.0296875 0.0296875
0 0.409375 0.4796875 0.03125 0.03125
0 0.35390625 0.53203125 0.03203125 0.03359375
0 0.29296875 0.7828125 0.02890625 0.03359375
0 0.3140625 0.84453125 0.03203125 0.0328125
0 0.45859375 0.29140625 0.0296875 0.03046875
0 0.46640625 0.2515625 0.03046875 0.0328125
0 0.49453125 0.2265625 0.03359375 0.0296875
0 0.49375 0.25703125 0.02734375 0.028125
0 0.52421875 0.25625 0.03046875 0.028125
0 0.53203125 0.228125 0.03125 0.03046875
0 0.6390625 0.21640625 0.0296875 0.03046875
0 0.578125 0.2203125 0.028125 0.03203125
0 0.61171875 0.21796875 0.02890625 0.0296875
0 0.60625 0.24296875 0.0265625 0.028125
0 0.578125 0.2546875 0.03046875 0.03203125
0 0.50859375 0.2796875 0.0296875 0.0265625
0 0.55 0.27265625 0.028125 0.028125
0 0.53984375 0.29765625 0.03046875 0.0296875
0 0.503125 0.3078125 0.02578125 0.028125
0 0.5203125 0.3296875 0.028125 0.02890625
0 0.55 0.32734375 0.02734375 0.0328125
0 0.5828125 0.2890625 0.03125 0.0328125
0 0.61953125 0.26953125 0.03359375 0.02890625
0 0.65234375 0.2484375 0.0296875 0.03046875
0 0.68359375 0.24765625 0.0296875 0.028125
0 0.6765625 0.27734375 0.0296875 0.03046875
0 0.7125 0.259375 0.028125 0.03046875
0 0.60390625 0.39296875 0.02578125 0.03046875
0 0.57421875 0.39453125 0.0296875 0.028125
0 0.5765625 0.42421875 0.02890625 0.028125
0 0.615625 0.359375 0.03203125 0.03203125
0 0.6328125 0.328125 0.0328125 0.03125
0 0.65390625 0.29453125 0.03125 0.03203125
0 0.684375 0.30390625 0.0296875 0.028125
0 0.74140625 0.28984375 0.0328125 0.02890625
0 0.71171875 0.31875 0.028125 0.03125
0 0.715625 0.3484375 0.03515625 0.02890625
0 0.8234375 0.34140625 0.034375 0.03359375
0 0.82109375 0.3890625 0.03359375 0.0390625
0 0.70234375 0.3734375 0.03203125 0.034375
0 0.66484375 0.3703125 0.03125 0.0296875
0 0.68203125 0.40078125 0.03046875 0.03359375
0 0.6578125 0.42734375 0.03046875 0.034375
0 0.69609375 0.44296875 0.0328125 0.03203125
0 0.6375 0.4546875 0.0296875 0.034375
0 0.678125 0.4734375 0.03359375 0.03203125
0 0.60390625 0.46953125 0.03359375 0.0328125
0 0.5765625 0.4515625 0.034375 0.03046875
0 0.5265625 0.44140625 0.03359375 0.03203125
0 0.52421875 0.4796875 0.03046875 0.0375
0 0.509375 0.5109375 0.03046875 0.03515625
0 0.45859375 0.56640625 0.03046875 0.03359375
0 0.48515625 0.58203125 0.03125 0.03515625
0 0.48984375 0.5453125 0.0328125 0.03359375
0 0.51953125 0.5484375 0.02890625 0.03359375
0 0.5765625 0.4921875 0.03125 0.0359375
0 0.56796875 0.5328125 0.03125 0.03359375
0 0.56875 0.56640625 0.0359375 0.03515625
0 0.5125 0.66796875 0.0296875 0.0375
0 0.6140625 0.584375 0.0328125 0.0375
0 0.58515625 0.6015625 0.03046875 0.03515625
0 0.58046875 0.64921875 0.03046875 0.02890625
0 0.5796875 0.74765625 0.03125 0.03515625
0 0.65625 0.59921875 0.03359375 0.03203125
0 0.67578125 0.6265625 0.03125 0.03203125
0 0.69609375 0.58359375 0.03203125 0.03203125
0 0.70625 0.6203125 0.0328125 0.03359375
0 0.9375 0.45703125 0.03203125 0.03046875
0 0.79375 0.60859375 0.03125 0.0328125
0 0.8203125 0.5984375 0.03203125 0.03046875
0 0.78203125 0.55546875 0.03203125 0.03046875
0 0.828125 0.5703125 0.0296875 0.03125
0 0.8453125 0.5390625 0.03359375 0.03046875
0 0.8296875 0.69296875 0.0328125 0.0359375