0 0.784375 0.6125 0.025 0.0328125
0 0.775 0.5703125 0.025 0.0296875
0 0.78359375 0.50859375 0.025 0.03125
0 0.76328125 0.54609375 0.025 0.03125
0 0.75234375 0.6609375 0.025 0.03125
0 0.73671875 0.684375 0.025 0.0296875
0 0.71328125 0.6953125 0.025 0.0296875
0 0.740625 0.52265625 0.0265625 0.0296875
0 0.72578125 0.48515625 0.025 0.0265625
0 0.68046875 0.565625 0.028125 0.034375
0 0.74921875 0.3015625 0.025 0.03125
0 0.6984375 0.85625 0.0234375 0.0265625
0 0.68203125 0.8421875 0.025 0.028125
0 0.6453125 0.86640625 0.028125 0.0328125
0 0.6484375 0.77890625 0.028125 0.034375
0 0.59296875 0.80546875 0.0265625 0.03125
0 0.59609375 0.72421875 0.025 0.0296875
0 0.60546875 0.746875 0.025 0.0296875
0 0.63515625 0.64453125 0.028125 0.03125
0 0.62578125 0.60859375 0.0234375 0.0296875
0 0.61015625 0.62265625 0.025 0.0296875
0 0.5921875 0.64296875 0.0265625 0.0328125
0 0.578125 0.590625 0.028125 0.034375
0 0.5734375 0.62421875 0.0296875 0.034375
0 0.5546875 0.5796875 0.0265625 0.0328125
0 0.55234375 0.7125 0.0296875 0.034375
0 0.51875 0.703125 0.025 0.0328125
0 0.496875 0.7015625 0.025 0.0328125
0 0.45546875 0.67734375 0.028125 0.0375
0 0.4953125 0.56640625 0.028125 0.0359375
0 0.46328125 0.56015625 0.025 0.0328125
0 0.5296875 0.4515625 0.028125 0.034375
0 0.52109375 0.48203125 0.028125 0.0328125
0 0.52578125 0.4109375 0.025 0.0328125
0 0.48671875 0.4671875 0.0265625 0.03125
0 0.46484375 0.47890625 0.025 0.03125
0 0.4421875 0.503125 0.0265625 0.03125
0 0.3734375 0.5859375 0.0265625 0.0328125
0 0.41875 0.38515625 0.028125 0.034375
0 0.428125 0.3375 0.028125 0.034375
0 0.45625 0.33203125 0.028125 0.0359375
0 0.4671875 0.3046875 0.025 0.034375
0 0.47421875 0.3515625 0.0265625 0.034375
0 0.484375 0.28359375 0.025 0.0328125
0 0.5015625 0.31796875 0.028125 0.034375
0 0.52265625 0.2703125 0.028125 0.034375
0 0.6453125 0.484375 0.021875 0.0328125
0 0.6265625 0.47890625 0.025 0.034375
0 0.615625 0.5078125 0.028125 0.03125
0 0.59296875 0.46953125 0.028125 0.0328125
0 0.63203125 0.42734375 0.028125 0.0328125
0 0.6671875 0.41328125 0.0265625 0.0328125
0 0.690625 0.40390625 0.025 0.0296875
0 0.66171875 0.321875 0.028125 0.034375
0 0.63515625 0.321875 0.028125 0.034375
0 0.5875 0.43828125 0.03125 0.03125
0 0.590625 0.3328125 0.028125 0.0375
0 0.584375 0.28671875 0.03125 0.0375
0 0.5578125 0.259375 0.028125 0.0328125
0 0.60625 0.09921875 0.028125 0.0375
0 0.57578125 0.103125 0.028125 0.0375
0 0.52265625 0.16796875 0.0296875 0.0421875
0 0.53359375 0.13203125 0.028125 0.0375
0 0.54296875 0.0765625 0.028125 0.0359375
0 0.5265625 0.0546875 0.025 0.034375
0 0.5 0.0484375 0.03125 0.0375
0 0.49375 0.0875 0.0265625 0.0328125
0 0.46640625 0.13515625 0.028125 0.0328125
0 0.459375 0.10546875 0.025 0.034375
0 0.46953125 0.05703125 0.028125 0.034375
0 0.4546875 0.0765625 0.025 0.0328125
0 0.4390625 0.05234375 0.03125 0.034375
0 0.4296875 0.08671875 0.028125 0.0359375
0 0.4296875 0.11796875 0.0296875 0.0359375
0 0.42734375 0.184375 0.028125 0.0375
0 0.40390625 0.1734375 0.028125 0.0375
0 0.41328125 0.21640625 0.028125 0.034375
0 0.4015625 0.2421875 0.028125 0.034375
0 0.38359375 0.2578125 0.025 0.034375
0 0.36953125 0.28359375 0.028125 0.034375
0 0.378125 0.1109375 0.0296875 0.0375
0 0.36953125 0.18828125 0.0296875 0.0375
0 0.3640625 0.228125 0.028125 0.034375
0 0.3234375 0.34765625 0.028125 0.034375
0 0.3375 0.27734375 0.03125 0.0359375
0 0.29296875 0.19765625 0.028125 0.0375
0 0.24921875 0.228125 0.028125 0.034375
0 0.24609375 0.3953125 0.028125 0.034375
0 0.203125 0.31953125 0.028125 0.034375
0 0.35703125 0.490625 0.028125 0.03125
0 0.3421875 0.584375 0.025 0.0328125
0 0.346875 0.540625 0.025 0.0296875
0 0.3234375 0.56328125 0.028125 0.034375
0 0.31640625 0.59453125 0.025 0.0296875
0 0.315625 0.65078125 0.028125 0.03125
0 0.29140625 0.6375 0.0296875 0.0328125
0 0.29765625 0.51796875 0.028125 0.034375
0 0.284375 0.55078125 0.0265625 0.03125
0 0.27890625 0.60546875 0.0265625 0.0359375