0 0.72890625 0.25390625 0.025 0.01640625
0 0.7125 0.23828125 0.02421875 0.0171875
0 0.68828125 0.22890625 0.02265625 0.01796875
0 0.6359375 0.21015625 0.0234375 0.015625
0 0.5984375 0.21875 0.025 0.015625
0 0.57890625 0.2296875 0.025 0.015625
0 0.540625 0.21796875 0.02578125 0.01484375
0 0.5609375 0.246875 0.02578125 0.01640625
0 0.52578125 0.26015625 0.02421875 0.01796875
0 0.61171875 0.28984375 0.03125 0.02265625
0 0.69921875 0.315625 0.02734375 0.0171875
0 0.6640625 0.3265625 0.0265625 0.01640625
0 0.70625 0.3515625 0.028125 0.01953125
0 0.68203125 0.3390625 0.025 0.0171875
0 0.68984375 0.36875 0.02734375 0.01953125
0 0.6546875 0.36875 0.02421875 0.02109375
0 0.64609375 0.38828125 0.03203125 0.02109375
0 0.64609375 0.44140625 0.03359375 0.02265625
0 0.6484375 0.475 0.03515625 0.0234375
0 0.58671875 0.49765625 0.03359375 0.02265625
0 0.5578125 0.4796875 0.0328125 0.0234375
0 0.5453125 0.459375 0.03515625 0.02109375
0 0.553125 0.42578125 0.03203125 0.02109375
0 0.5625 0.34296875 0.02734375 0.0203125
0 0.5359375 0.3359375 0.028125 0.021875
0 0.5359375 0.3203125 0.03046875 0.02109375
0 0.51796875 0.4203125 0.0296875 0.02421875
0 0.47734375 0.428125 0.03125 0.0234375
0 0.52734375 0.36484375 0.028125 0.02109375
0 0.496875 0.37109375 0.0265625 0.02109375
0 0.48125 0.3375 0.0265625 0.021875
0 0.46328125 0.309375 0.02890625 0.0203125
0 0.4515625 0.290625 0.0296875 0.01796875
0 0.35234375 0.25546875 0.03203125 0.01953125
0 0.371875 0.31953125 0.03125 0.02265625
0 0.375 0.34140625 0.03359375 0.02265625
0 0.3890625 0.37890625 0.03125 0.02265625
0 0.34140625 0.384375 0.02734375 0.02265625
0 0.315625 0.41171875 0.03125 0.02265625
0 0.32734375 0.44453125 0.03046875 0.02265625
0 0.37890625 0.45703125 0.03125 0.02265625
0 0.41875 0.48125 0.03984375 0.02734375
0 0.3453125 0.47890625 0.03515625 0.0234375
0 0.36875 0.49140625 0.03125 0.02109375
0 0.39921875 0.50078125 0.03125 0.02421875
0 0.4078125 0.528125 0.03203125 0.0203125
0 0.4625 0.53203125 0.03515625 0.02421875
0 0.14609375 0.384375 0.03125 0.025
0 0.1453125 0.41328125 0.03515625 0.0234375
0 0.215625 0.45234375 0.03125 0.0265625
0 0.11875 0.44296875 0.0296875 0.0203125
0 0.17890625 0.44453125 0.03125 0.02578125
0 0.0953125 0.46015625 0.03203125 0.02578125
0 0.084375 0.48515625 0.0359375 0.0234375
0 0.1265625 0.4890625 0.03125 0.0265625
0 0.0875 0.51171875 0.03046875 0.0171875
0 0.11171875 0.52578125 0.03515625 0.021875
0 0.14453125 0.51953125 0.03125 0.02421875
0 0.1796875 0.5109375 0.03515625 0.02734375
0 0.0828125 0.5421875 0.0359375 0.01953125
0 0.12109375 0.55 0.03125 0.0265625
0 0.15546875 0.546875 0.034375 0.028125
0 0.14765625 0.59921875 0.0359375 0.028125
0 0.2328125 0.54375 0.02890625 0.0265625
0 0.21796875 0.56484375 0.0328125 0.0234375
0 0.23828125 0.603125 0.0359375 0.028125
0 0.28671875 0.6046875 0.03515625 0.02734375
0 0.27109375 0.55390625 0.03125 0.02265625
0 0.3 0.565625 0.0328125 0.02734375
0 0.31875 0.5828125 0.03125 0.02734375
0 0.34921875 0.59375 0.03125 0.02578125
0 0.34453125 0.6296875 0.040625 0.0328125
0 0.24921875 0.6875 0.0375 0.0296875
0 0.28671875 0.7390625 0.0390625 0.02890625
0 0.40703125 0.78828125 0.0390625 0.03203125
0 0.49765625 0.7265625 0.046875 0.0328125
0 0.428125 0.6375 0.0359375 0.02890625
0 0.5921875 0.58828125 0.03671875 0.028125
0 0.703125 0.5953125 0.03984375 0.0265625
0 0.653125 0.59375 0.034375 0.02421875
0 0.68359375 0.615625 0.0375 0.02890625
0 0.6359375 0.65 0.0375 0.03046875
0 0.68046875 0.66328125 0.03515625 0.03125
0 0.75 0.66171875 0.0375 0.02890625
0 0.78046875 0.64375 0.03828125 0.0296875
0 0.7234375 0.62265625 0.0390625 0.0296875
0 0.7921875 0.61640625 0.0375 0.02734375
0 0.69765625 0.55859375 0.0375 0.025
0 0.7796875 0.4703125 0.03515625 0.021875
0 0.79296875 0.428125 0.034375 0.02265625
0 0.7875 0.4078125 0.03125 0.0203125
0 0.78984375 0.38046875 0.03046875 0.021875
0 0.78671875 0.34140625 0.02734375 0.01875
0 0.8078125 0.3328125 0.02734375 0.0203125
0 0.82578125 0.29453125 0.03125 0.01953125
0 0.8703125 0.33671875 0.03046875 0.021875
0 0.87890625 0.2671875 0.0265625 0.01328125
0 0.9109375 0.28828125 0.0234375 0.01875
0 0.88828125 0.25234375 0.02734375 0.015625