0 0.4578125 0.31640625 0.0171875 0.0171875
0 0.40703125 0.53359375 0.0140625 0.0140625
0 0.4234375 0.490625 0.015625 0.015625
0 0.44375 0.4359375 0.0140625 0.0125
0 0.41484375 0.44765625 0.0125 0.0125
0 0.428125 0.44296875 0.0125 0.0125
0 0.44296875 0.44765625 0.0140625 0.0125
0 0.46171875 0.41875 0.0171875 0.0171875
0 0.47890625 0.425 0.015625 0.015625
0 0.49765625 0.47109375 0.015625 0.015625
0 0.52109375 0.47421875 0.015625 0.015625
0 0.51875 0.459375 0.0140625 0.0125
0 0.5109375 0.44609375 0.0125 0.0125
0 0.5234375 0.440625 0.0125 0.0125
0 0.5359375 0.4359375 0.0140625 0.0125
0 0.54140625 0.315625 0.01875 0.0171875
0 0.553125 0.33203125 0.0140625 0.015625
0 0.56640625 0.3265625 0.0125 0.0140625
0 0.57734375 0.31953125 0.015625 0.015625
0 0.59375 0.32421875 0.015625 0.015625
0 0.60859375 0.32109375 0.0125 0.0125
0 0.621875 0.31796875 0.0171875 0.0171875
0 0.55546875 0.37578125 0.015625 0.0140625
0 0.5671875 0.36875 0.0125 0.0140625
0 0.58359375 0.39765625 0.0140625 0.0125
0 0.59375 0.38359375 0.0140625 0.0140625
0 0.61484375 0.40703125 0.015625 0.0140625
0 0.603125 0.4 0.0125 0.0125
0 0.6015625 0.4140625 0.0125 0.0140625
0 0.6203125 0.41875 0.0140625 0.0125
0 0.628125 0.43984375 0.0140625 0.0125
0 0.61640625 0.45546875 0.015625 0.015625
0 0.58203125 0.46328125 0.01875 0.0171875
0 0.52890625 0.58671875 0.015625 0.015625
0 0.5125 0.590625 0.015625 0.0140625
0 0.55078125 0.4984375 0.0171875 0.0171875
0 0.53984375 0.5203125 0.0140625 0.0125
0 0.5546875 0.525 0.0140625 0.0125
0 0.53828125 0.53359375 0.0125 0.0125
0 0.5515625 0.53828125 0.0125 0.0125
0 0.52578125 0.53125 0.0125 0.0125
0 0.5203125 0.51796875 0.015625 0.015625
0 0.53359375 0.565625 0.0125 0.0140625
0 0.534375 0.55078125 0.015625 0.015625
0 0.5078125 0.57109375 0.0140625 0.015625
0 0.5203125 0.56796875 0.0125 0.0125
0 0.49765625 0.57890625 0.0125 0.0125
0 0.5 0.5609375 0.0125 0.0125
0 0.4953125 0.59140625 0.0125 0.0125
0 0.48515625 0.58203125 0.0140625 0.0125
0 0.48984375 0.56953125 0.0125 0.0125
0 0.4828125 0.59453125 0.0125 0.0125
0 0.47578125 0.56796875 0.0125 0.0140625
0 0.47265625 0.58515625 0.0125 0.0125
0 0.46328125 0.57421875 0.0140625 0.0125
0 0.4640625 0.5390625 0.015625 0.015625
0 0.47421875 0.53125 0.0140625 0.0140625
0 0.46015625 0.5875 0.0125 0.0125
0 0.44765625 0.5828125 0.0140625 0.0125
0 0.43515625 0.6953125 0.0140625 0.015625
0 0.44921875 0.69375 0.0140625 0.0140625
0 0.4375 0.6078125 0.0125 0.0140625
0 0.45 0.60234375 0.0140625 0.015625
0 0.46484375 0.60625 0.0171875 0.0171875
0 0.478125 0.6109375 0.0125 0.0125
0 0.49296875 0.60859375 0.0140625 0.0140625
0 0.509375 0.6046875 0.0140625 0.0125
0 0.49609375 0.6296875 0.0140625 0.0140625
0 0.503125 0.6171875 0.0140625 0.0140625
0 0.51796875 0.61640625 0.0140625 0.0125
0 0.525 0.6015625 0.0125 0.0140625
0 0.5375 0.60078125 0.0125 0.0140625
0 0.55078125 0.60546875 0.0140625 0.0125
0 0.60859375 0.590625 0.0171875 0.0171875
0 0.565625 0.55078125 0.0140625 0.0140625
0 0.57109375 0.51328125 0.015625 0.015625
0 0.5890625 0.51171875 0.015625 0.0140625
0 0.60546875 0.5125 0.0171875 0.0171875
0 0.62578125 0.5109375 0.015625 0.015625
0 0.634375 0.49453125 0.0171875 0.0171875
0 0.6625 0.4734375 0.01875 0.0171875
0 0.64921875 0.30703125 0.0171875 0.0171875
0 0.67734375 0.48203125 0.01875 0.015625
0 0.66328125 0.31640625 0.01875 0.0171875