0 0.70703125 0.2109375 0.03359375 0.03671875
0 0.66953125 0.21171875 0.03359375 0.03671875
0 0.64453125 0.2375 0.0359375 0.0375
0 0.67265625 0.2546875 0.03515625 0.0359375
0 0.70546875 0.24140625 0.0328125 0.0328125
0 0.72109375 0.2703125 0.034375 0.034375
0 0.61328125 0.22421875 0.0359375 0.0359375
0 0.61171875 0.25859375 0.034375 0.0328125
0 0.63984375 0.27578125 0.03515625 0.0328125
0 0.678125 0.29453125 0.03515625 0.034375
0 0.5703125 0.22421875 0.034375 0.03671875
0 0.5421875 0.2546875 0.034375 0.03671875
0 0.575 0.26015625 0.03359375 0.0359375
0 0.5953125 0.2859375 0.034375 0.03203125
0 0.62890625 0.30703125 0.03671875 0.03671875
0 0.5859375 0.3203125 0.03359375 0.03515625
0 0.6078125 0.34453125 0.034375 0.03359375
0 0.640625 0.3421875 0.03515625 0.034375
0 0.42421875 0.24296875 0.03671875 0.0359375
0 0.46171875 0.27734375 0.04296875 0.04140625
0 0.4984375 0.30625 0.03671875 0.0375
0 0.534375 0.30078125 0.03671875 0.03515625
0 0.5359375 0.33828125 0.03515625 0.0359375
0 0.3609375 0.2703125 0.03984375 0.0390625
0 0.40546875 0.3046875 0.03671875 0.0359375
0 0.428125 0.33203125 0.03671875 0.03359375
0 0.4359375 0.365625 0.03828125 0.03515625
0 0.49453125 0.34375 0.0359375 0.034375
0 0.5203125 0.37421875 0.0359375 0.03671875
0 0.06953125 0.34609375 0.04140625 0.04609375
0 0.146875 0.42890625 0.04375 0.04296875
0 0.32265625 0.35 0.03671875 0.0421875
0 0.3890625 0.39453125 0.03515625 0.0390625
0 0.42734375 0.4015625 0.0375 0.034375
0 0.47734375 0.39609375 0.0359375 0.0375
0 0.51484375 0.4234375 0.0359375 0.0390625
0 0.4 0.43359375 0.0390625 0.0390625
0 0.4484375 0.43359375 0.03515625 0.034375
0 0.47734375 0.4515625 0.0375 0.03515625
0 0.53671875 0.453125 0.0359375 0.0359375
0 0.50625 0.48359375 0.0359375 0.03671875
0 0.43515625 0.46953125 0.034375 0.04140625
0 0.471875 0.48828125 0.0359375 0.03828125
0 0.4828125 0.52734375 0.03828125 0.03671875
0 0.7421875 0.20703125 0.034375 0.0359375
0 0.7578125 0.24609375 0.03515625 0.0390625
0 0.79453125 0.2453125 0.0359375 0.03671875
0 0.825 0.20703125 0.03515625 0.0375
0 0.7875 0.27578125 0.0359375 0.03203125
0 0.82734375 0.259375 0.03515625 0.03828125
0 0.759375 0.29921875 0.03203125 0.034375
0 0.796875 0.3109375 0.03359375 0.0375
0 0.8296875 0.31328125 0.03359375 0.034375
0 0.86171875 0.2921875 0.034375 0.0390625
0 0.9046875 0.31640625 0.03828125 0.040625
0 0.915625 0.3703125 0.03828125 0.03828125
0 0.73828125 0.340625 0.03828125 0.0375
0 0.78671875 0.3578125 0.034375 0.03828125
0 0.83046875 0.35859375 0.0359375 0.0375
0 0.71328125 0.37578125 0.034375 0.03828125
0 0.75546875 0.3734375 0.0328125 0.03671875
0 0.78125 0.39453125 0.0328125 0.03515625
0 0.81171875 0.403125 0.03515625 0.0421875
0 0.7015625 0.41484375 0.0359375 0.0375
0 0.73515625 0.425 0.0359375 0.0375
0 0.76953125 0.42890625 0.03125 0.03515625
0 0.79921875 0.44140625 0.0359375 0.0328125
0 0.66875 0.415625 0.03203125 0.0375
0 0.74921875 0.45546875 0.03359375 0.034375
0 0.78125 0.46796875 0.03515625 0.03828125
0 0.6546875 0.446875 0.03359375 0.0328125
0 0.6890625 0.45078125 0.03203125 0.0359375
0 0.71796875 0.46328125 0.03203125 0.03671875
0 0.74609375 0.48828125 0.0359375 0.0328125
0 0.65390625 0.4796875 0.0328125 0.03515625
0 0.6859375 0.48515625 0.03515625 0.034375
0 0.7171875 0.50703125 0.0328125 0.03828125
0 0.6390625 0.5140625 0.0328125 0.0328125
0 0.67109375 0.51171875 0.03359375 0.03515625
0 0.69765625 0.5390625 0.0359375 0.03984375
0 0.62734375 0.54296875 0.02890625 0.0375
0 0.6609375 0.53984375 0.0328125 0.034375
0 0.60625 0.51875 0.03515625 0.03671875
0 0.61640625 0.47734375 0.034375 0.0375
0 0.59609375 0.55703125 0.03671875 0.03671875
0 0.65546875 0.575 0.03359375 0.03984375
0 0.5984375 0.58984375 0.03125 0.03203125
0 0.63125 0.596875 0.03203125 0.0375
0 0.68359375 0.5890625 0.03671875 0.0359375
0 0.56640625 0.59609375 0.03671875 0.0390625
0 0.653125 0.62890625 0.03671875 0.0390625
0 0.565625 0.63828125 0.03203125 0.0375
0 0.5953125 0.62109375 0.03671875 0.0390625
0 0.5359375 0.62421875 0.0359375 0.0390625
0 0.4203125 0.59140625 0.0375 0.04296875
0 0.5609375 0.69296875 0.034375 0.0359375
0 0.57578125 0.72421875 0.0390625 0.0390625
0 0.36015625 0.8796875 0.040625 0.04453125
0 0.3625 0.92734375 0.03984375 0.04140625