0 0.41484375 0.21953125 0.025 0.02578125
0 0.42421875 0.24140625 0.02109375 0.0234375
0 0.38203125 0.24375 0.01875 0.02265625
0 0.36796875 0.21953125 0.01875 0.021875
0 0.37734375 0.19921875 0.0234375 0.02109375
0 0.39296875 0.21328125 0.021875 0.01953125
0 0.4046875 0.24921875 0.0203125 0.021875
0 0.39375 0.22890625 0.02265625 0.0125
0 0.34609375 0.21171875 0.0234375 0.02265625
0 0.3609375 0.25234375 0.02265625 0.0234375
0 0.35234375 0.2359375 0.0203125 0.02109375
0 0.37265625 0.26328125 0.01796875 0.01796875
0 0.321875 0.26328125 0.02265625 0.02265625
0 0.3265625 0.290625 0.02421875 0.02109375
0 0.3 0.29375 0.02265625 0.021875
0 0.23203125 0.30390625 0.0203125 0.02265625
0 0.2515625 0.31328125 0.02109375 0.025
0 0.28046875 0.3078125 0.021875 0.025
0 0.29765625 0.315625 0.015625 0.021875
0 0.27109375 0.32109375 0.015625 0.02421875
0 0.10078125 0.30078125 0.01796875 0.025
0 0.10546875 0.27734375 0.0203125 0.0203125
0 0.084375 0.3046875 0.0140625 0.02421875
0 0.13515625 0.3453125 0.0234375 0.02421875
0 0.15625 0.325 0.01875 0.0203125
0 0.17578125 0.3390625 0.02421875 0.02265625
0 0.2453125 0.35390625 0.0234375 0.021875
0 0.31171875 0.35390625 0.021875 0.02421875
0 0.3296875 0.3421875 0.01953125 0.02578125
0 0.35078125 0.3390625 0.021875 0.02421875
0 0.371875 0.33125 0.0203125 0.025
0 0.38671875 0.30703125 0.02265625 0.02734375
0 0.42578125 0.26484375 0.021875 0.0234375
0 0.4453125 0.2453125 0.02109375 0.02265625
0 0.46171875 0.23203125 0.0234375 0.02265625
0 0.4703125 0.18125 0.021875 0.02578125
0 0.45 0.2890625 0.0203125 0.0234375
0 0.47265625 0.29140625 0.02109375 0.02578125
0 0.465625 0.3265625 0.021875 0.02421875
0 0.48203125 0.34375 0.028125 0.0234375
0 0.45078125 0.37109375 0.02421875 0.02578125
0 0.47421875 0.37109375 0.02265625 0.025
0 0.51171875 0.35625 0.02578125 0.02265625
0 0.51015625 0.3328125 0.021875 0.02265625
0 0.4890625 0.32265625 0.01796875 0.02421875
0 0.4953125 0.30390625 0.021875 0.0203125
0 0.5171875 0.31171875 0.02578125 0.0234375
0 0.49296875 0.28046875 0.0203125 0.0234375
0 0.5171875 0.2859375 0.021875 0.02421875
0 0.53984375 0.2875 0.021875 0.02421875
0 0.56953125 0.2890625 0.02421875 0.025
0 0.534375 0.33515625 0.0234375 0.0234375
0 0.55859375 0.3265625 0.02578125 0.02109375
0 0.5484375 0.3671875 0.025 0.02265625
0 0.60078125 0.36484375 0.02265625 0.0234375
0 0.796875 0.29765625 0.025 0.02578125
0 0.8234375 0.29765625 0.02578125 0.0265625
0 0.78515625 0.31875 0.02265625 0.0234375
0 0.803125 0.334375 0.021875 0.02265625
0 0.78203125 0.38671875 0.025 0.0234375
0 0.79453125 0.41171875 0.0234375 0.02421875
0 0.75625 0.440625 0.02421875 0.021875
0 0.6375 0.378125 0.02109375 0.0234375
0 0.6546875 0.38359375 0.01328125 0.02578125
0 0.6234375 0.3765625 0.01328125 0.021875
0 0.66953125 0.36796875 0.02265625 0.0203125
0 0.64375 0.41171875 0.0234375 0.0234375
0 0.66796875 0.41328125 0.02265625 0.0203125
0 0.6296875 0.4265625 0.02109375 0.021875
0 0.6640625 0.43671875 0.021875 0.02265625
0 0.66796875 0.47421875 0.02421875 0.02265625
0 0.70703125 0.4921875 0.0234375 0.02421875
0 0.58125 0.47109375 0.021875 0.0234375
0 0.61328125 0.47578125 0.02421875 0.0234375
0 0.64375 0.50546875 0.02265625 0.02265625
0 0.67109375 0.525 0.02421875 0.02265625
0 0.521875 0.5328125 0.021875 0.0203125
0 0.45703125 0.5171875 0.01953125 0.02421875
0 0.5109375 0.55078125 0.02265625 0.0203125
0 0.44296875 0.55078125 0.02265625 0.021875
0 0.484375 0.56953125 0.021875 0.0234375
0 0.5484375 0.60625 0.021875 0.01953125
0 0.5296875 0.596875 0.02578125 0.02109375
0 0.54453125 0.56953125 0.02421875 0.0203125
0 0.54921875 0.584375 0.021875 0.01875
0 0.6890625 0.5703125 0.021875 0.0234375
0 0.7046875 0.58671875 0.0234375 0.02265625
0 0.6765625 0.58828125 0.02421875 0.02421875
0 0.6921875 0.621875 0.0265625 0.02421875
0 0.4046875 0.5375 0.02109375 0.025
0 0.39609375 0.4265625 0.01953125 0.021875
0 0.41953125 0.43359375 0.0234375 0.02265625
0 0.371875 0.421875 0.0234375 0.02265625
0 0.39453125 0.4484375 0.021875 0.02265625
0 0.34921875 0.43984375 0.02109375 0.021875
0 0.3390625 0.4125 0.0234375 0.02265625
0 0.32421875 0.42890625 0.02265625 0.01953125
0 0.3265625 0.45234375 0.021875 0.02265625
0 0.35 0.465625 0.02109375 0.0203125
0 0.271875 0.43828125 0.0203125 0.021875
0 0.27265625 0.4609375 0.02109375 0.01953125
0 0.2875 0.47421875 0.0234375 0.02421875
0 0.2546875 0.46640625 0.02265625 0.021875
0 0.25703125 0.48984375 0.02421875 0.025
0 0.225 0.45234375 0.0234375 0.0203125
0 0.22109375 0.47421875 0.02109375 0.0234375
0 0.19375 0.4875 0.02265625 0.02265625
0 0.21875 0.496875 0.0203125 0.01953125
0 0.39140625 0.60625 0.02265625 0.02109375
0 0.41171875 0.6 0.02109375 0.0203125
0 0.42734375 0.5875 0.02109375 0.0203125
0 0.4421875 0.6046875 0.02421875 0.021875
0 0.39609375 0.58671875 0.0203125 0.01953125
0 0.37265625 0.546875 0.021875 0.01953125
0 0.39609375 0.559375 0.0234375 0.0203125
0 0.33203125 0.55625 0.02109375 0.02421875
0 0.35234375 0.56171875 0.01953125 0.0203125
0 0.303125 0.57578125 0.015625 0.02265625
0 0.31875 0.57890625 0.015625 0.02109375
0 0.33828125 0.58125 0.01953125 0.021875
0 0.27890625 0.58046875 0.0234375 0.02421875
0 0.24765625 0.5828125 0.02578125 0.02421875
0 0.26015625 0.6 0.0203125 0.02109375
0 0.3015625 0.60859375 0.01953125 0.021875
0 0.309375 0.63125 0.0203125 0.02109375
0 0.28046875 0.6078125 0.01875 0.02109375
0 0.30546875 0.64921875 0.01875 0.02265625
0 0.31875 0.6671875 0.01953125 0.021875
0 0.33984375 0.6625 0.02265625 0.02421875
0 0.2921875 0.690625 0.021875 0.02421875
0 0.1828125 0.51796875 0.01953125 0.0234375
0 0.15 0.51875 0.01875 0.0203125
0 0.20390625 0.61640625 0.02265625 0.0234375
0 0.10234375 0.53515625 0.021875 0.0203125
0 0.1359375 0.61328125 0.02109375 0.021875
0 0.15390625 0.69140625 0.01953125 0.01875
0 0.1828125 0.7 0.021875 0.021875
0 0.1484375 0.67265625 0.021875 0.021875
0 0.17265625 0.7171875 0.01953125 0.02109375
0 0.3546875 0.7484375 0.0203125 0.0234375
0 0.36953125 0.72734375 0.0234375 0.02421875
0 0.4171875 0.73671875 0.02265625 0.02109375
0 0.4296875 0.7046875 0.02109375 0.02265625
0 0.440625 0.73046875 0.021875 0.02421875