0 0.6109375 0.3703125 0.015625 0.01875
0 0.60546875 0.35 0.01796875 0.02265625
0 0.6234375 0.35078125 0.01640625 0.02109375
0 0.62734375 0.3703125 0.015625 0.01796875
0 0.63984375 0.3625 0.0140625 0.01875
0 0.6328125 0.38828125 0.01640625 0.01796875
0 0.64765625 0.38125 0.015625 0.01875
0 0.64609375 0.4015625 0.01484375 0.01953125
0 0.6609375 0.41328125 0.01484375 0.01796875
0 0.6484375 0.4234375 0.015625 0.01875
0 0.63046875 0.40625 0.015625 0.01796875
0 0.6015625 0.38984375 0.0171875 0.01640625
0 0.61796875 0.3890625 0.01640625 0.01796875
0 0.584375 0.3859375 0.0171875 0.01953125
0 0.5953125 0.371875 0.01640625 0.0203125
0 0.58828125 0.32890625 0.01796875 0.01875
0 0.58828125 0.34921875 0.0171875 0.01953125
0 0.55078125 0.321875 0.01796875 0.01953125
0 0.56953125 0.32265625 0.0171875 0.02109375
0 0.54765625 0.34375 0.01640625 0.021875
0 0.57109375 0.34375 0.0171875 0.01953125
0 0.56171875 0.35703125 0.01640625 0.01953125
0 0.57734375 0.36484375 0.01640625 0.01796875
0 0.565625 0.37734375 0.015625 0.0203125
0 0.56484375 0.4 0.015625 0.01875
0 0.58046875 0.40546875 0.01484375 0.0203125
0 0.5953125 0.40859375 0.015625 0.01875
0 0.61171875 0.4078125 0.01484375 0.01953125
0 0.62265625 0.42265625 0.0171875 0.01796875
0 0.63203125 0.43984375 0.015625 0.0203125
0 0.64921875 0.44296875 0.01640625 0.01796875
0 0.6703125 0.43671875 0.01640625 0.01953125
0 0.53046875 0.33984375 0.01796875 0.02109375
0 0.5328125 0.3609375 0.01640625 0.0203125
0 0.54921875 0.36953125 0.01640625 0.0203125
0 0.54921875 0.3890625 0.0171875 0.01953125
0 0.55234375 0.409375 0.0171875 0.021875
0 0.56953125 0.41953125 0.01640625 0.01953125
0 0.58671875 0.42578125 0.0171875 0.02109375
0 0.60546875 0.42734375 0.01640625 0.01953125
0 0.596875 0.4421875 0.01796875 0.01953125
0 0.61640625 0.44140625 0.01640625 0.01796875
0 0.6265625 0.46015625 0.01640625 0.02109375
0 0.64609375 0.46328125 0.0171875 0.02109375
0 0.50859375 0.33203125 0.01875 0.021875
0 0.51640625 0.35234375 0.0171875 0.01953125
0 0.51328125 0.371875 0.0171875 0.02109375
0 0.53125 0.38046875 0.01796875 0.01953125
0 0.5171875 0.3921875 0.01640625 0.01953125
0 0.53515625 0.4 0.01875 0.0203125
0 0.52421875 0.4125 0.0171875 0.02109375
0 0.53984375 0.42109375 0.01640625 0.01953125
0 0.55859375 0.4328125 0.0171875 0.0203125
0 0.57421875 0.43984375 0.015625 0.0203125
0 0.58515625 0.4546875 0.0171875 0.01875
0 0.60859375 0.4578125 0.01640625 0.01875
0 0.5984375 0.46875 0.01875 0.01953125
0 0.6125 0.4765625 0.01484375 0.01953125
0 0.62578125 0.4890625 0.01640625 0.0203125
0 0.64140625 0.484375 0.01640625 0.0203125
0 0.6484375 0.50546875 0.01640625 0.02109375
0 0.4953125 0.353125 0.01953125 0.021875
0 0.50078125 0.3828125 0.0171875 0.02109375
0 0.50625 0.40390625 0.01796875 0.01953125
0 0.51015625 0.425 0.0171875 0.021875
0 0.5265625 0.43359375 0.01796875 0.0203125
0 0.5421875 0.4421875 0.0171875 0.021875
0 0.56015625 0.45546875 0.01796875 0.0203125
0 0.57421875 0.46875 0.01640625 0.01953125
0 0.5890625 0.48359375 0.01796875 0.02265625
0 0.60546875 0.496875 0.0171875 0.02265625
0 0.49296875 0.4328125 0.01796875 0.02265625
0 0.51015625 0.446875 0.01796875 0.02109375
0 0.528125 0.4546875 0.01796875 0.02109375
0 0.54296875 0.46796875 0.01640625 0.02109375
0 0.559375 0.4765625 0.0171875 0.02109375
0 0.57421875 0.4890625 0.01640625 0.02109375
0 0.5875 0.5078125 0.0171875 0.021875
0 0.4828125 0.3875 0.0203125 0.021875
0 0.48828125 0.41015625 0.01953125 0.021875
0 0.4796875 0.3640625 0.0203125 0.02421875
0 0.4578125 0.34296875 0.01953125 0.02265625
0 0.4375 0.35 0.021875 0.02421875
0 0.45859375 0.371875 0.02109375 0.02265625
0 0.459375 0.3984375 0.02109375 0.021875
0 0.45859375 0.41953125 0.0203125 0.0203125
0 0.47578125 0.4359375 0.01796875 0.02265625
0 0.49453125 0.45625 0.01953125 0.0234375
0 0.51015625 0.46796875 0.0171875 0.01953125
0 0.528125 0.4765625 0.01953125 0.021875
0 0.54375 0.49140625 0.01953125 0.02265625
0 0.5609375 0.496875 0.01484375 0.01953125
0 0.56953125 0.5140625 0.01953125 0.01953125
0 0.575 0.534375 0.02109375 0.0234375
0 0.4203125 0.41171875 0.0234375 0.02578125
0 0.45234375 0.46484375 0.02265625 0.025
0 0.478125 0.48203125 0.0234375 0.0234375
0 0.24296875 0.4265625 0.02734375 0.028125
0 0.2984375 0.48984375 0.0265625 0.02578125