0 0.78125 0.11640625 0.040625 0.0359375
0 0.74609375 0.01171875 0.0421875 0.0234375
0 0.73984375 0.090625 0.0390625 0.040625
0 0.70703125 0.10078125 0.034375 0.034375
0 0.68359375 0.06484375 0.0375 0.040625
0 0.734375 0.19921875 0.0375 0.0375
0 0.70625 0.22265625 0.0375 0.0359375
0 0.690625 0.1875 0.034375 0.0375
0 0.659375 0.1953125 0.0375 0.0375
0 0.6625 0.12734375 0.040625 0.034375
0 0.63046875 0.15546875 0.0328125 0.034375
0 0.61015625 0.128125 0.0375 0.034375
0 0.56796875 0.0953125 0.0375 0.0375
0 0.596875 0.18515625 0.0375 0.0390625
0 0.56328125 0.16328125 0.0375 0.034375
0 0.51171875 0.15859375 0.040625 0.034375
0 0.7703125 0.275 0.0375 0.0390625
0 0.73671875 0.3 0.034375 0.034375
0 0.7578125 0.37890625 0.040625 0.034375
0 0.696875 0.31953125 0.0390625 0.0375
0 0.71328125 0.38515625 0.0375 0.0375
0 0.73203125 0.4453125 0.0375 0.0328125
0 0.70078125 0.43203125 0.040625 0.034375
0 0.67578125 0.5890625 0.0375 0.0375
0 0.58203125 0.5515625 0.040625 0.0390625
0 0.51171875 0.790625 0.0375 0.0375
0 0.5015625 0.6234375 0.0390625 0.0375
0 0.50625 0.58828125 0.0390625 0.034375
0 0.53046875 0.5671875 0.0359375 0.034375
0 0.5328125 0.53203125 0.0375 0.0375
0 0.56015625 0.50078125 0.0359375 0.034375
0 0.215625 0.090625 0.0390625 0.0375
0 0.66953125 0.4 0.0375 0.0359375
0 0.61640625 0.425 0.0375 0.0375
0 0.584375 0.40390625 0.034375 0.03125
0 0.58828125 0.371875 0.0359375 0.0375
0 0.62578125 0.37734375 0.0359375 0.0390625
0 0.65703125 0.3515625 0.034375 0.034375
0 0.62734375 0.32734375 0.0359375 0.0375
0 0.5984375 0.3140625 0.034375 0.034375
0 0.57109375 0.2875 0.0375 0.0375
0 0.5375 0.2484375 0.0375 0.0375
0 0.5640625 0.328125 0.0359375 0.0359375
0 0.55390625 0.390625 0.034375 0.034375
0 0.58515625 0.4359375 0.034375 0.034375
0 0.5546875 0.425 0.034375 0.0375
0 0.51953125 0.45546875 0.034375 0.0359375
0 0.49765625 0.4296875 0.034375 0.034375
0 0.52421875 0.4109375 0.0328125 0.034375
0 0.51953125 0.37421875 0.0328125 0.034375
0 0.51796875 0.33203125 0.0390625 0.034375
0 0.484375 0.3984375 0.034375 0.03125
0 0.4875 0.365625 0.034375 0.034375
0 0.45546875 0.36796875 0.034375 0.034375
0 0.46875 0.321875 0.034375 0.0359375
0 0.46484375 0.2859375 0.040625 0.034375
0 0.45703125 0.23671875 0.0375 0.0375
0 0.4375 0.334375 0.034375 0.0328125
0 0.43359375 0.3015625 0.0375 0.0328125
0 0.4390625 0.3984375 0.034375 0.034375
0 0.46171875 0.43515625 0.0359375 0.0328125
0 0.46171875 0.48828125 0.034375 0.0359375
0 0.44296875 0.459375 0.0359375 0.034375
0 0.478125 0.55390625 0.0359375 0.0359375
0 0.45 0.58984375 0.040625 0.0375
0 0.4328125 0.534375 0.0375 0.034375
0 0.40625 0.48515625 0.034375 0.0375
0 0.375 0.46875 0.0375 0.034375
0 0.38515625 0.4359375 0.040625 0.034375
0 0.390625 0.396875 0.0375 0.0359375
0 0.35390625 0.415625 0.034375 0.034375
0 0.38125 0.359375 0.0375 0.034375
0 0.39296875 0.32421875 0.0359375 0.034375
0 0.3671875 0.29765625 0.040625 0.0375
0 0.3265625 0.3203125 0.040625 0.0375
0 0.33359375 0.371875 0.040625 0.0375
0 0.3109375 0.4 0.0375 0.040625
0 0.27421875 0.41484375 0.034375 0.0375
0 0.2671875 0.375 0.034375 0.0359375
0 0.23203125 0.36640625 0.040625 0.0359375
0 0.325 0.478125 0.0375 0.034375
0 0.28984375 0.4640625 0.034375 0.034375
0 0.36171875 0.5484375 0.034375 0.040625
0 0.33828125 0.5125 0.034375 0.034375
0 0.32734375 0.5484375 0.034375 0.0375
0 0.23828125 0.94453125 0.04375 0.040625
0 0.4265625 0.6671875 0.040625 0.0375
0 0.4328125 0.74609375 0.0390625 0.04375
0 0.4265625 0.82734375 0.0359375 0.0359375
0 0.375 0.8921875 0.0359375 0.0375
0 0.32421875 0.78984375 0.0375 0.0390625
0 0.4015625 0.6 0.0359375 0.040625
0 0.3546875 0.64296875 0.034375 0.04375
0 0.31484375 0.6546875 0.0359375 0.034375
0 0.2828125 0.61640625 0.040625 0.0375
0 0.29765625 0.528125 0.0375 0.034375
0 0.2703125 0.54765625 0.0375 0.034375
0 0.265625 0.50859375 0.0390625 0.034375
0 0.21953125 0.51875 0.0375 0.034375
0 0.0875 0.57421875 0.0390625 0.0375