0 0.80859375 0.2484375 0.05 0.0421875
0 0.84140625 0.4171875 0.04140625 0.03125
0 0.728125 0.27734375 0.0484375 0.0390625
0 0.78046875 0.2953125 0.046875 0.0390625
0 0.79765625 0.40546875 0.03984375 0.034375
0 0.8484375 0.3828125 0.0421875 0.03671875
0 0.77890625 0.34765625 0.040625 0.0359375
0 0.71015625 0.34921875 0.0453125 0.0359375
0 0.7828125 0.44140625 0.04296875 0.03359375
0 0.596875 0.3078125 0.04765625 0.0390625
0 0.64296875 0.315625 0.04609375 0.0328125
0 0.6609375 0.35 0.04375 0.0328125
0 0.73125 0.46328125 0.04140625 0.0296875
0 0.596875 0.346875 0.03984375 0.03359375
0 0.7265625 0.4953125 0.03203125 0.034375
0 0.5421875 0.33125 0.0453125 0.0359375
0 0.70390625 0.5046875 0.0375 0.03203125
0 0.5 0.3515625 0.0453125 0.03515625
0 0.6828125 0.47265625 0.0421875 0.03203125
0 0.55625 0.36796875 0.046875 0.03359375
0 0.6703125 0.51796875 0.03359375 0.03046875
0 0.79453125 0.53046875 0.04453125 0.03515625
0 0.62578125 0.51953125 0.04140625 0.03046875
0 0.6359375 0.46171875 0.046875 0.0296875
0 0.47421875 0.37734375 0.04296875 0.03359375
0 0.515625 0.38828125 0.0421875 0.0328125
0 0.43125 0.396875 0.04296875 0.03203125
0 0.4765625 0.4109375 0.04296875 0.03125
0 0.39453125 0.36640625 0.0484375 0.0359375
0 0.4625 0.334375 0.05 0.034375
0 0.37734375 0.40390625 0.046875 0.0296875
0 0.41640625 0.4265625 0.04375 0.03125
0 0.45390625 0.44140625 0.04296875 0.02734375
0 0.49140625 0.459375 0.04375 0.0296875
0 0.5296875 0.48203125 0.0421875 0.03046875
0 0.3765625 0.43828125 0.046875 0.0296875
0 0.4125 0.45859375 0.03984375 0.03046875
0 0.43984375 0.48046875 0.03984375 0.03125
0 0.47734375 0.49375 0.0359375 0.03125
0 0.35078125 0.46875 0.04140625 0.03125
0 0.38125 0.49453125 0.0421875 0.0296875
0 0.42265625 0.51015625 0.04375 0.0328125
0 0.4078125 0.5484375 0.0390625 0.03359375
0 0.46015625 0.534375 0.04453125 0.0328125
0 0.50625 0.51640625 0.03984375 0.03125
0 0.58203125 0.5359375 0.04296875 0.02734375
0 0.615625 0.55546875 0.0375 0.028125
0 0.6578125 0.5515625 0.0375 0.0328125
0 0.69140625 0.56484375 0.04140625 0.028125
0 0.35546875 0.59453125 0.040625 0.0296875
0 0.3515625 0.5640625 0.04140625 0.0296875
0 0.3734375 0.53203125 0.03671875 0.03203125
0 0.3359375 0.5171875 0.0359375 0.03125
0 0.30859375 0.48671875 0.04296875 0.03203125
0 0.315625 0.54296875 0.03984375 0.0296875
0 0.28046875 0.5140625 0.04375 0.0328125
0 0.30546875 0.5734375 0.0390625 0.0296875
0 0.22421875 0.47109375 0.046875 0.034375
0 0.16015625 0.53125 0.0453125 0.034375
0 0.66796875 0.6078125 0.0375 0.03046875
0 0.5390625 0.6859375 0.0234375 0.028125
0 0.57734375 0.64765625 0.03359375 0.02265625
0 0.5953125 0.66796875 0.03671875 0.025
0 0.6296875 0.61796875 0.03671875 0.02734375
0 0.5078125 0.68359375 0.0359375 0.03125
0 0.60078125 0.6359375 0.034375 0.025
0 0.48515625 0.69765625 0.02421875 0.02890625
0 0.53203125 0.6578125 0.03828125 0.02421875
0 0.471875 0.66484375 0.03828125 0.0296875
0 0.49609375 0.62265625 0.03359375 0.03046875
0 0.53046875 0.6296875 0.03515625 0.028125
0 0.4609375 0.69296875 0.028125 0.03359375
0 0.41484375 0.6703125 0.0328125 0.0296875
0 0.43359375 0.69765625 0.03515625 0.0296875
0 0.37578125 0.67578125 0.04140625 0.02890625
0 0.359375 0.64609375 0.0390625 0.03046875
0 0.26875 0.590625 0.04765625 0.03359375
0 0.32578125 0.621875 0.04453125 0.0296875
0 0.1578125 0.59765625 0.04140625 0.03046875
0 0.0984375 0.5546875 0.04453125 0.03359375
0 0.15703125 0.6296875 0.04140625 0.02890625
0 0.35234375 0.690625 0.025 0.0296875
0 0.30859375 0.65625 0.040625 0.02890625
0 0.3265625 0.69453125 0.03203125 0.02734375
0 0.16015625 0.71796875 0.0375 0.02890625
0 0.21171875 0.746875 0.040625 0.0296875
0 0.2984375 0.728125 0.03828125 0.02578125
0 0.3109375 0.75078125 0.03984375 0.0234375
0 0.340625 0.7296875 0.03984375 0.03125
0 0.3796875 0.72109375 0.0390625 0.03046875
0 0.31875 0.78046875 0.0390625 0.0265625
0 0.265625 0.79453125 0.03828125 0.03046875
0 0.31796875 0.8125 0.04140625 0.025
0 0.36953125 0.83046875 0.04140625 0.02734375
0 0.4515625 0.73359375 0.0421875 0.02890625
0 0.53984375 0.74765625 0.03359375 0.02890625
0 0.58515625 0.75 0.0390625 0.03046875
0 0.6875 0.71171875 0.04296875 0.025
0 0.715625 0.7859375 0.040625 0.02890625