0 0.2828125 0.359375 0.0234375 0.021875
0 0.37890625 0.353125 0.021875 0.0234375
0 0.2703125 0.41796875 0.021875 0.0234375
0 0.309375 0.4203125 0.021875 0.021875
0 0.3375 0.4234375 0.021875 0.021875
0 0.2921875 0.4734375 0.021875 0.021875
0 0.3671875 0.45234375 0.021875 0.0203125
0 0.34140625 0.4921875 0.021875 0.021875
0 0.36484375 0.49453125 0.021875 0.021875
0 0.38203125 0.47578125 0.021875 0.021875
0 0.39609375 0.4484375 0.0203125 0.0234375
0 0.41484375 0.4453125 0.021875 0.0234375
0 0.38359375 0.503125 0.021875 0.021875
0 0.3953125 0.5171875 0.0203125 0.0203125
0 0.4125 0.52734375 0.0203125 0.0203125
0 0.39765625 0.5375 0.0203125 0.021875
0 0.38125 0.55546875 0.0203125 0.021875
0 0.4046875 0.55703125 0.021875 0.021875
0 0.41953125 0.54453125 0.01875 0.021875
0 0.39140625 0.5765625 0.021875 0.021875
0 0.36640625 0.5890625 0.0203125 0.021875
0 0.38359375 0.596875 0.021875 0.021875
0 0.4 0.60234375 0.021875 0.021875
0 0.36328125 0.609375 0.021875 0.021875
0 0.41640625 0.58515625 0.021875 0.0234375
0 0.43125 0.590625 0.021875 0.021875
0 0.41953125 0.6125 0.021875 0.021875
0 0.38125 0.653125 0.021875 0.0234375
0 0.3609375 0.66484375 0.021875 0.021875
0 0.346875 0.67734375 0.021875 0.0234375
0 0.40078125 0.73984375 0.021875 0.021875
0 0.41953125 0.2734375 0.021875 0.025
0 0.38203125 0.24765625 0.021875 0.0234375
0 0.37734375 0.228125 0.0203125 0.0234375
0 0.3953125 0.2 0.021875 0.0234375
0 0.40390625 0.1875 0.021875 0.0234375
0 0.40546875 0.16875 0.021875 0.0234375
0 0.4265625 0.15 0.021875 0.025
0 0.44765625 0.16328125 0.0203125 0.0234375
0 0.4828125 0.1515625 0.0234375 0.0234375
0 0.4296875 0.2125 0.021875 0.0234375
0 0.49609375 0.209375 0.021875 0.021875
0 0.53359375 0.18046875 0.021875 0.025
0 0.48984375 0.225 0.021875 0.0234375
0 0.503125 0.4046875 0.021875 0.0234375
0 0.51953125 0.42890625 0.021875 0.021875
0 0.5359375 0.428125 0.021875 0.025
0 0.51171875 0.4515625 0.021875 0.021875
0 0.53046875 0.45078125 0.01875 0.0234375
0 0.5484375 0.45390625 0.021875 0.0234375
0 0.47734375 0.478125 0.021875 0.0234375
0 0.4953125 0.52265625 0.021875 0.021875
0 0.48671875 0.53828125 0.021875 0.021875
0 0.46640625 0.540625 0.021875 0.0234375
0 0.45546875 0.55546875 0.0203125 0.021875
0 0.43828125 0.5625 0.021875 0.021875
0 0.471875 0.5671875 0.0203125 0.021875
0 0.45625 0.58359375 0.021875 0.021875
0 0.47890625 0.58515625 0.021875 0.021875
0 0.4609375 0.6015625 0.021875 0.0234375
0 0.44375 0.615625 0.021875 0.021875
0 0.43671875 0.659375 0.021875 0.025
0 0.45859375 0.65546875 0.021875 0.021875
0 0.4734375 0.64453125 0.021875 0.0234375
0 0.48203125 0.62265625 0.021875 0.0234375
0 0.49453125 0.64609375 0.021875 0.025
0 0.48984375 0.66796875 0.021875 0.0234375
0 0.47578125 0.67890625 0.021875 0.021875
0 0.48515625 0.709375 0.021875 0.025
0 0.52890625 0.690625 0.0234375 0.025
0 0.55625 0.73671875 0.021875 0.025
0 0.52578125 0.646875 0.021875 0.0234375
0 0.49609375 0.60078125 0.021875 0.021875
0 0.51328125 0.60390625 0.0203125 0.021875
0 0.5296875 0.61328125 0.021875 0.021875
0 0.5109375 0.565625 0.021875 0.021875
0 0.49296875 0.56328125 0.0203125 0.0203125
0 0.5171875 0.534375 0.021875 0.021875
0 0.5296875 0.55 0.0203125 0.0203125
0 0.53125 0.5828125 0.0203125 0.0203125
0 0.5484375 0.5828125 0.0203125 0.0203125
0 0.55625 0.6 0.0234375 0.021875
0 0.55078125 0.63359375 0.021875 0.021875
0 0.54453125 0.659375 0.0203125 0.0203125
0 0.56640625 0.66953125 0.021875 0.021875
0 0.571875 0.64765625 0.0203125 0.0203125
0 0.58828125 0.640625 0.021875 0.021875
0 0.5703125 0.625 0.021875 0.021875
0 0.584375 0.61328125 0.021875 0.021875
0 0.5984375 0.62421875 0.0234375 0.021875
0 0.615625 0.63671875 0.021875 0.021875
0 0.6046875 0.64921875 0.021875 0.021875
0 0.58671875 0.6609375 0.021875 0.025
0 0.609375 0.66953125 0.021875 0.021875
0 0.6234375 0.653125 0.021875 0.021875
0 0.63515625 0.63671875 0.0203125 0.021875
0 0.64765625 0.65234375 0.021875 0.021875
0 0.63984375 0.66796875 0.021875 0.021875
0 0.66640625 0.65078125 0.021875 0.021875
0 0.6796875 0.665625 0.021875 0.025
0 0.67265625 0.63046875 0.021875 0.021875
0 0.6921875 0.62578125 0.021875 0.021875
0 0.7109375 0.63671875 0.021875 0.021875
0 0.728125 0.628125 0.021875 0.021875
0 0.6671875 0.6125 0.021875 0.021875
0 0.68203125 0.59921875 0.021875 0.0234375
0 0.70859375 0.6015625 0.021875 0.021875
0 0.72109375 0.58359375 0.021875 0.0234375
0 0.73359375 0.6 0.021875 0.025
0 0.6421875 0.61875 0.021875 0.0234375
0 0.65546875 0.596875 0.021875 0.021875
0 0.63203125 0.5984375 0.021875 0.021875
0 0.61484375 0.61328125 0.0203125 0.0203125
0 0.59921875 0.60234375 0.021875 0.021875
0 0.61484375 0.58984375 0.021875 0.021875
0 0.6390625 0.5765625 0.021875 0.021875
0 0.61171875 0.57109375 0.021875 0.021875
0 0.5921875 0.57890625 0.021875 0.021875
0 0.57578125 0.5921875 0.021875 0.021875
0 0.5703125 0.57578125 0.021875 0.021875
0 0.58203125 0.56171875 0.0203125 0.021875
0 0.596875 0.5515625 0.021875 0.021875
0 0.5640625 0.55703125 0.021875 0.021875
0 0.56328125 0.5375 0.0234375 0.0234375
0 0.60234375 0.5296875 0.021875 0.021875
0 0.621875 0.52109375 0.021875 0.021875
0 0.63984375 0.5140625 0.021875 0.021875
0 0.61953125 0.50390625 0.021875 0.0203125
0 0.63515625 0.496875 0.01875 0.021875
0 0.60859375 0.4890625 0.021875 0.0203125
0 0.58515625 0.50390625 0.021875 0.021875
0 0.56328125 0.5015625 0.021875 0.021875
0 0.59140625 0.4828125 0.021875 0.021875
0 0.575 0.46484375 0.021875 0.021875
0 0.59375 0.46328125 0.021875 0.021875
0 0.61015625 0.47109375 0.021875 0.021875
0 0.6 0.4453125 0.0234375 0.021875
0 0.61640625 0.4546875 0.021875 0.021875
0 0.63125 0.4625 0.0203125 0.0203125
0 0.6359375 0.4796875 0.021875 0.021875
0 0.6375 0.4453125 0.01875 0.021875
0 0.57734375 0.43046875 0.021875 0.021875
0 0.628125 0.5546875 0.021875 0.021875
0 0.6546875 0.6359375 0.021875 0.021875
0 0.6671875 0.51875 0.021875 0.021875
0 0.66015625 0.4796875 0.021875 0.021875
0 0.6890625 0.47421875 0.021875 0.021875
0 0.6546875 0.45546875 0.021875 0.0234375
0 0.6734375 0.4546875 0.021875 0.021875
0 0.6921875 0.45546875 0.021875 0.021875
0 0.6578125 0.4359375 0.0203125 0.0203125
0 0.67421875 0.43203125 0.0203125 0.0234375
0 0.69140625 0.4375 0.021875 0.021875
0 0.70546875 0.42265625 0.021875 0.025
0 0.68671875 0.40703125 0.021875 0.021875
0 0.6671875 0.40703125 0.021875 0.021875
0 0.64296875 0.41796875 0.021875 0.021875
0 0.6484375 0.39609375 0.01875 0.021875
0 0.63046875 0.39765625 0.021875 0.0234375
0 0.6453125 0.375 0.021875 0.021875
0 0.6203125 0.3234375 0.021875 0.021875
0 0.7578125 0.396875 0.0234375 0.0234375
0 0.8203125 0.396875 0.0234375 0.021875
0 0.865625 0.41015625 0.021875 0.021875
0 0.82421875 0.43046875 0.021875 0.021875
0 0.83984375 0.44296875 0.025 0.021875
0 0.78515625 0.43671875 0.021875 0.021875
0 0.78515625 0.45625 0.021875 0.021875
0 0.803125 0.45625 0.021875 0.021875
0 0.7765625 0.4765625 0.021875 0.021875
0 0.79921875 0.48359375 0.021875 0.0234375
0 0.784375 0.49375 0.0234375 0.021875
0 0.76796875 0.5125 0.021875 0.021875
0 0.74921875 0.528125 0.021875 0.021875
0 0.75625 0.5484375 0.021875 0.0234375
0 0.80625 0.51875 0.021875 0.0234375
0 0.840625 0.5109375 0.021875 0.021875
0 0.83984375 0.4890625 0.021875 0.021875
0 0.759375 0.5984375 0.021875 0.0234375
0 0.8484375 0.5953125 0.025 0.025
0 0.92109375 0.6484375 0.025 0.0234375