0 0.06640625 0.65234375 0.0234375 0.01875
0 0.0875 0.65390625 0.02265625 0.01953125
0 0.053125 0.6375 0.02421875 0.01875
0 0.09453125 0.6296875 0.02421875 0.02109375
0 0.0546875 0.61796875 0.021875 0.01953125
0 0.075 0.61875 0.0203125 0.0203125
0 0.0390625 0.6015625 0.02578125 0.021875
0 0.09375 0.60859375 0.0265625 0.02265625
0 0.03046875 0.57578125 0.02421875 0.02109375
0 0.0453125 0.55859375 0.02578125 0.01953125
0 0.0578125 0.5265625 0.025 0.0203125
0 0.0515625 0.49921875 0.02421875 0.025
0 0.0859375 0.56328125 0.0234375 0.021875
0 0.109375 0.55546875 0.025 0.0203125
0 0.12578125 0.5734375 0.0234375 0.0203125
0 0.13984375 0.5609375 0.02109375 0.0203125
0 0.128125 0.5421875 0.025 0.01953125
0 0.18203125 0.5703125 0.02421875 0.021875
0 0.20625 0.56953125 0.025 0.02421875
0 0.1640625 0.55703125 0.02265625 0.01953125
0 0.19453125 0.5515625 0.02265625 0.01953125
0 0.15234375 0.5390625 0.02109375 0.01875
0 0.17734375 0.5375 0.02109375 0.02109375
0 0.1390625 0.525 0.021875 0.02109375
0 0.2171875 0.5390625 0.025 0.02265625
0 0.19609375 0.52890625 0.02421875 0.0203125
0 0.16328125 0.52109375 0.02421875 0.01875
0 0.18125 0.50859375 0.02734375 0.0203125
0 0.14296875 0.4890625 0.025 0.0234375
0 0.20234375 0.490625 0.02890625 0.02109375
0 0.20859375 0.5109375 0.02734375 0.01953125
0 0.23203125 0.51484375 0.02578125 0.0203125
0 0.25546875 0.5203125 0.03046875 0.02421875
0 0.26484375 0.5015625 0.02578125 0.02109375
0 0.24140625 0.4953125 0.028125 0.021875
0 0.25546875 0.4796875 0.025 0.021875
0 0.2484375 0.45859375 0.02890625 0.01875
0 0.27578125 0.4671875 0.02734375 0.0203125
0 0.284375 0.4875 0.02734375 0.021875
0 0.2875 0.51328125 0.028125 0.02109375
0 0.32734375 0.50859375 0.02734375 0.021875
0 0.30546875 0.49765625 0.02734375 0.0203125
0 0.3015625 0.47421875 0.02578125 0.0203125
0 0.32421875 0.48515625 0.02578125 0.02109375
0 0.30546875 0.45234375 0.03046875 0.0234375
0 0.33203125 0.45 0.028125 0.021875
0 0.340625 0.4703125 0.03046875 0.0203125
0 0.346875 0.49453125 0.02890625 0.02421875
0 0.3765625 0.48046875 0.02734375 0.0203125
0 0.2515625 0.57109375 0.028125 0.02265625
0 0.384375 0.55859375 0.03046875 0.02265625
0 0.5015625 0.47265625 0.03203125 0.02578125
0 0.41875 0.459375 0.0265625 0.02421875
0 0.4484375 0.46171875 0.0296875 0.025
0 0.47421875 0.45703125 0.03046875 0.02265625
0 0.5015625 0.45 0.03203125 0.021875
0 0.53046875 0.46640625 0.03359375 0.0265625
0 0.3921875 0.46015625 0.02890625 0.02421875
0 0.36796875 0.44296875 0.0234375 0.0234375
0 0.33046875 0.43046875 0.03125 0.02265625
0 0.3 0.39765625 0.02265625 0.01796875
0 0.31875 0.4078125 0.02890625 0.02265625
0 0.39921875 0.434375 0.0265625 0.02578125
0 0.43359375 0.4375 0.025 0.01796875
0 0.46875 0.4234375 0.01875 0.02265625
0 0.43828125 0.4109375 0.02265625 0.01875
0 0.44921875 0.4265625 0.02265625 0.02421875
0 0.41328125 0.40703125 0.0296875 0.02265625
0 0.4234375 0.42421875 0.02265625 0.01875
0 0.4875 0.42734375 0.02421875 0.02578125
0 0.51640625 0.42265625 0.02734375 0.025
0 0.4875 0.40546875 0.02421875 0.02421875
0 0.4578125 0.4 0.03046875 0.02109375
0 0.49921875 0.39296875 0.03203125 0.02109375
0 0.64765625 0.3609375 0.028125 0.0265625
0 0.66875 0.38515625 0.0328125 0.028125
0 0.62890625 0.38828125 0.03046875 0.0265625
0 0.6125 0.40234375 0.01640625 0.02421875
0 0.59453125 0.40625 0.0296875 0.02578125
0 0.57578125 0.38984375 0.02578125 0.02265625
0 0.5921875 0.3703125 0.028125 0.025
0 0.6171875 0.35703125 0.03828125 0.025
0 0.55078125 0.39609375 0.03359375 0.02421875
0 0.57265625 0.34921875 0.03203125 0.028125
0 0.52578125 0.38984375 0.0234375 0.02421875
0 0.55546875 0.3765625 0.028125 0.0203125
0 0.51328125 0.37578125 0.021875 0.0140625
0 0.459375 0.37421875 0.02578125 0.025
0 0.48671875 0.37109375 0.02734375 0.02578125
0 0.5140625 0.36171875 0.02578125 0.02109375
0 0.54296875 0.35078125 0.025 0.01328125
0 0.51015625 0.3234375 0.0265625 0.0265625
0 0.48515625 0.3375 0.025 0.02109375
0 0.5078125 0.34609375 0.0265625 0.0171875
0 0.5359375 0.3640625 0.02578125 0.02421875
0 0.48359375 0.31171875 0.0265625 0.0234375
0 0.4125 0.3640625 0.028125 0.02421875
0 0.38046875 0.3203125 0.0296875 0.0234375
0 0.36875 0.2609375 0.02890625 0.02421875