0 0.6 0.85625 0.0234375 0.0234375
0 0.55859375 0.859375 0.021875 0.0234375
0 0.57578125 0.79921875 0.021875 0.0234375
0 0.58828125 0.7546875 0.0234375 0.0234375
0 0.8609375 0.759375 0.028125 0.028125
0 0.871875 0.72734375 0.03125 0.0296875
0 0.69140625 0.73515625 0.025 0.0265625
0 0.71484375 0.7328125 0.0234375 0.0234375
0 0.715625 0.7109375 0.025 0.025
0 0.69609375 0.71015625 0.028125 0.028125
0 0.6984375 0.68828125 0.025 0.0265625
0 0.615625 0.70390625 0.0234375 0.0234375
0 0.746875 0.64609375 0.028125 0.028125
0 0.63125 0.64140625 0.025 0.0234375
0 0.66328125 0.6 0.025 0.025
0 0.62734375 0.62109375 0.0234375 0.0234375
0 0.69296875 0.59140625 0.025 0.0265625
0 0.784375 0.58984375 0.0265625 0.0265625
0 0.79296875 0.57734375 0.0265625 0.025
0 0.47578125 0.653125 0.0234375 0.025
0 0.5609375 0.59453125 0.0203125 0.0234375
0 0.5703125 0.57109375 0.0234375 0.021875
0 0.55234375 0.5625 0.0203125 0.0234375
0 0.5046875 0.58046875 0.021875 0.021875
0 0.48671875 0.5734375 0.0203125 0.021875
0 0.49375 0.55625 0.0203125 0.0234375
0 0.46875 0.54921875 0.0203125 0.0234375
0 0.484375 0.53828125 0.01875 0.021875
0 0.5109375 0.53125 0.0203125 0.021875
0 0.534375 0.52578125 0.0203125 0.021875
0 0.4875 0.5171875 0.0203125 0.021875
0 0.50390625 0.50703125 0.0203125 0.0234375
0 0.52109375 0.509375 0.0203125 0.0203125
0 0.54375 0.5015625 0.0203125 0.0234375
0 0.52890625 0.490625 0.01875 0.0203125
0 0.51171875 0.4859375 0.0171875 0.021875
0 0.5390625 0.4765625 0.0203125 0.0234375
0 0.49609375 0.48125 0.0203125 0.021875
0 0.51953125 0.46953125 0.021875 0.0234375
0 0.51484375 0.45234375 0.0203125 0.0203125
0 0.52265625 0.4375 0.021875 0.0234375
0 0.4921875 0.43984375 0.021875 0.0234375
0 0.3953125 0.74609375 0.0203125 0.0234375
0 0.4140625 0.67734375 0.0203125 0.021875
0 0.36953125 0.69609375 0.01875 0.0203125
0 0.34765625 0.696875 0.0171875 0.0203125
0 0.359375 0.68125 0.0171875 0.0203125
0 0.37578125 0.67890625 0.0203125 0.0203125
0 0.3421875 0.67578125 0.0171875 0.0203125
0 0.36484375 0.66328125 0.01875 0.0203125
0 0.3859375 0.6609375 0.01875 0.0203125
0 0.32109375 0.6390625 0.0203125 0.0203125
0 0.30078125 0.62109375 0.0171875 0.0203125
0 0.303125 0.60390625 0.0171875 0.0203125
0 0.315625 0.59765625 0.0171875 0.0203125
0 0.41484375 0.59609375 0.01875 0.0203125
0 0.40234375 0.58125 0.0203125 0.021875
0 0.38515625 0.56484375 0.01875 0.021875
0 0.42734375 0.51640625 0.0203125 0.0234375
0 0.44140625 0.5015625 0.0203125 0.021875
0 0.43828125 0.48046875 0.0203125 0.021875
0 0.425 0.465625 0.0203125 0.021875
0 0.434375 0.4515625 0.0203125 0.0234375
0 0.45390625 0.4484375 0.01875 0.0234375
0 0.42109375 0.4375 0.0203125 0.021875
0 0.3734375 0.50390625 0.0203125 0.021875
0 0.35625 0.471875 0.0203125 0.021875
0 0.38046875 0.4734375 0.0203125 0.021875
0 0.37734375 0.45390625 0.0203125 0.01875
0 0.3421875 0.4609375 0.0171875 0.021875
0 0.89375 0.47265625 0.03125 0.028125
0 0.809375 0.44296875 0.03125 0.028125
0 0.73359375 0.48046875 0.0265625 0.0265625
0 0.61328125 0.45859375 0.021875 0.025
0 0.59375 0.42734375 0.0234375 0.0234375
0 0.59375 0.45703125 0.0234375 0.0265625
0 0.55 0.40390625 0.0203125 0.0234375
0 0.56796875 0.396875 0.0234375 0.0234375
0 0.5546875 0.38359375 0.0203125 0.0234375
0 0.609375 0.36796875 0.0234375 0.0234375
0 0.57890625 0.36640625 0.0203125 0.0234375
0 0.52734375 0.3859375 0.0203125 0.021875
0 0.54140625 0.3765625 0.021875 0.025
0 0.55859375 0.3671875 0.0203125 0.0234375
0 0.5203125 0.36796875 0.0203125 0.021875
0 0.52578125 0.34921875 0.0203125 0.0234375
0 0.50390625 0.36640625 0.0203125 0.0234375
0 0.49140625 0.3484375 0.021875 0.0234375
0 0.50625 0.3359375 0.0203125 0.0234375
0 0.46953125 0.35390625 0.021875 0.0234375
0 0.4640625 0.33359375 0.0203125 0.0234375
0 0.4828125 0.3296875 0.0203125 0.021875
0 0.44765625 0.35390625 0.0203125 0.021875
0 0.42421875 0.35625 0.0234375 0.0234375
0 0.43828125 0.36875 0.0203125 0.0234375
0 0.37265625 0.37890625 0.0203125 0.0234375
0 0.36328125 0.35703125 0.0203125 0.021875
0 0.38125 0.34453125 0.0203125 0.0203125
0 0.40234375 0.3453125 0.0203125 0.0234375
0 0.3578125 0.3203125 0.0203125 0.0234375
0 0.3125 0.328125 0.0203125 0.0234375
0 0.2984375 0.30234375 0.01875 0.0234375
0 0.32734375 0.28359375 0.0203125 0.0234375
0 0.39375 0.27578125 0.0203125 0.0234375
0 0.390625 0.25546875 0.0203125 0.0203125
0 0.4078125 0.25625 0.0203125 0.021875
0 0.42734375 0.26796875 0.0203125 0.0234375
0 0.446875 0.2734375 0.0234375 0.0234375
0 0.43203125 0.240625 0.01875 0.0234375
0 0.44609375 0.2296875 0.0203125 0.0234375
0 0.5015625 0.2765625 0.0234375 0.0234375
0 0.50546875 0.2484375 0.028125 0.028125
0 0.3734375 0.24453125 0.0203125 0.0234375
0 0.35078125 0.234375 0.0203125 0.0234375
0 0.37734375 0.21953125 0.0203125 0.0234375
0 0.365625 0.2078125 0.01875 0.021875
0 0.35859375 0.19140625 0.0203125 0.0203125
0 0.35546875 0.16875 0.0234375 0.0234375
0 0.30234375 0.18203125 0.01875 0.0234375
0 0.446875 0.20078125 0.021875 0.025
0 0.4640625 0.19609375 0.021875 0.0265625
0 0.434375 0.1890625 0.021875 0.025
0 0.45078125 0.17109375 0.021875 0.0265625
0 0.4265625 0.171875 0.0203125 0.0234375
0 0.43828125 0.15703125 0.0203125 0.0234375
0 0.509375 0.178125 0.0234375 0.025
0 0.51484375 0.15078125 0.0234375 0.0234375
0 0.546875 0.10859375 0.0203125 0.0234375
0 0.5609375 0.10859375 0.01875 0.025
0 0.578125 0.1078125 0.025 0.0265625
0 0.665625 0.321875 0.0234375 0.025
0 0.65625 0.29765625 0.025 0.0234375
0 0.646875 0.28046875 0.0234375 0.0234375
0 0.6234375 0.28203125 0.0265625 0.0265625
0 0.6640625 0.22578125 0.0234375 0.0265625
0 0.64609375 0.2140625 0.021875 0.025
0 0.625 0.209375 0.025 0.0265625
0 0.68046875 0.18046875 0.0234375 0.025
0 0.6625 0.16953125 0.028125 0.028125
0 0.68203125 0.1203125 0.0265625 0.0265625
0 0.71640625 0.10546875 0.028125 0.028125
0 0.6921875 0.0984375 0.0265625 0.0265625
0 0.65859375 0.0953125 0.0265625 0.0265625
0 0.7359375 0.02265625 0.03125 0.034375