0 0.553125 0.55390625 0.0109375 0.015625
0 0.54453125 0.56015625 0.0109375 0.0140625
0 0.534375 0.5828125 0.0109375 0.0171875
0 0.521875 0.5828125 0.0109375 0.0140625
0 0.52109375 0.5984375 0.0125 0.015625
0 0.5140625 0.56171875 0.0125 0.0140625
0 0.50703125 0.571875 0.0109375 0.0171875
0 0.54609375 0.54609375 0.0109375 0.0140625
0 0.58203125 0.51171875 0.0125 0.0140625
0 0.55703125 0.5125 0.0125 0.0171875
0 0.540625 0.51484375 0.0109375 0.0140625
0 0.53203125 0.50625 0.0109375 0.0140625
0 0.5234375 0.5015625 0.0109375 0.0140625
0 0.51953125 0.49140625 0.0109375 0.0140625
0 0.515625 0.48046875 0.0109375 0.0125
0 0.53203125 0.4703125 0.0109375 0.0140625
0 0.5203125 0.46953125 0.0125 0.0140625
0 0.503125 0.4796875 0.0109375 0.0140625
0 0.49140625 0.49140625 0.0109375 0.0140625
0 0.48046875 0.49453125 0.0109375 0.0140625
0 0.49375 0.5484375 0.0125 0.0140625
0 0.46484375 0.5546875 0.0140625 0.0140625
0 0.44921875 0.5671875 0.0109375 0.0140625
0 0.45078125 0.60703125 0.0125 0.015625
0 0.5109375 0.3296875 0.0140625 0.0171875
0 0.4984375 0.32890625 0.0109375 0.0140625
0 0.478125 0.309375 0.0109375 0.0140625
0 0.484375 0.31796875 0.0109375 0.0140625
0 0.48046875 0.34296875 0.0109375 0.0140625
0 0.471875 0.35234375 0.0109375 0.0125
0 0.46171875 0.35703125 0.0109375 0.0140625
0 0.45859375 0.3421875 0.0109375 0.0140625
0 0.465625 0.31171875 0.0109375 0.0125
0 0.45546875 0.33203125 0.0109375 0.0125
0 0.4484375 0.3421875 0.0109375 0.0125
0 0.45625 0.31953125 0.009375 0.0140625
0 0.44765625 0.31875 0.0109375 0.0140625
0 0.4390625 0.325 0.0109375 0.0140625
0 0.43828125 0.33671875 0.0109375 0.0125
0 0.5234375 0.43046875 0.0109375 0.0171875
0 0.5125 0.42890625 0.0109375 0.0140625
0 0.49921875 0.41640625 0.0109375 0.0140625
0 0.49140625 0.4296875 0.0109375 0.0140625
0 0.496875 0.4390625 0.0109375 0.0140625
0 0.47578125 0.44921875 0.0109375 0.0140625
0 0.46328125 0.4640625 0.0109375 0.0140625
0 0.465625 0.4390625 0.0109375 0.0140625
0 0.46015625 0.45390625 0.0109375 0.0140625
0 0.4859375 0.3859375 0.009375 0.0140625
0 0.48984375 0.37421875 0.009375 0.0140625
0 0.50078125 0.37734375 0.0109375 0.0140625
0 0.48125 0.375 0.0109375 0.0140625
0 0.47578125 0.38671875 0.009375 0.0125
0 0.46640625 0.39453125 0.0109375 0.0125
0 0.46875 0.3875 0.0109375 0.0109375
0 0.45703125 0.40234375 0.0109375 0.0140625
0 0.43671875 0.37109375 0.0109375 0.0140625
0 0.44140625 0.38125 0.0109375 0.0140625
0 0.43359375 0.38984375 0.0109375 0.0140625
0 0.425 0.39453125 0.0109375 0.0140625
0 0.4234375 0.40703125 0.0109375 0.0140625
0 0.43203125 0.43203125 0.0109375 0.0140625
0 0.4375 0.42109375 0.0109375 0.0140625
0 0.44375 0.428125 0.0109375 0.0140625
0 0.44375 0.4375 0.0078125 0.0109375
0 0.440625 0.44140625 0.0078125 0.0125
0 0.440625 0.4546875 0.0109375 0.0125
0 0.4328125 0.4734375 0.0109375 0.0140625
0 0.4234375 0.478125 0.0109375 0.0140625
0 0.45859375 0.5015625 0.009375 0.0109375
0 0.4671875 0.496875 0.0109375 0.0125
0 0.45625 0.48828125 0.0109375 0.0125
0 0.46015625 0.49453125 0.009375 0.0125
0 0.44921875 0.4765625 0.0109375 0.0140625
0 0.44140625 0.5015625 0.0109375 0.0078125
0 0.44140625 0.49375 0.009375 0.009375
0 0.44140625 0.4859375 0.0109375 0.0140625
0 0.45 0.50703125 0.0109375 0.0140625
0 0.43828125 0.51015625 0.0109375 0.0140625
0 0.43828125 0.52265625 0.0109375 0.0125
0 0.43515625 0.5390625 0.0109375 0.0109375
0 0.43203125 0.546875 0.0109375 0.0140625
0 0.41796875 0.5671875 0.0109375 0.0140625
0 0.4234375 0.5390625 0.0109375 0.0125
0 0.43125 0.5015625 0.009375 0.0109375
0 0.42578125 0.5171875 0.009375 0.0125
0 0.4171875 0.53046875 0.0078125 0.0140625
0 0.42421875 0.5109375 0.009375 0.0140625
0 0.4234375 0.528125 0.009375 0.0109375
0 0.41875 0.5015625 0.0109375 0.0140625
0 0.415625 0.51796875 0.009375 0.0125
0 0.409375 0.5296875 0.009375 0.0140625
0 0.40625 0.515625 0.0109375 0.0140625
0 0.3984375 0.54453125 0.0109375 0.0140625
0 0.4 0.50625 0.0109375 0.0140625
0 0.38203125 0.52109375 0.0125 0.0140625
0 0.371875 0.43125 0.0109375 0.0140625
0 0.3796875 0.43828125 0.0109375 0.0125