0 0.7875 0.50859375 0.0453125 0.0328125
0 0.92734375 0.45625 0.0421875 0.0359375
0 0.87734375 0.42421875 0.040625 0.034375
0 0.9390625 0.41484375 0.0421875 0.0359375
0 0.8875 0.334375 0.0359375 0.034375
0 0.9546875 0.38828125 0.040625 0.034375
0 0.9234375 0.35078125 0.040625 0.03125
0 0.8671875 0.3140625 0.0390625 0.034375
0 0.8125 0.28828125 0.0421875 0.0328125
0 0.8078125 0.32265625 0.0390625 0.034375
0 0.7453125 0.278125 0.0359375 0.03125
0 0.6234375 0.80703125 0.0375 0.03125
0 0.5921875 0.80859375 0.0359375 0.0328125
0 0.6390625 0.77421875 0.0359375 0.0328125
0 0.61015625 0.78203125 0.0390625 0.034375
0 0.53515625 0.78828125 0.0390625 0.034375
0 0.5 0.78828125 0.0375 0.0359375
0 0.55625 0.81171875 0.0375 0.0359375
0 0.63671875 0.75234375 0.0359375 0.0328125
0 0.61484375 0.7046875 0.0359375 0.034375
0 0.5890625 0.68203125 0.0390625 0.03125
0 0.6296875 0.68515625 0.0421875 0.0359375
0 0.63046875 0.721875 0.0390625 0.03125
0 0.57265625 0.7375 0.0375 0.028125
0 0.5578125 0.71875 0.04375 0.034375
0 0.54375 0.75390625 0.0359375 0.034375
0 0.5125 0.75234375 0.0390625 0.0296875
0 0.4484375 0.77890625 0.0359375 0.03125
0 0.39921875 0.79453125 0.0359375 0.0296875
0 0.41953125 0.7765625 0.0296875 0.0296875
0 0.39453125 0.76328125 0.0421875 0.0359375
0 0.478125 0.76953125 0.0375 0.03125
0 0.44765625 0.753125 0.0390625 0.03125
0 0.41328125 0.73984375 0.0375 0.028125
0 0.425 0.71484375 0.0359375 0.028125
0 0.678125 0.5828125 0.0375 0.034375
0 0.6015625 0.6328125 0.0390625 0.0328125
0 0.51796875 0.6109375 0.0390625 0.03125
0 0.4984375 0.6640625 0.0375 0.0328125
0 0.459375 0.6375 0.0359375 0.03125
0 0.44140625 0.65625 0.0390625 0.03125
0 0.43671875 0.690625 0.0359375 0.0296875
0 0.40625 0.69765625 0.0328125 0.0265625
0 0.30546875 0.73203125 0.040625 0.0375
0 0.371875 0.70390625 0.0328125 0.0328125
0 0.3390625 0.7 0.0359375 0.034375
0 0.31015625 0.6765625 0.034375 0.03125
0 0.2578125 0.678125 0.0390625 0.03125
0 0.36875 0.65390625 0.034375 0.028125
0 0.38828125 0.67890625 0.034375 0.03125
0 0.3703125 0.61015625 0.0359375 0.03125
0 0.35078125 0.63671875 0.0375 0.028125
0 0.32578125 0.65234375 0.0328125 0.0265625
0 0.29921875 0.6421875 0.0375 0.03125
0 0.26171875 0.6546875 0.0359375 0.0328125
0 0.20234375 0.7125 0.0328125 0.0328125
0 0.140625 0.72109375 0.0359375 0.034375
0 0.16484375 0.65859375 0.0359375 0.034375
0 0.27890625 0.59140625 0.0390625 0.034375
0 0.140625 0.62265625 0.040625 0.0328125
0 0.08046875 0.6078125 0.0359375 0.0296875
0 0.065625 0.575 0.0390625 0.034375
0 0.528125 0.534375 0.0390625 0.0328125
0 0.56953125 0.51015625 0.0328125 0.0296875
0 0.53671875 0.49140625 0.0375 0.03125
0 0.675 0.3640625 0.040625 0.034375
0 0.67578125 0.43046875 0.0359375 0.034375
0 0.58203125 0.42578125 0.0375 0.028125
0 0.634375 0.4265625 0.0390625 0.034375
0 0.57890625 0.4078125 0.0375 0.03125
0 0.625 0.39921875 0.034375 0.03125
0 0.56796875 0.38515625 0.0328125 0.028125
0 0.5375 0.38984375 0.03125 0.0296875
0 0.59765625 0.384375 0.0359375 0.03125
0 0.55390625 0.36484375 0.0359375 0.0296875
0 0.521875 0.37265625 0.034375 0.028125
0 0.6015625 0.3390625 0.0375 0.0359375
0 0.64375 0.23984375 0.034375 0.03125
0 0.60859375 0.24453125 0.0375 0.0328125
0 0.5421875 0.34296875 0.034375 0.03125
0 0.50546875 0.353125 0.0390625 0.03125
0 0.38203125 0.43046875 0.0390625 0.0328125
0 0.390625 0.45546875 0.0359375 0.0328125
0 0.40078125 0.51328125 0.0421875 0.0359375
0 0.41953125 0.4109375 0.0421875 0.034375
0 0.42578125 0.44375 0.0421875 0.0328125
0 0.41328125 0.37890625 0.0359375 0.0328125
0 0.37265625 0.265625 0.0359375 0.034375
0 0.23828125 0.378125 0.040625 0.034375
0 0.24609375 0.35390625 0.0359375 0.0328125
0 0.25625 0.3953125 0.0390625 0.0296875
0 0.08671875 0.375 0.0359375 0.03125
0 0.10390625 0.39609375 0.0390625 0.034375
0 0.13359375 0.4515625 0.04375 0.0390625
0 0.11171875 0.35703125 0.0359375 0.03125
0 0.071875 0.33203125 0.0390625 0.0359375
0 0.09453125 0.275 0.0421875 0.0359375
0 0.93828125 0.484375 0.0484375 0.0390625