0 0.62109375 0.33203125 0.0234375 0.0171875
0 0.62109375 0.34921875 0.028125 0.028125
0 0.58203125 0.7015625 0.0296875 0.028125
0 0.68984375 0.63671875 0.025 0.0265625
0 0.55625 0.71953125 0.028125 0.0296875
0 0.534375 0.71015625 0.0265625 0.0265625
0 0.65 0.74296875 0.0265625 0.0265625
0 0.61171875 0.71796875 0.028125 0.0296875
0 0.5109375 0.7109375 0.028125 0.028125
0 0.70546875 0.6953125 0.028125 0.028125
0 0.653125 0.69375 0.0265625 0.0265625
0 0.64140625 0.64921875 0.0265625 0.0265625
0 0.5375 0.73828125 0.028125 0.0296875
0 0.75390625 0.70390625 0.028125 0.028125
0 0.69921875 0.79453125 0.0265625 0.028125
0 0.70234375 0.365625 0.028125 0.028125
0 0.61484375 0.628125 0.0265625 0.0265625
0 0.5 0.840625 0.028125 0.0296875
0 0.51328125 0.778125 0.0296875 0.0296875
0 0.50390625 0.67890625 0.028125 0.028125
0 0.7421875 0.77109375 0.0265625 0.028125
0 0.67890625 0.7328125 0.0265625 0.0265625
0 0.5265625 0.68828125 0.028125 0.0296875
0 0.771875 0.71875 0.025 0.0265625
0 0.696875 0.7421875 0.0234375 0.025
0 0.51875 0.75234375 0.028125 0.0296875
0 0.6984375 0.7703125 0.025 0.0265625
0 0.78984375 0.696875 0.025 0.0265625
0 0.56875 0.31953125 0.0265625 0.0265625
0 0.52265625 0.82890625 0.0265625 0.0296875
0 0.603125 0.66171875 0.028125 0.028125
0 0.6453125 0.71796875 0.028125 0.028125
0 0.6109375 0.69921875 0.028125 0.028125
0 0.6703125 0.803125 0.025 0.0265625
0 0.62265625 0.6734375 0.028125 0.03125
0 0.74140625 0.33046875 0.025 0.0265625
0 0.7203125 0.32734375 0.028125 0.028125
0 0.52265625 0.30390625 0.028125 0.028125
0 0.51328125 0.803125 0.028125 0.0296875
0 0.48984375 0.659375 0.028125 0.028125
0 0.66796875 0.71328125 0.028125 0.028125
0 0.68671875 0.6125 0.0265625 0.0265625
0 0.66640625 0.37734375 0.0265625 0.0265625
0 0.5453125 0.3625 0.0265625 0.0265625
0 0.65234375 0.7859375 0.028125 0.0296875
0 0.559375 0.61015625 0.028125 0.028125
0 0.5703125 0.68046875 0.025 0.0265625
0 0.54296875 0.63515625 0.028125 0.028125
0 0.759375 0.75 0.025 0.0265625
0 0.6625 0.6390625 0.025 0.0265625
0 0.5453125 0.3171875 0.028125 0.03125
0 0.57109375 0.65625 0.028125 0.028125
0 0.65859375 0.61015625 0.025 0.0265625
0 0.69609375 0.2625 0.025 0.0265625
0 0.696875 0.71796875 0.0265625 0.0265625
0 0.67734375 0.7796875 0.0265625 0.0265625
0 0.49296875 0.8953125 0.028125 0.03125
0 0.7359375 0.72890625 0.025 0.0265625
0 0.6375 0.61796875 0.0265625 0.0265625
0 0.72265625 0.6765625 0.025 0.0265625
0 0.57890625 0.89140625 0.0265625 0.0296875
0 0.509375 0.64375 0.028125 0.028125
0 0.5140625 0.328125 0.028125 0.028125
0 0.6546875 0.35703125 0.025 0.0265625
0 0.72578125 0.36875 0.025 0.0265625
0 0.7265625 0.303125 0.025 0.0265625
0 0.55390625 0.446875 0.028125 0.028125
0 0.59921875 0.353125 0.025 0.0265625
0 0.7609375 0.3203125 0.025 0.0265625
0 0.6953125 0.34375 0.025 0.0265625
0 0.58203125 0.3015625 0.028125 0.0296875
0 0.8296875 0.47109375 0.0234375 0.025
0 0.66796875 0.3375 0.025 0.0265625
0 0.73984375 0.2765625 0.0265625 0.0265625
0 0.765625 0.68359375 0.0234375 0.025
0 0.67578125 0.25859375 0.025 0.0265625
0 0.66484375 0.3140625 0.025 0.0265625
0 0.65625 0.25 0.028125 0.0296875
0 0.64609375 0.3328125 0.0265625 0.0265625
0 0.546875 0.66484375 0.028125 0.028125
0 0.58984375 0.33515625 0.03125 0.0296875
0 0.56875 0.63046875 0.028125 0.028125
0 0.63125 0.3640625 0.0234375 0.025
0 0.66328125 0.478125 0.0234375 0.025
0 0.67890625 0.35859375 0.025 0.0265625
0 0.55703125 0.9125 0.028125 0.028125
0 0.81171875 0.4546875 0.025 0.0265625
0 0.82265625 0.49296875 0.025 0.0265625
0 0.52421875 0.6625 0.0265625 0.0265625
0 0.53359375 0.28046875 0.028125 0.0296875
0 0.7625 0.775 0.0234375 0.025
0 0.63046875 0.6953125 0.025 0.0265625
0 0.56015625 0.8765625 0.028125 0.03125
0 0.6390625 0.45234375 0.0265625 0.0296875
0 0.64296875 0.31015625 0.0265625 0.0265625
0 0.7796875 0.3203125 0.025 0.0265625
0 0.76640625 0.29375 0.025 0.0265625
0 0.56484375 0.425 0.028125 0.0296875
0 0.675 0.590625 0.028125 0.028125
0 0.68515625 0.2375 0.025 0.0265625
0 0.64609375 0.284375 0.0265625 0.0265625
0 0.5640625 0.346875 0.028125 0.028125
0 0.678125 0.7578125 0.028125 0.028125
0 0.5484375 0.6921875 0.028125 0.0296875
0 0.63125 0.92578125 0.0265625 0.0296875
0 0.83046875 0.2640625 0.025 0.0265625
0 0.6375 0.896875 0.0296875 0.0296875
0 0.74765625 0.29921875 0.0234375 0.0234375
0 0.5234375 0.3515625 0.0265625 0.0265625
0 0.51796875 0.3796875 0.028125 0.028125
0 0.49453125 0.33828125 0.028125 0.03125
0 0.53046875 0.896875 0.025 0.0265625
0 0.7890625 0.64140625 0.025 0.0265625
0 0.76015625 0.628125 0.025 0.0265625
0 0.715625 0.24375 0.025 0.0265625
0 0.69453125 0.9015625 0.028125 0.028125
0 0.6421875 0.225 0.028125 0.0296875
0 0.80390625 0.4875 0.025 0.0265625
0 0.5671875 0.3734375 0.0265625 0.0296875
0 0.71640625 0.84609375 0.028125 0.0296875
0 0.6640625 0.22578125 0.025 0.0265625
0 0.78125 0.7875 0.028125 0.028125
0 0.66796875 0.290625 0.028125 0.028125
0 0.63984375 0.4796875 0.028125 0.0296875
0 0.79140625 0.44609375 0.0265625 0.0265625
0 0.7171875 0.87734375 0.025 0.0265625
0 0.80625 0.52421875 0.025 0.0265625
0 0.52265625 0.446875 0.028125 0.028125
0 0.58984375 0.91953125 0.028125 0.0296875
0 0.67734375 0.9203125 0.028125 0.0296875
0 0.5125 0.8796875 0.028125 0.03125
0 0.8046875 0.54921875 0.025 0.0265625
0 0.5640625 0.084375 0.025 0.0265625
0 0.809375 0.2703125 0.025 0.0265625
0 0.58203125 0.1015625 0.028125 0.03125
0 0.66328125 0.4046875 0.025 0.0265625
0 0.50703125 0.91484375 0.028125 0.0296875
0 0.61015625 0.45859375 0.025 0.0265625
0 0.53828125 0.25546875 0.028125 0.028125
0 0.56953125 0.9328125 0.028125 0.03125
0 0.54140625 0.09453125 0.0265625 0.0296875
0 0.7375 0.23984375 0.025 0.0296875
0 0.784375 0.58125 0.028125 0.028125
0 0.6890625 0.43125 0.028125 0.028125
0 0.8859375 0.696875 0.025 0.0265625
0 0.79453125 0.3515625 0.028125 0.028125
0 0.596875 0.57421875 0.028125 0.028125
0 0.58828125 0.075 0.028125 0.028125
0 0.7125 0.48359375 0.028125 0.028125
0 0.8578125 0.27265625 0.025 0.0265625
0 0.67421875 0.68984375 0.0265625 0.0265625
0 0.86015625 0.678125 0.0234375 0.025
0 0.93046875 0.68984375 0.025 0.0265625
0 0.54453125 0.06953125 0.028125 0.028125
0 0.8265625 0.23515625 0.025 0.0265625
0 0.92109375 0.61796875 0.025 0.0265625
0 0.8703125 0.5703125 0.025 0.0265625
0 0.6 0.67890625 0.028125 0.028125
0 0.8875 0.3234375 0.0265625 0.0265625
0 0.6515625 0.07734375 0.0265625 0.0265625
0 0.78828125 0.11015625 0.0265625 0.0265625