0 0.26875 0.5953125 0.0359375 0.0296875
0 0.3359375 0.56484375 0.0328125 0.0296875
0 0.3625 0.54765625 0.0328125 0.03125
0 0.3578125 0.51953125 0.0328125 0.0328125
0 0.39140625 0.5921875 0.0328125 0.0265625
0 0.38515625 0.565625 0.034375 0.0265625
0 0.40546875 0.5484375 0.0375 0.0296875
0 0.41640625 0.67578125 0.0328125 0.0265625
0 0.41171875 0.6515625 0.0296875 0.0265625
0 0.3953125 0.63515625 0.034375 0.0265625
0 0.40703125 0.6140625 0.0328125 0.028125
0 0.375 0.61171875 0.0296875 0.0265625
0 0.42890625 0.696875 0.0296875 0.028125
0 0.44453125 0.6796875 0.0265625 0.0265625
0 0.4421875 0.6453125 0.0296875 0.0265625
0 0.43125 0.62109375 0.0296875 0.0265625
0 0.47265625 0.67890625 0.0296875 0.0234375
0 0.45859375 0.6609375 0.0296875 0.028125
0 0.46171875 0.628125 0.0296875 0.028125
0 0.4515625 0.60390625 0.03125 0.0328125
0 0.44140625 0.57109375 0.0296875 0.0265625
0 0.43984375 0.54453125 0.0328125 0.0296875
0 0.49765625 0.6828125 0.0296875 0.0265625
0 0.49453125 0.659375 0.0296875 0.0265625
0 0.4796875 0.64296875 0.0296875 0.0265625
0 0.496875 0.62578125 0.0296875 0.0265625
0 0.48203125 0.60625 0.0296875 0.028125
0 0.4640625 0.58515625 0.03125 0.0265625
0 0.47265625 0.55859375 0.034375 0.0296875
0 0.46171875 0.528125 0.03125 0.028125
0 0.478125 0.5046875 0.0328125 0.0328125
0 0.4953125 0.575 0.0328125 0.0265625
0 0.48984375 0.534375 0.03125 0.028125
0 0.50546875 0.5015625 0.0328125 0.0265625
0 0.5203125 0.53125 0.0265625 0.0265625
0 0.5109375 0.55859375 0.0296875 0.0265625
0 0.509375 0.603125 0.0265625 0.025
0 0.51328125 0.64296875 0.0296875 0.0234375
0 0.52578125 0.62109375 0.0296875 0.025
0 0.5234375 0.58125 0.0265625 0.028125
0 0.525 0.6609375 0.0296875 0.0234375
0 0.53984375 0.6453125 0.0296875 0.025
0 0.51953125 0.71875 0.0296875 0.0234375
0 0.51171875 0.7 0.028125 0.0234375
0 0.53046875 0.6828125 0.0296875 0.025
0 0.55234375 0.6703125 0.0296875 0.0234375
0 0.565625 0.65078125 0.0296875 0.0265625
0 0.5390625 0.6 0.0296875 0.0296875
0 0.54921875 0.57265625 0.0296875 0.028125
0 0.540625 0.55078125 0.0328125 0.0265625
0 0.5484375 0.5265625 0.0296875 0.0265625
0 0.534375 0.50625 0.0296875 0.025
0 0.5625 0.4953125 0.0328125 0.0296875
0 0.55625 0.625 0.0328125 0.0234375
0 0.5625 0.6 0.028125 0.0265625
0 0.57265625 0.5609375 0.0328125 0.0296875
0 0.57734375 0.5328125 0.0296875 0.0296875
0 0.59296875 0.496875 0.0328125 0.03125
0 0.58359375 0.67421875 0.03125 0.0234375
0 0.6046875 0.6609375 0.0265625 0.0265625
0 0.5890625 0.64375 0.0296875 0.0265625
0 0.5828125 0.621875 0.0296875 0.0265625
0 0.5890625 0.5875 0.028125 0.0296875
0 0.61171875 0.6296875 0.0296875 0.0234375
0 0.60546875 0.60390625 0.028125 0.0265625
0 0.61796875 0.5578125 0.0296875 0.028125
0 0.60546875 0.5265625 0.0296875 0.0296875
0 0.6375 0.63125 0.0265625 0.0234375
0 0.63125 0.6109375 0.0265625 0.0265625
0 0.62265625 0.58203125 0.028125 0.0265625
0 0.64765625 0.5703125 0.0265625 0.0265625
0 0.65703125 0.54765625 0.0296875 0.0296875
0 0.65 0.59296875 0.028125 0.0234375
0 0.6765625 0.5640625 0.0296875 0.0265625
0 0.65703125 0.615625 0.028125 0.0234375
0 0.6765625 0.5875 0.0296875 0.0234375
0 0.6359375 0.675 0.0328125 0.0234375
0 0.63125 0.65390625 0.0296875 0.0234375
0 0.6609375 0.63984375 0.028125 0.0265625
0 0.6828125 0.60859375 0.0296875 0.025
0 0.70234375 0.578125 0.0296875 0.028125
0 0.68984375 0.54296875 0.0359375 0.0265625
0 0.68828125 0.63046875 0.028125 0.0234375
0 0.7109375 0.6171875 0.0296875 0.025
0 0.7125 0.59453125 0.0328125 0.0234375
0 0.7296875 0.57265625 0.0265625 0.0265625
0 0.71484375 0.553125 0.0328125 0.0265625
0 0.7171875 0.5296875 0.0328125 0.0296875
0 0.6828125 0.5203125 0.0328125 0.0296875
0 0.75078125 0.58671875 0.0328125 0.0234375
0 0.73671875 0.6125 0.0296875 0.0265625
0 0.778125 0.58046875 0.0296875 0.0265625
0 0.7546875 0.5609375 0.0296875 0.028125
0 0.7671875 0.603125 0.0296875 0.0265625
0 0.8078125 0.584375 0.03125 0.0265625
0 0.77578125 0.5359375 0.03125 0.028125
0 0.8171875 0.60625 0.0328125 0.0265625
0 0.16171875 0.53984375 0.0421875 0.0359375
0 0.31640625 0.5375 0.0390625 0.03125