0 0.61484375 0.025 0.0265625 0.02734375
0 0.5859375 0.08828125 0.021875 0.02734375
0 0.60859375 0.109375 0.02421875 0.02578125
0 0.54140625 0.128125 0.0265625 0.02578125
0 0.5828125 0.13046875 0.02421875 0.02421875
0 0.58671875 0.15625 0.02265625 0.02890625
0 0.56640625 0.16796875 0.02265625 0.02578125
0 0.53828125 0.1765625 0.02421875 0.0265625
0 0.55 0.2125 0.02265625 0.0265625
0 0.59765625 0.221875 0.02265625 0.025
0 0.64296875 0.3625 0.021875 0.02734375
0 0.67109375 0.3578125 0.0234375 0.02734375
0 0.62421875 0.49140625 0.025 0.0265625
0 0.6484375 0.49140625 0.021875 0.02578125
0 0.69765625 0.49375 0.02265625 0.025
0 0.515625 0.27421875 0.02265625 0.0265625
0 0.52421875 0.25234375 0.0234375 0.02265625
0 0.54296875 0.26640625 0.02109375 0.0234375
0 0.58671875 0.29140625 0.02421875 0.02421875
0 0.60703125 0.31484375 0.0234375 0.0265625
0 0.5359375 0.36328125 0.0234375 0.025
0 0.54765625 0.3375 0.0234375 0.02421875
0 0.575 0.31875 0.021875 0.02265625
0 0.57421875 0.3421875 0.021875 0.021875
0 0.56953125 0.36484375 0.021875 0.02265625
0 0.55625 0.3828125 0.02265625 0.02265625
0 0.54296875 0.40390625 0.021875 0.0234375
0 0.58984375 0.390625 0.02421875 0.021875
0 0.6265625 0.38828125 0.02265625 0.0234375
0 0.6046875 0.41171875 0.02265625 0.02421875
0 0.625 0.4265625 0.02421875 0.0234375
0 0.6046875 0.43828125 0.02265625 0.02421875
0 0.56796875 0.4328125 0.021875 0.025
0 0.58984375 0.45625 0.021875 0.0234375
0 0.56875 0.4671875 0.021875 0.025
0 0.5484375 0.490625 0.02421875 0.02578125
0 0.57890625 0.49921875 0.0234375 0.02265625
0 0.590625 0.52421875 0.02265625 0.02421875
0 0.56484375 0.53515625 0.0234375 0.02421875
0 0.53671875 0.54296875 0.021875 0.0234375
0 0.5625 0.5625 0.02265625 0.0234375
0 0.653125 0.55390625 0.021875 0.0234375
0 0.60859375 0.559375 0.021875 0.025
0 0.634375 0.57109375 0.02265625 0.0234375
0 0.48203125 0.628125 0.0234375 0.02265625
0 0.515625 0.61171875 0.021875 0.0203125
0 0.515625 0.63828125 0.02109375 0.02265625
0 0.534375 0.62578125 0.02109375 0.0234375
0 0.55625 0.61796875 0.02265625 0.021875
0 0.58515625 0.575 0.0234375 0.02109375
0 0.61015625 0.5859375 0.02109375 0.02265625
0 0.58671875 0.596875 0.0234375 0.021875
0 0.61015625 0.609375 0.021875 0.021875
0 0.5796875 0.61875 0.0203125 0.0234375
0 0.56328125 0.64140625 0.0203125 0.02421875
0 0.5359375 0.64921875 0.0203125 0.0234375
0 0.525 0.6703125 0.02109375 0.021875
0 0.54765625 0.66875 0.021875 0.021875
0 0.5734375 0.6640625 0.0234375 0.02265625
0 0.6015625 0.6640625 0.02265625 0.021875
0 0.6046875 0.64140625 0.02265625 0.0234375
0 0.6265625 0.6515625 0.021875 0.0234375
0 0.6203125 0.6859375 0.0234375 0.025
0 0.58359375 0.6875 0.021875 0.0234375
0 0.559375 0.68671875 0.021875 0.02265625
0 0.528125 0.69375 0.0234375 0.0234375
0 0.54609375 0.7046875 0.02109375 0.0234375
0 0.5703125 0.7078125 0.021875 0.02421875
0 0.6 0.7109375 0.02265625 0.025
0 0.62265625 0.71953125 0.0234375 0.025
0 0.55703125 0.725 0.021875 0.02265625
0 0.58046875 0.7265625 0.021875 0.0234375
0 0.60390625 0.73671875 0.0234375 0.0234375
0 0.51171875 0.7234375 0.02578125 0.0265625
0 0.53515625 0.725 0.021875 0.025
0 0.521875 0.7484375 0.02421875 0.021875
0 0.5453125 0.7453125 0.02109375 0.02421875
0 0.56875 0.74609375 0.0234375 0.0234375
0 0.61484375 0.7578125 0.02265625 0.02421875
0 0.63671875 0.77578125 0.02421875 0.02578125
0 0.5890625 0.76171875 0.02265625 0.021875
0 0.6140625 0.784375 0.02421875 0.02421875
0 0.5390625 0.76875 0.0234375 0.02421875
0 0.5640625 0.76953125 0.02265625 0.02421875
0 0.55078125 0.79140625 0.0234375 0.02421875
0 0.58203125 0.78515625 0.0234375 0.025
0 0.528125 0.79140625 0.02265625 0.02265625
0 0.56796875 0.80625 0.02421875 0.025
0 0.52890625 0.815625 0.025 0.025
0 0.58359375 0.8265625 0.0234375 0.02734375
0 0.5515625 0.8234375 0.02265625 0.0234375
0 0.53046875 0.8390625 0.025 0.02421875
0 0.5140625 0.86328125 0.02578125 0.0265625
0 0.49609375 0.8875 0.0265625 0.02734375
0 0.553125 0.8484375 0.025 0.02578125
0 0.571875 0.86171875 0.0265625 0.0234375
0 0.56875 0.8859375 0.0234375 0.0265625
0 0.57890625 0.9109375 0.0265625 0.02578125
0 0.55703125 0.95 0.0265625 0.028125