0 0.9 0.603125 0.028125 0.028125
0 0.96328125 0.5921875 0.03125 0.028125
0 0.96796875 0.5640625 0.034375 0.0296875
0 0.92890625 0.5703125 0.03125 0.03125
0 0.89765625 0.5265625 0.03125 0.0296875
0 0.8828125 0.575 0.0296875 0.0265625
0 0.84765625 0.55625 0.0328125 0.028125
0 0.8734375 0.621875 0.0296875 0.028125
0 0.8984375 0.6890625 0.03125 0.028125
0 0.88984375 0.66171875 0.0265625 0.0265625
0 0.85 0.6421875 0.03125 0.03125
0 0.834375 0.596875 0.03125 0.0328125
0 0.85859375 0.67578125 0.0296875 0.028125
0 0.8578125 0.73359375 0.03125 0.028125
0 0.86328125 0.76640625 0.03125 0.028125
0 0.83515625 0.74296875 0.0296875 0.0265625
0 0.82421875 0.7015625 0.0359375 0.028125
0 0.77109375 0.66796875 0.0375 0.03125
0 0.76171875 0.73828125 0.034375 0.028125
0 0.72421875 0.71328125 0.0390625 0.0296875
0 0.70859375 0.6703125 0.034375 0.028125
0 0.7046875 0.63671875 0.0375 0.03125
0 0.67109375 0.69453125 0.0296875 0.028125
0 0.64140625 0.68828125 0.03125 0.028125
0 0.66796875 0.63828125 0.0328125 0.0265625
0 0.6203125 0.72109375 0.034375 0.028125
0 0.684375 0.75859375 0.0328125 0.0265625
0 0.61796875 0.75078125 0.0296875 0.0265625
0 0.58203125 0.74609375 0.03125 0.028125
0 0.54453125 0.7765625 0.0328125 0.028125
0 0.52578125 0.7390625 0.034375 0.028125
0 0.5078125 0.809375 0.0328125 0.0265625
0 0.4953125 0.759375 0.0265625 0.025
0 0.4703125 0.84765625 0.03125 0.0265625
0 0.43515625 0.8203125 0.028125 0.028125
0 0.41953125 0.8671875 0.025 0.0234375
0 0.4015625 0.846875 0.028125 0.028125
0 0.3703125 0.8234375 0.03125 0.028125
0 0.36640625 0.7984375 0.0265625 0.0265625
0 0.3765625 0.77734375 0.028125 0.028125
0 0.390625 0.746875 0.028125 0.025
0 0.41328125 0.7875 0.0296875 0.0265625
0 0.41875 0.7546875 0.0296875 0.025
0 0.409375 0.725 0.03125 0.028125
0 0.44453125 0.75 0.0296875 0.021875
0 0.440625 0.728125 0.025 0.021875
0 0.47109375 0.71171875 0.0234375 0.025
0 0.45234375 0.68828125 0.0328125 0.0265625
0 0.52734375 0.67109375 0.028125 0.028125
0 0.534375 0.6296875 0.0296875 0.025
0 0.69765625 0.578125 0.034375 0.028125
0 0.6140625 0.55859375 0.0328125 0.034375
0 0.6609375 0.55546875 0.028125 0.03125
0 0.6515625 0.5296875 0.0296875 0.025
0 0.75703125 0.5640625 0.03125 0.03125
0 0.790625 0.54921875 0.03125 0.028125
0 0.78984375 0.521875 0.0296875 0.025
0 0.81953125 0.54921875 0.028125 0.028125
0 0.815625 0.52421875 0.0296875 0.025
0 0.75234375 0.475 0.0328125 0.028125
0 0.7453125 0.5140625 0.0296875 0.025
0 0.7734375 0.503125 0.028125 0.028125
0 0.81875 0.49921875 0.028125 0.0296875
0 0.78515625 0.46953125 0.0328125 0.0265625
0 0.8109375 0.4375 0.034375 0.03125
0 0.659375 0.48203125 0.03125 0.03125
0 0.8140625 0.3015625 0.034375 0.034375
0 0.78125 0.27265625 0.040625 0.0296875
0 0.828125 0.33046875 0.0328125 0.034375
0 0.7875 0.30234375 0.034375 0.03125
0 0.79921875 0.3375 0.034375 0.034375
0 0.7578125 0.30625 0.034375 0.03125
0 0.73046875 0.2484375 0.034375 0.034375
0 0.69609375 0.34375 0.034375 0.0375
0 0.6890625 0.26015625 0.0375 0.03125
0 0.59453125 0.19296875 0.034375 0.034375
0 0.575 0.22421875 0.034375 0.034375
0 0.5578125 0.3 0.0390625 0.0421875
0 0.58671875 0.50546875 0.028125 0.034375
0 0.5609375 0.4859375 0.034375 0.03125
0 0.55625 0.521875 0.03125 0.028125
0 0.5390625 0.5 0.0296875 0.034375
0 0.528125 0.528125 0.03125 0.028125
0 0.4984375 0.54453125 0.034375 0.028125
0 0.503125 0.51875 0.028125 0.028125
0 0.51015625 0.48515625 0.034375 0.028125
0 0.52734375 0.42890625 0.03125 0.028125
0 0.48984375 0.465625 0.0375 0.0359375
0 0.4921875 0.42734375 0.0359375 0.028125
0 0.4625 0.5421875 0.0296875 0.028125
0 0.4765625 0.51875 0.0296875 0.0265625
0 0.475 0.49140625 0.034375 0.0328125
0 0.44921875 0.465625 0.034375 0.03125
0 0.45078125 0.51171875 0.034375 0.03125
0 0.42265625 0.4703125 0.0359375 0.0375
0 0.4015625 0.45078125 0.034375 0.034375
0 0.42265625 0.50390625 0.034375 0.028125
0 0.43203125 0.5453125 0.034375 0.028125
0 0.40859375 0.5203125 0.03125 0.0328125
0 0.39375 0.48046875 0.0375 0.03125
0 0.4125 0.5625 0.0328125 0.0234375
0 0.39296875 0.54375 0.028125 0.028125
0 0.38671875 0.58125 0.03125 0.028125
0 0.37109375 0.5609375 0.0328125 0.034375
0 0.41015625 0.66875 0.0359375 0.025
0 0.38828125 0.6515625 0.03125 0.028125
0 0.36953125 0.6046875 0.028125 0.0296875
0 0.35625 0.57890625 0.0390625 0.025
0 0.37265625 0.690625 0.0296875 0.0265625
0 0.37109375 0.66953125 0.0265625 0.025
0 0.3546875 0.62265625 0.025 0.0296875
0 0.33515625 0.603125 0.034375 0.028125
0 0.353125 0.65 0.028125 0.03125
0 0.32421875 0.63203125 0.03125 0.028125
0 0.35078125 0.678125 0.0265625 0.0265625
0 0.29921875 0.63359375 0.0265625 0.028125
0 0.3328125 0.703125 0.021875 0.025
0 0.32421875 0.678125 0.0265625 0.0265625
0 0.2984375 0.6625 0.03125 0.028125
0 0.27109375 0.62265625 0.0328125 0.03125
0 0.3625 0.52421875 0.0375 0.034375
0 0.31171875 0.5421875 0.03125 0.0375
0 0.3421875 0.53515625 0.0296875 0.0375
0 0.340625 0.509375 0.03125 0.0328125
0 0.31640625 0.49140625 0.028125 0.03125
0 0.3015625 0.46953125 0.034375 0.03125
0 0.31484375 0.44453125 0.0390625 0.034375
0 0.2921875 0.37734375 0.0453125 0.0515625
0 0.26953125 0.3359375 0.0375 0.0375
0 0.22265625 0.2265625 0.0359375 0.03125
0 0.23203125 0.32578125 0.034375 0.0390625
0 0.18828125 0.25234375 0.0375 0.03125
0 0.21015625 0.41484375 0.040625 0.03125
0 0.2609375 0.43046875 0.0421875 0.0328125
0 0.1796875 0.43203125 0.0375 0.03125
0 0.23671875 0.4796875 0.034375 0.028125
0 0.14140625 0.43046875 0.0390625 0.034375
0 0.11328125 0.38515625 0.0375 0.034375
0 0.1625 0.58515625 0.0375 0.028125
0 0.07734375 0.47109375 0.040625 0.034375
0 0.14921875 0.53671875 0.034375 0.03125
0 0.10390625 0.4625 0.03125 0.034375