0 0.23671875 0.734375 0.03125 0.0328125
0 0.253125 0.75859375 0.03125 0.0328125
0 0.30859375 0.7515625 0.0328125 0.03125
0 0.3359375 0.75 0.0296875 0.0328125
0 0.3625 0.75078125 0.0328125 0.03125
0 0.3875 0.76640625 0.0296875 0.0328125
0 0.4125 0.759375 0.028125 0.0328125
0 0.4359375 0.75546875 0.0296875 0.03125
0 0.45 0.78515625 0.03125 0.0359375
0 0.4265625 0.68515625 0.0296875 0.028125
0 0.45 0.67734375 0.03125 0.03125
0 0.38515625 0.6453125 0.03125 0.0296875
0 0.40859375 0.6265625 0.0296875 0.0296875
0 0.378125 0.61328125 0.0265625 0.0296875
0 0.384375 0.590625 0.0296875 0.028125
0 0.35546875 0.57421875 0.0296875 0.028125
0 0.359375 0.59609375 0.0296875 0.0265625
0 0.35 0.534375 0.0296875 0.0328125
0 0.375 0.51328125 0.03125 0.03125
0 0.30390625 0.46171875 0.0328125 0.028125
0 0.359375 0.43828125 0.0328125 0.0296875
0 0.27890625 0.44140625 0.03125 0.03125
0 0.38203125 0.41328125 0.0328125 0.03125
0 0.41796875 0.41875 0.03125 0.0328125
0 0.44609375 0.42734375 0.0296875 0.03125
0 0.478125 0.43046875 0.03125 0.034375
0 0.43828125 0.51484375 0.0328125 0.0328125
0 0.50703125 0.465625 0.0375 0.0375
0 0.5125 0.415625 0.03125 0.0296875
0 0.52421875 0.39375 0.0296875 0.0296875
0 0.503125 0.36796875 0.03125 0.0296875
0 0.5359375 0.43125 0.0296875 0.0296875
0 0.54375 0.40859375 0.028125 0.0296875
0 0.565625 0.41796875 0.0296875 0.0296875
0 0.5703125 0.4453125 0.034375 0.034375
0 0.55859375 0.3796875 0.0328125 0.0296875
0 0.56640625 0.3546875 0.03125 0.0328125
0 0.590625 0.35625 0.0296875 0.0328125
0 0.61328125 0.35625 0.0265625 0.0296875
0 0.6234375 0.3765625 0.0296875 0.0296875
0 0.6328125 0.3453125 0.0296875 0.028125
0 0.64453125 0.3671875 0.0296875 0.0296875
0 0.6578125 0.34609375 0.0296875 0.0296875
0 0.66640625 0.375 0.0296875 0.0328125
0 0.66796875 0.32265625 0.0296875 0.03125
0 0.6140625 0.31875 0.0328125 0.0296875
0 0.64375 0.3234375 0.0296875 0.0296875
0 0.584375 0.31875 0.03125 0.0328125
0 0.59765625 0.2953125 0.0296875 0.0296875
0 0.553125 0.2765625 0.0296875 0.0328125
0 0.575 0.290625 0.0296875 0.03125
0 0.61640625 0.27109375 0.0296875 0.0296875
0 0.62421875 0.2953125 0.028125 0.0296875
0 0.64375 0.275 0.0296875 0.0296875
0 0.65625 0.29296875 0.03125 0.0328125
0 0.68203125 0.296875 0.0265625 0.0296875
0 0.6609375 0.25546875 0.03125 0.0328125
0 0.7046875 0.3109375 0.0296875 0.0296875
0 0.72890625 0.32578125 0.0296875 0.03125
0 0.7515625 0.31953125 0.0265625 0.0296875
0 0.72421875 0.36328125 0.0296875 0.0328125
0 0.70625 0.346875 0.0296875 0.0296875
0 0.69296875 0.3703125 0.03125 0.03125
0 0.68125 0.34453125 0.0296875 0.0328125
0 0.65390625 0.44296875 0.0328125 0.0328125
0 0.67734375 0.43046875 0.0296875 0.0296875
0 0.44609375 0.27578125 0.0375 0.0359375
0 0.5078125 0.58046875 0.0328125 0.0296875
0 0.53046875 0.57734375 0.0296875 0.0265625
0 0.55546875 0.5734375 0.0265625 0.03125
0 0.54765625 0.5484375 0.0296875 0.03125
0 0.55078125 0.521875 0.03125 0.0296875
0 0.590625 0.534375 0.0296875 0.0328125
0 0.60078125 0.621875 0.03125 0.0296875
0 0.6296875 0.64140625 0.0328125 0.0359375
0 0.66875 0.6203125 0.028125 0.0265625
0 0.67734375 0.596875 0.03125 0.0328125
0 0.7 0.6140625 0.0296875 0.03125
0 0.72578125 0.6109375 0.0296875 0.0328125
0 0.72890625 0.5328125 0.03125 0.0328125
0 0.77421875 0.4640625 0.0328125 0.0328125
0 0.7671875 0.165625 0.0328125 0.0328125
0 0.79375 0.16796875 0.0296875 0.0296875
0 0.59375 0.82265625 0.046875 0.0421875