0 0.54296875 0.33828125 0.0453125 0.0390625
0 0.16640625 0.4015625 0.046875 0.0375
0 0.16796875 0.371875 0.046875 0.0375
0 0.21171875 0.41484375 0.05 0.0375
0 0.5234375 0.41640625 0.0453125 0.0359375
0 0.459375 0.44296875 0.0484375 0.0359375
0 0.446875 0.52265625 0.0421875 0.0328125
0 0.503125 0.5109375 0.040625 0.0328125
0 0.52734375 0.453125 0.0375 0.034375
0 0.54921875 0.475 0.04375 0.0328125
0 0.54765625 0.5046875 0.0453125 0.0359375
0 0.52265625 0.5390625 0.0375 0.0328125
0 0.5609375 0.52890625 0.0421875 0.0328125
0 0.58515625 0.503125 0.0421875 0.0359375
0 0.60234375 0.44453125 0.0453125 0.0359375
0 0.628125 0.42421875 0.0421875 0.0359375
0 0.67421875 0.390625 0.0453125 0.0359375
0 0.68359375 0.41953125 0.0421875 0.0328125
0 0.6453125 0.471875 0.040625 0.0328125
0 0.6046875 0.4734375 0.04375 0.0328125
0 0.66796875 0.44765625 0.040625 0.0328125
0 0.72421875 0.425 0.04375 0.034375
0 0.88046875 0.43125 0.046875 0.034375
0 0.78359375 0.428125 0.04375 0.03125
0 0.746875 0.4453125 0.0453125 0.0359375
0 0.70546875 0.45546875 0.0453125 0.0359375
0 0.7390625 0.4765625 0.0375 0.0328125
0 0.69921875 0.4859375 0.0421875 0.0359375
0 0.6625 0.49765625 0.040625 0.0328125
0 0.6234375 0.49921875 0.0421875 0.03125
0 0.60859375 0.5359375 0.040625 0.0328125
0 0.6453125 0.52578125 0.040625 0.034375
0 0.6625 0.5296875 0.028125 0.028125
0 0.6921875 0.5171875 0.0390625 0.0375
0 0.76796875 0.496875 0.0453125 0.0359375
0 0.72890625 0.5109375 0.04375 0.0328125
0 0.71328125 0.54140625 0.04375 0.0359375
0 0.753125 0.54453125 0.040625 0.034375
0 0.8703125 0.496875 0.04375 0.0359375
0 0.825 0.49765625 0.0453125 0.0359375
0 0.871875 0.52734375 0.0421875 0.034375
0 0.83046875 0.5296875 0.0453125 0.0375
0 0.7921875 0.52578125 0.0421875 0.0390625
0 0.84375 0.56171875 0.04375 0.0328125
0 0.8 0.56015625 0.0421875 0.0328125
0 0.76640625 0.58203125 0.0421875 0.034375
0 0.725 0.5671875 0.0390625 0.0296875
0 0.67734375 0.55234375 0.040625 0.0328125
0 0.6375 0.55625 0.0390625 0.03125
0 0.603125 0.5703125 0.040625 0.0328125
0 0.5703125 0.5578125 0.0421875 0.0328125
0 0.5328125 0.56796875 0.040625 0.0328125
0 0.35703125 0.6109375 0.04375 0.0359375
0 0.84609375 0.728125 0.0515625 0.0390625
0 0.87734375 0.6625 0.0484375 0.0390625
0 0.82734375 0.6671875 0.04375 0.0375
0 0.8765625 0.615625 0.0453125 0.0359375
0 0.84765625 0.63828125 0.0421875 0.0328125
0 0.796875 0.64375 0.0453125 0.0390625
0 0.809375 0.60546875 0.0421875 0.0328125
0 0.76796875 0.61171875 0.040625 0.034375
0 0.73203125 0.59765625 0.0421875 0.0359375
0 0.69375 0.5890625 0.0453125 0.0359375
0 0.65703125 0.58125 0.04375 0.034375
0 0.625 0.5953125 0.040625 0.034375
0 0.534375 0.596875 0.040625 0.0328125
0 0.6046875 0.62109375 0.04375 0.0328125
0 0.58359375 0.59609375 0.0390625 0.0296875
0 0.5578125 0.61953125 0.040625 0.0328125
0 0.52265625 0.6328125 0.040625 0.0328125
0 0.575 0.6421875 0.040625 0.0296875
0 0.53984375 0.66171875 0.0453125 0.0359375
0 0.553125 0.69140625 0.0453125 0.0375
0 0.64375 0.62734375 0.0375 0.0328125
0 0.61484375 0.6484375 0.040625 0.0328125
0 0.68125 0.615625 0.0359375 0.0296875
0 0.7453125 0.64921875 0.046875 0.0375
0 0.69765625 0.63671875 0.040625 0.0328125
0 0.72265625 0.6265625 0.034375 0.03125
0 0.69140625 0.6546875 0.04375 0.0265625
0 0.6515625 0.65703125 0.040625 0.0328125
0 0.6140625 0.67890625 0.0484375 0.0375
0 0.721875 0.703125 0.04375 0.034375
0 0.70546875 0.678125 0.0453125 0.0359375
0 0.6671875 0.684375 0.04375 0.034375
0 0.63359375 0.70390625 0.046875 0.034375
0 0.67890625 0.72734375 0.0453125 0.0359375
0 0.63203125 0.74453125 0.0453125 0.0375
0 0.603125 0.7234375 0.0453125 0.0359375
0 0.56328125 0.73203125 0.046875 0.0359375
0 0.52578125 0.75859375 0.0453125 0.0375
0 0.5875 0.7625 0.0453125 0.0359375
0 0.6875 0.7828125 0.046875 0.0359375
0 0.653125 0.77265625 0.0484375 0.040625
0 0.6046875 0.7890625 0.046875 0.034375
0 0.56328125 0.78828125 0.0453125 0.0359375
0 0.52421875 0.809375 0.0484375 0.0375
0 0.5828125 0.81796875 0.046875 0.0359375
0 0.596875 0.8484375 0.046875 0.0375