0 0.11640625 0.24765625 0.0265625 0.0234375
0 0.13671875 0.25078125 0.025 0.0234375
0 0.1 0.25859375 0.028125 0.025
0 0.13828125 0.27578125 0.0296875 0.0265625
0 0.09609375 0.278125 0.025 0.0234375
0 0.11640625 0.28203125 0.025 0.025
0 0.07734375 0.28984375 0.0296875 0.0265625
0 0.13203125 0.29609375 0.03125 0.028125
0 0.0625 0.3125 0.0296875 0.0265625
0 0.07265625 0.3328125 0.028125 0.025
0 0.07734375 0.3671875 0.0296875 0.025
0 0.06484375 0.3921875 0.0296875 0.0296875
0 0.11328125 0.33828125 0.028125 0.0265625
0 0.134375 0.3515625 0.0296875 0.025
0 0.1546875 0.33828125 0.028125 0.025
0 0.165625 0.35390625 0.0265625 0.025
0 0.14921875 0.36875 0.028125 0.025
0 0.20859375 0.3546875 0.0296875 0.0265625
0 0.23203125 0.36171875 0.0296875 0.0296875
0 0.1875 0.36328125 0.025 0.0234375
0 0.21640625 0.37578125 0.025 0.0234375
0 0.171875 0.378125 0.025 0.0234375
0 0.19609375 0.3859375 0.0265625 0.0265625
0 0.15546875 0.38828125 0.0265625 0.0265625
0 0.23515625 0.39375 0.0296875 0.0265625
0 0.2125 0.3984375 0.0296875 0.025
0 0.178125 0.3984375 0.028125 0.025
0 0.19296875 0.41484375 0.0328125 0.0265625
0 0.15078125 0.42421875 0.0296875 0.028125
0 0.20859375 0.43671875 0.0328125 0.028125
0 0.21953125 0.41875 0.03125 0.025
0 0.24375 0.42109375 0.0296875 0.025
0 0.26796875 0.42109375 0.0359375 0.03125
0 0.271875 0.44140625 0.0296875 0.0265625
0 0.24765625 0.4421875 0.0328125 0.028125
0 0.2578125 0.4609375 0.0296875 0.0265625
0 0.24609375 0.4796875 0.03125 0.025
0 0.27421875 0.47734375 0.0328125 0.0265625
0 0.2875 0.46015625 0.0328125 0.028125
0 0.296875 0.4359375 0.0328125 0.028125
0 0.334375 0.45 0.0328125 0.028125
0 0.3109375 0.45546875 0.0328125 0.0265625
0 0.3015625 0.47734375 0.0296875 0.025
0 0.32578125 0.471875 0.0296875 0.0265625
0 0.3 0.49921875 0.0359375 0.0296875
0 0.325 0.5078125 0.0328125 0.028125
0 0.33828125 0.490625 0.0359375 0.0265625
0 0.35 0.46796875 0.0328125 0.03125
0 0.37578125 0.4890625 0.0328125 0.0265625
0 0.27578125 0.37109375 0.0328125 0.028125
0 0.40234375 0.41484375 0.0359375 0.028125
0 0.49453125 0.5265625 0.0359375 0.03125
0 0.41171875 0.51953125 0.03125 0.03125
0 0.440625 0.525 0.034375 0.03125
0 0.46484375 0.53515625 0.0359375 0.028125
0 0.4890625 0.54921875 0.0359375 0.028125
0 0.52109375 0.53984375 0.0390625 0.034375
0 0.3859375 0.5125 0.0328125 0.03125
0 0.3578125 0.5234375 0.028125 0.028125
0 0.31875 0.5265625 0.0359375 0.028125
0 0.28125 0.55078125 0.025 0.0234375
0 0.3015625 0.5453125 0.0328125 0.028125
0 0.38671875 0.5390625 0.03125 0.03125
0 0.4203125 0.54453125 0.028125 0.025
0 0.45078125 0.56640625 0.0234375 0.025
0 0.41875 0.571875 0.025 0.0234375
0 0.4328125 0.55859375 0.0265625 0.0296875
0 0.39375 0.56953125 0.034375 0.028125
0 0.40703125 0.5546875 0.025 0.0234375
0 0.4703125 0.5671875 0.0296875 0.0296875
0 0.496875 0.57890625 0.0328125 0.03125
0 0.46484375 0.5890625 0.0296875 0.0296875
0 0.43515625 0.58671875 0.0359375 0.028125
0 0.4734375 0.60390625 0.0359375 0.028125
0 0.609375 0.6703125 0.034375 0.0328125
0 0.6359375 0.65234375 0.0390625 0.0359375
0 0.5984375 0.63984375 0.0375 0.0328125
0 0.58515625 0.621875 0.021875 0.028125
0 0.56875 0.6140625 0.034375 0.03125
0 0.546875 0.625 0.0296875 0.0265625
0 0.5578125 0.6484375 0.0328125 0.03125
0 0.57890625 0.6671875 0.0421875 0.0328125
0 0.52421875 0.61328125 0.0390625 0.0328125
0 0.534375 0.6640625 0.0375 0.034375
0 0.4984375 0.61328125 0.028125 0.0296875
0 0.52421875 0.6328125 0.0328125 0.0265625
0 0.4828125 0.6234375 0.025 0.01875
0 0.43046875 0.6125 0.0296875 0.0296875
0 0.45625 0.621875 0.0328125 0.03125
0 0.48046875 0.6375 0.0296875 0.0265625
0 0.50546875 0.65546875 0.0265625 0.01875
0 0.4671875 0.6734375 0.0328125 0.0328125
0 0.44609375 0.65390625 0.0296875 0.0265625
0 0.4703125 0.6515625 0.0296875 0.0234375
0 0.50234375 0.640625 0.0296875 0.0296875
0 0.43828125 0.67890625 0.03125 0.0296875
0 0.38203125 0.6109375 0.0328125 0.03125
0 0.340625 0.6453125 0.034375 0.0296875
0 0.31484375 0.7 0.0328125 0.03125