0 0.78046875 0.05703125 0.0296875 0.028125
0 0.77890625 0.08515625 0.028125 0.025
0 0.75546875 0.096875 0.0265625 0.0265625
0 0.7390625 0.078125 0.028125 0.0265625
0 0.68359375 0.1015625 0.025 0.0296875
0 0.659375 0.08671875 0.028125 0.0265625
0 0.625 0.12734375 0.0265625 0.0265625
0 0.5703125 0.18203125 0.0265625 0.028125
0 0.37109375 0.23203125 0.025 0.0265625
0 0.40390625 0.23828125 0.0265625 0.025
0 0.44296875 0.209375 0.025 0.028125
0 0.4421875 0.23671875 0.025 0.025
0 0.471875 0.22578125 0.025 0.025
0 0.4625 0.2484375 0.021875 0.0234375
0 0.43984375 0.26328125 0.025 0.0265625
0 0.4265625 0.284375 0.025 0.025
0 0.39453125 0.30078125 0.0234375 0.0265625
0 0.48359375 0.265625 0.025 0.025
0 0.4609375 0.27265625 0.0234375 0.025
0 0.4484375 0.29375 0.021875 0.021875
0 0.43125 0.30703125 0.021875 0.0234375
0 0.41171875 0.325 0.0234375 0.025
0 0.45390625 0.32109375 0.021875 0.021875
0 0.51484375 0.278125 0.0234375 0.025
0 0.5125 0.3046875 0.021875 0.0265625
0 0.53984375 0.309375 0.021875 0.025
0 0.50546875 0.33359375 0.025 0.025
0 0.59921875 0.2671875 0.021875 0.0265625
0 0.5765625 0.2859375 0.0234375 0.0234375
0 0.56640625 0.31640625 0.0234375 0.0265625
0 0.5234375 0.35546875 0.0265625 0.0265625
0 0.6625 0.3390625 0.021875 0.0234375
0 0.6921875 0.37421875 0.025 0.025
0 0.54765625 0.440625 0.021875 0.025
0 0.525 0.4453125 0.0203125 0.025
0 0.565625 0.45 0.021875 0.025
0 0.58828125 0.41484375 0.025 0.021875
0 0.57265625 0.47421875 0.021875 0.021875
0 0.60390625 0.45625 0.0265625 0.025
0 0.615625 0.47421875 0.0234375 0.01875
0 0.61484375 0.51796875 0.025 0.025
0 0.61953125 0.49375 0.01875 0.025
0 0.6015625 0.4953125 0.015625 0.0234375
0 0.6328125 0.4984375 0.0125 0.021875
0 0.76484375 0.403125 0.025 0.0265625
0 0.7453125 0.4328125 0.021875 0.0265625
0 0.72890625 0.4125 0.025 0.021875
0 0.71640625 0.44296875 0.025 0.0234375
0 0.6421875 0.51796875 0.025 0.021875
0 0.7921875 0.45703125 0.0234375 0.028125
0 0.7640625 0.4640625 0.025 0.025
0 0.73828125 0.4640625 0.021875 0.0234375
0 0.72578125 0.48359375 0.025 0.025
0 0.72734375 0.5078125 0.025 0.021875
0 0.80703125 0.48125 0.025 0.0234375
0 0.80703125 0.51640625 0.0265625 0.0234375
0 0.6484375 0.5734375 0.025 0.021875
0 0.6734375 0.559375 0.0234375 0.0265625
0 0.6625 0.59140625 0.021875 0.025
0 0.69140625 0.56171875 0.01875 0.021875
0 0.7109375 0.578125 0.021875 0.021875
0 0.69609375 0.6 0.025 0.025
0 0.80859375 0.5546875 0.0234375 0.028125
0 0.78046875 0.5625 0.0234375 0.021875
0 0.82109375 0.5765625 0.021875 0.021875
0 0.79453125 0.58125 0.025 0.021875
0 0.803125 0.615625 0.021875 0.025
0 0.7796875 0.60859375 0.025 0.021875
0 0.72265625 0.6234375 0.0234375 0.021875
0 0.62109375 0.6234375 0.025 0.025
0 0.70703125 0.6609375 0.025 0.0234375
0 0.69765625 0.6859375 0.0234375 0.021875
0 0.6125 0.6453125 0.021875 0.021875
0 0.60625 0.66875 0.021875 0.021875
0 0.60234375 0.690625 0.021875 0.021875
0 0.57578125 0.69765625 0.021875 0.025
0 0.5609375 0.71171875 0.0234375 0.021875
0 0.5515625 0.7328125 0.025 0.0234375
0 0.5984375 0.74453125 0.021875 0.021875
0 0.5765625 0.72578125 0.0203125 0.021875
0 0.6203125 0.75625 0.0203125 0.025
0 0.5609375 0.75390625 0.021875 0.021875
0 0.57109375 0.78828125 0.025 0.021875
0 0.540625 0.79140625 0.0234375 0.021875
0 0.575 0.825 0.0234375 0.021875
0 0.553125 0.8390625 0.025 0.021875
0 0.5984375 0.81328125 0.021875 0.021875
0 0.64609375 0.7703125 0.025 0.0234375
0 0.6984375 0.75234375 0.025 0.025
0 0.7125 0.76953125 0.021875 0.021875
0 0.7265625 0.7890625 0.025 0.025
0 0.709375 0.79375 0.0078125 0.021875
0 0.76328125 0.8234375 0.025 0.025
0 0.7609375 0.840625 0.021875 0.0140625
0 0.7890625 0.81796875 0.021875 0.0234375
0 0.47578125 0.4703125 0.021875 0.025
0 0.459375 0.49453125 0.0234375 0.0265625
0 0.4 0.453125 0.0234375 0.0234375
0 0.4140625 0.4734375 0.021875 0.021875
0 0.4140625 0.496875 0.021875 0.025
0 0.37109375 0.490625 0.021875 0.021875
0 0.3390625 0.48125 0.021875 0.0234375
0 0.315625 0.48515625 0.021875 0.025
0 0.3046875 0.45234375 0.021875 0.025
0 0.203125 0.4484375 0.025 0.025
0 0.1953125 0.47578125 0.025 0.025
0 0.25 0.4703125 0.021875 0.021875
0 0.22578125 0.47265625 0.021875 0.021875
0 0.27578125 0.49921875 0.0234375 0.021875
0 0.24453125 0.49375 0.0234375 0.021875
0 0.23671875 0.51875 0.025 0.0234375
0 0.20625 0.53515625 0.025 0.021875
0 0.21640625 0.55859375 0.025 0.0234375
0 0.2046875 0.5828125 0.0234375 0.021875
0 0.159375 0.53984375 0.021875 0.025
0 0.4828125 0.57890625 0.01875 0.0140625
0 0.48515625 0.6140625 0.021875 0.021875
0 0.48125 0.59453125 0.021875 0.0203125
0 0.4453125 0.59296875 0.025 0.0234375
0 0.415625 0.575 0.025 0.025
0 0.34765625 0.52421875 0.0234375 0.0234375
0 0.35390625 0.54609375 0.021875 0.0203125
0 0.3265625 0.54921875 0.0234375 0.0234375
0 0.34453125 0.565625 0.021875 0.0203125
0 0.3390625 0.5859375 0.021875 0.021875
0 0.3296875 0.6078125 0.021875 0.021875
0 0.31171875 0.5984375 0.021875 0.025
0 0.2078125 0.66015625 0.021875 0.0234375
0 0.2125 0.72890625 0.0265625 0.025
0 0.378125 0.6234375 0.0203125 0.021875
0 0.36640625 0.64453125 0.0234375 0.0234375
0 0.4046875 0.6765625 0.025 0.021875
0 0.34296875 0.67109375 0.025 0.021875
0 0.3421875 0.70390625 0.01875 0.021875
0 0.3625 0.71640625 0.021875 0.021875
0 0.4 0.70703125 0.021875 0.021875
0 0.4078125 0.73046875 0.021875 0.021875
0 0.38515625 0.7265625 0.021875 0.01875
0 0.37265625 0.7484375 0.0234375 0.021875
0 0.359375 0.78359375 0.021875 0.021875
0 0.396875 0.74921875 0.0203125 0.01875
0 0.37578125 0.76953125 0.021875 0.021875
0 0.38359375 0.78828125 0.0234375 0.025
0 0.36796875 0.8046875 0.021875 0.021875