0 0.68046875 0.48671875 0.01875 0.01875
0 0.65625 0.4921875 0.01875 0.01875
0 0.6265625 0.49921875 0.01875 0.01875
0 0.61484375 0.45625 0.01875 0.01875
0 0.6171875 0.515625 0.01875 0.0203125
0 0.60703125 0.50390625 0.01875 0.01875
0 0.58671875 0.49921875 0.01875 0.01875
0 0.578125 0.52109375 0.0203125 0.01875
0 0.5796875 0.5046875 0.015625 0.01875
0 0.59375 0.5125 0.01875 0.021875
0 0.6015625 0.54140625 0.0203125 0.021875
0 0.6109375 0.57734375 0.01875 0.021875
0 0.61171875 0.5578125 0.0203125 0.01875
0 0.63671875 0.621875 0.021875 0.021875
0 0.66640625 0.60546875 0.021875 0.021875
0 0.5953125 0.59609375 0.0203125 0.01875
0 0.58203125 0.58359375 0.01875 0.01875
0 0.56796875 0.56875 0.0203125 0.01875
0 0.546875 0.5484375 0.0203125 0.0203125
0 0.56015625 0.5125 0.0203125 0.01875
0 0.53984375 0.53515625 0.0203125 0.01875
0 0.521875 0.5265625 0.01875 0.01875
0 0.5609375 0.4859375 0.0203125 0.01875
0 0.51875 0.54296875 0.0203125 0.0203125
0 0.58828125 0.459375 0.0203125 0.021875
0 0.57109375 0.47421875 0.021875 0.01875
0 0.55859375 0.465625 0.0203125 0.01875
0 0.54921875 0.47578125 0.0203125 0.021875
0 0.64921875 0.37890625 0.0203125 0.01875
0 0.63671875 0.35078125 0.0203125 0.021875
0 0.63515625 0.38671875 0.021875 0.0203125
0 0.62421875 0.35703125 0.01875 0.021875
0 0.63984375 0.4015625 0.0203125 0.0203125
0 0.6 0.38203125 0.01875 0.021875
0 0.63515625 0.4171875 0.0203125 0.021875
0 0.609375 0.40078125 0.01875 0.0203125
0 0.61015625 0.4265625 0.021875 0.0203125
0 0.61796875 0.41484375 0.0203125 0.01875
0 0.6015625 0.3546875 0.0203125 0.01875
0 0.621875 0.3109375 0.021875 0.021875
0 0.59921875 0.3703125 0.0203125 0.01875
0 0.58671875 0.36796875 0.0203125 0.021875
0 0.56640625 0.38125 0.0203125 0.0203125
0 0.57265625 0.3375 0.021875 0.0203125
0 0.571875 0.37109375 0.01875 0.01875
0 0.56640625 0.39765625 0.021875 0.0203125
0 0.56328125 0.4171875 0.01875 0.01875
0 0.565625 0.44140625 0.0203125 0.0203125
0 0.584375 0.43359375 0.0203125 0.01875
0 0.58125 0.3125 0.01875 0.01875
0 0.56875 0.303125 0.01875 0.01875
0 0.56796875 0.28671875 0.0203125 0.01875
0 0.559375 0.24296875 0.021875 0.0203125
0 0.55078125 0.29453125 0.0203125 0.01875
0 0.53515625 0.28125 0.0203125 0.021875
0 0.51796875 0.26484375 0.0203125 0.01875
0 0.56171875 0.31875 0.01875 0.01875
0 0.54609375 0.32890625 0.01875 0.01875
0 0.54609375 0.36015625 0.01875 0.0203125
0 0.55703125 0.334375 0.01875 0.0171875
0 0.56015625 0.3625 0.01875 0.01875
0 0.534375 0.33515625 0.0203125 0.01875
0 0.521875 0.32578125 0.01875 0.0203125
0 0.50546875 0.30546875 0.0203125 0.01875
0 0.49609375 0.27734375 0.021875 0.021875
0 0.490625 0.3 0.01875 0.01875
0 0.49453125 0.31953125 0.0203125 0.021875
0 0.478125 0.31328125 0.0203125 0.021875
0 0.4859375 0.35390625 0.01875 0.01875
0 0.4546875 0.33046875 0.01875 0.0203125
0 0.51171875 0.3546875 0.0203125 0.0203125
0 0.5140625 0.37734375 0.01875 0.0203125
0 0.49921875 0.36171875 0.01875 0.01875
0 0.52890625 0.37265625 0.01875 0.021875
0 0.546875 0.38984375 0.01875 0.01875
0 0.52265625 0.40390625 0.021875 0.01875
0 0.54453125 0.40625 0.01875 0.01875
0 0.5515625 0.4328125 0.01875 0.01875
0 0.57578125 0.42109375 0.0171875 0.0171875
0 0.61328125 0.3765625 0.01875 0.0203125
0 0.52734375 0.4625 0.01875 0.01875
0 0.51953125 0.48671875 0.01875 0.01875
0 0.50546875 0.50546875 0.01875 0.01875
0 0.51015625 0.4625 0.01875 0.01875
0 0.5078125 0.44453125 0.01875 0.01875
0 0.503125 0.42109375 0.01875 0.01875
0 0.496875 0.43515625 0.01875 0.0171875
0 0.490625 0.4484375 0.01875 0.01875
0 0.47578125 0.453125 0.01875 0.01875
0 0.4859375 0.42421875 0.0203125 0.01875
0 0.48984375 0.4640625 0.01875 0.0203125
0 0.47421875 0.4140625 0.01875 0.01875
0 0.459375 0.38984375 0.021875 0.021875
0 0.44609375 0.40234375 0.01875 0.0203125
0 0.446875 0.384375 0.01875 0.021875
0 0.43125 0.37734375 0.0203125 0.0203125
0 0.44140625 0.359375 0.01875 0.021875
0 0.4484375 0.45 0.01875 0.01875
0 0.44609375 0.46875 0.01875 0.01875
0 0.41171875 0.44609375 0.01875 0.021875