0 0.86484375 0.4453125 0.028125 0.0328125
0 0.83515625 0.46015625 0.02734375 0.0296875
0 0.8375 0.3921875 0.028125 0.03203125
0 0.85078125 0.3578125 0.02734375 0.0328125
0 0.86796875 0.37890625 0.028125 0.03125
0 0.871875 0.41171875 0.028125 0.03203125
0 0.8109375 0.4625 0.028125 0.03125
0 0.85625 0.32578125 0.02734375 0.03125
0 0.828125 0.51640625 0.028125 0.03046875
0 0.75 0.5515625 0.02890625 0.03203125
0 0.784375 0.3625 0.028125 0.03125
0 0.8390625 0.4265625 0.02890625 0.03125
0 0.7953125 0.30703125 0.028125 0.03203125
0 0.8109375 0.34765625 0.028125 0.03203125
0 0.778125 0.56015625 0.02890625 0.03125
0 0.8109375 0.4265625 0.02890625 0.03203125
0 0.83125 0.30703125 0.028125 0.0328125
0 0.75625 0.58671875 0.02890625 0.0328125
0 0.8625 0.47890625 0.0296875 0.03125
0 0.60078125 0.44765625 0.03203125 0.03359375
0 0.59453125 0.51796875 0.03203125 0.034375
0 0.8 0.390625 0.028125 0.03046875
0 0.77421875 0.4703125 0.02890625 0.03203125
0 0.78828125 0.44140625 0.0296875 0.0328125
0 0.7625 0.428125 0.028125 0.03125
0 0.715625 0.4625 0.0296875 0.03359375
0 0.6546875 0.58046875 0.03046875 0.034375
0 0.63671875 0.4140625 0.03125 0.034375
0 0.72265625 0.5734375 0.02890625 0.0328125
0 0.65 0.48359375 0.03046875 0.03359375
0 0.621875 0.621875 0.03046875 0.03515625
0 0.73984375 0.5234375 0.028125 0.03125
0 0.78046875 0.49921875 0.03046875 0.0328125
0 0.7375 0.4359375 0.0296875 0.0328125
0 0.646875 0.5484375 0.03046875 0.03359375
0 0.7171875 0.4125 0.028125 0.03359375
0 0.65 0.615625 0.03125 0.03359375
0 0.5953125 0.6078125 0.03046875 0.034375
0 0.63828125 0.44921875 0.03203125 0.034375
0 0.60625 0.41328125 0.034375 0.034375
0 0.6203125 0.58359375 0.03203125 0.034375
0 0.80625 0.49765625 0.02578125 0.02890625
0 0.8375 0.265625 0.028125 0.03125
0 0.65703125 0.51484375 0.03125 0.03359375
0 0.64765625 0.32265625 0.03125 0.034375
0 0.78828125 0.52890625 0.02890625 0.0328125
0 0.76796875 0.3046875 0.028125 0.03359375
0 0.59921875 0.6453125 0.03203125 0.0359375
0 0.70703125 0.3703125 0.02734375 0.03203125
0 0.65078125 0.3734375 0.03046875 0.03515625
0 0.62421875 0.51953125 0.03046875 0.034375
0 0.6125 0.38125 0.03203125 0.0359375
0 0.78984375 0.2546875 0.03046875 0.03125
0 0.6984375 0.49375 0.0296875 0.034375
0 0.67734375 0.28828125 0.0296875 0.034375
0 0.6109375 0.55078125 0.0328125 0.034375
0 0.70078125 0.30703125 0.02890625 0.0328125
0 0.76015625 0.36796875 0.0265625 0.03203125
0 0.68828125 0.5796875 0.0296875 0.0328125
0 0.8109375 0.27734375 0.0296875 0.0328125
0 0.628125 0.3484375 0.03125 0.034375
0 0.6546875 0.68125 0.03125 0.0359375
0 0.5921875 0.48203125 0.0328125 0.034375
0 0.74375 0.39765625 0.02890625 0.03359375
0 0.69921875 0.4359375 0.03125 0.03359375
0 0.7125 0.2765625 0.02890625 0.03203125
0 0.6953125 0.396875 0.0296875 0.0328125
0 0.86171875 0.21484375 0.0265625 0.03203125
0 0.7015625 0.5515625 0.02890625 0.03203125
0 0.646875 0.6484375 0.03125 0.0359375
0 0.678125 0.70390625 0.03046875 0.034375
0 0.71796875 0.33359375 0.0296875 0.0328125
0 0.5453125 0.56875 0.0328125 0.0359375
0 0.68828125 0.334375 0.03125 0.03515625
0 0.746875 0.2796875 0.0296875 0.03125
0 0.66484375 0.40234375 0.03125 0.034375
0 0.69375 0.66875 0.03125 0.03515625
0 0.62265625 0.47421875 0.0328125 0.0359375
0 0.82421875 0.20078125 0.0265625 0.03046875
0 0.77265625 0.39609375 0.02890625 0.03125
0 0.7328125 0.25 0.0296875 0.0328125
0 0.5703125 0.62890625 0.03125 0.034375
0 0.6859375 0.52421875 0.02890625 0.03359375
0 0.746875 0.4671875 0.02890625 0.03359375
0 0.77734375 0.225 0.0296875 0.03125
0 0.70234375 0.62890625 0.0296875 0.03359375
0 0.709375 0.69453125 0.0296875 0.03515625
0 0.5671875 0.5953125 0.0328125 0.03515625
0 0.7125 0.52265625 0.02734375 0.03203125
0 0.675 0.553125 0.02890625 0.0328125
0 0.58984375 0.70546875 0.03046875 0.03515625
0 0.6515625 0.71875 0.03125 0.03515625
0 0.67890625 0.36640625 0.0296875 0.03359375
0 0.6296875 0.74296875 0.03046875 0.034375
0 0.6484375 0.2890625 0.03203125 0.0328125
0 0.6796875 0.73671875 0.03046875 0.03671875
0 0.67265625 0.46640625 0.0328125 0.03515625
0 0.53671875 0.70078125 0.034375 0.03671875
0 0.58046875 0.5640625 0.0328125 0.034375
0 0.78515625 0.60234375 0.03046875 0.03515625
0 0.734375 0.3671875 0.028125 0.0328125
0 0.61328125 0.675 0.03203125 0.0359375
0 0.678125 0.6125 0.03046875 0.03359375
0 0.62421875 0.70625 0.03203125 0.03515625
0 0.79375 0.1828125 0.03046875 0.03125
0 0.72890625 0.63984375 0.0296875 0.03515625
0 0.54453125 0.66328125 0.03359375 0.0359375
0 0.728125 0.49296875 0.02890625 0.03359375
0 0.56328125 0.71640625 0.03203125 0.03671875
0 0.696875 0.25 0.03046875 0.034375
0 0.80234375 0.1546875 0.02734375 0.03125
0 0.88515625 0.23203125 0.02578125 0.03359375
0 0.54140625 0.6171875 0.0328125 0.03828125
0 0.7515625 0.496875 0.02890625 0.0328125
0 0.77578125 0.15625 0.02734375 0.034375
0 0.6 0.73828125 0.03125 0.03515625
0 0.74453125 0.21328125 0.03046875 0.03203125
0 0.56640625 0.74921875 0.0328125 0.0359375
0 0.56171875 0.53828125 0.03515625 0.034375
0 0.65703125 0.7625 0.03203125 0.0375
0 0.6828125 0.22109375 0.03046875 0.034375
0 0.89921875 0.43046875 0.02734375 0.034375
0 0.8890625 0.33671875 0.02578125 0.03125
0 0.62734375 0.7875 0.03125 0.03671875
0 0.83515625 0.146875 0.0265625 0.03125
0 0.7453125 0.3390625 0.0296875 0.03359375
0 0.66171875 0.434375 0.03125 0.034375
0 0.57421875 0.678125 0.03671875 0.0390625
0 0.67578125 0.64296875 0.028125 0.03359375
0 0.546875 0.78515625 0.0328125 0.03828125
0 0.575 0.7984375 0.03203125 0.0359375
0 0.6 0.771875 0.03359375 0.0375
0 0.74296875 0.309375 0.03046875 0.034375
0 0.6609375 0.19453125 0.03125 0.03359375
0 0.5125 0.77890625 0.03359375 0.0375
0 0.83359375 0.61171875 0.03125 0.03125
0 0.7875 0.1 0.02890625 0.0390625
0 0.59140625 0.8390625 0.03203125 0.0375
0 0.9515625 0.490625 0.025 0.02890625
0 0.9015625 0.096875 0.02734375 0.034375
0 0.065625 0.675 0.04296875 0.0421875
0 0.0609375 0.63203125 0.0453125 0.04140625