0 0.8703125 0.76796875 0.0265625 0.028125
0 0.85 0.76328125 0.0265625 0.028125
0 0.8421875 0.7453125 0.025 0.0234375
0 0.859375 0.7328125 0.0265625 0.0265625
0 0.85 0.684375 0.0265625 0.0265625
0 0.86484375 0.66640625 0.025 0.0265625
0 0.8375 0.63515625 0.0265625 0.025
0 0.803125 0.5828125 0.03125 0.03125
0 0.79296875 0.40625 0.0296875 0.028125
0 0.78203125 0.43203125 0.0265625 0.0265625
0 0.796875 0.47109375 0.0265625 0.0265625
0 0.7765625 0.46484375 0.0265625 0.025
0 0.78359375 0.49375 0.0265625 0.0265625
0 0.765625 0.4828125 0.0265625 0.0265625
0 0.7484375 0.496875 0.0234375 0.0234375
0 0.74375 0.4765625 0.0265625 0.0234375
0 0.75625 0.45859375 0.028125 0.0265625
0 0.7359375 0.44375 0.0234375 0.0265625
0 0.7265625 0.4171875 0.0265625 0.028125
0 0.728125 0.46328125 0.025 0.0265625
0 0.7171875 0.4359375 0.0234375 0.0265625
0 0.6875 0.36796875 0.0265625 0.0265625
0 0.68125 0.346875 0.028125 0.0296875
0 0.68203125 0.43203125 0.0265625 0.0265625
0 0.68671875 0.41171875 0.0234375 0.0265625
0 0.66796875 0.44921875 0.0265625 0.0296875
0 0.6609375 0.4296875 0.0265625 0.0265625
0 0.66875 0.40859375 0.0234375 0.0265625
0 0.66015625 0.36171875 0.028125 0.0296875
0 0.63984375 0.41328125 0.0265625 0.025
0 0.62578125 0.39140625 0.028125 0.028125
0 0.7 0.54453125 0.0265625 0.0265625
0 0.68828125 0.521875 0.0265625 0.0265625
0 0.6640625 0.5171875 0.0265625 0.025
0 0.65546875 0.4921875 0.0234375 0.025
0 0.63203125 0.47890625 0.0265625 0.025
0 0.6390625 0.5015625 0.0234375 0.028125
0 0.6171875 0.50390625 0.025 0.0265625
0 0.596875 0.5 0.0265625 0.0265625
0 0.62421875 0.63984375 0.03125 0.03125
0 0.5640625 0.60546875 0.03125 0.03125
0 0.58359375 0.70859375 0.0265625 0.0265625
0 0.5765625 0.6734375 0.0265625 0.0265625
0 0.55703125 0.68984375 0.0265625 0.0265625
0 0.546875 0.7109375 0.0265625 0.025
0 0.5265625 0.7 0.0296875 0.0296875
0 0.5421875 0.6625 0.028125 0.0296875
0 0.51875 0.66171875 0.0265625 0.0265625
0 0.49921875 0.7359375 0.0296875 0.0328125
0 0.4203125 0.6640625 0.0296875 0.03125
0 0.5296875 0.559375 0.0265625 0.0265625
0 0.53359375 0.5359375 0.0296875 0.028125
0 0.509375 0.565625 0.0265625 0.0265625
0 0.5140625 0.54140625 0.0265625 0.025
0 0.4734375 0.54609375 0.028125 0.0265625
0 0.48984375 0.5671875 0.025 0.0265625
0 0.46875 0.565625 0.028125 0.0296875
0 0.503125 0.63671875 0.0265625 0.025
0 0.49765625 0.61484375 0.028125 0.0296875
0 0.471875 0.64609375 0.0265625 0.0265625
0 0.48125 0.63046875 0.0265625 0.025
0 0.475 0.61328125 0.025 0.0234375
0 0.45390625 0.6328125 0.025 0.0265625
0 0.45625 0.6109375 0.025 0.0234375
0 0.45 0.5890625 0.0265625 0.0265625
0 0.434375 0.6078125 0.028125 0.0265625
0 0.43046875 0.58828125 0.0265625 0.0234375
0 0.440625 0.515625 0.028125 0.0234375
0 0.41171875 0.578125 0.0234375 0.025
0 0.39140625 0.584375 0.0265625 0.025
0 0.39609375 0.5640625 0.0265625 0.0265625
0 0.4078125 0.54609375 0.0296875 0.025
0 0.421875 0.5296875 0.0265625 0.0234375
0 0.409375 0.51171875 0.0265625 0.0265625
0 0.3828125 0.5453125 0.0265625 0.025
0 0.39453125 0.52734375 0.025 0.0265625
0 0.37421875 0.5265625 0.0265625 0.025
0 0.37890625 0.49765625 0.028125 0.025
0 0.34921875 0.52578125 0.0265625 0.0265625
0 0.36328125 0.51015625 0.0265625 0.0234375
0 0.34296875 0.50078125 0.0265625 0.0234375
0 0.35390625 0.4796875 0.0265625 0.0265625
0 0.32109375 0.49921875 0.025 0.025
0 0.33125 0.4796875 0.0265625 0.0265625
0 0.50703125 0.26796875 0.03125 0.03125
0 0.51875 0.32421875 0.028125 0.028125
0 0.4953125 0.31484375 0.028125 0.0265625
0 0.60703125 0.31171875 0.0296875 0.0296875
0 0.5859375 0.29765625 0.0296875 0.028125
0 0.5609375 0.29140625 0.0265625 0.0265625
0 0.57578125 0.36171875 0.0296875 0.0296875
0 0.553125 0.3421875 0.0265625 0.025
0 0.54375 0.35625 0.0265625 0.0234375
0 0.5484375 0.328125 0.025 0.0234375
0 0.5609375 0.4140625 0.0265625 0.0265625
0 0.57265625 0.4 0.0234375 0.0265625
0 0.559375 0.390625 0.025 0.028125
0 0.5453125 0.39296875 0.0203125 0.0234375
0 0.54140625 0.48671875 0.03125 0.028125
0 0.52109375 0.48046875 0.025 0.0265625
0 0.52109375 0.43125 0.0296875 0.0265625
0 0.50234375 0.44609375 0.0265625 0.0265625
0 0.5015625 0.4671875 0.025 0.028125
0 0.4796875 0.4625 0.0234375 0.0234375
0 0.4625 0.45078125 0.025 0.0265625
0 0.43515625 0.465625 0.025 0.0265625
0 0.4421875 0.446875 0.0234375 0.0234375
0 0.44453125 0.4328125 0.0265625 0.021875
0 0.41875 0.43046875 0.0265625 0.0265625
0 0.40703125 0.45 0.0296875 0.028125
0 0.3953125 0.43203125 0.0265625 0.0265625
0 0.38671875 0.4 0.0296875 0.028125
0 0.4453125 0.2921875 0.0265625 0.0265625
0 0.43046875 0.32578125 0.025 0.0265625
0 0.4234375 0.3015625 0.03125 0.03125
0 0.42265625 0.26796875 0.0234375 0.0296875
0 0.409375 0.26328125 0.0171875 0.025
0 0.3875 0.31796875 0.0265625 0.0234375
0 0.3703125 0.3046875 0.0265625 0.0265625
0 0.3953125 0.290625 0.0265625 0.0265625
0 0.3828125 0.2703125 0.0265625 0.025
0 0.3734375 0.24765625 0.03125 0.03125
0 0.33203125 0.28203125 0.0296875 0.028125
0 0.35859375 0.325 0.028125 0.0296875
0 0.3234375 0.30234375 0.0265625 0.0265625
0 0.35078125 0.3 0.0265625 0.0234375
0 0.33359375 0.33984375 0.0265625 0.0265625
0 0.33671875 0.31796875 0.0265625 0.0265625
0 0.34140625 0.36171875 0.025 0.028125
0 0.309375 0.3296875 0.0296875 0.028125
0 0.2765625 0.35 0.025 0.0265625
0 0.2578125 0.359375 0.028125 0.028125
0 0.17421875 0.70859375 0.0296875 0.028125
0 0.171875 0.684375 0.03125 0.03125
0 0.1578125 0.678125 0.021875 0.028125
0 0.21875 0.6484375 0.0265625 0.028125
0 0.21171875 0.63671875 0.0203125 0.021875
0 0.23984375 0.64140625 0.0296875 0.028125
0 0.26015625 0.6296875 0.028125 0.0328125
0 0.2453125 0.575 0.0296875 0.028125
0 0.20546875 0.49140625 0.028125 0.0296875
0 0.18515625 0.46953125 0.03125 0.03125
0 0.15703125 0.31015625 0.034375 0.03125