0 0.5546875 0.43359375 0.0484375 0.0375
0 0.3109375 0.66875 0.0421875 0.03125
0 0.88203125 0.58984375 0.0453125 0.034375
0 0.14375 0.43359375 0.046875 0.034375
0 0.41796875 0.6 0.0421875 0.03125
0 0.153125 0.4015625 0.0515625 0.0375
0 0.18984375 0.453125 0.0453125 0.0359375
0 0.44140625 0.521875 0.046875 0.0359375
0 0.678125 0.50859375 0.0453125 0.034375
0 0.51640625 0.50859375 0.04375 0.0375
0 0.75859375 0.85234375 0.04375 0.0328125
0 0.78046875 0.56796875 0.046875 0.0328125
0 0.62265625 0.53515625 0.0453125 0.0328125
0 0.51015625 0.54453125 0.04375 0.0328125
0 0.80234375 0.6453125 0.0453125 0.0328125
0 0.84921875 0.6484375 0.0453125 0.034375
0 0.4734375 0.6 0.0453125 0.0328125
0 0.76171875 0.665625 0.0453125 0.034375
0 0.68046875 0.540625 0.0484375 0.0359375
0 0.68046875 0.6109375 0.0453125 0.0328125
0 0.45 0.82265625 0.0390625 0.0328125
0 0.58828125 0.5515625 0.0421875 0.0328125
0 0.740625 0.5796875 0.0453125 0.0328125
0 0.81796875 0.759375 0.0453125 0.0328125
0 0.7203125 0.55390625 0.0484375 0.034375
0 0.5265625 0.57109375 0.0453125 0.0328125
0 0.5203125 0.6 0.0484375 0.034375
0 0.44140625 0.86484375 0.0421875 0.0296875
0 0.65625 0.565625 0.0453125 0.0328125
0 0.49765625 0.90625 0.0390625 0.0296875
0 0.840625 0.6796875 0.04375 0.0328125
0 0.7546875 0.7390625 0.04375 0.03125
0 0.69453125 0.58125 0.0453125 0.0328125
0 0.80078125 0.70546875 0.0453125 0.0328125
0 0.74375 0.6328125 0.0453125 0.0328125
0 0.58828125 0.58125 0.04375 0.0328125
0 0.7328125 0.77109375 0.0421875 0.0328125
0 0.48984375 0.809375 0.040625 0.0296875
0 0.80390625 0.8 0.0421875 0.0328125
0 0.46953125 0.715625 0.040625 0.0296875
0 0.6 0.82265625 0.040625 0.0296875
0 0.79921875 0.67734375 0.0453125 0.0328125
0 0.49375 0.88203125 0.0390625 0.0296875
0 0.5953125 0.86953125 0.040625 0.0296875
0 0.76015625 0.69921875 0.0421875 0.0328125
0 0.4890625 0.63046875 0.0421875 0.03125
0 0.49296875 0.65859375 0.0421875 0.03125
0 0.59765625 0.609375 0.04375 0.0328125
0 0.5765625 0.64140625 0.0421875 0.0328125
0 0.6296875 0.64453125 0.0296875 0.0296875
0 0.48671875 0.771875 0.040625 0.0328125
0 0.64453125 0.809375 0.040625 0.0296875
0 0.7828125 0.775 0.0453125 0.03125
0 0.4828125 0.74453125 0.0421875 0.03125
0 0.71796875 0.6765625 0.0421875 0.0328125
0 0.6375 0.6140625 0.0453125 0.0328125
0 0.66328125 0.6375 0.04375 0.0328125
0 0.51640625 0.8609375 0.040625 0.0296875
0 0.52734375 0.628125 0.0421875 0.0328125
0 0.5609375 0.6734375 0.0421875 0.0328125
0 0.47890625 0.85390625 0.040625 0.03125
0 0.75703125 0.7953125 0.046875 0.0296875
0 0.4890625 0.68515625 0.040625 0.0296875
0 0.7140625 0.7375 0.0421875 0.03125
0 0.565625 0.85390625 0.0421875 0.0296875
0 0.53046875 0.6546875 0.0421875 0.0328125
0 0.5328125 0.80703125 0.0421875 0.0296875
0 0.67890625 0.6640625 0.0421875 0.0328125
0 0.57578125 0.7 0.0421875 0.03125
0 0.6375 0.78515625 0.0421875 0.0296875
0 0.63984375 0.66953125 0.0421875 0.0328125
0 0.55078125 0.828125 0.0421875 0.03125
0 0.625 0.7625 0.03125 0.0234375
0 0.646875 0.70703125 0.0421875 0.0328125
0 0.50390625 0.71171875 0.040625 0.03125
0 0.7046875 0.64140625 0.0453125 0.0328125
0 0.68359375 0.6921875 0.0421875 0.0328125
0 0.684375 0.7203125 0.0421875 0.0328125
0 0.54921875 0.77265625 0.04375 0.0328125
0 0.6109375 0.6390625 0.034375 0.0328125
0 0.55625 0.6078125 0.0375 0.0359375
0 0.60078125 0.66640625 0.0421875 0.0328125
0 0.53671875 0.69453125 0.0390625 0.0296875
0 0.61328125 0.6921875 0.040625 0.0296875
0 0.62734375 0.7296875 0.0390625 0.0296875
0 0.6796875 0.76796875 0.0390625 0.03125
0 0.72109375 0.7109375 0.040625 0.0296875
0 0.5921875 0.759375 0.0421875 0.03125
0 0.59140625 0.73046875 0.04375 0.034375
0 0.521875 0.734375 0.0421875 0.03125
0 0.553125 0.71953125 0.0390625 0.0296875
0 0.5578125 0.74609375 0.0390625 0.028125
0 0.5640625 0.79765625 0.0421875 0.0265625
0 0.5984375 0.78515625 0.0390625 0.0265625
0 0.50234375 0.834375 0.0390625 0.0265625
0 0.72265625 0.60625 0.0484375 0.0328125
0 0.62890625 0.58515625 0.04375 0.0328125
0 0.63984375 0.75078125 0.0359375 0.025
0 0.6625 0.7453125 0.0421875 0.0296875