0 0.82109375 0.44140625 0.0296875 0.0265625
0 0.84375 0.41640625 0.028125 0.028125
0 0.79375 0.43046875 0.028125 0.0234375
0 0.80234375 0.45546875 0.034375 0.025
0 0.85546875 0.4453125 0.028125 0.028125
0 0.76875 0.45625 0.0265625 0.0234375
0 0.72578125 0.43515625 0.028125 0.028125
0 0.7375 0.40625 0.03125 0.03125
0 0.7 0.42890625 0.0265625 0.0234375
0 0.6390625 0.39140625 0.028125 0.0234375
0 0.6671875 0.43125 0.0328125 0.0265625
0 0.62109375 0.4078125 0.028125 0.0234375
0 0.6203125 0.43203125 0.0296875 0.0234375
0 0.55859375 0.39453125 0.028125 0.025
0 0.5734375 0.421875 0.028125 0.0265625
0 0.69296875 0.46953125 0.0296875 0.0265625
0 0.84453125 0.50390625 0.0265625 0.0234375
0 0.81171875 0.4828125 0.0296875 0.0265625
0 0.8375 0.52890625 0.0296875 0.025
0 0.896875 0.51875 0.0359375 0.0296875
0 0.85078125 0.55546875 0.0265625 0.0265625
0 0.68046875 0.49140625 0.0234375 0.0234375
0 0.69296875 0.51484375 0.0265625 0.0234375
0 0.7125 0.49921875 0.028125 0.025
0 0.73046875 0.55625 0.028125 0.0296875
0 0.69921875 0.53671875 0.0296875 0.025
0 0.709375 0.56171875 0.028125 0.0296875
0 0.6125 0.1859375 0.0265625 0.0203125
0 0.6125 0.20625 0.0234375 0.0203125
0 0.6484375 0.21171875 0.025 0.025
0 0.67734375 0.2109375 0.028125 0.025
0 0.58359375 0.19296875 0.0265625 0.0234375
0 0.590625 0.209375 0.0234375 0.0171875
0 0.61171875 0.22421875 0.0234375 0.0203125
0 0.62265625 0.2421875 0.0234375 0.021875
0 0.65234375 0.26171875 0.025 0.025
0 0.58984375 0.228125 0.0234375 0.0203125
0 0.6015625 0.24609375 0.0234375 0.0203125
0 0.6171875 0.26171875 0.0234375 0.0234375
0 0.63515625 0.27734375 0.025 0.0234375
0 0.56875 0.22109375 0.021875 0.0203125
0 0.59375 0.2671875 0.021875 0.0203125
0 0.33671875 0.04140625 0.0234375 0.021875
0 0.3328125 0.0578125 0.0265625 0.0203125
0 0.35 0.06953125 0.025 0.021875
0 0.3671875 0.059375 0.0234375 0.01875
0 0.41171875 0.0796875 0.0234375 0.0203125
0 0.43671875 0.07421875 0.025 0.025
0 0.4578125 0.1046875 0.025 0.0234375
0 0.496875 0.15 0.0265625 0.0203125
0 0.540625 0.22421875 0.028125 0.0265625
0 0.53984375 0.24609375 0.025 0.0203125
0 0.54375 0.2734375 0.0265625 0.0203125
0 0.48046875 0.22265625 0.0265625 0.0203125
0 0.5125 0.2453125 0.025 0.0234375
0 0.4609375 0.20390625 0.0265625 0.0234375
0 0.4828125 0.24609375 0.0265625 0.0234375
0 0.52265625 0.28984375 0.028125 0.021875
0 0.50625 0.365625 0.021875 0.0234375
0 0.48671875 0.35625 0.0234375 0.0234375
0 0.4671875 0.36328125 0.0234375 0.0234375
0 0.4484375 0.32734375 0.0265625 0.0234375
0 0.42421875 0.3625 0.0265625 0.021875
0 0.45546875 0.384375 0.0265625 0.0234375
0 0.4078125 0.378125 0.0234375 0.0203125
0 0.41796875 0.39921875 0.0203125 0.0234375
0 0.3859375 0.39453125 0.01875 0.0234375
0 0.4015625 0.41875 0.0265625 0.0265625
0 0.37109375 0.41328125 0.0265625 0.025
0 0.40234375 0.390625 0.025 0.0234375
0 0.38828125 0.25078125 0.0234375 0.0234375
0 0.30546875 0.30390625 0.028125 0.0234375
0 0.35 0.27578125 0.0265625 0.0234375
0 0.28515625 0.3171875 0.025 0.0234375
0 0.3125 0.3328125 0.025 0.0234375
0 0.27265625 0.29140625 0.0296875 0.025
0 0.28359375 0.34609375 0.025 0.0203125
0 0.29296875 0.36796875 0.0296875 0.025
0 0.2578125 0.34375 0.0265625 0.0265625
0 0.28515625 0.38984375 0.0265625 0.0234375
0 0.20859375 0.35234375 0.0296875 0.025
0 0.23046875 0.33046875 0.0265625 0.0234375
0 0.1953125 0.3875 0.0296875 0.025
0 0.53515625 0.5046875 0.0265625 0.0171875
0 0.5390625 0.51875 0.028125 0.0234375
0 0.57734375 0.52734375 0.0265625 0.0296875
0 0.6125 0.5109375 0.0296875 0.028125
0 0.52890625 0.54375 0.028125 0.0296875
0 0.353125 0.471875 0.0234375 0.0265625
0 0.30625 0.45 0.0203125 0.0234375
0 0.32734375 0.4484375 0.028125 0.0296875
0 0.33125 0.484375 0.0265625 0.0265625
0 0.2828125 0.46484375 0.0265625 0.0234375
0 0.290625 0.4890625 0.028125 0.0265625
0 0.18203125 0.4234375 0.0265625 0.0265625
0 0.21015625 0.43671875 0.0265625 0.028125
0 0.1609375 0.44453125 0.0234375 0.0203125
0 0.18828125 0.453125 0.0296875 0.0265625
0 0.16796875 0.48984375 0.0296875 0.028125
0 0.19453125 0.48359375 0.025 0.025
0 0.25390625 0.5109375 0.0296875 0.028125
0 0.26328125 0.55703125 0.03125 0.028125
0 0.265625 0.5875 0.0296875 0.028125
0 0.1296875 0.78203125 0.0359375 0.0234375
0 0.1015625 0.74453125 0.0296875 0.0359375
0 0.20703125 0.72578125 0.025 0.0265625
0 0.13046875 0.75546875 0.0328125 0.0328125
0 0.19609375 0.7109375 0.0296875 0.0296875
0 0.21796875 0.69375 0.0328125 0.0296875
0 0.23828125 0.671875 0.03125 0.03125
0 0.37578125 0.55390625 0.0265625 0.0265625
0 0.37109375 0.52734375 0.03125 0.03125
0 0.37890625 0.584375 0.0296875 0.028125
0 0.378125 0.61171875 0.03125 0.03125
0 0.40703125 0.625 0.0234375 0.0265625
0 0.42421875 0.64453125 0.03125 0.03125
0 0.3015625 0.7078125 0.034375 0.0375
0 0.34140625 0.69296875 0.0328125 0.034375
0 0.40078125 0.66328125 0.0265625 0.028125
0 0.42890625 0.6734375 0.03125 0.03125
0 0.36953125 0.67890625 0.03125 0.03125
0 0.41171875 0.70078125 0.03125 0.0328125
0 0.3921875 0.75 0.0328125 0.034375
0 0.4296875 0.75703125 0.0328125 0.0375
0 0.346875 0.7765625 0.0328125 0.034375
0 0.378125 0.80234375 0.0296875 0.028125
0 0.40390625 0.825 0.03125 0.0359375
0 0.65234375 0.5734375 0.0296875 0.028125
0 0.6640625 0.6 0.03125 0.03125
0 0.69296875 0.6375 0.03125 0.0328125
0 0.62109375 0.671875 0.03125 0.0328125
0 0.6171875 0.6328125 0.03125 0.0265625
0 0.61015625 0.69765625 0.03125 0.03125
0 0.6359375 0.69921875 0.0296875 0.0296875
0 0.6671875 0.69140625 0.03125 0.0328125
0 0.68984375 0.678125 0.034375 0.028125
0 0.64296875 0.7625 0.034375 0.0296875
0 0.64921875 0.73125 0.028125 0.0296875
0 0.653125 0.81328125 0.0359375 0.0375
0 0.62109375 0.73046875 0.028125 0.03125
0 0.63203125 0.7859375 0.03125 0.0328125
0 0.66640625 0.78359375 0.0328125 0.03125
0 0.85 0.64609375 0.0296875 0.0296875
0 0.85078125 0.73671875 0.034375 0.0421875