0 0.70546875 0.53203125 0.01875 0.0296875
0 0.70078125 0.56484375 0.0203125 0.0328125
0 0.665625 0.50625 0.0234375 0.0421875
0 0.684375 0.50859375 0.0203125 0.0296875
0 0.6890625 0.54453125 0.01875 0.0296875
0 0.68046875 0.53203125 0.015625 0.0234375
0 0.6671875 0.640625 0.021875 0.03125
0 0.67265625 0.6109375 0.0234375 0.0328125
0 0.6953125 0.59140625 0.0203125 0.0296875
0 0.64453125 0.50234375 0.0171875 0.0296875
0 0.628125 0.515625 0.0234375 0.0328125
0 0.6171875 0.49453125 0.0203125 0.034375
0 0.60703125 0.5375 0.0234375 0.0359375
0 0.64453125 0.5625 0.01875 0.0328125
0 0.625 0.57578125 0.0265625 0.0328125
0 0.6515625 0.59453125 0.021875 0.0296875
0 0.64296875 0.625 0.021875 0.0296875
0 0.6484375 0.66484375 0.0203125 0.0359375
0 0.65078125 0.69140625 0.0203125 0.025
0 0.64375 0.71875 0.0234375 0.028125
0 0.653125 0.73984375 0.0234375 0.028125
0 0.64921875 0.80546875 0.0234375 0.0359375
0 0.6328125 0.6890625 0.021875 0.03125
0 0.6234375 0.71875 0.0203125 0.0296875
0 0.6296875 0.7453125 0.0203125 0.0296875
0 0.6203125 0.77109375 0.0203125 0.0265625
0 0.63125 0.7921875 0.021875 0.0328125
0 0.59921875 0.81015625 0.025 0.0328125
0 0.5875 0.84375 0.0265625 0.0359375
0 0.6109375 0.69296875 0.0203125 0.0328125
0 0.60390625 0.725 0.0203125 0.0328125
0 0.6015625 0.75625 0.025 0.0328125
0 0.59296875 0.78203125 0.0203125 0.0296875
0 0.5703125 0.81796875 0.0234375 0.0328125
0 0.5828125 0.7546875 0.0203125 0.0359375
0 0.57421875 0.7828125 0.0203125 0.028125
0 0.55546875 0.7984375 0.0265625 0.034375
0 0.59453125 0.7015625 0.01875 0.028125
0 0.57734375 0.71328125 0.021875 0.03125
0 0.5671875 0.7390625 0.021875 0.03125
0 0.5515625 0.76796875 0.025 0.0359375
0 0.5875 0.675 0.0265625 0.0328125
0 0.56328125 0.69609375 0.0234375 0.0328125
0 0.55078125 0.72421875 0.0234375 0.034375
0 0.53515625 0.74609375 0.0234375 0.0328125
0 0.5734375 0.6515625 0.021875 0.0328125
0 0.57421875 0.6171875 0.0234375 0.0359375
0 0.55234375 0.64453125 0.0234375 0.0359375
0 0.5078125 0.7453125 0.0265625 0.0359375
0 0.54765625 0.590625 0.0234375 0.0328125
0 0.5609375 0.55546875 0.0234375 0.0390625
0 0.53984375 0.55703125 0.0234375 0.0328125
0 0.56953125 0.51015625 0.021875 0.0328125
0 0.54453125 0.52421875 0.0203125 0.0328125
0 0.52109375 0.5453125 0.025 0.0328125
0 0.52734375 0.5125 0.0234375 0.0359375
0 0.53359375 0.4828125 0.0203125 0.0296875
0 0.50859375 0.49140625 0.0203125 0.0328125
0 0.49453125 0.51484375 0.0234375 0.034375
0 0.49296875 0.46796875 0.021875 0.0359375
0 0.53984375 0.45078125 0.0203125 0.0328125
0 0.5171875 0.459375 0.0234375 0.034375
0 0.5484375 0.41484375 0.0203125 0.0359375
0 0.52734375 0.42265625 0.0203125 0.0328125
0 0.5046875 0.43515625 0.0234375 0.0359375
0 0.5125 0.4015625 0.021875 0.0359375
0 0.48359375 0.41875 0.025 0.034375
0 0.4921875 0.3859375 0.0234375 0.0328125
0 0.51796875 0.34453125 0.0203125 0.0375
0 0.4984375 0.35234375 0.0265625 0.0375
0 0.5015625 0.30859375 0.0234375 0.0328125
0 0.478125 0.33046875 0.0234375 0.0359375
0 0.46640625 0.3625 0.025 0.0328125
0 0.48828125 0.28515625 0.0234375 0.040625
0 0.46796875 0.29921875 0.0203125 0.0359375
0 0.453125 0.32421875 0.025 0.0359375
0 0.43125 0.34140625 0.0265625 0.0359375
0 0.5234375 0.25546875 0.0265625 0.0359375
0 0.48515625 0.240625 0.0234375 0.0359375
0 0.4671875 0.2578125 0.021875 0.0328125
0 0.446875 0.2734375 0.0296875 0.034375
0 0.43125 0.2984375 0.0328125 0.0390625
0 0.46328125 0.21328125 0.0265625 0.0390625
0 0.4421875 0.23046875 0.0296875 0.0375
0 0.44765625 0.17734375 0.028125 0.0375
0 0.42578125 0.2 0.0296875 0.034375
0 0.51796875 0.10078125 0.0296875 0.0359375
0 0.48515625 0.10078125 0.028125 0.0390625
0 0.4390625 0.1359375 0.0296875 0.0375
0 0.4453125 0.0609375 0.0265625 0.0390625
0 0.42421875 0.03046875 0.0265625 0.0375
0 0.3828125 0.1296875 0.0296875 0.0390625
0 0.38984375 0.0328125 0.028125 0.0390625
0 0.36640625 0.05703125 0.0296875 0.0390625
0 0.365625 0.0921875 0.0296875 0.0328125
0 0.35 0.121875 0.0296875 0.0390625
0 0.33984375 0.04375 0.0265625 0.0390625
0 0.3171875 0.06484375 0.0328125 0.0421875
0 0.31640625 0.10390625 0.03125 0.0390625