0 0.5078125 0.91484375 0.028125 0.03125
0 0.7453125 0.409375 0.025 0.0265625
0 0.77890625 0.39453125 0.025 0.0265625
0 0.68671875 0.67265625 0.025 0.0265625
0 0.76015625 0.4421875 0.0234375 0.025
0 0.73671875 0.48515625 0.025 0.0265625
0 0.75546875 0.4890625 0.021875 0.025
0 0.78515625 0.45 0.0234375 0.0265625
0 0.86015625 0.71875 0.021875 0.025
0 0.7234375 0.44375 0.025 0.0265625
0 0.71171875 0.55546875 0.0234375 0.025
0 0.77265625 0.41796875 0.0234375 0.025
0 0.7015625 0.6203125 0.0234375 0.0265625
0 0.71640625 0.57890625 0.025 0.0265625
0 0.73515625 0.57421875 0.025 0.0265625
0 0.70859375 0.775 0.025 0.0265625
0 0.67734375 0.653125 0.025 0.0265625
0 0.6421875 0.7234375 0.025 0.0265625
0 0.69609375 0.571875 0.025 0.0265625
0 0.790625 0.4109375 0.0234375 0.025
0 0.74375 0.55234375 0.0234375 0.0265625
0 0.74140625 0.4328125 0.021875 0.025
0 0.703125 0.596875 0.025 0.0265625
0 0.73828125 0.459375 0.025 0.0265625
0 0.7375 0.69453125 0.0234375 0.0265625
0 0.778125 0.3703125 0.021875 0.0265625
0 0.77890625 0.34609375 0.025 0.0265625
0 0.7265625 0.72109375 0.0234375 0.0265625
0 0.72109375 0.51640625 0.025 0.0265625
0 0.77265625 0.32265625 0.025 0.0265625
0 0.7328125 0.596875 0.025 0.0265625
0 0.76171875 0.465625 0.025 0.0265625
0 0.659375 0.684375 0.025 0.0265625
0 0.6984375 0.69140625 0.025 0.028125
0 0.72578125 0.41953125 0.025 0.0265625
0 0.7 0.9203125 0.0234375 0.0265625
0 0.7765625 0.5546875 0.025 0.0265625
0 0.71640625 0.89765625 0.0234375 0.0265625
0 0.72421875 0.53828125 0.0234375 0.025
0 0.68515625 0.8953125 0.0265625 0.0265625
0 0.696875 0.75625 0.0234375 0.0265625
0 0.70390625 0.2609375 0.0171875 0.0234375
0 0.715625 0.634375 0.025 0.0265625
0 0.76875 0.29296875 0.025 0.0265625
0 0.6828125 0.6296875 0.025 0.0265625
0 0.73125 0.39296875 0.025 0.0265625
0 0.7453125 0.79609375 0.025 0.0296875
0 0.728125 0.81796875 0.0234375 0.0265625
0 0.64453125 0.67109375 0.025 0.0265625
0 0.70234375 0.80390625 0.025 0.0265625
0 0.66875 0.75703125 0.025 0.0265625
0 0.78515625 0.30546875 0.025 0.0265625
0 0.7578125 0.5125 0.025 0.0265625
0 0.7265625 0.84453125 0.025 0.0265625
0 0.6859375 0.87109375 0.025 0.0265625
0 0.6953125 0.321875 0.0265625 0.0296875
0 0.71015625 0.83359375 0.025 0.0265625
0 0.721875 0.68515625 0.025 0.0265625
0 0.60625 0.8265625 0.025 0.0265625
0 0.7265625 0.33828125 0.0171875 0.0203125
0 0.67890625 0.8046875 0.025 0.0265625
0 0.74375 0.2828125 0.025 0.0265625
0 0.7046875 0.49453125 0.025 0.0265625
0 0.70859375 0.73515625 0.025 0.0265625
0 0.7625 0.26640625 0.025 0.0265625
0 0.71875 0.86640625 0.025 0.0265625
0 0.6671875 0.7140625 0.025 0.0296875
0 0.78203125 0.2703125 0.0234375 0.0265625
0 0.61484375 0.88125 0.0265625 0.0265625
0 0.59296875 0.87265625 0.0265625 0.028125
0 0.60703125 0.7453125 0.025 0.0265625
0 0.70859375 0.93984375 0.0265625 0.0265625
0 0.69375 0.40703125 0.025 0.028125
0 0.728125 0.91875 0.021875 0.025
0 0.76875 0.5328125 0.025 0.0265625
0 0.678125 0.82890625 0.025 0.0265625
0 0.65703125 0.6484375 0.025 0.0265625
0 0.74375 0.25546875 0.025 0.0265625
0 0.70546875 0.46953125 0.028125 0.03125
0 0.68359375 0.546875 0.0265625 0.0265625
0 0.70546875 0.29765625 0.01875 0.0234375
0 0.6234375 0.721875 0.025 0.028125
0 0.63671875 0.6984375 0.0265625 0.028125
0 0.74296875 0.53125 0.025 0.0265625
0 0.64921875 0.93125 0.0234375 0.0265625
0 0.684375 0.78046875 0.025 0.0265625
0 0.69921875 0.38046875 0.0265625 0.0265625
0 0.73515625 0.76796875 0.0234375 0.0265625
0 0.79921875 0.43125 0.021875 0.0265625
0 0.74921875 0.309375 0.025 0.0265625
0 0.69765625 0.715625 0.025 0.028125
0 0.66640625 0.8515625 0.025 0.0296875
0 0.70859375 0.5328125 0.025 0.0265625
0 0.7625 0.6046875 0.025 0.0265625
0 0.65078125 0.97578125 0.0234375 0.0265625
0 0.621875 0.91953125 0.025 0.0265625
0 0.61875 0.97890625 0.025 0.028125
0 0.64609375 0.89296875 0.025 0.0296875
0 0.690625 0.5203125 0.025 0.0296875
0 0.74453125 0.83046875 0.025 0.0265625
0 0.796875 0.28359375 0.0234375 0.0265625
0 0.58359375 0.85546875 0.025 0.028125
0 0.8 0.321875 0.025 0.0265625
0 0.6671875 0.615625 0.025 0.0265625
0 0.79609375 0.36328125 0.025 0.0265625
0 0.73359375 0.665625 0.025 0.0265625
0 0.78515625 0.47421875 0.025 0.0265625
0 0.725 0.78984375 0.025 0.0265625
0 0.7203125 0.75234375 0.0234375 0.0265625
0 0.7921875 0.2484375 0.025 0.0265625
0 0.75625 0.2296875 0.025 0.0265625
0 0.7625 0.69453125 0.025 0.0265625
0 0.79765625 0.496875 0.025 0.0265625
0 0.7109375 0.3546875 0.025 0.0296875
0 0.740625 0.86640625 0.025 0.0265625
0 0.5796875 0.82109375 0.025 0.0265625
0 0.63515625 0.6484375 0.025 0.028125
0 0.67890625 0.43984375 0.025 0.0265625
0 0.74140625 0.5046875 0.0234375 0.0234375
0 0.6640625 0.90390625 0.025 0.0296875
0 0.80078125 0.38828125 0.0234375 0.0265625
0 0.68359375 0.596875 0.025 0.0265625
0 0.73984375 0.63359375 0.0234375 0.0265625
0 0.73984375 0.36875 0.025 0.028125
0 0.59921875 0.79765625 0.025 0.0265625
0 0.678125 0.975 0.025 0.0265625
0 0.76015625 0.659375 0.0234375 0.0265625
0 0.78671875 0.5734375 0.025 0.0265625
0 0.64609375 0.62265625 0.025 0.0265625
0 0.90546875 0.52578125 0.01875 0.021875
0 0.70390625 0.65625 0.025 0.0265625
0 0.65703125 0.596875 0.025 0.0265625
0 0.6203125 0.803125 0.025 0.0265625
0 0.68515625 0.4640625 0.025 0.0265625
0 0.7921875 0.15859375 0.025 0.0296875
0 0.58671875 0.69375 0.0265625 0.028125
0 0.81484375 0.27734375 0.025 0.0265625
0 0.771875 0.24453125 0.0234375 0.0296875
0 0.75703125 0.3828125 0.025 0.0265625
0 0.68046875 0.35078125 0.0265625 0.0296875
0 0.7625 0.3578125 0.025 0.0265625
0 0.78671875 0.18984375 0.025 0.028125
0 0.73671875 0.89296875 0.01875 0.0203125
0 0.9 0.69609375 0.0234375 0.0234375