0 0.27578125 0.2125 0.03671875 0.03125
0 0.31171875 0.18046875 0.0390625 0.03125
0 0.378125 0.20546875 0.03828125 0.0296875
0 0.3765625 0.1484375 0.034375 0.0265625
0 0.41640625 0.15078125 0.040625 0.0265625
0 0.43828125 0.1734375 0.03515625 0.028125
0 0.5171875 0.19765625 0.0359375 0.02734375
0 0.528125 0.2265625 0.03671875 0.0296875
0 0.60625 0.28203125 0.03984375 0.03046875
0 0.696875 0.35546875 0.04140625 0.0296875
0 0.61796875 0.34296875 0.03671875 0.02734375
0 0.546875 0.33046875 0.034375 0.02734375
0 0.56328125 0.3671875 0.0328125 0.02890625
0 0.33359375 0.23984375 0.0390625 0.03046875
0 0.19921875 0.25703125 0.0390625 0.02890625
0 0.38984375 0.29140625 0.034375 0.02890625
0 0.353125 0.30078125 0.0359375 0.02578125
0 0.3703125 0.32890625 0.0390625 0.03046875
0 0.51328125 0.396875 0.0390625 0.02890625
0 0.434375 0.34921875 0.0359375 0.03046875
0 0.3640625 0.3546875 0.03203125 0.02734375
0 0.396875 0.3609375 0.03671875 0.02734375
0 0.41171875 0.3859375 0.03046875 0.0265625
0 0.44609375 0.3796875 0.03671875 0.02734375
0 0.48125 0.38203125 0.034375 0.028125
0 0.5 0.4234375 0.03125 0.02890625
0 0.53671875 0.421875 0.0359375 0.02734375
0 0.25703125 0.30546875 0.0375 0.0296875
0 0.29140625 0.31640625 0.03671875 0.0296875
0 0.2140625 0.328125 0.03828125 0.03046875
0 0.265625 0.38046875 0.04375 0.028125
0 0.2765625 0.3515625 0.0390625 0.02890625
0 0.3140625 0.3421875 0.0359375 0.028125
0 0.33359375 0.371875 0.0375 0.02890625
0 0.36953125 0.3828125 0.034375 0.0265625
0 0.38359375 0.4078125 0.0359375 0.02734375
0 0.40234375 0.43125 0.0359375 0.02578125
0 0.43046875 0.4125 0.0328125 0.028125
0 0.46484375 0.41953125 0.03203125 0.02578125
0 0.4671875 0.446875 0.03046875 0.02578125
0 0.503125 0.45234375 0.0359375 0.0265625
0 0.43203125 0.44609375 0.03359375 0.0265625
0 0.3125 0.4 0.040625 0.02890625
0 0.303125 0.4265625 0.03828125 0.02421875
0 0.334375 0.44453125 0.03515625 0.025
0 0.36875 0.4859375 0.03515625 0.0265625
0 0.33984375 0.471875 0.03828125 0.0265625
0 0.3796875 0.459375 0.0375 0.02734375
0 0.409375 0.471875 0.03359375 0.02734375
0 0.4515625 0.47109375 0.03125 0.02734375
0 0.48359375 0.4796875 0.034375 0.025
0 0.5640625 0.465625 0.03828125 0.02734375
0 0.340625 0.50859375 0.0390625 0.02890625
0 0.403125 0.5 0.03671875 0.0265625
0 0.440625 0.49609375 0.034375 0.028125
0 0.48671875 0.5046875 0.03125 0.02421875
0 0.51796875 0.4921875 0.034375 0.02578125
0 0.42578125 0.51953125 0.03359375 0.0265625
0 0.4640625 0.5234375 0.0328125 0.0296875
0 0.396875 0.53203125 0.034375 0.03203125
0 0.4421875 0.54453125 0.0328125 0.02734375
0 0.3796875 0.55859375 0.03359375 0.02734375
0 0.38671875 0.5875 0.040625 0.0296875
0 0.41484375 0.56171875 0.03671875 0.028125
0 0.45625 0.57109375 0.0375 0.02890625
0 0.4875 0.54921875 0.03515625 0.0296875
0 0.5109375 0.52734375 0.03203125 0.02421875
0 0.52421875 0.55390625 0.03359375 0.0265625
0 0.55859375 0.55390625 0.03203125 0.0296875
0 0.521875 0.58203125 0.03046875 0.02734375
0 0.5484375 0.57890625 0.02890625 0.02578125
0 0.56953125 0.59375 0.0328125 0.025
0 0.53671875 0.60546875 0.03203125 0.02421875
0 0.56484375 0.62265625 0.034375 0.03125
0 0.4890625 0.6265625 0.034375 0.03125
0 0.525 0.6328125 0.03359375 0.03046875
0 0.4421875 0.6234375 0.03671875 0.02890625
0 0.45234375 0.65546875 0.03828125 0.02890625
0 0.4921875 0.6625 0.03203125 0.03046875
0 0.53046875 0.6609375 0.0375 0.02734375
0 0.578125 0.7125 0.03359375 0.03046875
0 0.52265625 0.68828125 0.03515625 0.02265625
0 0.58671875 0.6828125 0.0359375 0.03203125
0 0.53984375 0.7125 0.0328125 0.02734375
0 0.56875 0.740625 0.03359375 0.02734375
0 0.61171875 0.73515625 0.03359375 0.02890625
0 0.53046875 0.7390625 0.03515625 0.028125
0 0.44765625 0.7140625 0.03515625 0.0296875
0 0.4828125 0.7375 0.03671875 0.0296875
0 0.5171875 0.765625 0.03828125 0.02890625
0 0.59765625 0.7625 0.03515625 0.03046875
0 0.48203125 0.7875 0.03671875 0.03125
0 0.628125 0.78984375 0.04296875 0.0296875
0 0.5609375 0.7796875 0.034375 0.02734375
0 0.59140625 0.80546875 0.034375 0.0296875
0 0.575 0.83515625 0.0375 0.02890625