0 0.40078125 0.6625 0.01875 0.0234375
0 0.45 0.69765625 0.01875 0.021875
0 0.58125 0.70078125 0.01875 0.01875
0 0.59375 0.6546875 0.015625 0.0171875
0 0.60859375 0.65546875 0.015625 0.0171875
0 0.6234375 0.65546875 0.015625 0.0171875
0 0.62890625 0.640625 0.0140625 0.0140625
0 0.6 0.63828125 0.0171875 0.0171875
0 0.6140625 0.6390625 0.0140625 0.015625
0 0.6078125 0.62421875 0.0171875 0.0171875
0 0.62265625 0.628125 0.0171875 0.015625
0 0.6359375 0.628125 0.0171875 0.0171875
0 0.64453125 0.64296875 0.01875 0.0203125
0 0.6578125 0.63828125 0.0140625 0.015625
0 0.6609375 0.6234375 0.01875 0.01875
0 0.678125 0.6328125 0.0171875 0.0171875
0 0.6875 0.62265625 0.015625 0.0171875
0 0.7015625 0.634375 0.01875 0.01875
0 0.65625 0.6078125 0.01875 0.01875
0 0.6484375 0.61953125 0.01875 0.01875
0 0.63984375 0.60546875 0.01875 0.01875
0 0.61328125 0.609375 0.01875 0.021875
0 0.6296875 0.615625 0.01875 0.01875
0 0.63671875 0.58984375 0.0171875 0.0171875
0 0.65703125 0.5859375 0.01875 0.01875
0 0.665625 0.57421875 0.01875 0.01875
0 0.64296875 0.575 0.01875 0.01875
0 0.65234375 0.55859375 0.015625 0.0171875
0 0.67109375 0.55859375 0.01875 0.01875
0 0.70546875 0.58984375 0.0171875 0.01875
0 0.71875 0.58671875 0.015625 0.0171875
0 0.709375 0.575 0.0171875 0.0171875
0 0.72421875 0.57421875 0.0171875 0.0203125
0 0.73203125 0.559375 0.015625 0.0171875
0 0.69765625 0.55625 0.0171875 0.0171875
0 0.7109375 0.55859375 0.015625 0.01875
0 0.72109375 0.55078125 0.015625 0.0171875
0 0.728125 0.53828125 0.0140625 0.015625
0 0.73515625 0.5265625 0.0171875 0.0171875
0 0.715625 0.5375 0.01875 0.01875
0 0.71953125 0.5234375 0.0171875 0.01875
0 0.70078125 0.53828125 0.0171875 0.0171875
0 0.70703125 0.52578125 0.015625 0.0171875
0 0.6859375 0.53828125 0.0171875 0.01875
0 0.67734375 0.525 0.015625 0.0171875
0 0.69296875 0.52578125 0.015625 0.0171875
0 0.684375 0.5125 0.015625 0.0171875
0 0.6984375 0.5125 0.0140625 0.015625
0 0.71015625 0.50859375 0.015625 0.0171875
0 0.72265625 0.5046875 0.0140625 0.0140625
0 0.7359375 0.5078125 0.015625 0.015625
0 0.71328125 0.4953125 0.015625 0.01875
0 0.6921875 0.49921875 0.015625 0.0171875
0 0.675 0.4796875 0.015625 0.0171875
0 0.68828125 0.48671875 0.01875 0.01875
0 0.7015625 0.48515625 0.0140625 0.0140625
0 0.7109375 0.47734375 0.015625 0.0171875
0 0.72578125 0.4734375 0.015625 0.0171875
0 0.696875 0.4703125 0.0171875 0.0171875
0 0.70546875 0.4609375 0.0125 0.0140625
0 0.7203125 0.45546875 0.0140625 0.015625
0 0.69296875 0.45546875 0.015625 0.015625
0 0.678125 0.45234375 0.0171875 0.0203125
0 0.69453125 0.440625 0.015625 0.0171875
0 0.70859375 0.44140625 0.015625 0.0171875
0 0.7203125 0.4375 0.0171875 0.0171875
0 0.71484375 0.41796875 0.015625 0.0171875
0 0.7015625 0.40625 0.0140625 0.0171875
0 0.7125 0.40078125 0.015625 0.0171875
0 0.709375 0.38515625 0.015625 0.0171875
0 0.72109375 0.36796875 0.0140625 0.015625
0 0.69765625 0.390625 0.0140625 0.0171875
0 0.659375 0.42890625 0.015625 0.0171875
0 0.66640625 0.409375 0.0140625 0.0140625
0 0.6515625 0.39921875 0.01875 0.01875
0 0.6859375 0.39453125 0.0140625 0.015625
0 0.68828125 0.38125 0.0140625 0.0140625
0 0.6984375 0.37265625 0.01875 0.01875
0 0.67578125 0.3859375 0.0125 0.0140625
0 0.64140625 0.3890625 0.015625 0.015625
0 0.6703125 0.36328125 0.0140625 0.015625
0 0.68515625 0.36484375 0.0140625 0.0171875
0 0.696875 0.35546875 0.015625 0.0171875
0 0.68125 0.34765625 0.015625 0.0203125
0 0.69296875 0.3421875 0.0140625 0.01875
0 0.7078125 0.33984375 0.015625 0.0171875
0 0.68203125 0.325 0.015625 0.0171875
0 0.69609375 0.33046875 0.015625 0.0171875
0 0.7109375 0.32578125 0.0171875 0.0203125
0 0.6890625 0.30859375 0.015625 0.01875
0 0.70234375 0.31328125 0.01875 0.021875
0 0.70234375 0.3 0.015625 0.0171875
0 0.6921875 0.28984375 0.0171875 0.0203125
0 0.7109375 0.28671875 0.0171875 0.01875
0 0.68828125 0.26796875 0.0171875 0.0203125
0 0.70078125 0.271875 0.015625 0.0171875
0 0.64296875 0.33125 0.0171875 0.01875
0 0.6515625 0.2953125 0.01875 0.021875
0 0.61640625 0.31953125 0.01875 0.0203125
0 0.62578125 0.2953125 0.015625 0.0203125
0 0.596875 0.284375 0.015625 0.0171875
0 0.6078125 0.2796875 0.015625 0.0203125
0 0.61171875 0.2953125 0.0171875 0.0203125
0 0.6171875 0.27265625 0.015625 0.0171875
0 0.628125 0.2625 0.0203125 0.01875
0 0.60625 0.2640625 0.015625 0.0171875
0 0.59375 0.26875 0.0171875 0.0171875
0 0.61015625 0.33984375 0.015625 0.0203125
0 0.60859375 0.36015625 0.01875 0.01875
0 0.609375 0.37734375 0.01875 0.01875
0 0.60859375 0.3921875 0.0140625 0.015625
0 0.54453125 0.57109375 0.0171875 0.0203125
0 0.57265625 0.5421875 0.015625 0.0171875
0 0.58359375 0.53125 0.015625 0.0171875
0 0.525 0.52734375 0.01875 0.0203125
0 0.5765625 0.48984375 0.01875 0.01875
0 0.6 0.44765625 0.015625 0.0171875
0 0.59140625 0.434375 0.0140625 0.015625
0 0.6078125 0.43515625 0.0140625 0.015625
0 0.62109375 0.4328125 0.015625 0.0171875
0 0.63671875 0.4265625 0.0125 0.015625
0 0.6046875 0.4203125 0.015625 0.0171875
0 0.6234375 0.41953125 0.0140625 0.0140625
0 0.621875 0.4046875 0.0140625 0.015625
0 0.6359375 0.4125 0.0140625 0.0140625
0 0.60078125 0.403125 0.015625 0.0171875
0 0.69765625 0.221875 0.0140625 0.0140625
0 0.58125 0.2578125 0.0140625 0.0171875
0 0.565625 0.25546875 0.0140625 0.015625
0 0.59140625 0.25078125 0.0140625 0.015625
0 0.603125 0.25 0.0140625 0.015625
0 0.61796875 0.253125 0.0140625 0.0171875
0 0.62578125 0.24140625 0.015625 0.0171875
0 0.60859375 0.23671875 0.0140625 0.0171875
0 0.61796875 0.22578125 0.015625 0.015625
0 0.59140625 0.2375 0.0140625 0.0140625
0 0.60234375 0.2234375 0.015625 0.0171875
0 0.5796875 0.24375 0.015625 0.0171875
0 0.5765625 0.22890625 0.0109375 0.015625
0 0.58828125 0.22109375 0.0140625 0.015625
0 0.56171875 0.22890625 0.015625 0.0171875
0 0.57109375 0.21328125 0.015625 0.0171875
0 0.5875 0.20546875 0.01875 0.01875
0 0.5515625 0.21015625 0.015625 0.0171875