0 0.25390625 0.6109375 0.021875 0.021875
0 0.27421875 0.590625 0.0203125 0.021875
0 0.32265625 0.61875 0.0203125 0.021875
0 0.328125 0.60390625 0.01875 0.01875
0 0.3640625 0.63203125 0.0203125 0.0203125
0 0.34296875 0.60703125 0.015625 0.01875
0 0.34609375 0.590625 0.01875 0.01875
0 0.36640625 0.6140625 0.021875 0.021875
0 0.3625 0.59453125 0.01875 0.01875
0 0.38828125 0.62421875 0.01875 0.01875
0 0.38828125 0.60859375 0.01875 0.01875
0 0.403125 0.6140625 0.01875 0.01875
0 0.3859375 0.5890625 0.01875 0.01875
0 0.45703125 0.67265625 0.0171875 0.01875
0 0.39921875 0.59296875 0.01875 0.01875
0 0.46171875 0.61953125 0.0171875 0.01875
0 0.52109375 0.65625 0.015625 0.01875
0 0.53671875 0.6046875 0.015625 0.01875
0 0.55546875 0.61796875 0.015625 0.0171875
0 0.55078125 0.60546875 0.015625 0.01875
0 0.5515625 0.58984375 0.015625 0.01875
0 0.54609375 0.5734375 0.015625 0.0171875
0 0.5546875 0.5515625 0.015625 0.01875
0 0.56328125 0.5375 0.015625 0.0171875
0 0.575 0.54765625 0.0140625 0.015625
0 0.578125 0.53203125 0.015625 0.0171875
0 0.5859375 0.54296875 0.015625 0.015625
0 0.49140625 0.5359375 0.01875 0.01875
0 0.43359375 0.53671875 0.01875 0.01875
0 0.36640625 0.56328125 0.01875 0.01875
0 0.38046875 0.5515625 0.01875 0.0203125
0 0.40703125 0.4984375 0.0203125 0.0203125
0 0.509375 0.49296875 0.015625 0.01875
0 0.521875 0.49765625 0.015625 0.01875
0 0.53203125 0.50078125 0.015625 0.01875
0 0.54765625 0.509375 0.015625 0.0171875
0 0.5515625 0.49609375 0.015625 0.015625
0 0.540625 0.490625 0.015625 0.015625
0 0.54921875 0.484375 0.015625 0.0171875
0 0.57109375 0.4984375 0.0171875 0.01875
0 0.56171875 0.484375 0.015625 0.0171875
0 0.57421875 0.4828125 0.0140625 0.0171875
0 0.5640625 0.46953125 0.015625 0.015625
0 0.5515625 0.47109375 0.015625 0.0171875
0 0.53828125 0.471875 0.015625 0.015625
0 0.5265625 0.48515625 0.015625 0.015625
0 0.52890625 0.47734375 0.015625 0.015625
0 0.51484375 0.4796875 0.015625 0.015625
0 0.50859375 0.46796875 0.015625 0.015625
0 0.49609375 0.47421875 0.015625 0.01875
0 0.4796875 0.46953125 0.015625 0.01875
0 0.4671875 0.46484375 0.015625 0.01875
0 0.4328125 0.44140625 0.0171875 0.0203125
0 0.48828125 0.46171875 0.015625 0.0171875
0 0.5015625 0.45859375 0.015625 0.0171875
0 0.51328125 0.45078125 0.015625 0.015625
0 0.51953125 0.46484375 0.015625 0.0171875
0 0.5 0.43828125 0.015625 0.0171875
0 0.53203125 0.4609375 0.015625 0.0171875
0 0.5234375 0.44921875 0.015625 0.0171875
0 0.53671875 0.44921875 0.015625 0.01875
0 0.55390625 0.45625 0.015625 0.0171875
0 0.5734375 0.6046875 0.0171875 0.01875
0 0.60078125 0.64609375 0.015625 0.01875
0 0.61875 0.65 0.015625 0.0171875
0 0.6171875 0.63203125 0.015625 0.0171875
0 0.63203125 0.615625 0.015625 0.015625
0 0.6234375 0.59765625 0.015625 0.0171875
0 0.61796875 0.57421875 0.015625 0.01875
0 0.56953125 0.45 0.015625 0.0171875
0 0.57265625 0.434375 0.015625 0.015625
0 0.58203125 0.4421875 0.015625 0.015625
0 0.59140625 0.43359375 0.015625 0.01875
0 0.57890625 0.4203125 0.015625 0.015625
0 0.56484375 0.415625 0.015625 0.0171875
0 0.553125 0.4078125 0.015625 0.015625
0 0.540625 0.4046875 0.015625 0.015625
0 0.5359375 0.39296875 0.015625 0.015625
0 0.58203125 0.40546875 0.015625 0.015625
0 0.56015625 0.39453125 0.015625 0.0171875
0 0.590625 0.41640625 0.015625 0.0171875
0 0.55625 0.3859375 0.015625 0.0171875
0 0.54453125 0.38203125 0.015625 0.015625
0 0.53359375 0.38125 0.015625 0.015625
0 0.52109375 0.3828125 0.015625 0.015625
0 0.509375 0.3953125 0.015625 0.01875
0 0.50703125 0.38046875 0.015625 0.015625
0 0.49453125 0.3734375 0.015625 0.0171875
0 0.46796875 0.375 0.015625 0.0171875
0 0.459375 0.39921875 0.0171875 0.01875
0 0.44609375 0.3625 0.0171875 0.01875
0 0.46796875 0.35859375 0.015625 0.01875
0 0.4421875 0.34140625 0.0203125 0.0203125
0 0.4125 0.3375 0.01875 0.01875
0 0.37109375 0.35390625 0.01875 0.01875
0 0.346875 0.39609375 0.01875 0.01875
0 0.35546875 0.43515625 0.0203125 0.0203125
0 0.31171875 0.4109375 0.0203125 0.021875
0 0.31640625 0.38515625 0.0203125 0.021875
0 0.2828125 0.3984375 0.0203125 0.021875
0 0.2890625 0.3640625 0.021875 0.021875
0 0.51484375 0.36953125 0.015625 0.015625
0 0.515625 0.35625 0.015625 0.015625
0 0.528125 0.36875 0.015625 0.015625
0 0.53125 0.3546875 0.015625 0.0171875
0 0.53984375 0.36875 0.0140625 0.015625
0 0.54609375 0.35625 0.015625 0.015625
0 0.55390625 0.36484375 0.015625 0.015625
0 0.56328125 0.3765625 0.015625 0.0171875
0 0.5671875 0.36328125 0.015625 0.015625
0 0.57890625 0.359375 0.015625 0.01875
0 0.55703125 0.34609375 0.015625 0.01875
0 0.54453125 0.34375 0.015625 0.015625
0 0.52578125 0.34375 0.015625 0.01875
0 0.50859375 0.34375 0.015625 0.01875
0 0.49765625 0.3359375 0.015625 0.01875
0 0.5140625 0.32890625 0.0171875 0.015625
0 0.53203125 0.3328125 0.015625 0.0171875
0 0.5359375 0.3203125 0.015625 0.01875
0 0.5234375 0.31328125 0.0171875 0.0171875
0 0.53125 0.3015625 0.0171875 0.0171875
0 0.5453125 0.32890625 0.015625 0.015625
0 0.55703125 0.32890625 0.015625 0.01875
0 0.55390625 0.31328125 0.015625 0.0171875
0 0.5703125 0.32265625 0.0171875 0.015625
0 0.58671875 0.32578125 0.015625 0.015625
0 0.603125 0.3328125 0.015625 0.0171875
0 0.61484375 0.334375 0.015625 0.015625
0 0.62734375 0.3359375 0.015625 0.01875
0 0.57734375 0.2921875 0.015625 0.01875
0 0.56484375 0.28125 0.0171875 0.01875
0 0.55078125 0.27421875 0.01875 0.015625
0 0.53203125 0.2734375 0.015625 0.01875
0 0.553125 0.2609375 0.01875 0.01875
0 0.5546875 0.24453125 0.01875 0.01875
0 0.5671875 0.24140625 0.01875 0.01875
0 0.596875 0.2734375 0.01875 0.01875
0 0.65078125 0.31328125 0.0171875 0.015625
0 0.64140625 0.29921875 0.015625 0.0171875
0 0.628125 0.29609375 0.01875 0.015625
0 0.63046875 0.28203125 0.015625 0.015625
0 0.63359375 0.26796875 0.015625 0.015625
0 0.6578125 0.26875 0.01875 0.01875
0 0.65546875 0.253125 0.0171875 0.01875