0 0.7796875 0.3390625 0.03125 0.0359375
0 0.7890625 0.55546875 0.028125 0.0359375
0 0.7328125 0.52265625 0.028125 0.034375
0 0.7421875 0.565625 0.0296875 0.034375
0 0.7625 0.59140625 0.0296875 0.0328125
0 0.77109375 0.61953125 0.028125 0.0328125
0 0.775 0.659375 0.028125 0.034375
0 0.7359375 0.709375 0.025 0.03125
0 0.7171875 0.73046875 0.025 0.03125
0 0.6921875 0.7390625 0.0296875 0.0375
0 0.65390625 0.903125 0.025 0.03125
0 0.63671875 0.8859375 0.025 0.0296875
0 0.59921875 0.90625 0.0296875 0.0375
0 0.61328125 0.815625 0.028125 0.0328125
0 0.55234375 0.8359375 0.03125 0.0359375
0 0.575 0.77578125 0.028125 0.0328125
0 0.56640625 0.753125 0.0296875 0.0390625
0 0.46953125 0.715625 0.028125 0.034375
0 0.490625 0.71875 0.028125 0.034375
0 0.52265625 0.734375 0.03125 0.0359375
0 0.6765625 0.60078125 0.0296875 0.0359375
0 0.61796875 0.67578125 0.0296875 0.0375
0 0.61328125 0.63671875 0.025 0.034375
0 0.59609375 0.64765625 0.0296875 0.0390625
0 0.57421875 0.66953125 0.0296875 0.0328125
0 0.559375 0.646875 0.03125 0.0328125
0 0.56640625 0.61171875 0.0328125 0.0390625
0 0.61953125 0.53046875 0.028125 0.0328125
0 0.63125 0.50625 0.0296875 0.0359375
0 0.65 0.51015625 0.025 0.034375
0 0.709375 0.43671875 0.028125 0.0359375
0 0.6796875 0.44375 0.028125 0.0359375
0 0.64296875 0.4515625 0.03125 0.0359375
0 0.5984375 0.4578125 0.03125 0.0359375
0 0.59921875 0.4875 0.03125 0.0359375
0 0.54375 0.59609375 0.034375 0.034375
0 0.48671875 0.571875 0.03125 0.0359375
0 0.45234375 0.56484375 0.03125 0.0328125
0 0.4390625 0.50390625 0.03125 0.0359375
0 0.4640625 0.48046875 0.03125 0.0359375
0 0.53671875 0.4609375 0.028125 0.0359375
0 0.52421875 0.490625 0.028125 0.0328125
0 0.490625 0.4703125 0.028125 0.0359375
0 0.5375 0.41875 0.028125 0.0359375
0 0.68828125 0.34609375 0.03125 0.0359375
0 0.6609375 0.34140625 0.03125 0.034375
0 0.61484375 0.34765625 0.028125 0.0328125
0 0.6171875 0.29921875 0.028125 0.0359375
0 0.4921875 0.30078125 0.0296875 0.0328125
0 0.4921875 0.3515625 0.028125 0.0328125
0 0.47734375 0.32734375 0.028125 0.0359375
0 0.5109375 0.28203125 0.03125 0.0359375
0 0.52734375 0.3171875 0.03125 0.0328125
0 0.59296875 0.26875 0.028125 0.0328125
0 0.55390625 0.27421875 0.0296875 0.034375
0 0.6625 0.1125 0.0328125 0.0390625
0 0.628125 0.1078125 0.0296875 0.0359375
0 0.58671875 0.05390625 0.0296875 0.0359375
0 0.6 0.0765625 0.03125 0.0359375
0 0.58515625 0.134375 0.028125 0.0359375
0 0.56640625 0.165625 0.03125 0.0328125
0 0.24921875 0.3609375 0.0328125 0.0328125
0 0.27578125 0.1875 0.0328125 0.0359375
0 0.215625 0.2765625 0.03125 0.0359375
0 0.5609375 0.04140625 0.034375 0.0390625
0 0.546875 0.08046875 0.028125 0.0328125
0 0.5140625 0.1234375 0.0296875 0.0328125
0 0.5109375 0.09375 0.03125 0.0328125
0 0.509375 0.0640625 0.028125 0.0359375
0 0.5265625 0.04453125 0.028125 0.034375
0 0.4953125 0.03671875 0.0359375 0.040625
0 0.4828125 0.07109375 0.028125 0.0359375
0 0.4796875 0.10078125 0.03125 0.034375
0 0.425 0.0875 0.034375 0.0375
0 0.3265625 0.16328125 0.0328125 0.034375
0 0.3359375 0.32421875 0.0328125 0.0390625
0 0.3609375 0.25390625 0.0359375 0.0375
0 0.40546875 0.16640625 0.0328125 0.0390625
0 0.39453125 0.20703125 0.03125 0.0359375
0 0.44453125 0.15625 0.03125 0.0359375
0 0.46640625 0.171875 0.0296875 0.0375
0 0.446875 0.20234375 0.03125 0.0359375
0 0.4328125 0.2265625 0.028125 0.0359375
0 0.4109375 0.2390625 0.0296875 0.0359375
0 0.3953125 0.26484375 0.03125 0.0359375
0 0.446875 0.32890625 0.028125 0.0328125
0 0.43046875 0.378125 0.0328125 0.0390625
0 0.35234375 0.4765625 0.034375 0.0390625
0 0.35546875 0.57734375 0.03125 0.0359375
0 0.33359375 0.52890625 0.0296875 0.0328125
0 0.3078125 0.54765625 0.03125 0.0359375
0 0.32421875 0.571875 0.028125 0.0359375
0 0.29609375 0.57890625 0.03125 0.034375
0 0.28671875 0.49296875 0.0328125 0.0390625
0 0.2671875 0.5296875 0.03125 0.0359375
0 0.25546875 0.5859375 0.03125 0.0390625
0 0.2640625 0.621875 0.03125 0.040625
0 0.28515625 0.6390625 0.03125 0.0359375
0 0.42890625 0.68671875 0.0328125 0.040625