0 0.459375 0.52734375 0.03125 0.02578125
0 0.49375 0.53125 0.0296875 0.025
0 0.41953125 0.540625 0.0296875 0.02421875
0 0.2765625 0.50078125 0.0328125 0.02421875
0 0.32109375 0.48828125 0.03203125 0.02421875
0 0.296875 0.44296875 0.03515625 0.025
0 0.2390625 0.31796875 0.03359375 0.0265625
0 0.28984375 0.41328125 0.03515625 0.02421875
0 0.36640625 0.3609375 0.03125 0.02421875
0 0.3859375 0.3875 0.0296875 0.02265625
0 0.40859375 0.42421875 0.03046875 0.021875
0 0.43359375 0.46875 0.0296875 0.0234375
0 0.46484375 0.45703125 0.034375 0.02265625
0 0.46875 0.39921875 0.03203125 0.0234375
0 0.46875 0.41953125 0.0328125 0.01875
0 0.5 0.42421875 0.028125 0.02265625
0 0.55 0.3390625 0.034375 0.0296875
0 0.4578125 0.22421875 0.034375 0.028125
0 0.446875 0.30234375 0.03203125 0.025
0 0.48671875 0.2765625 0.03359375 0.02734375
0 0.5078125 0.240625 0.03203125 0.02734375
0 0.53359375 0.21875 0.03359375 0.0265625
0 0.57890625 0.19765625 0.03125 0.02578125
0 0.64453125 0.22890625 0.03359375 0.02421875
0 0.6765625 0.24296875 0.03046875 0.02421875
0 0.69375 0.26875 0.034375 0.0265625
0 0.89296875 0.25390625 0.03359375 0.02578125
0 0.87578125 0.27890625 0.034375 0.02421875
0 0.90703125 0.3171875 0.0328125 0.025
0 0.803125 0.33515625 0.03359375 0.025
0 0.83828125 0.3953125 0.0296875 0.02578125
0 0.7453125 0.40625 0.03125 0.02421875
0 0.76953125 0.39140625 0.03125 0.0234375
0 0.64765625 0.37578125 0.03125 0.02421875
0 0.609375 0.39609375 0.03046875 0.02265625
0 0.6265625 0.409375 0.03046875 0.0234375
0 0.65390625 0.425 0.03515625 0.0234375
0 0.590625 0.47890625 0.03046875 0.021875
0 0.59765625 0.45234375 0.03203125 0.0234375
0 0.6359375 0.45 0.03203125 0.025
0 0.7375 0.45859375 0.03359375 0.02421875
0 0.73125 0.4953125 0.03046875 0.02265625
0 0.73359375 0.51875 0.03203125 0.0265625
0 0.5859375 0.54140625 0.028125 0.0234375
0 0.7125 0.565625 0.03046875 0.02265625
0 0.58984375 0.57734375 0.028125 0.021875
0 0.4875 0.56875 0.02734375 0.01953125
0 0.503125 0.58984375 0.0265625 0.0234375
0 0.5328125 0.60703125 0.0296875 0.0234375
0 0.2578125 0.5328125 0.03046875 0.02109375
0 0.28046875 0.56640625 0.02734375 0.0234375
0 0.33203125 0.58046875 0.028125 0.0203125
0 0.30390625 0.603125 0.02734375 0.02109375
0 0.3296875 0.615625 0.03046875 0.02109375
0 0.359375 0.621875 0.03203125 0.0203125
0 0.37421875 0.60234375 0.0328125 0.0234375
0 0.37265625 0.646875 0.0296875 0.02109375
0 0.421875 0.6484375 0.02890625 0.02109375
0 0.53828125 0.68828125 0.03203125 0.02265625
0 0.63125 0.66171875 0.03125 0.0234375
0 0.63359375 0.690625 0.0296875 0.02109375
0 0.590625 0.6921875 0.028125 0.02421875
0 0.61484375 0.70859375 0.0296875 0.02109375
0 0.64921875 0.71171875 0.0296875 0.02109375
0 0.70390625 0.7046875 0.0328125 0.0203125
0 0.696875 0.72578125 0.0265625 0.021875
0 0.66484375 0.74140625 0.03046875 0.02265625
0 0.575 0.7390625 0.0265625 0.021875
0 0.6109375 0.746875 0.03046875 0.02109375
0 0.084375 0.51171875 0.03359375 0.02265625
0 0.09765625 0.54296875 0.03046875 0.0234375
0 0.1796875 0.5828125 0.02734375 0.0203125
0 0.14140625 0.57578125 0.03046875 0.0234375
0 0.08515625 0.57734375 0.02578125 0.021875
0 0.071875 0.596875 0.03046875 0.01875
0 0.0734375 0.62265625 0.02734375 0.02109375
0 0.1671875 0.6421875 0.02890625 0.01875
0 0.09375 0.65078125 0.02578125 0.0171875
0 0.11875 0.66171875 0.0265625 0.01875
0 0.14296875 0.6515625 0.028125 0.01796875
0 0.1140625 0.6234375 0.03046875 0.02265625
0 0.10234375 0.67890625 0.02734375 0.0203125
0 0.13515625 0.6828125 0.02734375 0.01953125
0 0.16328125 0.6765625 0.02734375 0.02109375
0 0.2234375 0.6921875 0.02890625 0.02109375
0 0.175 0.7234375 0.02734375 0.02109375
0 0.2265625 0.6703125 0.02734375 0.0203125
0 0.24765625 0.72265625 0.0296875 0.0234375
0 0.26171875 0.67890625 0.025 0.0203125
0 0.28828125 0.68515625 0.02734375 0.01796875
0 0.3078125 0.6984375 0.028125 0.01875
0 0.4703125 0.79765625 0.02734375 0.021875
0 0.4078125 0.73828125 0.0296875 0.01953125
0 0.3359375 0.70625 0.02890625 0.021875
0 0.2859375 0.721875 0.0296875 0.02109375
0 0.3390625 0.7359375 0.03125 0.02265625
0 0.27734375 0.784375 0.0296875 0.021875
0 0.31796875 0.81640625 0.03046875 0.02109375
0 0.4109375 0.84140625 0.0296875 0.02265625