0 0.4140625 0.85078125 0.0296875 0.01875
0 0.41015625 0.83125 0.0328125 0.03125
0 0.37734375 0.84375 0.03203125 0.03046875
0 0.42890625 0.87109375 0.0265625 0.0328125
0 0.3953125 0.87265625 0.03046875 0.0328125
0 0.36328125 0.87421875 0.03203125 0.034375
0 0.45859375 0.87578125 0.0328125 0.034375
0 0.434375 0.90546875 0.02890625 0.03359375
0 0.40703125 0.90546875 0.03359375 0.034375
0 0.44140625 0.9375 0.03203125 0.034375
0 0.41015625 0.93671875 0.03359375 0.0328125
0 0.47734375 0.84609375 0.03203125 0.03359375
0 0.4484375 0.83671875 0.03046875 0.03203125
0 0.43125 0.81015625 0.025 0.03046875
0 0.403125 0.79921875 0.02734375 0.03359375
0 0.375 0.81171875 0.034375 0.03515625
0 0.46171875 0.803125 0.03203125 0.0328125
0 0.340625 0.828125 0.0359375 0.0328125
0 0.34453125 0.79375 0.0328125 0.03515625
0 0.296875 0.79296875 0.03515625 0.034375
0 0.321875 0.77578125 0.03359375 0.03203125
0 0.37265625 0.77578125 0.02890625 0.0359375
0 0.41953125 0.76796875 0.021875 0.0375
0 0.39453125 0.76875 0.028125 0.03359375
0 0.44453125 0.778125 0.03046875 0.0328125
0 0.478125 0.7703125 0.03046875 0.034375
0 0.44765625 0.74609375 0.03203125 0.03203125
0 0.5015625 0.7484375 0.03125 0.0328125
0 0.47421875 0.7234375 0.0296875 0.0328125
0 0.50390625 0.715625 0.03046875 0.03203125
0 0.484375 0.6921875 0.03046875 0.0296875
0 0.515625 0.68671875 0.03125 0.03125
0 0.44765625 0.69296875 0.03359375 0.034375
0 0.41640625 0.70703125 0.03203125 0.03359375
0 0.47578125 0.66171875 0.0328125 0.0328125
0 0.5234375 0.65546875 0.03125 0.0328125
0 0.55 0.6328125 0.03359375 0.03125
0 0.55625 0.66328125 0.03046875 0.0328125
0 0.63671875 0.61796875 0.0296875 0.03203125
0 0.60859375 0.61875 0.0265625 0.034375
0 0.58046875 0.61328125 0.0296875 0.0328125
0 0.5859375 0.56953125 0.03125 0.03671875
0 0.61796875 0.53828125 0.0203125 0.0375
0 0.590625 0.51484375 0.03203125 0.0203125
0 0.5953125 0.5375 0.02890625 0.02734375
0 0.509375 0.60703125 0.03203125 0.0328125
0 0.50625 0.575 0.03125 0.03203125
0 0.47421875 0.57578125 0.0296875 0.03125
0 0.475 0.61015625 0.03046875 0.0328125
0 0.51015625 0.5328125 0.03125 0.03125
0 0.53046875 0.54375 0.0265625 0.03125
0 0.47578125 0.53515625 0.03046875 0.0328125
0 0.5609375 0.50625 0.028125 0.03203125
0 0.53359375 0.49375 0.02890625 0.03203125
0 0.5046875 0.5 0.03046875 0.03046875
0 0.4796875 0.4828125 0.03046875 0.03125
0 0.50703125 0.46875 0.02734375 0.03125
0 0.54765625 0.43515625 0.03046875 0.0296875
0 0.5359375 0.4640625 0.03046875 0.03046875
0 0.5171875 0.43671875 0.03203125 0.0296875
0 0.44453125 0.6109375 0.0296875 0.02890625
0 0.4375 0.64140625 0.03203125 0.03125
0 0.4109375 0.6203125 0.03203125 0.0296875
0 0.37890625 0.62578125 0.03046875 0.0296875
0 0.36015625 0.6546875 0.0328125 0.03203125
0 0.4 0.6515625 0.0328125 0.03125
0 0.37890625 0.68828125 0.03359375 0.0328125
0 0.34140625 0.68515625 0.034375 0.0359375
0 0.30390625 0.6875 0.03515625 0.0359375
0 0.26953125 0.70859375 0.03828125 0.0390625
0 0.2828125 0.65234375 0.03671875 0.03515625
0 0.28046875 0.61796875 0.0359375 0.034375
0 0.33515625 0.634375 0.0359375 0.03359375
0 0.32109375 0.60234375 0.03828125 0.03046875
0 0.34375 0.57578125 0.03515625 0.03359375
0 0.40859375 0.58828125 0.03203125 0.03203125
0 0.3671875 0.596875 0.0328125 0.0328125
0 0.38359375 0.56796875 0.034375 0.03203125
0 0.36640625 0.54140625 0.03359375 0.03359375
0 0.41015625 0.55 0.03203125 0.03359375
0 0.43984375 0.5640625 0.03046875 0.03203125
0 0.4265625 0.5015625 0.03203125 0.034375
0 0.35703125 0.51015625 0.03515625 0.03203125
0 0.3234375 0.51015625 0.034375 0.03359375
0 0.30390625 0.478125 0.03828125 0.034375
0 0.375 0.4796875 0.03203125 0.03359375
0 0.34140625 0.4796875 0.034375 0.03203125
0 0.44375 0.4703125 0.03203125 0.0328125
0 0.4296875 0.43984375 0.03203125 0.03125
0 0.465625 0.44296875 0.03125 0.03359375
0 0.39296875 0.45 0.0328125 0.03359375
0 0.3609375 0.45078125 0.03125 0.0328125
0 0.3265625 0.44921875 0.0328125 0.0328125
0 0.31015625 0.41875 0.03359375 0.0328125
0 0.34609375 0.41953125 0.03203125 0.03125
0 0.37734375 0.41953125 0.03125 0.03125
0 0.440625 0.40859375 0.03125 0.03359375
0 0.409375 0.415625 0.03125 0.03359375
0 0.47734375 0.4140625 0.03203125 0.03125
0 0.509375 0.4078125 0.034375 0.0328125
0 0.51640625 0.3765625 0.03125 0.03125
0 0.48359375 0.38359375 0.028125 0.03203125
0 0.45390625 0.37734375 0.03125 0.03125
0 0.42109375 0.38125 0.03125 0.0328125
0 0.38984375 0.38671875 0.03046875 0.03203125
0 0.35703125 0.38984375 0.034375 0.03203125
0 0.3234375 0.38984375 0.034375 0.03125
0 0.33671875 0.3640625 0.03203125 0.03046875
0 0.4 0.353125 0.03203125 0.03203125
0 0.36796875 0.359375 0.03203125 0.03125
0 0.43203125 0.35078125 0.03046875 0.0328125
0 0.49296875 0.3515625 0.03125 0.0328125
0 0.4625 0.346875 0.03203125 0.03359375
0 0.48203125 0.32109375 0.03203125 0.03203125
0 0.45078125 0.315625 0.03046875 0.03359375
0 0.41328125 0.3234375 0.0328125 0.03203125
0 0.37890625 0.32734375 0.03125 0.0328125
0 0.346875 0.33203125 0.03359375 0.0328125
0 0.3578125 0.29921875 0.03359375 0.03359375
0 0.31953125 0.3046875 0.03671875 0.0328125
0 0.3921875 0.296875 0.0296875 0.03359375
0 0.45703125 0.28359375 0.03203125 0.034375
0 0.42578125 0.2953125 0.03125 0.0328125
0 0.41015625 0.26328125 0.0328125 0.0359375
0 0.375 0.2640625 0.0328125 0.034375
0 0.3390625 0.26875 0.0359375 0.03671875
0 0.4703125 0.2484375 0.03359375 0.03515625
0 0.4375 0.25234375 0.03125 0.03359375
0 0.46171875 0.2125 0.034375 0.03515625
0 0.42734375 0.2203125 0.03359375 0.0328125
0 0.39453125 0.2296875 0.03359375 0.034375
0 0.36328125 0.23515625 0.03359375 0.03359375
0 0.41015625 0.1890625 0.03203125 0.0328125
0 0.43046875 0.16484375 0.03515625 0.03828125
0 0.384375 0.16328125 0.0328125 0.03359375
0 0.37890625 0.1984375 0.0296875 0.03671875
0 0.35 0.19921875 0.034375 0.034375
0 0.35 0.16328125 0.03515625 0.0359375
0 0.38515625 0.1296875 0.034375 0.034375
0 0.4140625 0.11640625 0.03359375 0.03515625
0 0.43359375 0.0828125 0.04296875 0.03515625