0 0.04140625 0.24375 0.059375 0.0546875
0 0.0546875 0.19296875 0.05625 0.0609375
0 0.04296875 0.14140625 0.059375 0.059375
0 0.1078125 0.18046875 0.059375 0.059375
0 0.13984375 0.22109375 0.05625 0.0578125
0 0.1890625 0.16875 0.059375 0.05625
0 0.2109375 0.215625 0.0609375 0.0578125
0 0.246875 0.171875 0.05625 0.05625
0 0.22890625 0.26953125 0.059375 0.0625
0 0.25234375 0.31953125 0.059375 0.059375
0 0.16640625 0.39609375 0.0625 0.059375
0 0.28203125 0.25859375 0.0625 0.0625
0 0.29296875 0.1375 0.0625 0.065625
0 0.33515625 0.184375 0.0625 0.065625
0 0.35859375 0.12421875 0.059375 0.065625
0 0.278125 0.43828125 0.0625 0.0578125
0 0.34453125 0.4234375 0.0640625 0.0625
0 0.3984375 0.47421875 0.065625 0.0625
0 0.38125 0.525 0.0625 0.0609375
0 0.40390625 0.571875 0.059375 0.0609375
0 0.45 0.52109375 0.065625 0.059375
0 0.47265625 0.76640625 0.0578125 0.059375
0 0.51796875 0.73515625 0.0578125 0.0609375
0 0.49765625 0.68046875 0.065625 0.059375
0 0.4890625 0.6078125 0.05625 0.059375
0 0.51328125 0.55546875 0.059375 0.059375
0 0.56171875 0.8015625 0.059375 0.0625
0 0.6078125 0.83359375 0.059375 0.059375
0 0.57421875 0.871875 0.0578125 0.0609375
0 0.71953125 0.81015625 0.059375 0.0625
0 0.76171875 0.78046875 0.059375 0.0578125
0 0.69765625 0.71640625 0.0625 0.05625
0 0.83125 0.88828125 0.0625 0.059375
0 0.8359375 0.83828125 0.059375 0.0578125
0 0.89609375 0.64609375 0.0578125 0.05625
0 0.9171875 0.42578125 0.059375 0.059375
0 0.74375 0.578125 0.0578125 0.0546875
0 0.68046875 0.58359375 0.0609375 0.0578125
0 0.6078125 0.57578125 0.0578125 0.0578125
0 0.64609375 0.53984375 0.05625 0.059375
0 0.696875 0.5203125 0.059375 0.0609375
0 0.75078125 0.52578125 0.059375 0.0640625
0 0.571875 0.490625 0.059375 0.0578125
0 0.5890625 0.44296875 0.0625 0.059375
0 0.6671875 0.4703125 0.059375 0.059375
0 0.6734375 0.41171875 0.059375 0.0625
0 0.71484375 0.45234375 0.05625 0.059375
0 0.73984375 0.403125 0.059375 0.0578125
0 0.63671875 0.35625 0.059375 0.05625
0 0.696875 0.34140625 0.0625 0.0625
0 0.74765625 0.31796875 0.05625 0.0625
0 0.796875 0.2890625 0.0640625 0.05625
0 0.53046875 0.3796875 0.059375 0.05625
0 0.6625 0.2515625 0.05625 0.059375
0 0.6265625 0.21015625 0.059375 0.0609375
0 0.7234375 0.24453125 0.0609375 0.0578125
0 0.7796875 0.228125 0.059375 0.059375
0 0.82890625 0.23828125 0.059375 0.05625
0 0.6515625 0.06328125 0.05625 0.059375
0 0.7015625 0.0953125 0.059375 0.059375
0 0.7609375 0.11796875 0.0625 0.059375
0 0.80390625 0.153125 0.053125 0.05625
0 0.84921875 0.1328125 0.0625 0.059375
0 0.91484375 0.13828125 0.0625 0.0625
0 0.81796875 0.08046875 0.0671875 0.0578125
0 0.5046875 0.11171875 0.065625 0.059375