0 0.51484375 0.33203125 0.0328125 0.03125
0 0.50390625 0.359375 0.034375 0.03125
0 0.584375 0.34375 0.03125 0.034375
0 0.56015625 0.42265625 0.03125 0.03125
0 0.55234375 0.3390625 0.0328125 0.0328125
0 0.515625 0.3875 0.0328125 0.034375
0 0.49375 0.421875 0.034375 0.0328125
0 0.4859375 0.39609375 0.034375 0.034375
0 0.45703125 0.446875 0.034375 0.034375
0 0.44296875 0.5015625 0.034375 0.034375
0 0.5375 0.3140625 0.034375 0.034375
0 0.625 0.475 0.0328125 0.0328125
0 0.60546875 0.3953125 0.0328125 0.034375
0 0.575 0.3921875 0.034375 0.03125
0 0.55078125 0.2859375 0.034375 0.0359375
0 0.63671875 0.39453125 0.0328125 0.034375
0 0.5671875 0.31328125 0.034375 0.034375
0 0.57734375 0.45078125 0.03125 0.0328125
0 0.5890625 0.4234375 0.034375 0.0328125
0 0.5484375 0.39140625 0.03125 0.0328125
0 0.5703125 0.60703125 0.0328125 0.0328125
0 0.5640625 0.36640625 0.034375 0.034375
0 0.5921875 0.55703125 0.0328125 0.034375
0 0.6078125 0.453125 0.0328125 0.0328125
0 0.4671875 0.47578125 0.034375 0.034375
0 0.50546875 0.44921875 0.034375 0.034375
0 0.61015625 0.58125 0.03125 0.034375
0 0.53125 0.3609375 0.03125 0.03125
0 0.46328125 0.41875 0.034375 0.034375
0 0.63515625 0.44921875 0.034375 0.034375
0 0.56328125 0.25546875 0.034375 0.0375
0 0.59296875 0.478125 0.03125 0.0328125
0 0.6046875 0.53125 0.034375 0.034375
0 0.484375 0.33828125 0.034375 0.034375
0 0.6171875 0.42265625 0.034375 0.034375
0 0.57109375 0.57734375 0.0328125 0.034375
0 0.475 0.3671875 0.0328125 0.034375
0 0.5390625 0.60390625 0.034375 0.034375
0 0.57578125 0.228125 0.034375 0.0375
0 0.59921875 0.6078125 0.0328125 0.034375
0 0.5046875 0.6828125 0.03125 0.034375
0 0.59296875 0.36953125 0.0328125 0.034375
0 0.5078125 0.30546875 0.034375 0.0359375
0 0.43984375 0.4734375 0.034375 0.034375
0 0.61171875 0.34453125 0.034375 0.034375
0 0.628125 0.56015625 0.0328125 0.034375
0 0.475 0.68203125 0.034375 0.0359375
0 0.53046875 0.24609375 0.0359375 0.0375
0 0.509375 0.60390625 0.03125 0.034375
0 0.653125 0.58125 0.0359375 0.034375
0 0.5265625 0.41875 0.034375 0.0328125
0 0.48671875 0.70625 0.034375 0.034375
0 0.640625 0.61015625 0.034375 0.034375
0 0.61171875 0.50390625 0.034375 0.0328125
0 0.521875 0.275 0.034375 0.0375
0 0.5984375 0.3171875 0.034375 0.0359375
0 0.47109375 0.5359375 0.034375 0.034375
0 0.5171875 0.709375 0.034375 0.034375
0 0.58203125 0.2859375 0.034375 0.0375
0 0.61640625 0.73828125 0.03125 0.03125
0 0.584375 0.79609375 0.0359375 0.034375
0 0.49140625 0.7359375 0.034375 0.034375
0 0.61640625 0.771875 0.034375 0.034375
0 0.56328125 0.78046875 0.03125 0.03125
0 0.5921875 0.26015625 0.034375 0.0375
0 0.5421875 0.446875 0.0328125 0.034375
0 0.5171875 0.75234375 0.034375 0.0359375
0 0.5734375 0.7390625 0.0296875 0.03125
0 0.496875 0.4859375 0.03125 0.034375
0 0.475 0.50546875 0.0359375 0.034375
0 0.5890625 0.7671875 0.034375 0.034375
0 0.4765625 0.57578125 0.03125 0.034375
0 0.50703125 0.5734375 0.03125 0.034375
0 0.65 0.4203125 0.034375 0.0359375
0 0.59453125 0.734375 0.0296875 0.0296875
0 0.53984375 0.559375 0.03125 0.034375
0 0.53203125 0.4734375 0.0328125 0.034375
0 0.56484375 0.54296875 0.0328125 0.0359375
0 0.54375 0.21796875 0.0359375 0.0375
0 0.45390625 0.390625 0.034375 0.034375
0 0.64296875 0.753125 0.034375 0.034375
0 0.54765625 0.75234375 0.0328125 0.034375
0 0.41953125 0.51484375 0.034375 0.034375
0 0.434375 0.63515625 0.0359375 0.034375
0 0.46328125 0.65234375 0.034375 0.0359375
0 0.58203125 0.63359375 0.0328125 0.034375
0 0.4765625 0.6046875 0.0328125 0.034375
0 0.6140625 0.80078125 0.034375 0.034375
0 0.61875 0.63203125 0.0328125 0.034375
0 0.45078125 0.54921875 0.03125 0.034375
0 0.53359375 0.7796875 0.034375 0.034375
0 0.54921875 0.62734375 0.0328125 0.034375
0 0.55 0.80859375 0.034375 0.034375
0 0.5671875 0.196875 0.034375 0.0375
0 0.50390625 0.5359375 0.034375 0.0359375
0 0.425 0.4484375 0.034375 0.034375
0 0.54296875 0.725 0.0328125 0.034375
0 0.540625 0.67734375 0.034375 0.034375
0 0.615625 0.28984375 0.034375 0.0375
0 0.4921875 0.27109375 0.034375 0.0375
0 0.51171875 0.653125 0.034375 0.034375
0 0.403125 0.61953125 0.034375 0.0359375
0 0.6578125 0.47265625 0.0375 0.034375
0 0.57109375 0.83671875 0.0328125 0.034375
0 0.64140625 0.49921875 0.034375 0.034375
0 0.68671875 0.6203125 0.034375 0.0359375
0 0.3765625 0.62890625 0.0328125 0.034375
0 0.43203125 0.66328125 0.0328125 0.034375
0 0.67109375 0.65234375 0.034375 0.034375
0 0.6 0.83125 0.034375 0.034375
0 0.38671875 0.53046875 0.034375 0.03125
0 0.36328125 0.55234375 0.03125 0.034375
0 0.38671875 0.5484375 0.034375 0.034375
0 0.5484375 0.5 0.0328125 0.034375
0 0.60390625 0.6625 0.0328125 0.034375
0 0.49765625 0.2390625 0.034375 0.0359375
0 0.63828125 0.65703125 0.034375 0.034375
0 0.6484375 0.78203125 0.0375 0.034375
0 0.6890625 0.590625 0.034375 0.034375
0 0.60234375 0.228125 0.0375 0.0375
0 0.5703125 0.684375 0.0328125 0.034375
0 0.52421875 0.82109375 0.034375 0.034375
0 0.571875 0.8671875 0.0328125 0.0359375
0 0.59296875 0.86171875 0.0359375 0.0359375
0 0.6359375 0.32265625 0.0390625 0.034375
0 0.54296875 0.84609375 0.034375 0.034375
0 0.5234375 0.1953125 0.034375 0.040625
0 0.684375 0.74609375 0.0375 0.034375
0 0.63125 0.8265625 0.0328125 0.0328125
0 0.59921875 0.1953125 0.034375 0.040625
0 0.5640625 0.16484375 0.034375 0.0359375
0 0.34609375 0.6328125 0.034375 0.034375
0 0.5359375 0.15234375 0.034375 0.0359375
0 0.70078125 0.66640625 0.034375 0.0359375
0 0.3953125 0.5796875 0.0375 0.040625
0 0.5921875 0.89140625 0.0328125 0.034375
0 0.56484375 0.89765625 0.034375 0.0359375
0 0.51796875 0.1203125 0.04375 0.0390625
0 0.62421875 0.3734375 0.034375 0.03125
0 0.66171875 0.73359375 0.034375 0.034375