0 0.69140625 0.45546875 0.025 0.0265625
0 0.67265625 0.45703125 0.0265625 0.0265625
0 0.74296875 0.4578125 0.0265625 0.0234375
0 0.71015625 0.52109375 0.0265625 0.0265625
0 0.65390625 0.46640625 0.025 0.0265625
0 0.66484375 0.5421875 0.0265625 0.0265625
0 0.62421875 0.4859375 0.0234375 0.0234375
0 0.76171875 0.44765625 0.0265625 0.025
0 0.56640625 0.50390625 0.0265625 0.0265625
0 0.6984375 0.5375 0.0296875 0.028125
0 0.7375 0.52890625 0.0234375 0.0234375
0 0.634375 0.5359375 0.025 0.0265625
0 0.61171875 0.50234375 0.0265625 0.0265625
0 0.646875 0.48671875 0.028125 0.028125
0 0.7453125 0.509375 0.0265625 0.0265625
0 0.79609375 0.51796875 0.0234375 0.0265625
0 0.71328125 0.4875 0.0265625 0.0265625
0 0.70390625 0.46796875 0.0265625 0.0234375
0 0.7796875 0.4875 0.0234375 0.025
0 0.725 0.50625 0.0265625 0.0265625
0 0.7546875 0.47734375 0.0296875 0.028125
0 0.77890625 0.45 0.0265625 0.0234375
0 0.696875 0.496875 0.0234375 0.025
0 0.665625 0.484375 0.0234375 0.025
0 0.6390625 0.5125 0.0265625 0.0265625
0 0.56640625 0.5265625 0.0265625 0.0265625
0 0.65234375 0.52578125 0.0265625 0.028125
0 0.77109375 0.4671875 0.0265625 0.0265625
0 0.6734375 0.521875 0.0265625 0.0265625
0 0.6875 0.47421875 0.025 0.0265625
0 0.6203125 0.52265625 0.0265625 0.0265625
0 0.58046875 0.54296875 0.0296875 0.028125
0 0.71953125 0.45234375 0.0265625 0.0265625
0 0.7265625 0.47109375 0.0296875 0.0296875
0 0.78984375 0.46875 0.025 0.025
0 0.60703125 0.5390625 0.0265625 0.0265625
0 0.6921875 0.5140625 0.0265625 0.028125
0 0.76328125 0.49453125 0.028125 0.0265625
0 0.803125 0.47734375 0.0265625 0.0265625
0 0.5875 0.5 0.0265625 0.0265625
0 0.59140625 0.52421875 0.0265625 0.0265625
0 0.76484375 0.51953125 0.025 0.0265625
0 0.5203125 0.54765625 0.0265625 0.0265625
0 0.78046875 0.50703125 0.0265625 0.0265625
0 0.80234375 0.49921875 0.025 0.0265625
0 0.65703125 0.50390625 0.028125 0.028125
0 0.5546875 0.48828125 0.0265625 0.0265625
0 0.80703125 0.4578125 0.025 0.025
0 0.71640625 0.540625 0.0265625 0.0265625
0 0.68046875 0.55234375 0.0265625 0.0265625
0 0.5296875 0.52578125 0.028125 0.0265625
0 0.8234375 0.48515625 0.0234375 0.0234375
0 0.59609375 0.55703125 0.0265625 0.0265625
0 0.49296875 0.58046875 0.028125 0.0265625
0 0.39921875 0.57109375 0.03125 0.03125
0 0.54375 0.54140625 0.0265625 0.0265625
0 0.5265625 0.50390625 0.028125 0.0265625
0 0.365625 0.61171875 0.0296875 0.0296875
0 0.47265625 0.5984375 0.0265625 0.028125
0 0.4515625 0.396875 0.0296875 0.0296875
0 0.38046875 0.59296875 0.0296875 0.0296875
0 0.3765625 0.5703125 0.03125 0.03125
0 0.41953125 0.58203125 0.03125 0.03125
0 0.653125 0.56171875 0.028125 0.0296875
0 0.2484375 0.6515625 0.034375 0.03125
0 0.28515625 0.61171875 0.03125 0.03125
0 0.34765625 0.59609375 0.03125 0.03125
0 0.43671875 0.59765625 0.03125 0.03125
0 0.44140625 0.57578125 0.0265625 0.028125
0 0.28359375 0.6296875 0.03125 0.03125
0 0.25859375 0.6296875 0.0328125 0.03125
0 0.6765625 0.5 0.0265625 0.028125
0 0.459375 0.5578125 0.028125 0.028125
0 0.27890625 0.65546875 0.034375 0.03125
0 0.42734375 0.4 0.03125 0.03125
0 0.51796875 0.57265625 0.0265625 0.0265625
0 0.49765625 0.51171875 0.0265625 0.0265625
0 0.734375 0.48828125 0.0265625 0.028125
0 0.48515625 0.5359375 0.0296875 0.028125
0 0.33125 0.578125 0.03125 0.03125
0 0.384375 0.62421875 0.03125 0.03125
0 0.62421875 0.5640625 0.0265625 0.0265625
0 0.30703125 0.60078125 0.03125 0.03125
0 0.43671875 0.41953125 0.028125 0.028125
0 0.221875 0.64921875 0.034375 0.03125
0 0.821875 0.5046875 0.0234375 0.025
0 0.2296875 0.6265625 0.034375 0.03125
0 0.35546875 0.56875 0.03125 0.0328125
0 0.30078125 0.575 0.0328125 0.034375
0 0.50078125 0.55625 0.0265625 0.0265625
0 0.80625 0.43828125 0.025 0.025
0 0.48671875 0.61484375 0.028125 0.0265625
0 0.35703125 0.6328125 0.0328125 0.03125
0 0.6125 0.234375 0.0265625 0.0265625
0 0.30625 0.63125 0.0328125 0.0328125
0 0.63984375 0.23203125 0.0265625 0.0265625
0 0.8296875 0.4640625 0.0234375 0.025
0 0.80546875 0.53671875 0.025 0.0265625
0 0.26875 0.58515625 0.034375 0.0328125
0 0.4 0.60390625 0.03125 0.03125
0 0.46875 0.38359375 0.028125 0.0265625
0 0.30234375 0.65546875 0.03125 0.0328125
0 0.25078125 0.67578125 0.034375 0.034375
0 0.5625 0.465625 0.0296875 0.028125
0 0.62421875 0.2140625 0.0265625 0.0265625
0 0.471875 0.575 0.03125 0.03125
0 0.2203125 0.675 0.034375 0.0328125
0 0.3984375 0.54609375 0.0296875 0.0296875
0 0.253125 0.60546875 0.034375 0.03125
0 0.53359375 0.2921875 0.0265625 0.0265625
0 0.578125 0.578125 0.0265625 0.0265625
0 0.65390625 0.21796875 0.0265625 0.0265625
0 0.33359375 0.61640625 0.0328125 0.03125
0 0.30078125 0.3640625 0.03125 0.03125
0 0.45078125 0.6234375 0.0296875 0.0296875
0 0.5140625 0.30234375 0.0296875 0.028125
0 0.4765625 0.49609375 0.0296875 0.028125
0 0.27890625 0.37578125 0.0328125 0.03125
0 0.590625 0.24609375 0.028125 0.0265625
0 0.56953125 0.6078125 0.0265625 0.0265625
0 0.44140625 0.3671875 0.0296875 0.0296875
0 0.40859375 0.42421875 0.0296875 0.0296875
0 0.190625 0.6515625 0.034375 0.0359375
0 0.32265625 0.37890625 0.03125 0.03125
0 0.6328125 0.59609375 0.0265625 0.0265625
0 0.1796875 0.62421875 0.034375 0.0328125
0 0.43515625 0.50390625 0.0328125 0.0296875
0 0.55625 0.24453125 0.0265625 0.0265625
0 0.26328125 0.40625 0.034375 0.03125
0 0.5421875 0.59296875 0.0296875 0.0296875
0 0.16015625 0.65625 0.0328125 0.0328125
0 0.23125 0.5453125 0.034375 0.0359375
0 0.35234375 0.459375 0.0328125 0.03125
0 0.1578125 0.5484375 0.0359375 0.034375
0 0.34375 0.315625 0.0359375 0.034375
0 0.36953125 0.34609375 0.03125 0.03125
0 0.2515625 0.33984375 0.0359375 0.034375
0 0.50078125 0.33984375 0.0359375 0.0328125
0 0.76875 0.28671875 0.03125 0.03125
0 0.88515625 0.50703125 0.0234375 0.0265625
0 0.8671875 0.5015625 0.028125 0.0296875
0 0.62109375 0.7578125 0.03125 0.0328125
0 0.45703125 0.8265625 0.0328125 0.0359375
0 0.434375 0.790625 0.03125 0.034375