0 0.33203125 0.18046875 0.0328125 0.025
0 0.3328125 0.2 0.0390625 0.0375
0 0.29765625 0.19609375 0.0375 0.0375
0 0.34140625 0.15703125 0.034375 0.0375
0 0.30859375 0.1640625 0.0375 0.0390625
0 0.2765625 0.1703125 0.0390625 0.040625
0 0.36875 0.1453125 0.040625 0.040625
0 0.33828125 0.12265625 0.0359375 0.040625
0 0.31171875 0.12890625 0.040625 0.040625
0 0.3375 0.08984375 0.0390625 0.040625
0 0.30703125 0.09765625 0.0390625 0.0390625
0 0.39453125 0.16953125 0.040625 0.040625
0 0.36875 0.1859375 0.0375 0.0375
0 0.35859375 0.215625 0.03125 0.0359375
0 0.33359375 0.2328125 0.0359375 0.040625
0 0.303125 0.228125 0.0421875 0.0421875
0 0.38984375 0.21484375 0.0375 0.0390625
0 0.265625 0.2203125 0.0421875 0.040625
0 0.278125 0.25234375 0.040625 0.040625
0 0.23203125 0.26484375 0.0421875 0.0421875
0 0.26015625 0.27578125 0.040625 0.0390625
0 0.309375 0.26328125 0.0359375 0.0421875
0 0.35703125 0.259375 0.0296875 0.0421875
0 0.3328125 0.26484375 0.0359375 0.040625
0 0.37890625 0.24375 0.0375 0.0390625
0 0.41328125 0.24296875 0.0390625 0.040625
0 0.38984375 0.27421875 0.0375 0.0375
0 0.44140625 0.25859375 0.0375 0.0390625
0 0.42109375 0.2890625 0.0375 0.0390625
0 0.4515625 0.28984375 0.0375 0.0375
0 0.43828125 0.3171875 0.0375 0.0359375
0 0.4703125 0.31484375 0.0375 0.0375
0 0.40234375 0.32578125 0.0421875 0.0421875
0 0.36875 0.31953125 0.0390625 0.040625
0 0.4375 0.34921875 0.0390625 0.0390625
0 0.48515625 0.34375 0.0375 0.0390625
0 0.51640625 0.359375 0.040625 0.0390625
0 0.51484375 0.328125 0.0375 0.0390625
0 0.60390625 0.35234375 0.0359375 0.0375
0 0.5765625 0.35859375 0.034375 0.0390625
0 0.55078125 0.3703125 0.0375 0.0390625
0 0.56640625 0.41171875 0.0390625 0.04375
0 0.60546875 0.434375 0.028125 0.040625
0 0.584375 0.4640625 0.0359375 0.0265625
0 0.58359375 0.440625 0.034375 0.034375
0 0.48359375 0.39375 0.0375 0.0390625
0 0.48828125 0.42578125 0.0375 0.0375
0 0.45703125 0.4328125 0.0359375 0.0375
0 0.44921875 0.39921875 0.0375 0.0390625
0 0.5015625 0.465625 0.0375 0.0375
0 0.51875 0.45 0.0328125 0.0375
0 0.46796875 0.471875 0.0375 0.0390625
0 0.5578125 0.47890625 0.034375 0.0375
0 0.534375 0.49765625 0.034375 0.0375
0 0.5046875 0.49921875 0.0375 0.0375
0 0.484375 0.521875 0.0375 0.0375
0 0.5140625 0.52890625 0.034375 0.0375
0 0.56171875 0.5515625 0.0375 0.0359375
0 0.54375 0.5265625 0.0375 0.0375
0 0.53203125 0.55703125 0.0375 0.0359375
0 0.41953125 0.40546875 0.0359375 0.034375
0 0.40546875 0.378125 0.0375 0.0375
0 0.384375 0.4046875 0.0375 0.0359375
0 0.35234375 0.40703125 0.0375 0.0359375
0 0.3265625 0.38359375 0.0390625 0.0375
0 0.36640625 0.37734375 0.0390625 0.0375
0 0.33671875 0.346875 0.040625 0.040625
0 0.3015625 0.35859375 0.0421875 0.04375
0 0.2640625 0.365625 0.04375 0.04375
0 0.22578125 0.353125 0.0453125 0.046875
0 0.25234375 0.4046875 0.0453125 0.0421875
0 0.25859375 0.43828125 0.04375 0.0421875
0 0.3078125 0.409375 0.04375 0.0421875
0 0.3015625 0.44375 0.04375 0.0390625
0 0.3296875 0.4640625 0.0421875 0.0421875
0 0.38984375 0.43671875 0.0375 0.0375
0 0.34765625 0.43828125 0.0390625 0.0390625
0 0.3703125 0.4625 0.040625 0.0390625
0 0.36015625 0.4921875 0.0421875 0.0421875
0 0.40078125 0.4734375 0.0390625 0.040625
0 0.42578125 0.45234375 0.0375 0.0375
0 0.428125 0.51640625 0.0390625 0.040625
0 0.35859375 0.525 0.040625 0.0390625
0 0.3265625 0.5328125 0.0421875 0.0421875
0 0.31484375 0.56875 0.0453125 0.0421875
0 0.38359375 0.55 0.0390625 0.040625
0 0.35078125 0.5578125 0.040625 0.0390625
0 0.45234375 0.5421875 0.0375 0.0390625
0 0.44609375 0.575 0.0375 0.0375
0 0.48046875 0.56328125 0.0390625 0.040625
0 0.40859375 0.57421875 0.040625 0.040625
0 0.37734375 0.58125 0.0375 0.0390625
0 0.34375 0.59140625 0.0390625 0.0390625
0 0.33515625 0.625 0.040625 0.040625
0 0.3703125 0.615625 0.0375 0.0375
0 0.40078125 0.6078125 0.0375 0.0375
0 0.46484375 0.603125 0.0390625 0.040625
0 0.4328125 0.60390625 0.0390625 0.040625
0 0.4984375 0.5890625 0.0375 0.0375
0 0.53125 0.5875 0.040625 0.040625
0 0.54609375 0.615625 0.0375 0.0375
0 0.5125 0.6171875 0.034375 0.0375
0 0.48515625 0.63046875 0.0375 0.0375
0 0.45234375 0.634375 0.0375 0.0390625
0 0.4203125 0.63671875 0.0375 0.0375
0 0.38828125 0.64140625 0.040625 0.0390625
0 0.35546875 0.64921875 0.040625 0.0390625
0 0.37421875 0.67109375 0.0375 0.0375
0 0.43828125 0.66640625 0.0375 0.0375
0 0.40625 0.66875 0.0375 0.0375
0 0.4703125 0.6609375 0.0375 0.0390625
0 0.52890625 0.64609375 0.0375 0.0390625
0 0.50078125 0.6578125 0.0390625 0.040625
0 0.52578125 0.678125 0.0375 0.0375
0 0.496875 0.690625 0.0390625 0.040625
0 0.45859375 0.6921875 0.0390625 0.0375
0 0.42421875 0.696875 0.0375 0.0390625
0 0.3921875 0.7 0.040625 0.040625
0 0.4109375 0.72890625 0.0421875 0.0421875
0 0.371875 0.7328125 0.04375 0.040625
0 0.44453125 0.7234375 0.0375 0.040625
0 0.5109375 0.7203125 0.0390625 0.040625
0 0.47734375 0.71640625 0.0375 0.0390625
0 0.4703125 0.7515625 0.040625 0.0421875
0 0.4359375 0.759375 0.040625 0.040625
0 0.4 0.76328125 0.04375 0.0453125
0 0.53203125 0.7515625 0.0421875 0.0421875
0 0.49921875 0.75546875 0.0390625 0.040625
0 0.53203125 0.78828125 0.0421875 0.0421875
0 0.496875 0.7890625 0.040625 0.040625
0 0.46328125 0.7875 0.040625 0.040625
0 0.43125 0.78984375 0.0421875 0.0421875
0 0.48828125 0.8234375 0.0375 0.0390625
0 0.51328125 0.8421875 0.0421875 0.0453125
0 0.46953125 0.8546875 0.040625 0.040625
0 0.45546875 0.821875 0.0375 0.04375
0 0.42734375 0.828125 0.0421875 0.0421875
0 0.4359375 0.86328125 0.0421875 0.04375
0 0.478125 0.88671875 0.0421875 0.0421875
0 0.509375 0.89296875 0.0421875 0.0421875
0 0.53671875 0.92109375 0.05 0.04375