0 0.21171875 0.06171875 0.0296875 0.02734375
0 0.2140625 0.08984375 0.028125 0.025
0 0.2375 0.1015625 0.0265625 0.0265625
0 0.25390625 0.08203125 0.02890625 0.0265625
0 0.309375 0.1046875 0.025 0.0296875
0 0.33359375 0.08984375 0.02734375 0.0265625
0 0.36875 0.1296875 0.02578125 0.0265625
0 0.42421875 0.18359375 0.0265625 0.02890625
0 0.62421875 0.2296875 0.02421875 0.0265625
0 0.59140625 0.23671875 0.02578125 0.025
0 0.55234375 0.20859375 0.02421875 0.028125
0 0.553125 0.2359375 0.02578125 0.025
0 0.5234375 0.225 0.02421875 0.02578125
0 0.5328125 0.24765625 0.02109375 0.0234375
0 0.55625 0.2625 0.02421875 0.0265625
0 0.56953125 0.2828125 0.025 0.02578125
0 0.60234375 0.29921875 0.0234375 0.0265625
0 0.5125 0.265625 0.02421875 0.02578125
0 0.53515625 0.271875 0.0234375 0.02421875
0 0.54765625 0.29296875 0.02265625 0.02265625
0 0.565625 0.30546875 0.02265625 0.0234375
0 0.58515625 0.3234375 0.0234375 0.025
0 0.54296875 0.3203125 0.021875 0.02265625
0 0.48125 0.278125 0.0234375 0.02421875
0 0.484375 0.3046875 0.02265625 0.0265625
0 0.45703125 0.31015625 0.021875 0.025
0 0.49140625 0.33359375 0.02421875 0.02421875
0 0.396875 0.26875 0.02265625 0.0265625
0 0.41953125 0.2875 0.0234375 0.0234375
0 0.43046875 0.31796875 0.0234375 0.0265625
0 0.47421875 0.35625 0.0265625 0.0265625
0 0.334375 0.3421875 0.021875 0.0234375
0 0.30546875 0.37734375 0.02421875 0.02421875
0 0.4515625 0.44140625 0.02265625 0.02578125
0 0.47421875 0.44609375 0.0203125 0.025
0 0.43359375 0.45078125 0.02265625 0.02421875
0 0.41015625 0.41640625 0.025 0.021875
0 0.4265625 0.47578125 0.021875 0.02265625
0 0.3953125 0.4578125 0.0265625 0.02421875
0 0.38359375 0.4765625 0.0234375 0.01875
0 0.38515625 0.5203125 0.02421875 0.02421875
0 0.38046875 0.49609375 0.01875 0.02421875
0 0.3984375 0.496875 0.015625 0.0234375
0 0.3671875 0.50078125 0.01328125 0.02109375
0 0.23359375 0.4078125 0.02421875 0.0265625
0 0.25390625 0.43671875 0.021875 0.0265625
0 0.26953125 0.41640625 0.02578125 0.02265625
0 0.2828125 0.446875 0.02421875 0.0234375
0 0.3578125 0.5203125 0.025 0.02109375
0 0.20703125 0.4625 0.0234375 0.02734375
0 0.23515625 0.46875 0.025 0.025
0 0.2609375 0.46796875 0.02109375 0.0234375
0 0.27421875 0.4875 0.025 0.025
0 0.27265625 0.51171875 0.02578125 0.021875
0 0.19296875 0.48671875 0.02421875 0.0234375
0 0.19296875 0.521875 0.0265625 0.0234375
0 0.353125 0.57578125 0.02421875 0.02265625
0 0.32734375 0.5625 0.0234375 0.0265625
0 0.3390625 0.59453125 0.02265625 0.025
0 0.309375 0.56484375 0.01796875 0.021875
0 0.290625 0.58203125 0.02109375 0.021875
0 0.30546875 0.603125 0.025 0.02421875
0 0.1921875 0.56015625 0.0234375 0.02734375
0 0.2203125 0.5671875 0.0234375 0.02265625
0 0.18046875 0.58203125 0.02265625 0.02109375
0 0.20703125 0.58671875 0.02578125 0.021875
0 0.19921875 0.62109375 0.02265625 0.025
0 0.221875 0.61328125 0.02578125 0.02265625
0 0.2796875 0.62734375 0.0234375 0.02109375
0 0.38125 0.62578125 0.02421875 0.02421875
0 0.29609375 0.66484375 0.02421875 0.0234375
0 0.30546875 0.6890625 0.0234375 0.021875
0 0.38984375 0.646875 0.02109375 0.021875
0 0.396875 0.6703125 0.02265625 0.02265625
0 0.40078125 0.6921875 0.021875 0.021875
0 0.42734375 0.69921875 0.02109375 0.025
0 0.44296875 0.7125 0.0234375 0.021875
0 0.45234375 0.73359375 0.025 0.0234375
0 0.40546875 0.74609375 0.02265625 0.02265625
0 0.42734375 0.72734375 0.0203125 0.02109375
0 0.384375 0.75859375 0.0203125 0.025
0 0.44375 0.7546875 0.02265625 0.021875
0 0.43359375 0.78984375 0.02421875 0.021875
0 0.46484375 0.7921875 0.0234375 0.021875
0 0.43046875 0.8265625 0.0234375 0.02265625
0 0.453125 0.83984375 0.02421875 0.02265625
0 0.40703125 0.81484375 0.02265625 0.021875
0 0.35859375 0.77265625 0.025 0.0234375
0 0.30625 0.75546875 0.025 0.02421875
0 0.2921875 0.7734375 0.02109375 0.02265625
0 0.27890625 0.79296875 0.025 0.02421875
0 0.29609375 0.79765625 0.0078125 0.02265625
0 0.2421875 0.828125 0.02421875 0.02421875
0 0.2453125 0.8453125 0.021875 0.0140625
0 0.21640625 0.82265625 0.02109375 0.0234375
0 0.5234375 0.46953125 0.02265625 0.02421875
0 0.540625 0.49375 0.0234375 0.0265625
0 0.59921875 0.4515625 0.0234375 0.0234375
0 0.58515625 0.471875 0.02109375 0.02109375
0 0.5859375 0.4953125 0.02265625 0.02578125
0 0.62890625 0.48828125 0.02265625 0.02265625
0 0.6609375 0.478125 0.02265625 0.0234375
0 0.684375 0.48203125 0.021875 0.02421875
0 0.69453125 0.44921875 0.02265625 0.02421875
0 0.79609375 0.44296875 0.02421875 0.02578125
0 0.80390625 0.4703125 0.025 0.02421875
0 0.74921875 0.465625 0.021875 0.02265625
0 0.7734375 0.46796875 0.021875 0.021875
0 0.72421875 0.4953125 0.0234375 0.02265625
0 0.75546875 0.4890625 0.0234375 0.02265625
0 0.76328125 0.5140625 0.025 0.0234375
0 0.79453125 0.5296875 0.025 0.021875
0 0.784375 0.55390625 0.02421875 0.0234375
0 0.796875 0.57734375 0.0234375 0.02265625
0 0.84140625 0.53359375 0.02109375 0.02421875
0 0.51875 0.57890625 0.01953125 0.0140625
0 0.5171875 0.6140625 0.02109375 0.02265625
0 0.5203125 0.59453125 0.02265625 0.0203125
0 0.55625 0.5921875 0.025 0.0234375
0 0.5859375 0.5734375 0.025 0.025
0 0.653125 0.521875 0.0234375 0.0234375
0 0.646875 0.54375 0.02265625 0.0203125
0 0.67421875 0.54609375 0.0234375 0.0234375
0 0.65625 0.56328125 0.021875 0.0203125
0 0.6625 0.5828125 0.02265625 0.021875
0 0.671875 0.6046875 0.021875 0.021875
0 0.68984375 0.5953125 0.021875 0.025
0 0.7953125 0.6546875 0.021875 0.0234375
0 0.79140625 0.72421875 0.02578125 0.02421875
0 0.62421875 0.62109375 0.0203125 0.021875
0 0.6359375 0.6421875 0.0234375 0.0234375
0 0.5984375 0.675 0.02421875 0.02265625
0 0.66015625 0.66796875 0.025 0.021875
0 0.66171875 0.70078125 0.01953125 0.02265625
0 0.64140625 0.7140625 0.02265625 0.02265625
0 0.60390625 0.70546875 0.02265625 0.021875
0 0.59609375 0.72890625 0.02265625 0.02109375
0 0.61875 0.72421875 0.021875 0.01796875
0 0.63203125 0.74609375 0.0234375 0.021875
0 0.6453125 0.78125 0.02265625 0.02109375
0 0.6078125 0.74765625 0.0203125 0.01953125
0 0.62890625 0.7671875 0.021875 0.02109375
0 0.62109375 0.7859375 0.0234375 0.02421875
0 0.6375 0.80234375 0.02109375 0.02109375