0 0.59296875 0.6734375 0.021875 0.0203125
0 0.5859375 0.65546875 0.02109375 0.02109375
0 0.60390625 0.7234375 0.01953125 0.02109375
0 0.534375 0.70859375 0.02109375 0.021875
0 0.571875 0.63984375 0.02109375 0.0203125
0 0.50234375 0.6703125 0.02265625 0.02109375
0 0.54609375 0.61640625 0.01875 0.01875
0 0.61796875 0.7390625 0.0203125 0.021875
0 0.51328125 0.56484375 0.021875 0.021875
0 0.51484375 0.7015625 0.021875 0.02421875
0 0.53359375 0.73671875 0.01875 0.01875
0 0.5 0.6390625 0.02109375 0.0203125
0 0.5265625 0.60859375 0.02109375 0.02109375
0 0.55078125 0.63828125 0.0234375 0.0234375
0 0.5546875 0.7390625 0.021875 0.02109375
0 0.559375 0.790625 0.021875 0.01875
0 0.5671875 0.703125 0.02109375 0.021875
0 0.58359375 0.6890625 0.01953125 0.02109375
0 0.584375 0.7671875 0.0203125 0.01875
0 0.55234375 0.71875 0.02109375 0.02109375
0 0.5875 0.73984375 0.02265625 0.02421875
0 0.6203125 0.75625 0.01953125 0.02109375
0 0.55390625 0.6890625 0.0203125 0.01875
0 0.5578125 0.65625 0.0203125 0.01875
0 0.52421875 0.6375 0.021875 0.021875
0 0.49140625 0.57109375 0.02265625 0.021875
0 0.51484375 0.65390625 0.0234375 0.02265625
0 0.6015625 0.753125 0.02109375 0.02265625
0 0.5234375 0.6734375 0.021875 0.02109375
0 0.5734375 0.67421875 0.02265625 0.0203125
0 0.509375 0.621875 0.021875 0.02109375
0 0.4796875 0.5890625 0.021875 0.02421875
0 0.603125 0.7 0.02109375 0.02109375
0 0.58671875 0.7109375 0.0234375 0.02421875
0 0.60546875 0.771875 0.0203125 0.0203125
0 0.48984375 0.61328125 0.021875 0.02109375
0 0.5359375 0.6890625 0.0234375 0.02265625
0 0.5734375 0.753125 0.021875 0.0234375
0 0.6 0.78671875 0.021875 0.02265625
0 0.52265625 0.584375 0.02265625 0.02109375
0 0.5 0.59453125 0.021875 0.02109375
0 0.55 0.7609375 0.02109375 0.0203125
0 0.459375 0.53203125 0.02265625 0.02265625
0 0.565625 0.77265625 0.02109375 0.02109375
0 0.57890625 0.7921875 0.02109375 0.0203125
0 0.53671875 0.65234375 0.0234375 0.0234375
0 0.52578125 0.55 0.02109375 0.021875
0 0.6203125 0.7859375 0.0203125 0.0203125
0 0.51640625 0.71953125 0.021875 0.02109375
0 0.49609375 0.68828125 0.021875 0.02109375
0 0.4828125 0.53515625 0.021875 0.0234375
0 0.5984375 0.80859375 0.01953125 0.01953125
0 0.46953125 0.6078125 0.02265625 0.021875
0 0.4203125 0.5140625 0.02265625 0.0234375
0 0.40546875 0.42109375 0.02578125 0.025
0 0.47109375 0.553125 0.021875 0.02265625
0 0.503125 0.5265625 0.02265625 0.0234375
0 0.35703125 0.39921875 0.0234375 0.025
0 0.39765625 0.49921875 0.0234375 0.02265625
0 0.58671875 0.4265625 0.0234375 0.02421875
0 0.37890625 0.40859375 0.0234375 0.02421875
0 0.4 0.39921875 0.02578125 0.025
0 0.4 0.44375 0.025 0.02421875
0 0.4796875 0.6640625 0.025 0.021875
0 0.28828125 0.29609375 0.025 0.028125
0 0.33671875 0.32109375 0.02421875 0.02578125
0 0.36796875 0.37734375 0.025 0.025
0 0.3890625 0.4640625 0.02421875 0.02421875
0 0.41171875 0.46328125 0.0234375 0.02265625
0 0.31875 0.32421875 0.025 0.02578125
0 0.3125 0.3 0.02578125 0.0265625
0 0.5453125 0.6703125 0.0234375 0.02265625
0 0.43359375 0.47578125 0.0234375 0.0234375
0 0.2921875 0.3265625 0.02578125 0.02734375
0 0.578125 0.40390625 0.025 0.025
0 0.434375 0.5359375 0.02265625 0.021875
0 0.48828125 0.50078125 0.02265625 0.02265625
0 0.571875 0.7234375 0.0234375 0.021875
0 0.46171875 0.49453125 0.02265625 0.02421875
0 0.38046875 0.35703125 0.025 0.025
0 0.35 0.4203125 0.025 0.025
0 0.4703125 0.63671875 0.02265625 0.021875
0 0.353125 0.33984375 0.02578125 0.02578125
0 0.5609375 0.41796875 0.0234375 0.0234375
0 0.28359375 0.2703125 0.02578125 0.02734375
0 0.57890625 0.81171875 0.0203125 0.01953125
0 0.3078125 0.271875 0.02578125 0.02734375
0 0.39609375 0.378125 0.0265625 0.025
0 0.37578125 0.32734375 0.028125 0.0265625
0 0.44609375 0.515625 0.021875 0.021875
0 0.6390625 0.7796875 0.0203125 0.0203125
0 0.3859375 0.5171875 0.02265625 0.0234375
0 0.334375 0.39609375 0.02578125 0.0265625
0 0.7859375 0.53984375 0.02265625 0.02265625
0 0.3234375 0.346875 0.0265625 0.0265625
0 0.7953125 0.565625 0.021875 0.021875
0 0.6203125 0.809375 0.0203125 0.01953125
0 0.54375 0.8046875 0.02109375 0.0203125
0 0.3578125 0.2984375 0.0265625 0.02734375
0 0.3734375 0.43046875 0.02421875 0.025
0 0.6046875 0.43984375 0.02265625 0.0234375
0 0.2984375 0.34921875 0.0265625 0.02578125
0 0.265625 0.3046875 0.02734375 0.028125
0 0.54921875 0.5515625 0.021875 0.025
0 0.80859375 0.54609375 0.021875 0.02265625
0 0.4203125 0.4921875 0.02421875 0.02421875
0 0.25859375 0.275 0.0265625 0.02734375
0 0.42890625 0.4140625 0.0234375 0.025
0 0.334375 0.2890625 0.025 0.028125
0 0.709375 0.47890625 0.021875 0.02265625
0 0.44453125 0.59609375 0.021875 0.021875
0 0.8125 0.57578125 0.021875 0.02265625
0 0.34453125 0.36953125 0.025 0.0265625
0 0.5796875 0.27265625 0.025 0.02578125
0 0.36796875 0.484375 0.02421875 0.0234375
0 0.69453125 0.4625 0.02265625 0.02421875
0 0.49765625 0.4765625 0.02265625 0.025
0 0.5625 0.2546875 0.02421875 0.0265625
0 0.76875 0.521875 0.02265625 0.0234375
0 0.4140625 0.5953125 0.02265625 0.021875
0 0.61328125 0.409375 0.0234375 0.02421875
0 0.54921875 0.3921875 0.0234375 0.025
0 0.2734375 0.240625 0.0296875 0.028125
0 0.57109375 0.29765625 0.02421875 0.025
0 0.44140625 0.653125 0.021875 0.021875
0 0.296875 0.22265625 0.0265625 0.02734375
0 0.4796875 0.43828125 0.0234375 0.028125
0 0.76171875 0.48828125 0.02265625 0.02265625
0 0.52890625 0.246875 0.02578125 0.02734375
0 0.42109375 0.56484375 0.025 0.0234375
0 0.2609375 0.2125 0.0265625 0.0265625
0 0.38671875 0.25234375 0.0296875 0.02890625
0 0.50078125 0.346875 0.02578125 0.0265625
0 0.36484375 0.18203125 0.028125 0.0296875
0 0.6375 0.3015625 0.02734375 0.0296875
0 0.61484375 0.334375 0.02578125 0.02578125
0 0.590625 0.21875 0.028125 0.0296875
0 0.6546875 0.459375 0.025 0.03046875
0 0.77578125 0.7046875 0.025 0.02421875
0 0.59296875 0.87421875 0.02265625 0.01875
0 0.59375 0.8546875 0.02421875 0.021875
0 0.28203125 0.68359375 0.0265625 0.02578125
0 0.1734375 0.54296875 0.03046875 0.02578125
0 0.20234375 0.51171875 0.028125 0.02578125