0 0.47109375 0.11015625 0.040625 0.040625
0 0.55703125 0.22109375 0.0390625 0.040625
0 0.675 0.06640625 0.0375 0.0390625
0 0.53046875 0.23359375 0.0375 0.0390625
0 0.4984375 0.2953125 0.0375 0.0390625
0 0.48984375 0.25234375 0.0390625 0.040625
0 0.49453125 0.2078125 0.0390625 0.040625
0 0.4671875 0.215625 0.0390625 0.040625
0 0.4703125 0.303125 0.0375 0.0375
0 0.46875 0.271875 0.040625 0.040625
0 0.57109375 0.2734375 0.040625 0.040625
0 0.72578125 0.11875 0.0375 0.0390625
0 0.7 0.10234375 0.040625 0.0390625
0 0.47890625 0.3296875 0.0375 0.0375
0 0.51484375 0.3296875 0.040625 0.040625
0 0.50390625 0.3609375 0.0375 0.0390625
0 0.70625 0.14296875 0.034375 0.0359375
0 0.68515625 0.125 0.0375 0.0375
0 0.478125 0.39375 0.0359375 0.0359375
0 0.65 0.12265625 0.0375 0.0375
0 0.5046875 0.38828125 0.0375 0.0375
0 0.6421875 0.17421875 0.0375 0.0375
0 0.621875 0.2234375 0.0375 0.0375
0 0.54453125 0.3453125 0.0375 0.0390625
0 0.6453125 0.2375 0.0375 0.0375
0 0.446875 0.35234375 0.0375 0.0375
0 0.53203125 0.38125 0.0375 0.0375
0 0.5640625 0.32265625 0.0390625 0.040625
0 0.4765625 0.35625 0.0390625 0.0390625
0 0.44921875 0.32109375 0.040625 0.040625
0 0.6328125 0.14765625 0.0390625 0.040625
0 0.690625 0.16484375 0.0375 0.0375
0 0.5125 0.4171875 0.0375 0.0390625
0 0.66796875 0.253125 0.0375 0.0390625
0 0.61484375 0.1796875 0.0359375 0.0359375
0 0.7375 0.15 0.0359375 0.0359375
0 0.4609375 0.42734375 0.0390625 0.040625
0 0.55859375 0.37890625 0.0375 0.0390625
0 0.6 0.29921875 0.040625 0.040625
0 0.540625 0.40703125 0.0375 0.0375
0 0.53359375 0.43515625 0.0375 0.0375
0 0.44921875 0.40234375 0.040625 0.040625
0 0.5046875 0.4421875 0.0359375 0.0359375
0 0.44765625 0.2421875 0.0421875 0.0421875
0 0.71171875 0.18359375 0.0359375 0.0359375
0 0.62109375 0.1234375 0.0390625 0.040625
0 0.45703125 0.37734375 0.0375 0.0375
0 0.47890625 0.44921875 0.0359375 0.0359375
0 0.6890625 0.20078125 0.0359375 0.0359375
0 0.66796875 0.184375 0.0359375 0.0359375
0 0.59296875 0.3359375 0.040625 0.040625
0 0.4984375 0.46875 0.0375 0.0375
0 0.46953125 0.47734375 0.0359375 0.0359375
0 0.4484375 0.45390625 0.0390625 0.040625
0 0.66484375 0.15 0.040625 0.040625
0 0.44140625 0.4828125 0.0375 0.0375
0 0.42734375 0.43671875 0.0375 0.0375
0 0.6640625 0.2125 0.0375 0.0390625
0 0.48984375 0.49375 0.0375 0.0390625
0 0.5609375 0.434375 0.0390625 0.040625
0 0.525 0.4625 0.0390625 0.040625
0 0.48828125 0.4203125 0.0390625 0.0390625
0 0.42109375 0.40546875 0.0390625 0.040625
0 0.6046875 0.153125 0.0390625 0.040625
0 0.63671875 0.2015625 0.040625 0.040625
0 0.4375 0.51640625 0.0375 0.0390625
0 0.48203125 0.5203125 0.040625 0.040625
0 0.42109375 0.46484375 0.0375 0.0390625
0 0.4578125 0.5359375 0.0375 0.0390625
0 0.59921875 0.20390625 0.040625 0.040625
0 0.55390625 0.46171875 0.0390625 0.040625
0 0.43828125 0.55390625 0.0390625 0.040625
0 0.3984375 0.6125 0.0375 0.0390625
0 0.41796875 0.53515625 0.0390625 0.040625
0 0.3984375 0.55625 0.0390625 0.0390625
0 0.51484375 0.49375 0.0375 0.0390625
0 0.41875 0.5765625 0.0375 0.0390625
0 0.446875 0.58046875 0.0375 0.0390625
0 0.42890625 0.603125 0.0390625 0.040625
0 0.38125 0.59140625 0.040625 0.040625
0 0.50859375 0.52109375 0.0375 0.0375
0 0.37109375 0.61953125 0.0390625 0.040625
0 0.5421875 0.4890625 0.0375 0.0375
0 0.35390625 0.59765625 0.0375 0.0390625
0 0.34296875 0.62265625 0.0375 0.0390625
0 0.36015625 0.646875 0.040625 0.0421875
0 0.2921875 0.66171875 0.040625 0.040625
0 0.459375 0.503125 0.0375 0.0375
0 0.3875 0.640625 0.0390625 0.040625
0 0.31484375 0.640625 0.0390625 0.040625
0 0.3890625 0.52890625 0.040625 0.040625
0 0.45625 0.609375 0.0375 0.0375
0 0.31171875 0.68125 0.040625 0.0421875
0 0.415625 0.49921875 0.0375 0.0375
0 0.35078125 0.54296875 0.040625 0.040625
0 0.334375 0.6625 0.0390625 0.040625
0 0.26328125 0.6703125 0.0375 0.0390625
0 0.3390625 0.57265625 0.0390625 0.040625
0 0.3671875 0.565625 0.0375 0.0390625
0 0.3609375 0.6734375 0.040625 0.040625
0 0.24921875 0.69609375 0.040625 0.040625
0 0.29609375 0.62265625 0.0390625 0.040625
0 0.4390625 0.63046875 0.0390625 0.0390625
0 0.26953125 0.71640625 0.040625 0.040625
0 0.47890625 0.5578125 0.0390625 0.040625
0 0.2671875 0.64453125 0.0390625 0.040625
0 0.3203125 0.6078125 0.040625 0.040625
0 0.3046875 0.709375 0.040625 0.040625
0 0.41484375 0.63515625 0.0375 0.0375
0 0.23515625 0.75546875 0.0390625 0.040625
0 0.25859375 0.78125 0.0390625 0.040625
0 0.215625 0.77734375 0.0375 0.0390625
0 0.24296875 0.8296875 0.0375 0.0390625
0 0.2234375 0.68203125 0.040625 0.040625
0 0.28984375 0.7359375 0.0390625 0.040625
0 0.3078125 0.7640625 0.040625 0.040625
0 0.284375 0.790625 0.0390625 0.040625
0 0.2828125 0.690625 0.0390625 0.040625
0 0.33671875 0.690625 0.0390625 0.040625
0 0.31953125 0.82109375 0.040625 0.0421875
0 0.21796875 0.8640625 0.0390625 0.040625
0 0.2328125 0.71953125 0.040625 0.040625
0 0.33125 0.74765625 0.040625 0.040625
0 0.23515625 0.7984375 0.0390625 0.0421875
0 0.20859375 0.8046875 0.0390625 0.040625
0 0.26796875 0.61484375 0.040625 0.040625
0 0.3390625 0.77421875 0.0390625 0.040625
0 0.35859375 0.73828125 0.0390625 0.040625
0 0.28125 0.76171875 0.040625 0.040625
0 0.26640625 0.81015625 0.0390625 0.0421875
0 0.2921875 0.81875 0.040625 0.040625
0 0.33125 0.71953125 0.040625 0.040625
0 0.21171875 0.73828125 0.040625 0.040625
0 0.39765625 0.66796875 0.0390625 0.0390625
0 0.1875 0.78046875 0.040625 0.040625
0 0.36640625 0.771875 0.040625 0.040625
0 0.3828125 0.6921875 0.040625 0.040625
0 0.196875 0.715625 0.040625 0.040625
0 0.2671875 0.8453125 0.0390625 0.040625
0 0.31328125 0.79140625 0.0390625 0.040625
0 0.21640625 0.83359375 0.0375 0.0375
0 0.18828125 0.825 0.0390625 0.040625
0 0.2578125 0.74296875 0.0390625 0.040625
0 0.35859375 0.71015625 0.0390625 0.040625
0 0.3796875 0.5375 0.021875 0.0171875