0 0.86796875 0.1078125 0.03203125 0.03671875
0 0.74609375 0.18515625 0.028125 0.028125
0 0.78515625 0.1734375 0.0296875 0.03203125
0 0.72890625 0.13984375 0.03203125 0.03203125
0 0.71484375 0.19140625 0.03203125 0.02578125
0 0.73828125 0.21640625 0.034375 0.0328125
0 0.77265625 0.228125 0.0296875 0.02734375
0 0.81640625 0.2328125 0.03046875 0.03046875
0 0.8453125 0.25078125 0.0296875 0.03203125
0 0.7875 0.29140625 0.03125 0.02890625
0 0.678125 0.2515625 0.0296875 0.0296875
0 0.7125 0.25703125 0.03046875 0.03203125
0 0.72734375 0.28671875 0.0265625 0.028125
0 0.753125 0.303125 0.0265625 0.03203125
0 0.68125 0.31484375 0.03125 0.0296875
0 0.66484375 0.2890625 0.028125 0.03125
0 0.58515625 0.2453125 0.02734375 0.03046875
0 0.6109375 0.2671875 0.03125 0.028125
0 0.62578125 0.29375 0.028125 0.03203125
0 0.64296875 0.3171875 0.028125 0.02890625
0 0.67265625 0.34453125 0.0296875 0.0265625
0 0.7015625 0.33515625 0.0265625 0.03203125
0 0.846875 0.35625 0.0328125 0.034375
0 0.7765625 0.3296875 0.0296875 0.03125
0 0.80859375 0.34921875 0.03359375 0.0328125
0 0.82109375 0.4 0.0328125 0.03359375
0 0.75390625 0.37421875 0.03046875 0.0359375
0 0.73515625 0.33671875 0.028125 0.03046875
0 0.8015625 0.37890625 0.02890625 0.03046875
0 0.825 0.43125 0.03046875 0.03125
0 0.86171875 0.45 0.0328125 0.03359375
0 0.67890625 0.3734375 0.03046875 0.0296875
0 0.725 0.390625 0.02890625 0.03125
0 0.784375 0.41640625 0.03046875 0.03203125
0 0.69453125 0.39921875 0.02734375 0.03046875
0 0.71015625 0.42421875 0.03125 0.0328125
0 0.7421875 0.41796875 0.02890625 0.03125
0 0.75625 0.45234375 0.02890625 0.03515625
0 0.78671875 0.44921875 0.02890625 0.0328125
0 0.81796875 0.4671875 0.03125 0.03125
0 0.603125 0.33203125 0.0296875 0.02890625
0 0.628125 0.346875 0.02578125 0.02578125
0 0.65078125 0.37109375 0.03046875 0.02890625
0 0.66640625 0.40078125 0.02890625 0.0296875
0 0.67890625 0.42734375 0.02890625 0.0265625
0 0.69765625 0.45390625 0.0328125 0.03046875
0 0.72890625 0.4640625 0.028125 0.028125
0 0.7515625 0.4859375 0.03046875 0.0296875
0 0.784375 0.48203125 0.03046875 0.03125
0 0.8140625 0.4984375 0.03046875 0.034375
0 0.93046875 0.50703125 0.03203125 0.034375
0 0.5734375 0.334375 0.03046875 0.028125
0 0.61484375 0.37421875 0.02890625 0.0296875
0 0.57421875 0.36484375 0.02734375 0.0296875
0 0.63671875 0.4046875 0.02734375 0.0296875
0 0.55625 0.390625 0.02734375 0.0296875
0 0.5796875 0.409375 0.0265625 0.02734375
0 0.6078125 0.403125 0.02890625 0.03046875
0 0.62265625 0.428125 0.02734375 0.0265625
0 0.6484375 0.44296875 0.028125 0.0265625
0 0.6703125 0.4625 0.0265625 0.028125
0 0.71171875 0.4921875 0.02890625 0.028125
0 0.75 0.51953125 0.03203125 0.03046875
0 0.7765625 0.53671875 0.03046875 0.03203125
0 0.68046875 0.4890625 0.028125 0.03046875
0 0.71953125 0.521875 0.028125 0.03046875
0 0.6484375 0.48828125 0.02890625 0.02890625
0 0.5921875 0.4359375 0.02734375 0.03125
0 0.62734375 0.465625 0.03046875 0.02890625
0 0.53984375 0.41953125 0.028125 0.02890625
0 0.56640625 0.48046875 0.0265625 0.028125
0 0.590625 0.465625 0.02734375 0.02890625
0 0.53671875 0.45 0.03125 0.03203125
0 0.56484375 0.4484375 0.025 0.03046875
0 0.60234375 0.49453125 0.03046875 0.02734375
0 0.6296875 0.5171875 0.02734375 0.0296875
0 0.65859375 0.51796875 0.02734375 0.02734375
0 0.68828125 0.52109375 0.03046875 0.03046875
0 0.7296875 0.55 0.03125 0.03046875
0 0.71953125 0.5796875 0.03046875 0.03125
0 0.67265625 0.54375 0.03046875 0.02734375
0 0.52734375 0.4796875 0.03125 0.02890625
0 0.55 0.50390625 0.0265625 0.03125
0 0.5765625 0.5109375 0.02890625 0.0296875
0 0.64375 0.546875 0.0265625 0.02890625
0 0.68359375 0.571875 0.0296875 0.028125
0 0.72578125 0.6171875 0.0265625 0.03125
0 0.77890625 0.6296875 0.03125 0.034375
0 0.690625 0.60390625 0.028125 0.02890625
0 0.6171875 0.5453125 0.02734375 0.0265625
0 0.521875 0.51015625 0.02734375 0.0296875
0 0.5875 0.5390625 0.028125 0.03046875
0 0.60390625 0.5734375 0.02734375 0.03125
0 0.63359375 0.5703125 0.02734375 0.02578125
0 0.65703125 0.59296875 0.02890625 0.0328125
0 0.5234375 0.54296875 0.0265625 0.02890625
0 0.55234375 0.54453125 0.025 0.028125
0 0.5734375 0.56796875 0.02734375 0.028125
0 0.61953125 0.59765625 0.0265625 0.02890625
0 0.58359375 0.5984375 0.028125 0.03046875
0 0.540625 0.57109375 0.02734375 0.03046875
0 0.49140625 0.55859375 0.028125 0.02734375
0 0.5109375 0.58359375 0.02890625 0.03046875
0 0.5796875 0.628125 0.02734375 0.0296875
0 0.54921875 0.60078125 0.0296875 0.0296875
0 0.60859375 0.62578125 0.0265625 0.028125
0 0.63515625 0.6421875 0.028125 0.03046875
0 0.6625 0.65546875 0.0296875 0.03046875
0 0.475 0.5875 0.03046875 0.03125
0 0.49765625 0.60859375 0.02890625 0.02890625
0 0.52421875 0.621875 0.0265625 0.0296875
0 0.55234375 0.6359375 0.0265625 0.0328125
0 0.5765625 0.659375 0.03046875 0.028125
0 0.60625 0.65625 0.02734375 0.03203125
0 0.625 0.678125 0.0296875 0.0296875
0 0.640625 0.70390625 0.0296875 0.03359375
0 0.47265625 0.62890625 0.03046875 0.03125
0 0.5015625 0.640625 0.028125 0.02890625
0 0.5296875 0.65390625 0.02734375 0.0296875
0 0.58515625 0.6875 0.0265625 0.03125
0 0.61015625 0.71171875 0.028125 0.0296875
0 0.5046875 0.68046875 0.02734375 0.03046875
0 0.54296875 0.68046875 0.0265625 0.02890625
0 0.5546875 0.70859375 0.02734375 0.03125
0 0.58203125 0.72265625 0.028125 0.03203125
0 0.61015625 0.740625 0.028125 0.0296875
0 0.47578125 0.66796875 0.02890625 0.0296875
0 0.49296875 0.7140625 0.02421875 0.0296875
0 0.5203125 0.70859375 0.025 0.03046875
0 0.5296875 0.7375 0.0296875 0.03125
0 0.5609375 0.74296875 0.03046875 0.03359375
0 0.58828125 0.76015625 0.028125 0.0328125
0 0.46875 0.7015625 0.0265625 0.03203125
0 0.4984375 0.7453125 0.03046875 0.03203125
0 0.53125 0.7671875 0.03203125 0.034375
0 0.5578125 0.78359375 0.028125 0.0359375
0 0.44765625 0.76796875 0.0328125 0.03359375
0 0.4796875 0.77421875 0.0296875 0.03359375
0 0.50625 0.7890625 0.0296875 0.03125
0 0.521875 0.82578125 0.02734375 0.03515625
0 0.08984375 0.63359375 0.028125 0.0296875
0 0.0921875 0.66484375 0.02890625 0.03125