0 0.28203125 0.50703125 0.0421875 0.0421875
0 0.29921875 0.46484375 0.040625 0.040625
0 0.3328125 0.45390625 0.0390625 0.0390625
0 0.36484375 0.4546875 0.0421875 0.0421875
0 0.38515625 0.48125 0.0375 0.0390625
0 0.41640625 0.4890625 0.0421875 0.0421875
0 0.4609375 0.496875 0.040625 0.0390625
0 0.49453125 0.49609375 0.0421875 0.0421875
0 0.5296875 0.48984375 0.0421875 0.0421875
0 0.4546875 0.46328125 0.0390625 0.040625
0 0.41015625 0.40078125 0.040625 0.040625
0 0.51015625 0.4265625 0.04375 0.0453125
0 0.5578125 0.390625 0.0390625 0.040625
0 0.6890625 0.5015625 0.040625 0.040625
0 0.73046875 0.496875 0.0421875 0.04375
0 0.6765625 0.46015625 0.0421875 0.0421875
0 0.75859375 0.43984375 0.0421875 0.0421875
0 0.7515625 0.39375 0.0421875 0.0453125
0 0.71171875 0.26328125 0.04375 0.0453125
0 0.74140625 0.28046875 0.0390625 0.04375
0 0.6734375 0.278125 0.0421875 0.0453125
0 0.6796875 0.23125 0.04375 0.0484375
0 0.62109375 0.275 0.040625 0.0453125
0 0.5484375 0.28046875 0.04375 0.0421875
0 0.44453125 0.35 0.0453125 0.0453125
0 0.35234375 0.3328125 0.0453125 0.04375
0 0.10546875 0.43125 0.04375 0.0453125
0 0.215625 0.43203125 0.04375 0.0453125
0 0.20546875 0.35390625 0.0453125 0.0453125
0 0.27890625 0.32109375 0.0421875 0.0453125
0 0.34765625 0.27578125 0.040625 0.0453125
0 0.38359375 0.21640625 0.04375 0.0484375
0 0.4140625 0.17578125 0.04375 0.0453125
0 0.46484375 0.16171875 0.0421875 0.0453125
0 0.48203125 0.21953125 0.0421875 0.04375
0 0.54296875 0.1453125 0.04375 0.0453125
0 0.66015625 0.1484375 0.04375 0.0421875
0 0.678125 0.11796875 0.0421875 0.0421875