0 0.4734375 0.528125 0.0390625 0.0390625
0 0.54765625 0.68359375 0.040625 0.0390625
0 0.61640625 0.725 0.0390625 0.040625
0 0.57421875 0.52890625 0.04140625 0.0421875
0 0.6 0.49375 0.03984375 0.0390625
0 0.575 0.415625 0.0390625 0.0390625
0 0.553125 0.4984375 0.0390625 0.0390625
0 0.634375 0.44765625 0.03828125 0.0390625
0 0.69296875 0.4046875 0.03984375 0.0390625
0 0.5453125 0.63984375 0.0390625 0.0390625
0 0.39296875 0.6171875 0.0390625 0.03984375
0 0.49765625 0.3609375 0.0390625 0.040625
0 0.5359375 0.42734375 0.0390625 0.03984375
0 0.6953125 0.35546875 0.03984375 0.0390625
0 0.509375 0.50703125 0.03828125 0.03984375
0 0.359375 0.54765625 0.03984375 0.0390625
0 0.35859375 0.51015625 0.0390625 0.0390625
0 0.32421875 0.65234375 0.040625 0.03984375
0 0.4984375 0.396875 0.03984375 0.040625
0 0.48671875 0.47734375 0.03828125 0.0390625
0 0.49375 0.64140625 0.03828125 0.03828125
0 0.33515625 0.5796875 0.03984375 0.040625
0 0.5578125 0.5671875 0.0390625 0.0390625
0 0.59609375 0.4484375 0.0390625 0.03984375
0 0.53203125 0.53828125 0.03828125 0.0390625
0 0.36171875 0.6609375 0.03984375 0.04140625
0 0.46484375 0.61015625 0.03828125 0.0421875
0 0.46484375 0.41484375 0.040625 0.040625
0 0.33046875 0.48359375 0.03984375 0.03828125
0 0.54453125 0.7234375 0.03984375 0.040625
0 0.32265625 0.53828125 0.03984375 0.0390625
0 0.58125 0.65390625 0.0390625 0.03984375
0 0.64921875 0.7046875 0.03828125 0.03828125
0 0.4625 0.371875 0.040625 0.040625
0 0.4015625 0.6609375 0.0390625 0.0421875
0 0.42265625 0.4703125 0.0390625 0.03828125
0 0.559375 0.459375 0.03828125 0.03984375
0 0.571875 0.32734375 0.040625 0.040625
0 0.57578125 0.7546875 0.03828125 0.0390625
0 0.35234375 0.6171875 0.04140625 0.040625
0 0.45546875 0.45234375 0.040625 0.0390625
0 0.59609375 0.68828125 0.03828125 0.0390625
0 0.42578125 0.38671875 0.0421875 0.040625
0 0.428125 0.42421875 0.0390625 0.040625
0 0.5171875 0.59296875 0.0375 0.0375
0 0.62734375 0.653125 0.0375 0.03828125
0 0.728125 0.44375 0.04140625 0.040625
0 0.3734375 0.58359375 0.03984375 0.03984375
0 0.38359375 0.4828125 0.03984375 0.03828125
0 0.4109375 0.55859375 0.0390625 0.0390625
0 0.23515625 0.63359375 0.0421875 0.040625
0 0.315625 0.6109375 0.040625 0.0390625
0 0.4296875 0.59296875 0.03984375 0.04140625
0 0.28515625 0.52265625 0.04140625 0.03984375
0 0.35625 0.45546875 0.040625 0.03984375
0 0.43515625 0.5296875 0.03984375 0.03984375
0 0.5296875 0.3015625 0.03828125 0.040625
0 0.57578125 0.3734375 0.040625 0.040625
0 0.653125 0.49765625 0.0390625 0.03984375
0 0.28984375 0.5765625 0.03984375 0.0390625
0 0.621875 0.53359375 0.03828125 0.0390625
0 0.653125 0.3671875 0.0390625 0.040625
0 0.35703125 0.7 0.03984375 0.03984375
0 0.396875 0.71171875 0.03828125 0.0390625
0 0.52265625 0.4671875 0.03828125 0.040625
0 0.39375 0.4390625 0.040625 0.040625
0 0.27578125 0.7171875 0.0390625 0.04140625
0 0.49765625 0.4375 0.0390625 0.03984375
0 0.5484375 0.80625 0.040625 0.03984375
0 0.53125 0.3390625 0.03828125 0.04140625
0 0.4984375 0.5578125 0.0375 0.03671875
0 0.63125 0.57890625 0.03828125 0.03984375
0 0.675 0.57734375 0.0390625 0.03828125
0 0.45390625 0.56328125 0.03828125 0.0375
0 0.609375 0.34296875 0.03984375 0.0390625
0 0.6296875 0.3109375 0.03828125 0.040625
0 0.49765625 0.321875 0.0390625 0.040625
0 0.32109375 0.69375 0.040625 0.03984375
0 0.35625 0.41875 0.04609375 0.040625
0 0.3921875 0.40078125 0.03984375 0.0390625
0 0.659375 0.33046875 0.0421875 0.03984375
0 0.18828125 0.62421875 0.04140625 0.03984375
0 0.74296875 0.3921875 0.040625 0.0421875
0 0.59453125 0.57109375 0.0390625 0.0390625
0 0.4484375 0.334375 0.03984375 0.040625
0 0.25234375 0.678125 0.0390625 0.0390625
0 0.3734375 0.75703125 0.0390625 0.03984375
0 0.66171875 0.534375 0.03828125 0.040625
0 0.71015625 0.49453125 0.0390625 0.0390625
0 0.27890625 0.753125 0.03828125 0.03828125
0 0.50703125 0.26484375 0.0390625 0.040625
0 0.2984375 0.79296875 0.03828125 0.040625
0 0.6515625 0.61015625 0.03828125 0.0390625
0 0.5625 0.60703125 0.0390625 0.03984375
0 0.6078125 0.615625 0.0390625 0.0390625
0 0.696875 0.2578125 0.0390625 0.03984375
0 0.45078125 0.496875 0.03984375 0.03984375
0 0.653125 0.40703125 0.0390625 0.03828125
0 0.48828125 0.72421875 0.03984375 0.0390625
0 0.778125 0.2625 0.03984375 0.040625
0 0.75703125 0.21640625 0.04140625 0.040625
0 0.4390625 0.64140625 0.0375 0.03828125
0 0.3140625 0.87890625 0.0390625 0.04140625
0 0.6859375 0.46640625 0.0390625 0.040625
0 0.259375 0.82421875 0.03984375 0.040625
0 0.73984375 0.13046875 0.040625 0.04375
0 0.45 0.815625 0.0390625 0.0390625
0 0.39140625 0.82109375 0.0390625 0.03984375
0 0.2984375 0.83671875 0.03828125 0.0390625
0 0.203125 0.77265625 0.03828125 0.0390625
0 0.6328125 0.25546875 0.04296875 0.03984375
0 0.8203125 0.1046875 0.0390625 0.0421875
0 0.59453125 0.29296875 0.03984375 0.0390625
0 0.42734375 0.221875 0.03984375 0.04140625
0 0.55546875 0.234375 0.0390625 0.040625
0 0.2421875 0.7875 0.03984375 0.03984375
0 0.70390625 0.55078125 0.0421875 0.03984375
0 0.71484375 0.190625 0.0390625 0.040625
0 0.32265625 0.40390625 0.040625 0.040625
0 0.53984375 0.19609375 0.040625 0.04140625
0 0.6109375 0.19453125 0.04140625 0.040625
0 0.2203125 0.596875 0.04140625 0.040625
0 0.64765625 0.21484375 0.03984375 0.040625
0 0.56171875 0.275 0.0390625 0.04140625
0 0.47890625 0.84765625 0.0390625 0.03984375
0 0.3140625 0.7375 0.040625 0.03984375
0 0.41328125 0.30859375 0.0390625 0.04140625
0 0.69375 0.61796875 0.03984375 0.0390625
0 0.42578125 0.76640625 0.0390625 0.0390625
0 0.39921875 0.35703125 0.03984375 0.040625
0 0.75234375 0.296875 0.0390625 0.040625
0 0.46640625 0.28046875 0.03984375 0.040625
0 0.7078125 0.3015625 0.03828125 0.04140625
0 0.31328125 0.45234375 0.0421875 0.040625
0 0.34140625 0.815625 0.04375 0.03984375
0 0.23828125 0.53046875 0.040625 0.040625
0 0.66484375 0.28125 0.03828125 0.03984375
0 0.534375 0.38359375 0.03984375 0.040625
0 0.603125 0.23515625 0.04140625 0.040625
0 0.684375 0.21875 0.03828125 0.0390625
0 0.6671875 0.6515625 0.0390625 0.0390625
0 0.434375 0.89921875 0.03828125 0.0390625
0 0.33203125 0.775 0.03984375 0.040625
0 0.1796875 0.90625 0.0390625 0.040625
0 0.2328125 0.7453125 0.03828125 0.03984375
0 0.19453125 0.715625 0.03984375 0.04375
0 0.33828125 0.34609375 0.04140625 0.04140625
0 0.165625 0.7578125 0.03828125 0.03984375
0 0.24921875 0.56875 0.04296875 0.03984375
0 0.21640625 0.66953125 0.03984375 0.04140625
0 0.75 0.16953125 0.040625 0.04140625
0 0.8953125 0.2328125 0.03984375 0.0390625
0 0.753125 0.33515625 0.03984375 0.03984375
0 0.29296875 0.37890625 0.04140625 0.04140625
0 0.61640625 0.3859375 0.040625 0.04296875
0 0.37109375 0.85859375 0.04375 0.0390625
0 0.44296875 0.71875 0.0390625 0.04375
0 0.67890625 0.18046875 0.0390625 0.04140625
0 0.1953125 0.8140625 0.0390625 0.03984375
0 0.2546875 0.475 0.04140625 0.03984375
0 0.2578125 0.88671875 0.040625 0.04453125
0 0.475 0.23515625 0.03984375 0.04375
0 0.396875 0.52109375 0.04140625 0.040625
0 0.3609375 0.3796875 0.040625 0.040625
0 0.175 0.6703125 0.04140625 0.040625
0 0.84296875 0.32890625 0.03984375 0.0453125
0 0.37578125 0.3234375 0.03984375 0.0453125
0 0.7046875 0.15078125 0.04140625 0.0421875
0 0.28515625 0.64765625 0.03984375 0.04296875
0 0.7921875 0.33046875 0.0421875 0.03984375
0 0.15234375 0.8640625 0.03984375 0.03984375
0 0.1484375 0.703125 0.0390625 0.04375
0 0.98125 0.26875 0.03671875 0.0484375
0 0.2234375 0.85078125 0.03984375 0.0421875
0 0.76171875 0.4703125 0.04140625 0.0421875
0 0.2015625 0.5640625 0.0421875 0.0421875
0 0.815625 0.04296875 0.04375 0.04453125
0 0.2671875 0.60859375 0.046875 0.040625
0 0.2921875 0.48203125 0.04140625 0.03984375
0 0.115625 0.8390625 0.04140625 0.04609375
0 0.64140625 0.16484375 0.03984375 0.04609375
0 0.27578125 0.43984375 0.040625 0.040625