0 0.63046875 0.5109375 0.015625 0.015625
0 0.62578125 0.5203125 0.0140625 0.0140625
0 0.6125 0.51484375 0.0125 0.0140625
0 0.59375 0.525 0.0125 0.0109375
0 0.59765625 0.50625 0.0125 0.0125
0 0.584375 0.51015625 0.0109375 0.0109375
0 0.609375 0.4984375 0.0109375 0.0125
0 0.603125 0.48828125 0.0140625 0.0140625
0 0.62421875 0.4671875 0.0109375 0.0125
0 0.61484375 0.4765625 0.0125 0.0140625
0 0.62578125 0.43203125 0.015625 0.015625
0 0.61796875 0.44609375 0.0125 0.0140625
0 0.6109375 0.4390625 0.0125 0.0109375
0 0.59921875 0.4546875 0.015625 0.015625
0 0.6078125 0.46796875 0.0125 0.0125
0 0.5984375 0.47890625 0.0125 0.0125
0 0.5859375 0.49375 0.0125 0.0125
0 0.57578125 0.46015625 0.0140625 0.0125
0 0.58359375 0.4328125 0.0140625 0.0140625
0 0.56640625 0.43828125 0.0140625 0.0140625
0 0.553125 0.453125 0.0140625 0.0140625
0 0.546875 0.465625 0.015625 0.015625
0 0.534375 0.45859375 0.0140625 0.0125
0 0.5609375 0.41484375 0.015625 0.015625
0 0.54453125 0.43828125 0.0109375 0.0109375
0 0.5328125 0.43671875 0.0109375 0.0109375
0 0.53515625 0.4109375 0.0125 0.0109375
0 0.53046875 0.42265625 0.0109375 0.0125
0 0.4859375 0.4484375 0.0109375 0.0125
0 0.4890625 0.43203125 0.0109375 0.0125
0 0.5203125 0.4078125 0.0140625 0.0140625
0 0.51171875 0.39140625 0.0140625 0.0140625
0 0.49921875 0.40390625 0.0140625 0.0140625
0 0.50390625 0.371875 0.0140625 0.0140625
0 0.490625 0.39296875 0.0109375 0.0125
0 0.4734375 0.409375 0.0109375 0.0125
0 0.46484375 0.415625 0.0125 0.0109375
0 0.47109375 0.390625 0.0140625 0.0140625
0 0.46484375 0.40078125 0.009375 0.0109375
0 0.45625 0.396875 0.0109375 0.0109375
0 0.46171875 0.384375 0.0109375 0.0109375
0 0.45 0.38359375 0.0125 0.0109375
0 0.49375 0.34921875 0.0109375 0.0109375
0 0.47734375 0.3546875 0.0125 0.0109375
0 0.4640625 0.36875 0.0109375 0.0109375
0 0.47734375 0.334375 0.0109375 0.0109375
0 0.46796875 0.340625 0.0109375 0.0109375
0 0.45234375 0.34765625 0.0140625 0.0140625
0 0.44921875 0.35859375 0.0125 0.0109375
0 0.45 0.36796875 0.0109375 0.0125
0 0.4390625 0.3703125 0.0109375 0.0109375
0 0.5734375 0.50859375 0.0109375 0.0109375
0 0.56796875 0.5171875 0.0109375 0.0109375
0 0.56484375 0.52578125 0.0109375 0.0109375
0 0.55390625 0.4953125 0.0109375 0.0125
0 0.5640625 0.50703125 0.0109375 0.0109375
0 0.5578125 0.515625 0.0109375 0.0109375
0 0.55 0.5203125 0.0109375 0.0109375
0 0.54921875 0.53203125 0.0109375 0.0125
0 0.553125 0.54609375 0.0125 0.0109375
0 0.54296875 0.51328125 0.0109375 0.0109375
0 0.5390625 0.52734375 0.0109375 0.0109375
0 0.53515625 0.48515625 0.0109375 0.0109375
0 0.51953125 0.48828125 0.0109375 0.0109375
0 0.50546875 0.4828125 0.0109375 0.0109375
0 0.5125 0.496875 0.0109375 0.0109375
0 0.509375 0.51484375 0.0109375 0.0125
0 0.54296875 0.58125 0.0109375 0.0109375
0 0.53671875 0.58828125 0.0109375 0.0109375
0 0.534375 0.57421875 0.0109375 0.0109375
0 0.52578125 0.584375 0.0109375 0.0109375
0 0.521875 0.5921875 0.0109375 0.0109375
0 0.50390625 0.5640625 0.0109375 0.0109375
0 0.5171875 0.58125 0.0109375 0.0109375
0 0.5015625 0.59609375 0.0109375 0.0109375
0 0.490625 0.5890625 0.0109375 0.0109375
0 0.4546875 0.5984375 0.0109375 0.0109375
0 0.4515625 0.58828125 0.0125 0.0109375
0 0.45546875 0.5640625 0.0109375 0.0109375
0 0.48828125 0.5 0.0109375 0.0109375
0 0.478125 0.503125 0.0109375 0.0109375
0 0.48046875 0.490625 0.0109375 0.0109375
0 0.471875 0.49609375 0.0109375 0.0109375
0 0.46015625 0.51796875 0.0125 0.0109375
0 0.44765625 0.515625 0.0109375 0.0125
0 0.4609375 0.49765625 0.0109375 0.0109375
0 0.4515625 0.5015625 0.0109375 0.0109375
0 0.47109375 0.484375 0.009375 0.0109375
0 0.4625 0.4859375 0.0109375 0.0109375
0 0.453125 0.48203125 0.0109375 0.0109375
0 0.46328125 0.475 0.0109375 0.0109375
0 0.45078125 0.47265625 0.0109375 0.0109375
0 0.44296875 0.48203125 0.0109375 0.0109375
0 0.44921875 0.4921875 0.0109375 0.0109375
0 0.43828125 0.49765625 0.0109375 0.0109375
0 0.43046875 0.49296875 0.0109375 0.0078125
0 0.4203125 0.496875 0.0109375 0.0109375
0 0.434375 0.4828125 0.0109375 0.0109375
0 0.42109375 0.4859375 0.0109375 0.0109375
0 0.4421875 0.46640625 0.0109375 0.0109375
0 0.43046875 0.47265625 0.0109375 0.0109375
0 0.4359375 0.45859375 0.0109375 0.0109375
0 0.4265625 0.4640625 0.0109375 0.0109375
0 0.43046875 0.44765625 0.0109375 0.0109375
0 0.42109375 0.4546875 0.0109375 0.0109375
0 0.425 0.4375 0.0109375 0.0109375
0 0.41875 0.4453125 0.0109375 0.0109375
0 0.45 0.41953125 0.009375 0.0109375
0 0.4390625 0.4234375 0.0109375 0.0109375
0 0.4375 0.4046875 0.0109375 0.0109375
0 0.43515625 0.4140625 0.0109375 0.0109375
0 0.42265625 0.396875 0.0109375 0.0109375
0 0.4171875 0.40546875 0.0109375 0.0109375
0 0.4265625 0.4078125 0.0109375 0.0109375
0 0.42421875 0.41875 0.0109375 0.0109375
0 0.42265625 0.428125 0.0109375 0.0109375
0 0.4140625 0.434375 0.0109375 0.0109375
0 0.4125 0.42265625 0.0109375 0.0109375
0 0.3828125 0.35 0.0109375 0.0125
0 0.40703125 0.4078125 0.0109375 0.0125
0 0.403125 0.41953125 0.0109375 0.0109375
0 0.39296875 0.41875 0.0109375 0.0125
0 0.415625 0.46796875 0.0109375 0.0109375
0 0.40859375 0.459375 0.0109375 0.0109375
0 0.40546875 0.4703125 0.0109375 0.0109375
0 0.39921875 0.45390625 0.0109375 0.0125
0 0.39609375 0.4734375 0.0109375 0.0109375
0 0.38828125 0.47890625 0.0109375 0.0109375
0 0.38984375 0.48984375 0.0109375 0.0109375
0 0.371875 0.48984375 0.0125 0.0125
0 0.378125 0.509375 0.0125 0.0140625
0 0.3671875 0.521875 0.0109375 0.0109375
0 0.35390625 0.5203125 0.0125 0.0125
0 0.34453125 0.55234375 0.0140625 0.0140625
0 0.33359375 0.53984375 0.0140625 0.0125
0 0.3671875 0.4703125 0.0125 0.0125
0 0.3546875 0.490625 0.0125 0.0125
0 0.34375 0.48046875 0.0109375 0.0109375
0 0.33203125 0.4765625 0.0140625 0.0125
0 0.31953125 0.48984375 0.0125 0.0109375
0 0.35 0.42265625 0.0109375 0.0109375
0 0.3421875 0.4390625 0.0109375 0.0109375
0 0.3140625 0.45625 0.0109375 0.0109375
0 0.3203125 0.46171875 0.0109375 0.0125