0 0.55234375 0.17890625 0.04453125 0.034375
0 0.59921875 0.21015625 0.04375 0.040625
0 0.65078125 0.2078125 0.04375 0.0390625
0 0.621875 0.246875 0.040625 0.03515625
0 0.665625 0.24296875 0.0421875 0.0359375
0 0.70078125 0.22578125 0.0390625 0.034375
0 0.728125 0.25625 0.04140625 0.0359375
0 0.69140625 0.27265625 0.0421875 0.03359375
0 0.6421875 0.28203125 0.04609375 0.03828125
0 0.578125 0.253125 0.03984375 0.03515625
0 0.596875 0.2890625 0.04453125 0.0359375
0 0.5484375 0.284375 0.04453125 0.03671875
0 0.55078125 0.215625 0.04375 0.04296875
0 0.49609375 0.1734375 0.04140625 0.034375
0 0.503125 0.21015625 0.04453125 0.0390625
0 0.525 0.24765625 0.04140625 0.03671875
0 0.4953125 0.275 0.04453125 0.040625
0 0.478125 0.23515625 0.0421875 0.0359375
0 0.44921875 0.178125 0.04140625 0.0359375
0 0.43984375 0.215625 0.04140625 0.03984375
0 0.4484375 0.26328125 0.04375 0.0390625
0 0.44921875 0.3015625 0.04375 0.0359375
0 0.396875 0.28984375 0.05234375 0.03671875
0 0.4 0.25234375 0.046875 0.0390625
0 0.39453125 0.2140625 0.046875 0.0421875
0 0.3375 0.20703125 0.04375 0.03828125
0 0.35703125 0.2421875 0.0453125 0.034375
0 0.346875 0.27578125 0.04609375 0.0359375
0 0.29921875 0.24765625 0.04921875 0.0390625
0 0.19921875 0.24453125 0.04765625 0.04453125
0 0.1453125 0.26015625 0.04921875 0.04375
0 0.19609375 0.29453125 0.053125 0.04453125
0 0.25546875 0.27265625 0.053125 0.04375
0 0.26328125 0.31484375 0.0546875 0.04140625
0 0.33828125 0.38203125 0.0453125 0.0421875
0 0.36015625 0.3140625 0.04375 0.03515625
0 0.3125 0.30234375 0.04765625 0.03984375
0 0.27734375 0.35703125 0.04765625 0.040625
0 0.32265625 0.3421875 0.04453125 0.03828125
0 0.375 0.35234375 0.0484375 0.040625
0 0.4078125 0.325 0.0484375 0.03828125
0 0.5109375 0.35625 0.04453125 0.040625
0 0.45859375 0.33984375 0.0484375 0.03984375
0 0.49375 0.31640625 0.0421875 0.0359375
0 0.5390625 0.32421875 0.04453125 0.04140625
0 0.58515625 0.3265625 0.04296875 0.0390625
0 0.6296875 0.31796875 0.04453125 0.0375
0 0.66640625 0.34453125 0.04453125 0.0390625
0 0.68828125 0.31015625 0.04453125 0.0390625
0 0.73203125 0.29609375 0.04140625 0.03984375
0 0.746875 0.3390625 0.0421875 0.03984375
0 0.7796875 0.31484375 0.04921875 0.0390625
0 0.421875 0.36640625 0.04765625 0.03984375
0 0.38359375 0.39453125 0.0484375 0.040625
0 0.43125 0.409375 0.0484375 0.046875
0 0.47734375 0.3859375 0.0484375 0.04609375
0 0.52578125 0.3953125 0.0484375 0.04375
0 0.56171875 0.36015625 0.04921875 0.04375
0 0.61640625 0.359375 0.0453125 0.04140625
0 0.5921875 0.39296875 0.04921875 0.0421875
0 0.65390625 0.38828125 0.04375 0.04453125
0 0.7 0.37734375 0.04765625 0.04296875
0 0.8171875 0.36015625 0.04921875 0.0453125
0 0.75390625 0.38046875 0.0546875 0.04296875
0 0.75078125 0.42578125 0.05 0.04765625
0 0.6875 0.4234375 0.05 0.046875
0 0.63125 0.4203125 0.04765625 0.0375
0 0.56171875 0.42265625 0.0484375 0.04296875
0 0.53046875 0.45625 0.04453125 0.04453125
0 0.4859375 0.43046875 0.05 0.04453125
0 0.4828125 0.475 0.04921875 0.04609375
0 0.43203125 0.4625 0.05 0.04765625
0 0.38828125 0.4375 0.0484375 0.0421875
0 0.33984375 0.428125 0.04765625 0.04453125
0 0.28984375 0.4015625 0.0546875 0.0453125
0 0.0859375 0.38125 0.05859375 0.05390625
0 0.19609375 0.34296875 0.05703125 0.04375
0 0.18984375 0.3890625 0.053125 0.05234375
0 0.23984375 0.41328125 0.0515625 0.0484375
0 0.29453125 0.44921875 0.05234375 0.0453125
0 0.33828125 0.47265625 0.04765625 0.04921875
0 0.16640625 0.48359375 0.05625 0.05390625
0 0.23984375 0.51328125 0.0546875 0.05625
0 0.38671875 0.484375 0.053125 0.04921875
0 0.4375 0.5171875 0.05078125 0.05234375
0 0.4875 0.5234375 0.05078125 0.0453125
0 0.5296875 0.503125 0.04921875 0.05234375
0 0.5765625 0.48515625 0.053125 0.0515625
0 0.6015625 0.44921875 0.05 0.04296875
0 0.65 0.46328125 0.0484375 0.0453125
0 0.69375 0.48515625 0.0484375 0.05234375
0 0.740625 0.475 0.04765625 0.04765625
0 0.771875 0.5203125 0.05546875 0.05234375
0 0.6296875 0.51015625 0.0515625 0.05234375
0 0.57734375 0.54296875 0.05078125 0.05078125
0 0.525 0.5609375 0.05078125 0.046875
0 0.54140625 0.6109375 0.05546875 0.05546875