0 0.8890625 0.546875 0.03125 0.03125
0 0.81328125 0.6 0.03125 0.03125
0 0.79296875 0.63125 0.03125 0.03125
0 0.7625 0.62734375 0.03125 0.03125
0 0.7765625 0.57578125 0.03125 0.03125
0 0.78515625 0.60234375 0.028125 0.025
0 0.75703125 0.6 0.028125 0.028125
0 0.7671875 0.5515625 0.03125 0.028125
0 0.7453125 0.575 0.028125 0.028125
0 0.73671875 0.63828125 0.028125 0.0265625
0 0.7328125 0.61015625 0.0265625 0.028125
0 0.7203125 0.5859375 0.0296875 0.0265625
0 0.7046875 0.6109375 0.028125 0.0265625
0 0.70703125 0.63828125 0.028125 0.028125
0 0.67890625 0.63359375 0.028125 0.028125
0 0.69140625 0.584375 0.028125 0.025
0 0.6765625 0.60625 0.028125 0.0265625
0 0.70625 0.56328125 0.0265625 0.025
0 0.7375 0.55 0.028125 0.0265625
0 0.71640625 0.534375 0.028125 0.028125
0 0.69140625 0.540625 0.0296875 0.028125
0 0.72421875 0.50859375 0.0296875 0.025
0 0.69609375 0.515625 0.0265625 0.025
0 0.66953125 0.5078125 0.0265625 0.025
0 0.665625 0.53359375 0.028125 0.025
0 0.665625 0.484375 0.028125 0.025
0 0.64140625 0.503125 0.028125 0.025
0 0.6390625 0.52734375 0.0265625 0.025
0 0.6515625 0.55546875 0.028125 0.025
0 0.66015625 0.58046875 0.028125 0.0234375
0 0.64921875 0.60078125 0.028125 0.028125
0 0.646875 0.63359375 0.0296875 0.028125
0 0.62265625 0.6171875 0.028125 0.0265625
0 0.63359375 0.571875 0.028125 0.025
0 0.62578125 0.5484375 0.0265625 0.025
0 0.6171875 0.59140625 0.028125 0.025
0 0.61171875 0.525 0.0265625 0.025
0 0.59921875 0.5453125 0.028125 0.0234375
0 0.59765625 0.56875 0.028125 0.0234375
0 0.5890625 0.59296875 0.028125 0.025
0 0.590625 0.61953125 0.028125 0.025
0 0.61796875 0.48359375 0.028125 0.025
0 0.60234375 0.5015625 0.03125 0.025
0 0.584375 0.52578125 0.028125 0.025
0 0.5734375 0.54765625 0.0265625 0.025
0 0.56875 0.5734375 0.028125 0.0265625
0 0.53984375 0.57890625 0.028125 0.025
0 0.54765625 0.55546875 0.028125 0.0234375
0 0.575 0.50625 0.025 0.0203125
0 0.55390625 0.53125 0.028125 0.0234375
0 0.6796875 0.56328125 0.028125 0.025
0 0.75859375 0.42734375 0.028125 0.025
0 0.58125 0.41796875 0.028125 0.025
0 0.60078125 0.465625 0.025 0.021875
0 0.5828125 0.48359375 0.025 0.021875
0 0.57578125 0.46171875 0.025 0.025
0 0.56640625 0.4390625 0.025 0.021875
0 0.5546875 0.490625 0.0265625 0.0234375
0 0.5421875 0.51015625 0.025 0.0234375
0 0.55 0.46875 0.025 0.021875
0 0.525 0.46796875 0.0265625 0.025
0 0.53828125 0.44765625 0.0265625 0.025
0 0.5265625 0.53046875 0.0265625 0.025
0 0.521875 0.55703125 0.025 0.025
0 0.50703125 0.57890625 0.028125 0.0265625
0 0.4953125 0.5546875 0.0265625 0.025
0 0.49921875 0.5296875 0.0265625 0.025
0 0.5140625 0.50703125 0.0265625 0.0234375
0 0.50625 0.48671875 0.028125 0.025
0 0.484375 0.51015625 0.028125 0.0234375
0 0.4703125 0.53125 0.025 0.021875
0 0.46875 0.55546875 0.028125 0.028125
0 0.4578125 0.51328125 0.025 0.025
0 0.47578125 0.48828125 0.028125 0.0234375
0 0.44921875 0.4890625 0.025 0.025
0 0.4421875 0.53203125 0.025 0.025
0 0.43046875 0.56796875 0.0234375 0.025
0 0.44921875 0.58984375 0.028125 0.0265625
0 0.44453125 0.5609375 0.021875 0.025
0 0.4296875 0.6078125 0.028125 0.025
0 0.4203125 0.54765625 0.0265625 0.025
0 0.43203125 0.5109375 0.0265625 0.025
0 0.4109375 0.5265625 0.028125 0.025
0 0.4234375 0.48984375 0.025 0.025
0 0.40859375 0.58359375 0.0265625 0.025
0 0.40078125 0.61171875 0.028125 0.028125
0 0.396875 0.5625 0.028125 0.025
0 0.38671875 0.53984375 0.025 0.025
0 0.3796875 0.51875 0.028125 0.025
0 0.39296875 0.484375 0.0265625 0.025
0 0.38046875 0.4953125 0.028125 0.0234375
0 0.49765625 0.6453125 0.03125 0.03125
0 0.37734375 0.70234375 0.03125 0.028125
0 0.36015625 0.58359375 0.028125 0.0265625
0 0.365625 0.559375 0.028125 0.0265625
0 0.35546875 0.53359375 0.028125 0.025
0 0.35625 0.48828125 0.0265625 0.025
0 0.34140625 0.50859375 0.025 0.021875
0 0.4328125 0.4640625 0.0265625 0.0234375
0 0.484375 0.4625 0.0265625 0.025
0 0.459375 0.4421875 0.025 0.028125
0 0.48984375 0.43828125 0.028125 0.0234375
0 0.46953125 0.42109375 0.025 0.021875
0 0.44921875 0.40859375 0.028125 0.025
0 0.4296875 0.43828125 0.0265625 0.025
0 0.40234375 0.43828125 0.028125 0.025
0 0.41796875 0.41640625 0.028125 0.025
0 0.33671875 0.559375 0.0296875 0.028125
0 0.33671875 0.60078125 0.0296875 0.028125
0 0.31875 0.62890625 0.03125 0.0296875
0 0.29296875 0.6046875 0.03125 0.028125
0 0.315625 0.578125 0.028125 0.028125
0 0.32890625 0.52890625 0.028125 0.0296875
0 0.3296875 0.4875 0.028125 0.025
0 0.31640625 0.4671875 0.03125 0.0265625
0 0.303125 0.51328125 0.028125 0.0265625
0 0.30390625 0.53984375 0.0265625 0.025
0 0.27734375 0.54453125 0.028125 0.0265625
0 0.28984375 0.57109375 0.028125 0.028125
0 0.2546875 0.596875 0.03125 0.028125
0 0.22734375 0.5875 0.028125 0.028125
0 0.2625 0.56953125 0.0265625 0.0296875
0 0.26953125 0.52421875 0.03125 0.025
0 0.240625 0.53828125 0.028125 0.028125
0 0.2484375 0.5046875 0.028125 0.028125
0 0.2484375 0.46953125 0.028125 0.028125
0 0.2515625 0.43828125 0.028125 0.025
0 0.24375 0.39453125 0.028125 0.0265625
0 0.24765625 0.41796875 0.028125 0.0234375
0 0.190625 0.36484375 0.025 0.0234375
0 0.16875 0.3875 0.025 0.021875
0 0.16953125 0.4125 0.028125 0.025
0 0.14375 0.41796875 0.028125 0.0234375
0 0.11484375 0.4171875 0.0296875 0.0265625
0 0.10625 0.3734375 0.028125 0.0234375
0 0.07578125 0.38828125 0.028125 0.025
0 0.14140625 0.47890625 0.03125 0.0296875
0 0.1859375 0.5046875 0.03125 0.028125
0 0.17265625 0.53515625 0.028125 0.028125
0 0.165625 0.56796875 0.03125 0.028125
0 0.1375 0.5671875 0.028125 0.0328125
0 0.17109375 0.60234375 0.03125 0.03125
0 0.1046875 0.5734375 0.0328125 0.03125
0 0.09375 0.55078125 0.0328125 0.03125