0 0.4828125 0.65625 0.0359375 0.0328125
0 0.34375 0.57265625 0.0296875 0.03125
0 0.20234375 0.365625 0.0265625 0.028125
0 0.18828125 0.4234375 0.03125 0.0265625
0 0.259375 0.3796875 0.028125 0.025
0 0.23671875 0.4078125 0.0296875 0.028125
0 0.22421875 0.446875 0.028125 0.025
0 0.24296875 0.4578125 0.0265625 0.0265625
0 0.265625 0.45625 0.0265625 0.028125
0 0.284375 0.5 0.028125 0.025
0 0.2890625 0.47890625 0.028125 0.0234375
0 0.28671875 0.459375 0.025 0.021875
0 0.2828125 0.440625 0.025 0.025
0 0.30234375 0.51171875 0.028125 0.0265625
0 0.31640625 0.49296875 0.028125 0.0265625
0 0.31640625 0.47109375 0.028125 0.0265625
0 0.30859375 0.45234375 0.025 0.025
0 0.303125 0.428125 0.025 0.025
0 0.28515625 0.409375 0.028125 0.0265625
0 0.30859375 0.39375 0.0265625 0.0265625
0 0.33203125 0.51171875 0.028125 0.0265625
0 0.34765625 0.48828125 0.0296875 0.028125
0 0.33828125 0.46953125 0.025 0.025
0 0.3296875 0.44609375 0.025 0.025
0 0.325 0.4265625 0.025 0.025
0 0.36953125 0.4296875 0.0265625 0.025
0 0.35390625 0.44765625 0.028125 0.0234375
0 0.35546875 0.39296875 0.0296875 0.0296875
0 0.34765625 0.42890625 0.028125 0.0265625
0 0.36015625 0.46484375 0.025 0.025
0 0.36953125 0.48828125 0.025 0.025
0 0.3875 0.46953125 0.028125 0.025
0 0.3921875 0.39296875 0.025 0.025
0 0.378125 0.45 0.0265625 0.0265625
0 0.375 0.409375 0.0265625 0.028125
0 0.39765625 0.4125 0.025 0.025
0 0.40078125 0.44453125 0.0265625 0.0265625
0 0.39296875 0.48984375 0.028125 0.0265625
0 0.4171875 0.4890625 0.03125 0.028125
0 0.41484375 0.46640625 0.028125 0.0265625
0 0.421875 0.43046875 0.028125 0.0265625
0 0.4203125 0.40859375 0.0265625 0.0265625
0 0.440625 0.39375 0.028125 0.0265625
0 0.446875 0.421875 0.028125 0.0296875
0 0.45703125 0.46484375 0.0265625 0.0265625
0 0.4453125 0.44453125 0.0265625 0.0265625
0 0.43671875 0.471875 0.028125 0.0265625
0 0.434375 0.50078125 0.028125 0.0265625
0 0.415625 0.5515625 0.0328125 0.0296875
0 0.421875 0.52265625 0.03125 0.0265625
0 0.45078125 0.54375 0.0296875 0.0265625
0 0.44921875 0.5203125 0.03125 0.0265625
0 0.453125 0.4859375 0.028125 0.025
0 0.47421875 0.5 0.028125 0.0265625
0 0.47421875 0.47578125 0.028125 0.0265625
0 0.4765625 0.440625 0.028125 0.025
0 0.47109375 0.42109375 0.028125 0.025
0 0.4671875 0.3953125 0.03125 0.0265625
0 0.49375 0.40703125 0.028125 0.0265625
0 0.50625 0.421875 0.025 0.021875
0 0.49375 0.4609375 0.028125 0.0265625
0 0.51015625 0.4421875 0.0265625 0.025
0 0.51484375 0.4671875 0.03125 0.0265625
0 0.49453125 0.48984375 0.028125 0.0265625
0 0.51640625 0.49921875 0.028125 0.0265625
0 0.47890625 0.52265625 0.03125 0.0265625
0 0.475 0.546875 0.0296875 0.0296875
0 0.4828125 0.57890625 0.0359375 0.03125
0 0.5015625 0.546875 0.0328125 0.0296875
0 0.5125 0.525 0.0296875 0.0296875
0 0.52734375 0.58046875 0.034375 0.0296875
0 0.52890625 0.54140625 0.0296875 0.0296875
0 0.553125 0.534375 0.0296875 0.0296875
0 0.5375 0.4828125 0.028125 0.0265625
0 0.49921875 0.38515625 0.028125 0.0265625
0 0.5203125 0.39609375 0.028125 0.0265625
0 0.53359375 0.4421875 0.0265625 0.0265625
0 0.52890625 0.415625 0.028125 0.025
0 0.5484375 0.42578125 0.028125 0.0265625
0 0.55390625 0.46328125 0.0296875 0.0296875
0 0.5609375 0.50859375 0.028125 0.0265625
0 0.5703125 0.484375 0.0328125 0.0265625
0 0.56796875 0.4140625 0.028125 0.0265625
0 0.5765625 0.4375 0.03125 0.0296875
0 0.5828125 0.4625 0.03125 0.028125
0 0.60078125 0.48203125 0.0328125 0.028125
0 0.6921875 0.5390625 0.0359375 0.0328125
0 0.58125 0.52421875 0.03125 0.0296875
0 0.6 0.5109375 0.0296875 0.0296875
0 0.62578125 0.50703125 0.0328125 0.0296875
0 0.61875 0.5390625 0.0328125 0.0296875
0 0.63359375 0.56640625 0.0328125 0.0296875
0 0.59375 0.56640625 0.0328125 0.034375
0 0.61640625 0.58359375 0.0328125 0.0296875
0 0.54296875 0.63984375 0.0328125 0.034375
0 0.6203125 0.646875 0.0359375 0.0328125
0 0.59375 0.709375 0.0359375 0.0328125
0 0.625 0.740625 0.0359375 0.0328125
0 0.66640625 0.74609375 0.0359375 0.0359375
0 0.71875 0.73515625 0.0359375 0.0359375