0 0.25390625 0.74296875 0.04375 0.0578125
0 0.3546875 0.71953125 0.0453125 0.0546875
0 0.37890625 0.68203125 0.04375 0.0546875
0 0.39296875 0.596875 0.046875 0.05
0 0.434375 0.6859375 0.05 0.0546875
0 0.41796875 0.63828125 0.046875 0.0546875
0 0.22734375 0.5765625 0.04375 0.0484375
0 0.2 0.54765625 0.04375 0.053125
0 0.22265625 0.51796875 0.0421875 0.0515625
0 0.2359375 0.4703125 0.0453125 0.0515625
0 0.0890625 0.47265625 0.04375 0.0515625
0 0.11015625 0.4359375 0.040625 0.046875
0 0.1265625 0.25 0.0359375 0.0453125
0 0.234375 0.284375 0.040625 0.0515625
0 0.16328125 0.215625 0.0375 0.04375
0 0.2 0.2078125 0.0375 0.040625
0 0.178125 0.1859375 0.0359375 0.0421875
0 0.20390625 0.16015625 0.0375 0.046875
0 0.259375 0.1265625 0.0375 0.0421875
0 0.33671875 0.25 0.040625 0.05
0 0.32421875 0.1421875 0.0390625 0.04375
0 0.3734375 0.21875 0.0390625 0.04375
0 0.35234375 0.08203125 0.0390625 0.0421875
0 0.4125 0.075 0.0390625 0.040625
0 0.378125 0.44921875 0.040625 0.0515625
0 0.40546875 0.42265625 0.040625 0.0484375
0 0.4421875 0.38203125 0.04375 0.046875
0 0.44765625 0.3078125 0.040625 0.046875
0 0.42578125 0.253125 0.0421875 0.0421875
0 0.465625 0.2765625 0.0375 0.0484375
0 0.459375 0.24140625 0.0359375 0.04375
0 0.47265625 0.21015625 0.0375 0.0453125
0 0.4578125 0.18125 0.0375 0.0453125
0 0.44921875 0.146875 0.0375 0.040625
0 0.490625 0.16484375 0.034375 0.0328125
0 0.4828125 0.14453125 0.0359375 0.0359375
0 0.51328125 0.14140625 0.0328125 0.040625
0 0.50078125 0.10390625 0.034375 0.040625
0 0.47890625 0.08203125 0.034375 0.0375
0 0.51875 0.07578125 0.034375 0.0359375
0 0.47109375 0.1109375 0.0390625 0.0359375
0 0.5125 0.0484375 0.0359375 0.0359375
0 0.53046875 0.1109375 0.0328125 0.0375
0 0.546875 0.0875 0.0328125 0.0390625
0 0.575 0.07734375 0.0328125 0.0421875
0 0.6578125 0.09140625 0.0375 0.0453125
0 0.49921875 0.228125 0.034375 0.04375
0 0.49765625 0.19140625 0.0359375 0.0421875
0 0.54453125 0.24375 0.0359375 0.0421875
0 0.52734375 0.215625 0.0359375 0.0453125
0 0.51796875 0.32890625 0.046875 0.0515625
0 0.528125 0.2734375 0.0359375 0.0421875
0 0.5578125 0.27890625 0.0359375 0.0453125
0 0.58671875 0.2640625 0.0328125 0.04375
0 0.60546875 0.22109375 0.03125 0.040625
0 0.590625 0.209375 0.025 0.040625
0 0.56875 0.20859375 0.0359375 0.0453125
0 0.5859375 0.178125 0.0328125 0.0359375
0 0.615625 0.190625 0.0375 0.046875
0 0.615625 0.253125 0.0359375 0.04375
0 0.5828125 0.30546875 0.0359375 0.0421875
0 0.56171875 0.34375 0.04375 0.0484375
0 0.61484375 0.3 0.0390625 0.046875
0 0.59609375 0.375 0.04375 0.05
0 0.60234375 0.33515625 0.0390625 0.04375
0 0.56640625 0.3875 0.04375 0.0515625
0 0.49296875 0.49140625 0.04375 0.053125
0 0.52890625 0.490625 0.04375 0.0546875
0 0.52421875 0.440625 0.0421875 0.0515625
0 0.51953125 0.7015625 0.0453125 0.0578125
0 0.565625 0.64609375 0.0484375 0.05625
0 0.60625 0.6125 0.05 0.053125
0 0.58984375 0.6953125 0.0453125 0.053125
0 0.6046875 0.65625 0.0421875 0.0484375
0 0.64140625 0.7046875 0.046875 0.0546875
0 0.70078125 0.7296875 0.0484375 0.0578125
0 0.6984375 0.68125 0.046875 0.0578125
0 0.7359375 0.6765625 0.046875 0.0578125
0 0.703125 0.58359375 0.046875 0.05625
0 0.7421875 0.5828125 0.04375 0.0546875
0 0.77265625 0.68828125 0.0453125 0.059375
0 0.80625 0.75546875 0.0515625 0.065625
0 0.846875 0.7125 0.05 0.0609375
0 0.80859375 0.6765625 0.04375 0.0515625
0 0.81484375 0.634375 0.0453125 0.0515625
0 0.8359375 0.60234375 0.04375 0.0546875
0 0.8703125 0.584375 0.04375 0.0546875
0 0.7921875 0.5578125 0.0453125 0.0546875
0 0.77890625 0.47109375 0.0453125 0.053125
0 0.84296875 0.48515625 0.040625 0.0546875
0 0.80859375 0.496875 0.04375 0.053125
0 0.8859375 0.459375 0.046875 0.0515625
0 0.90546875 0.42109375 0.04375 0.0515625
0 0.91640625 0.3828125 0.04375 0.05
0 0.84765625 0.35546875 0.0390625 0.0484375
0 0.8265625 0.31875 0.0421875 0.0515625
0 0.89609375 0.334375 0.0453125 0.0484375
0 0.94921875 0.40625 0.04375 0.0546875
0 0.9296875 0.3375 0.046875 0.05