0 0.55078125 0.409375 0.0109375 0.0109375
0 0.56796875 0.521875 0.0109375 0.0109375
0 0.534375 0.4125 0.0140625 0.0140625
0 0.5 0.49375 0.0125 0.0125
0 0.503125 0.38125 0.0109375 0.0125
0 0.371875 0.46953125 0.0109375 0.0109375
0 0.51796875 0.396875 0.0109375 0.0125
0 0.3390625 0.45546875 0.0125 0.0125
0 0.50390625 0.4796875 0.0109375 0.0125
0 0.528125 0.38046875 0.0109375 0.0125
0 0.3234375 0.4359375 0.0109375 0.0125
0 0.4703125 0.5375 0.0109375 0.0125
0 0.55703125 0.396875 0.0109375 0.0125
0 0.55 0.5734375 0.0109375 0.0125
0 0.365625 0.45625 0.0125 0.0109375
0 0.51953125 0.5578125 0.0109375 0.0109375
0 0.525 0.36640625 0.0109375 0.0125
0 0.4765625 0.59375 0.0109375 0.0125
0 0.4203125 0.48125 0.0125 0.0109375
0 0.59140625 0.40390625 0.0140625 0.0140625
0 0.5765625 0.53046875 0.0109375 0.0109375
0 0.353125 0.47421875 0.0109375 0.0125
0 0.40390625 0.54609375 0.0109375 0.0109375
0 0.403125 0.475 0.0109375 0.0109375
0 0.3390625 0.4234375 0.0109375 0.0125
0 0.42890625 0.54609375 0.0109375 0.0125
0 0.40546875 0.53203125 0.0125 0.0140625
0 0.36015625 0.50625 0.0109375 0.0109375
0 0.3640625 0.49140625 0.0109375 0.0109375
0 0.34921875 0.5328125 0.0140625 0.0140625
0 0.58515625 0.38828125 0.0109375 0.0125
0 0.43515625 0.621875 0.0109375 0.0125
0 0.55 0.559375 0.0125 0.0125
0 0.36796875 0.55078125 0.0109375 0.0125
0 0.37265625 0.50859375 0.0109375 0.0109375
0 0.3890625 0.54609375 0.0109375 0.0109375
0 0.35390625 0.5640625 0.0140625 0.0140625
0 0.41640625 0.61640625 0.0109375 0.0125
0 0.3578125 0.4171875 0.0125 0.0125
0 0.38515625 0.57109375 0.0125 0.0140625
0 0.54453125 0.5125 0.0109375 0.0109375
0 0.44296875 0.5171875 0.0109375 0.0109375
0 0.4515625 0.53203125 0.0109375 0.0109375
0 0.51484375 0.60390625 0.0109375 0.0125
0 0.46796875 0.3421875 0.0109375 0.0125
0 0.53671875 0.58828125 0.0109375 0.0109375
0 0.40078125 0.44453125 0.0109375 0.0109375
0 0.38046875 0.53046875 0.0109375 0.0109375
0 0.38515625 0.51875 0.0109375 0.0109375
0 0.51328125 0.59296875 0.0109375 0.0109375
0 0.378125 0.61640625 0.0109375 0.0109375
0 0.4875 0.34296875 0.0109375 0.0109375
0 0.4140625 0.43125 0.0125 0.0109375
0 0.52578125 0.6015625 0.0109375 0.0109375
0 0.46640625 0.571875 0.0109375 0.0109375
0 0.54609375 0.34765625 0.0109375 0.0125
0 0.37421875 0.6046875 0.0109375 0.0109375
0 0.36640625 0.58984375 0.0109375 0.0125
0 0.52734375 0.35234375 0.0125 0.0140625
0 0.44140625 0.5328125 0.0125 0.0125
0 0.509375 0.41328125 0.0109375 0.0109375
0 0.41484375 0.63515625 0.0109375 0.0125
0 0.528125 0.58046875 0.0109375 0.0109375
0 0.31796875 0.41171875 0.0140625 0.0140625
0 0.4015625 0.621875 0.0140625 0.0125
0 0.3453125 0.59375 0.0125 0.0109375
0 0.328125 0.40703125 0.0109375 0.0125
0 0.365625 0.61953125 0.0109375 0.0125
0 0.42578125 0.6046875 0.0109375 0.0125
0 0.465625 0.58359375 0.0109375 0.0109375
0 0.4296875 0.56953125 0.0140625 0.0125
0 0.4109375 0.5984375 0.0125 0.0109375
0 0.38984375 0.4484375 0.0125 0.0109375
0 0.38984375 0.60234375 0.0125 0.0109375
0 0.34375 0.396875 0.0109375 0.0109375
0 0.39765625 0.6109375 0.0125 0.0125
0 0.378125 0.4140625 0.0109375 0.0109375
0 0.4671875 0.50859375 0.0125 0.0109375
0 0.3875 0.42421875 0.0125 0.0125
0 0.403125 0.64765625 0.0109375 0.0125
0 0.4421875 0.37890625 0.0109375 0.0109375
0 0.5203125 0.33359375 0.0109375 0.0109375
0 0.41328125 0.65 0.0125 0.0140625
0 0.45234375 0.5671875 0.0125 0.0125
0 0.33203125 0.60390625 0.0125 0.0125
0 0.3734375 0.42421875 0.0109375 0.0109375
0 0.50078125 0.40625 0.0109375 0.0109375
0 0.45234375 0.59453125 0.0109375 0.0109375
0 0.40625 0.4125 0.0125 0.0109375
0 0.40546875 0.39453125 0.0109375 0.0109375
0 0.35546875 0.3984375 0.0140625 0.0140625
0 0.4234375 0.3859375 0.0125 0.0109375
0 0.48984375 0.43984375 0.0109375 0.0109375
0 0.4921875 0.4609375 0.0109375 0.0125
0 0.3484375 0.60390625 0.0125 0.0109375
0 0.50078125 0.4453125 0.0109375 0.0109375
0 0.3640625 0.4046875 0.0125 0.0109375
0 0.45703125 0.4734375 0.0109375 0.0109375
0 0.4765625 0.50234375 0.0109375 0.0125
0 0.51796875 0.325 0.0109375 0.0109375
0 0.48046875 0.48359375 0.0109375 0.0109375
0 0.47578125 0.42578125 0.0109375 0.0109375
0 0.45078125 0.428125 0.0109375 0.0109375
0 0.43359375 0.58359375 0.0109375 0.0109375
0 0.471875 0.40390625 0.0125 0.0109375
0 0.44609375 0.40625 0.0109375 0.0109375
0 0.375 0.4359375 0.015625 0.015625
0 0.42578125 0.40859375 0.0109375 0.0109375
0 0.490625 0.41015625 0.0109375 0.0109375
0 0.4640625 0.496875 0.0140625 0.0140625
0 0.43046875 0.59453125 0.0109375 0.0109375
0 0.44375 0.41796875 0.0109375 0.0125
0 0.465625 0.434375 0.0109375 0.0125
0 0.48828125 0.47734375 0.0109375 0.0109375
0 0.43515625 0.3984375 0.0140625 0.0140625
0 0.41875 0.42421875 0.015625 0.015625
0 0.4578125 0.43984375 0.0109375 0.0109375
0 0.4734375 0.4421875 0.0109375 0.0109375
0 0.4609375 0.46015625 0.0109375 0.0109375
0 0.4921875 0.45078125 0.0140625 0.0140625
0 0.4515625 0.41640625 0.0109375 0.0109375
0 0.47421875 0.45859375 0.0140625 0.0140625
0 0.47109375 0.4140625 0.0140625 0.0140625
0 0.47109375 0.4921875 0.0109375 0.0109375
0 0.48203125 0.41640625 0.0109375 0.0109375
0 0.41484375 0.4140625 0.0171875 0.015625
0 0.38515625 0.4359375 0.015625 0.015625
0 0.2078125 0.396875 0.0109375 0.0125
0 0.4625 0.4859375 0.0125 0.0109375
0 0.21328125 0.40625 0.0109375 0.0078125
0 0.4375 0.38828125 0.0125 0.0109375
0 0.415625 0.39375 0.0109375 0.0109375
0 0.41328125 0.40390625 0.0109375 0.0109375
0 0.43515625 0.41171875 0.0125 0.0140625
0 0.46015625 0.4234375 0.0109375 0.0109375
0 0.4625 0.4484375 0.0109375 0.0109375
0 0.48046875 0.45 0.0109375 0.0109375
0 0.46796875 0.478125 0.0109375 0.0125
0 0.48125 0.46953125 0.0109375 0.0109375
0 0.46875 0.46796875 0.0109375 0.0125
0 0.52578125 0.58984375 0.0109375 0.0109375
0 0.45390625 0.57734375 0.0109375 0.0109375
0 0.44375 0.58359375 0.0109375 0.0109375
0 0.4421875 0.59375 0.0125 0.0109375