0 0.396875 0.3203125 0.02265625 0.01484375
0 0.3953125 0.3375 0.02421875 0.02578125
0 0.39765625 0.6921875 0.0265625 0.02578125
0 0.296875 0.61640625 0.02265625 0.025
0 0.42109375 0.7125 0.02421875 0.0265625
0 0.44375 0.70546875 0.0234375 0.02578125
0 0.32578125 0.72578125 0.0234375 0.025
0 0.36640625 0.70546875 0.02421875 0.0265625
0 0.4671875 0.70859375 0.025 0.02578125
0 0.275 0.67265625 0.02421875 0.02421875
0 0.32734375 0.6765625 0.0234375 0.025
0 0.34375 0.63359375 0.0234375 0.02421875
0 0.4375 0.7328125 0.025 0.0265625
0 0.22578125 0.6765625 0.02421875 0.025
0 0.27109375 0.771875 0.0234375 0.0265625
0 0.3125 0.3453125 0.025 0.02578125
0 0.37265625 0.615625 0.0234375 0.025
0 0.4640625 0.8390625 0.025 0.0265625
0 0.4578125 0.775 0.0265625 0.0265625
0 0.47734375 0.67734375 0.02421875 0.02578125
0 0.23046875 0.74453125 0.0234375 0.0265625
0 0.29765625 0.7125 0.0234375 0.025
0 0.45390625 0.684375 0.02421875 0.0265625
0 0.20703125 0.6890625 0.02265625 0.02578125
0 0.27890625 0.7203125 0.021875 0.0234375
0 0.4546875 0.74921875 0.02578125 0.0265625
0 0.27421875 0.7484375 0.02265625 0.02421875
0 0.19140625 0.665625 0.021875 0.025
0 0.45078125 0.31328125 0.0234375 0.025
0 0.44296875 0.825 0.0234375 0.02734375
0 0.38046875 0.65 0.02578125 0.02578125
0 0.3328125 0.7015625 0.02421875 0.02421875
0 0.36875 0.68671875 0.025 0.025
0 0.29921875 0.78359375 0.02265625 0.025
0 0.36015625 0.659375 0.02421875 0.02734375
0 0.27734375 0.30625 0.021875 0.02421875
0 0.29921875 0.30546875 0.02421875 0.025
0 0.49765625 0.30234375 0.02421875 0.02578125
0 0.45546875 0.8 0.02421875 0.0265625
0 0.49375 0.659375 0.02421875 0.02578125
0 0.3109375 0.69453125 0.02421875 0.025
0 0.30234375 0.5921875 0.0234375 0.02421875
0 0.34765625 0.3609375 0.0234375 0.02578125
0 0.46953125 0.35859375 0.0234375 0.025
0 0.31875 0.76875 0.025 0.0265625
0 0.4296875 0.603125 0.025 0.02578125
0 0.4109375 0.671875 0.02265625 0.02421875
0 0.44296875 0.6296875 0.02421875 0.02578125
0 0.215625 0.721875 0.02265625 0.02578125
0 0.32421875 0.62109375 0.02265625 0.025
0 0.47421875 0.31328125 0.02421875 0.02734375
0 0.41328125 0.64765625 0.025 0.025
0 0.33046875 0.59296875 0.021875 0.02421875
0 0.3296875 0.24296875 0.021875 0.02421875
0 0.28125 0.69609375 0.0234375 0.02421875
0 0.29453125 0.759375 0.0234375 0.025
0 0.465625 0.89375 0.02578125 0.02890625
0 0.24140625 0.703125 0.02265625 0.02578125
0 0.35078125 0.603125 0.0234375 0.02421875
0 0.26015625 0.65234375 0.02265625 0.025
0 0.38046875 0.88125 0.0234375 0.02734375
0 0.47578125 0.6421875 0.025 0.02578125
0 0.50390625 0.32734375 0.025 0.025
0 0.3609375 0.34140625 0.02265625 0.025
0 0.2890625 0.34609375 0.02265625 0.025
0 0.2953125 0.28046875 0.02265625 0.02578125
0 0.4515625 0.44140625 0.02421875 0.025
0 0.41640625 0.34375 0.021875 0.025
0 0.259375 0.29375 0.021875 0.02421875
0 0.321875 0.32421875 0.02265625 0.02421875
0 0.4390625 0.29375 0.02578125 0.0265625
0 0.175 0.43671875 0.021875 0.0234375
0 0.35 0.32109375 0.02265625 0.02421875
0 0.28515625 0.253125 0.0234375 0.02421875
0 0.21640625 0.6546875 0.02265625 0.0234375
0 0.35078125 0.24140625 0.02109375 0.025
0 0.35546875 0.29765625 0.02265625 0.02421875
0 0.37109375 0.23515625 0.02578125 0.0265625
0 0.371875 0.31875 0.0234375 0.025
0 0.4359375 0.659375 0.02421875 0.025
0 0.428125 0.3265625 0.02734375 0.0265625
0 0.41796875 0.62265625 0.025 0.02421875
0 0.38359375 0.35078125 0.02265625 0.0234375
0 0.33984375 0.4609375 0.02265625 0.0234375
0 0.33671875 0.340625 0.02265625 0.02421875
0 0.4 0.90390625 0.02421875 0.02578125
0 0.19453125 0.42265625 0.02265625 0.025
0 0.1796875 0.459375 0.02265625 0.02421875
0 0.45859375 0.659375 0.0234375 0.02421875
0 0.48984375 0.278125 0.025 0.0265625
0 0.21015625 0.74609375 0.02109375 0.0234375
0 0.35 0.68046875 0.02265625 0.025
0 0.40078125 0.86796875 0.02421875 0.028125
0 0.36640625 0.43828125 0.0234375 0.028125
0 0.37734375 0.29609375 0.0234375 0.025
0 0.240625 0.2921875 0.02265625 0.025
0 0.25625 0.2671875 0.021875 0.025
0 0.44296875 0.41875 0.02578125 0.0265625
0 0.31640625 0.571875 0.02578125 0.025
0 0.34296875 0.21953125 0.02265625 0.02421875
0 0.37734375 0.2703125 0.0234375 0.02578125
0 0.45234375 0.34140625 0.02578125 0.02578125
0 0.29609375 0.7375 0.02421875 0.025
0 0.43203125 0.6859375 0.025 0.0265625
0 0.325 0.909375 0.0234375 0.028125
0 0.19609375 0.23046875 0.02109375 0.025
0 0.321875 0.88046875 0.0265625 0.0265625
0 0.275 0.27421875 0.02109375 0.021875
0 0.4921875 0.35 0.0234375 0.02578125
0 0.49453125 0.378125 0.02421875 0.02578125
0 0.52265625 0.33984375 0.02421875 0.02734375
0 0.428125 0.89140625 0.02265625 0.02578125
0 0.19765625 0.61015625 0.02265625 0.025
0 0.228125 0.6 0.02265625 0.02421875
0 0.3125 0.22265625 0.021875 0.02421875
0 0.26484375 0.87890625 0.02421875 0.02578125
0 0.3875 0.21171875 0.02421875 0.0265625
0 0.19921875 0.45546875 0.021875 0.025
0 0.44609375 0.3671875 0.0234375 0.028125
0 0.2484375 0.821875 0.02421875 0.0265625
0 0.365625 0.21015625 0.02265625 0.02421875
0 0.190625 0.75625 0.02421875 0.02578125
0 0.3546875 0.27421875 0.025 0.025
0 0.36328125 0.46484375 0.02578125 0.0265625
0 0.215625 0.415625 0.0234375 0.025
0 0.24453125 0.85234375 0.02265625 0.02578125
0 0.19296875 0.4921875 0.021875 0.02421875
0 0.4828125 0.44453125 0.02421875 0.02578125
0 0.3671875 0.9078125 0.02421875 0.0265625
0 0.2796875 0.89921875 0.02421875 0.0265625
0 0.44765625 0.8765625 0.02421875 0.02734375
0 0.1921875 0.5171875 0.021875 0.02421875
0 0.4796875 0.0796875 0.02109375 0.025
0 0.21640625 0.2390625 0.02265625 0.025
0 0.46015625 0.0953125 0.02421875 0.02734375
0 0.34765625 0.38828125 0.02265625 0.025
0 0.45 0.91171875 0.02421875 0.0265625
0 0.39453125 0.44765625 0.02265625 0.02421875
0 0.4875 0.253125 0.02421875 0.025
0 0.3859375 0.9234375 0.02421875 0.028125
0 0.5015625 0.0921875 0.0234375 0.02890625
0 0.290625 0.21640625 0.021875 0.02734375
0 0.20859375 0.55078125 0.025 0.02421875
0 0.31953125 0.41171875 0.025 0.025
0 0.0953125 0.65546875 0.021875 0.025
0 0.22265625 0.321875 0.02421875 0.02421875
0 0.39609375 0.5640625 0.025 0.02578125
0 0.45703125 0.06796875 0.02421875 0.02578125
0 0.290625 0.46171875 0.02578125 0.025
0 0.16796875 0.23671875 0.02109375 0.025
0 0.30703125 0.6703125 0.0234375 0.02421875
0 0.1234375 0.63984375 0.02109375 0.0234375
0 0.05234375 0.64375 0.02109375 0.02578125
0 0.50078125 0.0671875 0.02421875 0.02578125
0 0.203125 0.20234375 0.021875 0.02421875
0 0.06875 0.5734375 0.02109375 0.02421875
0 0.12421875 0.53125 0.02265625 0.02421875
0 0.38203125 0.6671875 0.02421875 0.025
0 0.1328125 0.28359375 0.02421875 0.0234375
0 0.39375 0.0640625 0.0234375 0.02578125
0 0.25390625 0.08203125 0.0234375 0.025