0 0.415625 0.9609375 0.02421875 0.025
0 0.46796875 0.965625 0.02421875 0.02578125
0 0.4375 0.8953125 0.0265625 0.02578125
0 0.41484375 0.84296875 0.025 0.02421875
0 0.28984375 0.8234375 0.0234375 0.0265625
0 0.2640625 0.81875 0.025 0.02421875
0 0.25859375 0.79609375 0.0234375 0.02421875
0 0.2765625 0.7703125 0.02421875 0.02578125
0 0.37578125 0.7875 0.025 0.02734375
0 0.28203125 0.79453125 0.02578125 0.025
0 0.11328125 0.85 0.02890625 0.0265625
0 0.0984375 0.8171875 0.02578125 0.02421875
0 0.2171875 0.728125 0.0265625 0.02734375
0 0.16953125 0.66953125 0.0234375 0.025
0 0.159375 0.65390625 0.02421875 0.025
0 0.26953125 0.6640625 0.02578125 0.0265625
0 0.30546875 0.6703125 0.02421875 0.025
0 0.3484375 0.715625 0.02578125 0.025
0 0.35 0.69140625 0.02734375 0.02265625
0 0.428125 0.65546875 0.025 0.02421875
0 0.54453125 0.71953125 0.025 0.0265625
0 0.6359375 0.74609375 0.02421875 0.02421875
0 0.6734375 0.828125 0.02265625 0.0234375
0 0.7046875 0.7671875 0.02578125 0.0234375
0 0.68984375 0.7453125 0.0234375 0.0234375
0 0.67421875 0.725 0.02265625 0.021875
0 0.73515625 0.76796875 0.02265625 0.02265625
0 0.71484375 0.7484375 0.02265625 0.021875
0 0.70546875 0.7265625 0.021875 0.0234375
0 0.7390625 0.7390625 0.021875 0.0234375
0 0.765625 0.69375 0.025 0.02578125
0 0.79453125 0.66640625 0.025 0.02265625
0 0.78828125 0.646875 0.02109375 0.02578125
0 0.7671875 0.63984375 0.0234375 0.0234375
0 0.61875 0.6453125 0.0234375 0.02421875
0 0.6359375 0.6265625 0.02265625 0.02421875
0 0.65703125 0.60234375 0.0234375 0.025
0 0.53984375 0.59375 0.0234375 0.0234375
0 0.509375 0.60546875 0.0234375 0.021875
0 0.496875 0.6359375 0.02265625 0.0234375
0 0.5203125 0.62578125 0.021875 0.02421875
0 0.434375 0.6203125 0.0234375 0.025
0 0.41328125 0.63046875 0.02421875 0.02578125
0 0.48203125 0.57734375 0.021875 0.02265625
0 0.5171875 0.58359375 0.0234375 0.02265625
0 0.51015625 0.55703125 0.02265625 0.02265625
0 0.45078125 0.57421875 0.0234375 0.0234375
0 0.465625 0.553125 0.021875 0.02265625
0 0.4375 0.54765625 0.02265625 0.021875
0 0.4875 0.54609375 0.0203125 0.021875
0 0.453125 0.53203125 0.02109375 0.02109375
0 0.4375 0.5171875 0.025 0.02265625
0 0.4734375 0.525 0.02109375 0.025
0 0.46015625 0.50703125 0.0234375 0.02265625
0 0.49375 0.51796875 0.02265625 0.02421875
0 0.465625 0.4859375 0.021875 0.02265625
0 0.45390625 0.46796875 0.0234375 0.0234375
0 0.49296875 0.46953125 0.0234375 0.02578125
0 0.4140625 0.4359375 0.021875 0.0265625
0 0.390625 0.43125 0.0234375 0.0234375
0 0.375 0.39921875 0.02265625 0.025
0 0.33828125 0.40703125 0.02421875 0.025
0 0.40546875 0.41484375 0.021875 0.02109375
0 0.39921875 0.396875 0.02109375 0.0234375
0 0.440625 0.41171875 0.01953125 0.02109375
0 0.42109375 0.40546875 0.021875 0.0234375
0 0.446875 0.39140625 0.02265625 0.021875
0 0.4375 0.3703125 0.02109375 0.0234375
0 0.46796875 0.38515625 0.021875 0.0234375
0 0.46015625 0.3515625 0.0234375 0.02265625
0 0.51015625 0.36484375 0.0234375 0.02421875
0 0.47890625 0.3625 0.0234375 0.02421875
0 0.36796875 0.50390625 0.02109375 0.025
0 0.34375 0.50703125 0.02265625 0.02578125
0 0.3640625 0.46953125 0.025 0.0234375
0 0.209375 0.54765625 0.0234375 0.025
0 0.128125 0.51640625 0.0265625 0.02578125
0 0.05 0.55703125 0.0265625 0.02734375
0 0.590625 0.54921875 0.0234375 0.0234375
0 0.56796875 0.5328125 0.02265625 0.025
0 0.56875 0.50859375 0.0203125 0.025
0 0.54609375 0.47265625 0.02265625 0.02734375
0 0.58671875 0.490625 0.02578125 0.0234375
0 0.56953125 0.471875 0.021875 0.0234375
0 0.5875 0.45390625 0.02421875 0.028125
0 0.6640625 0.528125 0.0234375 0.0265625
0 0.6484375 0.4921875 0.025 0.02578125
0 0.65078125 0.4671875 0.028125 0.02578125
0 0.68359375 0.48359375 0.021875 0.0265625
0 0.7046875 0.46875 0.025 0.02890625
0 0.64609375 0.3734375 0.02265625 0.02421875
0 0.65390625 0.34609375 0.0234375 0.0234375
0 0.62734375 0.33359375 0.021875 0.0234375
0 0.59765625 0.33828125 0.02265625 0.025
0 0.56953125 0.36015625 0.0234375 0.02265625
0 0.55234375 0.37734375 0.02265625 0.02421875
0 0.53828125 0.36015625 0.021875 0.025
0 0.51171875 0.3390625 0.0234375 0.025
0 0.4875 0.33828125 0.02421875 0.02734375
0 0.65625 0.30078125 0.025 0.02578125
0 0.7234375 0.29921875 0.02265625 0.025
0 0.73984375 0.2625 0.01953125 0.025
0 0.69140625 0.24765625 0.021875 0.028125
0 0.5984375 0.25703125 0.02578125 0.02421875
0 0.6 0.2328125 0.02265625 0.02265625
0 0.621875 0.2109375 0.02265625 0.021875
0 0.65078125 0.1953125 0.01953125 0.02265625
0 0.578125 0.23515625 0.021875 0.02265625
0 0.55078125 0.2546875 0.02265625 0.02578125
0 0.525 0.26640625 0.02421875 0.0234375
0 0.45703125 0.28203125 0.02265625 0.02265625
0 0.4453125 0.2515625 0.02265625 0.0265625
0 0.540625 0.22265625 0.02265625 0.02421875
0 0.52109375 0.2140625 0.02265625 0.021875
0 0.51484375 0.1828125 0.025 0.02265625
0 0.4921875 0.18203125 0.021875 0.02578125
0 0.50546875 0.14921875 0.021875 0.02578125
0 0.53046875 0.1671875 0.02109375 0.0234375
0 0.5203125 0.13046875 0.021875 0.02578125
0 0.53828125 0.14375 0.02265625 0.02109375
0 0.4328125 0.1734375 0.02421875 0.02421875
0 0.4203125 0.14375 0.021875 0.025
0 0.37734375 0.1078125 0.021875 0.02265625
0 0.3609375 0.1109375 0.01953125 0.02421875
0 0.340625 0.11484375 0.02265625 0.02421875
0 0.29921875 0.23828125 0.02578125 0.02734375
0 0.27734375 0.24921875 0.02421875 0.025
0 0.25703125 0.2640625 0.0234375 0.025
0 0.3109375 0.315625 0.025 0.0265625
0 0.28359375 0.31875 0.02421875 0.02421875
0 0.27421875 0.33984375 0.02578125 0.02265625
0 0.2671875 0.36640625 0.0234375 0.02421875
0 0.2515625 0.20390625 0.02265625 0.02421875
0 0.23203125 0.2203125 0.0234375 0.0234375
0 0.22265625 0.15703125 0.02421875 0.0234375
0 0.2453125 0.125 0.021875 0.025
0 0.20859375 0.1375 0.0234375 0.02578125
0 0.1859375 0.1515625 0.02421875 0.025
0 0.1546875 0.07109375 0.028125 0.02734375
0 0.7140625 0.11875 0.02265625 0.02421875
0 0.61171875 0.1859375 0.02265625 0.02421875
0 0.62734375 0.16796875 0.021875 0.02265625
0 0.634375 0.146875 0.02265625 0.02265625
0 0.63359375 0.11953125 0.0234375 0.02109375