0 0.42421875 0.22109375 0.021875 0.0203125
0 0.53203125 0.2109375 0.021875 0.01875
0 0.39921875 0.32890625 0.025 0.01875
0 0.4703125 0.28125 0.021875 0.01875
0 0.35859375 0.26640625 0.021875 0.01875
0 0.37734375 0.1546875 0.021875 0.0171875
0 0.58984375 0.2203125 0.021875 0.01875
0 0.41875 0.35625 0.0234375 0.01875
0 0.50625 0.31953125 0.025 0.0203125
0 0.58359375 0.240625 0.021875 0.01875
0 0.3875 0.16953125 0.0234375 0.0171875
0 0.30234375 0.15390625 0.021875 0.01875
0 0.54140625 0.2265625 0.021875 0.0171875
0 0.37109375 0.29140625 0.021875 0.01875
0 0.5578125 0.1421875 0.021875 0.0171875
0 0.415625 0.30703125 0.021875 0.01875
0 0.33984375 0.115625 0.01875 0.015625
0 0.31875 0.1234375 0.021875 0.015625
0 0.54296875 0.13359375 0.0203125 0.015625
0 0.38125 0.25234375 0.021875 0.01875
0 0.484375 0.30234375 0.021875 0.01875
0 0.30234375 0.1390625 0.021875 0.015625
0 0.565625 0.23125 0.021875 0.01875
0 0.55078125 0.15625 0.0203125 0.015625
0 0.40234375 0.253125 0.021875 0.01875
0 0.340625 0.13984375 0.021875 0.0171875
0 0.40078125 0.2265625 0.0234375 0.01875
0 0.38359375 0.27734375 0.021875 0.01875
0 0.55703125 0.2171875 0.021875 0.0171875
0 0.4 0.2125 0.0234375 0.0171875
0 0.43046875 0.2890625 0.025 0.01875
0 0.45078125 0.32109375 0.021875 0.01875
0 0.36015625 0.1484375 0.021875 0.015625
0 0.5890625 0.175 0.0203125 0.0171875
0 0.353125 0.2234375 0.021875 0.0171875
0 0.3140625 0.11171875 0.0203125 0.015625
0 0.365625 0.17578125 0.0234375 0.01875
0 0.3421875 0.1796875 0.021875 0.01875
0 0.63984375 0.55 0.028125 0.0265625
0 0.4671875 0.2375 0.021875 0.01875
0 0.39765625 0.19921875 0.025 0.0171875
0 0.4046875 0.27265625 0.0234375 0.01875
0 0.48984375 0.18203125 0.021875 0.0171875
0 0.60625 0.15703125 0.0203125 0.015625
0 0.31953125 0.178125 0.021875 0.01875
0 0.48125 0.2640625 0.0234375 0.01875
0 0.3734375 0.23125 0.021875 0.01875
0 0.4046875 0.13203125 0.0203125 0.015625
0 0.51640625 0.1296875 0.021875 0.015625
0 0.40390625 0.28828125 0.0234375 0.01875
0 0.66953125 0.2578125 0.021875 0.01875
0 0.47734375 0.3578125 0.025 0.0203125
0 0.5 0.34921875 0.025 0.0203125
0 0.44296875 0.36640625 0.0234375 0.021875
0 0.38828125 0.18515625 0.021875 0.015625
0 0.615625 0.55859375 0.028125 0.025
0 0.75234375 0.30234375 0.0234375 0.0203125
0 0.50859375 0.49453125 0.028125 0.025
0 0.79921875 0.3234375 0.025 0.021875
0 0.34296875 0.2078125 0.021875 0.01875
0 0.61796875 0.5890625 0.0265625 0.025
0 0.44609375 0.275 0.021875 0.01875
0 0.50546875 0.3703125 0.025 0.021875
0 0.77265625 0.31640625 0.025 0.021875
0 0.68515625 0.26953125 0.0234375 0.01875
0 0.4703125 0.334375 0.025 0.0203125
0 0.321875 0.1515625 0.021875 0.01875
0 0.3390625 0.15078125 0.01875 0.0140625
0 0.5890625 0.4578125 0.025 0.0234375
0 0.63125 0.25234375 0.021875 0.01875
0 0.47421875 0.396875 0.025 0.021875
0 0.375 0.1984375 0.021875 0.01875
0 0.38671875 0.353125 0.025 0.0203125
0 0.321875 0.1375 0.021875 0.015625
0 0.565625 0.11640625 0.0203125 0.015625
0 0.578125 0.43203125 0.025 0.021875
0 0.36328125 0.20859375 0.0234375 0.01875
0 0.42109375 0.2609375 0.0203125 0.01875
0 0.7890625 0.3375 0.025 0.021875
0 0.7390625 0.27734375 0.0234375 0.01875
0 0.6140625 0.52265625 0.025 0.025
0 0.37890625 0.21640625 0.021875 0.01875
0 0.546875 0.46171875 0.025 0.021875
0 0.6078125 0.5 0.028125 0.025
0 0.48671875 0.47890625 0.025 0.021875
0 0.45078125 0.41875 0.025 0.021875
0 0.553125 0.3984375 0.025 0.0203125
0 0.4859375 0.38046875 0.025 0.021875
0 0.5171875 0.578125 0.028125 0.0265625
0 0.46484375 0.37109375 0.025 0.021875
0 0.52890625 0.47734375 0.025 0.021875
0 0.44140625 0.3921875 0.025 0.021875
0 0.53671875 0.5609375 0.028125 0.0234375
0 0.5015625 0.3953125 0.025 0.021875
0 0.49765625 0.428125 0.025 0.021875
0 0.51328125 0.41171875 0.025 0.0203125
0 0.54765625 0.53984375 0.028125 0.025
0 0.59453125 0.53671875 0.028125 0.025
0 0.5390625 0.41484375 0.025 0.021875
0 0.56640625 0.44765625 0.025 0.021875
0 0.39453125 0.1 0.01875 0.015625
0 0.39296875 0.2390625 0.021875 0.015625
0 0.5078125 0.46640625 0.025 0.021875
0 0.55078125 0.48515625 0.025 0.021875
0 0.52578125 0.52421875 0.0265625 0.0234375
0 0.56328125 0.5640625 0.028125 0.025
0 0.53359375 0.44609375 0.025 0.021875
0 0.56875 0.415625 0.0234375 0.021875
0 0.59140625 0.48125 0.025 0.025
0 0.40859375 0.40625 0.025 0.0234375
0 0.47421875 0.42421875 0.0234375 0.021875
0 0.81015625 0.34765625 0.025 0.0234375
0 0.35546875 0.19296875 0.021875 0.015625
0 0.5296875 0.321875 0.021875 0.021875
0 0.46484375 0.44296875 0.025 0.021875
0 0.525 0.3796875 0.025 0.021875
0 0.48671875 0.4546875 0.025 0.021875
0 0.5859375 0.65078125 0.0296875 0.028125
0 0.53203125 0.50390625 0.0265625 0.0234375
0 0.5625 0.58984375 0.028125 0.0234375
0 0.58984375 0.5609375 0.0265625 0.025
0 0.49296875 0.4109375 0.0265625 0.021875
0 0.4640625 0.30546875 0.021875 0.0203125
0 0.55390625 0.4328125 0.025 0.0203125
0 0.509375 0.44921875 0.025 0.0234375
0 0.16484375 0.29765625 0.025 0.01875
0 0.2015625 0.27578125 0.0234375 0.01875
0 0.45546875 0.34921875 0.021875 0.021875
0 0.440625 0.30546875 0.021875 0.01875
0 0.55078125 0.515625 0.0265625 0.025
0 0.5703125 0.53359375 0.0265625 0.0234375
0 0.58984375 0.5859375 0.0265625 0.0234375
0 0.584375 0.68046875 0.0328125 0.03125
0 0.56953125 0.46953125 0.025 0.021875
0 0.525 0.42890625 0.025 0.021875
0 0.53125 0.39453125 0.025 0.021875
0 0.59375 0.5140625 0.028125 0.025
0 0.4921875 0.3328125 0.025 0.01875
0 0.571875 0.49765625 0.0265625 0.0234375
0 0.228125 0.4203125 0.025 0.025
0 0.80078125 0.46953125 0.028125 0.025
0 0.35703125 0.165625 0.015625 0.0125
0 0.340625 0.16484375 0.01875 0.0125
0 0.31875 0.165625 0.01875 0.0109375