0 0.48125 0.3703125 0.01171875 0.0125
0 0.49140625 0.37265625 0.0109375 0.01171875
0 0.4890625 0.38671875 0.01171875 0.01015625
0 0.503125 0.403125 0.01015625 0.0109375
0 0.484375 0.403125 0.0109375 0.0109375
0 0.490625 0.415625 0.01015625 0.01015625
0 0.47421875 0.39375 0.0109375 0.01015625
0 0.465625 0.40234375 0.01171875 0.0109375
0 0.43984375 0.38671875 0.0109375 0.01015625
0 0.4515625 0.39296875 0.01171875 0.01015625
0 0.40546875 0.39296875 0.0125 0.0125
0 0.42109375 0.396875 0.0125 0.01015625
0 0.415625 0.40546875 0.01015625 0.0109375
0 0.43359375 0.41328125 0.01171875 0.0125
0 0.44453125 0.40234375 0.0109375 0.0109375
0 0.45703125 0.40859375 0.0109375 0.0109375
0 0.475 0.41796875 0.0109375 0.0109375
0 0.44453125 0.43515625 0.01015625 0.0125
0 0.415625 0.43359375 0.0109375 0.01328125
0 0.425 0.44921875 0.01171875 0.0109375
0 0.4421875 0.45859375 0.01171875 0.0109375
0 0.45625 0.46171875 0.01171875 0.01171875
0 0.4515625 0.47578125 0.01015625 0.01171875
0 0.403125 0.46015625 0.01328125 0.01171875
0 0.4296875 0.4703125 0.01015625 0.01015625
0 0.43125 0.48203125 0.01015625 0.01015625
0 0.40546875 0.4859375 0.01015625 0.0109375
0 0.41796875 0.4875 0.0109375 0.01015625
0 0.453125 0.525 0.0109375 0.01015625
0 0.4359375 0.52578125 0.0109375 0.01015625
0 0.40546875 0.50078125 0.0109375 0.01171875
0 0.39140625 0.51328125 0.0109375 0.01171875
0 0.40625 0.52265625 0.01171875 0.0109375
0 0.37421875 0.525 0.0109375 0.01171875
0 0.39765625 0.53359375 0.0109375 0.01015625
0 0.41796875 0.54609375 0.0109375 0.009375
0 0.42578125 0.553125 0.01015625 0.0109375
0 0.4 0.553125 0.0125 0.0109375
0 0.4109375 0.55625 0.01015625 0.0078125
0 0.409375 0.565625 0.01015625 0.009375
0 0.39609375 0.56328125 0.01015625 0.009375
0 0.39765625 0.575 0.01015625 0.0109375
0 0.3546875 0.53984375 0.01015625 0.01015625
0 0.36328125 0.5546875 0.01015625 0.0109375
0 0.38046875 0.56484375 0.01015625 0.01015625
0 0.34375 0.559375 0.01015625 0.009375
0 0.35234375 0.5671875 0.01015625 0.009375
0 0.3625 0.58046875 0.0109375 0.01171875
0 0.3734375 0.58125 0.009375 0.0109375
0 0.3828125 0.578125 0.0109375 0.01015625
0 0.3875 0.58828125 0.01015625 0.009375
0 0.4921875 0.4265625 0.009375 0.009375
0 0.5015625 0.4296875 0.00859375 0.01015625
0 0.5109375 0.43125 0.01015625 0.01015625
0 0.48359375 0.4484375 0.0109375 0.01015625
0 0.4921875 0.4359375 0.01015625 0.009375
0 0.50234375 0.43984375 0.009375 0.00859375
0 0.50859375 0.446875 0.009375 0.00859375
0 0.5203125 0.44453125 0.0109375 0.009375
0 0.5328125 0.43828125 0.009375 0.0109375
0 0.503125 0.45546875 0.009375 0.01015625
0 0.51796875 0.45546875 0.009375 0.009375
0 0.47734375 0.46875 0.01015625 0.009375
0 0.484375 0.48359375 0.01015625 0.009375
0 0.48203125 0.4984375 0.009375 0.009375
0 0.49375 0.48828125 0.01015625 0.009375
0 0.5125 0.4875 0.0109375 0.01015625
0 0.56953125 0.43984375 0.009375 0.01015625
0 0.578125 0.44453125 0.01015625 0.009375
0 0.56484375 0.45 0.01015625 0.009375
0 0.5765625 0.45546875 0.009375 0.00859375
0 0.58515625 0.4578125 0.009375 0.009375
0 0.56171875 0.48203125 0.01015625 0.01015625
0 0.575 0.46484375 0.009375 0.009375
0 0.59296875 0.4765625 0.009375 0.009375
0 0.5890625 0.4890625 0.01015625 0.01015625
0 0.60625 0.521875 0.009375 0.01015625
0 0.596875 0.52734375 0.01015625 0.0109375
0 0.57265625 0.52890625 0.01015625 0.01015625
0 0.50234375 0.51171875 0.009375 0.00859375
0 0.5078125 0.5203125 0.009375 0.01015625
0 0.4953125 0.52109375 0.01015625 0.00859375
0 0.50234375 0.528125 0.00859375 0.00859375
0 0.5265625 0.53515625 0.01015625 0.0109375
0 0.52734375 0.54765625 0.0109375 0.01015625
0 0.50625 0.53828125 0.009375 0.00859375
0 0.5125 0.546875 0.009375 0.00859375
0 0.49140625 0.53125 0.01015625 0.0078125
0 0.49453125 0.53984375 0.00859375 0.00859375
0 0.49296875 0.55 0.009375 0.00859375
0 0.48359375 0.54140625 0.009375 0.01015625
0 0.484375 0.55390625 0.009375 0.01015625
0 0.4953125 0.559375 0.01015625 0.01015625
0 0.50390625 0.5515625 0.00859375 0.00859375
0 0.51171875 0.5609375 0.009375 0.00859375
0 0.50859375 0.56953125 0.00703125 0.00859375
0 0.51484375 0.578125 0.009375 0.00859375
0 0.4984375 0.56796875 0.009375 0.00859375
0 0.50390625 0.58046875 0.009375 0.009375
0 0.48046875 0.5640625 0.009375 0.009375
0 0.4890625 0.57421875 0.009375 0.00859375
0 0.47421875 0.571875 0.01015625 0.01015625
0 0.48125 0.5796875 0.01015625 0.00859375
0 0.46484375 0.5796875 0.00859375 0.00859375
0 0.4734375 0.58671875 0.01015625 0.01015625
0 0.45625 0.58671875 0.009375 0.009375
0 0.46484375 0.59140625 0.009375 0.01015625
0 0.4328125 0.5671875 0.009375 0.0078125
0 0.4390625 0.5765625 0.009375 0.01015625
0 0.42109375 0.58203125 0.00859375 0.01015625
0 0.43125 0.5828125 0.009375 0.009375
0 0.4171875 0.5984375 0.009375 0.01015625
0 0.4265625 0.6015625 0.009375 0.009375
0 0.4265625 0.5921875 0.009375 0.00859375
0 0.4375 0.5921875 0.00859375 0.00859375
0 0.44765625 0.59140625 0.00859375 0.009375
0 0.45546875 0.5984375 0.009375 0.009375
0 0.44453125 0.60234375 0.009375 0.009375
0 0.38046875 0.64765625 0.0109375 0.01015625
0 0.43125 0.6109375 0.0109375 0.01015625
0 0.44375 0.6125 0.009375 0.00859375
0 0.4453125 0.62265625 0.0109375 0.01015625
0 0.4875 0.58984375 0.009375 0.00859375
0 0.48125 0.5984375 0.009375 0.009375
0 0.4921875 0.59921875 0.009375 0.00859375
0 0.478125 0.60859375 0.0109375 0.009375
0 0.49765625 0.60703125 0.009375 0.01015625
0 0.5046875 0.61328125 0.01015625 0.009375
0 0.51484375 0.609375 0.01015625 0.01015625
0 0.51875 0.62734375 0.0109375 0.0109375
0 0.53671875 0.61640625 0.01171875 0.01015625
0 0.55078125 0.62421875 0.01015625 0.01015625
0 0.55234375 0.6375 0.0109375 0.0109375
0 0.5859375 0.63984375 0.01171875 0.0109375
0 0.5765625 0.653125 0.01015625 0.01171875
0 0.50078125 0.6359375 0.0109375 0.0109375
0 0.5234375 0.64375 0.0109375 0.0109375
0 0.51640625 0.65625 0.009375 0.01015625
0 0.51484375 0.66875 0.009375 0.01171875
0 0.53046875 0.678125 0.01015625 0.0109375
0 0.45859375 0.66328125 0.009375 0.009375
0 0.47578125 0.6671875 0.01015625 0.01015625
0 0.49921875 0.69140625 0.01015625 0.01015625
0 0.503125 0.68359375 0.0109375 0.009375