0 0.65703125 0.26171875 0.01796875 0.0203125
0 0.665625 0.284375 0.01875 0.025
0 0.63984375 0.246875 0.01953125 0.02265625
0 0.64296875 0.26953125 0.01875 0.02265625
0 0.65 0.29140625 0.01640625 0.021875
0 0.6640625 0.30625 0.0171875 0.02421875
0 0.678125 0.31953125 0.0171875 0.02265625
0 0.65078125 0.31484375 0.0171875 0.0234375
0 0.665625 0.33203125 0.0171875 0.02265625
0 0.73125 0.38984375 0.0203125 0.0203125
0 0.6875 0.346875 0.01796875 0.025
0 0.66796875 0.35625 0.01796875 0.02421875
0 0.64375 0.33828125 0.01640625 0.02265625
0 0.6515625 0.35859375 0.0171875 0.02265625
0 0.6640625 0.3765625 0.0171875 0.0234375
0 0.63984375 0.37578125 0.01875 0.0234375
0 0.6546875 0.3921875 0.015625 0.021875
0 0.64453125 0.4125 0.01953125 0.02578125
0 0.66484375 0.409375 0.01640625 0.021875
0 0.66328125 0.43125 0.0171875 0.021875
0 0.571875 0.3796875 0.01875 0.02265625
0 0.58828125 0.39296875 0.0171875 0.02265625
0 0.603125 0.2421875 0.02109375 0.0265625
0 0.60546875 0.21953125 0.01875 0.02421875
0 0.584375 0.20859375 0.01875 0.02421875
0 0.5875 0.23125 0.01953125 0.0234375
0 0.59453125 0.25703125 0.0171875 0.025
0 0.5828125 0.31328125 0.0203125 0.028125
0 0.57890625 0.2671875 0.01875 0.02265625
0 0.59453125 0.2828125 0.01953125 0.025
0 0.57421875 0.24296875 0.01875 0.02421875
0 0.56484375 0.20625 0.021875 0.0234375
0 0.55859375 0.22734375 0.01875 0.02578125
0 0.56171875 0.25546875 0.01875 0.025
0 0.53984375 0.22421875 0.0203125 0.0265625
0 0.54296875 0.25 0.0203125 0.025
0 0.5390625 0.2734375 0.021875 0.02734375
0 0.525 0.2390625 0.02421875 0.025
0 0.5234375 0.2859375 0.01875 0.025
0 0.52265625 0.2625 0.01796875 0.0265625
0 0.50703125 0.29765625 0.01953125 0.0265625
0 0.50546875 0.27265625 0.0203125 0.02734375
0 0.51953125 0.215625 0.02109375 0.02734375
0 0.503125 0.2390625 0.01875 0.02734375
0 0.4875 0.27734375 0.0234375 0.02734375
0 0.48515625 0.24921875 0.0234375 0.02890625
0 0.46015625 0.22421875 0.02109375 0.0296875
0 0.4375 0.23046875 0.0234375 0.0296875
0 0.4625 0.2578125 0.0234375 0.03046875
0 0.4171875 0.303125 0.025 0.03046875
0 0.46171875 0.2890625 0.025 0.02734375
0 0.45703125 0.3140625 0.02421875 0.03046875
0 0.48984375 0.30546875 0.02109375 0.02890625
0 0.50078125 0.33046875 0.01953125 0.0265625
0 0.51953125 0.3265625 0.0203125 0.028125
0 0.46640625 0.34453125 0.02109375 0.03046875
0 0.4859375 0.3453125 0.01953125 0.02578125
0 0.4984375 0.36875 0.02265625 0.0265625
0 0.44453125 0.34296875 0.0234375 0.02890625
0 0.44609375 0.37109375 0.02578125 0.02578125
0 0.4640625 0.38671875 0.021875 0.0265625
0 0.45625 0.41328125 0.02421875 0.028125
0 0.48359375 0.39375 0.0203125 0.028125
0 0.49765625 0.415625 0.02109375 0.02421875
0 0.47421875 0.43046875 0.01953125 0.02578125
0 0.49375 0.4390625 0.02109375 0.02265625
0 0.5546875 0.41796875 0.0203125 0.02421875
0 0.57421875 0.41484375 0.02109375 0.025
0 0.55859375 0.44375 0.02109375 0.0234375
0 0.61015625 0.43046875 0.0203125 0.02421875
0 0.57734375 0.4546875 0.021875 0.025
0 0.48203125 0.4625 0.0234375 0.02890625
0 0.4921875 0.5015625 0.0234375 0.03046875
0 0.55546875 0.46640625 0.021875 0.02421875
0 0.5890625 0.48828125 0.021875 0.0265625
0 0.5734375 0.4953125 0.01953125 0.02265625
0 0.5828125 0.51875 0.015625 0.02421875
0 0.553125 0.4984375 0.0203125 0.0265625
0 0.5703125 0.5171875 0.021875 0.02421875
0 0.60078125 0.51640625 0.02109375 0.02578125
0 0.61875 0.5265625 0.02109375 0.0234375
0 0.72890625 0.4625 0.021875 0.02421875
0 0.721875 0.4875 0.01953125 0.021875
0 0.69453125 0.4734375 0.0234375 0.02421875
0 0.69375 0.49921875 0.01875 0.01953125
0 0.6875 0.5125 0.02109375 0.0234375
0 0.65078125 0.51328125 0.01953125 0.0234375
0 0.67421875 0.53046875 0.02109375 0.0265625
0 0.2125 0.30859375 0.0359375 0.03984375
0 0.278125 0.3859375 0.03359375 0.03515625
0 0.5140625 0.54140625 0.02578125 0.02734375
0 0.59296875 0.54375 0.02265625 0.0265625
0 0.6234375 0.55234375 0.02265625 0.02578125
0 0.58515625 0.5953125 0.0234375 0.028125
0 0.715625 0.5734375 0.02265625 0.0234375
0 0.7046875 0.609375 0.02109375 0.02578125
0 0.628125 0.646875 0.021875 0.028125
0 0.45546875 0.7234375 0.02578125 0.0328125
0 0.4625 0.778125 0.02578125 0.03125