0 0.30625 0.465625 0.0140625 0.0140625
0 0.33359375 0.44140625 0.0140625 0.0171875
0 0.41875 0.39765625 0.0140625 0.0140625
0 0.43671875 0.41953125 0.0140625 0.0140625
0 0.4328125 0.43125 0.0125 0.0125
0 0.44375 0.434375 0.0109375 0.0109375
0 0.421875 0.4359375 0.0125 0.0125
0 0.43359375 0.44296875 0.0109375 0.0125
0 0.45234375 0.44375 0.0140625 0.0140625
0 0.4234375 0.44765625 0.009375 0.009375
0 0.40859375 0.446875 0.0109375 0.0109375
0 0.4171875 0.45546875 0.0109375 0.0109375
0 0.44609375 0.453125 0.0140625 0.0140625
0 0.40390625 0.45859375 0.0140625 0.0140625
0 0.4328125 0.46015625 0.009375 0.0109375
0 0.4171875 0.47890625 0.0109375 0.0109375
0 0.4203125 0.46796875 0.0140625 0.0140625
0 0.384375 0.47109375 0.0140625 0.0140625
0 0.39375 0.496875 0.0140625 0.0140625
0 0.40859375 0.48671875 0.0109375 0.0125
0 0.4359375 0.47578125 0.0125 0.0125
0 0.44609375 0.4671875 0.0140625 0.0140625
0 0.45078125 0.4796875 0.0140625 0.0140625
0 0.425 0.49609375 0.0109375 0.0109375
0 0.43671875 0.48828125 0.0140625 0.0140625
0 0.44765625 0.490625 0.0125 0.0125
0 0.41328125 0.50546875 0.0125 0.0109375
0 0.44921875 0.50625 0.0125 0.0125
0 0.45703125 0.515625 0.0125 0.0125
0 0.47109375 0.5171875 0.0125 0.0125
0 0.50078125 0.5234375 0.0109375 0.0125
0 0.5109375 0.525 0.009375 0.0109375
0 0.4875 0.521875 0.009375 0.009375
0 0.5 0.51328125 0.009375 0.009375
0 0.48125 0.5140625 0.009375 0.0109375
0 0.490625 0.5078125 0.0109375 0.009375
0 0.45859375 0.50390625 0.009375 0.009375
0 0.4703125 0.50625 0.0125 0.0109375
0 0.48046875 0.50078125 0.0109375 0.009375
0 0.46640625 0.496875 0.0109375 0.009375
0 0.478125 0.490625 0.0140625 0.0140625
0 0.46484375 0.48671875 0.0109375 0.0109375
0 0.47265625 0.47890625 0.009375 0.0109375
0 0.4828125 0.48046875 0.0109375 0.0109375
0 0.4921875 0.49609375 0.0125 0.0125
0 0.50546875 0.5046875 0.0109375 0.009375
0 0.51640625 0.51328125 0.0109375 0.0125
0 0.528125 0.5140625 0.0140625 0.0140625
0 0.5390625 0.5109375 0.0140625 0.0140625
0 0.58125 0.48515625 0.0140625 0.0140625
0 0.55 0.50078125 0.0109375 0.0125
0 0.5265625 0.503125 0.009375 0.0109375
0 0.53046875 0.49453125 0.0109375 0.0109375
0 0.540625 0.48984375 0.0109375 0.0125
0 0.51875 0.49765625 0.0109375 0.0109375
0 0.54140625 0.4796875 0.0125 0.0125
0 0.5125 0.48359375 0.0125 0.0125
0 0.5390625 0.46875 0.0140625 0.0140625
0 0.50703125 0.471875 0.0109375 0.0109375
0 0.52578125 0.46953125 0.009375 0.0109375
0 0.5046875 0.459375 0.0140625 0.0140625
0 0.49609375 0.44609375 0.009375 0.009375
0 0.49296875 0.45625 0.0125 0.0125
0 0.49609375 0.4359375 0.0125 0.0109375
0 0.4765625 0.43828125 0.0140625 0.0140625
0 0.478125 0.425 0.0109375 0.0125
0 0.5828125 0.46796875 0.0140625 0.0140625
0 0.525 0.44765625 0.0140625 0.0140625
0 0.5328125 0.45859375 0.0125 0.0125
0 0.51953125 0.43828125 0.0125 0.0140625
0 0.53984375 0.44375 0.0125 0.0125
0 0.50703125 0.43125 0.0140625 0.0140625
0 0.534375 0.43203125 0.0140625 0.0140625
0 0.49765625 0.421875 0.0125 0.0125
0 0.47421875 0.41171875 0.0109375 0.0109375
0 0.45703125 0.390625 0.0109375 0.0109375
0 0.4671875 0.3859375 0.0109375 0.0109375
0 0.46875 0.39921875 0.0140625 0.0140625
0 0.4796875 0.39921875 0.0125 0.0125
0 0.49609375 0.40625 0.0140625 0.0140625
0 0.49765625 0.39375 0.0125 0.0125
0 0.50546875 0.38203125 0.0140625 0.0140625
0 0.51484375 0.390625 0.0140625 0.0140625
0 0.53046875 0.3859375 0.0109375 0.0125
0 0.5375 0.37734375 0.0125 0.0125
0 0.54375 0.39375 0.0140625 0.0140625
0 0.5484375 0.38046875 0.0125 0.0125
0 0.6265625 0.446875 0.0140625 0.0140625
0 0.578125 0.3875 0.0140625 0.0140625
0 0.5890625 0.3921875 0.0140625 0.0140625
0 0.57421875 0.40546875 0.0125 0.0125
0 0.58984375 0.403125 0.0125 0.0125
0 0.59609375 0.41484375 0.0140625 0.0140625
0 0.59453125 0.35859375 0.0140625 0.015625
0 0.5046875 0.36484375 0.0140625 0.0140625
0 0.48125 0.35546875 0.0140625 0.0140625
0 0.50859375 0.32890625 0.0140625 0.0140625
0 0.4078125 0.30703125 0.0140625 0.0140625
0 0.4171875 0.28671875 0.0140625 0.0140625