0 0.55859375 0.4375 0.046875 0.0359375
0 0.29921875 0.65546875 0.040625 0.0296875
0 0.87421875 0.615625 0.04375 0.03125
0 0.14921875 0.40859375 0.04375 0.0328125
0 0.4109375 0.59375 0.040625 0.0296875
0 0.1609375 0.37734375 0.05 0.0359375
0 0.19375 0.43125 0.04375 0.034375
0 0.440625 0.51796875 0.0453125 0.0359375
0 0.67734375 0.52109375 0.04375 0.0328125
0 0.515625 0.509375 0.0421875 0.0359375
0 0.73359375 0.86953125 0.040625 0.03125
0 0.775 0.5875 0.0453125 0.0328125
0 0.61953125 0.54375 0.04375 0.03125
0 0.50703125 0.5453125 0.0421875 0.03125
0 0.79140625 0.66640625 0.04375 0.03125
0 0.8375 0.67265625 0.04375 0.0328125
0 0.46640625 0.59765625 0.04375 0.03125
0 0.74921875 0.68359375 0.04375 0.0328125
0 0.67734375 0.553125 0.046875 0.034375
0 0.671875 0.6234375 0.04375 0.03125
0 0.42734375 0.81796875 0.0375 0.03125
0 0.584375 0.5578125 0.040625 0.03125
0 0.734375 0.59609375 0.04375 0.03125
0 0.79921875 0.78125 0.04375 0.03125
0 0.715625 0.56953125 0.046875 0.0328125
0 0.52109375 0.57265625 0.04375 0.03125
0 0.51328125 0.60078125 0.046875 0.0328125
0 0.41640625 0.859375 0.040625 0.028125
0 0.65078125 0.57578125 0.04375 0.03125
0 0.46953125 0.9046875 0.0375 0.028125
0 0.82734375 0.70234375 0.0421875 0.03125
0 0.7375 0.75625 0.0421875 0.0296875
0 0.68828125 0.59453125 0.04375 0.03125
0 0.7859375 0.72578125 0.04375 0.03125
0 0.734375 0.64921875 0.04375 0.03125
0 0.58203125 0.5875 0.0421875 0.03125
0 0.71328125 0.78671875 0.040625 0.03125
0 0.46796875 0.8078125 0.0390625 0.028125
0 0.78203125 0.8203125 0.040625 0.03125
0 0.4546875 0.71328125 0.0390625 0.028125
0 0.57734375 0.82890625 0.0390625 0.028125
0 0.78671875 0.69765625 0.04375 0.03125
0 0.46640625 0.88046875 0.0375 0.028125
0 0.56953125 0.87578125 0.0390625 0.028125
0 0.7453125 0.7171875 0.040625 0.03125
0 0.4796875 0.6296875 0.040625 0.0296875
0 0.48125 0.6578125 0.040625 0.0296875
0 0.58984375 0.615625 0.0421875 0.03125
0 0.56640625 0.646875 0.040625 0.03125
0 0.61953125 0.653125 0.028125 0.028125
0 0.46796875 0.7703125 0.0390625 0.03125
0 0.62265625 0.81875 0.0390625 0.028125
0 0.7625 0.79375 0.04375 0.0296875
0 0.46640625 0.7421875 0.040625 0.0296875
0 0.70546875 0.69140625 0.040625 0.03125
0 0.62890625 0.6234375 0.04375 0.03125
0 0.653125 0.6484375 0.0421875 0.03125
0 0.49140625 0.8609375 0.0375 0.028125
0 0.51796875 0.6296875 0.040625 0.03125
0 0.5484375 0.67734375 0.040625 0.03125
0 0.45390625 0.8515625 0.0375 0.0296875
0 0.7359375 0.8125 0.0453125 0.0296875
0 0.4765625 0.684375 0.0390625 0.028125
0 0.696875 0.7515625 0.040625 0.0296875
0 0.540625 0.8578125 0.040625 0.028125
0 0.5203125 0.65625 0.040625 0.03125
0 0.5109375 0.80859375 0.040625 0.028125
0 0.6671875 0.6765625 0.040625 0.03125
0 0.5609375 0.7046875 0.040625 0.0296875
0 0.6171875 0.79453125 0.040625 0.028125
0 0.62734375 0.67890625 0.040625 0.03125
0 0.528125 0.83125 0.040625 0.0296875
0 0.60625 0.7703125 0.0296875 0.021875
0 0.63203125 0.71640625 0.040625 0.03125
0 0.4890625 0.71171875 0.0390625 0.0296875
0 0.69453125 0.6546875 0.04375 0.03125
0 0.66953125 0.7046875 0.040625 0.03125
0 0.66875 0.7328125 0.040625 0.03125
0 0.53046875 0.77578125 0.0421875 0.03125
0 0.60078125 0.64609375 0.0328125 0.03125
0 0.54921875 0.61171875 0.0359375 0.034375
0 0.5890625 0.67265625 0.040625 0.03125
0 0.5234375 0.696875 0.0375 0.028125
0 0.6 0.69921875 0.0390625 0.028125
0 0.6109375 0.73828125 0.0375 0.028125
0 0.6609375 0.78046875 0.0375 0.0296875
0 0.70625 0.72578125 0.0390625 0.028125
0 0.5734375 0.765625 0.040625 0.0296875
0 0.575 0.73671875 0.0421875 0.0328125
0 0.50546875 0.73515625 0.040625 0.0296875
0 0.5375 0.72265625 0.0375 0.028125
0 0.53984375 0.74921875 0.0375 0.0265625
0 0.54296875 0.8015625 0.040625 0.025
0 0.57890625 0.79140625 0.0375 0.025
0 0.4796875 0.834375 0.0375 0.025
0 0.7140625 0.621875 0.046875 0.03125
0 0.62265625 0.59375 0.0421875 0.03125
0 0.621875 0.76015625 0.034375 0.0234375
0 0.64453125 0.75546875 0.040625 0.028125