0 0.1953125 0.5140625 0.03125 0.028125
0 0.22265625 0.52109375 0.034375 0.028125
0 0.23984375 0.59765625 0.034375 0.0296875
0 0.265625 0.646875 0.034375 0.03125
0 0.30625 0.62421875 0.034375 0.028125
0 0.28984375 0.6796875 0.034375 0.034375
0 0.325 0.69296875 0.0421875 0.0359375
0 0.33828125 0.56328125 0.0328125 0.0296875
0 0.32109375 0.51875 0.034375 0.025
0 0.278125 0.4890625 0.028125 0.028125
0 0.31328125 0.4828125 0.03125 0.03125
0 0.30234375 0.44140625 0.03125 0.0265625
0 0.2984375 0.46484375 0.03125 0.025
0 0.38125 0.41484375 0.03125 0.028125
0 0.409375 0.40234375 0.028125 0.025
0 0.43984375 0.44765625 0.0296875 0.028125
0 0.45546875 0.40859375 0.028125 0.025
0 0.465625 0.43203125 0.0296875 0.0234375
0 0.4203125 0.53671875 0.03125 0.025
0 0.4546875 0.55859375 0.034375 0.0296875
0 0.41484375 0.6234375 0.03125 0.03125
0 0.46171875 0.63359375 0.034375 0.028125
0 0.425 0.690625 0.0328125 0.034375
0 0.38203125 0.70859375 0.0328125 0.034375
0 0.43359375 0.75 0.0359375 0.03125
0 0.4796875 0.80390625 0.034375 0.034375
0 0.540625 0.77578125 0.034375 0.034375
0 0.571875 0.86875 0.0390625 0.0390625
0 0.540625 0.703125 0.034375 0.034375
0 0.55078125 0.66796875 0.0328125 0.034375
0 0.52421875 0.6796875 0.028125 0.03125
0 0.5296875 0.634375 0.03125 0.03125
0 0.515625 0.6546875 0.03125 0.03125
0 0.4953125 0.58828125 0.03125 0.03125
0 0.5265625 0.60859375 0.028125 0.028125
0 0.55078125 0.62109375 0.03125 0.028125
0 0.521875 0.57734375 0.028125 0.028125
0 0.5484375 0.5953125 0.0296875 0.028125
0 0.51171875 0.55546875 0.0296875 0.025
0 0.5453125 0.5640625 0.03125 0.028125
0 0.53828125 0.534375 0.028125 0.028125
0 0.4984375 0.534375 0.028125 0.028125
0 0.51640625 0.4765625 0.028125 0.028125
0 0.5359375 0.490625 0.028125 0.025
0 0.53828125 0.46640625 0.025 0.028125
0 0.5234375 0.4109375 0.0296875 0.025
0 0.5546875 0.4125 0.028125 0.025
0 0.5703125 0.43828125 0.028125 0.025
0 0.590625 0.43125 0.028125 0.025
0 0.5765625 0.4625 0.0328125 0.025
0 0.5890625 0.48671875 0.03125 0.0265625
0 0.6 0.52578125 0.03125 0.03125
0 0.57578125 0.55859375 0.0296875 0.0296875
0 0.60234375 0.5671875 0.03125 0.028125
0 0.58046875 0.5984375 0.03125 0.0296875
0 0.60390625 0.58984375 0.028125 0.028125
0 0.62734375 0.58203125 0.03125 0.03125
0 0.634375 0.60859375 0.03125 0.03125
0 0.6265625 0.6375 0.03125 0.0296875
0 0.57421875 0.63828125 0.03125 0.03125
0 0.60859375 0.61484375 0.0296875 0.0296875
0 0.6 0.63984375 0.03125 0.028125
0 0.5984375 0.66484375 0.0296875 0.03125
0 0.62421875 0.6796875 0.03125 0.0328125
0 0.60546875 0.703125 0.03125 0.03125
0 0.63828125 0.7390625 0.034375 0.034375
0 0.578125 0.70625 0.034375 0.034375
0 0.70546875 0.76484375 0.034375 0.034375
0 0.65234375 0.640625 0.0296875 0.03125
0 0.65625 0.56640625 0.0296875 0.028125
0 0.62265625 0.55703125 0.028125 0.028125
0 0.62578125 0.52734375 0.028125 0.0265625
0 0.64140625 0.54296875 0.025 0.025
0 0.66328125 0.5359375 0.028125 0.0265625
0 0.6234375 0.50234375 0.0296875 0.03125
0 0.6140625 0.4125 0.03125 0.025
0 0.6265625 0.4328125 0.0234375 0.021875
0 0.63828125 0.46015625 0.028125 0.025
0 0.6640625 0.45859375 0.0265625 0.0234375
0 0.6953125 0.490625 0.028125 0.025
0 0.64765625 0.4421875 0.025 0.021875
0 0.69765625 0.47109375 0.025 0.021875
0 0.6640625 0.43046875 0.025 0.025
0 0.6875 0.43515625 0.025 0.0234375
0 0.69453125 0.4515625 0.0234375 0.021875
0 0.71953125 0.4578125 0.03125 0.025
0 0.72734375 0.47890625 0.0296875 0.025
0 0.68046875 0.41640625 0.028125 0.0265625
0 0.70546875 0.41875 0.028125 0.0265625
0 0.74140625 0.43203125 0.028125 0.025
0 0.74765625 0.45546875 0.0296875 0.025
0 0.771875 0.484375 0.028125 0.028125
0 0.7765625 0.5125 0.03125 0.028125
0 0.77578125 0.5390625 0.028125 0.028125
0 0.8 0.4859375 0.028125 0.0265625
0 0.8046875 0.5109375 0.03125 0.0265625
0 0.81640625 0.53359375 0.03125 0.03125
0 0.8234375 0.48828125 0.028125 0.028125
0 0.85703125 0.5109375 0.03125 0.028125