0 0.53203125 0.48046875 0.0140625 0.0125
0 0.52421875 0.4734375 0.0109375 0.0140625
0 0.5140625 0.46953125 0.0140625 0.0125
0 0.5265625 0.490625 0.0140625 0.0140625
0 0.51796875 0.4828125 0.0140625 0.0140625
0 0.5390625 0.4890625 0.0125 0.0125
0 0.525 0.50625 0.0140625 0.0140625
0 0.53359375 0.49765625 0.0140625 0.0125
0 0.5140625 0.50703125 0.0109375 0.0125
0 0.51640625 0.4953125 0.0140625 0.0125
0 0.525 0.515625 0.0140625 0.0109375
0 0.54453125 0.5234375 0.0140625 0.0125
0 0.546875 0.5125 0.0125 0.0109375
0 0.5390625 0.53203125 0.0109375 0.0125
0 0.5328125 0.52265625 0.0125 0.0109375
0 0.53515625 0.51171875 0.0109375 0.0109375
0 0.54375 0.50234375 0.0140625 0.0109375
0 0.53671875 0.54375 0.0140625 0.0125
0 0.5453125 0.55078125 0.0140625 0.0125
0 0.54765625 0.53828125 0.0125 0.0125
0 0.55390625 0.5296875 0.0125 0.0125
0 0.5546875 0.55703125 0.0125 0.0140625
0 0.5578125 0.54375 0.0125 0.0109375
0 0.5640625 0.5328125 0.0125 0.0109375
0 0.5546875 0.51875 0.0109375 0.0125
0 0.55546875 0.5078125 0.0140625 0.0140625
0 0.55 0.49375 0.0140625 0.0109375
0 0.50625 0.5 0.0125 0.0140625
0 0.534375 0.5546875 0.0140625 0.0140625
0 0.52265625 0.4625 0.0140625 0.0109375
0 0.53125 0.46640625 0.0140625 0.0109375
0 0.540625 0.47265625 0.0140625 0.0140625
0 0.54765625 0.48203125 0.0140625 0.0125
0 0.53984375 0.45859375 0.0125 0.0125
0 0.546875 0.46640625 0.0140625 0.0109375
0 0.5640625 0.553125 0.0140625 0.0140625
0 0.56875 0.54375 0.0109375 0.0125
0 0.5640625 0.52265625 0.0125 0.0125
0 0.56953125 0.49453125 0.0140625 0.0140625
0 0.559375 0.496875 0.0109375 0.0125
0 0.55703125 0.4859375 0.0140625 0.0109375
0 0.56796875 0.484375 0.0140625 0.0125
0 0.5546875 0.4734375 0.0125 0.0109375
0 0.5546875 0.459375 0.0109375 0.0140625
0 0.546875 0.45234375 0.0125 0.0125
0 0.528125 0.5375 0.0140625 0.0109375
0 0.5625 0.5640625 0.0125 0.0109375
0 0.54296875 0.56171875 0.0140625 0.0125
0 0.5515625 0.56875 0.0125 0.0109375
0 0.56171875 0.57578125 0.0140625 0.0109375
0 0.571875 0.5703125 0.0140625 0.0109375
0 0.5734375 0.55859375 0.0125 0.0125
0 0.578125 0.54765625 0.0109375 0.0125
0 0.57421875 0.5328125 0.0109375 0.0109375
0 0.57578125 0.52265625 0.0140625 0.0125
0 0.58671875 0.521875 0.0125 0.0109375
0 0.5765625 0.5078125 0.0125 0.0140625
0 0.5796875 0.49765625 0.0140625 0.0125
0 0.5625 0.46640625 0.0140625 0.0125
0 0.57890625 0.48515625 0.0125 0.0109375
0 0.5078125 0.47890625 0.0109375 0.0109375
0 0.52890625 0.45390625 0.0109375 0.0140625
0 0.53671875 0.446875 0.0125 0.0125
0 0.55703125 0.4375 0.0125 0.0125
0 0.5671875 0.44296875 0.0140625 0.0125
0 0.5578125 0.4484375 0.0140625 0.0140625
0 0.58671875 0.5421875 0.0109375 0.0140625
0 0.58515625 0.53203125 0.0140625 0.0140625
0 0.5859375 0.51015625 0.0125 0.0109375
0 0.590625 0.4984375 0.0140625 0.0140625
0 0.58984375 0.4859375 0.0125 0.0125
0 0.584375 0.46484375 0.0140625 0.0109375
0 0.58359375 0.47578125 0.0125 0.0125
0 0.56484375 0.45546875 0.0125 0.0109375
0 0.5859375 0.4484375 0.0140625 0.0125
0 0.575 0.44921875 0.0140625 0.0125
0 0.54453125 0.41875 0.0140625 0.0125
0 0.56953125 0.584375 0.0125 0.0125
0 0.54609375 0.5765625 0.0140625 0.0125
0 0.5578125 0.4265625 0.0140625 0.0140625
0 0.5921875 0.45703125 0.0125 0.0140625
0 0.584375 0.56796875 0.0109375 0.0125
0 0.59375 0.471875 0.0109375 0.0125
0 0.5765625 0.43828125 0.0125 0.0140625
0 0.51640625 0.446875 0.0125 0.0109375
0 0.49765625 0.47421875 0.0109375 0.0109375
0 0.52578125 0.5484375 0.0125 0.0125
0 0.5140625 0.5171875 0.0109375 0.0125
0 0.58515625 0.55703125 0.0109375 0.0140625
0 0.52109375 0.52734375 0.0109375 0.0109375
0 0.5359375 0.43515625 0.0109375 0.0109375
0 0.54609375 0.4390625 0.0125 0.0125
0 0.5046875 0.4625 0.0109375 0.0109375
0 0.5640625 0.51015625 0.0140625 0.0140625
0 0.571875 0.4625 0.0140625 0.0140625
0 0.5671875 0.4328125 0.0140625 0.0140625
0 0.52734375 0.44296875 0.0125 0.0140625
0 0.57265625 0.47421875 0.0140625 0.0140625
0 0.5125 0.45703125 0.0140625 0.0125