0 0.1515625 0.3234375 0.03203125 0.02421875
0 0.20625 0.371875 0.03046875 0.0265625
0 0.46640625 0.43125 0.03125 0.02421875
0 0.48359375 0.4046875 0.0296875 0.02421875
0 0.45625 0.4078125 0.028125 0.02265625
0 0.428125 0.39609375 0.0265625 0.021875
0 0.46015625 0.38515625 0.0296875 0.02265625
0 0.4359375 0.375 0.02890625 0.02109375
0 0.4203125 0.35625 0.0265625 0.0234375
0 0.40078125 0.37421875 0.028125 0.025
0 0.39140625 0.35078125 0.02734375 0.0234375
0 0.34453125 0.325 0.0296875 0.02421875
0 0.37421875 0.28046875 0.028125 0.0234375
0 0.40625 0.3 0.02734375 0.02109375
0 0.4234375 0.31484375 0.02734375 0.01953125
0 0.4296875 0.334375 0.0265625 0.021875
0 0.4609375 0.35234375 0.02890625 0.021875
0 0.490625 0.3671875 0.02734375 0.02109375
0 0.50859375 0.38671875 0.02734375 0.02421875
0 0.421875 0.26640625 0.02734375 0.02109375
0 0.44921875 0.28359375 0.0296875 0.021875
0 0.47578125 0.3 0.028125 0.02109375
0 0.47265625 0.321875 0.02578125 0.02265625
0 0.4921875 0.3375 0.025 0.021875
0 0.50546875 0.31875 0.025 0.021875
0 0.50234375 0.29609375 0.0265625 0.0203125
0 0.5078125 0.2703125 0.02578125 0.02109375
0 0.528125 0.2546875 0.0234375 0.02109375
0 0.5328125 0.2765625 0.025 0.0203125
0 0.54609375 0.28984375 0.02578125 0.0203125
0 0.55859375 0.25546875 0.0234375 0.02265625
0 0.5578125 0.275 0.025 0.0203125
0 0.5421875 0.309375 0.02578125 0.021875
0 0.56015625 0.321875 0.02578125 0.021875
0 0.58515625 0.3203125 0.02578125 0.02421875
0 0.57421875 0.3 0.0265625 0.0203125
0 0.5796875 0.2828125 0.025 0.02109375
0 0.58203125 0.2609375 0.025 0.0203125
0 0.5984375 0.24765625 0.025 0.021875
0 0.603125 0.271875 0.02265625 0.02109375
0 0.61015625 0.29375 0.028125 0.0234375
0 0.6390625 0.2796875 0.02578125 0.0203125
0 0.625 0.2640625 0.02265625 0.01953125
0 0.6265625 0.24609375 0.02734375 0.01953125
0 0.6515625 0.24765625 0.02421875 0.01953125
0 0.66484375 0.26640625 0.0265625 0.021875
0 0.7125 0.24453125 0.025 0.02109375
0 0.6921875 0.265625 0.0265625 0.02109375
0 0.71796875 0.271875 0.025 0.0203125
0 0.68984375 0.28203125 0.0234375 0.01953125
0 0.671875 0.29375 0.02734375 0.021875
0 0.69921875 0.29921875 0.02578125 0.01875
0 0.7234375 0.30078125 0.02578125 0.0203125
0 0.7453125 0.2859375 0.02578125 0.02265625
0 0.7828125 0.3015625 0.025 0.0234375
0 0.79609375 0.3328125 0.03046875 0.0234375
0 0.7296875 0.32734375 0.02734375 0.02265625
0 0.6953125 0.3265625 0.02734375 0.021875
0 0.6578125 0.31796875 0.02734375 0.0203125
0 0.64296875 0.33828125 0.02578125 0.01953125
0 0.6734375 0.33515625 0.02421875 0.01875
0 0.6953125 0.34765625 0.02421875 0.01953125
0 0.71953125 0.35078125 0.0234375 0.021875
0 0.7125 0.375 0.02578125 0.02109375
0 0.6875 0.3671875 0.0234375 0.021875
0 0.7 0.39296875 0.025 0.0234375
0 0.6625 0.36796875 0.0265625 0.02265625
0 0.67578125 0.38671875 0.025 0.01953125
0 0.67421875 0.4078125 0.02734375 0.0234375
0 0.63515625 0.36015625 0.02578125 0.021875
0 0.6515625 0.39140625 0.025 0.02265625
0 0.60859375 0.3625 0.02578125 0.01953125
0 0.60078125 0.38125 0.02578125 0.01953125
0 0.62734375 0.3828125 0.02421875 0.02109375
0 0.6265625 0.40390625 0.02734375 0.02265625
0 0.65390625 0.41875 0.02734375 0.021875
0 0.60078125 0.4015625 0.02578125 0.021875
0 0.57109375 0.4 0.02734375 0.02421875
0 0.61796875 0.421875 0.025 0.0234375
0 0.640625 0.43984375 0.0296875 0.02421875
0 0.5921875 0.42265625 0.0234375 0.01796875
0 0.584375 0.44453125 0.02734375 0.0234375
0 0.61015625 0.440625 0.02734375 0.02421875
0 0.56484375 0.4265625 0.025 0.02265625
0 0.55859375 0.45 0.02734375 0.0234375
0 0.60859375 0.46328125 0.02578125 0.025
0 0.634375 0.47421875 0.028125 0.02578125
0 0.5625 0.475 0.02578125 0.02265625
0 0.5890625 0.47734375 0.0265625 0.02265625
0 0.61015625 0.50078125 0.03125 0.0265625
0 0.534375 0.478125 0.02890625 0.025
0 0.55859375 0.49765625 0.028125 0.02578125
0 0.4125 0.47578125 0.03046875 0.02890625
0 0.509375 0.49765625 0.02890625 0.02578125
0 0.53671875 0.50859375 0.02734375 0.02734375
0 0.5328125 0.54609375 0.02890625 0.0265625
0 0.5484375 0.571875 0.03046875 0.02890625
0 0.35078125 0.696875 0.03359375 0.0359375
0 0.35 0.7390625 0.0375 0.0359375