0 0.56875 0.4828125 0.0171875 0.015625
0 0.49921875 0.53828125 0.015625 0.0140625
0 0.6234375 0.478125 0.015625 0.0140625
0 0.58046875 0.52890625 0.015625 0.015625
0 0.53359375 0.35390625 0.0140625 0.0140625
0 0.4890625 0.3375 0.015625 0.0140625
0 0.471875 0.315625 0.0140625 0.0140625
0 0.5546875 0.42734375 0.0140625 0.0125
0 0.59375 0.4953125 0.0140625 0.0125
0 0.5109375 0.40859375 0.015625 0.0125
0 0.509375 0.56015625 0.0140625 0.0125
0 0.42109375 0.30625 0.015625 0.0140625
0 0.484375 0.55078125 0.0140625 0.0140625
0 0.4859375 0.40078125 0.0140625 0.0140625
0 0.4921875 0.4515625 0.0140625 0.015625
0 0.57109375 0.38125 0.015625 0.0140625
0 0.50703125 0.465625 0.0140625 0.0125
0 0.575 0.5 0.015625 0.0140625
0 0.48828125 0.56484375 0.0140625 0.0125
0 0.42890625 0.56875 0.0140625 0.0125
0 0.4359375 0.32734375 0.0140625 0.015625
0 0.503125 0.3625 0.0140625 0.0125
0 0.34921875 0.58359375 0.0140625 0.0125
0 0.5828125 0.51171875 0.0140625 0.0125
0 0.6109375 0.3953125 0.015625 0.0140625
0 0.4640625 0.4671875 0.0125 0.0125
0 0.3859375 0.5734375 0.015625 0.0125
0 0.3890625 0.334375 0.0140625 0.015625
0 0.440625 0.475 0.015625 0.0140625
0 0.29921875 0.45078125 0.0140625 0.0125
0 0.4375 0.5265625 0.0140625 0.0125
0 0.41796875 0.5421875 0.0140625 0.0125
0 0.5828125 0.3703125 0.015625 0.0140625
0 0.52734375 0.5546875 0.015625 0.0125
0 0.296875 0.47109375 0.0125 0.0125
0 0.4078125 0.55703125 0.0140625 0.0125
0 0.44765625 0.57265625 0.0125 0.0125
0 0.26328125 0.490625 0.0140625 0.0125
0 0.5625 0.365625 0.015625 0.0140625
0 0.309375 0.53359375 0.0140625 0.0125
0 0.3546875 0.3375 0.0140625 0.0140625
0 0.33203125 0.5671875 0.0125 0.0125
0 0.59765625 0.3796875 0.015625 0.0140625
0 0.409375 0.50234375 0.0140625 0.0125
0 0.30703125 0.51796875 0.0125 0.0125
0 0.44765625 0.50546875 0.0125 0.0125
0 0.4359375 0.4890625 0.0140625 0.0125
0 0.37890625 0.38515625 0.0140625 0.0140625
0 0.45390625 0.38046875 0.015625 0.0140625
0 0.3375 0.5 0.0140625 0.0125
0 0.3734375 0.43515625 0.0140625 0.0140625
0 0.27421875 0.478125 0.015625 0.0125
0 0.36640625 0.4515625 0.0140625 0.0125
0 0.640625 0.47734375 0.015625 0.015625
0 0.41328125 0.51953125 0.0140625 0.0140625
0 0.25 0.4640625 0.0140625 0.0125
0 0.35625 0.5578125 0.0140625 0.0125
0 0.39375 0.35859375 0.0140625 0.015625
0 0.38828125 0.4859375 0.0140625 0.015625
0 0.38515625 0.55 0.0125 0.0125
0 0.4515625 0.44375 0.0140625 0.0125
0 0.29453125 0.5015625 0.0140625 0.0125
0 0.35859375 0.52734375 0.0140625 0.0125
0 0.46484375 0.41953125 0.0140625 0.0125
0 0.2703125 0.4640625 0.0140625 0.015625
0 0.38828125 0.403125 0.0140625 0.0140625
0 0.34296875 0.553125 0.0140625 0.0140625
0 0.44375 0.4015625 0.015625 0.0140625
0 0.340625 0.51796875 0.0140625 0.0125
0 0.28046875 0.49453125 0.0140625 0.0125
0 0.45 0.365625 0.015625 0.0140625
0 0.4390625 0.35078125 0.015625 0.0140625
0 0.42265625 0.35625 0.015625 0.015625
0 0.38515625 0.4671875 0.0140625 0.0125
0 0.4109375 0.37890625 0.015625 0.015625
0 0.3703125 0.54609375 0.0140625 0.0125
0 0.371875 0.53203125 0.0140625 0.0125
0 0.4359375 0.365625 0.0140625 0.0140625
0 0.40625 0.3546875 0.0140625 0.0140625
0 0.32421875 0.5125 0.015625 0.0125
0 0.39375 0.38515625 0.0140625 0.0140625
0 0.39921875 0.4640625 0.0140625 0.0140625
0 0.45078125 0.415625 0.015625 0.0140625
0 0.42109375 0.3953125 0.0140625 0.015625
0 0.3390625 0.53515625 0.0140625 0.015625
0 0.41953125 0.4359375 0.0140625 0.0140625
0 0.44609375 0.42890625 0.0140625 0.0140625
0 0.38046875 0.4515625 0.0125 0.0125
0 0.43359375 0.440625 0.015625 0.0125
0 0.3265625 0.52890625 0.015625 0.0125
0 0.390625 0.43203125 0.015625 0.015625
0 0.41484375 0.4109375 0.0140625 0.015625
0 0.4046875 0.4390625 0.0125 0.0125
0 0.40625 0.425 0.0140625 0.0140625
0 0.42890625 0.4109375 0.0125 0.0140625
0 0.40078125 0.4078125 0.015625 0.015625
0 0.39296875 0.446875 0.0140625 0.0140625
0 0.40625 0.3921875 0.015625 0.0140625
0 0.4328125 0.425 0.0140625 0.0140625
0 0.58828125 0.3734375 0.0140625 0.0125