0 0.50625 0.06640625 0.0578125 0.0578125
0 0.5046875 0.015625 0.065625 0.03125
0 0.14765625 0.02265625 0.0640625 0.0453125
0 0.06171875 0.02890625 0.0703125 0.0578125
0 0.0859375 0.1578125 0.06875 0.0671875
0 0.1828125 0.21171875 0.0640625 0.065625
0 0.27421875 0.23984375 0.0625 0.0671875
0 0.209375 0.2671875 0.0625 0.0640625
0 0.23671875 0.32265625 0.06875 0.0625
0 0.15390625 0.32421875 0.0671875 0.059375
0 0.21640625 0.3875 0.0625 0.0640625
0 0.28125 0.4 0.0609375 0.0625
0 0.25703125 0.44765625 0.0578125 0.0578125
0 0.121875 0.39765625 0.0609375 0.0546875
0 0.16953125 0.42890625 0.0625 0.0703125
0 0.1921875 0.4828125 0.0609375 0.0609375
0 0.17890625 0.55078125 0.0671875 0.0578125
0 0.26171875 0.50625 0.0546875 0.059375
0 0.31171875 0.4515625 0.0578125 0.0640625
0 0.38671875 0.42734375 0.0640625 0.0578125
0 0.365625 0.48828125 0.0640625 0.0578125
0 0.3171875 0.5203125 0.0640625 0.059375
0 0.42109375 0.51796875 0.0640625 0.065625
0 0.378125 0.559375 0.05625 0.0578125
0 0.32265625 0.57734375 0.0578125 0.0609375
0 0.265625 0.58125 0.0640625 0.065625
0 0.30546875 0.62734375 0.059375 0.0578125
0 0.25234375 0.64765625 0.06875 0.0671875
0 0.29296875 0.6890625 0.05625 0.059375
0 0.346875 0.66015625 0.0625 0.0609375
0 0.3453125 0.72421875 0.0578125 0.059375
0 0.30625 0.79140625 0.0578125 0.053125
0 0.2671875 0.86953125 0.05625 0.0609375
0 0.46875 0.79765625 0.0640625 0.0609375
0 0.5078125 0.8328125 0.0578125 0.059375
0 0.540625 0.89609375 0.0609375 0.0640625
0 0.57109375 0.8421875 0.0609375 0.0625
0 0.553125 0.78828125 0.0609375 0.0578125
0 0.49375 0.734375 0.0578125 0.05625
0 0.4984375 0.6765625 0.0609375 0.0609375
0 0.44296875 0.64375 0.0609375 0.0546875
0 0.38671875 0.61171875 0.0640625 0.0609375
0 0.484375 0.56015625 0.0484375 0.0609375
0 0.53984375 0.56953125 0.0546875 0.059375
0 0.590625 0.67265625 0.0609375 0.0703125
0 0.578125 0.73515625 0.05625 0.0640625
0 0.62734375 0.79921875 0.0578125 0.0640625
0 0.68203125 0.81796875 0.0609375 0.059375
0 0.66640625 0.61796875 0.0546875 0.0609375
0 0.72109375 0.603125 0.05625 0.0578125
0 0.75234375 0.65625 0.0640625 0.0625
0 0.85390625 0.66640625 0.0640625 0.0640625
0 0.7765625 0.59765625 0.0578125 0.0640625
0 0.7671875 0.54375 0.0671875 0.0640625
0 0.740625 0.4921875 0.0609375 0.065625
0 0.80859375 0.48984375 0.065625 0.0671875
0 0.86015625 0.40546875 0.0671875 0.06875
0 0.721875 0.39140625 0.0640625 0.071875
0 0.678125 0.3546875 0.0609375 0.0609375
0 0.49140625 0.41484375 0.0546875 0.0640625
0 0.490625 0.35703125 0.0578125 0.0640625
0 0.52421875 0.2921875 0.0609375 0.0640625
0 0.46875 0.26015625 0.0609375 0.0578125
0 0.4765625 0.20390625 0.06875 0.0640625
0 0.54765625 0.1875 0.0625 0.06875
0 0.5625 0.25390625 0.0671875 0.0671875
0 0.60703125 0.29921875 0.0640625 0.0640625
0 0.63984375 0.246875 0.0578125 0.065625
0 0.6953125 0.29296875 0.0640625 0.0640625
0 0.63046875 0.175 0.0640625 0.065625
0 0.65390625 0.10859375 0.0640625 0.0640625
0 0.81171875 0.1703125 0.0609375 0.0609375
0 0.79453125 0.3 0.0625 0.0640625
0 0.8484375 0.12734375 0.0609375 0.0578125