0 0.7359375 0.84375 0.0328125 0.03125
0 0.6234375 0.7328125 0.0296875 0.034375
0 0.74140625 0.72734375 0.028125 0.028125
0 0.71484375 0.70859375 0.028125 0.028125
0 0.7890625 0.5703125 0.028125 0.028125
0 0.58984375 0.7140625 0.03125 0.028125
0 0.62890625 0.571875 0.028125 0.028125
0 0.76484375 0.51015625 0.028125 0.0265625
0 0.8140625 0.5171875 0.03125 0.028125
0 0.525 0.75390625 0.028125 0.0296875
0 0.49296875 0.7953125 0.03125 0.0296875
0 0.5390625 0.77734375 0.028125 0.0296875
0 0.45078125 0.66484375 0.0328125 0.03125
0 0.57890625 0.79765625 0.028125 0.028125
0 0.59765625 0.81328125 0.028125 0.0296875
0 0.44609375 0.39609375 0.028125 0.028125
0 0.5609375 0.82109375 0.0296875 0.028125
0 0.403125 0.75078125 0.028125 0.028125
0 0.5375 0.80546875 0.028125 0.028125
0 0.57421875 0.540625 0.0296875 0.028125
0 0.65625 0.6484375 0.03125 0.0328125
0 0.3234375 0.58515625 0.028125 0.028125
0 0.3 0.54375 0.03125 0.028125
0 0.36484375 0.64609375 0.028125 0.028125
0 0.465625 0.365625 0.0296875 0.028125
0 0.35234375 0.61328125 0.028125 0.028125
0 0.6859375 0.48828125 0.028125 0.0265625
0 0.365625 0.6984375 0.028125 0.028125
0 0.59609375 0.5578125 0.028125 0.0296875
0 0.45625 0.7546875 0.028125 0.028125
0 0.384375 0.721875 0.028125 0.028125
0 0.3578125 0.45546875 0.028125 0.028125
0 0.36015625 0.425 0.028125 0.0265625
0 0.39609375 0.64921875 0.028125 0.028125
0 0.6328125 0.390625 0.03125 0.025
0 0.35234375 0.584375 0.028125 0.028125
0 0.328125 0.55390625 0.0296875 0.028125
0 0.61640625 0.5375 0.028125 0.028125
0 0.44140625 0.69296875 0.028125 0.0296875
0 0.51328125 0.334375 0.028125 0.0265625
0 0.3328125 0.43828125 0.0296875 0.028125
0 0.50078125 0.76953125 0.028125 0.0296875
0 0.309375 0.50625 0.03125 0.0265625
0 0.48515625 0.7453125 0.028125 0.028125
0 0.78828125 0.453125 0.028125 0.028125
0 0.33046875 0.51953125 0.0296875 0.028125
0 0.35546875 0.53203125 0.03125 0.028125
0 0.38515625 0.6265625 0.028125 0.028125
0 0.38359375 0.67734375 0.028125 0.028125
0 0.478125 0.71953125 0.028125 0.028125
0 0.7359375 0.45703125 0.028125 0.028125
0 0.58203125 0.49140625 0.028125 0.03125
0 0.4296875 0.74375 0.028125 0.028125
0 0.3796875 0.60234375 0.03125 0.03125
0 0.60390625 0.51015625 0.028125 0.028125
0 0.66015625 0.5015625 0.028125 0.028125
0 0.8359375 0.2625 0.03125 0.028125
0 0.41015625 0.6828125 0.028125 0.028125
0 0.38125 0.38828125 0.028125 0.028125
0 0.76640625 0.41796875 0.028125 0.028125
0 0.34140625 0.36953125 0.028125 0.028125
0 0.4109375 0.71171875 0.028125 0.028125
0 0.7265625 0.4171875 0.028125 0.028125
0 0.43671875 0.72109375 0.028125 0.028125
0 0.625 0.49609375 0.028125 0.0265625
0 0.76171875 0.453125 0.028125 0.028125
0 0.28828125 0.340625 0.0296875 0.0296875
0 0.64296875 0.5234375 0.028125 0.028125
0 0.64921875 0.47578125 0.0265625 0.0265625
0 0.80625 0.3265625 0.028125 0.0265625
0 0.590625 0.36015625 0.028125 0.028125
0 0.62265625 0.46796875 0.028125 0.0265625
0 0.35234375 0.3921875 0.03125 0.028125
0 0.65625 0.434375 0.028125 0.028125
0 0.63359375 0.44453125 0.028125 0.028125
0 0.7703125 0.38515625 0.028125 0.0296875
0 0.69375 0.38671875 0.028125 0.0265625
0 0.5671875 0.37265625 0.0296875 0.025
0 0.26015625 0.3015625 0.028125 0.028125
0 0.33984375 0.33671875 0.028125 0.028125
0 0.62890625 0.42265625 0.028125 0.0265625
0 0.740625 0.35703125 0.028125 0.028125
0 0.46171875 0.72890625 0.025 0.028125
0 0.559375 0.34453125 0.028125 0.028125
0 0.74453125 0.39140625 0.028125 0.028125
0 0.80078125 0.26484375 0.028125 0.028125
0 0.76640625 0.34921875 0.028125 0.028125
0 0.69609375 0.3546875 0.03125 0.028125
0 0.6953125 0.32734375 0.028125 0.028125
0 0.39140625 0.34765625 0.0296875 0.028125
0 0.66953125 0.33359375 0.028125 0.028125
0 0.58203125 0.33359375 0.028125 0.028125
0 0.44140625 0.32578125 0.028125 0.028125
0 0.65078125 0.3109375 0.0265625 0.0265625
0 0.31171875 0.28359375 0.028125 0.0265625
0 0.4171875 0.33828125 0.028125 0.028125
0 0.46484375 0.3125 0.028125 0.028125
0 0.63984375 0.284375 0.0265625 0.0265625
0 0.34296875 0.26171875 0.0265625 0.025
0 0.7203125 0.3875 0.028125 0.0265625
0 0.5484375 0.3203125 0.028125 0.0265625
0 0.28359375 0.31328125 0.028125 0.028125
0 0.73515625 0.2 0.028125 0.0265625
0 0.61171875 0.2765625 0.028125 0.0265625
0 0.53125 0.1546875 0.0265625 0.0265625
0 0.31015625 0.3109375 0.0296875 0.028125
0 0.5734375 0.309375 0.028125 0.028125
0 0.3359375 0.3046875 0.028125 0.028125
0 0.52890625 0.178125 0.028125 0.028125
0 0.28515625 0.2875 0.0265625 0.0265625
0 0.61640625 0.2015625 0.0265625 0.025
0 0.47265625 0.18828125 0.028125 0.028125
0 0.678125 0.20234375 0.0265625 0.028125
0 0.703125 0.1984375 0.0265625 0.028125
0 0.7328125 0.3234375 0.028125 0.028125
0 0.6265625 0.2546875 0.028125 0.028125
0 0.4796875 0.29375 0.028125 0.028125
0 0.49765625 0.27421875 0.028125 0.028125
0 0.36640625 0.33671875 0.028125 0.028125
0 0.67734375 0.309375 0.0296875 0.028125
0 0.77890625 0.32734375 0.0265625 0.0265625
0 0.74609375 0.2265625 0.0265625 0.0265625
0 0.38984375 0.2125 0.0296875 0.028125
0 0.52421875 0.27890625 0.028125 0.028125
0 0.77578125 0.2859375 0.028125 0.028125
0 0.38515625 0.2390625 0.028125 0.028125
0 0.6671875 0.284375 0.028125 0.028125
0 0.553125 0.16953125 0.025 0.0265625
0 0.4140625 0.2109375 0.028125 0.0265625
0 0.73515625 0.2984375 0.028125 0.028125
0 0.58046875 0.284375 0.028125 0.0265625
0 0.58359375 0.2328125 0.028125 0.028125
0 0.55078125 0.29375 0.028125 0.0265625
0 0.759375 0.3109375 0.028125 0.028125
0 0.70625 0.30234375 0.028125 0.028125
0 0.66953125 0.228125 0.0265625 0.0265625
0 0.51875 0.253125 0.028125 0.028125
0 0.45234375 0.20546875 0.025 0.025
0 0.56484375 0.1921875 0.025 0.025
0 0.5921875 0.20859375 0.0265625 0.025
0 0.7515625 0.27734375 0.028125 0.028125
0 0.57109375 0.25703125 0.0265625 0.0265625
0 0.74921875 0.2515625 0.0265625 0.028125
0 0.7203125 0.2484375 0.028125 0.028125
0 0.52890625 0.22734375 0.0265625 0.028125
0 0.50078125 0.22421875 0.028125 0.028125
0 0.38984375 0.31796875 0.028125 0.028125
0 0.63359375 0.21953125 0.028125 0.0265625
0 0.7203125 0.2203125 0.025 0.0265625
0 0.49921875 0.19296875 0.025 0.025
0 0.66953125 0.2578125 0.0265625 0.0265625
0 0.47421875 0.26796875 0.028125 0.028125
0 0.6953125 0.2265625 0.0265625 0.028125
0 0.775 0.26171875 0.028125 0.0265625
0 0.6953125 0.253125 0.0265625 0.0265625
0 0.4390625 0.3015625 0.028125 0.028125
0 0.3578125 0.284375 0.0265625 0.028125
0 0.36328125 0.3109375 0.028125 0.028125
0 0.44765625 0.27421875 0.025 0.025
0 0.54609375 0.265625 0.028125 0.028125
0 0.4671875 0.24296875 0.0265625 0.028125
0 0.64921875 0.24140625 0.028125 0.028125
0 0.4171875 0.2859375 0.028125 0.028125
0 0.71875 0.27578125 0.028125 0.0296875
0 0.6109375 0.23359375 0.028125 0.028125
0 0.4125 0.23515625 0.0265625 0.028125
0 0.59921875 0.25546875 0.028125 0.028125
0 0.36953125 0.2625 0.025 0.025
0 0.41875 0.2609375 0.025 0.028125
0 0.6953125 0.27890625 0.028125 0.028125
0 0.434375 0.22578125 0.025 0.025
0 0.5625 0.21640625 0.0265625 0.025
0 0.5234375 0.20390625 0.0265625 0.0265625
0 0.39453125 0.26875 0.028125 0.028125
0 0.4171875 0.3125 0.028125 0.0265625
0 0.4765625 0.21640625 0.028125 0.025
0 0.71796875 0.34375 0.028125 0.028125
0 0.49375 0.25 0.028125 0.028125
0 0.38359375 0.29453125 0.0296875 0.028125
0 0.44375 0.25 0.0265625 0.028125
0 0.55234375 0.23671875 0.03125 0.028125