0 0.6671875 0.93125 0.021875 0.025
0 0.59453125 0.84140625 0.0234375 0.025
0 0.64609375 0.82421875 0.021875 0.025
0 0.75390625 0.771875 0.0203125 0.025
0 0.77109375 0.76796875 0.021875 0.021875
0 0.71640625 0.61796875 0.025 0.025
0 0.64765625 0.65546875 0.021875 0.021875
0 0.6390625 0.6328125 0.025 0.0203125
0 0.640625 0.60625 0.021875 0.021875
0 0.6546875 0.5921875 0.0203125 0.021875
0 0.540625 0.78515625 0.021875 0.0234375
0 0.5046875 0.77265625 0.0234375 0.0234375
0 0.35 0.84296875 0.025 0.025
0 0.3765625 0.83046875 0.021875 0.0265625
0 0.3484375 0.80234375 0.0234375 0.025
0 0.378125 0.7421875 0.025 0.025
0 0.36171875 0.70625 0.021875 0.0203125
0 0.3578125 0.6859375 0.0234375 0.01875
0 0.3328125 0.69140625 0.021875 0.021875
0 0.5078125 0.63203125 0.0234375 0.021875
0 0.48359375 0.62421875 0.021875 0.021875
0 0.409375 0.625 0.021875 0.0203125
0 0.42109375 0.61171875 0.021875 0.0203125
0 0.4328125 0.59296875 0.021875 0.021875
0 0.51484375 0.590625 0.025 0.021875
0 0.52578125 0.56796875 0.021875 0.021875
0 0.521875 0.54609375 0.021875 0.0234375
0 0.44375 0.521875 0.021875 0.0234375
0 0.45546875 0.49609375 0.021875 0.021875
0 0.7171875 0.5375 0.021875 0.025
0 0.6984375 0.5484375 0.021875 0.021875
0 0.61015625 0.5328125 0.021875 0.021875
0 0.65234375 0.51171875 0.021875 0.025
0 0.7328125 0.496875 0.021875 0.025
0 0.73046875 0.46015625 0.0234375 0.0234375
0 0.70703125 0.453125 0.021875 0.021875
0 0.7234375 0.421875 0.021875 0.025
0 0.69453125 0.42265625 0.0234375 0.021875
0 0.7359375 0.303125 0.025 0.025
0 0.71328125 0.33515625 0.021875 0.021875
0 0.709375 0.36953125 0.021875 0.021875
0 0.64609375 0.35546875 0.021875 0.021875
0 0.55703125 0.41171875 0.025 0.0234375
0 0.55 0.38671875 0.021875 0.021875
0 0.503125 0.37734375 0.021875 0.021875
0 0.4953125 0.353125 0.021875 0.0234375
0 0.5375 0.36015625 0.021875 0.021875
0 0.5421875 0.3390625 0.021875 0.0234375
0 0.5 0.31640625 0.0203125 0.021875
0 0.5234375 0.30078125 0.01875 0.021875
0 0.6015625 0.34140625 0.021875 0.021875
0 0.578125 0.3296875 0.021875 0.021875
0 0.653125 0.31640625 0.021875 0.0203125
0 0.63203125 0.3234375 0.0203125 0.021875
0 0.58828125 0.26953125 0.021875 0.025
0 0.63828125 0.3015625 0.01875 0.0203125
0 0.6546875 0.2828125 0.021875 0.021875
0 0.63515625 0.2734375 0.021875 0.021875
0 0.67578125 0.27734375 0.0203125 0.0203125
0 0.6640625 0.2609375 0.021875 0.0234375
0 0.72890625 0.234375 0.021875 0.021875
0 0.7140625 0.2171875 0.0234375 0.021875
0 0.7578125 0.22734375 0.0203125 0.021875
0 0.73515625 0.209375 0.0203125 0.021875
0 0.67109375 0.20625 0.021875 0.021875
0 0.62890625 0.2203125 0.0203125 0.0234375
0 0.65546875 0.18984375 0.021875 0.021875
0 0.3875 0.47421875 0.021875 0.021875
0 0.31640625 0.47578125 0.021875 0.021875
0 0.2921875 0.4765625 0.01875 0.0203125
0 0.2875 0.45703125 0.01875 0.01875
0 0.27265625 0.44296875 0.01875 0.0203125
0 0.29140625 0.43125 0.021875 0.021875
0 0.35625 0.39609375 0.021875 0.021875
0 0.39296875 0.37890625 0.021875 0.021875
0 0.41875 0.36796875 0.021875 0.021875
0 0.42734375 0.35 0.0203125 0.0203125
0 0.40625 0.33984375 0.021875 0.021875
0 0.4578125 0.31015625 0.021875 0.021875
0 0.43828125 0.325 0.01875 0.021875
0 0.41875 0.3171875 0.0203125 0.021875
0 0.4375 0.30390625 0.01875 0.01875
0 0.425 0.2984375 0.01875 0.0203125
0 0.40703125 0.29765625 0.021875 0.021875
0 0.43671875 0.27734375 0.0203125 0.021875
0 0.41640625 0.2765625 0.021875 0.021875
0 0.51640625 0.26484375 0.021875 0.0234375
0 0.4015625 0.2390625 0.021875 0.021875
0 0.42890625 0.2578125 0.021875 0.0203125
0 0.42265625 0.2359375 0.0234375 0.0234375
0 0.44765625 0.20390625 0.021875 0.021875
0 0.55859375 0.13046875 0.028125 0.025
0 0.575 0.1609375 0.021875 0.025
0 0.540625 0.19921875 0.021875 0.0234375
0 0.46875 0.196875 0.021875 0.025
0 0.48203125 0.16171875 0.0234375 0.025
0 0.43046875 0.16953125 0.025 0.0234375
0 0.42421875 0.14765625 0.0234375 0.0234375
0 0.36328125 0.115625 0.025 0.025
0 0.38046875 0.08046875 0.025 0.0234375