0 0.39296875 0.27421875 0.02890625 0.03515625
0 0.4265625 0.33984375 0.02890625 0.03046875
0 0.4453125 0.36484375 0.0296875 0.03046875
0 0.4734375 0.359375 0.03046875 0.03125
0 0.40234375 0.39609375 0.02578125 0.03125
0 0.428125 0.3890625 0.02578125 0.0328125
0 0.446875 0.4078125 0.02734375 0.0359375
0 0.3203125 0.42578125 0.02421875 0.03046875
0 0.34375 0.41953125 0.025 0.02890625
0 0.359375 0.40234375 0.025 0.0328125
0 0.38125 0.41328125 0.0265625 0.03203125
0 0.38203125 0.38125 0.025 0.028125
0 0.3 0.4390625 0.0265625 0.02734375
0 0.31796875 0.45390625 0.025 0.025
0 0.3515625 0.45 0.025 0.028125
0 0.37578125 0.4375 0.02578125 0.02734375
0 0.31953125 0.48203125 0.021875 0.02734375
0 0.3375 0.4671875 0.0265625 0.02734375
0 0.3703125 0.46875 0.0265625 0.028125
0 0.39375 0.45703125 0.03125 0.0296875
0 0.42578125 0.4453125 0.02421875 0.028125
0 0.45234375 0.4421875 0.02890625 0.03046875
0 0.3171875 0.50703125 0.025 0.028125
0 0.340625 0.503125 0.02421875 0.02890625
0 0.35625 0.4875 0.025 0.02734375
0 0.37421875 0.503125 0.02578125 0.02890625
0 0.39296875 0.4875 0.0265625 0.028125
0 0.41328125 0.46875 0.02421875 0.0296875
0 0.43984375 0.47578125 0.02890625 0.0328125
0 0.46953125 0.46328125 0.0265625 0.0296875
0 0.49453125 0.478125 0.03046875 0.03046875
0 0.425 0.49921875 0.02578125 0.03046875
0 0.46484375 0.49140625 0.0265625 0.0296875
0 0.4984375 0.50546875 0.02578125 0.03046875
0 0.46953125 0.521875 0.02421875 0.025
0 0.4421875 0.5140625 0.02421875 0.02890625
0 0.39765625 0.51484375 0.0234375 0.025
0 0.3578125 0.52109375 0.02265625 0.02734375
0 0.38046875 0.53203125 0.0234375 0.028125
0 0.4203125 0.52734375 0.0265625 0.02578125
0 0.340625 0.53359375 0.02109375 0.02890625
0 0.35703125 0.54765625 0.0234375 0.02734375
0 0.2828125 0.53125 0.02265625 0.02734375
0 0.30078125 0.521875 0.02265625 0.0265625
0 0.31875 0.53984375 0.0234375 0.02734375
0 0.3328125 0.5609375 0.021875 0.028125
0 0.353125 0.5734375 0.02578125 0.02734375
0 0.40234375 0.54453125 0.02734375 0.028125
0 0.4296875 0.553125 0.0265625 0.028125
0 0.4515625 0.54296875 0.02421875 0.03125
0 0.47578125 0.55 0.025 0.02890625
0 0.4953125 0.534375 0.0234375 0.028125
0 0.5078125 0.5625 0.02890625 0.03125
0 0.378125 0.5625 0.02265625 0.03046875
0 0.403125 0.56796875 0.02421875 0.0265625
0 0.44296875 0.57578125 0.028125 0.03046875
0 0.47109375 0.57890625 0.02734375 0.028125
0 0.5078125 0.59296875 0.0296875 0.03046875
0 0.33046875 0.59296875 0.02265625 0.0296875
0 0.34453125 0.61328125 0.02421875 0.025
0 0.3609375 0.59609375 0.02421875 0.02734375
0 0.3828125 0.5890625 0.02421875 0.02734375
0 0.4171875 0.59375 0.02734375 0.0265625
0 0.3765625 0.61796875 0.02265625 0.028125
0 0.4015625 0.6109375 0.02578125 0.0265625
0 0.4484375 0.62109375 0.0265625 0.02890625
0 0.47890625 0.60703125 0.02734375 0.02890625
0 0.37578125 0.64453125 0.02265625 0.02578125
0 0.39609375 0.63671875 0.025 0.02421875
0 0.42421875 0.6265625 0.02421875 0.0265625
0 0.4375 0.65078125 0.02421875 0.02578125
0 0.4609375 0.659375 0.02734375 0.028125
0 0.41484375 0.6546875 0.021875 0.0265625
0 0.4453125 0.6796875 0.025 0.02734375
0 0.39296875 0.6625 0.02265625 0.0265625
0 0.421875 0.68125 0.021875 0.028125
0 0.33203125 0.6453125 0.02109375 0.03046875
0 0.353125 0.6390625 0.02109375 0.028125
0 0.36875 0.66796875 0.02578125 0.0265625
0 0.40078125 0.68828125 0.0234375 0.028125
0 0.4328125 0.70625 0.0265625 0.028125
0 0.4671875 0.6921875 0.025 0.03359375
0 0.3796875 0.69453125 0.02265625 0.0265625
0 0.39375 0.71640625 0.0234375 0.028125
0 0.41640625 0.7171875 0.02109375 0.03046875
0 0.4390625 0.7328125 0.025 0.025
0 0.4578125 0.7171875 0.02421875 0.03046875
0 0.48203125 0.71875 0.02890625 0.03125
0 0.4890625 0.68359375 0.02734375 0.03203125
0 0.4265625 0.7546875 0.02265625 0.03203125
0 0.4 0.7421875 0.02578125 0.028125
0 0.434375 0.78203125 0.025 0.02734375
0 0.45234375 0.7578125 0.0265625 0.02890625
0 0.4109375 0.771875 0.02421875 0.02734375
0 0.43203125 0.81171875 0.025 0.0296875
0 0.47890625 0.77734375 0.0265625 0.0296875
0 0.41015625 0.82265625 0.02578125 0.03046875
0 0.4421875 0.1640625 0.034375 0.04140625
0 0.453125 0.31875 0.0296875 0.03671875