0 0.91171875 0.16875 0.028125 0.0296875
0 0.684375 0.10390625 0.028125 0.028125
0 0.65234375 0.09296875 0.025 0.025
0 0.73515625 0.1546875 0.0296875 0.03125
0 0.703125 0.25 0.0265625 0.03125
0 0.71015625 0.12265625 0.0265625 0.0265625
0 0.6578125 0.125 0.025 0.025
0 0.70703125 0.2203125 0.0265625 0.028125
0 0.68046875 0.15390625 0.028125 0.028125
0 0.721875 0.1734375 0.0265625 0.025
0 0.6875 0.19765625 0.0265625 0.028125
0 0.6484375 0.16640625 0.025 0.028125
0 0.76171875 0.1421875 0.028125 0.028125
0 0.734375 0.13125 0.028125 0.028125
0 0.6859375 0.1296875 0.025 0.0265625
0 0.69609375 0.1703125 0.028125 0.028125
0 0.8640625 0.2390625 0.028125 0.028125
0 0.8359375 0.3421875 0.028125 0.028125
0 0.7296875 0.21171875 0.025 0.0265625
0 0.67421875 0.178125 0.025 0.0265625
0 0.88359375 0.253125 0.028125 0.028125
0 0.64609375 0.375 0.0265625 0.025
0 0.68359375 0.225 0.025 0.028125
0 0.63359375 0.39609375 0.028125 0.025
0 0.8671875 0.296875 0.028125 0.028125
0 0.41484375 0.5546875 0.0265625 0.03125
0 0.81796875 0.3859375 0.025 0.025
0 0.70390625 0.14921875 0.028125 0.028125
0 0.86640625 0.3421875 0.0296875 0.028125
0 0.6515625 0.42421875 0.028125 0.025
0 0.690625 0.4109375 0.028125 0.028125
0 0.6125 0.41171875 0.0265625 0.025
0 0.74375 0.184375 0.0171875 0.0171875
0 0.81171875 0.4125 0.028125 0.0265625
0 0.83671875 0.30546875 0.028125 0.028125
0 0.65625 0.34921875 0.025 0.028125
0 0.85625 0.27578125 0.028125 0.0296875
0 0.85078125 0.365625 0.028125 0.028125
0 0.8203125 0.36328125 0.025 0.028125
0 0.8921875 0.2796875 0.028125 0.0296875
0 0.85703125 0.3203125 0.028125 0.028125
0 0.784375 0.421875 0.028125 0.028125
0 0.64296875 0.44609375 0.028125 0.028125
0 0.7140625 0.196875 0.028125 0.028125
0 0.81015625 0.328125 0.03125 0.0296875
0 0.728125 0.25390625 0.028125 0.028125
0 0.403125 0.82890625 0.028125 0.028125
0 0.77421875 0.26640625 0.03125 0.0296875
0 0.67109375 0.315625 0.0234375 0.028125
0 0.76328125 0.38515625 0.028125 0.0296875
0 0.79140625 0.39375 0.028125 0.028125
0 0.69609375 0.2859375 0.0296875 0.028125
0 0.67109375 0.44296875 0.0265625 0.025
0 0.70390625 0.43125 0.028125 0.028125
0 0.7640625 0.16953125 0.0296875 0.0296875
0 0.61015625 0.4390625 0.028125 0.028125
0 0.66015625 0.465625 0.028125 0.028125
0 0.5203125 0.52578125 0.0265625 0.028125
0 0.79609375 0.44375 0.028125 0.028125
0 0.7109375 0.60625 0.028125 0.028125
0 0.63125 0.46640625 0.028125 0.028125
0 0.7265625 0.45390625 0.0296875 0.03125
0 0.7 0.48046875 0.028125 0.0296875
0 0.1671875 0.66953125 0.028125 0.028125
0 0.6046875 0.4609375 0.028125 0.028125
0 0.82265625 0.4390625 0.028125 0.028125
0 0.759375 0.42265625 0.028125 0.028125
0 0.79375 0.46953125 0.028125 0.028125
0 0.578125 0.4546875 0.028125 0.028125
0 0.75390625 0.2046875 0.03125 0.0296875
0 0.77265625 0.44140625 0.028125 0.028125
0 0.7390625 0.6359375 0.028125 0.028125
0 0.721875 0.65390625 0.028125 0.025
0 0.7359375 0.31875 0.03125 0.0296875
0 0.796875 0.3640625 0.028125 0.0296875
0 0.74140625 0.56484375 0.028125 0.028125
0 0.81796875 0.46484375 0.028125 0.028125
0 0.74921875 0.66015625 0.028125 0.0296875
0 0.21328125 0.7421875 0.028125 0.028125
0 0.73828125 0.59140625 0.028125 0.028125
0 0.69609375 0.64765625 0.025 0.028125
0 0.71171875 0.63125 0.028125 0.028125
0 0.8546875 0.4171875 0.028125 0.028125
0 0.71171875 0.584375 0.028125 0.028125
0 0.5859375 0.4765625 0.025 0.028125
0 0.7953125 0.55703125 0.028125 0.028125
0 0.76171875 0.5859375 0.028125 0.028125
0 0.81015625 0.49296875 0.028125 0.028125
0 0.78359375 0.52734375 0.028125 0.028125
0 0.73046875 0.68046875 0.028125 0.028125
0 0.7640625 0.63671875 0.028125 0.028125
0 0.41953125 0.62421875 0.025 0.028125
0 0.55234375 0.73125 0.0296875 0.0296875
0 0.53125 0.740625 0.0265625 0.0265625
0 0.75625 0.51796875 0.028125 0.028125
0 0.71875 0.09765625 0.03125 0.0296875
0 0.690625 0.62265625 0.0171875 0.0171875
0 0.46796875 0.75234375 0.0265625 0.0265625
0 0.55703125 0.7078125 0.028125 0.028125
0 0.61640625 0.70390625 0.028125 0.028125
0 0.70390625 0.671875 0.0265625 0.0265625
0 0.50625 0.59140625 0.028125 0.028125
0 0.684375 0.69765625 0.028125 0.028125
0 0.78828125 0.58671875 0.028125 0.028125
0 0.621875 0.78828125 0.028125 0.028125
0 0.75546875 0.61171875 0.028125 0.028125
0 0.44921875 0.7734375 0.028125 0.028125
0 0.6703125 0.63828125 0.028125 0.028125
0 0.5953125 0.71328125 0.0265625 0.028125
0 0.69453125 0.7328125 0.028125 0.028125
0 0.77109375 0.67578125 0.028125 0.028125
0 0.73125 0.703125 0.028125 0.028125
0 0.48125 0.59921875 0.0265625 0.025
0 0.78671875 0.646875 0.028125 0.028125
0 0.74453125 0.72265625 0.0296875 0.028125
0 0.471875 0.78125 0.028125 0.028125
0 0.53359375 0.76484375 0.0265625 0.028125
0 0.75078125 0.6890625 0.028125 0.028125
0 0.5546875 0.7578125 0.028125 0.028125
0 0.74140625 0.540625 0.028125 0.028125
0 0.57890625 0.74765625 0.028125 0.028125
0 0.6375 0.684375 0.028125 0.028125
0 0.57734375 0.771875 0.028125 0.028125
0 0.675 0.66328125 0.0296875 0.028125
0 0.6 0.7953125 0.028125 0.028125
0 0.5765625 0.690625 0.028125 0.028125
0 0.49453125 0.7921875 0.028125 0.028125
0 0.48984375 0.76328125 0.028125 0.0296875
0 0.50625 0.721875 0.0265625 0.028125
0 0.5125 0.77734375 0.0234375 0.021875
0 0.640625 0.81484375 0.028125 0.028125
0 0.69453125 0.5671875 0.028125 0.0296875
0 0.60234375 0.67265625 0.028125 0.028125
0 0.71875 0.5265625 0.0296875 0.03125
0 0.72109375 0.73984375 0.028125 0.028125
0 0.7015625 0.75625 0.028125 0.028125
0 0.80859375 0.5265625 0.0296875 0.028125
0 0.67734375 0.75234375 0.028125 0.0296875
0 0.76484375 0.55625 0.028125 0.0296875
0 0.53359375 0.78828125 0.0265625 0.025
0 0.70625 0.71015625 0.028125 0.0296875
0 0.48984375 0.7390625 0.028125 0.028125
0 0.5625 0.79140625 0.0265625 0.028125
0 0.51171875 0.753125 0.028125 0.028125