0 0.38203125 0.6046875 0.021875 0.0234375
0 0.378125 0.56875 0.0234375 0.0234375
0 0.43125 0.56328125 0.01875 0.01875
0 0.44921875 0.57265625 0.021875 0.0203125
0 0.46875 0.56875 0.01875 0.01875
0 0.4890625 0.59609375 0.021875 0.021875
0 0.5015625 0.6109375 0.01875 0.0203125
0 0.5453125 0.61796875 0.021875 0.021875
0 0.55390625 0.59296875 0.0203125 0.021875
0 0.57890625 0.578125 0.0203125 0.021875
0 0.59375 0.56796875 0.01875 0.021875
0 0.57578125 0.5328125 0.01875 0.021875
0 0.559375 0.5609375 0.01875 0.021875
0 0.55703125 0.51484375 0.0203125 0.021875
0 0.54765625 0.56953125 0.01875 0.021875
0 0.553125 0.54765625 0.01875 0.01875
0 0.53984375 0.55390625 0.01875 0.0203125
0 0.50234375 0.590625 0.01875 0.01875
0 0.5125 0.56484375 0.0203125 0.01875
0 0.5 0.57578125 0.01875 0.021875
0 0.4984375 0.5578125 0.01875 0.0203125
0 0.5140625 0.54296875 0.01875 0.01875
0 0.4203125 0.540625 0.01875 0.021875
0 0.43671875 0.5328125 0.01875 0.0203125
0 0.45703125 0.52578125 0.01875 0.0203125
0 0.48515625 0.515625 0.0203125 0.021875
0 0.5015625 0.51328125 0.0203125 0.021875
0 0.515625 0.50078125 0.01875 0.0203125
0 0.5015625 0.490625 0.01875 0.01875
0 0.54453125 0.49453125 0.01875 0.021875