0 0.81796875 0.85546875 0.0453125 0.0453125
0 0.7203125 0.78671875 0.0390625 0.0421875
0 0.52265625 0.5765625 0.0390625 0.0359375
0 0.63125 0.5140625 0.0328125 0.03125
0 0.74765625 0.48125 0.03125 0.03125
0 0.7796875 0.50390625 0.0359375 0.034375
0 0.8171875 0.52890625 0.034375 0.034375
0 0.80859375 0.58125 0.0375 0.0359375
0 0.74921875 0.621875 0.0375 0.0328125
0 0.7703125 0.55 0.03125 0.03125
0 0.7421875 0.53671875 0.0328125 0.03125
0 0.71015625 0.534375 0.034375 0.0328125
0 0.69609375 0.5765625 0.034375 0.0328125
0 0.66015625 0.56953125 0.0328125 0.03125
0 0.68125 0.54609375 0.0328125 0.03125
0 0.65078125 0.534375 0.03125 0.028125
0 0.621875 0.54765625 0.034375 0.0328125
0 0.5671875 0.51796875 0.03125 0.03125
0 0.6015625 0.52109375 0.03125 0.03125
0 0.59921875 0.49453125 0.0328125 0.03125
0 0.6171875 0.46875 0.034375 0.0296875
0 0.646875 0.48125 0.0328125 0.0296875
0 0.6765625 0.5078125 0.034375 0.0328125
0 0.7171875 0.48828125 0.034375 0.0328125
0 0.71328125 0.45625 0.03125 0.0296875
0 0.68671875 0.47265625 0.034375 0.0328125
0 0.74453125 0.4546875 0.034375 0.0328125
0 0.78125 0.4421875 0.034375 0.03125
0 0.7984375 0.41953125 0.034375 0.0328125
0 0.76796875 0.41953125 0.03125 0.028125
0 0.78828125 0.3875 0.03125 0.028125
0 0.7859375 0.35 0.03125 0.028125
0 0.771875 0.3671875 0.03125 0.028125
0 0.74140625 0.37734375 0.0296875 0.028125
0 0.76171875 0.39375 0.028125 0.028125
0 0.7421875 0.409375 0.028125 0.028125
0 0.71640625 0.41875 0.03125 0.028125
0 0.6921875 0.40625 0.0328125 0.0265625
0 0.6875 0.38203125 0.03125 0.028125
0 0.71796875 0.3859375 0.03125 0.03125
0 0.7546875 0.32890625 0.028125 0.028125
0 0.71875 0.353125 0.03125 0.028125
0 0.75078125 0.3515625 0.03125 0.028125
0 0.77890625 0.32421875 0.028125 0.028125
0 0.771875 0.3015625 0.03125 0.025
0 0.728125 0.32265625 0.03125 0.028125
0 0.740625 0.29609375 0.03125 0.028125
0 0.75546875 0.24765625 0.028125 0.028125
0 0.73359375 0.271875 0.028125 0.025
0 0.71640625 0.2515625 0.028125 0.025
0 0.69921875 0.29765625 0.0296875 0.028125
0 0.709375 0.27890625 0.028125 0.025
0 0.6859375 0.278125 0.028125 0.025
0 0.67421875 0.25859375 0.0296875 0.025
0 0.68671875 0.23515625 0.028125 0.025
0 0.6609375 0.2125 0.034375 0.028125
0 0.6203125 0.21171875 0.0296875 0.0296875
0 0.671875 0.31875 0.03125 0.0296875
0 0.64921875 0.28984375 0.03125 0.0265625
0 0.64140625 0.26171875 0.03125 0.028125
0 0.64765625 0.3375 0.03125 0.028125
0 0.64453125 0.31015625 0.028125 0.0265625
0 0.62421875 0.37265625 0.03125 0.028125
0 0.62109375 0.35 0.03125 0.028125
0 0.58515625 0.41640625 0.034375 0.0296875
0 0.57734375 0.390625 0.028125 0.028125
0 0.603125 0.384375 0.028125 0.028125
0 0.59609375 0.3625 0.028125 0.025
0 0.56953125 0.36796875 0.028125 0.0265625
0 0.58125 0.3234375 0.028125 0.0234375
0 0.5796875 0.34453125 0.0296875 0.025
0 0.60703125 0.32890625 0.028125 0.028125
0 0.5984375 0.30859375 0.0296875 0.0234375
0 0.6234375 0.29609375 0.028125 0.025
0 0.6125 0.2765625 0.028125 0.025
0 0.5859375 0.28984375 0.028125 0.025
0 0.5671875 0.30546875 0.028125 0.025
0 0.55625 0.3296875 0.028125 0.025
0 0.54609375 0.35078125 0.028125 0.025
0 0.55234375 0.40234375 0.028125 0.025
0 0.54921875 0.3796875 0.028125 0.0265625
0 0.525 0.36640625 0.03125 0.03125
0 0.553125 0.4265625 0.03125 0.028125
0 0.52890625 0.4140625 0.03125 0.0265625
0 0.52734375 0.39140625 0.0296875 0.0265625
0 0.52421875 0.43671875 0.03125 0.028125
0 0.5 0.39921875 0.034375 0.0328125
0 0.4859375 0.38046875 0.03125 0.0265625
0 0.496875 0.46328125 0.03125 0.03125
0 0.496875 0.4390625 0.028125 0.025
0 0.4875 0.41796875 0.0296875 0.028125
0 0.45859375 0.40546875 0.03125 0.028125
0 0.47109375 0.446875 0.03125 0.028125
0 0.47734375 0.48984375 0.0328125 0.03125
0 0.4609375 0.46953125 0.03125 0.028125
0 0.4171875 0.47890625 0.03125 0.03125
0 0.3921875 0.471875 0.0328125 0.03125
0 0.2796875 0.6609375 0.0375 0.0359375
0 0.23671875 0.66640625 0.0359375 0.0359375