0 0.24140625 0.0390625 0.01875 0.01875
0 0.23671875 0.05859375 0.01875 0.01953125
0 0.25 0.06875 0.01796875 0.01953125
0 0.2640625 0.05390625 0.0203125 0.01796875
0 0.30234375 0.0703125 0.01953125 0.0203125
0 0.32265625 0.05859375 0.0203125 0.01875
0 0.33984375 0.08984375 0.0203125 0.0203125
0 0.37265625 0.134375 0.0203125 0.0203125
0 0.53671875 0.18046875 0.02265625 0.02265625
0 0.50703125 0.1859375 0.02421875 0.02265625
0 0.4734375 0.1859375 0.021875 0.0203125
0 0.4734375 0.1640625 0.01953125 0.02265625
0 0.446875 0.17109375 0.02265625 0.01953125
0 0.45078125 0.19296875 0.01953125 0.02109375
0 0.43125 0.20859375 0.01953125 0.021875
0 0.44921875 0.215625 0.02109375 0.01953125
0 0.4703125 0.2078125 0.021875 0.021875
0 0.45625 0.2375 0.02109375 0.02265625
0 0.47734375 0.23203125 0.0203125 0.02109375
0 0.47890625 0.2546875 0.01953125 0.02265625
0 0.5 0.24921875 0.02265625 0.0234375
0 0.53359375 0.30390625 0.0203125 0.0234375
0 0.55234375 0.3171875 0.02265625 0.025
0 0.5296875 0.334375 0.021875 0.02421875
0 0.490625 0.29140625 0.01953125 0.01875
0 0.46953125 0.290625 0.02109375 0.02109375
0 0.44609375 0.303125 0.01953125 0.021875
0 0.46484375 0.3140625 0.02109375 0.02109375
0 0.48671875 0.3125 0.02109375 0.02265625
0 0.3703125 0.24609375 0.01875 0.01953125
0 0.3875 0.2640625 0.01953125 0.02109375
0 0.384375 0.28828125 0.01953125 0.0203125
0 0.403125 0.303125 0.021875 0.02109375
0 0.3875 0.31953125 0.01953125 0.0203125
0 0.3796875 0.34140625 0.02109375 0.02109375
0 0.3765625 0.36171875 0.01953125 0.02109375
0 0.40703125 0.33125 0.01953125 0.02109375
0 0.46015625 0.41171875 0.02109375 0.0171875
0 0.45703125 0.44609375 0.0171875 0.0140625
0 0.46953125 0.34140625 0.01875 0.02265625
0 0.48671875 0.3625 0.02265625 0.02421875
0 0.559375 0.40546875 0.021875 0.025
0 0.56640625 0.43359375 0.02265625 0.02578125
0 0.56171875 0.46171875 0.02265625 0.02421875
0 0.4421875 0.421875 0.01796875 0.02578125
0 0.4609375 0.43359375 0.021875 0.02578125
0 0.49765625 0.42421875 0.02265625 0.0234375
0 0.5078125 0.45546875 0.01953125 0.02421875
0 0.490625 0.45859375 0.01328125 0.02109375
0 0.52109375 0.46328125 0.01953125 0.02109375
0 0.51484375 0.49765625 0.02421875 0.02421875
0 0.51328125 0.52421875 0.0203125 0.025
0 0.5671875 0.52890625 0.02421875 0.025
0 0.2640625 0.29921875 0.0203125 0.025
0 0.19375 0.3203125 0.01796875 0.0203125
0 0.21796875 0.33671875 0.01875 0.0203125
0 0.2 0.35078125 0.01953125 0.02265625
0 0.178125 0.3546875 0.01875 0.021875
0 0.1453125 0.3921875 0.01953125 0.0203125
0 0.18359375 0.37734375 0.0203125 0.01953125
0 0.215625 0.3734375 0.0203125 0.02109375
0 0.209375 0.39375 0.01796875 0.02109375
0 0.27109375 0.365625 0.0203125 0.02421875
0 0.296875 0.41015625 0.01875 0.02109375
0 0.321875 0.41328125 0.0203125 0.02109375
0 0.2875 0.43046875 0.01875 0.0203125
0 0.3078125 0.43203125 0.0203125 0.02421875
0 0.27890625 0.45 0.01953125 0.0234375
0 0.2703125 0.471875 0.02109375 0.02421875
0 0.29140625 0.471875 0.02109375 0.02265625
0 0.20546875 0.44375 0.01640625 0.0203125
0 0.2203125 0.4390625 0.01796875 0.01953125
0 0.2234375 0.415625 0.0140625 0.015625
0 0.23984375 0.428125 0.021875 0.0234375
0 0.234375 0.45 0.0171875 0.01875
0 0.21171875 0.46484375 0.01796875 0.021875
0 0.23125 0.46953125 0.01953125 0.021875
0 0.2453125 0.48125 0.0203125 0.01875
0 0.240625 0.50234375 0.0171875 0.021875
0 0.175 0.48671875 0.01875 0.0234375
0 0.22578125 0.49140625 0.01953125 0.01875
0 0.2421875 0.52265625 0.02109375 0.02109375
0 0.36796875 0.42109375 0.0234375 0.0234375
0 0.3671875 0.4453125 0.01953125 0.0203125
0 0.41171875 0.46015625 0.021875 0.02578125
0 0.3703125 0.46875 0.01953125 0.02265625
0 0.390625 0.47265625 0.02109375 0.02734375
0 0.36953125 0.48984375 0.02109375 0.0203125
0 0.371875 0.51171875 0.021875 0.02109375
0 0.3484375 0.53515625 0.01796875 0.02265625
0 0.36796875 0.53203125 0.0171875 0.0234375
0 0.38125 0.5390625 0.01640625 0.0234375
0 0.375 0.56484375 0.0234375 0.02578125
0 0.353125 0.5671875 0.01875 0.021875
0 0.3640625 0.58828125 0.0171875 0.025
0 0.30546875 0.51328125 0.0171875 0.02265625
0 0.26796875 0.5359375 0.0171875 0.0234375
0 0.28671875 0.52890625 0.01875 0.0203125
0 0.3 0.5453125 0.02109375 0.021875
0 0.23203125 0.53828125 0.01796875 0.0171875
0 0.25 0.5421875 0.0171875 0.021875
0 0.26015625 0.5609375 0.0171875 0.01953125
0 0.27890625 0.55546875 0.01796875 0.021875
0 0.30078125 0.58125 0.0203125 0.0234375
0 0.271875 0.57578125 0.01875 0.0203125
0 0.28359375 0.59375 0.02109375 0.0203125
0 0.30625 0.61015625 0.01953125 0.0234375
0 0.2859375 0.61484375 0.01875 0.02109375
0 0.2984375 0.6328125 0.01953125 0.02265625
0 0.26484375 0.6 0.01875 0.02265625
0 0.27734375 0.6375 0.0203125 0.021875
0 0.19140625 0.68046875 0.02578125 0.021875
0 0.15078125 0.6484375 0.021875 0.01875
0 0.1375 0.66484375 0.01875 0.01875
0 0.12109375 0.678125 0.0171875 0.02109375
0 0.1296875 0.68984375 0.01640625 0.0171875
0 0.08125 0.7109375 0.01875 0.02109375
0 0.0640625 0.6984375 0.01796875 0.0203125
0 0.08125 0.728125 0.01796875 0.015625
0 0.390625 0.60703125 0.02109375 0.02421875
0 0.5171875 0.5875 0.0203125 0.0265625
0 0.47734375 0.5890625 0.02265625 0.02421875
0 0.5 0.60625 0.0234375 0.02421875
0 0.5296875 0.61796875 0.02265625 0.02265625
0 0.53359375 0.6359375 0.0234375 0.0109375
0 0.5328125 0.6796875 0.025 0.03125
0 0.50078125 0.63828125 0.021875 0.02421875
0 0.5140625 0.66015625 0.021875 0.0265625
0 0.47109375 0.63671875 0.02421875 0.02421875
0 0.47578125 0.6609375 0.0234375 0.02421875
0 0.471875 0.68359375 0.01953125 0.02578125
0 0.48203125 0.7078125 0.021875 0.02734375
0 0.45 0.6640625 0.02265625 0.025
0 0.46015625 0.709375 0.0234375 0.025
0 0.428125 0.68359375 0.01953125 0.021875
0 0.45 0.69140625 0.021875 0.025
0 0.409375 0.66953125 0.021875 0.0265625
0 0.4265625 0.7140625 0.02109375 0.03046875
0 0.37890625 0.75546875 0.01953125 0.025
0 0.39453125 0.73828125 0.02265625 0.0296875
0 0.24375 0.7515625 0.021875 0.025
0 0.25703125 0.7796875 0.02109375 0.025
0 0.38828125 0.87890625 0.02421875 0.03046875