0 0.584375 0.21015625 0.0296875 0.0296875
0 0.3984375 0.15859375 0.034375 0.034375
0 0.36640625 0.209375 0.0296875 0.0296875
0 0.078125 0.4078125 0.0234375 0.0265625
0 0.0796875 0.3734375 0.025 0.0296875
0 0.07421875 0.44609375 0.025 0.0265625
0 0.121875 0.42265625 0.0234375 0.0265625
0 0.13515625 0.36484375 0.0265625 0.0265625
0 0.11484375 0.3453125 0.025 0.0296875
0 0.16015625 0.35 0.0265625 0.0265625
0 0.1375 0.328125 0.0265625 0.0265625
0 0.1671875 0.32578125 0.025 0.0265625
0 0.190625 0.35546875 0.0265625 0.028125
0 0.19375 0.32734375 0.025 0.028125
0 0.2296875 0.3328125 0.0265625 0.0265625
0 0.2140625 0.3515625 0.0265625 0.0265625
0 0.2234375 0.378125 0.028125 0.028125
0 0.2421875 0.359375 0.0296875 0.028125
0 0.2703125 0.37421875 0.0265625 0.0265625
0 0.26640625 0.346875 0.0265625 0.0265625
0 0.25234375 0.39765625 0.0265625 0.0265625
0 0.1828125 0.39609375 0.0265625 0.0265625
0 0.16015625 0.3890625 0.0265625 0.028125
0 0.14921875 0.41171875 0.0265625 0.0265625
0 0.159375 0.43671875 0.0296875 0.028125
0 0.1328125 0.45859375 0.025 0.0265625
0 0.1703125 0.48671875 0.0265625 0.0265625
0 0.17734375 0.509375 0.028125 0.025
0 0.24453125 0.50859375 0.0265625 0.0265625
0 0.22265625 0.51953125 0.0265625 0.0265625
0 0.2015625 0.425 0.0296875 0.028125
0 0.25 0.42578125 0.028125 0.0296875
0 0.2265625 0.41796875 0.0234375 0.028125
0 0.275 0.42421875 0.0234375 0.0265625
0 0.29375 0.4515625 0.0265625 0.0265625
0 0.2984375 0.41796875 0.025 0.0265625
0 0.28203125 0.396875 0.0265625 0.0265625
0 0.32265625 0.4109375 0.0265625 0.025
0 0.30703125 0.3890625 0.028125 0.025
0 0.29296875 0.365625 0.028125 0.0265625
0 0.334375 0.46484375 0.0265625 0.028125
0 0.33828125 0.42734375 0.0265625 0.0265625
0 0.3640625 0.434375 0.0265625 0.0265625
0 0.33828125 0.38984375 0.0265625 0.0265625
0 0.37421875 0.40703125 0.0265625 0.0265625
0 0.3671875 0.384375 0.0265625 0.025
0 0.39609375 0.39609375 0.0265625 0.0265625
0 0.371875 0.353125 0.0265625 0.0265625
0 0.40625 0.3671875 0.0265625 0.0265625
0 0.42890625 0.4 0.0265625 0.0265625
0 0.39921875 0.4359375 0.0265625 0.0265625
0 0.38203125 0.459375 0.028125 0.0265625
0 0.42421875 0.44453125 0.0265625 0.0265625
0 0.3984375 0.48984375 0.0265625 0.0265625
0 0.3640625 0.51328125 0.0265625 0.0265625
0 0.3453125 0.540625 0.028125 0.0265625
0 0.328125 0.525 0.028125 0.0265625
0 0.296875 0.54453125 0.0265625 0.0265625
0 0.31796875 0.55625 0.0265625 0.0265625
0 0.3421875 0.56953125 0.028125 0.0296875
0 0.36875 0.578125 0.0265625 0.0265625
0 0.39140625 0.59296875 0.028125 0.0265625
0 0.4265625 0.51640625 0.0296875 0.028125
0 0.459375 0.54453125 0.0265625 0.028125
0 0.4609375 0.49609375 0.0265625 0.0265625
0 0.43828125 0.4890625 0.0265625 0.0265625
0 0.496875 0.50234375 0.028125 0.0296875
0 0.48203125 0.475 0.0296875 0.028125
0 0.48203125 0.44765625 0.028125 0.0265625
0 0.46484375 0.42578125 0.028125 0.0234375
0 0.46328125 0.3796875 0.0296875 0.028125
0 0.515625 0.37578125 0.028125 0.0265625
0 0.5 0.35625 0.0265625 0.0265625
0 0.5359375 0.39140625 0.028125 0.0296875
0 0.50859375 0.4203125 0.028125 0.0265625
0 0.5171875 0.4484375 0.0265625 0.0265625
0 0.5515625 0.4421875 0.0265625 0.0265625
0 0.53125 0.42734375 0.025 0.0265625
0 0.575 0.42109375 0.0265625 0.0265625
0 0.553125 0.4109375 0.0265625 0.0265625
0 0.53515625 0.465625 0.0265625 0.0265625
0 0.5546875 0.4828125 0.025 0.0265625
0 0.5796875 0.490625 0.028125 0.0296875
0 0.57421875 0.44609375 0.0265625 0.0265625
0 0.60078125 0.4515625 0.0265625 0.0265625
0 0.60078125 0.41953125 0.0265625 0.0265625
0 0.59921875 0.3875 0.03125 0.03125
0 0.58046875 0.36640625 0.028125 0.028125
0 0.62421875 0.3953125 0.0265625 0.0265625
0 0.66484375 0.39921875 0.0296875 0.028125
0 0.64765625 0.38125 0.025 0.0265625
0 0.653125 0.42109375 0.0265625 0.0265625
0 0.6234375 0.42890625 0.0265625 0.0265625
0 0.6265625 0.45546875 0.0265625 0.0265625
0 0.61015625 0.47421875 0.0265625 0.0265625
0 0.6515625 0.45859375 0.028125 0.0265625
0 0.63515625 0.47890625 0.0265625 0.0265625
0 0.6625 0.48046875 0.0265625 0.0265625
0 0.68046875 0.453125 0.028125 0.028125
0 0.67890625 0.4203125 0.0265625 0.0265625
0 0.71484375 0.40703125 0.028125 0.0265625
0 0.69140625 0.39375 0.0265625 0.0265625
0 0.70234375 0.428125 0.0265625 0.025
0 0.7078125 0.453125 0.0265625 0.025
0 0.7265625 0.43515625 0.0265625 0.0265625
0 0.68515625 0.4953125 0.0265625 0.0265625
0 0.71484375 0.5015625 0.0296875 0.0296875
0 0.74609375 0.45 0.0265625 0.0265625
0 0.75859375 0.4140625 0.0265625 0.0265625
0 0.76953125 0.4375 0.028125 0.0265625
0 0.77421875 0.4609375 0.0265625 0.0265625
0 0.75078125 0.4828125 0.0265625 0.0265625
0 0.77578125 0.49609375 0.03125 0.03125
0 0.7984375 0.478125 0.0265625 0.0265625
0 0.803125 0.453125 0.028125 0.0265625
0 0.7953125 0.42890625 0.0265625 0.0265625
0 0.81171875 0.40703125 0.03125 0.03125
0 0.83125 0.44609375 0.028125 0.028125
0 0.82578125 0.4734375 0.0296875 0.028125
0 0.834375 0.49921875 0.028125 0.028125
0 0.803125 0.50390625 0.0296875 0.0296875
0 0.88671875 0.4703125 0.03125 0.03125
0 0.91875 0.475 0.0296875 0.0296875
0 0.78359375 0.54921875 0.0296875 0.028125
0 0.74609375 0.56875 0.03125 0.03125
0 0.71953125 0.5515625 0.0265625 0.0265625
0 0.6890625 0.5421875 0.028125 0.028125
0 0.66015625 0.5546875 0.0265625 0.0265625
0 0.6375 0.52421875 0.03125 0.028125
0 0.60234375 0.534375 0.0296875 0.0296875
0 0.5796875 0.51953125 0.0296875 0.028125
0 0.1859375 0.578125 0.0296875 0.0296875
0 0.13359375 0.59296875 0.028125 0.0265625
0 0.24453125 0.6359375 0.03125 0.03125
0 0.2125 0.6609375 0.0265625 0.028125
0 0.4203125 0.6734375 0.0296875 0.0296875
0 0.39140625 0.68828125 0.0296875 0.028125
0 0.49765625 0.74375 0.028125 0.03125
0 0.43515625 0.77734375 0.0296875 0.03125
0 0.5234375 0.75078125 0.028125 0.0296875
0 0.47421875 0.796875 0.03125 0.03125
0 0.50390625 0.81015625 0.028125 0.0328125
0 0.534375 0.8171875 0.03125 0.03125
0 0.70078125 0.715625 0.0328125 0.03125