0 0.7328125 0.56484375 0.0171875 0.0171875
0 0.71875 0.5578125 0.01875 0.0171875
0 0.71953125 0.50625 0.021875 0.01875
0 0.71328125 0.47265625 0.0203125 0.01875
0 0.6890625 0.47890625 0.01875 0.0171875
0 0.70703125 0.45078125 0.021875 0.01875
0 0.68828125 0.4375 0.0234375 0.0203125
0 0.6828125 0.565625 0.01875 0.01875
0 0.66171875 0.56328125 0.0203125 0.01875
0 0.6640625 0.540625 0.0203125 0.021875
0 0.6625 0.50859375 0.01875 0.0203125
0 0.66953125 0.5796875 0.01875 0.01875
0 0.66171875 0.59296875 0.021875 0.0203125
0 0.6640625 0.4203125 0.0203125 0.01875
0 0.63984375 0.4234375 0.0203125 0.01875
0 0.64453125 0.3921875 0.021875 0.0203125
0 0.63203125 0.3609375 0.01875 0.0203125
0 0.63359375 0.4625 0.021875 0.01875
0 0.61015625 0.4484375 0.01875 0.01875
0 0.6140625 0.51171875 0.01875 0.01875
0 0.6 0.49140625 0.021875 0.021875
0 0.6109375 0.5953125 0.021875 0.0203125
0 0.58359375 0.56328125 0.021875 0.0203125
0 0.59140625 0.6 0.021875 0.01875
0 0.5671875 0.58671875 0.021875 0.01875
0 0.56640625 0.56953125 0.0203125 0.0203125
0 0.52734375 0.57109375 0.01875 0.01875
0 0.5328125 0.534375 0.01875 0.01875
0 0.54140625 0.51640625 0.01875 0.0171875
0 0.57109375 0.49765625 0.01875 0.01875
0 0.546875 0.53203125 0.01875 0.01875
0 0.56796875 0.4828125 0.01875 0.0171875
0 0.58359375 0.46640625 0.01875 0.01875
0 0.56875 0.46796875 0.01875 0.015625
0 0.5515625 0.49140625 0.0203125 0.01875
0 0.55390625 0.4734375 0.021875 0.01875
0 0.5578125 0.453125 0.021875 0.01875
0 0.5734375 0.44921875 0.015625 0.01875
0 0.5765625 0.43671875 0.01875 0.01875
0 0.5875 0.42734375 0.0203125 0.01875
0 0.57265625 0.4140625 0.01875 0.01875
0 0.5890625 0.41328125 0.0203125 0.015625
0 0.584375 0.39921875 0.0203125 0.01875
0 0.565625 0.390625 0.0171875 0.0171875
0 0.5625 0.43828125 0.01875 0.0171875
0 0.5546875 0.4265625 0.0171875 0.015625
0 0.5421875 0.4203125 0.0171875 0.015625
0 0.54765625 0.40859375 0.0171875 0.0171875
0 0.5515625 0.3890625 0.01875 0.01875
0 0.54296875 0.36640625 0.01875 0.01875
0 0.5984375 0.36328125 0.01875 0.021875
0 0.59921875 0.31640625 0.01875 0.015625
0 0.5375 0.396875 0.0171875 0.01875
0 0.51796875 0.34375 0.01875 0.01875
0 0.5421875 0.44609375 0.01875 0.0171875
0 0.53125 0.4328125 0.0171875 0.015625
0 0.5265625 0.41953125 0.01875 0.01875
0 0.51484375 0.4125 0.0171875 0.01875
0 0.5171875 0.43125 0.01875 0.0171875
0 0.528125 0.446875 0.015625 0.0171875
0 0.5140625 0.44609375 0.01875 0.015625
0 0.5234375 0.46015625 0.01875 0.0171875
0 0.53515625 0.47109375 0.0203125 0.0171875
0 0.51015625 0.46328125 0.01875 0.015625
0 0.4953125 0.4515625 0.015625 0.01875
0 0.496875 0.4671875 0.0140625 0.0140625
0 0.484375 0.46796875 0.01875 0.015625
0 0.5015625 0.48125 0.015625 0.015625
0 0.5140625 0.48515625 0.01875 0.01875
0 0.4953125 0.49609375 0.01875 0.01875
0 0.51015625 0.51015625 0.01875 0.01875
0 0.51171875 0.52890625 0.0203125 0.015625
0 0.5078125 0.5453125 0.0171875 0.015625
0 0.4953125 0.54609375 0.01875 0.015625
0 0.509375 0.56640625 0.01875 0.0171875
0 0.47578125 0.55390625 0.01875 0.0171875
0 0.475 0.53828125 0.015625 0.015625
0 0.475 0.51796875 0.015625 0.015625
0 0.46171875 0.5140625 0.01875 0.015625
0 0.46484375 0.52734375 0.015625 0.015625
0 0.45390625 0.53359375 0.015625 0.015625
0 0.43984375 0.53984375 0.015625 0.0171875
0 0.440625 0.5265625 0.0171875 0.015625
0 0.4421875 0.51328125 0.015625 0.015625
0 0.44609375 0.50078125 0.01875 0.01875
0 0.45390625 0.4890625 0.0203125 0.01875
0 0.43359375 0.48984375 0.01875 0.0171875
0 0.43203125 0.50390625 0.0171875 0.015625
0 0.42578125 0.53203125 0.0171875 0.0171875
0 0.41171875 0.5171875 0.0171875 0.01875
0 0.41484375 0.5015625 0.0171875 0.015625
0 0.4109375 0.48125 0.0171875 0.0203125
0 0.41640625 0.4625 0.01875 0.01875
0 0.42578125 0.44609375 0.01875 0.01875
0 0.40078125 0.459375 0.01875 0.01875
0 0.40078125 0.44375 0.01875 0.0203125
0 0.39609375 0.47265625 0.01875 0.015625
0 0.38359375 0.46640625 0.015625 0.01875
0 0.3734375 0.4484375 0.01875 0.01875