0 0.65546875 0.59140625 0.021875 0.021875
0 0.6390625 0.6046875 0.021875 0.021875
0 0.6453125 0.6234375 0.021875 0.021875
0 0.63671875 0.58671875 0.0234375 0.021875
0 0.6359375 0.56796875 0.021875 0.0203125
0 0.61796875 0.5640625 0.021875 0.021875
0 0.61953125 0.5828125 0.021875 0.0203125
0 0.621875 0.60078125 0.021875 0.021875
0 0.625 0.62109375 0.021875 0.021875
0 0.60703125 0.63203125 0.0203125 0.01875
0 0.60390625 0.59609375 0.0203125 0.021875
0 0.60859375 0.6140625 0.0171875 0.0171875
0 0.61015625 0.5484375 0.0203125 0.021875
0 0.59609375 0.559375 0.021875 0.021875
0 0.60078125 0.578125 0.01875 0.01875
0 0.5859375 0.58984375 0.01875 0.01875
0 0.590625 0.6125 0.0203125 0.021875
0 0.58828125 0.6296875 0.021875 0.021875
0 0.56953125 0.6375 0.0203125 0.021875
0 0.5734375 0.6203125 0.01875 0.01875
0 0.575 0.603125 0.0203125 0.01875
0 0.58359375 0.571875 0.01875 0.01875
0 0.565625 0.58671875 0.0203125 0.0203125
0 0.578125 0.5546875 0.0203125 0.01875
0 0.56640625 0.5671875 0.0171875 0.0171875
0 0.56875 0.53828125 0.021875 0.021875
0 0.55703125 0.55078125 0.01875 0.0203125
0 0.55078125 0.56953125 0.01875 0.01875
0 0.55625 0.6015625 0.01875 0.01875
0 0.55546875 0.61953125 0.01875 0.01875
0 0.5484375 0.58671875 0.0203125 0.0203125
0 0.53984375 0.603125 0.01875 0.01875
0 0.5453125 0.634375 0.01875 0.01875
0 0.5359375 0.61875 0.01875 0.01875
0 0.52421875 0.60703125 0.0171875 0.0171875
0 0.53046875 0.5875 0.0171875 0.0171875
0 0.5328125 0.57109375 0.0203125 0.021875
0 0.5171875 0.5578125 0.01875 0.01875
0 0.5390625 0.553125 0.021875 0.021875
0 0.52578125 0.54296875 0.01875 0.01875
0 0.51640625 0.575 0.01875 0.01875
0 0.5109375 0.5375 0.0203125 0.021875
0 0.49765625 0.54765625 0.0171875 0.015625
0 0.503125 0.5640625 0.0171875 0.0171875
0 0.49375 0.5296875 0.0203125 0.01875
0 0.48125 0.546875 0.0171875 0.0171875
0 0.48828125 0.56484375 0.01875 0.0203125
0 0.49765625 0.58203125 0.0171875 0.0171875
0 0.5109375 0.59296875 0.0203125 0.021875
0 0.50859375 0.61015625 0.0171875 0.0171875
0 0.51953125 0.6234375 0.0203125 0.021875
0 0.5015625 0.6265625 0.021875 0.021875
0 0.49453125 0.5984375 0.0171875 0.0171875
0 0.47734375 0.60078125 0.0203125 0.0203125
0 0.4734375 0.61796875 0.0171875 0.0171875
0 0.4828125 0.58046875 0.01875 0.0203125
0 0.46796875 0.5875 0.01875 0.01875
0 0.45859375 0.60390625 0.0203125 0.021875
0 0.46171875 0.571875 0.01875 0.01875
0 0.4609375 0.54609375 0.01875 0.0203125
0 0.47265625 0.559375 0.01875 0.01875
0 0.47109375 0.53359375 0.01875 0.01875
0 0.48125 0.51796875 0.0203125 0.0203125
0 0.465625 0.5171875 0.01875 0.0203125
0 0.453125 0.528125 0.01875 0.01875
0 0.43828125 0.53828125 0.0171875 0.0171875
0 0.44765625 0.56015625 0.0171875 0.0171875
0 0.45 0.58671875 0.01875 0.01875
0 0.4296875 0.57421875 0.0171875 0.0171875
0 0.4296875 0.55546875 0.0171875 0.0171875
0 0.41953125 0.53671875 0.0171875 0.0171875
0 0.421875 0.5 0.01875 0.01875
0 0.4234375 0.51953125 0.0171875 0.0171875
0 0.40703125 0.52265625 0.0171875 0.0171875
0 0.39609375 0.5015625 0.0171875 0.0171875
0 0.4015625 0.4796875 0.01875 0.0203125
0 0.3875 0.4859375 0.01875 0.01875
0 0.378125 0.4984375 0.01875 0.01875
0 0.38671875 0.5140625 0.0171875 0.0171875
0 0.371875 0.51484375 0.01875 0.01875
0 0.3640625 0.49609375 0.01875 0.0203125
0 0.39453125 0.53125 0.0171875 0.0171875
0 0.40234375 0.5453125 0.01875 0.0203125
0 0.4125 0.56171875 0.0171875 0.0171875
0 0.4109375 0.58125 0.01875 0.0203125
0 0.396875 0.56484375 0.0171875 0.0171875
0 0.3875 0.55 0.0171875 0.0171875
0 0.38046875 0.534375 0.01875 0.01875
0 0.36640625 0.54453125 0.0171875 0.0171875
0 0.37734375 0.5609375 0.01875 0.0203125
0 0.3859375 0.57421875 0.0171875 0.0171875
0 0.39375 0.59375 0.0171875 0.0171875
0 0.37734375 0.58828125 0.0171875 0.0171875
0 0.36875 0.5734375 0.015625 0.0171875
0 0.35859375 0.559375 0.0171875 0.0171875
0 0.3546875 0.5203125 0.0171875 0.0171875
0 0.3421875 0.5296875 0.0171875 0.0171875
0 0.3515625 0.54375 0.0171875 0.0171875
0 0.33046875 0.54375 0.0171875 0.0171875
0 0.34140625 0.565625 0.015625 0.0171875
0 0.35078125 0.578125 0.0171875 0.0171875
0 0.35390625 0.5953125 0.015625 0.0171875
0 0.3671875 0.59921875 0.015625 0.0171875
0 0.38125 0.60390625 0.0171875 0.0171875
0 0.371875 0.625 0.0171875 0.0171875
0 0.35625 0.62578125 0.01875 0.0203125
0 0.35625 0.64296875 0.0203125 0.01875
0 0.34296875 0.6328125 0.021875 0.021875
0 0.32578125 0.62265625 0.0171875 0.0171875
0 0.33984375 0.60078125 0.01875 0.01875
0 0.32578125 0.6015625 0.0171875 0.01875
0 0.3109375 0.6046875 0.0171875 0.0171875
0 0.309375 0.62109375 0.01875 0.01875
0 0.29453125 0.61875 0.015625 0.0171875
0 0.3109375 0.5875 0.0171875 0.0171875
0 0.296875 0.60234375 0.0171875 0.0171875
0 0.28046875 0.596875 0.01875 0.01875
0 0.2828125 0.57265625 0.01875 0.0203125
0 0.309375 0.55390625 0.0171875 0.0203125
0 0.321875 0.56328125 0.01875 0.0203125
0 0.2515625 0.5328125 0.01875 0.0203125
0 0.25 0.56171875 0.01875 0.0203125
0 0.25234375 0.59375 0.0203125 0.0203125
0 0.2359375 0.57109375 0.01875 0.0203125
0 0.23125 0.534375 0.0203125 0.021875
0 0.22109375 0.55078125 0.01875 0.01875
0 0.2109375 0.5359375 0.0171875 0.0171875
0 0.21796875 0.59921875 0.01875 0.0203125
0 0.25703125 0.4453125 0.015625 0.0171875
0 0.25078125 0.4265625 0.0171875 0.0171875
0 0.2515625 0.45859375 0.0171875 0.0171875
0 0.23828125 0.46015625 0.015625 0.01875
0 0.2265625 0.471875 0.015625 0.0171875
0 0.24296875 0.44453125 0.015625 0.0171875
0 0.23046875 0.43125 0.015625 0.0171875
0 0.2265625 0.44921875 0.0171875 0.0203125
0 0.21640625 0.459375 0.01875 0.0203125
0 0.20859375 0.478125 0.0171875 0.021875
0 0.19609375 0.48046875 0.0171875 0.0203125
0 0.20390625 0.45 0.0140625 0.0171875
0 0.190625 0.4515625 0.0171875 0.0203125
0 0.19296875 0.43203125 0.015625 0.0171875
0 0.2171875 0.43515625 0.015625 0.01875
0 0.20625 0.425 0.01875 0.0203125