0 0.44140625 0.21328125 0.01171875 0.0109375
0 0.4546875 0.2765625 0.01015625 0.01015625
0 0.48828125 0.2546875 0.0109375 0.0109375
0 0.49140625 0.21640625 0.0125 0.01328125
0 0.4421875 0.24765625 0.01015625 0.009375
0 0.47890625 0.2234375 0.0125 0.01328125
0 0.4890625 0.23515625 0.01328125 0.0125
0 0.46171875 0.2359375 0.0109375 0.0109375
0 0.5734375 0.21484375 0.0125 0.01328125
0 0.43671875 0.27265625 0.0125 0.0125
0 0.46640625 0.25 0.01328125 0.0125
0 0.43046875 0.2875 0.0125 0.0125
0 0.5765625 0.22734375 0.01171875 0.0125
0 0.45703125 0.3140625 0.0125 0.0125
0 0.5484375 0.2328125 0.0125 0.01328125
0 0.5375 0.240625 0.0125 0.0125
0 0.55390625 0.27265625 0.01015625 0.01015625
0 0.47890625 0.33671875 0.0125 0.0125
0 0.5359375 0.21015625 0.01171875 0.0109375
0 0.41328125 0.309375 0.0125 0.0125
0 0.428125 0.32421875 0.01328125 0.01171875
0 0.5671875 0.26953125 0.01015625 0.01015625
0 0.43984375 0.30078125 0.01328125 0.0125
0 0.415625 0.29609375 0.0125 0.0125
0 0.47109375 0.325 0.0125 0.0125
0 0.559375 0.21015625 0.01328125 0.0125
0 0.4671875 0.3421875 0.0125 0.0125
0 0.4421875 0.33671875 0.0125 0.0125
0 0.45234375 0.33046875 0.01171875 0.0125
0 0.5671875 0.2375 0.0125 0.0125
0 0.465625 0.35390625 0.0125 0.0125
0 0.46484375 0.30390625 0.01328125 0.0125
0 0.53671875 0.22265625 0.0125 0.0125
0 0.42890625 0.31171875 0.0125 0.01328125
0 0.47109375 0.36640625 0.0125 0.0125
0 0.465625 0.39921875 0.0125 0.01171875
0 0.46796875 0.425 0.0125 0.0125
0 0.43515625 0.3859375 0.01171875 0.01171875
0 0.4625 0.41328125 0.0125 0.0125
0 0.43671875 0.4265625 0.0125 0.0125
0 0.45625 0.34609375 0.01171875 0.0125
0 0.5671875 0.25 0.01171875 0.01171875
0 0.4046875 0.321875 0.0125 0.01171875
0 0.55625 0.26015625 0.0125 0.01328125
0 0.50078125 0.35859375 0.01328125 0.0125
0 0.428125 0.3703125 0.0125 0.0125
0 0.4515625 0.4046875 0.0125 0.0125
0 0.47109375 0.4484375 0.01171875 0.01171875
0 0.4609375 0.3828125 0.01171875 0.0109375
0 0.50703125 0.390625 0.01171875 0.0125
0 0.4625 0.45625 0.01171875 0.0109375
0 0.48984375 0.4046875 0.0125 0.0125
0 0.49296875 0.38359375 0.0125 0.01171875
0 0.48515625 0.346875 0.01171875 0.01171875
0 0.54453125 0.265625 0.0125 0.01171875
0 0.55625 0.24453125 0.0125 0.0125
0 0.4375 0.4015625 0.0125 0.0125
0 0.4265625 0.41640625 0.0125 0.01171875
0 0.47265625 0.4359375 0.0125 0.01328125
0 0.41484375 0.4203125 0.0125 0.0125
0 0.44609375 0.41796875 0.0125 0.0125
0 0.45546875 0.4671875 0.0125 0.0125
0 0.43125 0.33671875 0.0125 0.01171875
0 0.44921875 0.4765625 0.0125 0.0125
0 0.428125 0.30078125 0.0125 0.0125
0 0.4546875 0.4296875 0.0125 0.01171875
0 0.48515625 0.36171875 0.0125 0.01171875
0 0.42265625 0.55078125 0.01171875 0.01171875
0 0.4484375 0.50859375 0.0125 0.0125
0 0.47578125 0.390625 0.01171875 0.01171875
0 0.3875 0.48203125 0.0125 0.0125
0 0.42578125 0.5390625 0.0125 0.01171875
0 0.3828125 0.4984375 0.0125 0.0125
0 0.4390625 0.5375 0.01171875 0.01171875
0 0.3953125 0.4515625 0.0125 0.0125
0 0.41953125 0.28203125 0.0125 0.0125
0 0.40625 0.56171875 0.01171875 0.01171875
0 0.5046875 0.37890625 0.01171875 0.01171875
0 0.44453125 0.3515625 0.0125 0.01328125
0 0.4203125 0.35859375 0.0125 0.01171875
0 0.39453125 0.33203125 0.01171875 0.0125
0 0.40390625 0.43046875 0.0125 0.0125
0 0.44921875 0.3875 0.01171875 0.01171875
0 0.38671875 0.5515625 0.01171875 0.01171875
0 0.4578125 0.37109375 0.01171875 0.01171875
0 0.384375 0.52578125 0.01171875 0.01171875
0 0.39609375 0.46484375 0.0125 0.0125
0 0.40703125 0.3359375 0.0125 0.0140625
0 0.440625 0.4984375 0.009375 0.01171875
0 0.40703125 0.34765625 0.0109375 0.01171875
0 0.55703125 0.22265625 0.01171875 0.0109375
0 0.41484375 0.43671875 0.0125 0.0125
0 0.4390625 0.44609375 0.01328125 0.01328125
0 0.440625 0.48203125 0.0125 0.01171875
0 0.3921875 0.5015625 0.01484375 0.01328125
0 0.44140625 0.36640625 0.01171875 0.01328125
0 0.43671875 0.515625 0.01171875 0.0109375
0 0.40390625 0.45703125 0.0125 0.01171875
0 0.4265625 0.44296875 0.0125 0.0140625
0 0.4265625 0.453125 0.01015625 0.01171875
0 0.4765625 0.40234375 0.01171875 0.0109375
0 0.4296875 0.5046875 0.01171875 0.0125
0 0.43125 0.52578125 0.0125 0.01171875
0 0.396875 0.4765625 0.0109375 0.01171875
0 0.43984375 0.4703125 0.0109375 0.01171875
0 0.39765625 0.5171875 0.01171875 0.0125
0 0.4609375 0.44140625 0.01328125 0.01328125
0 0.41640625 0.5015625 0.01171875 0.01015625
0 0.4109375 0.55 0.0125 0.0109375
0 0.40078125 0.55078125 0.0109375 0.01171875
0 0.4515625 0.44453125 0.0125 0.01328125
0 0.3890625 0.5390625 0.01171875 0.01171875
0 0.54375 0.25234375 0.0125 0.01328125
0 0.403125 0.53828125 0.01015625 0.01171875
0 0.3953125 0.528125 0.01015625 0.01015625
0 0.41484375 0.5390625 0.01171875 0.01171875
0 0.40703125 0.52734375 0.0109375 0.01171875
0 0.3859375 0.51328125 0.0109375 0.01171875
0 0.4125 0.515625 0.01015625 0.0109375
0 0.425 0.5171875 0.01171875 0.01171875
0 0.41875 0.5265625 0.0109375 0.0109375
0 0.40546875 0.50546875 0.0109375 0.01171875
0 0.4078125 0.49453125 0.01171875 0.0109375
0 0.39609375 0.490625 0.0109375 0.009375
0 0.41796875 0.4890625 0.01171875 0.0109375
0 0.409375 0.48203125 0.01171875 0.01171875
0 0.4296875 0.49296875 0.01171875 0.0109375
0 0.43046875 0.4796875 0.01171875 0.01171875
0 0.41875 0.4765625 0.0109375 0.0109375
0 0.4078125 0.46875 0.01171875 0.0109375
0 0.41640625 0.4609375 0.01171875 0.0109375
0 0.428125 0.46796875 0.0109375 0.0109375
0 0.4375 0.45859375 0.0109375 0.01015625
0 0.44921875 0.45703125 0.0109375 0.01171875
0 0.41484375 0.4484375 0.0109375 0.01171875
0 0.4234375 0.4296875 0.0109375 0.01171875
0 0.44296875 0.4359375 0.0125 0.0125
0 0.47109375 0.378125 0.01171875 0.0109375
0 0.44765625 0.3765625 0.0125 0.0109375
0 0.484375 0.37421875 0.0109375 0.0125
0 0.49609375 0.36953125 0.0125 0.0125
0 0.4515625 0.3609375 0.01328125 0.01328125
0 0.4328125 0.35625 0.01171875 0.01328125
0 0.425 0.346875 0.01171875 0.01171875