0 0.37578125 0.76015625 0.0140625 0.01484375
0 0.36640625 0.75 0.01328125 0.0140625
0 0.40078125 0.76171875 0.01328125 0.015625
0 0.40078125 0.74453125 0.0140625 0.0171875
0 0.353125 0.7375 0.0125 0.01484375
0 0.35546875 0.71953125 0.01484375 0.015625
0 0.440625 0.76171875 0.0125 0.015625
0 0.4265625 0.7578125 0.01484375 0.01484375
0 0.446875 0.7484375 0.01484375 0.01484375
0 0.46171875 0.7390625 0.0140625 0.01484375
0 0.4515625 0.73359375 0.01328125 0.01484375
0 0.4765625 0.740625 0.01484375 0.01484375
0 0.46171875 0.72421875 0.0140625 0.015625
0 0.44375 0.72109375 0.0140625 0.015625
0 0.47421875 0.72421875 0.01328125 0.01484375
0 0.4546875 0.7125 0.01328125 0.0140625
0 0.490625 0.72265625 0.01484375 0.01484375
0 0.47109375 0.709375 0.0140625 0.01484375
0 0.45625 0.6984375 0.01484375 0.015625
0 0.4859375 0.709375 0.01484375 0.01484375
0 0.46640625 0.68984375 0.01328125 0.015625
0 0.50078125 0.70703125 0.015625 0.01484375
0 0.5015625 0.69375 0.0140625 0.0140625
0 0.5203125 0.6984375 0.0140625 0.01640625
0 0.51015625 0.67890625 0.0140625 0.01640625
0 0.49140625 0.675 0.01328125 0.01484375
0 0.4984375 0.66328125 0.01328125 0.01328125
0 0.47265625 0.6765625 0.01328125 0.0140625
0 0.48125 0.6671875 0.01484375 0.0140625
0 0.48828125 0.65625 0.01328125 0.0140625
0 0.4671875 0.659375 0.0140625 0.0140625
0 0.47734375 0.6484375 0.0140625 0.01328125
0 0.45546875 0.66796875 0.01484375 0.015625
0 0.4484375 0.678125 0.0140625 0.0140625
0 0.4625 0.64765625 0.01328125 0.0140625
0 0.43046875 0.69375 0.01328125 0.01484375
0 0.4359375 0.68046875 0.0125 0.0140625
0 0.43984375 0.66796875 0.01328125 0.0140625
0 0.446875 0.65625 0.0125 0.01328125
0 0.44921875 0.64375 0.0125 0.0140625
0 0.425 0.675 0.01328125 0.0140625
0 0.4265625 0.659375 0.0140625 0.015625
0 0.40703125 0.6546875 0.015625 0.015625
0 0.39296875 0.6546875 0.01484375 0.015625
0 0.40078125 0.64375 0.01328125 0.01328125
0 0.38671875 0.69453125 0.0140625 0.015625
0 0.36875 0.69140625 0.01328125 0.01484375
0 0.3828125 0.6828125 0.01328125 0.0140625
0 0.3703125 0.678125 0.01171875 0.01484375
0 0.38359375 0.66953125 0.01484375 0.0140625
0 0.371875 0.66328125 0.0125 0.0140625
0 0.38125 0.65078125 0.0140625 0.0140625
0 0.38046875 0.63046875 0.0140625 0.0140625
0 0.31875 0.68671875 0.01640625 0.01484375
0 0.3328125 0.68125 0.01328125 0.0140625
0 0.346875 0.678125 0.0140625 0.01484375
0 0.33515625 0.66640625 0.0140625 0.01484375
0 0.35 0.65234375 0.01484375 0.01484375
0 0.33046875 0.6484375 0.0140625 0.01484375
0 0.31640625 0.63828125 0.0140625 0.01484375
0 0.35 0.63515625 0.0140625 0.0140625
0 0.359375 0.62578125 0.01484375 0.0140625
0 0.33671875 0.62578125 0.0140625 0.0140625
0 0.53359375 0.68203125 0.01484375 0.015625
0 0.54921875 0.67734375 0.0140625 0.01484375
0 0.52890625 0.66875 0.01640625 0.015625
0 0.5609375 0.6546875 0.0140625 0.01484375
0 0.5703125 0.6234375 0.0140625 0.015625
0 0.5625 0.59921875 0.01328125 0.0140625
0 0.54296875 0.596875 0.01328125 0.01484375
0 0.5546875 0.58671875 0.0140625 0.0140625
0 0.53515625 0.5859375 0.01328125 0.015625
0 0.56015625 0.575 0.01484375 0.01484375
0 0.5453125 0.578125 0.0125 0.015625
0 0.56484375 0.56171875 0.01484375 0.01484375
0 0.49453125 0.61953125 0.01328125 0.015625
0 0.478125 0.62265625 0.0140625 0.01484375
0 0.4796875 0.60859375 0.0140625 0.01484375
0 0.49453125 0.6015625 0.0140625 0.01484375
0 0.49375 0.58828125 0.0140625 0.01484375
0 0.48359375 0.5734375 0.01328125 0.01640625
0 0.4703125 0.57578125 0.0125 0.0140625
0 0.46015625 0.56484375 0.01328125 0.0140625
0 0.440625 0.5625 0.015625 0.01640625
0 0.4703125 0.5578125 0.0125 0.0171875
0 0.43984375 0.5453125 0.01484375 0.01640625
0 0.5015625 0.56171875 0.0125 0.0140625
0 0.515625 0.553125 0.01328125 0.015625
0 0.503125 0.5484375 0.0125 0.01328125
0 0.53046875 0.54453125 0.01328125 0.0140625
0 0.490625 0.5546875 0.01328125 0.01328125
0 0.48984375 0.5421875 0.0140625 0.0140625
0 0.50625 0.5375 0.0140625 0.0140625
0 0.49453125 0.53046875 0.01328125 0.01328125
0 0.51796875 0.54140625 0.0140625 0.01328125
0 0.521875 0.5296875 0.0140625 0.01484375
0 0.50625 0.525 0.01328125 0.0140625
0 0.5109375 0.5125 0.01328125 0.015625
0 0.4984375 0.5109375 0.01328125 0.0140625
0 0.51015625 0.49765625 0.0140625 0.01484375
0 0.51796875 0.48828125 0.0140625 0.0140625
0 0.53671875 0.5328125 0.01328125 0.0140625
0 0.53125 0.521875 0.0140625 0.015625
0 0.54921875 0.54609375 0.0140625 0.01484375
0 0.58515625 0.55703125 0.01484375 0.015625
0 0.59296875 0.54140625 0.0125 0.015625
0 0.57890625 0.53984375 0.01484375 0.0140625
0 0.5625 0.540625 0.0140625 0.01484375
0 0.546875 0.52734375 0.01171875 0.0140625
0 0.55859375 0.521875 0.0125 0.01484375
0 0.54765625 0.51484375 0.0125 0.0140625
0 0.5390625 0.50625 0.0140625 0.01484375
0 0.571875 0.52109375 0.01328125 0.0140625
0 0.56171875 0.51015625 0.01328125 0.01484375
0 0.55546875 0.49921875 0.01328125 0.01484375
0 0.58515625 0.5203125 0.01328125 0.0140625
0 0.59296875 0.50859375 0.01328125 0.01484375
0 0.58203125 0.50078125 0.01328125 0.0140625
0 0.60703125 0.5046875 0.01484375 0.0140625
0 0.59765625 0.496875 0.01328125 0.01328125
0 0.59765625 0.48515625 0.0125 0.01328125
0 0.61484375 0.478125 0.0125 0.015625
0 0.603125 0.47421875 0.01328125 0.0140625
0 0.61328125 0.46328125 0.0140625 0.01328125
0 0.59296875 0.465625 0.01328125 0.01328125
0 0.5765625 0.475 0.01328125 0.01484375
0 0.6234375 0.4515625 0.01328125 0.01484375
0 0.5453125 0.46953125 0.0125 0.01328125
0 0.5328125 0.47109375 0.0125 0.01484375
0 0.55859375 0.4609375 0.0140625 0.01484375
0 0.56640625 0.45078125 0.0125 0.0140625
0 0.571875 0.4375 0.0140625 0.01484375
0 0.540625 0.45703125 0.01328125 0.01484375
0 0.55078125 0.43984375 0.0125 0.0140625
0 0.5390625 0.4453125 0.01328125 0.0140625
0 0.52890625 0.45234375 0.0125 0.0140625
0 0.521875 0.43984375 0.0125 0.01484375
0 0.534375 0.43359375 0.0140625 0.01484375
0 0.5390625 0.41953125 0.01484375 0.0140625
0 0.56875 0.4203125 0.0140625 0.015625
0 0.578125 0.4078125 0.0140625 0.015625
0 0.5859375 0.3984375 0.0125 0.0140625
0 0.578125 0.3890625 0.01328125 0.0140625
0 0.58671875 0.378125 0.01328125 0.01484375
0 0.58203125 0.3671875 0.0125 0.01484375
0 0.6171875 0.3734375 0.01328125 0.0140625
0 0.60703125 0.365625 0.0125 0.01484375
0 0.5953125 0.36484375 0.01171875 0.01484375
0 0.61328125 0.35546875 0.01171875 0.0140625
0 0.60078125 0.35390625 0.0125 0.01328125
0 0.58671875 0.35390625 0.0125 0.0140625
0 0.59609375 0.34296875 0.0125 0.0140625
0 0.58203125 0.3421875 0.0125 0.0140625
0 0.534375 0.4 0.0125 0.0140625
0 0.5421875 0.3890625 0.01484375 0.01484375
0 0.55078125 0.37890625 0.01328125 0.0125
0 0.5375 0.37890625 0.01328125 0.0140625
0 0.503125 0.42265625 0.01328125 0.0140625
0 0.509375 0.4109375 0.0125 0.0140625
0 0.52265625 0.37109375 0.01484375 0.015625
0 0.5421875 0.3578125 0.0125 0.01328125
0 0.5046875 0.353125 0.0140625 0.01484375
0 0.55625 0.35546875 0.01484375 0.01484375
0 0.54765625 0.3453125 0.0125 0.0140625
0 0.5203125 0.33984375 0.0125 0.0140625
0 0.67421875 0.35703125 0.01484375 0.01640625
0 0.65078125 0.40234375 0.0140625 0.015625
0 0.25390625 0.63515625 0.015625 0.01640625
0 0.24375 0.58984375 0.015625 0.01640625
0 0.3296875 0.5953125 0.0125 0.0171875
0 0.325 0.5765625 0.0125 0.01484375
0 0.34140625 0.590625 0.01171875 0.0140625
0 0.33671875 0.5703125 0.0125 0.015625
0 0.35390625 0.56875 0.01328125 0.01328125
0 0.34921875 0.58046875 0.01484375 0.01328125
0 0.365625 0.56484375 0.0140625 0.01484375
0 0.34609375 0.559375 0.01328125 0.01484375
0 0.33203125 0.5578125 0.01328125 0.01484375
0 0.271875 0.56328125 0.015625 0.015625
0 0.37109375 0.55234375 0.0140625 0.015625
0 0.384375 0.5359375 0.0140625 0.01640625
0 0.34765625 0.534375 0.01328125 0.015625
0 0.334375 0.53828125 0.0140625 0.015625
0 0.31796875 0.540625 0.0140625 0.01796875
0 0.31875 0.5203125 0.01484375 0.01484375
0 0.30390625 0.51953125 0.01328125 0.015625
0 0.32890625 0.5109375 0.01484375 0.01484375
0 0.31796875 0.50390625 0.0140625 0.01328125
0 0.3 0.5078125 0.01328125 0.0140625
0 0.2921875 0.49765625 0.0125 0.0140625
0 0.309375 0.48515625 0.0140625 0.01640625
0 0.29140625 0.48359375 0.01328125 0.015625
0 0.409375 0.51015625 0.01328125 0.0140625
0 0.396875 0.50234375 0.0140625 0.01328125
0 0.425 0.5046875 0.01328125 0.0140625
0 0.4140625 0.49765625 0.01171875 0.01328125
0 0.39765625 0.4890625 0.01328125 0.0125
0 0.425 0.49140625 0.01328125 0.01328125
0 0.41328125 0.48203125 0.0125 0.01328125
0 0.3953125 0.47578125 0.01328125 0.01484375
0 0.37421875 0.4875 0.01328125 0.0140625
0 0.4265625 0.47890625 0.0140625 0.01484375
0 0.40859375 0.47109375 0.01484375 0.01484375
0 0.4234375 0.4640625 0.0140625 0.01640625
0 0.3765625 0.4734375 0.01328125 0.01328125
0 0.3640625 0.46875 0.0140625 0.01328125
0 0.36640625 0.45625 0.0140625 0.01328125
0 0.390625 0.45234375 0.01484375 0.0140625
0 0.38515625 0.440625 0.01484375 0.0140625
0 0.4015625 0.44453125 0.01328125 0.01640625
0 0.36953125 0.44375 0.01328125 0.0140625
0 0.35625 0.44609375 0.0125 0.015625
0 0.35078125 0.43515625 0.01328125 0.0140625
0 0.3375 0.43125 0.01484375 0.01640625
0 0.365625 0.43203125 0.015625 0.01484375
0 0.39453125 0.4265625 0.0140625 0.015625
0 0.37890625 0.428125 0.01328125 0.015625
0 0.3578125 0.4234375 0.0140625 0.01328125
0 0.3484375 0.41328125 0.0140625 0.01484375
0 0.37421875 0.40859375 0.01328125 0.01484375
0 0.396875 0.41328125 0.01328125 0.01484375
0 0.38828125 0.4015625 0.01328125 0.01484375
0 0.36328125 0.4078125 0.01171875 0.01484375
0 0.31796875 0.4125 0.01328125 0.015625
0 0.27734375 0.41875 0.015625 0.015625
0 0.27109375 0.42578125 0.01328125 0.0125
0 0.2953125 0.3984375 0.01484375 0.01484375
0 0.3328125 0.40703125 0.01328125 0.015625
0 0.378125 0.3890625 0.01328125 0.01484375
0 0.4 0.38671875 0.0140625 0.01484375
0 0.35625 0.39765625 0.01328125 0.0140625
0 0.3453125 0.39921875 0.01328125 0.015625
0 0.3546875 0.384375 0.01328125 0.01328125
0 0.32421875 0.38671875 0.01328125 0.015625
0 0.35234375 0.37109375 0.01328125 0.01484375
0 0.33828125 0.37734375 0.01484375 0.01484375
0 0.32734375 0.36796875 0.015625 0.01328125
0 0.3671875 0.37578125 0.01484375 0.01484375
0 0.3859375 0.3671875 0.0140625 0.01640625
0 0.37421875 0.35 0.0140625 0.0171875
0 0.45546875 0.43515625 0.01328125 0.01484375
0 0.4375 0.42734375 0.01328125 0.015625
0 0.446875 0.4203125 0.0125 0.01640625
0 0.44453125 0.4046875 0.0140625 0.0140625
0 0.44375 0.390625 0.0140625 0.0140625
0 0.4578125 0.41484375 0.0140625 0.015625
0 0.42578125 0.36171875 0.01328125 0.0140625
0 0.4359375 0.34140625 0.01328125 0.0140625
0 0.421875 0.328125 0.0125 0.01328125
0 0.4375 0.3203125 0.01328125 0.01484375
0 0.4375 0.30859375 0.01328125 0.0125
0 0.421875 0.30625 0.01484375 0.01484375
0 0.45078125 0.29375 0.0140625 0.01328125
0 0.4546875 0.28125 0.0171875 0.0140625
0 0.45078125 0.26953125 0.01484375 0.0140625