0 0.84453125 0.2078125 0.0421875 0.03203125
0 0.82265625 0.2359375 0.0375 0.025
0 0.859375 0.22890625 0.03984375 0.02109375
0 0.74609375 0.396875 0.04296875 0.0296875
0 0.20234375 0.2953125 0.04375 0.02734375
0 0.60859375 0.275 0.0421875 0.02734375
0 0.22578125 0.56015625 0.05234375 0.0375
0 0.51484375 0.21171875 0.03515625 0.02265625
0 0.6328125 0.33359375 0.0390625 0.0265625
0 0.61640625 0.6109375 0.05078125 0.0359375
0 0.5421875 0.2625 0.0375 0.025
0 0.60390625 0.55390625 0.046875 0.03671875
0 0.540625 0.6671875 0.05 0.03984375
0 0.4 0.2515625 0.03828125 0.0234375
0 0.54609375 0.2875 0.03828125 0.02421875
0 0.2984375 0.28515625 0.03984375 0.025
0 0.1984375 0.4515625 0.04765625 0.034375
0 0.196875 0.4953125 0.04765625 0.0328125
0 0.559375 0.4890625 0.04375 0.03203125
0 0.57890625 0.33046875 0.04296875 0.0265625
0 0.21171875 0.34296875 0.0421875 0.0296875
0 0.25390625 0.4921875 0.05078125 0.03125
0 0.44453125 0.2734375 0.0375 0.02421875
0 0.39296875 0.2734375 0.0390625 0.02421875
0 0.35625 0.27890625 0.03984375 0.02421875
0 0.4203125 0.60234375 0.0484375 0.0359375
0 0.53828125 0.56484375 0.046875 0.034375
0 0.23203125 0.4671875 0.05078125 0.03046875
0 0.56875 0.59140625 0.04765625 0.03515625
0 0.5484375 0.63125 0.04921875 0.03671875
0 0.27578125 0.434375 0.04609375 0.03046875
0 0.42734375 0.53984375 0.04609375 0.034375
0 0.3328125 0.29609375 0.0390625 0.02421875
0 0.5078125 0.525 0.04375 0.03046875
0 0.3765625 0.51953125 0.04609375 0.03125
0 0.20859375 0.3703125 0.04375 0.02890625
0 0.565625 0.4609375 0.04375 0.03046875
0 0.528125 0.30625 0.0390625 0.02421875
0 0.2890625 0.46796875 0.04609375 0.03125
0 0.4734375 0.28671875 0.0390625 0.025
0 0.48125 0.55078125 0.04765625 0.034375
0 0.55625 0.53203125 0.04609375 0.0328125
0 0.25859375 0.34140625 0.04296875 0.028125
0 0.5203125 0.596875 0.04921875 0.034375
0 0.2828125 0.39453125 0.04375 0.02890625
0 0.2375 0.39765625 0.046875 0.03125
0 0.3453125 0.46796875 0.04609375 0.0296875
0 0.41171875 0.29296875 0.03828125 0.02421875
0 0.4625 0.5828125 0.0546875 0.03515625
0 0.534375 0.328125 0.04140625 0.025
0 0.56328125 0.35390625 0.040625 0.0265625
0 0.471875 0.509375 0.04609375 0.03125
0 0.5796875 0.4328125 0.04140625 0.02890625
0 0.29140625 0.36171875 0.04375 0.028125
0 0.40546875 0.46640625 0.04453125 0.028125
0 0.396875 0.44765625 0.046875 0.0296875
0 0.31875 0.434375 0.0453125 0.03046875
0 0.39140625 0.4921875 0.04765625 0.03125
0 0.25078125 0.36953125 0.04296875 0.028125
0 0.471875 0.30859375 0.0390625 0.02421875
0 0.525 0.35 0.040625 0.025
0 0.37265625 0.4453125 0.04140625 0.02890625
0 0.434375 0.31015625 0.0375 0.02265625
0 0.43515625 0.49453125 0.046875 0.03125
0 0.31640625 0.33671875 0.04296875 0.02578125
0 0.48984375 0.48359375 0.0453125 0.03125
0 0.54296875 0.425 0.04296875 0.028125
0 0.5578125 0.378125 0.0421875 0.02734375
0 0.4875 0.45625 0.04296875 0.02890625
0 0.44765625 0.46640625 0.04375 0.02890625
0 0.37421875 0.30078125 0.0421875 0.02578125
0 0.496875 0.33203125 0.0421875 0.0265625
0 0.48828125 0.38671875 0.040625 0.02578125
0 0.34296875 0.31875 0.03984375 0.025
0 0.45234375 0.43828125 0.04375 0.03046875
0 0.49453125 0.42890625 0.04375 0.0296875
0 0.353125 0.346875 0.040625 0.025
0 0.5125 0.40703125 0.04140625 0.02734375
0 0.51875 0.37265625 0.0421875 0.02734375
0 0.41171875 0.37734375 0.0421875 0.02734375
0 0.3203125 0.40703125 0.0453125 0.02890625
0 0.459375 0.32890625 0.0390625 0.02421875
0 0.38125 0.3234375 0.040625 0.025
0 0.478125 0.3578125 0.03984375 0.0265625
0 0.471875 0.409375 0.04296875 0.02734375
0 0.37265625 0.36796875 0.04296875 0.02734375
0 0.4109375 0.4328125 0.04453125 0.02890625
0 0.41953125 0.33046875 0.0421875 0.02578125
0 0.39453125 0.4078125 0.04375 0.028125
0 0.33359375 0.3734375 0.04453125 0.02734375
0 0.3625 0.3921875 0.04453125 0.028125
0 0.4328125 0.39765625 0.04296875 0.028125
0 0.43046875 0.35703125 0.0328125 0.01796875
0 0.45234375 0.37734375 0.03828125 0.025
0 0.56171875 0.403125 0.04140625 0.02734375
0 0.35703125 0.41796875 0.04375 0.02890625
0 0.5265625 0.446875 0.04296875 0.02890625
0 0.39296875 0.34765625 0.03984375 0.02421875
0 0.43984375 0.34765625 0.03359375 0.02265625