0 0.184375 0.58046875 0.0375 0.046875
0 0.21953125 0.62421875 0.04375 0.046875
0 0.221875 0.67578125 0.0421875 0.046875
0 0.25859375 0.64375 0.0375 0.04375
0 0.25859375 0.6875 0.0390625 0.0453125
0 0.24453125 0.72421875 0.0375 0.0421875
0 0.27734375 0.7484375 0.0390625 0.04375
0 0.28984375 0.71015625 0.0375 0.0453125
0 0.2953125 0.6609375 0.0421875 0.05
0 0.2609375 0.59921875 0.0375 0.04375
0 0.2984375 0.61484375 0.0390625 0.046875
0 0.2890625 0.5671875 0.040625 0.046875
0 0.22109375 0.575 0.046875 0.046875
0 0.17421875 0.52421875 0.0375 0.04375
0 0.21171875 0.528125 0.0421875 0.046875
0 0.25078125 0.546875 0.040625 0.04375
0 0.27578125 0.51484375 0.04375 0.046875
0 0.234375 0.5015625 0.0390625 0.0453125
0 0.175 0.47734375 0.0390625 0.04375
0 0.21171875 0.46484375 0.04375 0.04375
0 0.259375 0.46953125 0.0421875 0.046875
0 0.29765625 0.46640625 0.0390625 0.046875
0 0.28203125 0.415625 0.0421875 0.05625
0 0.24453125 0.421875 0.04375 0.05
0 0.20625 0.41953125 0.046875 0.05
0 0.19375 0.36328125 0.040625 0.046875
0 0.23046875 0.3796875 0.0375 0.0484375
0 0.26328125 0.3671875 0.040625 0.05
0 0.23125 0.321875 0.04375 0.053125
0 0.21953125 0.22265625 0.0484375 0.05
0 0.23046875 0.1671875 0.0484375 0.053125
0 0.26875 0.21484375 0.0484375 0.05625
0 0.25234375 0.2765625 0.0484375 0.05625
0 0.29453125 0.28046875 0.0453125 0.0578125
0 0.36875 0.34921875 0.0453125 0.0484375
0 0.30234375 0.3765625 0.0375 0.046875
0 0.28671875 0.33046875 0.0453125 0.05
0 0.33828125 0.290625 0.0453125 0.05
0 0.32734375 0.33671875 0.040625 0.046875
0 0.3421875 0.38828125 0.0453125 0.0515625
0 0.31796875 0.4234375 0.0421875 0.0515625
0 0.3578125 0.5234375 0.04375 0.046875
0 0.33671875 0.47265625 0.0453125 0.0515625
0 0.31640625 0.51015625 0.0390625 0.0453125
0 0.328125 0.55390625 0.04375 0.046875
0 0.334375 0.6 0.0421875 0.046875
0 0.3296875 0.6453125 0.040625 0.046875
0 0.359375 0.6796875 0.0421875 0.046875
0 0.32734375 0.70390625 0.0421875 0.046875
0 0.3171875 0.74921875 0.04375 0.04375
0 0.3609375 0.76015625 0.04375 0.0453125
0 0.33984375 0.79453125 0.04375 0.053125
0 0.36015625 0.43359375 0.0453125 0.05
0 0.38515625 0.39296875 0.0453125 0.0515625
0 0.40390625 0.4390625 0.0515625 0.0515625
0 0.384375 0.4875 0.0515625 0.0515625
0 0.39765625 0.53515625 0.0484375 0.0515625
0 0.36640625 0.5734375 0.0484375 0.053125
0 0.3703125 0.628125 0.04375 0.0484375
0 0.4015625 0.60078125 0.046875 0.053125
0 0.40234375 0.66328125 0.046875 0.046875
0 0.3953125 0.71015625 0.0484375 0.05
0 0.38828125 0.828125 0.05 0.053125
0 0.403125 0.76328125 0.0484375 0.0578125
0 0.44765625 0.75625 0.0515625 0.053125
0 0.43984375 0.69375 0.0515625 0.053125
0 0.43203125 0.6375 0.0421875 0.05
0 0.428125 0.56796875 0.0484375 0.0515625
0 0.459375 0.534375 0.046875 0.046875
0 0.4296875 0.4921875 0.0484375 0.053125
0 0.4734375 0.48515625 0.0515625 0.053125
0 0.45703125 0.4359375 0.0515625 0.053125
0 0.428125 0.39453125 0.046875 0.0515625
0 0.4140625 0.346875 0.0484375 0.05
0 0.38359375 0.29921875 0.05 0.0578125
0 0.3453125 0.09765625 0.0578125 0.0640625
0 0.3171875 0.2109375 0.0484375 0.059375
0 0.3625 0.20078125 0.0578125 0.0578125
0 0.390625 0.2484375 0.053125 0.05625
0 0.43125 0.3 0.05 0.05625
0 0.45859375 0.34140625 0.053125 0.0515625
0 0.4546875 0.16875 0.0578125 0.0609375
0 0.490625 0.23984375 0.0609375 0.059375
0 0.47421875 0.38828125 0.0546875 0.0578125
0 0.51171875 0.4359375 0.0578125 0.0546875
0 0.521875 0.48515625 0.05 0.053125
0 0.50546875 0.5296875 0.0578125 0.0546875
0 0.4921875 0.57734375 0.05625 0.0578125
0 0.45859375 0.60546875 0.0484375 0.053125
0 0.4765625 0.65234375 0.05 0.0515625
0 0.50234375 0.69453125 0.0578125 0.053125
0 0.49609375 0.7421875 0.0515625 0.0515625
0 0.54375 0.76875 0.0578125 0.0609375
0 0.52109375 0.628125 0.0578125 0.05625
0 0.54921875 0.5734375 0.0546875 0.0546875
0 0.5625 0.51953125 0.0515625 0.053125
0 0.6140625 0.53125 0.0609375 0.0609375