0 0.378125 0.22578125 0.0234375 0.01875
0 0.36953125 0.2359375 0.028125 0.025
0 0.34296875 0.26875 0.025 0.0203125
0 0.87265625 0.3515625 0.025 0.021875
0 0.85078125 0.35390625 0.0234375 0.025
0 0.87109375 0.3859375 0.025 0.021875
0 0.86484375 0.31640625 0.0234375 0.0234375
0 0.87890625 0.40546875 0.0234375 0.021875
0 0.8625 0.41484375 0.0234375 0.0234375
0 0.84375 0.425 0.021875 0.0203125
0 0.82578125 0.41796875 0.0234375 0.021875
0 0.85390625 0.43828125 0.021875 0.021875
0 0.83359375 0.440625 0.0234375 0.021875
0 0.85859375 0.4578125 0.025 0.021875
0 0.8359375 0.459375 0.0234375 0.021875
0 0.81640625 0.43359375 0.0234375 0.021875
0 0.8375 0.48125 0.025 0.025
0 0.8140625 0.45703125 0.0234375 0.021875
0 0.79765625 0.43828125 0.025 0.0234375
0 0.81796875 0.4765625 0.025 0.0234375
0 0.78828125 0.45390625 0.025 0.0234375
0 0.81953125 0.49765625 0.0234375 0.025
0 0.8 0.503125 0.0234375 0.021875
0 0.7859375 0.40390625 0.0265625 0.0234375
0 0.81015625 0.5265625 0.021875 0.021875
0 0.7828125 0.5171875 0.0234375 0.021875
0 0.77265625 0.49140625 0.0234375 0.021875
0 0.76953125 0.465625 0.0234375 0.021875
0 0.79140625 0.5484375 0.025 0.021875
0 0.77109375 0.54375 0.025 0.021875
0 0.78671875 0.5703125 0.0234375 0.021875
0 0.76015625 0.48046875 0.021875 0.025
0 0.75859375 0.503125 0.025 0.0234375
0 0.7453125 0.49140625 0.025 0.021875
0 0.746875 0.4609375 0.0234375 0.025
0 0.76796875 0.43125 0.0234375 0.0234375
0 0.76953125 0.4140625 0.021875 0.0234375
0 0.75546875 0.44375 0.025 0.025
0 0.7515625 0.421875 0.025 0.025
0 0.75859375 0.39921875 0.021875 0.021875
0 0.7390625 0.4046875 0.0265625 0.021875
0 0.7375 0.4328125 0.021875 0.021875
0 0.73046875 0.45546875 0.025 0.0234375
0 0.72109375 0.4390625 0.025 0.0234375
0 0.7328125 0.4765625 0.025 0.021875
0 0.8515625 0.30625 0.0234375 0.021875
0 0.83125 0.2890625 0.025 0.0234375
0 0.8078125 0.29609375 0.025 0.021875
0 0.77890625 0.34375 0.025 0.021875
0 0.771875 0.31953125 0.0234375 0.021875
0 0.7625 0.3390625 0.021875 0.021875
0 0.75390625 0.32265625 0.021875 0.021875
0 0.74375 0.34296875 0.025 0.025
0 0.7328125 0.32890625 0.0234375 0.0234375
0 0.71875 0.34296875 0.025 0.021875
0 0.72890625 0.37890625 0.025 0.025
0 0.72578125 0.36015625 0.025 0.025
0 0.7109375 0.37109375 0.025 0.021875
0 0.75546875 0.25 0.025 0.0234375
0 0.75 0.27109375 0.0234375 0.021875
0 0.75 0.29140625 0.0265625 0.021875
0 0.73125 0.27578125 0.025 0.0234375
0 0.71484375 0.29921875 0.025 0.0234375
0 0.70546875 0.2734375 0.025 0.021875
0 0.68828125 0.25546875 0.025 0.025
0 0.675 0.2859375 0.025 0.025
0 0.67265625 0.16796875 0.0234375 0.025
0 0.68984375 0.30078125 0.0234375 0.025
0 0.67890625 0.3171875 0.0234375 0.021875
0 0.68984375 0.346875 0.0234375 0.021875
0 0.63203125 0.28125 0.025 0.021875
0 0.6046875 0.278125 0.021875 0.025
0 0.62734375 0.29921875 0.025 0.021875
0 0.5984375 0.29609375 0.025 0.021875
0 0.575 0.20546875 0.025 0.025
0 0.60703125 0.16171875 0.025 0.025
0 0.6140625 0.31015625 0.0234375 0.025
0 0.59765625 0.3203125 0.021875 0.0234375
0 0.58359375 0.31015625 0.021875 0.0234375
0 0.5796875 0.29140625 0.021875 0.0234375
0 0.5953125 0.3375 0.025 0.021875
0 0.57890625 0.3484375 0.0234375 0.025
0 0.5484375 0.31796875 0.025 0.021875
0 0.55234375 0.2984375 0.025 0.021875
0 0.55 0.2734375 0.025 0.0234375
0 0.5578125 0.36953125 0.025 0.021875
0 0.52265625 0.2796875 0.025 0.025
0 0.51953125 0.259375 0.025 0.021875
0 0.5109375 0.296875 0.025 0.021875
0 0.5 0.2828125 0.025 0.021875
0 0.5015625 0.25546875 0.021875 0.021875
0 0.4859375 0.24765625 0.025 0.0234375
0 0.471875 0.27265625 0.025 0.0234375
0 0.465625 0.24765625 0.025 0.0234375
0 0.696875 0.4828125 0.025 0.0234375
0 0.696875 0.50703125 0.025 0.021875
0 0.6796875 0.4890625 0.025 0.0234375
0 0.671875 0.5109375 0.0234375 0.0234375
0 0.653125 0.51328125 0.021875 0.0234375
0 0.6296875 0.5015625 0.025 0.0234375
0 0.63046875 0.4828125 0.021875 0.021875
0 0.61484375 0.47109375 0.0234375 0.021875
0 0.60703125 0.44453125 0.025 0.025
0 0.60625 0.48671875 0.028125 0.021875
0 0.5828125 0.4453125 0.025 0.0234375
0 0.7578125 0.5921875 0.025 0.021875
0 0.7171875 0.6125 0.025 0.0234375
0 0.68203125 0.60546875 0.0234375 0.0234375
0 0.67421875 0.578125 0.025 0.021875
0 0.6625 0.5984375 0.021875 0.021875
0 0.65703125 0.5703125 0.0234375 0.021875
0 0.6484375 0.60703125 0.021875 0.021875
0 0.64921875 0.58671875 0.025 0.021875
0 0.6171875 0.52890625 0.021875 0.021875
0 0.6046875 0.515625 0.021875 0.021875
0 0.60859375 0.54921875 0.0234375 0.021875
0 0.6 0.5328125 0.021875 0.021875
0 0.5875 0.51640625 0.021875 0.021875
0 0.58515625 0.54140625 0.021875 0.021875
0 0.5734375 0.52578125 0.0234375 0.021875
0 0.5921875 0.55546875 0.021875 0.021875
0 0.584375 0.5828125 0.021875 0.021875
0 0.5671875 0.54296875 0.0234375 0.021875
0 0.6 0.571875 0.021875 0.0234375
0 0.5765625 0.5640625 0.021875 0.021875
0 0.6296875 0.6171875 0.021875 0.021875
0 0.628125 0.64609375 0.021875 0.0234375
0 0.60703125 0.66171875 0.025 0.021875
0 0.60078125 0.6390625 0.025 0.021875
0 0.6 0.61875 0.0234375 0.021875
0 0.60625 0.59765625 0.021875 0.021875
0 0.57890625 0.59921875 0.025 0.021875
0 0.5671875 0.57890625 0.0234375 0.021875
0 0.57265625 0.61640625 0.021875 0.021875
0 0.56171875 0.603125 0.021875 0.021875
0 0.5515625 0.55234375 0.0265625 0.0234375
0 0.5453125 0.5359375 0.0234375 0.0203125
0 0.5296875 0.55390625 0.025 0.0234375
0 0.5171875 0.56640625 0.025 0.021875
0 0.546875 0.5921875 0.0234375 0.021875
0 0.575 0.6359375 0.025 0.021875
0 0.5578125 0.62265625 0.021875 0.021875
0 0.540625 0.615625 0.0234375 0.021875
0 0.5765625 0.65390625 0.021875 0.021875
0 0.5625 0.66796875 0.025 0.021875
0 0.55 0.653125 0.0234375 0.021875
0 0.559375 0.68984375 0.0234375 0.021875
0 0.546875 0.67578125 0.025 0.021875
0 0.52890625 0.67890625 0.021875 0.021875
0 0.5109375 0.6515625 0.0234375 0.0234375
0 0.51484375 0.68984375 0.0234375 0.025
0 0.5015625 0.678125 0.021875 0.021875
0 0.525 0.7046875 0.025 0.021875
0 0.50234375 0.70546875 0.021875 0.021875
0 0.48671875 0.72265625 0.025 0.021875
0 0.496875 0.59140625 0.025 0.021875
0 0.4875 0.6296875 0.0234375 0.021875
0 0.496875 0.61015625 0.0234375 0.021875
0 0.4796875 0.60546875 0.0234375 0.021875
0 0.46953125 0.5921875 0.021875 0.0234375
0 0.45078125 0.584375 0.021875 0.021875
0 0.46171875 0.60546875 0.021875 0.021875
0 0.44375 0.60234375 0.0234375 0.021875
0 0.45625 0.62265625 0.0234375 0.021875
0 0.45625 0.653125 0.025 0.025
0 0.475 0.6421875 0.0234375 0.021875
0 0.43203125 0.65390625 0.0234375 0.021875
0 0.425 0.61015625 0.0234375 0.025
0 0.415625 0.66796875 0.025 0.021875
0 0.40546875 0.57109375 0.025 0.021875
0 0.42109375 0.56015625 0.021875 0.021875
0 0.39453125 0.61015625 0.025 0.021875
0 0.40390625 0.6828125 0.021875 0.021875
0 0.38828125 0.675 0.021875 0.0203125
0 0.3828125 0.621875 0.0234375 0.025
0 0.36796875 0.6375 0.0234375 0.0203125
0 0.365625 0.61875 0.025 0.021875
0 0.37421875 0.6890625 0.021875 0.021875
0 0.42109375 0.77265625 0.025 0.0234375
0 0.37421875 0.7328125 0.025 0.021875
0 0.3609375 0.7203125 0.021875 0.021875
0 0.35859375 0.70390625 0.021875 0.021875
0 0.35703125 0.68515625 0.0234375 0.021875
0 0.346875 0.73203125 0.0234375 0.0203125
0 0.34375 0.71484375 0.025 0.021875
0 0.33984375 0.69375 0.021875 0.021875
0 0.32578125 0.709375 0.025 0.0203125
0 0.32109375 0.69140625 0.0234375 0.021875
0 0.334375 0.6484375 0.025 0.025
0 0.3359375 0.63046875 0.0234375 0.021875
0 0.31875 0.6390625 0.025 0.021875
0 0.35078125 0.6 0.0265625 0.0234375
0 0.3046875 0.60390625 0.025 0.0234375
0 0.32109375 0.5765625 0.025 0.021875
0 0.4296875 0.48984375 0.025 0.021875
0 0.415625 0.465625 0.025 0.021875
0 0.4078125 0.48125 0.0265625 0.021875
0 0.4015625 0.49765625 0.028125 0.0234375
0 0.384375 0.48125 0.025 0.021875
0 0.3625 0.48203125 0.0234375 0.021875
0 0.52734375 0.409375 0.021875 0.0234375
0 0.52421875 0.4328125 0.025 0.021875
0 0.51015625 0.4203125 0.021875 0.021875
0 0.5140625 0.39453125 0.025 0.021875
0 0.4953125 0.39765625 0.021875 0.0234375
0 0.50390625 0.4359375 0.021875 0.0234375
0 0.48984375 0.41953125 0.021875 0.021875
0 0.48515625 0.440625 0.021875 0.021875
0 0.47578125 0.396875 0.025 0.021875
0 0.471875 0.41640625 0.021875 0.021875
0 0.465625 0.43828125 0.025 0.021875
0 0.48828125 0.3640625 0.025 0.0234375
0 0.46953125 0.3703125 0.025 0.025
0 0.459375 0.35390625 0.0234375 0.021875
0 0.44140625 0.3609375 0.021875 0.025
0 0.42578125 0.34609375 0.0234375 0.021875
0 0.43984375 0.39453125 0.025 0.025
0 0.4265625 0.365625 0.021875 0.021875
0 0.43203125 0.4125 0.025 0.025
0 0.421875 0.3890625 0.021875 0.025
0 0.40390625 0.38203125 0.0234375 0.021875
0 0.40703125 0.36328125 0.0234375 0.021875
0 0.40703125 0.34296875 0.0234375 0.025
0 0.4015625 0.3234375 0.025 0.0234375
0 0.39375 0.35390625 0.025 0.025
0 0.37578125 0.3421875 0.025 0.0234375
0 0.36328125 0.32265625 0.025 0.0234375
0 0.36796875 0.2984375 0.025 0.025
0 0.35390625 0.33984375 0.025 0.021875
0 0.33203125 0.3109375 0.0234375 0.021875
0 0.37421875 0.3796875 0.025 0.021875
0 0.3703125 0.36484375 0.021875 0.0203125
0 0.3546875 0.35546875 0.021875 0.021875
0 0.33515625 0.35703125 0.0234375 0.025
0 0.32109375 0.3328125 0.025 0.025
0 0.3046875 0.31875 0.0234375 0.021875
0 0.31484375 0.35546875 0.0234375 0.021875
0 0.34765625 0.38984375 0.025 0.0234375
0 0.32421875 0.37578125 0.025 0.025
0 0.403125 0.4046875 0.025 0.0234375
0 0.38671875 0.4125 0.021875 0.021875
0 0.3671875 0.40234375 0.025 0.021875
0 0.3484375 0.42109375 0.025 0.028125
0 0.3171875 0.4046875 0.025 0.021875
0 0.2890625 0.39140625 0.028125 0.025
0 0.31796875 0.4625 0.025 0.0234375
0 0.28828125 0.48125 0.025 0.0234375
0 0.26640625 0.465625 0.025 0.021875
0 0.25859375 0.48828125 0.0265625 0.0234375
0 0.24140625 0.49140625 0.0234375 0.025
0 0.2328125 0.46953125 0.025 0.025
0 0.221875 0.51328125 0.0234375 0.021875
0 0.2046875 0.52265625 0.0234375 0.028125
0 0.18515625 0.5171875 0.025 0.0234375
0 0.3640625 0.81796875 0.028125 0.025