0 0.60546875 0.21484375 0.015625 0.015625
0 0.58359375 0.22890625 0.01640625 0.0140625
0 0.61796875 0.2265625 0.0140625 0.01484375
0 0.63359375 0.22421875 0.015625 0.015625
0 0.60078125 0.228125 0.015625 0.01484375
0 0.5796875 0.24296875 0.01640625 0.015625
0 0.56484375 0.246875 0.015625 0.015625
0 0.59765625 0.24140625 0.01640625 0.015625
0 0.63203125 0.23984375 0.01640625 0.015625
0 0.61328125 0.24140625 0.015625 0.015625
0 0.6078125 0.2546875 0.01484375 0.01484375
0 0.5921875 0.25703125 0.015625 0.01484375
0 0.5734375 0.25859375 0.015625 0.015625
0 0.625 0.25234375 0.015625 0.0140625
0 0.62265625 0.26640625 0.01796875 0.015625
0 0.64140625 0.25390625 0.01640625 0.01484375
0 0.6015625 0.26953125 0.01640625 0.015625
0 0.584375 0.26953125 0.0171875 0.015625
0 0.56796875 0.27265625 0.015625 0.0140625
0 0.55234375 0.28125 0.01640625 0.01640625
0 0.56328125 0.29296875 0.01640625 0.015625
0 0.5796875 0.28359375 0.01640625 0.01640625
0 0.6125 0.2796875 0.0171875 0.01484375
0 0.5984375 0.28671875 0.0171875 0.01640625
0 0.6296875 0.28203125 0.0171875 0.015625
0 0.63984375 0.26953125 0.0171875 0.015625
0 0.646875 0.2859375 0.01640625 0.01640625
0 0.62890625 0.29765625 0.01640625 0.01640625
0 0.6125 0.29453125 0.015625 0.01484375
0 0.596875 0.303125 0.01640625 0.01484375
0 0.58046875 0.29921875 0.0171875 0.01484375
0 0.6109375 0.31015625 0.01640625 0.015625
0 0.64296875 0.30703125 0.015625 0.01640625
0 0.628125 0.315625 0.015625 0.01484375
0 0.6140625 0.32578125 0.01484375 0.01484375
0 0.596875 0.31875 0.01484375 0.015625
0 0.5796875 0.3140625 0.015625 0.01640625
0 0.5640625 0.3078125 0.015625 0.01640625
0 0.55234375 0.31875 0.01640625 0.015625
0 0.6015625 0.3359375 0.01640625 0.0171875
0 0.584375 0.3296875 0.01640625 0.01640625
0 0.56640625 0.32578125 0.0171875 0.01640625
0 0.6171875 0.340625 0.015625 0.015625
0 0.63125 0.3296875 0.0171875 0.01640625
0 0.63359375 0.34765625 0.01796875 0.01640625
0 0.60546875 0.35234375 0.01796875 0.015625
0 0.5890625 0.346875 0.0171875 0.0171875
0 0.57109375 0.3421875 0.0171875 0.015625
0 0.5546875 0.3453125 0.0171875 0.015625
0 0.54609375 0.33359375 0.01796875 0.015625
0 0.5703125 0.35703125 0.01875 0.015625
0 0.5921875 0.378125 0.0171875 0.0171875
0 0.5875 0.3640625 0.01796875 0.01640625
0 0.60625 0.36796875 0.01796875 0.0171875
0 0.609375 0.38984375 0.01953125 0.01875
0 0.62421875 0.37421875 0.0171875 0.0171875
0 0.575 0.38359375 0.01796875 0.01640625
0 0.56484375 0.371875 0.01640625 0.01640625
0 0.59140625 0.39609375 0.0171875 0.01796875
0 0.55234375 0.3609375 0.0171875 0.0171875
0 0.53671875 0.34921875 0.0171875 0.01796875
0 0.5234375 0.35859375 0.01640625 0.01640625
0 0.54921875 0.38125 0.0171875 0.01796875
0 0.53828125 0.36875 0.01640625 0.0171875
0 0.52109375 0.3734375 0.01796875 0.01640625
0 0.53828125 0.40390625 0.0171875 0.01796875
0 0.5296875 0.3875 0.01796875 0.0171875
0 0.5625 0.3953125 0.0171875 0.01796875
0 0.57578125 0.41640625 0.01875 0.01796875
0 0.55625 0.415625 0.01953125 0.01875
0 0.53515625 0.4234375 0.0171875 0.01796875
0 0.5171875 0.41796875 0.0171875 0.0171875
0 0.49765625 0.4171875 0.01953125 0.0171875
0 0.51875 0.43515625 0.01796875 0.0171875
0 0.559375 0.434375 0.01640625 0.01796875
0 0.58125 0.43828125 0.01875 0.01796875
0 0.5421875 0.44375 0.01796875 0.0171875
0 0.5265625 0.4515625 0.01796875 0.0171875
0 0.4953125 0.44609375 0.01796875 0.01796875
0 0.47421875 0.4375 0.01875 0.01640625
0 0.5078125 0.45859375 0.01796875 0.0171875
0 0.4796875 0.45390625 0.01953125 0.0171875
0 0.50625 0.47578125 0.01796875 0.01796875
0 0.4890625 0.465625 0.01875 0.01640625
0 0.484375 0.4828125 0.0203125 0.01796875
0 0.528125 0.4671875 0.01953125 0.01796875
0 0.509375 0.49609375 0.02109375 0.01796875
0 0.5375 0.484375 0.0203125 0.0171875
0 0.54609375 0.459375 0.01796875 0.0171875
0 0.553125 0.496875 0.01875 0.0171875
0 0.5625 0.45078125 0.01953125 0.01796875
0 0.5359375 0.503125 0.01875 0.01796875
0 0.5171875 0.5125 0.01953125 0.01875
0 0.55703125 0.4734375 0.0171875 0.01875
0 0.5734375 0.46484375 0.01796875 0.01875
0 0.59375 0.4578125 0.01875 0.01875
0 0.58671875 0.478125 0.01875 0.01796875
0 0.56953125 0.4859375 0.0171875 0.0171875
0 0.60546875 0.47421875 0.0203125 0.01953125
0 0.59921875 0.49140625 0.01875 0.0171875
0 0.59296875 0.50703125 0.01875 0.0171875
0 0.575 0.5078125 0.01953125 0.01875
0 0.559375 0.51796875 0.01796875 0.01953125
0 0.53125 0.528125 0.01875 0.01875
0 0.55390625 0.54296875 0.02109375 0.01953125
0 0.5421875 0.5578125 0.02265625 0.01953125
0 0.5984375 0.52421875 0.0203125 0.01875
0 0.59921875 0.5421875 0.02109375 0.01875
0 0.58203125 0.559375 0.01953125 0.01875
0 0.60078125 0.56171875 0.01875 0.01875
0 0.6203125 0.5640625 0.01875 0.01953125
0 0.62265625 0.54453125 0.01796875 0.01953125
0 0.61875 0.58671875 0.0203125 0.02109375
0 0.5984375 0.5796875 0.01875 0.01953125
0 0.58984375 0.60234375 0.02109375 0.021875
0 0.56015625 0.59765625 0.0203125 0.0203125
0 0.6359375 0.52421875 0.01875 0.01875
0 0.63046875 0.5046875 0.01953125 0.01875
0 0.628125 0.4875 0.01875 0.01875
0 0.64921875 0.51015625 0.01953125 0.0203125
0 0.584375 0.64375 0.01875 0.0203125
0 0.54453125 0.64140625 0.02265625 0.02109375
0 0.55390625 0.665625 0.0203125 0.02109375
0 0.5078125 0.66640625 0.01953125 0.0203125
0 0.509375 0.6359375 0.0203125 0.021875
0 0.525 0.684375 0.0203125 0.021875
0 0.50390625 0.6984375 0.02265625 0.021875
0 0.5875 0.6984375 0.0234375 0.02421875
0 0.43359375 0.7109375 0.0234375 0.0203125
0 0.43359375 0.69140625 0.0234375 0.0203125
0 0.4109375 0.67421875 0.01875 0.01953125
0 0.43046875 0.66171875 0.02109375 0.01953125
0 0.39921875 0.6578125 0.01953125 0.01875
0 0.38125 0.65 0.01875 0.01875
0 0.3640625 0.6859375 0.01875 0.021875
0 0.39609375 0.69453125 0.0203125 0.02109375
0 0.3703125 0.70703125 0.02109375 0.02265625
0 0.38046875 0.66796875 0.01953125 0.02109375
0 0.3953125 0.71484375 0.02265625 0.021875
0 0.39921875 0.6328125 0.01875 0.02109375
0 0.38046875 0.61796875 0.01875 0.0203125
0 0.403125 0.61171875 0.0203125 0.01953125
0 0.4171875 0.64140625 0.01953125 0.01953125
0 0.41953125 0.6234375 0.01953125 0.01875