0 0.6140625 0.73046875 0.02734375 0.025
0 0.60078125 0.68046875 0.02578125 0.02734375
0 0.58203125 0.6234375 0.02734375 0.02734375
0 0.60078125 0.709375 0.0265625 0.02734375
0 0.61796875 0.75703125 0.02578125 0.028125
0 0.5796875 0.6671875 0.0265625 0.02734375
0 0.5921875 0.646875 0.02578125 0.02734375
0 0.59453125 0.7484375 0.0265625 0.028125
0 0.5671875 0.64375 0.02578125 0.02734375
0 0.56875 0.6015625 0.02578125 0.0265625
0 0.5625 0.7453125 0.025 0.02734375
0 0.5796875 0.72734375 0.025 0.028125
0 0.496875 0.67109375 0.02578125 0.0265625
0 0.5359375 0.63984375 0.02578125 0.02734375
0 0.5578125 0.6828125 0.02578125 0.028125
0 0.54140625 0.728125 0.025 0.02734375
0 0.5515625 0.77265625 0.025 0.02890625
0 0.5390625 0.69921875 0.025 0.0265625
0 0.56171875 0.71171875 0.0265625 0.0265625
0 0.53515625 0.7546875 0.02578125 0.02734375
0 0.5140625 0.5921875 0.02578125 0.02578125
0 0.53984375 0.57109375 0.02578125 0.02578125
0 0.4859375 0.59453125 0.02578125 0.02734375
0 0.52109375 0.659375 0.025 0.0265625
0 0.61640625 0.79609375 0.025 0.02734375
0 0.48515625 0.63125 0.025 0.028125
0 0.5453125 0.59609375 0.0265625 0.02734375
0 0.51953125 0.6859375 0.025 0.02734375
0 0.5515625 0.621875 0.0265625 0.0265625
0 0.51953125 0.5578125 0.0265625 0.02578125
0 0.5921875 0.7984375 0.02421875 0.02734375
0 0.5796875 0.69453125 0.025 0.0265625
0 0.5171875 0.721875 0.02578125 0.028125
0 0.5265625 0.615625 0.025 0.028125
0 0.509375 0.63671875 0.025 0.02734375
0 0.5671875 0.8015625 0.025 0.0265625
0 0.51640625 0.528125 0.0265625 0.02734375
0 0.5765625 0.76640625 0.02421875 0.02578125
0 0.48125 0.50703125 0.02578125 0.0265625
0 0.4984375 0.69765625 0.025 0.02578125
0 0.4765625 0.65546875 0.02578125 0.02578125
0 0.45390625 0.55 0.02578125 0.0265625
0 0.4671875 0.52734375 0.02578125 0.0265625
0 0.48984375 0.5390625 0.025 0.02578125
0 0.4765625 0.5609375 0.025 0.02578125
0 0.4984375 0.57109375 0.02578125 0.025
0 0.50390625 0.6140625 0.025 0.0265625
0 0.54375 0.79609375 0.025 0.0265625
0 0.45078125 0.459375 0.02578125 0.02734375
0 0.50625 0.503125 0.02578125 0.02578125
0 0.46171875 0.48515625 0.025 0.0265625
0 0.4609375 0.62265625 0.02890625 0.02734375
0 0.58984375 0.825 0.02421875 0.0265625
0 0.4078125 0.43359375 0.02734375 0.028125
0 0.47578125 0.46484375 0.02578125 0.02890625
0 0.4359375 0.4375 0.02578125 0.0265625
0 0.640625 0.78984375 0.02578125 0.02890625
0 0.45234375 0.5875 0.0265625 0.0265625
0 0.38359375 0.41484375 0.0265625 0.02578125
0 0.56484375 0.82734375 0.025 0.02578125
0 0.4265625 0.390625 0.02578125 0.028125
0 0.42734375 0.534375 0.02578125 0.02734375
0 0.36953125 0.43515625 0.025 0.0265625
0 0.5234375 0.8140625 0.02578125 0.02734375
0 0.45546875 0.4140625 0.02578125 0.02734375
0 0.37421875 0.309375 0.02734375 0.0265625
0 0.484375 0.42421875 0.02578125 0.02734375
0 0.5984375 0.346875 0.02734375 0.02734375
0 0.4 0.3265625 0.02734375 0.02734375
0 0.615625 0.82890625 0.02421875 0.0265625
0 0.52265625 0.4859375 0.02734375 0.02734375
0 0.403125 0.37421875 0.02578125 0.0265625
0 0.39140625 0.35078125 0.02578125 0.02578125
0 0.84453125 0.50859375 0.02578125 0.02734375
0 0.37734375 0.37265625 0.02734375 0.028125
0 0.590625 0.3203125 0.028125 0.02734375
0 0.42109375 0.46171875 0.02578125 0.0265625
0 0.5703125 0.3359375 0.0265625 0.02734375
0 0.39765625 0.30078125 0.028125 0.028125
0 0.36484375 0.27265625 0.028125 0.028125
0 0.409375 0.40859375 0.0265625 0.02734375
0 0.315625 0.18359375 0.028125 0.028125
0 0.8296875 0.5296875 0.025 0.02578125
0 0.31875 0.209375 0.0265625 0.028125
0 0.290625 0.178125 0.0265625 0.02890625
0 0.81875 0.49765625 0.02578125 0.02734375
0 0.353125 0.23125 0.02734375 0.028125
0 0.34140625 0.31875 0.02734375 0.028125
0 0.29140625 0.21015625 0.0265625 0.02734375
0 0.3921875 0.53125 0.0265625 0.0265625
0 0.5453125 0.6609375 0.02578125 0.02734375
0 0.2890625 0.15078125 0.0265625 0.02734375
0 0.61796875 0.36328125 0.0265625 0.02734375
0 0.33828125 0.209375 0.02578125 0.028125
0 0.8484375 0.54453125 0.02578125 0.02734375
0 0.35234375 0.296875 0.0265625 0.0265625
0 0.31484375 0.1546875 0.0265625 0.02734375
0 0.38046875 0.25078125 0.02734375 0.0265625
0 0.39375 0.27578125 0.02890625 0.028125
0 0.33984375 0.175 0.02734375 0.03046875
0 0.32109375 0.2375 0.02734375 0.028125
0 0.40234375 0.49453125 0.0296875 0.028125
0 0.428125 0.31875 0.0265625 0.028125
0 0.54921875 0.490625 0.02578125 0.02890625
0 0.8 0.475 0.0265625 0.02734375
0 0.353125 0.39453125 0.0265625 0.0265625
0 0.49609375 0.396875 0.02578125 0.028125
0 0.6 0.17734375 0.0265625 0.02890625
0 0.7328125 0.41875 0.02578125 0.0265625
0 0.37890625 0.21953125 0.03046875 0.0296875
0 0.265625 0.1859375 0.028125 0.0296875
0 0.41796875 0.60390625 0.0265625 0.028125
0 0.58203125 0.15625 0.02578125 0.028125
0 0.62890625 0.33046875 0.0265625 0.028125
0 0.3640625 0.33515625 0.0265625 0.028125
0 0.36328125 0.18671875 0.028125 0.0296875
0 0.29375 0.23515625 0.02890625 0.028125
0 0.26328125 0.1546875 0.02734375 0.0296875
0 0.5609375 0.30546875 0.0265625 0.02734375
0 0.5890625 0.203125 0.02578125 0.02734375
0 0.340625 0.2609375 0.0265625 0.02734375
0 0.7171875 0.39921875 0.0265625 0.03046875
0 0.7921875 0.434375 0.0265625 0.02734375
0 0.28203125 0.1203125 0.02890625 0.02890625
0 0.309375 0.1046875 0.02734375 0.0296875
0 0.58203125 0.88984375 0.02578125 0.02578125
0 0.63515625 0.2453125 0.02578125 0.02734375
0 0.57890625 0.915625 0.02734375 0.0265625
0 0.659375 0.209375 0.02578125 0.028125
0 0.6 0.7765625 0.025 0.02734375
0 0.54765625 0.146875 0.02734375 0.02890625
0 0.3265625 0.2890625 0.02734375 0.03046875
0 0.509375 0.25078125 0.0265625 0.028125
0 0.3984375 0.14140625 0.0265625 0.02734375
0 0.6125 0.12265625 0.02734375 0.03046875
0 0.16875 0.40859375 0.02890625 0.02734375
0 0.671875 0.3890625 0.02578125 0.03203125
0 0.2734375 0.09296875 0.028125 0.03046875
0 0.13203125 0.44140625 0.03203125 0.02734375
0 0.23046875 0.62421875 0.0265625 0.02890625
0 0.4796875 0.3515625 0.02578125 0.03203125
0 0.3828125 0.0703125 0.0265625 0.0296875
0 0.49921875 0.4578125 0.025 0.02734375
0 0.80625 0.703125 0.0265625 0.0296875