0 0.28125 0.9359375 0.0484375 0.04296875
0 0.3125 0.88984375 0.05 0.04375
0 0.36015625 0.878125 0.053125 0.04453125
0 0.2796875 0.8453125 0.05 0.04140625
0 0.18515625 0.84140625 0.04609375 0.03984375
0 0.23125 0.815625 0.04765625 0.04140625
0 0.17109375 0.73515625 0.04375 0.0375
0 0.2046875 0.771875 0.04140625 0.03828125
0 0.25703125 0.784375 0.04296875 0.0359375
0 0.3296875 0.82890625 0.04375 0.04140625
0 0.35234375 0.79375 0.04453125 0.04375
0 0.3015625 0.7921875 0.0453125 0.03984375
0 0.271875 0.7484375 0.04140625 0.03984375
0 0.31796875 0.753125 0.046875 0.03984375
0 0.2625 0.7125 0.04765625 0.0375
0 0.3375 0.71328125 0.0453125 0.0390625
0 0.275 0.67265625 0.0453125 0.0359375
0 0.23125 0.67421875 0.0421875 0.03515625
0 0.190625 0.6609375 0.04453125 0.03515625
0 0.19296875 0.6203125 0.04140625 0.0359375
0 0.240625 0.62734375 0.0421875 0.0328125
0 0.27890625 0.6390625 0.04296875 0.0328125
0 0.328125 0.63046875 0.04375 0.03515625
0 0.3 0.60546875 0.04375 0.034375
0 0.3421875 0.59453125 0.04296875 0.034375
0 0.28671875 0.575 0.0359375 0.0328125
0 0.31953125 0.57109375 0.03984375 0.03046875
0 0.340625 0.54296875 0.04140625 0.03203125
0 0.30234375 0.53984375 0.0390625 0.0328125
0 0.29140625 0.50859375 0.03984375 0.03046875
0 0.36796875 0.4375 0.04140625 0.0328125
0 0.309375 0.4671875 0.0390625 0.03125
0 0.27890625 0.453125 0.0359375 0.028125
0 0.27421875 0.48359375 0.03984375 0.03046875
0 0.246875 0.503125 0.0375 0.0296875
0 0.26171875 0.5328125 0.0421875 0.03046875
0 0.21484375 0.525 0.03984375 0.02890625
0 0.22265625 0.5578125 0.04296875 0.03203125
0 0.18359375 0.546875 0.0390625 0.03203125
0 0.1484375 0.575 0.04140625 0.0328125
0 0.146875 0.5390625 0.03828125 0.0328125
0 0.2078125 0.496875 0.03671875 0.03203125
0 0.1703125 0.50859375 0.034375 0.0296875
0 0.1265625 0.4828125 0.03828125 0.03125
0 0.1875 0.475 0.03828125 0.02734375
0 0.23046875 0.47265625 0.03828125 0.0296875
0 0.246875 0.44453125 0.0359375 0.02890625
0 0.30546875 0.421875 0.0390625 0.02890625
0 0.34921875 0.3875 0.03828125 0.0296875
0 0.30859375 0.39140625 0.03515625 0.0296875
0 0.33203125 0.3609375 0.034375 0.03046875
0 0.16171875 0.459375 0.0390625 0.02734375
0 0.2015625 0.446875 0.0390625 0.03046875
0 0.134375 0.44296875 0.0359375 0.0265625
0 0.1765625 0.4328125 0.03828125 0.02734375
0 0.2328125 0.415625 0.03515625 0.02890625
0 0.2671875 0.4140625 0.0390625 0.02734375
0 0.275 0.38671875 0.0359375 0.0265625
0 0.29765625 0.34765625 0.0375 0.02734375
0 0.2390625 0.38203125 0.03671875 0.02890625
0 0.20625 0.4015625 0.03984375 0.02734375
0 0.1390625 0.4171875 0.0375 0.0265625
0 0.115625 0.39921875 0.03515625 0.025
0 0.13359375 0.37265625 0.04140625 0.028125
0 0.1953125 0.378125 0.0375 0.02421875
0 0.2265625 0.35546875 0.034375 0.02578125
0 0.2625 0.34609375 0.0359375 0.0265625
0 0.18984375 0.35234375 0.03515625 0.02578125
0 0.21875 0.33125 0.0375 0.03046875
0 0.2578125 0.3171875 0.03671875 0.02890625
0 0.190625 0.32421875 0.03125 0.0234375
0 0.15625 0.34375 0.03125 0.028125
0 0.103125 0.3546875 0.03671875 0.0265625
0 0.11875 0.328125 0.034375 0.028125
0 0.203125 0.29921875 0.03671875 0.02890625
0 0.1484375 0.31640625 0.0359375 0.02578125
0 0.0734375 0.3078125 0.0328125 0.021875
0 0.11484375 0.28515625 0.03359375 0.0234375
0 0.1390625 0.29296875 0.03046875 0.0265625
0 0.1953125 0.275 0.0375 0.025
0 0.2296875 0.26328125 0.03984375 0.02578125
0 0.0828125 0.2484375 0.0390625 0.028125
0 0.190625 0.221875 0.03984375 0.02578125
0 0.1546875 0.2046875 0.0328125 0.028125
0 0.19609375 0.17421875 0.03828125 0.03125
0 0.2390625 0.18671875 0.0375 0.02890625
0 0.3890625 0.328125 0.04453125 0.03046875
0 0.3796875 0.28828125 0.03671875 0.03359375
0 0.4515625 0.29921875 0.04296875 0.03203125
0 0.54453125 0.30625 0.0453125 0.0359375
0 0.4484375 0.23359375 0.03984375 0.025
0 0.37421875 0.1625 0.034375 0.025
0 0.2875 0.13671875 0.034375 0.02109375
0 0.25625 0.13984375 0.03515625 0.02265625
0 0.30078125 0.153125 0.03671875 0.025
0 0.3765625 0.1890625 0.03984375 0.02734375
0 0.78671875 0.20625 0.04765625 0.0359375
0 0.7109375 0.16875 0.04140625 0.03359375
0 0.77265625 0.13203125 0.04609375 0.034375