0 0.259375 0.653125 0.0203125 0.01875
0 0.28125 0.66171875 0.025 0.01875
0 0.24453125 0.63515625 0.021875 0.01875
0 0.2671875 0.6390625 0.021875 0.01875
0 0.2890625 0.64609375 0.021875 0.015625
0 0.303125 0.6609375 0.025 0.0171875
0 0.31640625 0.675 0.021875 0.0171875
0 0.3125 0.64765625 0.0234375 0.0171875
0 0.32890625 0.6625 0.021875 0.0171875
0 0.3859375 0.72890625 0.0203125 0.0203125
0 0.34375 0.68515625 0.025 0.01875
0 0.353125 0.665625 0.025 0.01875
0 0.3359375 0.640625 0.021875 0.015625
0 0.35625 0.64921875 0.021875 0.0171875
0 0.3734375 0.66171875 0.0234375 0.0171875
0 0.3734375 0.6375 0.0234375 0.01875
0 0.38984375 0.653125 0.021875 0.015625
0 0.41015625 0.64296875 0.025 0.01875
0 0.40625 0.66328125 0.021875 0.015625
0 0.428125 0.66171875 0.021875 0.0171875
0 0.378125 0.56953125 0.021875 0.01875
0 0.39140625 0.58671875 0.021875 0.0171875
0 0.240625 0.5984375 0.0265625 0.021875
0 0.21796875 0.60078125 0.025 0.01875
0 0.20703125 0.57890625 0.025 0.01875
0 0.2296875 0.5828125 0.0234375 0.01875
0 0.25546875 0.590625 0.025 0.0171875
0 0.31171875 0.5796875 0.028125 0.0203125
0 0.265625 0.575 0.021875 0.01875
0 0.28125 0.590625 0.025 0.01875
0 0.24140625 0.56953125 0.025 0.01875
0 0.20546875 0.559375 0.0234375 0.021875
0 0.2265625 0.55390625 0.025 0.01875
0 0.2546875 0.5578125 0.025 0.01875
0 0.2234375 0.53515625 0.0265625 0.0203125
0 0.24921875 0.53828125 0.025 0.0203125
0 0.27265625 0.53515625 0.028125 0.021875
0 0.23828125 0.5203125 0.025 0.025
0 0.2859375 0.51953125 0.025 0.01875
0 0.2625 0.51875 0.0265625 0.01875
0 0.29765625 0.503125 0.0265625 0.01875
0 0.27265625 0.5015625 0.028125 0.0203125
0 0.215625 0.51484375 0.028125 0.021875
0 0.2390625 0.4984375 0.028125 0.01875
0 0.27734375 0.48359375 0.028125 0.0234375
0 0.24921875 0.48046875 0.028125 0.0234375
0 0.225 0.45546875 0.0296875 0.021875
0 0.23125 0.4328125 0.0296875 0.0234375
0 0.25859375 0.45859375 0.03125 0.0234375
0 0.3046875 0.4140625 0.03125 0.025
0 0.28984375 0.4578125 0.028125 0.025
0 0.31484375 0.45390625 0.03125 0.025
0 0.30546875 0.48671875 0.028125 0.021875
0 0.33046875 0.49765625 0.0265625 0.01875
0 0.3265625 0.51640625 0.028125 0.0203125
0 0.3453125 0.4640625 0.03125 0.021875
0 0.3453125 0.48359375 0.025 0.01875
0 0.36875 0.49609375 0.0265625 0.021875
0 0.34375 0.4421875 0.028125 0.0234375
0 0.371875 0.44375 0.025 0.025
0 0.3875 0.46171875 0.0265625 0.021875
0 0.4140625 0.4546875 0.028125 0.025
0 0.39375 0.48203125 0.028125 0.0203125
0 0.415625 0.49609375 0.025 0.021875
0 0.43125 0.47265625 0.025 0.01875
0 0.4390625 0.49296875 0.021875 0.021875
0 0.4171875 0.553125 0.025 0.0203125
0 0.41328125 0.57265625 0.025 0.021875
0 0.44296875 0.5578125 0.0234375 0.021875
0 0.42890625 0.60859375 0.025 0.0203125
0 0.453125 0.5765625 0.025 0.021875
0 0.4625 0.48125 0.028125 0.0234375
0 0.5015625 0.4921875 0.03125 0.0234375
0 0.465625 0.5546875 0.025 0.021875
0 0.48671875 0.5890625 0.0265625 0.021875
0 0.49375 0.5734375 0.021875 0.01875
0 0.5171875 0.5828125 0.025 0.015625
0 0.49765625 0.553125 0.0265625 0.0203125
0 0.515625 0.5703125 0.025 0.021875
0 0.51484375 0.60078125 0.025 0.021875
0 0.52421875 0.61953125 0.0234375 0.021875
0 0.45859375 0.728125 0.025 0.021875
0 0.48359375 0.721875 0.021875 0.01875
0 0.4703125 0.69375 0.025 0.0234375
0 0.49609375 0.69375 0.01875 0.01875
0 0.509375 0.6875 0.0234375 0.021875
0 0.5109375 0.65078125 0.0234375 0.01875
0 0.52734375 0.675 0.0265625 0.021875
0 0.31328125 0.209375 0.040625 0.0359375
0 0.38984375 0.27578125 0.034375 0.034375
0 0.54140625 0.51484375 0.028125 0.025
0 0.5421875 0.59375 0.0265625 0.021875
0 0.55 0.62421875 0.025 0.021875
0 0.59375 0.58671875 0.028125 0.0234375
0 0.56953125 0.7171875 0.0234375 0.021875
0 0.60546875 0.70625 0.025 0.021875
0 0.64453125 0.63046875 0.028125 0.021875
0 0.72421875 0.459375 0.0328125 0.025
0 0.77890625 0.4671875 0.03125 0.025