0 0.1640625 0.21171875 0.0375 0.0453125
0 0.17578125 0.246875 0.0375 0.0421875
0 0.17890625 0.1828125 0.0375 0.046875
0 0.209375 0.24765625 0.0390625 0.04375
0 0.2078125 0.1765625 0.0359375 0.0453125
0 0.2203125 0.1421875 0.0390625 0.05
0 0.21640625 0.21484375 0.0390625 0.04375
0 0.23984375 0.2390625 0.0421875 0.04375
0 0.25703125 0.11875 0.0359375 0.04375
0 0.2859375 0.13671875 0.0390625 0.0484375
0 0.3015625 0.28359375 0.0359375 0.0421875
0 0.32421875 0.3046875 0.0375 0.0453125
0 0.3171875 0.25 0.034375 0.0453125
0 0.3453125 0.28046875 0.0390625 0.0484375
0 0.29921875 0.2125 0.0390625 0.04375
0 0.33671875 0.15234375 0.0359375 0.0484375
0 0.3734375 0.13203125 0.0390625 0.0484375
0 0.328125 0.3765625 0.0359375 0.0453125
0 0.3578125 0.39296875 0.0359375 0.0375
0 0.34140625 0.4171875 0.0359375 0.0421875
0 0.3671875 0.3625 0.034375 0.0390625
0 0.3578125 0.3234375 0.0359375 0.0421875
0 0.3390625 0.3453125 0.0375 0.0421875
0 0.36953125 0.29609375 0.0390625 0.046875
0 0.38671875 0.3375 0.0359375 0.0421875
0 0.38828125 0.39140625 0.0390625 0.04375
0 0.35546875 0.4859375 0.0390625 0.046875
0 0.38203125 0.42734375 0.0390625 0.04375
0 0.4109375 0.359375 0.0359375 0.0453125
0 0.4203125 0.29140625 0.0359375 0.0453125
0 0.4171875 0.403125 0.0375 0.0421875
0 0.42109375 0.478125 0.0390625 0.0453125
0 0.4421875 0.3859375 0.0359375 0.0421875
0 0.41953125 0.440625 0.0359375 0.0421875
0 0.44921875 0.484375 0.03125 0.0390625
0 0.46484375 0.53828125 0.034375 0.0390625
0 0.4578125 0.571875 0.034375 0.0375
0 0.4390625 0.51796875 0.034375 0.0390625
0 0.44921875 0.44921875 0.034375 0.0390625
0 0.4734375 0.46484375 0.034375 0.0390625
0 0.4703125 0.5078125 0.0359375 0.04375
0 0.49765625 0.44765625 0.0359375 0.0453125
0 0.49375 0.490625 0.0390625 0.04375
0 0.49453125 0.52734375 0.034375 0.0390625
0 0.48515625 0.56171875 0.0359375 0.0421875
0 0.41484375 0.6625 0.0359375 0.04375
0 0.48359375 0.5953125 0.034375 0.040625
0 0.53359375 0.5609375 0.034375 0.0390625
0 0.51015625 0.578125 0.034375 0.0421875
0 0.5234375 0.528125 0.0359375 0.0421875
0 0.55859375 0.55234375 0.034375 0.0390625
0 0.58671875 0.50859375 0.0296875 0.0296875
0 0.58046875 0.5375 0.034375 0.040625
0 0.7734375 0.56484375 0.0421875 0.046875
0 0.7046875 0.5953125 0.0375 0.0421875
0 0.50625 0.63125 0.0359375 0.0421875
0 0.5484375 0.61171875 0.0328125 0.0390625
0 0.5375 0.64765625 0.0375 0.0421875
0 0.5453125 0.68125 0.0375 0.0421875
0 0.56484375 0.825 0.0359375 0.0421875
0 0.55390625 0.7859375 0.0359375 0.0390625
0 0.54921875 0.7203125 0.0390625 0.04375
0 0.5625 0.75234375 0.034375 0.0390625
0 0.5796875 0.78046875 0.034375 0.0390625
0 0.575 0.69453125 0.0265625 0.0375
0 0.5703125 0.64765625 0.034375 0.0390625
0 0.5875 0.67890625 0.03125 0.0390625
0 0.6015625 0.65625 0.0359375 0.0390625
0 0.609375 0.69140625 0.0296875 0.0359375
0 0.59375 0.7203125 0.034375 0.0375
0 0.6 0.76171875 0.034375 0.0359375
0 0.70625 0.93046875 0.034375 0.0390625
0 0.68671875 0.95625 0.034375 0.034375
0 0.70625 0.8953125 0.0375 0.040625
0 0.675 0.915625 0.03125 0.040625
0 0.65234375 0.8921875 0.0375 0.0421875
0 0.6125 0.79609375 0.034375 0.0390625
0 0.6265625 0.75234375 0.0359375 0.0375
0 0.6265625 0.71875 0.0359375 0.0421875
0 0.659375 0.6484375 0.0390625 0.05
0 0.65625 0.71015625 0.0359375 0.0421875
0 0.64453125 0.7671875 0.03125 0.0359375
0 0.68671875 0.87109375 0.034375 0.0390625
0 0.66171875 0.86796875 0.03125 0.0328125
0 0.734375 0.7296875 0.0359375 0.0421875
0 0.7046875 0.73359375 0.034375 0.040625
0 0.7234375 0.765625 0.034375 0.0390625
0 0.709375 0.846875 0.0359375 0.0390625
0 0.65234375 0.834375 0.034375 0.0390625
0 0.69765625 0.76640625 0.03125 0.0359375
0 0.65234375 0.80078125 0.034375 0.0359375
0 0.665625 0.7453125 0.034375 0.0375
0 0.66875 0.7765625 0.0265625 0.0328125
0 0.675 0.82734375 0.0296875 0.0359375
0 0.703125 0.80546875 0.021875 0.0375
0 0.68203125 0.78203125 0.0296875 0.0328125
0 0.6890625 0.81328125 0.0296875 0.0328125