0 0.6109375 0.70546875 0.01875 0.021875
0 0.60546875 0.6796875 0.015625 0.0171875
0 0.584375 0.66953125 0.01875 0.01875
0 0.634375 0.6796875 0.0171875 0.01875
0 0.6171875 0.6890625 0.0171875 0.01875
0 0.62109375 0.67421875 0.015625 0.0203125
0 0.60859375 0.6625 0.015625 0.0171875
0 0.59296875 0.659375 0.015625 0.01875
0 0.621875 0.65703125 0.0171875 0.01875
0 0.6125 0.64453125 0.01875 0.01875
0 0.63671875 0.65859375 0.015625 0.01875
0 0.63359375 0.64296875 0.01875 0.0171875
0 0.62421875 0.6296875 0.01875 0.0171875
0 0.6046875 0.628125 0.01875 0.01875
0 0.5984375 0.6421875 0.015625 0.0171875
0 0.66015625 0.64296875 0.015625 0.0171875
0 0.653125 0.625 0.0171875 0.01875
0 0.6546875 0.60859375 0.015625 0.015625
0 0.6578125 0.58515625 0.015625 0.01875
0 0.63984375 0.59765625 0.0171875 0.021875
0 0.63046875 0.609375 0.01875 0.0203125
0 0.6203125 0.5921875 0.015625 0.0171875
0 0.61015625 0.60546875 0.01875 0.0203125
0 0.59765625 0.61171875 0.01875 0.01875
0 0.59140625 0.6 0.01875 0.01875
0 0.58828125 0.625 0.0171875 0.021875
0 0.5828125 0.63984375 0.0171875 0.0203125
0 0.5671875 0.63671875 0.0171875 0.01875
0 0.55390625 0.63359375 0.0171875 0.021875
0 0.55625 0.6171875 0.021875 0.021875
0 0.5390625 0.62265625 0.01875 0.01875
0 0.51328125 0.64453125 0.0203125 0.01875
0 0.49765625 0.63125 0.01875 0.01875
0 0.490625 0.6109375 0.01875 0.021875
0 0.48203125 0.5953125 0.01875 0.01875
0 0.496875 0.58203125 0.0171875 0.021875
0 0.50546875 0.56328125 0.015625 0.0171875
0 0.4890625 0.56171875 0.01875 0.0203125
0 0.5125 0.5484375 0.01875 0.0203125
0 0.54296875 0.55 0.01875 0.01875
0 0.53515625 0.55703125 0.0171875 0.01875
0 0.56328125 0.534375 0.01875 0.021875
0 0.55546875 0.565625 0.01875 0.0203125
0 0.5515625 0.54765625 0.015625 0.0203125
0 0.578125 0.54765625 0.01875 0.021875
0 0.5671875 0.55625 0.01875 0.0203125
0 0.5921875 0.55234375 0.01875 0.0234375
0 0.61796875 0.51875 0.021875 0.021875
0 0.5265625 0.54375 0.0171875 0.01875
0 0.63203125 0.5171875 0.0203125 0.021875
0 0.50234375 0.53515625 0.0203125 0.0203125
0 0.51796875 0.52734375 0.01875 0.0203125
0 0.50234375 0.51875 0.01875 0.01875
0 0.48828125 0.51875 0.01875 0.0234375
0 0.45234375 0.51953125 0.021875 0.021875
0 0.509375 0.50390625 0.01875 0.021875
0 0.49609375 0.503125 0.01875 0.021875
0 0.4890625 0.4875 0.0234375 0.021875
0 0.51875 0.48046875 0.01875 0.021875
0 0.503125 0.4703125 0.0203125 0.0203125
0 0.5328125 0.47734375 0.0203125 0.021875
0 0.5109375 0.4515625 0.01875 0.021875
0 0.540625 0.4625 0.021875 0.021875
0 0.52578125 0.45390625 0.01875 0.0203125
0 0.521875 0.4390625 0.01875 0.01875
0 0.515625 0.42421875 0.021875 0.021875
0 0.5390625 0.44296875 0.01875 0.0203125
0 0.55859375 0.45078125 0.0203125 0.0203125
0 0.58359375 0.4625 0.01875 0.021875
0 0.58125 0.446875 0.01875 0.0203125
0 0.56953125 0.43671875 0.01875 0.0203125
0 0.55390625 0.42265625 0.0171875 0.021875
0 0.5359375 0.42265625 0.0203125 0.021875
0 0.60234375 0.4671875 0.01875 0.021875
0 0.60390625 0.4484375 0.01875 0.01875
0 0.59140625 0.43515625 0.01875 0.01875
0 0.5890625 0.41953125 0.015625 0.01875
0 0.5734375 0.421875 0.0171875 0.021875
0 0.60703125 0.434375 0.01875 0.0234375
0 0.6 0.4140625 0.01875 0.021875
0 0.6234375 0.43125 0.01875 0.0203125
0 0.6125 0.41953125 0.01875 0.01875
0 0.62421875 0.41328125 0.0171875 0.01875
0 0.4375 0.41796875 0.01875 0.021875
0 0.4265625 0.428125 0.0171875 0.021875
0 0.41328125 0.43515625 0.0171875 0.01875
0 0.4015625 0.4234375 0.015625 0.0171875
0 0.4203125 0.40234375 0.01875 0.021875
0 0.40859375 0.38671875 0.01875 0.01875
0 0.43046875 0.38359375 0.0171875 0.01875
0 0.44140625 0.36640625 0.0171875 0.021875
0 0.459375 0.371875 0.0171875 0.01875
0 0.4546875 0.35234375 0.0171875 0.01875
0 0.55 0.35625 0.015625 0.0171875
0 0.52109375 0.34453125 0.015625 0.0203125
0 0.503125 0.32734375 0.015625 0.0203125
0 0.5 0.3109375 0.0171875 0.0203125
0 0.51953125 0.31640625 0.015625 0.0203125
0 0.55078125 0.3359375 0.0171875 0.01875
0 0.53984375 0.3265625 0.0171875 0.01875
0 0.53828125 0.30859375 0.015625 0.0171875
0 0.5171875 0.2984375 0.0171875 0.0203125
0 0.51328125 0.28046875 0.0171875 0.0203125
0 0.53046875 0.28984375 0.0171875 0.021875
0 0.52578125 0.27265625 0.015625 0.01875
0 0.50703125 0.2546875 0.01875 0.0203125
0 0.64296875 0.36171875 0.0171875 0.01875
0 0.621875 0.35 0.015625 0.0171875
0 0.62890625 0.33515625 0.0171875 0.01875
0 0.60390625 0.340625 0.0171875 0.01875
0 0.59375 0.353125 0.0171875 0.021875
0 0.58046875 0.33984375 0.015625 0.0171875
0 0.58515625 0.32578125 0.0171875 0.01875
0 0.56640625 0.32890625 0.0171875 0.021875
0 0.5546875 0.3140625 0.015625 0.0171875
0 0.55234375 0.29765625 0.01875 0.01875
0 0.5640625 0.28046875 0.0171875 0.01875
0 0.56875 0.3125 0.0171875 0.01875
0 0.56875 0.29765625 0.0171875 0.01875
0 0.5671875 0.2640625 0.015625 0.01875
0 0.55 0.25234375 0.0140625 0.0140625
0 0.54609375 0.2359375 0.0171875 0.01875
0 0.571875 0.23984375 0.01875 0.0203125
0 0.5578125 0.23203125 0.015625 0.0203125
0 0.58359375 0.225 0.015625 0.01875
0 0.5609375 0.2125 0.015625 0.0203125
0 0.540625 0.278125 0.015625 0.0203125
0 0.6078125 0.29921875 0.015625 0.0171875
0 0.6140625 0.284375 0.01875 0.01875
0 0.63046875 0.28671875 0.015625 0.0171875
0 0.62265625 0.30234375 0.015625 0.0171875
0 0.62109375 0.26640625 0.01875 0.0203125
0 0.61171875 0.25390625 0.015625 0.0171875
0 0.59765625 0.2484375 0.015625 0.0171875
0 0.65625 0.23359375 0.015625 0.0203125
0 0.525 0.25546875 0.01875 0.01875
0 0.52109375 0.2328125 0.0171875 0.0203125
0 0.50703125 0.23671875 0.0203125 0.01875
0 0.50625 0.21484375 0.0171875 0.0203125
0 0.52734375 0.2171875 0.01875 0.01875
0 0.515625 0.20234375 0.0171875 0.0203125
0 0.5328125 0.18203125 0.0203125 0.021875
0 0.57421875 0.18515625 0.01875 0.01875
0 0.5515625 0.1828125 0.015625 0.0171875