0 0.6578125 0.80546875 0.034375 0.034375
0 0.22890625 0.77421875 0.0328125 0.03125
0 0.48515625 0.734375 0.0296875 0.0296875
0 0.5984375 0.7671875 0.03125 0.0328125
0 0.26796875 0.6625 0.034375 0.034375
0 0.2875 0.69140625 0.0328125 0.03125
0 0.50703125 0.72265625 0.03125 0.03125
0 0.53359375 0.47578125 0.0296875 0.0296875
0 0.31328125 0.5046875 0.0296875 0.0296875
0 0.2890625 0.540625 0.03125 0.0296875
0 0.340625 0.57109375 0.0296875 0.0296875
0 0.8203125 0.45703125 0.0296875 0.0296875
0 0.3328125 0.5984375 0.0296875 0.0296875
0 0.8390625 0.54296875 0.0296875 0.0296875
0 0.7359375 0.76484375 0.0296875 0.0296875
0 0.42265625 0.578125 0.03125 0.0328125
0 0.3640625 0.4140625 0.03125 0.0296875
0 0.471875 0.5375 0.0296875 0.0296875
0 0.340625 0.5234375 0.0296875 0.028125
0 0.44140625 0.484375 0.0296875 0.0296875
0 0.2734375 0.8078125 0.0328125 0.03125
0 0.49375 0.52890625 0.0296875 0.03125
0 0.40390625 0.4546875 0.03125 0.03125
0 0.43515625 0.515625 0.0328125 0.03125
0 0.31015625 0.55390625 0.0296875 0.0296875
0 0.5734375 0.5125 0.0296875 0.0296875
0 0.3265625 0.45 0.0296875 0.0296875
0 0.3640625 0.5109375 0.0296875 0.0296875
0 0.77265625 0.5828125 0.0296875 0.0296875
0 0.3140625 0.53046875 0.0296875 0.028125
0 0.50078125 0.5046875 0.03125 0.0296875
0 0.58828125 0.45078125 0.0296875 0.0296875
0 0.3234375 0.475 0.0296875 0.0296875
0 0.6109375 0.4171875 0.0296875 0.0296875
0 0.29140625 0.66640625 0.03125 0.0296875
0 0.78359375 0.49921875 0.0296875 0.0296875
0 0.65 0.38203125 0.0296875 0.0296875
0 0.39140625 0.55390625 0.0296875 0.0296875
0 0.55234375 0.49453125 0.0296875 0.0296875
0 0.46640625 0.71484375 0.0296875 0.0296875
0 0.653125 0.45859375 0.0296875 0.0296875
0 0.63203125 0.35625 0.0296875 0.0296875
0 0.89765625 0.490625 0.0296875 0.0296875
0 0.31796875 0.7015625 0.0328125 0.03125
0 0.35234375 0.5484375 0.03125 0.0296875
0 0.653125 0.43203125 0.0296875 0.0296875
0 0.49609375 0.4078125 0.0296875 0.03125
0 0.8703125 0.53984375 0.0296875 0.0296875
0 0.7828125 0.60546875 0.0296875 0.0296875
0 0.3328125 0.8390625 0.0328125 0.0328125
0 0.7609375 0.534375 0.0296875 0.0296875
0 0.6125 0.446875 0.0296875 0.03125
0 0.58203125 0.47265625 0.0296875 0.0296875
0 0.26171875 0.775 0.0328125 0.03125
0 0.3015625 0.44453125 0.03125 0.0296875
0 0.24453125 0.46171875 0.0328125 0.03125
0 0.51015625 0.43046875 0.0296875 0.0296875
0 0.6734375 0.5765625 0.0296875 0.0296875
0 0.22890625 0.6390625 0.0328125 0.03125
0 0.275 0.43125 0.03125 0.0296875
0 0.2953125 0.64140625 0.03125 0.0296875
0 0.3796875 0.53203125 0.0296875 0.028125
0 0.25859375 0.51875 0.034375 0.0359375
0 0.7046875 0.44296875 0.028125 0.028125
0 0.25078125 0.4375 0.03125 0.0296875
0 0.52578125 0.51171875 0.0296875 0.0296875
0 0.28359375 0.57109375 0.034375 0.034375
0 0.24453125 0.4859375 0.0328125 0.03125
0 0.5171875 0.534375 0.0296875 0.0296875
0 0.4140625 0.4015625 0.0296875 0.0296875
0 0.665625 0.36484375 0.0296875 0.0296875
0 0.2828125 0.503125 0.0296875 0.03125
0 0.66953125 0.4015625 0.0296875 0.0296875
0 0.35234375 0.7140625 0.03125 0.0328125
0 0.69375 0.421875 0.0296875 0.0296875
0 0.4171875 0.434375 0.0296875 0.0296875
0 0.4984375 0.7 0.0328125 0.03125
0 0.54375 0.4203125 0.0296875 0.0296875
0 0.62421875 0.3796875 0.0296875 0.0296875
0 0.740625 0.515625 0.0296875 0.0296875
0 0.72890625 0.5828125 0.0296875 0.0296875
0 0.68671875 0.49765625 0.0296875 0.0296875
0 0.48203125 0.45390625 0.0328125 0.0328125
0 0.63359375 0.40859375 0.0296875 0.0296875
0 0.51015625 0.4828125 0.0296875 0.0296875
0 0.73359375 0.5375 0.0296875 0.0296875
0 0.71015625 0.490625 0.028125 0.0296875
0 0.2078125 0.5 0.0328125 0.0328125
0 0.5453125 0.525 0.0296875 0.0296875
0 0.67890625 0.44140625 0.0296875 0.0296875
0 0.690625 0.396875 0.028125 0.0296875
0 0.22109375 0.47734375 0.03125 0.0296875
0 0.30703125 0.3953125 0.03125 0.0296875
0 0.8859375 0.5109375 0.0296875 0.03125
0 0.7359375 0.4421875 0.028125 0.028125
0 0.325 0.6546875 0.0296875 0.0296875
0 0.6875 0.55390625 0.0296875 0.03125
0 0.6921875 0.6234375 0.0328125 0.0328125
0 0.825 0.31171875 0.03125 0.03125
0 0.709375 0.534375 0.0296875 0.0296875
0 0.453125 0.69375 0.03125 0.03125
0 0.75703125 0.60546875 0.0296875 0.0296875
0 0.715625 0.39921875 0.0296875 0.0296875
0 0.22578125 0.44609375 0.03125 0.0296875
0 0.78359375 0.53203125 0.0296875 0.0296875
0 0.36328125 0.62734375 0.0296875 0.0296875
0 0.33828125 0.5 0.0296875 0.0296875
0 0.7078125 0.60625 0.03125 0.0296875
0 0.26640625 0.746875 0.0328125 0.03125
0 0.20390625 0.55859375 0.0328125 0.03125
0 0.24140625 0.58984375 0.0296875 0.0296875
0 0.7171875 0.51328125 0.03125 0.0296875
0 0.3140625 0.67734375 0.03125 0.0296875
0 0.778125 0.3265625 0.0296875 0.0296875
0 0.5578125 0.4671875 0.0296875 0.0296875
0 0.5390625 0.69375 0.0328125 0.0328125
0 0.7453125 0.46328125 0.0296875 0.0296875
0 0.29765625 0.4859375 0.0296875 0.0296875
0 0.7234375 0.346875 0.03125 0.0328125
0 0.70703125 0.46640625 0.0296875 0.0296875
0 0.7984375 0.6234375 0.03125 0.0328125
0 0.71171875 0.6484375 0.0296875 0.0296875
0 0.23203125 0.56875 0.034375 0.034375
0 0.70390625 0.37421875 0.0296875 0.0296875
0 0.2203125 0.6046875 0.0328125 0.03125
0 0.54765625 0.44375 0.0296875 0.028125
0 0.38671875 0.50546875 0.0296875 0.028125
0 0.61171875 0.34296875 0.0296875 0.0296875
0 0.60625 0.36640625 0.0296875 0.0296875
0 0.7296875 0.6234375 0.028125 0.0296875
0 0.63203125 0.43203125 0.0296875 0.0296875
0 0.86484375 0.45390625 0.0296875 0.03125
0 0.73828125 0.4078125 0.0265625 0.0265625
0 0.31953125 0.62890625 0.03125 0.03125
0 0.58828125 0.42109375 0.0296875 0.0296875
0 0.20625 0.58359375 0.03125 0.0296875
0 0.04921875 0.59296875 0.0328125 0.03125
0 0.82421875 0.37890625 0.0296875 0.0296875
0 0.84375 0.39609375 0.0296875 0.0296875
0 0.77265625 0.3484375 0.0296875 0.0296875
0 0.2484375 0.6140625 0.0296875 0.0296875
0 0.5890625 0.49609375 0.028125 0.0296875
0 0.88984375 0.44296875 0.0296875 0.028125
0 0.6828125 0.46484375 0.0296875 0.0296875
0 0.71796875 0.42421875 0.0296875 0.03125
0 0.7640625 0.509375 0.0265625 0.028125
0 0.35546875 0.6015625 0.034375 0.0359375
0 0.08828125 0.75 0.0328125 0.03125
0 0.83515625 0.3484375 0.028125 0.0265625
0 0.04609375 0.52109375 0.0328125 0.03125
0 0.88046875 0.38046875 0.0296875 0.0296875
0 0.22734375 0.66640625 0.0359375 0.03125
0 0.85703125 0.37109375 0.0296875 0.0296875
0 0.74765625 0.34375 0.0296875 0.028125
0 0.8453125 0.3234375 0.0296875 0.0296875
0 0.815625 0.3328125 0.0296875 0.0296875
0 0.05390625 0.4953125 0.03125 0.0296875
0 0.87265625 0.40234375 0.0296875 0.0296875
0 0.0390625 0.47578125 0.03125 0.0296875
0 0.07421875 0.51015625 0.03125 0.0296875
0 0.06640625 0.46796875 0.0328125 0.03125