0 0.590625 0.00703125 0.0328125 0.0140625
0 0.33203125 0.0046875 0.034375 0.009375
0 0.57421875 0.01640625 0.0265625 0.025
0 0.6203125 0.01328125 0.02734375 0.02421875
0 0.46953125 0.11875 0.02578125 0.02265625
0 0.4421875 0.12421875 0.0265625 0.02109375
0 0.49765625 0.1421875 0.028125 0.02421875
0 0.38046875 0.109375 0.0296875 0.0265625
0 0.403125 0.1328125 0.02578125 0.0234375
0 0.42890625 0.15234375 0.0265625 0.02578125
0 0.45390625 0.14609375 0.021875 0.02265625
0 0.4703125 0.165625 0.0296875 0.03046875
0 0.37265625 0.1640625 0.02578125 0.02421875
0 0.33828125 0.17578125 0.02734375 0.02421875
0 0.3625 0.1828125 0.02578125 0.02578125
0 0.38984375 0.18984375 0.0265625 0.028125
0 0.45703125 0.21484375 0.03125 0.021875
0 0.4453125 0.190625 0.0296875 0.02578125
0 0.3453125 0.20390625 0.02578125 0.025
0 0.3671875 0.21796875 0.02578125 0.02109375
0 0.39453125 0.21796875 0.028125 0.02578125
0 0.42109375 0.23359375 0.025 0.02421875
0 0.45078125 0.23671875 0.02265625 0.0234375
0 0.55625 0.221875 0.03203125 0.025
0 0.4734375 0.253125 0.0265625 0.028125
0 0.55234375 0.24921875 0.03046875 0.03046875
0 0.54765625 0.1953125 0.03125 0.02265625
0 0.5546875 0.2875 0.028125 0.02734375
0 0.7046875 0.15078125 0.02734375 0.0234375
0 0.71171875 0.175 0.0296875 0.025
0 0.68515625 0.22421875 0.034375 0.025
0 0.6125 0.20625 0.0296875 0.02109375
0 0.6703125 0.24609375 0.028125 0.03046875
0 0.60859375 0.23203125 0.0265625 0.02734375
0 0.753125 0.2734375 0.0328125 0.028125
0 0.6171875 0.25625 0.0328125 0.02734375
0 0.72734375 0.25703125 0.028125 0.025
0 0.76015625 0.315625 0.0328125 0.0265625
0 0.9109375 0.3375 0.0328125 0.03125
0 0.659375 0.334375 0.0265625 0.028125
0 0.71484375 0.35078125 0.03046875 0.03046875
0 0.66953125 0.3625 0.028125 0.02890625
0 0.63671875 0.309375 0.0265625 0.0296875
0 0.67265625 0.3921875 0.02890625 0.03359375
0 0.76796875 0.36484375 0.03125 0.03203125
0 0.64296875 0.3796875 0.02890625 0.0234375
0 0.6546875 0.41171875 0.028125 0.03046875
0 0.45859375 0.2765625 0.0265625 0.025
0 0.4984375 0.2734375 0.028125 0.028125
0 0.43671875 0.259375 0.02578125 0.025
0 0.40625 0.2578125 0.03203125 0.0296875
0 0.45625 0.303125 0.0296875 0.028125
0 0.53203125 0.31640625 0.03203125 0.02734375
0 0.425 0.328125 0.0328125 0.02890625
0 0.378125 0.26015625 0.028125 0.03125
0 0.31796875 0.2046875 0.03203125 0.0265625
0 0.2875 0.1515625 0.03125 0.028125
0 0.275 0.1125 0.028125 0.02421875
0 0.265625 0.14140625 0.028125 0.02421875
0 0.30078125 0.23515625 0.0296875 0.025
0 0.22734375 0.146875 0.028125 0.0296875
0 0.23359375 0.25859375 0.02890625 0.02734375
0 0.17890625 0.196875 0.02890625 0.02734375
0 0.16953125 0.2734375 0.03203125 0.02734375
0 0.1125 0.29140625 0.03203125 0.0265625
0 0.06875 0.32578125 0.0328125 0.0296875
0 0.51953125 0.34140625 0.0296875 0.0265625
0 0.4703125 0.3421875 0.03046875 0.021875
0 0.48125 0.38203125 0.0296875 0.0234375
0 0.5140625 0.36796875 0.028125 0.02421875
0 0.4515625 0.37109375 0.025 0.02578125
0 0.48203125 0.3625 0.0265625 0.02265625
0 0.4203125 0.35546875 0.03046875 0.03046875
0 0.49140625 0.43984375 0.03046875 0.03359375
0 0.41875 0.40703125 0.03203125 0.03125
0 0.38203125 0.41328125 0.03046875 0.03046875
0 0.2765625 0.309375 0.02890625 0.02734375
0 0.38203125 0.3828125 0.03046875 0.0265625
0 0.29140625 0.33828125 0.02734375 0.02734375
0 0.2328125 0.35859375 0.0296875 0.02578125
0 0.2640625 0.34609375 0.028125 0.025
0 0.19609375 0.36796875 0.03046875 0.02734375
0 0.2328125 0.3859375 0.03125 0.0296875
0 0.26875 0.38359375 0.03046875 0.0265625
0 0.18671875 0.40859375 0.02890625 0.02890625
0 0.2625 0.4234375 0.03203125 0.03046875
0 0.16171875 0.478125 0.0328125 0.03125
0 0.25859375 0.4609375 0.02890625 0.03046875
0 0.28125 0.49453125 0.0328125 0.0296875
0 0.30859375 0.55234375 0.028125 0.03359375
0 0.5375 0.378125 0.0296875 0.02890625
0 0.58125 0.403125 0.03046875 0.0328125
0 0.49375 0.40234375 0.0265625 0.0265625
0 0.5453125 0.41015625 0.02890625 0.028125
0 0.5640625 0.45078125 0.02265625 0.02578125
0 0.69921875 0.44453125 0.03046875 0.0296875
0 0.546875 0.45546875 0.02578125 0.02890625
0 0.67578125 0.46328125 0.02890625 0.03203125
0 0.59140625 0.4375 0.0265625 0.028125
0 0.65625 0.446875 0.034375 0.028125
0 0.68828125 0.49453125 0.03125 0.03203125
0 0.71953125 0.48671875 0.03515625 0.0328125
0 0.92734375 0.434375 0.03203125 0.0296875
0 0.934375 0.46796875 0.0390625 0.034375
0 0.70625 0.5234375 0.03515625 0.034375
0 0.42890625 0.48203125 0.03046875 0.03046875
0 0.3734375 0.5234375 0.034375 0.03203125
0 0.396875 0.49375 0.0359375 0.03125
0 0.4359375 0.50859375 0.03125 0.0328125
0 0.5140625 0.46875 0.0296875 0.03125
0 0.5375 0.49765625 0.0265625 0.03203125
0 0.590625 0.5046875 0.03359375 0.03203125
0 0.51015625 0.50234375 0.03203125 0.03125
0 0.54375 0.52734375 0.03203125 0.0296875
0 0.575 0.5265625 0.03125 0.0328125
0 0.61328125 0.53828125 0.03359375 0.0328125
0 0.7015625 0.56328125 0.03125 0.03203125
0 0.87265625 0.55234375 0.0359375 0.0375
0 0.69765625 0.596875 0.0328125 0.0328125
0 0.89375 0.628125 0.034375 0.03984375
0 0.665625 0.58828125 0.03046875 0.03046875
0 0.6703125 0.621875 0.0328125 0.03203125
0 0.403125 0.60859375 0.02890625 0.03359375
0 0.41796875 0.64453125 0.02890625 0.03359375
0 0.4484375 0.63984375 0.03359375 0.03515625
0 0.4640625 0.584375 0.0296875 0.034375
0 0.56171875 0.59375 0.03046875 0.03046875
0 0.11953125 0.61640625 0.03046875 0.03515625
0 0.32265625 0.68515625 0.03125 0.03359375
0 0.3796875 0.69375 0.0328125 0.0359375
0 0.49921875 0.70390625 0.03359375 0.03828125
0 0.42890625 0.69921875 0.0296875 0.0359375
0 0.48984375 0.671875 0.0296875 0.03203125
0 0.53671875 0.65625 0.0328125 0.03671875
0 0.6015625 0.6484375 0.03671875 0.0359375
0 0.60390625 0.68671875 0.03828125 0.0375
0 0.64921875 0.67734375 0.03515625 0.0375
0 0.76015625 0.70390625 0.03984375 0.04140625
0 0.7875 0.74609375 0.0375 0.0421875
0 0.58359375 0.7390625 0.0375 0.04296875
0 0.74140625 0.76484375 0.03828125 0.03984375