0 0.2203125 0.43203125 0.03984375 0.02578125
0 0.07265625 0.45390625 0.03828125 0.028125
0 0.11484375 0.4953125 0.0359375 0.028125
0 0.053125 0.4921875 0.0375 0.028125
0 0.08671875 0.58125 0.03046875 0.02734375
0 0.03203125 0.51484375 0.0359375 0.028125
0 0.0546875 0.5578125 0.0359375 0.02578125
0 0.10234375 0.60546875 0.03359375 0.028125
0 0.15 0.6421875 0.03828125 0.02421875
0 0.16171875 0.609375 0.034375 0.02890625
0 0.2140625 0.66640625 0.03203125 0.02578125
0 0.44296875 0.17421875 0.0328125 0.02421875
0 0.47421875 0.17890625 0.03125 0.0265625
0 0.42109375 0.203125 0.03203125 0.0265625
0 0.45078125 0.2015625 0.034375 0.02734375
0 0.52578125 0.2109375 0.03359375 0.02890625
0 0.56015625 0.21796875 0.03203125 0.0296875
0 0.509375 0.18359375 0.0328125 0.0296875
0 0.41875 0.225 0.03046875 0.0265625
0 0.43046875 0.27578125 0.03125 0.028125
0 0.45078125 0.303125 0.034375 0.025
0 0.41171875 0.2921875 0.03671875 0.028125
0 0.41875 0.25625 0.03515625 0.02578125
0 0.478125 0.25234375 0.034375 0.021875
0 0.4890625 0.27421875 0.0390625 0.0265625
0 0.51015625 0.2421875 0.03046875 0.028125
0 0.53984375 0.25078125 0.03515625 0.0234375
0 0.60859375 0.23828125 0.03203125 0.025
0 0.66015625 0.2328125 0.03203125 0.0234375
0 0.6359375 0.24609375 0.02578125 0.02421875
0 0.6578125 0.2640625 0.03671875 0.02734375
0 0.57734375 0.240625 0.0328125 0.025
0 0.60390625 0.26328125 0.03359375 0.02421875
0 0.634375 0.28359375 0.03359375 0.021875
0 0.61796875 0.30546875 0.0328125 0.02265625
0 0.34296875 0.38203125 0.0328125 0.028125
0 0.428125 0.34921875 0.03359375 0.0265625
0 0.50546875 0.3875 0.03515625 0.025
0 0.5359375 0.33984375 0.0328125 0.0265625
0 0.56796875 0.37421875 0.03125 0.025
0 0.58984375 0.359375 0.03359375 0.025
0 0.6015625 0.3265625 0.03203125 0.0234375
0 0.6328125 0.32578125 0.028125 0.02265625
0 0.73828125 0.31328125 0.034375 0.03203125
0 0.66796875 0.32734375 0.028125 0.02734375
0 0.69921875 0.3375 0.03125 0.02734375
0 0.72265625 0.3671875 0.0296875 0.02578125
0 0.77421875 0.3765625 0.03515625 0.02578125
0 0.66015625 0.3765625 0.03125 0.02265625
0 0.64609375 0.3484375 0.0296875 0.02578125
0 0.65 0.41953125 0.03125 0.025
0 0.67421875 0.39765625 0.03359375 0.02265625
0 0.70234375 0.3875 0.028125 0.02109375
0 0.72578125 0.40234375 0.0328125 0.02421875
0 0.76484375 0.3984375 0.03046875 0.0265625
0 0.83515625 0.35390625 0.02890625 0.02734375
0 0.89765625 0.35859375 0.03046875 0.028125
0 0.8609375 0.41484375 0.03203125 0.028125
0 0.73515625 0.45625 0.03515625 0.02890625
0 0.87734375 0.4546875 0.0359375 0.0265625
0 0.9328125 0.48203125 0.03125 0.0234375
0 0.940625 0.5171875 0.03515625 0.02734375
0 0.4796875 0.4609375 0.034375 0.0265625
0 0.434375 0.47578125 0.02890625 0.025
0 0.4625 0.50078125 0.0328125 0.025
0 0.30078125 0.596875 0.0359375 0.028125
0 0.31328125 0.53125 0.03203125 0.028125
0 0.4046875 0.55546875 0.03359375 0.02265625
0 0.353125 0.54375 0.034375 0.028125
0 0.40390625 0.57421875 0.0328125 0.025
0 0.35703125 0.57265625 0.0296875 0.025
0 0.409375 0.5984375 0.02734375 0.0234375
0 0.440625 0.6 0.0265625 0.02421875
0 0.38046875 0.59296875 0.03125 0.02421875
0 0.41953125 0.62109375 0.03046875 0.0234375
0 0.45234375 0.6203125 0.03046875 0.02265625
0 0.3671875 0.6359375 0.03203125 0.0296875
0 0.30546875 0.725 0.0296875 0.025
0 0.340625 0.72734375 0.0328125 0.0265625
0 0.42578125 0.64453125 0.0296875 0.025
0 0.4640625 0.6421875 0.03359375 0.02421875
0 0.60078125 0.5921875 0.03359375 0.0265625
0 0.59765625 0.56640625 0.03203125 0.0265625
0 0.6 0.5078125 0.03671875 0.02890625
0 0.56015625 0.60390625 0.03671875 0.0265625
0 0.5609375 0.5703125 0.03671875 0.02578125
0 0.559375 0.63671875 0.03046875 0.0265625
0 0.57578125 0.75546875 0.03203125 0.02890625
0 0.73046875 0.6734375 0.0359375 0.02734375
0 0.71796875 0.6953125 0.03046875 0.0265625
0 0.71640625 0.653125 0.03359375 0.0234375
0 0.878125 0.7078125 0.03046875 0.025
0 0.865625 0.68359375 0.034375 0.02734375
0 0.8484375 0.6234375 0.03671875 0.03046875
0 0.85 0.7203125 0.03203125 0.02421875
0 0.88359375 0.753125 0.03359375 0.0296875
0 0.85 0.8046875 0.0375 0.02734375
0 0.06796875 0.42421875 0.0421875 0.03046875