0 0.7796875 0.05546875 0.0515625 0.05703125
0 0.8296875 0.07109375 0.0578125 0.053125
0 0.88203125 0.0625 0.05625 0.05703125
0 0.83984375 0.125 0.05703125 0.05625
0 0.79765625 0.1546875 0.0546875 0.05390625
0 0.846875 0.20703125 0.05390625 0.05703125
0 0.79921875 0.2265625 0.0546875 0.0578125
0 0.840625 0.2640625 0.05234375 0.053125
0 0.74453125 0.24140625 0.05859375 0.05703125
0 0.69296875 0.2625 0.05703125 0.05703125
0 0.62109375 0.17265625 0.05703125 0.06015625
0 0.75234375 0.2953125 0.05859375 0.05859375
0 0.87265625 0.3125 0.06171875 0.06015625
0 0.82421875 0.3515625 0.0625 0.05859375
0 0.8828125 0.378125 0.0625 0.05703125
0 0.5734375 0.28203125 0.0546875 0.06015625
0 0.584375 0.3484375 0.059375 0.0609375
0 0.53125 0.4 0.059375 0.06171875
0 0.48125 0.38046875 0.0578125 0.05859375
0 0.43359375 0.4 0.0578125 0.05625
0 0.48125 0.44921875 0.05703125 0.06171875
0 0.23515625 0.45859375 0.05625 0.0546875
0 0.2640625 0.50546875 0.0578125 0.0546875
0 0.31953125 0.48828125 0.05546875 0.06171875
0 0.39296875 0.48359375 0.05703125 0.05390625
0 0.44375 0.51015625 0.05703125 0.05625
0 0.1953125 0.54609375 0.05859375 0.05703125
0 0.1609375 0.58984375 0.05703125 0.05625
0 0.125 0.5546875 0.0578125 0.0546875
0 0.17890625 0.703125 0.05859375 0.05546875
0 0.20625 0.746875 0.05390625 0.05546875
0 0.2734375 0.6859375 0.053125 0.05859375
0 0.0953125 0.81015625 0.05625 0.05859375
0 0.14453125 0.81796875 0.0546875 0.05546875
0 0.33359375 0.88828125 0.053125 0.0546875
0 0.55234375 0.9203125 0.05625 0.05625
0 0.409375 0.7390625 0.0515625 0.0546875
0 0.40703125 0.67578125 0.0546875 0.0578125
0 0.41875 0.60390625 0.0546875 0.0546875
0 0.45234375 0.64375 0.05546875 0.05234375
0 0.46953125 0.6953125 0.0578125 0.05546875
0 0.4609375 0.74921875 0.0609375 0.05703125
0 0.50546875 0.571875 0.0546875 0.05625
0 0.55234375 0.5921875 0.05546875 0.06015625
0 0.52109375 0.66875 0.05625 0.05546875
0 0.57890625 0.678125 0.059375 0.05546875
0 0.53671875 0.7171875 0.05546875 0.053125
0 0.584375 0.74453125 0.0546875 0.05703125
0 0.63671875 0.64375 0.05234375 0.05703125
0 0.6484375 0.7046875 0.06015625 0.05859375
0 0.66875 0.75703125 0.05859375 0.05234375
0 0.6953125 0.8078125 0.05390625 0.0609375
0 0.61875 0.53671875 0.05390625 0.05703125
0 0.73984375 0.675 0.05546875 0.05234375
0 0.7828125 0.64140625 0.0578125 0.05703125
0 0.74375 0.73671875 0.0546875 0.0578125
0 0.75703125 0.79375 0.05546875 0.05625
0 0.74453125 0.8421875 0.05234375 0.05546875
0 0.928125 0.67421875 0.05703125 0.05390625
0 0.89375 0.72265625 0.05625 0.05546875
0 0.86796875 0.78046875 0.05625 0.06015625
0 0.83046875 0.821875 0.053125 0.04921875
0 0.8484375 0.86796875 0.05546875 0.05859375
0 0.83984375 0.93359375 0.059375 0.06015625
0 0.90234375 0.83984375 0.0546875 0.0640625
0 0.8875 0.525 0.05625 0.06328125