0 0.609375 0.49453125 0.01875 0.021875
0 0.590625 0.49140625 0.01875 0.021875
0 0.56484375 0.49453125 0.01875 0.01875
0 0.546875 0.49453125 0.01875 0.021875
0 0.57265625 0.4765625 0.01875 0.021875
0 0.55390625 0.475 0.01875 0.01875
0 0.5640625 0.4453125 0.0203125 0.021875
0 0.5484375 0.45703125 0.01875 0.01875
0 0.534375 0.478125 0.01875 0.01875
0 0.5375 0.4390625 0.01875 0.0203125
0 0.5296875 0.46015625 0.01875 0.01875
0 0.5265625 0.421875 0.0203125 0.01875
0 0.5109375 0.4546875 0.01875 0.01875
0 0.471875 0.45390625 0.021875 0.01875
0 0.484375 0.4703125 0.0203125 0.0203125
0 0.4671875 0.48203125 0.021875 0.021875
0 0.47890625 0.49765625 0.021875 0.01875
0 0.4765625 0.52890625 0.0203125 0.01875
0 0.44453125 0.52734375 0.01875 0.0171875
0 0.45703125 0.54140625 0.01875 0.01875
0 0.48828125 0.55859375 0.01875 0.0203125
0 0.46015625 0.56875 0.01875 0.01875
0 0.4703125 0.553125 0.01875 0.01875
0 0.5046875 0.56796875 0.01875 0.021875
0 0.50625 0.58984375 0.01875 0.021875
0 0.56953125 0.603125 0.01875 0.021875
0 0.571875 0.7453125 0.0203125 0.021875
0 0.5765625 0.6890625 0.0203125 0.021875
0 0.56640625 0.7125 0.01875 0.01875
0 0.5625 0.67734375 0.01875 0.01875
0 0.5359375 0.6890625 0.01875 0.0203125
0 0.52109375 0.7 0.01875 0.01875
0 0.48046875 0.79140625 0.01875 0.021875
0 0.50234375 0.70546875 0.01875 0.021875
0 0.47734375 0.653125 0.0203125 0.021875
0 0.48203125 0.675 0.01875 0.021875
0 0.4875 0.6984375 0.01875 0.01875
0 0.46875 0.70234375 0.0171875 0.01875
0 0.47578125 0.71953125 0.0203125 0.021875
0 0.45546875 0.72265625 0.01875 0.021875
0 0.45078125 0.696875 0.01875 0.01875
0 0.43515625 0.71640625 0.01875 0.021875
0 0.4421875 0.7359375 0.01875 0.0203125
0 0.3890625 0.64921875 0.01875 0.01875
0 0.38359375 0.6296875 0.01875 0.0203125
0 0.37109375 0.64296875 0.01875 0.021875
0 0.409375 0.559375 0.01875 0.01875
0 0.38984375 0.54375 0.021875 0.01875
0 0.41796875 0.54375 0.01875 0.021875
0 0.3796875 0.52890625 0.0203125 0.01875
0 0.40546875 0.53046875 0.01875 0.021875
0 0.3734375 0.51015625 0.021875 0.01875
0 0.28125 0.59921875 0.01875 0.01875
0 0.26796875 0.61171875 0.01875 0.021875
0 0.315625 0.5328125 0.01875 0.01875
0 0.31875 0.55234375 0.01875 0.0203125
0 0.303125 0.51640625 0.01875 0.01875
0 0.33125 0.4921875 0.01875 0.01875
0 0.30546875 0.49609375 0.01875 0.0203125
0 0.2953125 0.453125 0.0203125 0.01875
0 0.43203125 0.4 0.01875 0.01875
0 0.36640625 0.4 0.0171875 0.021875
0 0.3546875 0.3796875 0.021875 0.021875
0 0.32421875 0.365625 0.01875 0.01875
0 0.36171875 0.3484375 0.01875 0.0203125
0 0.34609375 0.3625 0.0203125 0.01875
0 0.3140625 0.3484375 0.01875 0.021875
0 0.30390625 0.36953125 0.0203125 0.021875
0 0.29609375 0.3484375 0.01875 0.01875
0 0.2859375 0.3640625 0.0203125 0.01875
0 0.30078125 0.32734375 0.021875 0.0203125
0 0.32734375 0.3171875 0.0203125 0.0203125
0 0.3484375 0.33359375 0.0171875 0.0203125
0 0.31171875 0.30390625 0.021875 0.01875
0 0.2734375 0.3453125 0.01875 0.01875
0 0.28828125 0.30390625 0.021875 0.01875
0 0.28125 0.32578125 0.01875 0.01875
0 0.2609375 0.3265625 0.01875 0.0203125
0 0.2734375 0.290625 0.01875 0.01875
0 0.2578125 0.30703125 0.01875 0.01875
0 0.66640625 0.61953125 0.01875 0.0171875
0 0.69609375 0.528125 0.01875 0.021875
0 0.71875 0.39375 0.01875 0.0203125
0 0.75078125 0.41171875 0.021875 0.021875
0 0.4578125 0.3203125 0.0203125 0.021875
0 0.48046875 0.31953125 0.021875 0.021875
0 0.51484375 0.32421875 0.01875 0.01875
0 0.528125 0.33828125 0.01875 0.01875
0 0.5203125 0.30390625 0.01875 0.021875
0 0.5 0.3109375 0.01875 0.0203125
0 0.4703125 0.3046875 0.01875 0.01875
0 0.5046875 0.29140625 0.01875 0.01875
0 0.48515625 0.290625 0.01875 0.021875
0 0.45078125 0.2984375 0.0203125 0.0203125
0 0.4875 0.27109375 0.01875 0.0203125
0 0.46640625 0.284375 0.01875 0.01875
0 0.53671875 0.1984375 0.021875 0.021875
0 0.48359375 0.24921875 0.021875 0.021875
0 0.4640625 0.26328125 0.01875 0.021875
0 0.4109375 0.246875 0.021875 0.025
0 0.42734375 0.26015625 0.021875 0.021875
0 0.44609375 0.271875 0.0171875 0.021875
0 0.43046875 0.23984375 0.01875 0.0203125
0 0.38828125 0.23828125 0.021875 0.0203125
0 0.32734375 0.27890625 0.01875 0.021875
0 0.27421875 0.26015625 0.0203125 0.021875
0 0.31015625 0.27109375 0.01875 0.0203125
0 0.28984375 0.2484375 0.021875 0.021875
0 0.2578125 0.2484375 0.0203125 0.01875
0 0.23203125 0.27734375 0.0203125 0.01875
0 0.24453125 0.29453125 0.021875 0.01875
0 0.23828125 0.2578125 0.01875 0.0203125
0 0.2171875 0.25703125 0.01875 0.0203125
0 0.19765625 0.2546875 0.0203125 0.01875
0 0.20625 0.2734375 0.01875 0.0171875
0 0.16015625 0.228125 0.021875 0.021875
0 0.1625 0.24765625 0.0203125 0.01875
0 0.178125 0.2609375 0.01875 0.01875
0 0.17734375 0.278125 0.01875 0.01875
0 0.19453125 0.28984375 0.01875 0.0203125
0 0.1625 0.2953125 0.01875 0.01875
0 0.15546875 0.31328125 0.021875 0.01875
0 0.165625 0.32890625 0.01875 0.01875
0 0.2359375 0.37109375 0.021875 0.0203125
0 0.24765625 0.38984375 0.01875 0.021875
0 0.1875 0.34765625 0.0203125 0.0171875
0 0.1640625 0.3765625 0.0203125 0.01875
0 0.1625 0.40234375 0.0203125 0.021875
0 0.134375 0.40234375 0.0203125 0.01875
0 0.13671875 0.421875 0.021875 0.01875
0 0.1546875 0.42734375 0.01875 0.01875
0 0.1703125 0.35546875 0.01875 0.01875
0 0.184375 0.36875 0.01875 0.01875
0 0.1984375 0.3828125 0.01875 0.01875
0 0.19140625 0.4015625 0.01875 0.01875
0 0.18984375 0.421875 0.01875 0.01875
0 0.2265625 0.43046875 0.01875 0.0171875
0 0.2421875 0.4453125 0.0203125 0.01875
0 0.21328125 0.40859375 0.021875 0.01875
0 0.2078125 0.425 0.01875 0.01875
0 0.20859375 0.44453125 0.01875 0.01875
0 0.196875 0.46328125 0.01875 0.0171875
0 0.203125 0.48046875 0.01875 0.01875
0 0.203125 0.5046875 0.0203125 0.01875
0 0.21640625 0.46171875 0.01875 0.021875
0 0.22265625 0.48046875 0.0203125 0.01875
0 0.22109375 0.49921875 0.01875 0.01875
0 0.21953125 0.5171875 0.0203125 0.01875
0 0.22734375 0.59375 0.01875 0.021875
0 0.215625 0.63671875 0.0171875 0.01875
0 0.20703125 0.65390625 0.01875 0.01875
0 0.2140625 0.61484375 0.015625 0.01875
0 0.23515625 0.63515625 0.01875 0.01875
0 0.225 0.66015625 0.01875 0.01875
0 0.2265625 0.6796875 0.015625 0.01875
0 0.22890625 0.70078125 0.0203125 0.01875
0 0.20859375 0.684375 0.0171875 0.0171875
0 0.19765625 0.66953125 0.015625 0.0171875
0 0.18046875 0.525 0.01875 0.0203125
0 0.19375 0.54375 0.01875 0.01875
0 0.19921875 0.5625 0.0203125 0.0171875
0 0.2015625 0.58046875 0.01875 0.01875
0 0.2078125 0.5984375 0.0171875 0.01875
0 0.19921875 0.62890625 0.0171875 0.01875
0 0.19140625 0.64609375 0.015625 0.01875
0 0.1875 0.603125 0.015625 0.0171875
0 0.17421875 0.65 0.015625 0.01875
0 0.17890625 0.584375 0.01875 0.01875
0 0.16171875 0.63828125 0.0171875 0.01875
0 0.15625 0.58359375 0.01875 0.0171875
0 0.13828125 0.596875 0.0203125 0.01875
0 0.15234375 0.61171875 0.01875 0.01875
0 0.1453125 0.62890625 0.01875 0.01875
0 0.490625 0.8078125 0.021875 0.0203125
0 0.3890625 0.69765625 0.01875 0.01875
0 0.328125 0.68046875 0.01875 0.01875
0 0.2921875 0.721875 0.01875 0.01875
0 0.6109375 0.89140625 0.01875 0.01875
0 0.32890625 0.7046875 0.01875 0.0203125
0 0.58515625 0.6125 0.01875 0.021875
0 0.39921875 0.78203125 0.01875 0.01875
0 0.58984375 0.65078125 0.01875 0.021875
0 0.19609375 0.171875 0.021875 0.0234375
0 0.30625 0.70078125 0.01875 0.01875
0 0.603125 0.87421875 0.01875 0.01875
0 0.56875 0.76953125 0.01875 0.0203125
0 0.32421875 0.64375 0.01875 0.021875
0 0.3234375 0.575 0.01875 0.01875
0 0.4140625 0.584375 0.01875 0.0203125
0 0.4015625 0.67265625 0.01875 0.021875
0 0.5140625 0.6125 0.01875 0.01875
0 0.23203125 0.7203125 0.021875 0.021875
0 0.40546875 0.44609375 0.01875 0.021875
0 0.28984375 0.4734375 0.01875 0.021875
0 0.59609375 0.68828125 0.01875 0.021875
0 0.41171875 0.63046875 0.0203125 0.021875
0 0.2703125 0.58203125 0.0203125 0.021875
0 0.28828125 0.75546875 0.0203125 0.021875
0 0.334375 0.5109375 0.0203125 0.0203125
0 0.65390625 0.553125 0.01875 0.01875
0 0.54609375 0.18125 0.021875 0.021875
0 0.25859375 0.67109375 0.01875 0.0203125
0 0.57421875 0.2671875 0.021875 0.021875
0 0.51171875 0.1875 0.0203125 0.025
0 0.278125 0.63359375 0.0203125 0.0203125
0 0.35625 0.2921875 0.021875 0.021875
0 0.36015625 0.490625 0.01875 0.021875
0 0.39765625 0.7484375 0.01875 0.01875
0 0.2828125 0.67890625 0.0203125 0.0203125
0 0.4546875 0.2125 0.021875 0.021875
0 0.4265625 0.4203125 0.01875 0.0203125
0 0.378125 0.4484375 0.021875 0.0203125
0 0.2734375 0.4453125 0.01875 0.021875
0 0.35 0.2640625 0.0203125 0.021875
0 0.646875 0.578125 0.0203125 0.0203125
0 0.7203125 0.49453125 0.0203125 0.0203125
0 0.36875 0.7671875 0.01875 0.01875
0 0.35 0.45078125 0.0203125 0.0203125
0 0.6140625 0.71953125 0.0203125 0.0203125
0 0.4609375 0.74296875 0.01875 0.0203125
0 0.62578125 0.3953125 0.021875 0.021875
0 0.59609375 0.74140625 0.0203125 0.021875
0 0.43203125 0.753125 0.01875 0.01875
0 0.5953125 0.8578125 0.01875 0.01875
0 0.41484375 0.7640625 0.01875 0.0203125
0 0.5609375 0.79765625 0.01875 0.01875
0 0.67578125 0.44296875 0.01875 0.0203125
0 0.48359375 0.228125 0.0203125 0.021875
0 0.54609375 0.7546875 0.01875 0.01875
0 0.37578125 0.428125 0.01875 0.0203125
0 0.35234375 0.23125 0.021875 0.021875
0 0.38203125 0.5890625 0.0203125 0.0203125
0 0.71171875 0.73359375 0.0203125 0.021875
0 0.4546875 0.76328125 0.01875 0.021875
0 0.30625 0.6375 0.01875 0.0203125
0 0.45234375 0.39609375 0.021875 0.021875
0 0.58515625 0.7625 0.0203125 0.021875
0 0.3953125 0.328125 0.01875 0.021875
0 0.43125 0.33828125 0.01875 0.021875
0 0.5359375 0.35546875 0.0203125 0.021875
0 0.51875 0.71875 0.01875 0.0203125
0 0.5875 0.2921875 0.021875 0.021875
0 0.63515625 0.5265625 0.01875 0.01875
0 0.36484375 0.55 0.021875 0.0203125
0 0.2390625 0.5234375 0.025 0.021875
0 0.55 0.728125 0.01875 0.0203125
0 0.58359375 0.84296875 0.01875 0.01875
0 0.178125 0.178125 0.021875 0.028125
0 0.14296875 0.20234375 0.021875 0.021875
0 0.75234375 0.628125 0.021875 0.021875
0 0.5828125 0.45 0.0203125 0.0203125
0 0.55625 0.25390625 0.021875 0.021875
0 0.4640625 0.35234375 0.01875 0.021875
0 0.5671875 0.371875 0.0203125 0.0203125
0 0.48203125 0.3765625 0.01875 0.021875
0 0.634375 0.553125 0.01875 0.01875
0 0.46484375 0.63203125 0.0203125 0.0203125
0 0.38359375 0.39609375 0.0203125 0.021875
0 0.5359375 0.6015625 0.01875 0.01875
0 0.7 0.54765625 0.01875 0.0203125
0 0.43515625 0.51015625 0.01875 0.01875
0 0.84140625 0.56796875 0.021875 0.021875
0 0.63046875 0.81796875 0.01875 0.01875
0 0.6390625 0.46328125 0.01875 0.01875
0 0.58046875 0.346875 0.01875 0.0203125
0 0.52109375 0.2359375 0.021875 0.021875
0 0.71484375 0.6046875 0.021875 0.0203125
0 0.3734375 0.25859375 0.0203125 0.021875
0 0.28671875 0.659375 0.021875 0.0203125
0 0.17890625 0.6796875 0.01875 0.021875
0 0.340625 0.4203125 0.0203125 0.021875
0 0.50078125 0.3390625 0.01875 0.0203125
0 0.58671875 0.31328125 0.021875 0.021875
0 0.5171875 0.359375 0.01875 0.0203125
0 0.46015625 0.23828125 0.0203125 0.021875
0 0.30625 0.5671875 0.0203125 0.0203125
0 0.54921875 0.61484375 0.01875 0.0203125
0 0.11328125 0.55390625 0.0203125 0.01875
0 0.57265625 0.6421875 0.01875 0.0203125
0 0.1734375 0.5 0.021875 0.0203125
0 0.66171875 0.46875 0.021875 0.01875
0 0.3640625 0.66015625 0.01875 0.01875
0 0.56640625 0.309375 0.01875 0.0203125
0 0.525 0.49453125 0.01875 0.0203125
0 0.70390625 0.57890625 0.0203125 0.01875
0 0.40546875 0.27578125 0.01875 0.0234375
0 0.6515625 0.446875 0.021875 0.0203125
0 0.80703125 0.66484375 0.021875 0.021875
0 0.765625 0.6546875 0.01875 0.021875
0 0.1296875 0.3453125 0.0203125 0.01875
0 0.621875 0.5125 0.01875 0.0203125
0 0.5234375 0.3828125 0.01875 0.0203125
0 0.121875 0.678125 0.021875 0.021875
0 0.70859375 0.51328125 0.0203125 0.0203125
0 0.1578125 0.66484375 0.0203125 0.021875
0 0.5078125 0.26953125 0.0203125 0.021875
0 0.76171875 0.42890625 0.01875 0.021875
0 0.78828125 0.65625 0.01875 0.021875
0 0.65546875 0.62734375 0.0203125 0.021875
0 0.38984375 0.76484375 0.01875 0.01875
0 0.39296875 0.56171875 0.01875 0.0203125
0 0.159375 0.4453125 0.01875 0.021875
0 0.4390625 0.67265625 0.01875 0.0203125
0 0.57734375 0.8265625 0.021875 0.0203125
0 0.69375 0.41640625 0.0203125 0.0203125
0 0.5921875 0.71640625 0.01875 0.01875
0 0.171875 0.5609375 0.021875 0.01875
0 0.58984375 0.3796875 0.021875 0.021875
0 0.48359375 0.57890625 0.01875 0.021875
0 0.43515625 0.2125 0.021875 0.025
0 0.4578125 0.6578125 0.0203125 0.021875
0 0.8078125 0.7234375 0.0203125 0.021875
0 0.6703125 0.490625 0.021875 0.01875
0 0.68125 0.54296875 0.01875 0.0203125
0 0.68828125 0.73671875 0.01875 0.021875
0 0.596875 0.51171875 0.0203125 0.021875
0 0.725 0.415625 0.021875 0.021875
0 0.5609375 0.51171875 0.01875 0.0203125
0 0.7421875 0.60625 0.01875 0.0203125
0 0.2390625 0.41796875 0.0203125 0.021875
0 0.3828125 0.66796875 0.01875 0.0203125
0 0.640625 0.84453125 0.021875 0.01875
0 0.45625 0.43984375 0.01875 0.01875
0 0.7 0.49609375 0.0203125 0.021875
0 0.52265625 0.4015625 0.01875 0.01875
0 0.828125 0.55234375 0.01875 0.0203125
0 0.55234375 0.69453125 0.01875 0.0203125
0 0.5546875 0.640625 0.01875 0.021875
0 0.315625 0.38671875 0.0203125 0.021875
0 0.140625 0.36484375 0.01875 0.0203125
0 0.55 0.42421875 0.01875 0.0203125
0 0.53046875 0.2171875 0.0203125 0.021875
0 0.46796875 0.51171875 0.0203125 0.0203125
0 0.39453125 0.25859375 0.0203125 0.021875
0 0.35078125 0.39921875 0.01875 0.021875
0 0.5484375 0.65546875 0.01875 0.0203125
0 0.42890625 0.2828125 0.01875 0.021875
0 0.6796875 0.5171875 0.0203125 0.01875
0 0.10234375 0.53359375 0.01875 0.01875
0 0.134375 0.57890625 0.01875 0.01875
0 0.4734375 0.434375 0.021875 0.021875
0 0.43828125 0.6546875 0.01875 0.021875
0 0.86484375 0.4484375 0.0234375 0.0203125
0 0.86171875 0.42890625 0.0203125 0.01875
0 0.4390625 0.31875 0.01875 0.0203125
0 0.66328125 0.5296875 0.01875 0.0203125
0 0.6984375 0.396875 0.01875 0.021875
0 0.5140625 0.47421875 0.01875 0.01875
0 0.678125 0.4046875 0.0203125 0.0203125
0 0.334375 0.384375 0.0203125 0.021875
0 0.14140625 0.23203125 0.021875 0.021875
0 0.75234375 0.4453125 0.021875 0.021875
0 0.72578125 0.37890625 0.021875 0.025
0 0.78359375 0.7375 0.021875 0.021875
0 0.57578125 0.728125 0.01875 0.0203125
0 0.73828125 0.39609375 0.021875 0.021875
0 0.71953125 0.19765625 0.0203125 0.021875
0 0.6109375 0.38203125 0.021875 0.021875
0 0.86484375 0.40625 0.021875 0.021875
0 0.80078125 0.753125 0.021875 0.0203125
0 0.1828125 0.30703125 0.021875 0.021875
0 0.7328125 0.44765625 0.01875 0.021875
0 0.8625 0.4703125 0.021875 0.0234375
0 0.578125 0.50859375 0.01875 0.0203125
0 0.225 0.2953125 0.021875 0.021875
0 0.77421875 0.34765625 0.021875 0.0203125
0 0.4640625 0.684375 0.01875 0.0203125
0 0.51875 0.4375 0.01875 0.021875
0 0.24140625 0.315625 0.021875 0.021875
0 0.228125 0.3953125 0.021875 0.021875
0 0.6609375 0.509375 0.01875 0.01875
0 0.1203125 0.3671875 0.0203125 0.021875
0 0.775 0.3109375 0.021875 0.021875
0 0.128125 0.21875 0.0203125 0.021875
0 0.45703125 0.46640625 0.01875 0.01875
0 0.14609375 0.38984375 0.01875 0.01875
0 0.6078125 0.36875 0.01875 0.021875
0 0.73671875 0.2234375 0.021875 0.021875
0 0.73984375 0.42890625 0.021875 0.021875
0 0.33359375 0.3484375 0.0203125 0.0203125
0 0.1546875 0.34375 0.01875 0.0203125
0 0.146875 0.64921875 0.01875 0.0203125
0 0.61328125 0.17890625 0.021875 0.021875
0 0.7875 0.61015625 0.021875 0.025
0 0.1828125 0.32890625 0.021875 0.0203125
0 0.69453125 0.30625 0.021875 0.021875
0 0.6234375 0.14453125 0.021875 0.0234375
0 0.671875 0.171875 0.0234375 0.0234375
0 0.1890625 0.44140625 0.01875 0.0203125
0 0.66640625 0.225 0.021875 0.0234375
0 0.85078125 0.7078125 0.0203125 0.021875
0 0.9125 0.346875 0.021875 0.021875
0 0.9296875 0.415625 0.0234375 0.021875
0 0.88203125 0.67265625 0.025 0.0265625
0 0.034375 0.31328125 0.021875 0.01875