0 0.36875 0.76796875 0.01875 0.021875
0 0.35703125 0.73984375 0.0203125 0.01953125
0 0.51796875 0.746875 0.01875 0.01953125
0 0.6046875 0.75 0.01875 0.01953125
0 0.5421875 0.73515625 0.01796875 0.01953125
0 0.49609375 0.73828125 0.01875 0.0203125
0 0.48359375 0.7171875 0.0171875 0.02109375
0 0.51953125 0.7171875 0.0171875 0.01953125
0 0.5015625 0.71796875 0.0171875 0.021875
0 0.54140625 0.7078125 0.01875 0.01953125
0 0.5703125 0.70625 0.01953125 0.0203125
0 0.5203125 0.69765625 0.01953125 0.01953125
0 0.4953125 0.696875 0.01953125 0.021875
0 0.50625 0.6765625 0.01796875 0.01953125
0 0.534375 0.68359375 0.0203125 0.01953125
0 0.546875 0.65 0.01953125 0.01953125
0 0.546875 0.63203125 0.01953125 0.01875
0 0.65234375 0.69296875 0.021875 0.01953125
0 0.80859375 0.73359375 0.021875 0.021875
0 0.775 0.66640625 0.0171875 0.0203125
0 0.80546875 0.64921875 0.01796875 0.01953125
0 0.83203125 0.6828125 0.01640625 0.01953125
0 0.81953125 0.66484375 0.01484375 0.01875
0 0.8296875 0.64921875 0.01796875 0.01796875
0 0.8578125 0.68125 0.0203125 0.02109375
0 0.83984375 0.6640625 0.0171875 0.0203125
0 0.859375 0.6578125 0.0171875 0.0203125
0 0.875 0.61953125 0.01953125 0.0203125
0 0.89765625 0.596875 0.01875 0.01796875
0 0.89140625 0.5796875 0.01875 0.01796875
0 0.87421875 0.57578125 0.0171875 0.01875
0 0.75546875 0.56484375 0.0171875 0.01796875
0 0.74453125 0.55 0.01796875 0.01796875
0 0.74375 0.53125 0.01640625 0.01953125
0 0.7640625 0.5359375 0.01640625 0.01875
0 0.65859375 0.5828125 0.01796875 0.01953125
0 0.6046875 0.6015625 0.01875 0.01953125
0 0.5921875 0.58203125 0.01796875 0.01953125
0 0.60859375 0.575 0.01640625 0.0171875
0 0.6703125 0.56171875 0.01875 0.021875
0 0.67265625 0.5421875 0.0171875 0.01796875
0 0.65078125 0.53359375 0.01640625 0.01953125
0 0.6203125 0.53671875 0.01796875 0.01875
0 0.66953125 0.5234375 0.015625 0.01640625
0 0.65546875 0.51484375 0.01640625 0.0171875
0 0.6359375 0.51796875 0.01953125 0.01875
0 0.609375 0.51484375 0.01953125 0.01796875
0 0.609375 0.49296875 0.0171875 0.01953125
0 0.625 0.50078125 0.01640625 0.015625
0 0.6296875 0.48515625 0.01796875 0.01796875
0 0.64140625 0.5 0.01796875 0.01640625
0 0.66796875 0.50546875 0.0171875 0.01796875
0 0.6859375 0.52421875 0.015625 0.0171875
0 0.68671875 0.50546875 0.01875 0.0171875
0 0.7078125 0.5125 0.01640625 0.01875
0 0.7015625 0.49375 0.015625 0.01640625
0 0.73125 0.50703125 0.01796875 0.01953125
0 0.7234375 0.484375 0.01796875 0.01796875
0 0.67578125 0.48828125 0.01796875 0.01640625
0 0.65546875 0.490625 0.0171875 0.0171875
0 0.6453125 0.47578125 0.015625 0.01796875
0 0.63203125 0.4625 0.01640625 0.0203125
0 0.66171875 0.47265625 0.0171875 0.01796875
0 0.65 0.45625 0.01640625 0.01796875
0 0.68203125 0.471875 0.01796875 0.01640625
0 0.75234375 0.4765625 0.01640625 0.01796875
0 0.7375 0.46484375 0.0171875 0.0171875
0 0.7390625 0.44765625 0.0171875 0.01796875
0 0.76953125 0.44296875 0.0171875 0.01796875
0 0.79765625 0.45 0.0171875 0.0203125
0 0.74765625 0.421875 0.0171875 0.0171875
0 0.721875 0.43125 0.01796875 0.0171875
0 0.71796875 0.4125 0.01796875 0.01796875
0 0.69296875 0.41484375 0.0171875 0.01953125
0 0.73515625 0.40078125 0.01640625 0.0203125
0 0.7125 0.38515625 0.01796875 0.01796875
0 0.6734375 0.40390625 0.01640625 0.0171875
0 0.6765625 0.3875 0.0171875 0.0171875
0 0.65546875 0.4078125 0.0171875 0.01875
0 0.6375 0.40859375 0.01640625 0.01796875
0 0.64765625 0.43515625 0.01875 0.01796875
0 0.6484375 0.3921875 0.01640625 0.0171875
0 0.6296875 0.39453125 0.015625 0.01796875
0 0.478125 0.42734375 0.01796875 0.01953125
0 0.434375 0.5234375 0.0171875 0.01796875
0 0.4 0.4953125 0.01796875 0.01953125
0 0.37109375 0.503125 0.0203125 0.0234375
0 0.31015625 0.53515625 0.021875 0.0203125
0 0.20546875 0.48515625 0.01953125 0.02109375
0 0.15546875 0.55234375 0.01953125 0.021875
0 0.578125 0.4265625 0.01796875 0.0203125
0 0.5796875 0.40390625 0.01796875 0.0203125
0 0.5625 0.38828125 0.015625 0.0171875
0 0.546875 0.38203125 0.01796875 0.01953125
0 0.5609375 0.3703125 0.01640625 0.0171875
0 0.58828125 0.38671875 0.01640625 0.015625
0 0.58125 0.3703125 0.015625 0.01640625
0 0.60625 0.38828125 0.0171875 0.01875
0 0.6015625 0.37109375 0.01640625 0.01796875
0 0.60078125 0.3546875 0.0171875 0.01640625
0 0.615625 0.36484375 0.015625 0.0171875
0 0.62890625 0.37734375 0.01640625 0.0171875
0 0.64609375 0.375 0.01796875 0.0171875
0 0.63359375 0.36015625 0.015625 0.01640625
0 0.61875 0.34765625 0.01640625 0.01640625
0 0.60234375 0.3375 0.01875 0.01640625
0 0.57109375 0.34609375 0.01953125 0.01953125
0 0.55859375 0.33515625 0.01640625 0.01796875
0 0.5796875 0.33046875 0.0171875 0.0171875
0 0.596875 0.31953125 0.01640625 0.01796875
0 0.58046875 0.3046875 0.01640625 0.0171875
0 0.55859375 0.3078125 0.01640625 0.01796875
0 0.56328125 0.2875 0.0171875 0.0171875
0 0.58046875 0.28515625 0.01796875 0.01875
0 0.60234375 0.303125 0.01796875 0.01796875
0 0.60859375 0.28671875 0.01875 0.0171875
0 0.61796875 0.325 0.015625 0.01875
0 0.63125 0.309375 0.015625 0.01796875
0 0.640625 0.32578125 0.01640625 0.01875
0 0.63671875 0.34375 0.0171875 0.0171875
0 0.65703125 0.340625 0.0171875 0.01796875
0 0.65234375 0.3578125 0.015625 0.01796875
0 0.6671875 0.37109375 0.015625 0.01796875
0 0.67265625 0.35 0.01796875 0.01640625
0 0.7 0.3390625 0.0171875 0.01953125
0 0.653125 0.2859375 0.0171875 0.01796875
0 0.6390625 0.253125 0.01875 0.01875
0 0.59453125 0.24375 0.0203125 0.0171875
0 0.571875 0.25859375 0.01953125 0.0203125
0 0.7 0.2890625 0.01875 0.01875
0 0.703125 0.27109375 0.01640625 0.0171875
0 0.7203125 0.26796875 0.01796875 0.01875
0 0.7359375 0.2515625 0.01796875 0.01796875
0 0.728125 0.23046875 0.01796875 0.0171875
0 0.7578125 0.2375 0.01875 0.01953125
0 0.73828125 0.21796875 0.01796875 0.01796875
0 0.74140625 0.20078125 0.0171875 0.01640625
0 0.74140625 0.1796875 0.0203125 0.01875
0 0.65234375 0.23359375 0.01953125 0.01796875
0 0.64375 0.21015625 0.0171875 0.0203125
0 0.6625 0.2203125 0.01875 0.01796875
0 0.66875 0.20234375 0.0171875 0.01640625
0 0.6546875 0.19296875 0.01875 0.0171875
0 0.8015625 0.17578125 0.0171875 0.01875