0 0.3890625 0.0203125 0.0296875 0.0296875
0 0.30234375 0.0875 0.03125 0.0328125
0 0.30546875 0.1328125 0.0296875 0.0296875
0 0.2953125 0.15859375 0.0296875 0.03125
0 0.58828125 0.17890625 0.021875 0.025
0 0.56796875 0.19609375 0.025 0.0234375
0 0.5671875 0.21796875 0.0234375 0.025
0 0.4890625 0.2140625 0.021875 0.025
0 0.540625 0.2265625 0.025 0.025
0 0.56484375 0.26640625 0.021875 0.025
0 0.525 0.29140625 0.0234375 0.025
0 0.50859375 0.3078125 0.021875 0.025
0 0.53359375 0.31484375 0.025 0.0265625
0 0.6671875 0.41484375 0.021875 0.025
0 0.31875 0.4609375 0.0296875 0.0296875
0 0.33125 0.48515625 0.028125 0.0296875
0 0.3234375 0.53359375 0.028125 0.0296875
0 0.4453125 0.353125 0.0265625 0.0296875
0 0.49140625 0.36328125 0.0265625 0.0265625
0 0.54609375 0.38046875 0.0234375 0.0265625
0 0.475 0.38671875 0.0234375 0.025
0 0.50625 0.39296875 0.0234375 0.025
0 0.52421875 0.38828125 0.025 0.0265625
0 0.52421875 0.4171875 0.0234375 0.0265625
0 0.4734375 0.44140625 0.0234375 0.025
0 0.428125 0.48359375 0.0234375 0.025
0 0.43125 0.51796875 0.025 0.025
0 0.515625 0.46484375 0.025 0.025
0 0.62265625 0.51875 0.021875 0.0234375
0 0.45703125 0.5640625 0.025 0.028125
0 0.5125 0.52265625 0.0234375 0.0265625
0 0.5546875 0.534375 0.021875 0.025
0 0.5984375 0.56015625 0.0234375 0.021875
0 0.58125 0.5765625 0.021875 0.0234375
0 0.5515625 0.5921875 0.021875 0.021875
0 0.540625 0.60703125 0.021875 0.021875
0 0.54140625 0.6515625 0.021875 0.025
0 0.52265625 0.62265625 0.025 0.025
0 0.5 0.621875 0.021875 0.021875
0 0.48828125 0.6390625 0.021875 0.025
0 0.50625 0.64375 0.0203125 0.025
0 0.49140625 0.6625 0.021875 0.021875
0 0.35546875 0.5984375 0.0296875 0.0328125
0 0.37734375 0.61015625 0.025 0.025
0 0.421875 0.6265625 0.0265625 0.028125
0 0.409375 0.6875 0.0265625 0.0265625
0 0.4609375 0.6640625 0.0265625 0.028125
0 0.50390625 0.68125 0.0234375 0.0265625
0 0.5203125 0.66640625 0.025 0.025
0 0.553125 0.67578125 0.0234375 0.021875
0 0.56953125 0.70390625 0.025 0.025
0 0.53984375 0.69296875 0.0234375 0.025
0 0.515625 0.70703125 0.021875 0.0234375
0 0.5359375 0.71328125 0.025 0.0234375
0 0.52734375 0.73359375 0.025 0.025
0 0.5796875 0.7515625 0.025 0.025
0 0.56015625 0.7578125 0.021875 0.0234375
0 0.253125 0.31015625 0.0328125 0.0296875
0 0.24921875 0.3421875 0.0328125 0.03125
0 0.24375 0.36875 0.0328125 0.0296875
0 0.21875 0.37734375 0.0296875 0.0296875
0 0.203125 0.409375 0.0296875 0.0328125
0 0.15859375 0.4265625 0.0296875 0.0328125
0 0.2265625 0.446875 0.0296875 0.0296875
0 0.24375 0.4640625 0.0296875 0.0296875
0 0.2328125 0.4875 0.0296875 0.03125
0 0.221875 0.53515625 0.0296875 0.0328125
0 0.2921875 0.58671875 0.0265625 0.028125
0 0.23203125 0.65 0.0296875 0.0328125
0 0.33203125 0.62265625 0.025 0.025
0 0.32890625 0.64921875 0.028125 0.028125
0 0.35 0.665625 0.0265625 0.0296875
0 0.2859375 0.6765625 0.028125 0.0296875
0 0.31328125 0.6703125 0.028125 0.028125
0 0.32734375 0.68671875 0.0234375 0.025
0 0.38203125 0.7296875 0.0265625 0.0265625
0 0.31328125 0.71484375 0.0296875 0.0296875
0 0.3375 0.72734375 0.028125 0.0296875
0 0.29140625 0.7046875 0.034375 0.0296875
0 0.28671875 0.728125 0.028125 0.0265625
0 0.29140625 0.74765625 0.0296875 0.0296875
0 0.315625 0.7515625 0.0265625 0.028125
0 0.209375 0.6953125 0.03125 0.034375
0 0.24453125 0.72421875 0.03125 0.0296875
0 0.25078125 0.74609375 0.03125 0.0296875
0 0.2125 0.7546875 0.0296875 0.0296875
0 0.25703125 0.76953125 0.0296875 0.03125
0 0.20546875 0.7859375 0.0296875 0.03125
0 0.25078125 0.80078125 0.0265625 0.028125
0 0.39609375 0.78515625 0.0265625 0.028125
0 0.39921875 0.8078125 0.0265625 0.0296875
0 0.3953125 0.846875 0.0265625 0.028125
0 0.45546875 0.790625 0.025 0.025
0 0.44609375 0.821875 0.025 0.028125
0 0.50859375 0.7875 0.021875 0.025
0 0.5203125 0.8203125 0.021875 0.0234375
0 0.528125 0.8390625 0.021875 0.025
0 0.534375 0.86171875 0.0234375 0.0265625
0 0.51171875 0.8953125 0.021875 0.025