0 0.12109375 0.228125 0.0390625 0.040625
0 0.165625 0.309375 0.040625 0.0390625
0 0.371875 0.2265625 0.040625 0.040625
0 0.42890625 0.21875 0.0359375 0.0375
0 0.45234375 0.253125 0.040625 0.04375
0 0.478125 0.2859375 0.0390625 0.0375
0 0.465625 0.3140625 0.0359375 0.040625
0 0.4796875 0.34296875 0.034375 0.0375
0 0.503125 0.32109375 0.0375 0.0375
0 0.61328125 0.2578125 0.0328125 0.0328125
0 0.3234375 0.28203125 0.040625 0.0375
0 0.39921875 0.26171875 0.0375 0.0359375
0 0.41484375 0.28984375 0.034375 0.034375
0 0.4140625 0.3203125 0.0328125 0.0328125
0 0.43984375 0.35234375 0.0359375 0.0375
0 0.4671875 0.3828125 0.034375 0.0359375
0 0.47890625 0.4125 0.034375 0.034375
0 0.4453125 0.428125 0.0375 0.0375
0 0.42890625 0.39765625 0.0375 0.0375
0 0.40859375 0.37890625 0.0359375 0.040625
0 0.3953125 0.34765625 0.034375 0.0375
0 0.3671875 0.3328125 0.034375 0.0375
0 0.36875 0.3671875 0.0375 0.0375
0 0.390625 0.4046875 0.034375 0.0390625
0 0.41875 0.42578125 0.0359375 0.0359375
0 0.41640625 0.46015625 0.0375 0.0375
0 0.35078125 0.4984375 0.0375 0.040625
0 0.234375 0.72890625 0.034375 0.0390625
0 0.24140625 0.79375 0.0375 0.0390625
0 0.50625 0.2875 0.0359375 0.0375
0 0.5234375 0.25 0.0375 0.0390625
0 0.55625 0.23203125 0.040625 0.0359375
0 0.5484375 0.26171875 0.034375 0.034375
0 0.578125 0.26796875 0.0375 0.034375
0 0.5921875 0.2421875 0.0375 0.0375
0 0.69921875 0.2546875 0.0359375 0.0375
0 0.6390625 0.2453125 0.034375 0.0375
0 0.67265625 0.25 0.034375 0.0359375
0 0.66171875 0.2734375 0.0328125 0.0328125
0 0.63125 0.27890625 0.0375 0.0375
0 0.5578125 0.2875 0.034375 0.0328125
0 0.6 0.28984375 0.034375 0.034375
0 0.584375 0.31171875 0.0375 0.0359375
0 0.54609375 0.31328125 0.03125 0.0328125
0 0.5578125 0.33828125 0.034375 0.034375
0 0.5875 0.34296875 0.034375 0.0390625
0 0.628125 0.31328125 0.0375 0.0390625
0 0.66796875 0.30234375 0.0390625 0.034375
0 0.7046875 0.2890625 0.0359375 0.0375
0 0.7359375 0.2953125 0.0359375 0.034375
0 0.721875 0.32265625 0.0359375 0.0375
0 0.7609375 0.31328125 0.034375 0.0375
0 0.625 0.41875 0.03125 0.0359375
0 0.59609375 0.4140625 0.0359375 0.034375
0 0.59140625 0.44375 0.034375 0.034375
0 0.64453125 0.3890625 0.0375 0.0375
0 0.66796875 0.3625 0.0390625 0.0375
0 0.69609375 0.334375 0.0375 0.0375
0 0.7234375 0.35078125 0.0359375 0.034375
0 0.7828125 0.34921875 0.0390625 0.034375
0 0.746875 0.37109375 0.034375 0.0375
0 0.74453125 0.40078125 0.0390625 0.034375
0 0.85078125 0.41796875 0.040625 0.040625
0 0.8375 0.4640625 0.0421875 0.0453125
0 0.72578125 0.421875 0.0375 0.040625
0 0.68984375 0.4109375 0.0375 0.0359375
0 0.7 0.44453125 0.0375 0.040625
0 0.6703125 0.46484375 0.0375 0.040625
0 0.70390625 0.48828125 0.0390625 0.0375
0 0.64453125 0.48671875 0.0359375 0.040625
0 0.6796875 0.5140625 0.040625 0.0375
0 0.6078125 0.49375 0.040625 0.0390625
0 0.58515625 0.4703125 0.040625 0.0375
0 0.5390625 0.44921875 0.040625 0.0375
0 0.528125 0.4859375 0.0390625 0.04375
0 0.50703125 0.5125 0.0375 0.040625
0 0.44453125 0.55546875 0.0375 0.040625
0 0.4671875 0.5765625 0.0375 0.040625
0 0.4796875 0.5421875 0.0390625 0.040625
0 0.5078125 0.5515625 0.034375 0.0390625
0 0.5765625 0.509375 0.0390625 0.0421875
0 0.55859375 0.546875 0.0375 0.040625
0 0.55234375 0.58046875 0.0421875 0.0421875
0 0.47421875 0.66640625 0.0375 0.04375
0 0.5921875 0.6078125 0.040625 0.04375
0 0.56015625 0.61796875 0.0375 0.040625
0 0.54453125 0.66328125 0.0375 0.034375
0 0.521875 0.759375 0.0375 0.040625
0 0.6296875 0.63203125 0.040625 0.0375
0 0.64296875 0.6625 0.0375 0.0375
0 0.671875 0.62578125 0.0375 0.0375
0 0.67421875 0.66328125 0.0390625 0.040625
0 0.9359375 0.55625 0.0375 0.0375
0 0.76171875 0.671875 0.0375 0.0390625
0 0.78984375 0.66796875 0.0375 0.0375
0 0.7625 0.6171875 0.0375 0.0375
0 0.80390625 0.6421875 0.0359375 0.0375
0 0.82734375 0.615625 0.040625 0.0375
0 0.778125 0.7625 0.040625 0.0421875