0 0.24765625 0.1828125 0.0171875 0.0171875
0 0.2625 0.178125 0.021875 0.01640625
0 0.3515625 0.09765625 0.01640625 0.015625
0 0.3625 0.15234375 0.01796875 0.01640625
0 0.40859375 0.14453125 0.01796875 0.01484375
0 0.45234375 0.1796875 0.01875 0.015625
0 0.484375 0.18671875 0.02109375 0.015625
0 0.5953125 0.1578125 0.01875 0.01796875
0 0.6171875 0.15078125 0.01953125 0.01640625
0 0.61953125 0.1734375 0.01953125 0.01640625
0 0.59609375 0.20859375 0.01796875 0.015625
0 0.61328125 0.23125 0.0203125 0.01484375
0 0.640625 0.2390625 0.0203125 0.01484375
0 0.61796875 0.24375 0.01953125 0.0140625
0 0.57265625 0.28203125 0.0203125 0.01640625
0 0.56015625 0.290625 0.01796875 0.01484375
0 0.55 0.3046875 0.01875 0.01796875
0 0.478125 0.275 0.021875 0.01640625
0 0.5015625 0.28046875 0.01953125 0.01875
0 0.4703125 0.30234375 0.021875 0.01640625
0 0.46015625 0.3171875 0.0203125 0.015625
0 0.4609375 0.334375 0.02109375 0.01875
0 0.34765625 0.25234375 0.02109375 0.01484375
0 0.35390625 0.26796875 0.021875 0.015625
0 0.35 0.2859375 0.02109375 0.0171875
0 0.28046875 0.2765625 0.0203125 0.01796875
0 0.3359375 0.29453125 0.0203125 0.01640625
0 0.26953125 0.3328125 0.0203125 0.0171875
0 0.28828125 0.32578125 0.02109375 0.01875
0 0.375 0.33984375 0.02109375 0.01953125
0 0.33125 0.35546875 0.01875 0.0203125
0 0.53984375 0.3546875 0.0203125 0.01796875
0 0.52890625 0.375 0.0203125 0.01796875
0 0.5984375 0.39453125 0.0203125 0.01953125
0 0.6703125 0.39375 0.021875 0.01875
0 0.6953125 0.3921875 0.02109375 0.0171875
0 0.703125 0.40703125 0.02109375 0.0171875
0 0.71953125 0.41796875 0.021875 0.0171875
0 0.7015625 0.428125 0.02109375 0.01875
0 0.2484375 0.36328125 0.02265625 0.02109375
0 0.24453125 0.390625 0.0234375 0.02109375
0 0.26875 0.39765625 0.0234375 0.02109375
0 0.24609375 0.42109375 0.025 0.02265625
0 0.27734375 0.4234375 0.021875 0.021875
0 0.2546875 0.4640625 0.0234375 0.025
0 0.24296875 0.4953125 0.025 0.02265625
0 0.215625 0.52421875 0.025 0.025
0 0.17421875 0.59765625 0.02578125 0.025
0 0.21015625 0.590625 0.02578125 0.021875
0 0.1984375 0.61875 0.02421875 0.02578125
0 0.225 0.61015625 0.02734375 0.021875
0 0.2734375 0.6234375 0.025 0.0234375
0 0.28984375 0.640625 0.025 0.025
0 0.325 0.61171875 0.02421875 0.02421875
0 0.478125 0.46875 0.02109375 0.0203125
0 0.4859375 0.49140625 0.02265625 0.0203125
0 0.41953125 0.4375 0.021875 0.01953125
0 0.42734375 0.45859375 0.02265625 0.0203125
0 0.440625 0.48125 0.02265625 0.0203125
0 0.321875 0.48125 0.02421875 0.0203125
0 0.36953125 0.49453125 0.02265625 0.0203125
0 0.39453125 0.50546875 0.02421875 0.021875
0 0.4328125 0.50078125 0.02265625 0.02109375
0 0.47890625 0.5234375 0.021875 0.0203125
0 0.309375 0.515625 0.025 0.02109375
0 0.33359375 0.51015625 0.02265625 0.0203125
0 0.325 0.53125 0.02265625 0.02109375
0 0.278125 0.55078125 0.02578125 0.021875
0 0.29140625 0.56875 0.0234375 0.02265625
0 0.30390625 0.5484375 0.02421875 0.02109375
0 0.325 0.55703125 0.025 0.0234375
0 0.378125 0.56328125 0.0234375 0.021875
0 0.4546875 0.5359375 0.0234375 0.021875
0 0.46015625 0.56953125 0.025 0.021875
0 0.63515625 0.45859375 0.0234375 0.021875
0 0.59609375 0.471875 0.02265625 0.02109375
0 0.56875 0.4796875 0.02109375 0.0171875
0 0.5609375 0.49609375 0.0234375 0.01953125
0 0.58359375 0.50546875 0.02421875 0.02109375
0 0.5265625 0.52890625 0.02578125 0.0203125
0 0.5484375 0.51640625 0.02265625 0.01875
0 0.5703125 0.525 0.02265625 0.0203125
0 0.546875 0.53671875 0.0140625 0.0203125
0 0.56171875 0.5390625 0.021875 0.021875
0 0.584375 0.54453125 0.02265625 0.01875
0 0.55078125 0.5609375 0.02578125 0.02109375
0 0.5734375 0.5625 0.02578125 0.02265625
0 0.56171875 0.58125 0.03046875 0.0203125
0 0.56796875 0.603125 0.02578125 0.021875
0 0.5953125 0.60078125 0.028125 0.02421875
0 0.5140625 0.640625 0.025 0.02421875
0 0.53984375 0.634375 0.028125 0.025
0 0.428125 0.634375 0.02578125 0.0234375
0 0.384375 0.6765625 0.02578125 0.028125
0 0.403125 0.7125 0.0296875 0.0265625
0 0.49921875 0.678125 0.028125 0.02734375
0 0.56171875 0.67109375 0.02734375 0.02421875
0 0.56875 0.69765625 0.0265625 0.02734375
0 0.6484375 0.7359375 0.02890625 0.03125
0 0.63046875 0.778125 0.0296875 0.0296875