0 0.90625 0.2296875 0.05 0.053125
0 0.8640625 0.26640625 0.05 0.0546875
0 0.85859375 0.31484375 0.05 0.0578125
0 0.815625 0.2390625 0.046875 0.0546875
0 0.80078125 0.14609375 0.0453125 0.0515625
0 0.78046875 0.19453125 0.0453125 0.0515625
0 0.69296875 0.14453125 0.0421875 0.0484375
0 0.73359375 0.1734375 0.0421875 0.0453125
0 0.75234375 0.22421875 0.040625 0.0484375
0 0.80546875 0.290625 0.0453125 0.0484375
0 0.7734375 0.31796875 0.0484375 0.0484375
0 0.765625 0.2671875 0.0453125 0.05
0 0.71875 0.24296875 0.0453125 0.0453125
0 0.72890625 0.28828125 0.0453125 0.0515625
0 0.68203125 0.23828125 0.0421875 0.0515625
0 0.6921875 0.3125 0.04375 0.05
0 0.64375 0.25546875 0.040625 0.05
0 0.63984375 0.21171875 0.0390625 0.0453125
0 0.621875 0.1734375 0.0390625 0.046875
0 0.58203125 0.18046875 0.040625 0.0453125
0 0.59453125 0.22734375 0.0375 0.0453125
0 0.6109375 0.26328125 0.0375 0.046875
0 0.60859375 0.31328125 0.0390625 0.046875
0 0.58046875 0.28828125 0.0390625 0.046875
0 0.57421875 0.33203125 0.0390625 0.046875
0 0.5484375 0.27890625 0.0375 0.0390625
0 0.5484375 0.3125 0.0359375 0.04375
0 0.5234375 0.33671875 0.0359375 0.04375
0 0.515625 0.29921875 0.0375 0.0421875
0 0.4828125 0.2921875 0.0359375 0.04375
0 0.421875 0.3765625 0.0375 0.04375
0 0.44453125 0.31484375 0.0359375 0.0421875
0 0.4265625 0.2859375 0.0328125 0.0390625
0 0.45625 0.278125 0.0359375 0.04375
0 0.471875 0.2484375 0.034375 0.040625
0 0.50390625 0.259375 0.0359375 0.0453125
0 0.48984375 0.2140625 0.0328125 0.04375
0 0.5234375 0.21796875 0.0359375 0.046875
0 0.5078125 0.18046875 0.0359375 0.0421875
0 0.53125 0.1421875 0.0375 0.04375
0 0.49609375 0.14453125 0.0375 0.040625
0 0.4609375 0.21015625 0.0359375 0.040625
0 0.46796875 0.171875 0.034375 0.0375
0 0.4375 0.13125 0.0359375 0.040625
0 0.43671875 0.19296875 0.0328125 0.040625
0 0.43984375 0.2359375 0.034375 0.040625
0 0.4140625 0.25546875 0.0328125 0.0390625
0 0.3984375 0.31640625 0.0328125 0.0421875
0 0.3703125 0.3640625 0.034375 0.040625
0 0.36875 0.3234375 0.034375 0.0375
0 0.34140625 0.35 0.0359375 0.0375
0 0.41875 0.16953125 0.0328125 0.0421875
0 0.4109375 0.21015625 0.0359375 0.0421875
0 0.39921875 0.14375 0.03125 0.0390625
0 0.39375 0.1875 0.0328125 0.040625
0 0.38359375 0.2453125 0.0328125 0.0375
0 0.38671875 0.2796875 0.0328125 0.0421875
0 0.36015625 0.290625 0.03125 0.0390625
0 0.32421875 0.31796875 0.0328125 0.040625
0 0.35078125 0.25546875 0.0328125 0.040625
0 0.36640625 0.2203125 0.0328125 0.04375
0 0.3734375 0.1515625 0.03125 0.040625
0 0.353125 0.13046875 0.0296875 0.0375
0 0.32890625 0.1515625 0.0328125 0.04375
0 0.3421875 0.2125 0.0296875 0.040625
0 0.3234375 0.24609375 0.0296875 0.0375
0 0.31796875 0.2828125 0.03125 0.0390625
0 0.315625 0.21015625 0.0296875 0.0375
0 0.2984375 0.24140625 0.0359375 0.040625
0 0.2890625 0.28203125 0.0328125 0.040625
0 0.2875 0.2140625 0.0265625 0.034375
0 0.303125 0.178125 0.03125 0.034375
0 0.30703125 0.1234375 0.03125 0.040625
0 0.2828125 0.1421875 0.0328125 0.0375
0 0.26484375 0.2296875 0.0328125 0.040625
0 0.275 0.1734375 0.0296875 0.0390625
0 0.25703125 0.1 0.025 0.0359375
0 0.23984375 0.14375 0.028125 0.0375
0 0.25078125 0.1671875 0.0296875 0.034375
0 0.23984375 0.225 0.0296875 0.040625
0 0.23203125 0.2609375 0.0296875 0.04375
0 0.19921875 0.11640625 0.0328125 0.0421875
0 0.1859375 0.2265625 0.0296875 0.04375
0 0.16484375 0.19296875 0.03125 0.0359375
0 0.13984375 0.23828125 0.0359375 0.040625
0 0.15703125 0.27890625 0.0328125 0.040625
0 0.315625 0.4109375 0.0359375 0.046875
0 0.275 0.40625 0.0390625 0.0421875
0 0.29453125 0.4765625 0.0359375 0.046875
0 0.31328125 0.56796875 0.040625 0.05
0 0.22890625 0.48125 0.0296875 0.04375
0 0.15 0.41640625 0.0296875 0.0375
0 0.11328125 0.33359375 0.0265625 0.0375
0 0.1125 0.30234375 0.0265625 0.0375
0 0.13125 0.34453125 0.0296875 0.040625
0 0.1765625 0.415625 0.0328125 0.04375
0 0.24375 0.8203125 0.040625 0.0515625
0 0.196875 0.75 0.0390625 0.04375
0 0.16796875 0.815625 0.0390625 0.05