0 0.590625 0.3390625 0.0296875 0.0296875
0 0.65625 0.43359375 0.03125 0.028125
0 0.93984375 0.13671875 0.0375 0.0375
0 0.8828125 0.29921875 0.04375 0.0328125
0 0.46875 0.06328125 0.0375 0.0375
0 0.7828125 0.2015625 0.0390625 0.0359375
0 0.76875 0.16640625 0.0390625 0.034375
0 0.8484375 0.23515625 0.034375 0.034375
0 0.646875 0.16640625 0.0375 0.0359375
0 0.33125 0.24609375 0.034375 0.040625
0 0.3640625 0.86875 0.028125 0.021875
0 0.7859375 0.253125 0.0328125 0.034375
0 0.8171875 0.3140625 0.0359375 0.0328125
0 0.79296875 0.29453125 0.0359375 0.0375
0 0.74765625 0.35546875 0.0375 0.0375
0 0.74375 0.3171875 0.034375 0.034375
0 0.3375 0.8671875 0.028125 0.0234375
0 0.828125 0.2796875 0.034375 0.034375
0 0.74375 0.44921875 0.0328125 0.03125
0 0.715625 0.23671875 0.034375 0.034375
0 0.53671875 0.15078125 0.0375 0.0375
0 0.72265625 0.42578125 0.034375 0.03125
0 0.146875 0.51953125 0.034375 0.028125
0 0.65234375 0.21328125 0.0359375 0.034375
0 0.696875 0.275 0.0359375 0.0359375
0 0.715625 0.30078125 0.034375 0.0375
0 0.5171875 0.30390625 0.034375 0.0328125
0 0.47890625 0.2046875 0.034375 0.040625
0 0.34765625 0.31015625 0.0375 0.034375
0 0.66796875 0.24765625 0.0375 0.0359375
0 0.69609375 0.41015625 0.0328125 0.03125
0 0.70625 0.36953125 0.034375 0.03125
0 0.65859375 0.2953125 0.034375 0.034375
0 0.61953125 0.27578125 0.034375 0.034375
0 0.55703125 0.19296875 0.0359375 0.0375
0 0.59296875 0.1984375 0.0359375 0.0375
0 0.51640625 0.20078125 0.0359375 0.0375
0 0.5640625 0.321875 0.034375 0.034375
0 0.43671875 0.25 0.0328125 0.034375
0 0.2140625 0.58671875 0.03125 0.028125
0 0.615625 0.22109375 0.0375 0.0359375
0 0.675 0.39375 0.03125 0.03125
0 0.57109375 0.2890625 0.034375 0.034375
0 0.5359375 0.23828125 0.0359375 0.0359375
0 0.64140625 0.40625 0.0328125 0.03125
0 0.6796875 0.353125 0.0328125 0.03125
0 0.6140625 0.421875 0.0328125 0.03125
0 0.4984375 0.24296875 0.034375 0.034375
0 0.534375 0.275 0.034375 0.034375
0 0.59921875 0.30703125 0.034375 0.034375
0 0.546875 0.4453125 0.03125 0.0296875
0 0.65 0.4609375 0.0328125 0.03125
0 0.61640625 0.3546875 0.034375 0.034375
0 0.39140625 0.3171875 0.034375 0.034375
0 0.55859375 0.3578125 0.034375 0.0328125
0 0.61875 0.4625 0.0328125 0.03125
0 0.52890625 0.334375 0.0328125 0.034375
0 0.36484375 0.346875 0.034375 0.03125
0 0.5734375 0.45859375 0.03125 0.0296875
0 0.65625 0.33046875 0.0359375 0.0328125
0 0.58125 0.40078125 0.03125 0.03125
0 0.56171875 0.4953125 0.034375 0.028125
0 0.61953125 0.3875 0.03125 0.0328125
0 0.64765625 0.36171875 0.034375 0.034375
0 0.4921875 0.3921875 0.0328125 0.03125
0 0.53359375 0.47265625 0.03125 0.0296875
0 0.51953125 0.36640625 0.0328125 0.03125
0 0.59375 0.48046875 0.03125 0.0296875
0 0.58203125 0.43046875 0.03125 0.03125
0 0.5 0.4703125 0.03125 0.0296875
0 0.55390625 0.4140625 0.03125 0.03125
0 0.45625 0.28046875 0.034375 0.034375
0 0.203125 0.55859375 0.034375 0.028125
0 0.4234375 0.3046875 0.034375 0.034375
0 0.49609375 0.27578125 0.034375 0.034375
0 0.57265625 0.24140625 0.034375 0.0359375
0 0.515625 0.446875 0.03125 0.03125
0 0.51640625 0.4109375 0.0328125 0.0328125
0 0.53203125 0.50078125 0.03125 0.03125
0 0.4890625 0.3546875 0.034375 0.0328125
0 0.4859375 0.3203125 0.034375 0.034375
0 0.4859375 0.4375 0.03125 0.03125
0 0.4609375 0.41015625 0.0328125 0.03125
0 0.40234375 0.35390625 0.0328125 0.03125
0 0.5875 0.36875 0.0328125 0.0328125
0 0.18671875 0.53359375 0.0328125 0.028125
0 0.4546875 0.31328125 0.034375 0.034375
0 0.31171875 0.37890625 0.034375 0.03125
0 0.54140625 0.39296875 0.0328125 0.034375
0 0.403125 0.4078125 0.03125 0.03125
0 0.4078125 0.46484375 0.03125 0.0296875
0 0.43046875 0.36484375 0.03125 0.03125
0 0.46796875 0.46171875 0.03125 0.03125
0 0.4578125 0.3796875 0.03125 0.03125
0 0.4359375 0.5140625 0.0328125 0.028125
0 0.40703125 0.5 0.0328125 0.03125
0 0.50078125 0.50703125 0.03125 0.0296875
0 0.4390625 0.4546875 0.03125 0.0296875
0 0.3796875 0.384375 0.0328125 0.03125
0 0.4578125 0.35 0.034375 0.034375
0 0.43046875 0.425 0.03125 0.03125
0 0.32734375 0.40625 0.034375 0.03125
0 0.43515625 0.48671875 0.0328125 0.028125
0 0.47578125 0.4890625 0.0328125 0.03125
0 0.3765625 0.421875 0.03125 0.0296875
0 0.3765625 0.48828125 0.03125 0.03125
0 0.3921875 0.55859375 0.03125 0.03125
0 0.46875 0.51640625 0.03125 0.03125
0 0.39609375 0.5265625 0.03125 0.03125
0 0.37734375 0.45625 0.03125 0.03125
0 0.3546875 0.51484375 0.03125 0.028125
0 0.2046875 0.45546875 0.034375 0.03125
0 0.34375 0.43125 0.0328125 0.0296875
0 0.43125 0.39609375 0.03125 0.03125
0 0.18828125 0.48515625 0.034375 0.0296875
0 0.41953125 0.54453125 0.03125 0.0296875
0 0.36875 0.5390625 0.03125 0.03125
0 0.33828125 0.5359375 0.03125 0.028125
0 0.34375 0.45859375 0.0328125 0.03125
0 0.3390625 0.48671875 0.034375 0.03125
0 0.2890625 0.41875 0.034375 0.03125
0 0.31484375 0.4359375 0.03125 0.0296875
0 0.22421875 0.4328125 0.0375 0.03125
0 0.321875 0.51015625 0.03125 0.028125
0 0.3515625 0.5625 0.0328125 0.028125
0 0.26171875 0.40078125 0.0359375 0.03125
0 0.28203125 0.45703125 0.034375 0.0296875
0 0.40390625 0.43671875 0.03125 0.0296875
0 0.31015625 0.56015625 0.03125 0.0296875
0 0.2640625 0.4859375 0.03125 0.028125
0 0.31328125 0.46484375 0.0328125 0.028125
0 0.29375 0.49765625 0.034375 0.03125
0 0.2953125 0.5359375 0.034375 0.03125
0 0.27734375 0.56640625 0.03125 0.0296875
0 0.2578125 0.43359375 0.0328125 0.03125
0 0.23203125 0.53984375 0.03125 0.028125
0 0.2625 0.54453125 0.0328125 0.0296875
0 0.23671875 0.51015625 0.0328125 0.0296875
0 0.2046875 0.5109375 0.034375 0.03125
0 0.228125 0.48203125 0.034375 0.0296875
0 0.24609375 0.4609375 0.0328125 0.0296875
0 0.26640625 0.5203125 0.03125 0.028125