0 0.19765625 0.56875 0.0390625 0.0359375
0 0.2796875 0.59140625 0.0359375 0.034375
0 0.30390625 0.61015625 0.034375 0.0328125
0 0.31171875 0.6921875 0.0359375 0.0359375
0 0.27890625 0.8140625 0.0359375 0.034375
0 0.21640625 0.81796875 0.0359375 0.0375
0 0.3203125 0.796875 0.0359375 0.034375
0 0.34921875 0.7546875 0.0328125 0.034375
0 0.396875 0.6640625 0.0328125 0.0359375
0 0.40703125 0.58828125 0.0328125 0.0328125
0 0.27578125 0.50859375 0.0359375 0.0328125
0 0.2921875 0.55390625 0.034375 0.0328125
0 0.31015625 0.5109375 0.034375 0.0328125
0 0.3359375 0.52265625 0.0328125 0.0359375
0 0.32890625 0.5828125 0.034375 0.0359375
0 0.3015625 0.46640625 0.0359375 0.0328125
0 0.32265625 0.4359375 0.034375 0.0328125
0 0.34140625 0.46796875 0.034375 0.0328125
0 0.35703125 0.4984375 0.0328125 0.0296875
0 0.3703125 0.53203125 0.0328125 0.0359375
0 0.3984375 0.53828125 0.03125 0.0328125
0 0.42578125 0.5375 0.0296875 0.0296875
0 0.40859375 0.478125 0.03125 0.03125
0 0.4140625 0.51171875 0.028125 0.0296875
0 0.3828125 0.4609375 0.0328125 0.0296875
0 0.32578125 0.39765625 0.0359375 0.0359375
0 0.3578125 0.43515625 0.0328125 0.0328125
0 0.33203125 0.36015625 0.0328125 0.0390625
0 0.35859375 0.3765625 0.0296875 0.034375
0 0.37734375 0.39765625 0.0328125 0.03125
0 0.38125 0.3578125 0.0328125 0.0328125
0 0.390625 0.32421875 0.0328125 0.0328125
0 0.4125 0.30546875 0.0328125 0.034375
0 0.421875 0.3390625 0.0296875 0.0328125
0 0.409375 0.3640625 0.0328125 0.0328125
0 0.40859375 0.39453125 0.0328125 0.0328125
0 0.40234375 0.43125 0.0328125 0.0328125
0 0.4296875 0.41953125 0.0296875 0.0328125
0 0.446875 0.38984375 0.03125 0.03125
0 0.45390625 0.31875 0.0328125 0.0328125
0 0.45078125 0.3609375 0.0328125 0.03125
0 0.43203125 0.4609375 0.0296875 0.0328125
0 0.45234375 0.50078125 0.0296875 0.03125
0 0.45703125 0.5328125 0.0296875 0.0328125
0 0.45234375 0.5765625 0.0328125 0.034375
0 0.4546875 0.47109375 0.0296875 0.0296875
0 0.45234375 0.4390625 0.0296875 0.0296875
0 0.4703125 0.41953125 0.03125 0.0296875
0 0.48046875 0.36015625 0.028125 0.0328125
0 0.48203125 0.390625 0.03125 0.0359375
0 0.48359375 0.3125 0.0328125 0.03125
0 0.5078125 0.33515625 0.0296875 0.0296875
0 0.5078125 0.365625 0.028125 0.03125
0 0.4953125 0.4296875 0.0265625 0.0296875
0 0.4765625 0.44921875 0.028125 0.0296875
0 0.4984375 0.465625 0.0265625 0.0328125
0 0.484375 0.4921875 0.0296875 0.03125
0 0.48359375 0.52578125 0.028125 0.03125
0 0.521875 0.528125 0.0296875 0.03125
0 0.5140625 0.49375 0.0265625 0.0296875
0 0.51484375 0.4484375 0.0296875 0.0296875
0 0.54140625 0.44375 0.0265625 0.0296875
0 0.53203125 0.3828125 0.0265625 0.0296875
0 0.51796875 0.41875 0.0265625 0.0296875
0 0.534375 0.33671875 0.0265625 0.0328125
0 0.55625 0.3890625 0.025 0.0328125
0 0.54609375 0.4140625 0.0265625 0.0328125
0 0.5390625 0.309375 0.0296875 0.0328125
0 0.46015625 0.66875 0.0328125 0.0328125
0 0.58984375 0.5390625 0.0296875 0.03125
0 0.55859375 0.33203125 0.0265625 0.0328125
0 0.5640625 0.35859375 0.0265625 0.0296875
0 0.57890625 0.3046875 0.028125 0.0328125
0 0.5859375 0.35625 0.0234375 0.025
0 0.58125 0.38125 0.025 0.0296875
0 0.571875 0.40625 0.025 0.0296875
0 0.5859375 0.43515625 0.0265625 0.0296875
0 0.56484375 0.43984375 0.0265625 0.0328125
0 0.60234375 0.4640625 0.0265625 0.0296875
0 0.59453125 0.40859375 0.0265625 0.0296875
0 0.60390625 0.37890625 0.025 0.028125
0 0.60859375 0.34921875 0.025 0.03125
0 0.63203125 0.35078125 0.0234375 0.028125
0 0.625 0.3828125 0.025 0.0296875
0 0.6171875 0.4109375 0.0234375 0.028125
0 0.615625 0.43828125 0.0265625 0.0296875
0 0.63046875 0.4578125 0.0265625 0.0265625
0 0.646875 0.44140625 0.0265625 0.0265625
0 0.64609375 0.38984375 0.025 0.0296875
0 0.64296875 0.415625 0.0265625 0.0265625
0 0.65 0.3234375 0.0265625 0.0296875
0 0.65 0.36484375 0.0234375 0.025
0 0.6265625 0.30078125 0.028125 0.0296875
0 0.67421875 0.278125 0.028125 0.0296875
0 0.6953125 0.3125 0.0265625 0.0296875
0 0.66484375 0.3828125 0.025 0.0328125
0 0.68515625 0.38203125 0.0265625 0.028125
0 0.70390625 0.365625 0.0265625 0.0265625
0 0.7375 0.334375 0.0296875 0.0296875
0 0.72890625 0.2515625 0.0265625 0.0296875