0 0.61328125 0.62734375 0.015625 0.01875
0 0.6078125 0.6484375 0.01875 0.021875
0 0.62578125 0.646875 0.015625 0.021875
0 0.6296875 0.62734375 0.015625 0.01875
0 0.6421875 0.63515625 0.0140625 0.01875
0 0.634375 0.609375 0.015625 0.01875
0 0.65 0.61640625 0.015625 0.01875
0 0.64765625 0.59609375 0.015625 0.01875
0 0.6625 0.58359375 0.015625 0.01875
0 0.65 0.57421875 0.015625 0.01875
0 0.63203125 0.59140625 0.015625 0.01875
0 0.603125 0.60859375 0.0171875 0.015625
0 0.61953125 0.60859375 0.015625 0.01875
0 0.58671875 0.6125 0.0171875 0.01875
0 0.59765625 0.6265625 0.015625 0.0203125
0 0.59140625 0.66953125 0.01875 0.01875
0 0.590625 0.64921875 0.0171875 0.01875
0 0.55390625 0.67734375 0.01875 0.01875
0 0.57265625 0.67578125 0.0171875 0.021875
0 0.55 0.65546875 0.015625 0.021875
0 0.5734375 0.6546875 0.0171875 0.01875
0 0.5640625 0.6421875 0.015625 0.01875
0 0.5796875 0.63359375 0.015625 0.01875
0 0.56796875 0.621875 0.015625 0.0203125
0 0.56640625 0.59921875 0.015625 0.01875
0 0.58203125 0.59296875 0.015625 0.0203125
0 0.596875 0.58984375 0.015625 0.01875
0 0.61328125 0.58984375 0.015625 0.01875
0 0.62421875 0.575 0.0171875 0.01875
0 0.6328125 0.5578125 0.015625 0.0203125
0 0.65 0.5546875 0.015625 0.01875
0 0.67109375 0.56015625 0.015625 0.01875
0 0.53359375 0.659375 0.01875 0.021875
0 0.53515625 0.63828125 0.015625 0.0203125
0 0.5515625 0.6296875 0.015625 0.0203125
0 0.55078125 0.61015625 0.0171875 0.01875
0 0.55390625 0.58984375 0.0171875 0.021875
0 0.57109375 0.57890625 0.015625 0.01875
0 0.58828125 0.57265625 0.0171875 0.021875
0 0.60703125 0.57109375 0.015625 0.01875
0 0.59765625 0.55625 0.01875 0.01875
0 0.6171875 0.55625 0.015625 0.01875
0 0.62734375 0.5375 0.015625 0.021875
0 0.646875 0.534375 0.0171875 0.021875
0 0.51171875 0.66796875 0.01875 0.021875
0 0.51875 0.64765625 0.0171875 0.01875
0 0.515625 0.628125 0.0171875 0.021875
0 0.53359375 0.61875 0.01875 0.01875
0 0.51875 0.6078125 0.015625 0.01875
0 0.53671875 0.59921875 0.01875 0.0203125
0 0.52578125 0.58671875 0.0171875 0.021875
0 0.54140625 0.578125 0.015625 0.01875
0 0.559375 0.56640625 0.0171875 0.0203125
0 0.575 0.55859375 0.015625 0.0203125
0 0.5859375 0.54375 0.0171875 0.01875
0 0.609375 0.540625 0.015625 0.01875
0 0.59921875 0.5296875 0.01875 0.01875
0 0.61328125 0.52109375 0.015625 0.01875
0 0.62578125 0.50859375 0.015625 0.0203125
0 0.64140625 0.51328125 0.015625 0.0203125
0 0.6484375 0.4921875 0.015625 0.021875
0 0.49765625 0.646875 0.01875 0.021875
0 0.503125 0.6171875 0.0171875 0.021875
0 0.5078125 0.59609375 0.01875 0.01875
0 0.51171875 0.575 0.0171875 0.021875
0 0.52734375 0.565625 0.01875 0.0203125
0 0.54296875 0.55703125 0.0171875 0.021875
0 0.5609375 0.54375 0.01875 0.0203125
0 0.575 0.5296875 0.015625 0.01875
0 0.5890625 0.51484375 0.01875 0.021875
0 0.60546875 0.5015625 0.0171875 0.021875
0 0.49453125 0.5671875 0.01875 0.021875
0 0.5109375 0.553125 0.01875 0.021875
0 0.52890625 0.54453125 0.01875 0.021875
0 0.54375 0.53125 0.015625 0.021875
0 0.56015625 0.52265625 0.0171875 0.021875
0 0.57421875 0.509375 0.015625 0.021875
0 0.5875 0.490625 0.0171875 0.021875
0 0.48515625 0.6125 0.0203125 0.021875
0 0.48984375 0.58984375 0.01875 0.021875
0 0.48203125 0.6359375 0.0203125 0.025
0 0.4609375 0.6578125 0.01875 0.021875
0 0.43984375 0.65078125 0.021875 0.025
0 0.4609375 0.62890625 0.021875 0.021875
0 0.4609375 0.60234375 0.021875 0.021875
0 0.46015625 0.58125 0.0203125 0.0203125
0 0.4765625 0.56484375 0.01875 0.021875
0 0.4953125 0.54375 0.01875 0.0234375
0 0.5109375 0.53203125 0.0171875 0.01875
0 0.52890625 0.52265625 0.01875 0.021875
0 0.54375 0.5078125 0.01875 0.021875
0 0.5609375 0.50234375 0.015625 0.01875
0 0.56953125 0.484375 0.01875 0.01875
0 0.57421875 0.4640625 0.021875 0.0234375
0 0.421875 0.58984375 0.0234375 0.025
0 0.453125 0.5359375 0.021875 0.025
0 0.478125 0.51796875 0.0234375 0.0234375
0 0.24453125 0.578125 0.028125 0.028125
0 0.2984375 0.5140625 0.0265625 0.025