0 0.35625 0.2921875 0.021875 0.0296875
0 0.334375 0.2890625 0.040625 0.0328125
0 0.38515625 0.28984375 0.0421875 0.0359375
0 0.35078125 0.26015625 0.0421875 0.0375
0 0.31328125 0.2671875 0.0421875 0.0375
0 0.271875 0.2796875 0.046875 0.040625
0 0.39140625 0.31875 0.0484375 0.0390625
0 0.39921875 0.35390625 0.0453125 0.0359375
0 0.41796875 0.39921875 0.04375 0.0359375
0 0.38828125 0.38359375 0.0453125 0.034375
0 0.3671875 0.4171875 0.0421875 0.0375
0 0.325 0.3609375 0.04375 0.0390625
0 0.315625 0.39375 0.04375 0.0359375
0 0.28046875 0.35703125 0.0390625 0.0359375
0 0.24765625 0.36953125 0.04375 0.0359375
0 0.25625 0.3203125 0.040625 0.0328125
0 0.21640625 0.33359375 0.0421875 0.0328125
0 0.1953125 0.3671875 0.04375 0.0359375
0 0.16015625 0.36796875 0.0421875 0.0359375
0 0.128125 0.38203125 0.0375 0.0328125
0 0.021875 0.3875 0.04375 0.0359375
0 0.10078125 0.36875 0.0390625 0.0328125
0 0.04453125 0.41484375 0.040625 0.0328125
0 0.10546875 0.40859375 0.0390625 0.0359375
0 0.07578125 0.42578125 0.040625 0.0359375
0 0.17109375 0.39765625 0.040625 0.034375
0 0.140625 0.4171875 0.0390625 0.0328125
0 0.03984375 0.46640625 0.0421875 0.0359375
0 0.01328125 0.48515625 0.0265625 0.0359375
0 0.1734375 0.42890625 0.0421875 0.0328125
0 0.13359375 0.446875 0.040625 0.0328125
0 0.10234375 0.45546875 0.040625 0.0328125
0 0.075 0.4734375 0.040625 0.03125
0 0.0421875 0.51015625 0.04375 0.0359375
0 0.17109375 0.45703125 0.0390625 0.0328125
0 0.11328125 0.4828125 0.040625 0.034375
0 0.084375 0.50078125 0.0421875 0.0328125
0 0.07265625 0.5296875 0.0421875 0.0359375
0 0.20390625 0.4625 0.0421875 0.034375
0 0.16171875 0.484375 0.04375 0.03125
0 0.134375 0.50390625 0.0390625 0.034375
0 0.11015625 0.52734375 0.0421875 0.0359375
0 0.18828125 0.5046875 0.0375 0.0328125
0 0.159375 0.52421875 0.0375 0.034375
0 0.14140625 0.5484375 0.0421875 0.0390625
0 0.2359375 0.48359375 0.040625 0.0328125
0 0.15234375 0.58671875 0.0453125 0.0359375
0 0.27734375 0.478125 0.0453125 0.0359375
0 0.2515625 0.51171875 0.0421875 0.0359375
0 0.3578125 0.490625 0.0453125 0.0359375
0 0.4109375 0.4703125 0.04375 0.0359375
0 0.396875 0.51328125 0.040625 0.0328125
0 0.35859375 0.5203125 0.0421875 0.0328125
0 0.31875 0.51328125 0.046875 0.0375
0 0.41171875 0.5359375 0.0390625 0.0390625
0 0.3765625 0.546875 0.0421875 0.0359375
0 0.446875 0.5234375 0.040625 0.0375
0 0.4421875 0.55546875 0.0421875 0.0359375
0 0.4171875 0.5796875 0.0453125 0.0375
0 0.48515625 0.5125 0.0421875 0.034375
0 0.47578125 0.54296875 0.040625 0.034375
0 0.52421875 0.4953125 0.0453125 0.034375
0 0.51875 0.52421875 0.0453125 0.034375
0 0.50546875 0.55703125 0.0421875 0.0359375
0 0.47421875 0.57421875 0.04375 0.0359375
0 0.54296875 0.54453125 0.04375 0.0359375
0 0.60859375 0.525 0.04375 0.034375
0 0.59921875 0.55703125 0.0453125 0.0359375
0 0.5609375 0.56953125 0.0421875 0.0359375
0 0.525 0.58203125 0.04375 0.0375
0 0.6484375 0.5484375 0.04375 0.034375
0 0.62578125 0.5828125 0.0453125 0.0359375
0 0.59140625 0.6 0.04375 0.0390625
0 0.6765625 0.56328125 0.046875 0.0375
0 0.6609375 0.590625 0.0421875 0.0375
0 0.6359375 0.6125 0.04375 0.0359375
0 0.6171875 0.640625 0.0453125 0.0390625
0 0.71171875 0.51015625 0.046875 0.0375
0 0.72734375 0.5609375 0.046875 0.0359375
0 0.703125 0.58828125 0.0453125 0.0359375
0 0.6875 0.615625 0.046875 0.0375
0 0.6609375 0.6375 0.0484375 0.0390625
0 0.75546875 0.58515625 0.046875 0.0375
0 0.73515625 0.61484375 0.0484375 0.0390625
0 0.79296875 0.60234375 0.0453125 0.0359375
0 0.7671875 0.63203125 0.0453125 0.0390625
0 0.83828125 0.60859375 0.0453125 0.0390625
0 0.88671875 0.50234375 0.046875 0.0390625
0 0.88359375 0.54609375 0.0515625 0.040625
0 0.92265625 0.5890625 0.05 0.0375
0 0.95078125 0.61484375 0.0484375 0.040625
0 0.94453125 0.65859375 0.0453125 0.0359375
0 0.91015625 0.68671875 0.0453125 0.0359375
0 0.87265625 0.690625 0.0421875 0.0359375
0 0.8359375 0.6765625 0.05 0.040625
0 0.83984375 0.71171875 0.0484375 0.040625
0 0.9203125 0.71796875 0.0390625 0.0328125
0 0.896875 0.74453125 0.04375 0.0375
0 0.85390625 0.74609375 0.0484375 0.0375