0 0.5421875 0.46484375 0.0109375 0.0109375
0 0.40546875 0.56484375 0.0078125 0.0078125
0 0.42109375 0.5515625 0.00625 0.00625
0 0.528125 0.7328125 0.009375 0.009375
0 0.525 0.72109375 0.009375 0.009375
0 0.5328125 0.70234375 0.0078125 0.009375
0 0.52421875 0.7015625 0.009375 0.009375
0 0.51484375 0.703125 0.009375 0.009375
0 0.53359375 0.69296875 0.0078125 0.009375
0 0.525 0.6921875 0.009375 0.009375
0 0.5171875 0.69453125 0.0078125 0.009375
0 0.509375 0.69296875 0.0078125 0.009375
0 0.50234375 0.69765625 0.0078125 0.009375
0 0.5296875 0.68359375 0.0078125 0.009375
0 0.546875 0.68359375 0.0078125 0.009375
0 0.51875 0.684375 0.00625 0.009375
0 0.5109375 0.684375 0.0078125 0.009375
0 0.50234375 0.68046875 0.0078125 0.009375
0 0.52421875 0.6765625 0.00625 0.009375
0 0.54296875 0.67265625 0.0078125 0.009375
0 0.5140625 0.675 0.0078125 0.009375
0 0.5078125 0.6703125 0.00625 0.009375
0 0.4984375 0.66640625 0.0078125 0.009375
0 0.51328125 0.6625 0.0078125 0.009375
0 0.50546875 0.66171875 0.0078125 0.009375
0 0.49375 0.659375 0.0078125 0.009375
0 0.54375 0.66328125 0.0078125 0.009375
0 0.52890625 0.6625 0.0078125 0.009375
0 0.53359375 0.65546875 0.00625 0.009375
0 0.5453125 0.65234375 0.0078125 0.009375
0 0.53515625 0.64609375 0.0078125 0.009375
0 0.5203125 0.65546875 0.0078125 0.009375
0 0.5125 0.653125 0.009375 0.009375
0 0.52109375 0.646875 0.0078125 0.009375
0 0.51328125 0.64375 0.009375 0.009375
0 0.5015625 0.653125 0.0078125 0.0078125
0 0.50078125 0.64453125 0.0078125 0.009375
0 0.49453125 0.65 0.009375 0.009375
0 0.4875 0.64453125 0.0078125 0.009375
0 0.4921875 0.6359375 0.009375 0.009375
0 0.503125 0.63515625 0.009375 0.009375
0 0.5203125 0.63828125 0.0078125 0.0078125
0 0.5328125 0.6359375 0.009375 0.0078125
0 0.51171875 0.63515625 0.0078125 0.00625
0 0.5171875 0.6296875 0.009375 0.009375
0 0.51015625 0.62734375 0.0078125 0.009375
0 0.49921875 0.62734375 0.0078125 0.0078125
0 0.4890625 0.62734375 0.0078125 0.00625
0 0.48125 0.62109375 0.009375 0.0078125
0 0.49921875 0.61875 0.00625 0.009375
0 0.50703125 0.61953125 0.0078125 0.0078125
0 0.53515625 0.625 0.00625 0.009375
0 0.5296875 0.6171875 0.00625 0.0078125
0 0.521875 0.61796875 0.00625 0.0078125
0 0.5171875 0.6109375 0.0078125 0.009375
0 0.5015625 0.61171875 0.00625 0.00625
0 0.49453125 0.61171875 0.00625 0.0078125
0 0.49921875 0.60390625 0.0078125 0.0078125
0 0.50859375 0.60625 0.0078125 0.009375
0 0.52109375 0.60078125 0.0078125 0.0078125
0 0.4875 0.60625 0.0078125 0.00625
0 0.48203125 0.6 0.0078125 0.00625
0 0.475 0.59453125 0.00625 0.009375
0 0.49609375 0.596875 0.0078125 0.0078125
0 0.50546875 0.59921875 0.00625 0.00625
0 0.51328125 0.5984375 0.0078125 0.009375
0 0.51953125 0.59140625 0.0078125 0.0078125
0 0.50859375 0.5921875 0.00625 0.0078125
0 0.51328125 0.584375 0.00625 0.0078125
0 0.50390625 0.58515625 0.00625 0.0078125
0 0.496875 0.5875 0.0078125 0.009375
0 0.49453125 0.58046875 0.00625 0.0078125
0 0.48125 0.58046875 0.0078125 0.009375
0 0.50625 0.57734375 0.00625 0.0078125
0 0.5140625 0.575 0.00625 0.0078125
0 0.5234375 0.5734375 0.00625 0.0078125
0 0.51796875 0.5671875 0.00625 0.00625
0 0.52421875 0.5625 0.00625 0.00625
0 0.509375 0.5640625 0.00625 0.0078125
0 0.50390625 0.5703125 0.00625 0.0078125
0 0.496875 0.56640625 0.0078125 0.0078125
0 0.4875 0.56953125 0.0078125 0.009375
0 0.48515625 0.55859375 0.0078125 0.0078125
0 0.475 0.56328125 0.00625 0.0078125
0 0.46953125 0.55078125 0.0078125 0.0078125
0 0.4875 0.55 0.00625 0.0078125
0 0.4796875 0.5484375 0.009375 0.0078125
0 0.49921875 0.55859375 0.00625 0.0078125
0 0.51015625 0.55625 0.00625 0.009375
0 0.51796875 0.55625 0.00625 0.00625
0 0.52578125 0.55390625 0.00625 0.009375
0 0.5203125 0.5484375 0.00625 0.009375
0 0.5125 0.5453125 0.0078125 0.009375
0 0.5046875 0.55234375 0.00625 0.009375
0 0.496875 0.54609375 0.00625 0.009375
0 0.49453125 0.53828125 0.00625 0.0078125
0 0.4875 0.534375 0.00625 0.009375
0 0.48125 0.5390625 0.00625 0.0078125
0 0.50546875 0.5359375 0.00625 0.0078125
0 0.51953125 0.53828125 0.0078125 0.009375
0 0.53828125 0.53515625 0.009375 0.009375
0 0.5140625 0.53125 0.0078125 0.00625
0 0.525 0.5203125 0.009375 0.009375
0 0.52265625 0.53046875 0.0078125 0.009375
0 0.48984375 0.52578125 0.0078125 0.0078125
0 0.5015625 0.52265625 0.009375 0.0078125
0 0.48046875 0.528125 0.0078125 0.00625
0 0.47265625 0.52421875 0.0078125 0.0078125
0 0.48203125 0.51953125 0.0078125 0.0078125
0 0.47265625 0.51640625 0.0078125 0.0078125
0 0.49140625 0.5171875 0.009375 0.0078125
0 0.49140625 0.50859375 0.009375 0.0078125
0 0.48125 0.509375 0.0078125 0.009375
0 0.4640625 0.51484375 0.009375 0.009375
0 0.475 0.50078125 0.009375 0.009375
0 0.46875 0.5078125 0.009375 0.009375
0 0.459375 0.50390625 0.0078125 0.0078125
0 0.4875 0.5 0.009375 0.009375
0 0.4890625 0.4921875 0.0078125 0.009375
0 0.47890625 0.48671875 0.009375 0.009375
0 0.465625 0.4890625 0.009375 0.00625
0 0.45625 0.4921875 0.009375 0.009375
0 0.45625 0.4828125 0.009375 0.009375
0 0.46640625 0.4984375 0.009375 0.0109375
0 0.46328125 0.4796875 0.009375 0.009375
0 0.45546875 0.47265625 0.0078125 0.009375
0 0.46640625 0.47109375 0.009375 0.009375
0 0.46015625 0.465625 0.0125 0.009375
0 0.47734375 0.47890625 0.009375 0.009375
0 0.4921875 0.4765625 0.009375 0.009375
0 0.48359375 0.47421875 0.009375 0.009375
0 0.4859375 0.46484375 0.0078125 0.009375
0 0.49921875 0.46796875 0.009375 0.009375
0 0.50703125 0.4796875 0.0078125 0.009375
0 0.52265625 0.50390625 0.009375 0.009375
0 0.51328125 0.50390625 0.009375 0.009375
0 0.5265625 0.49609375 0.009375 0.009375
0 0.5171875 0.496875 0.0078125 0.009375
0 0.521875 0.48671875 0.009375 0.009375
0 0.51484375 0.48125 0.009375 0.009375
0 0.49296875 0.44765625 0.009375 0.009375
0 0.4796875 0.45 0.009375 0.009375
0 0.46875 0.45234375 0.009375 0.009375