0 0.16484375 0.70078125 0.0328125 0.0265625
0 0.215625 0.6484375 0.0328125 0.028125
0 0.47109375 0.57109375 0.0328125 0.0265625
0 0.490625 0.59609375 0.03125 0.0265625
0 0.4625 0.5953125 0.0296875 0.0234375
0 0.4359375 0.60859375 0.028125 0.0234375
0 0.46796875 0.6171875 0.03125 0.0234375
0 0.44453125 0.62890625 0.0296875 0.0234375
0 0.43046875 0.64921875 0.028125 0.025
0 0.41015625 0.63203125 0.0296875 0.0265625
0 0.40234375 0.65625 0.0296875 0.025
0 0.35703125 0.68515625 0.03125 0.0265625
0 0.38984375 0.728125 0.0296875 0.025
0 0.4203125 0.70625 0.0296875 0.0234375
0 0.43671875 0.68984375 0.0296875 0.0203125
0 0.44140625 0.6703125 0.028125 0.0234375
0 0.47109375 0.65 0.0296875 0.0234375
0 0.5 0.6328125 0.0296875 0.0234375
0 0.51640625 0.6125 0.0296875 0.0265625
0 0.43828125 0.73828125 0.0296875 0.0234375
0 0.4640625 0.71953125 0.03125 0.0234375
0 0.48984375 0.7015625 0.0296875 0.0234375
0 0.48515625 0.6796875 0.0265625 0.0234375
0 0.50390625 0.6625 0.0265625 0.0234375
0 0.51796875 0.68046875 0.0265625 0.0234375
0 0.51640625 0.703125 0.028125 0.021875
0 0.5234375 0.72890625 0.0265625 0.0234375
0 0.5453125 0.74296875 0.025 0.0234375
0 0.5484375 0.7203125 0.0265625 0.021875
0 0.5609375 0.70625 0.0265625 0.021875
0 0.57578125 0.73984375 0.025 0.0234375
0 0.5734375 0.7203125 0.0265625 0.021875
0 0.55546875 0.6875 0.0265625 0.0234375
0 0.57265625 0.6734375 0.0265625 0.0234375
0 0.59765625 0.6734375 0.0265625 0.0265625
0 0.58828125 0.69453125 0.028125 0.021875
0 0.59453125 0.7109375 0.0265625 0.0234375
0 0.5984375 0.7328125 0.0265625 0.021875
0 0.615625 0.74453125 0.0265625 0.0234375
0 0.61875 0.7203125 0.0234375 0.0234375
0 0.62421875 0.6984375 0.0296875 0.025
0 0.65390625 0.71015625 0.0265625 0.021875
0 0.64140625 0.7265625 0.0234375 0.0203125
0 0.64375 0.74453125 0.0296875 0.0203125
0 0.66875 0.74140625 0.0265625 0.0203125
0 0.68046875 0.721875 0.028125 0.0234375
0 0.7296875 0.73984375 0.0265625 0.0234375
0 0.7078125 0.7203125 0.028125 0.0234375
0 0.73359375 0.7125 0.0265625 0.021875
0 0.7046875 0.70390625 0.025 0.0203125
0 0.6859375 0.69375 0.0296875 0.0234375
0 0.7125 0.68671875 0.0265625 0.0203125
0 0.73671875 0.6828125 0.0265625 0.021875
0 0.759375 0.69609375 0.0265625 0.0234375
0 0.79609375 0.678125 0.0265625 0.025
0 0.80703125 0.64609375 0.0328125 0.025
0 0.74140625 0.65625 0.0296875 0.0234375
0 0.70703125 0.659375 0.0296875 0.0234375
0 0.6703125 0.6703125 0.0296875 0.021875
0 0.65390625 0.6515625 0.0265625 0.0203125
0 0.684375 0.65234375 0.0265625 0.0203125
0 0.70546875 0.63828125 0.0265625 0.0203125
0 0.7296875 0.63359375 0.025 0.0234375
0 0.7203125 0.61015625 0.0265625 0.0234375
0 0.69609375 0.61953125 0.025 0.0234375
0 0.70703125 0.59296875 0.0265625 0.025
0 0.67109375 0.6203125 0.028125 0.0234375
0 0.68359375 0.60078125 0.0265625 0.0203125
0 0.68046875 0.5796875 0.0296875 0.025
0 0.64453125 0.6296875 0.0265625 0.0234375
0 0.65859375 0.59765625 0.0265625 0.0234375
0 0.61796875 0.6296875 0.0265625 0.0203125
0 0.60859375 0.61171875 0.0265625 0.0203125
0 0.63515625 0.6078125 0.0265625 0.0234375
0 0.6328125 0.58671875 0.0296875 0.0234375
0 0.659375 0.5703125 0.0296875 0.0234375
0 0.60703125 0.59140625 0.0265625 0.0234375
0 0.578125 0.59453125 0.0296875 0.0265625
0 0.6234375 0.56953125 0.0265625 0.025
0 0.64453125 0.55 0.03125 0.0265625
0 0.59765625 0.57109375 0.025 0.0203125
0 0.58828125 0.54921875 0.0296875 0.025
0 0.6140625 0.5515625 0.0296875 0.0265625
0 0.56953125 0.56875 0.0265625 0.0234375
0 0.56171875 0.54609375 0.0296875 0.025
0 0.6109375 0.52890625 0.0265625 0.0265625
0 0.6359375 0.51640625 0.0296875 0.0265625
0 0.5640625 0.5203125 0.0265625 0.0234375
0 0.590625 0.51640625 0.028125 0.0234375
0 0.61015625 0.49140625 0.0328125 0.028125
0 0.5359375 0.51953125 0.0296875 0.0265625
0 0.55859375 0.4984375 0.0296875 0.0265625
0 0.4140625 0.53046875 0.0328125 0.0296875
0 0.509375 0.5015625 0.0296875 0.0265625
0 0.5359375 0.4890625 0.0296875 0.0296875
0 0.5296875 0.4515625 0.0296875 0.028125
0 0.54296875 0.425 0.0328125 0.0296875
0 0.3375 0.3140625 0.0375 0.0375
0 0.33359375 0.271875 0.040625 0.0390625