0 0.4734375 0.33515625 0.034375 0.034375
0 0.65 0.2265625 0.0359375 0.0390625
0 0.68125 0.25859375 0.03125 0.0359375
0 0.43515625 0.70234375 0.0234375 0.01875
0 0.240625 0.6109375 0.0234375 0.021875
0 0.9359375 0.3953125 0.0265625 0.0234375
0 0.26484375 0.60859375 0.0234375 0.021875
0 0.77890625 0.49375 0.0234375 0.0203125
0 0.4953125 0.4703125 0.0265625 0.0234375
0 0.62578125 0.66484375 0.0203125 0.0171875
0 0.87734375 0.4109375 0.025 0.021875
0 0.85078125 0.50625 0.0234375 0.021875
0 0.859375 0.5421875 0.0234375 0.01875
0 0.79140625 0.57578125 0.021875 0.01875
0 0.6625 0.6015625 0.025 0.01875
0 0.5578125 0.44453125 0.025 0.0234375
0 0.59765625 0.67265625 0.0203125 0.015625
0 0.92265625 0.346875 0.028125 0.025
0 0.66640625 0.5015625 0.0234375 0.021875
0 0.590625 0.54296875 0.025 0.021875
0 0.7078125 0.571875 0.021875 0.01875
0 0.93984375 0.31953125 0.028125 0.025
0 0.70390625 0.48515625 0.0265625 0.021875
0 0.76875 0.5671875 0.021875 0.01875
0 0.58984375 0.44921875 0.025 0.025
0 0.67734375 0.40390625 0.028125 0.025
0 0.653125 0.625 0.021875 0.0171875
0 0.54765625 0.70234375 0.0203125 0.015625
0 0.5546875 0.46875 0.025 0.0234375
0 0.73203125 0.52890625 0.0234375 0.0203125
0 0.63828125 0.634375 0.0203125 0.0171875
0 0.35546875 0.62890625 0.025 0.0203125
0 0.73359375 0.44765625 0.025 0.021875
0 0.8046875 0.53671875 0.0234375 0.01875
0 0.821875 0.53984375 0.0234375 0.0203125
0 0.58046875 0.68359375 0.0203125 0.015625
0 0.64140625 0.41875 0.0265625 0.0234375
0 0.321875 0.5625 0.025 0.021875
0 0.571875 0.69765625 0.0234375 0.01875
0 0.86484375 0.32109375 0.0296875 0.025
0 0.32109375 0.61953125 0.0234375 0.0203125
0 0.89140625 0.31640625 0.028125 0.025
0 0.91640625 0.32734375 0.028125 0.025
0 0.55859375 0.69375 0.0203125 0.015625
0 0.68359375 0.56875 0.0234375 0.0203125
0 0.81875 0.34765625 0.028125 0.025
0 0.81875 0.40625 0.028125 0.025
0 0.83828125 0.52890625 0.0234375 0.01875
0 0.7078125 0.53828125 0.0234375 0.0203125
0 0.6453125 0.49453125 0.0234375 0.021875
0 0.71875 0.5484375 0.0234375 0.0203125
0 0.65546875 0.4765625 0.0234375 0.021875
0 0.5109375 0.49140625 0.0234375 0.0234375
0 0.6171875 0.50859375 0.025 0.021875
0 0.6765625 0.45390625 0.025 0.021875
0 0.640625 0.44609375 0.0265625 0.0234375
0 0.615625 0.4578125 0.025 0.021875
0 0.59453125 0.5265625 0.0234375 0.021875
0 0.86640625 0.33828125 0.0265625 0.0234375
0 0.846875 0.39140625 0.028125 0.0234375
0 0.88125 0.3546875 0.028125 0.025
0 0.76953125 0.375 0.0296875 0.025
0 0.6984375 0.55625 0.021875 0.0203125
0 0.81328125 0.36640625 0.028125 0.025
0 0.81484375 0.3890625 0.0265625 0.0234375
0 0.41796875 0.5328125 0.0234375 0.021875
0 0.74296875 0.3875 0.0265625 0.0234375
0 0.31484375 0.58984375 0.0234375 0.021875
0 0.5609375 0.52578125 0.0234375 0.021875
0 0.69453125 0.41953125 0.0265625 0.0234375
0 0.5421875 0.48828125 0.0234375 0.021875
0 0.69140625 0.43671875 0.025 0.0234375
0 0.4796875 0.5015625 0.025 0.0234375
0 0.45390625 0.51484375 0.0234375 0.021875
0 0.66328125 0.44375 0.0234375 0.0234375
0 0.4 0.5484375 0.0234375 0.021875
0 0.65859375 0.42734375 0.025 0.021875
0 0.88984375 0.33671875 0.028125 0.025
0 0.63671875 0.46640625 0.0234375 0.021875
0 0.840625 0.3421875 0.028125 0.025
0 0.33984375 0.57265625 0.0234375 0.021875
0 0.86171875 0.375 0.0265625 0.0234375
0 0.79375 0.40859375 0.0265625 0.0234375
0 0.83671875 0.36328125 0.0265625 0.025
0 0.778125 0.4015625 0.028125 0.025
0 0.61796875 0.4765625 0.0234375 0.021875
0 0.73046875 0.4296875 0.0265625 0.0234375
0 0.3796875 0.6125 0.0234375 0.0203125
0 0.6125 0.49375 0.025 0.021875
0 0.440625 0.59375 0.0234375 0.01875
0 0.72734375 0.40625 0.0265625 0.0234375
0 0.3734375 0.56328125 0.0234375 0.021875
0 0.7515625 0.425 0.025 0.021875
0 0.44140625 0.52890625 0.0234375 0.021875
0 0.59609375 0.4859375 0.0234375 0.021875
0 0.5515625 0.51015625 0.0234375 0.021875
0 0.34765625 0.61640625 0.0234375 0.0203125
0 0.77265625 0.42109375 0.025 0.025
0 0.78984375 0.3828125 0.0265625 0.0234375
0 0.50546875 0.51484375 0.0234375 0.021875
0 0.32109375 0.6046875 0.0265625 0.021875
0 0.47421875 0.51796875 0.0234375 0.0203125
0 0.57734375 0.50234375 0.0234375 0.021875
0 0.52421875 0.5453125 0.0234375 0.021875
0 0.5359375 0.53125 0.0234375 0.021875
0 0.35859375 0.57578125 0.0234375 0.021875
0 0.5015625 0.56640625 0.0234375 0.0203125
0 0.76171875 0.3921875 0.025 0.0234375
0 0.41640625 0.596875 0.025 0.021875
0 0.83359375 0.375 0.0265625 0.0234375
0 0.33671875 0.5875 0.0265625 0.021875
0 0.85703125 0.35703125 0.028125 0.025
0 0.50390625 0.553125 0.025 0.021875
0 0.43203125 0.5453125 0.0265625 0.021875
0 0.53359375 0.5046875 0.0234375 0.021875
0 0.48515625 0.57734375 0.0234375 0.021875
0 0.5078125 0.53203125 0.0234375 0.021875
0 0.74765625 0.409375 0.028125 0.025
0 0.40078125 0.60859375 0.0234375 0.01875
0 0.36328125 0.60390625 0.021875 0.0203125
0 0.7125 0.4265625 0.025 0.025
0 0.5625 0.49453125 0.0203125 0.0203125
0 0.58125 0.51953125 0.0203125 0.0171875
0 0.52578125 0.521875 0.0234375 0.021875
0 0.4890625 0.52734375 0.0203125 0.0203125
0 0.47109375 0.534375 0.0234375 0.0203125
0 0.48984375 0.54296875 0.0234375 0.0171875
0 0.45234375 0.54453125 0.0203125 0.0171875
0 0.471875 0.5515625 0.0234375 0.015625
0 0.484375 0.56015625 0.0234375 0.021875
0 0.45234375 0.559375 0.0234375 0.01875
0 0.46875 0.5703125 0.021875 0.01875
0 0.465625 0.58671875 0.0234375 0.01875
0 0.43515625 0.56875 0.021875 0.0203125
0 0.4515625 0.58125 0.021875 0.0203125
0 0.41953125 0.559375 0.0203125 0.01875
0 0.4265625 0.584375 0.025 0.01875
0 0.39765625 0.565625 0.0234375 0.0203125
0 0.4140625 0.575 0.0265625 0.01875
0 0.384375 0.57890625 0.0234375 0.01875
0 0.4015625 0.58828125 0.021875 0.0171875
0 0.36953125 0.590625 0.0234375 0.015625
0 0.3859375 0.596875 0.0203125 0.01875
0 0.34375 0.603125 0.0265625 0.0203125