0 0.475 0.36328125 0.0140625 0.0109375
0 0.4671875 0.3703125 0.0140625 0.0109375
0 0.45390625 0.3640625 0.0171875 0.0109375
0 0.47890625 0.375 0.0140625 0.0109375
0 0.45234375 0.3734375 0.0140625 0.0109375
0 0.48984375 0.38125 0.0140625 0.0109375
0 0.4578125 0.38828125 0.0140625 0.0109375
0 0.44453125 0.39375 0.0140625 0.0140625
0 0.49921875 0.3953125 0.0171875 0.0109375
0 0.5265625 0.3921875 0.0171875 0.0125
0 0.50078125 0.4046875 0.0171875 0.0109375
0 0.53046875 0.4015625 0.015625 0.0109375
0 0.49296875 0.4125 0.015625 0.0109375
0 0.5171875 0.4109375 0.0140625 0.0125
0 0.559375 0.40234375 0.0171875 0.0125
0 0.53984375 0.4078125 0.015625 0.0109375
0 0.5703125 0.41328125 0.015625 0.0125
0 0.55078125 0.4109375 0.0140625 0.0109375
0 0.5234375 0.42578125 0.0140625 0.0109375
0 0.55234375 0.4203125 0.0171875 0.0109375
0 0.52421875 0.43515625 0.015625 0.0109375
0 0.54921875 0.4296875 0.015625 0.0109375
0 0.5625 0.4390625 0.0140625 0.0125
0 0.55 0.4390625 0.0140625 0.0109375
0 0.55546875 0.45390625 0.015625 0.0125
0 0.54375 0.46328125 0.0140625 0.0109375
0 0.53203125 0.4609375 0.0140625 0.0109375
0 0.55390625 0.4671875 0.0140625 0.0109375
0 0.5390625 0.47265625 0.0140625 0.0125
0 0.55390625 0.484375 0.0140625 0.0109375
0 0.55 0.5078125 0.015625 0.0125
0 0.5375 0.5125 0.0171875 0.0109375
0 0.525 0.51953125 0.015625 0.0109375
0 0.5578125 0.52890625 0.0140625 0.0109375
0 0.5484375 0.52265625 0.0140625 0.0109375
0 0.5640625 0.55625 0.015625 0.0109375
0 0.51796875 0.56796875 0.0140625 0.0125
0 0.50859375 0.57578125 0.0171875 0.0109375
0 0.4984375 0.56953125 0.0140625 0.0125
0 0.48515625 0.56640625 0.0140625 0.0109375
0 0.42109375 0.57265625 0.0171875 0.0125
0 0.40703125 0.609375 0.0140625 0.0125
0 0.48359375 0.61328125 0.015625 0.0140625
0 0.47265625 0.6078125 0.0140625 0.0125
0 0.3953125 0.59921875 0.0140625 0.0125
0 0.3921875 0.58671875 0.015625 0.0125
0 0.3828125 0.59453125 0.0140625 0.0109375
0 0.37109375 0.58671875 0.0171875 0.0109375
0 0.359375 0.56875 0.0171875 0.0125
0 0.36953125 0.54609375 0.015625 0.0125
0 0.34296875 0.53671875 0.0171875 0.0125
0 0.4109375 0.5390625 0.0171875 0.0125
0 0.4015625 0.528125 0.015625 0.0109375
0 0.34375 0.51640625 0.0140625 0.0109375
0 0.4140625 0.51171875 0.0140625 0.0109375
0 0.48046875 0.525 0.015625 0.0125
0 0.47109375 0.51796875 0.015625 0.0109375
0 0.45859375 0.50625 0.0171875 0.0109375
0 0.43515625 0.50390625 0.0140625 0.0109375
0 0.4234375 0.49921875 0.015625 0.0109375
0 0.4109375 0.5 0.0140625 0.0109375
0 0.4 0.496875 0.0140625 0.0109375
0 0.3890625 0.49921875 0.015625 0.0109375
0 0.3765625 0.503125 0.0140625 0.0109375
0 0.4078125 0.48828125 0.0140625 0.0109375
0 0.39453125 0.4875 0.015625 0.0109375
0 0.3625 0.4953125 0.0140625 0.0125
0 0.34921875 0.49453125 0.0140625 0.0109375
0 0.33671875 0.48203125 0.0140625 0.0125
0 0.36015625 0.48671875 0.015625 0.0109375
0 0.37578125 0.49296875 0.009375 0.0109375
0 0.375 0.4828125 0.0140625 0.0109375
0 0.3640625 0.478125 0.0140625 0.0109375
0 0.38046875 0.490625 0.0140625 0.0109375
0 0.35078125 0.48046875 0.0140625 0.0109375
0 0.353125 0.471875 0.0171875 0.0109375
0 0.3515625 0.4625 0.0171875 0.0109375
0 0.403125 0.4796875 0.015625 0.0109375
0 0.4421875 0.4828125 0.015625 0.0140625
0 0.42421875 0.48046875 0.0140625 0.0109375
0 0.41328125 0.475 0.0140625 0.0109375
0 0.44921875 0.4703125 0.0140625 0.0109375
0 0.42734375 0.4703125 0.0140625 0.0109375
0 0.421875 0.46171875 0.0140625 0.0109375
0 0.403125 0.4609375 0.0140625 0.009375
0 0.3921875 0.4609375 0.015625 0.0109375
0 0.4078125 0.45546875 0.0140625 0.0109375
0 0.39609375 0.45234375 0.015625 0.0109375
0 0.4015625 0.4671875 0.0140625 0.0109375
0 0.36015625 0.43515625 0.0171875 0.0125
0 0.41875 0.453125 0.0140625 0.0109375
0 0.43515625 0.4640625 0.0140625 0.0109375
0 0.43515625 0.4546875 0.0140625 0.0109375
0 0.459375 0.46015625 0.0140625 0.0109375
0 0.44609375 0.45859375 0.0140625 0.0109375
0 0.46328125 0.46875 0.0140625 0.0109375
0 0.4796875 0.48203125 0.015625 0.0109375
0 0.4953125 0.4921875 0.0140625 0.0125
0 0.4953125 0.48203125 0.0140625 0.0109375