0 0.2140625 0.8828125 0.021875 0.021875
0 0.2484375 0.840625 0.021875 0.0203125
0 0.26953125 0.84609375 0.0203125 0.0203125
0 0.29140625 0.853125 0.01875 0.0171875
0 0.30703125 0.840625 0.0171875 0.0203125
0 0.284375 0.83203125 0.0203125 0.0203125
0 0.2640625 0.82578125 0.01875 0.01875
0 0.2828125 0.8125 0.0203125 0.0203125
0 0.29453125 0.8 0.0203125 0.021875
0 0.303125 0.825 0.0203125 0.0203125
0 0.32265625 0.8328125 0.0203125 0.0171875
0 0.3265625 0.85078125 0.0203125 0.0203125
0 0.3515625 0.85234375 0.0203125 0.01875
0 0.384375 0.85234375 0.01875 0.021875
0 0.40234375 0.846875 0.0203125 0.0203125
0 0.4234375 0.865625 0.0203125 0.0171875
0 0.3640625 0.83671875 0.021875 0.01875
0 0.3421875 0.8265625 0.0203125 0.0203125
0 0.36171875 0.81875 0.021875 0.0203125
0 0.31875 0.8140625 0.021875 0.0203125
0 0.33828125 0.80703125 0.0203125 0.021875
0 0.3390625 0.7890625 0.0203125 0.01875
0 0.3578125 0.7734375 0.0234375 0.0203125
0 0.3734375 0.7921875 0.021875 0.01875
0 0.3921875 0.78359375 0.0203125 0.0203125
0 0.378125 0.7609375 0.01875 0.021875
0 0.41171875 0.7671875 0.021875 0.0203125
0 0.45078125 0.81875 0.0203125 0.021875
0 0.471875 0.81953125 0.0203125 0.0203125
0 0.48984375 0.80703125 0.0203125 0.01875
0 0.465625 0.80234375 0.0234375 0.01875
0 0.47578125 0.7859375 0.0203125 0.0234375
0 0.4546875 0.778125 0.0203125 0.0203125
0 0.5109375 0.79375 0.0203125 0.0203125
0 0.515625 0.7671875 0.0203125 0.0203125
0 0.47265625 0.75390625 0.0234375 0.0203125
0 0.49765625 0.7796875 0.0234375 0.0203125
0 0.4953125 0.76015625 0.0234375 0.0203125
0 0.64296875 0.83515625 0.021875 0.0203125
0 0.6625 0.796875 0.0234375 0.021875
0 0.5328125 0.75703125 0.021875 0.0203125
0 0.5125 0.74375 0.0203125 0.021875
0 0.4875 0.73984375 0.021875 0.0203125
0 0.43984375 0.728125 0.021875 0.0203125
0 0.44375 0.74921875 0.0234375 0.0234375
0 0.4640625 0.73671875 0.0234375 0.0203125
0 0.47890625 0.7234375 0.021875 0.0234375
0 0.50234375 0.72421875 0.021875 0.021875
0 0.525 0.725 0.0234375 0.0234375
0 0.54765625 0.73125 0.0234375 0.021875
0 0.51640625 0.70390625 0.0234375 0.0203125
0 0.4765625 0.70078125 0.0234375 0.0203125
0 0.5015625 0.68828125 0.021875 0.0203125
0 0.45859375 0.7140625 0.021875 0.021875
0 0.47578125 0.68203125 0.0234375 0.021875
0 0.45859375 0.66875 0.0234375 0.0234375
0 0.503125 0.665625 0.0234375 0.0234375
0 0.52265625 0.68203125 0.0234375 0.0203125
0 0.54765625 0.68359375 0.0234375 0.0234375
0 0.52578125 0.6578125 0.0234375 0.021875
0 0.5546875 0.65546875 0.0234375 0.021875
0 0.50390625 0.64296875 0.0234375 0.021875
0 0.48046875 0.63203125 0.0234375 0.025
0 0.515625 0.62265625 0.0234375 0.025
0 0.5421875 0.63203125 0.0234375 0.021875
0 0.565625 0.62890625 0.0234375 0.0234375
0 0.56640625 0.6 0.0234375 0.0234375
0 0.55 0.57890625 0.0234375 0.0234375
0 0.57421875 0.57578125 0.025 0.0234375
0 0.553125 0.55625 0.025 0.025
0 0.57890625 0.55078125 0.0265625 0.0265625
0 0.6109375 0.53046875 0.028125 0.028125
0 0.20390625 0.725 0.0234375 0.0234375
0 0.190625 0.66484375 0.025 0.0234375
0 0.259375 0.703125 0.0234375 0.0234375
0 0.28046875 0.6953125 0.0234375 0.0234375
0 0.2890625 0.63984375 0.025 0.0265625
0 0.3484375 0.59140625 0.0234375 0.0234375
0 0.33984375 0.57109375 0.0265625 0.025
0 0.3671875 0.57890625 0.0234375 0.0234375
0 0.39375 0.5828125 0.0265625 0.0265625
0 0.371875 0.55625 0.028125 0.028125
0 0.37265625 0.53046875 0.028125 0.028125
0 0.421875 0.58046875 0.0265625 0.025
0 0.40390625 0.56171875 0.0265625 0.025
0 0.409375 0.540625 0.0265625 0.025
0 0.43125 0.55859375 0.0265625 0.025
0 0.459375 0.5921875 0.0265625 0.0265625
0 0.4859375 0.5671875 0.0265625 0.0265625
0 0.46171875 0.54765625 0.025 0.0265625
0 0.446875 0.528125 0.0234375 0.025
0 0.5296875 0.5546875 0.0234375 0.025
0 0.51484375 0.5359375 0.028125 0.028125
0 0.54140625 0.53359375 0.0265625 0.025
0 0.51953125 0.50234375 0.028125 0.0296875
0 0.546875 0.50859375 0.025 0.0234375
0 0.56875 0.52578125 0.0265625 0.025
0 0.57578125 0.5 0.0265625 0.0265625
0 0.5515625 0.48203125 0.028125 0.028125
0 0.57578125 0.47734375 0.0265625 0.025
0 0.390625 0.51640625 0.025 0.025
0 0.40234375 0.496875 0.028125 0.028125
0 0.41015625 0.46953125 0.028125 0.028125
0 0.4234375 0.4359375 0.028125 0.028125
0 0.44765625 0.40703125 0.0265625 0.0265625
0 0.4890625 0.43984375 0.028125 0.028125
0 0.565625 0.4453125 0.0296875 0.028125
0 0.5921875 0.459375 0.025 0.025
0 0.60703125 0.48046875 0.028125 0.028125
0 0.621875 0.4578125 0.028125 0.028125
0 0.61328125 0.43515625 0.025 0.025
0 0.59375 0.42421875 0.028125 0.028125
0 0.625 0.41171875 0.028125 0.028125
0 0.61015625 0.390625 0.03125 0.028125
0 0.6515625 0.39375 0.03125 0.028125
0 0.64375 0.36484375 0.028125 0.03125
0 0.5265625 0.3859375 0.028125 0.028125
0 0.621875 0.35078125 0.0265625 0.025
0 0.478125 0.37265625 0.0296875 0.028125
0 0.42890625 0.34296875 0.028125 0.03125
0 0.45234375 0.36796875 0.028125 0.03125
0 0.45390625 0.3375 0.028125 0.028125
0 0.478125 0.3296875 0.028125 0.028125
0 0.503125 0.31875 0.03125 0.028125
0 0.45859375 0.31171875 0.03125 0.028125
0 0.49140625 0.29609375 0.0296875 0.0328125
0 0.5140625 0.2796875 0.0296875 0.03125
0 0.43125 0.31171875 0.028125 0.03125
0 0.46640625 0.28515625 0.028125 0.03125
0 0.415625 0.29140625 0.0296875 0.0296875
0 0.43984375 0.28359375 0.03125 0.0296875
0 0.38828125 0.27890625 0.0296875 0.03125
0 0.4203125 0.265625 0.0296875 0.03125
0 0.44765625 0.25703125 0.0328125 0.03125
0 0.48046875 0.2640625 0.028125 0.0296875
0 0.5109375 0.2484375 0.034375 0.03125
0 0.478125 0.2359375 0.03125 0.034375
0 0.45078125 0.2265625 0.028125 0.03125
0 0.39453125 0.23203125 0.03125 0.03125
0 0.42578125 0.2359375 0.0296875 0.03125
0 0.42265625 0.20390625 0.03125 0.03125
0 0.459375 0.19609375 0.0375 0.03125
0 0.38515625 0.19296875 0.03125 0.03125
0 0.67578125 0.271875 0.03125 0.0296875