0 0.72421875 0.7875 0.0375 0.03125
0 0.68828125 0.81953125 0.0390625 0.03125
0 0.621875 0.79453125 0.0375 0.0296875
0 0.6234375 0.8515625 0.034375 0.0265625
0 0.58359375 0.84921875 0.040625 0.0265625
0 0.56171875 0.8265625 0.034375 0.028125
0 0.4828125 0.80234375 0.0359375 0.028125
0 0.471875 0.7734375 0.0375 0.0296875
0 0.39375 0.71796875 0.0390625 0.03125
0 0.303125 0.64453125 0.040625 0.0296875
0 0.38203125 0.65703125 0.0375 0.028125
0 0.453125 0.66953125 0.034375 0.028125
0 0.43671875 0.6328125 0.0328125 0.028125
0 0.66640625 0.76015625 0.0390625 0.03125
0 0.80078125 0.74296875 0.0390625 0.028125
0 0.61015625 0.70859375 0.034375 0.028125
0 0.646875 0.69921875 0.0359375 0.025
0 0.6296875 0.67109375 0.0390625 0.03125
0 0.48671875 0.603125 0.0390625 0.028125
0 0.565625 0.65078125 0.0359375 0.03125
0 0.6359375 0.6453125 0.03125 0.028125
0 0.603125 0.6390625 0.0375 0.028125
0 0.58828125 0.6140625 0.03125 0.0265625
0 0.55390625 0.6203125 0.0375 0.028125
0 0.51875 0.61796875 0.034375 0.028125
0 0.5 0.5765625 0.03125 0.028125
0 0.46328125 0.578125 0.0359375 0.028125
0 0.74296875 0.69453125 0.0375 0.0296875
0 0.70859375 0.68359375 0.0375 0.0296875
0 0.7859375 0.671875 0.0375 0.03125
0 0.734375 0.61953125 0.04375 0.028125
0 0.7234375 0.6484375 0.0390625 0.028125
0 0.6859375 0.6578125 0.0359375 0.028125
0 0.66640625 0.628125 0.0375 0.028125
0 0.63046875 0.6171875 0.034375 0.0265625
0 0.61640625 0.5921875 0.0359375 0.028125
0 0.59765625 0.56875 0.0359375 0.025
0 0.56953125 0.5875 0.0328125 0.028125
0 0.53515625 0.58046875 0.03125 0.025
0 0.5328125 0.553125 0.03125 0.025
0 0.496875 0.54765625 0.0359375 0.0265625
0 0.56796875 0.55390625 0.034375 0.0265625
0 0.6875 0.6 0.040625 0.028125
0 0.696875 0.5734375 0.0375 0.025
0 0.665625 0.55546875 0.034375 0.025
0 0.63125 0.5140625 0.034375 0.0265625
0 0.66015625 0.528125 0.0375 0.0265625
0 0.6203125 0.540625 0.0375 0.028125
0 0.590625 0.528125 0.034375 0.028125
0 0.5484375 0.52890625 0.03125 0.028125
0 0.51640625 0.5203125 0.034375 0.025
0 0.4359375 0.534375 0.0375 0.028125
0 0.659375 0.49140625 0.0390625 0.028125
0 0.596875 0.5 0.0375 0.0265625
0 0.559375 0.50390625 0.034375 0.028125
0 0.51328125 0.4953125 0.03125 0.025
0 0.48203125 0.5078125 0.034375 0.025
0 0.57421875 0.48046875 0.034375 0.0265625
0 0.5359375 0.4765625 0.0328125 0.0296875
0 0.603125 0.46796875 0.034375 0.03125
0 0.5578125 0.45546875 0.0328125 0.028125
0 0.6203125 0.44140625 0.034375 0.028125
0 0.61328125 0.4125 0.040625 0.0296875
0 0.58515625 0.43828125 0.0375 0.028125
0 0.54375 0.42890625 0.0375 0.028125
0 0.5125 0.45078125 0.034375 0.0296875
0 0.4890625 0.47265625 0.03125 0.025
0 0.47578125 0.44609375 0.034375 0.0265625
0 0.44140625 0.44609375 0.03125 0.0296875
0 0.478125 0.41796875 0.03125 0.028125
0 0.4515625 0.42109375 0.028125 0.025
0 0.43046875 0.40625 0.0328125 0.025
0 0.46328125 0.39453125 0.03125 0.025
0 0.43515625 0.37734375 0.034375 0.03125
0 0.5109375 0.3734375 0.034375 0.03125
0 0.475 0.3671875 0.034375 0.03125
0 0.5578125 0.3765625 0.0375 0.028125
0 0.54765625 0.34453125 0.0375 0.028125
0 0.5078125 0.3375 0.03125 0.03125
0 0.46953125 0.3390625 0.0375 0.028125
0 0.421875 0.2875 0.034375 0.03125
0 0.47734375 0.31171875 0.034375 0.021875
0 0.41328125 0.3171875 0.0359375 0.03125
0 0.46015625 0.2875 0.0328125 0.028125
0 0.43125 0.259375 0.034375 0.028125
0 0.38828125 0.26484375 0.034375 0.028125
0 0.46953125 0.2609375 0.034375 0.028125
0 0.55234375 0.2859375 0.034375 0.0296875
0 0.5171875 0.2625 0.0375 0.0296875
0 0.4828125 0.234375 0.0375 0.028125
0 0.40234375 0.2375 0.0359375 0.03125
0 0.51796875 0.2125 0.0375 0.03125
0 0.371875 0.21015625 0.04375 0.0296875
0 0.4390625 0.2203125 0.034375 0.028125
0 0.40859375 0.19453125 0.034375 0.0296875
0 0.425 0.16484375 0.0375 0.028125