0 0.45625 0.5328125 0.0109375 0.0109375
0 0.59765625 0.43984375 0.0078125 0.0078125
0 0.58125 0.45234375 0.00625 0.00625
0 0.484375 0.26640625 0.009375 0.009375
0 0.48671875 0.278125 0.009375 0.009375
0 0.478125 0.29609375 0.0078125 0.009375
0 0.48671875 0.29765625 0.009375 0.009375
0 0.49609375 0.29609375 0.009375 0.009375
0 0.4765625 0.30546875 0.0078125 0.009375
0 0.48515625 0.30703125 0.009375 0.009375
0 0.49296875 0.3046875 0.0078125 0.009375
0 0.50078125 0.30703125 0.0078125 0.009375
0 0.5078125 0.30234375 0.0078125 0.009375
0 0.4796875 0.31484375 0.0078125 0.009375
0 0.4625 0.3140625 0.0078125 0.009375
0 0.490625 0.31484375 0.00625 0.009375
0 0.4984375 0.315625 0.0078125 0.009375
0 0.50703125 0.31953125 0.0078125 0.009375
0 0.48515625 0.32265625 0.00625 0.009375
0 0.46640625 0.325 0.0078125 0.009375
0 0.4953125 0.32421875 0.0078125 0.009375
0 0.50078125 0.3296875 0.00625 0.009375
0 0.51015625 0.33359375 0.0078125 0.009375
0 0.4953125 0.33671875 0.0078125 0.009375
0 0.503125 0.33828125 0.0078125 0.009375
0 0.51484375 0.34140625 0.0078125 0.009375
0 0.46484375 0.334375 0.0078125 0.009375
0 0.4796875 0.3359375 0.0078125 0.009375
0 0.47421875 0.34296875 0.00625 0.009375
0 0.4625 0.3453125 0.0078125 0.009375
0 0.47265625 0.35234375 0.0078125 0.009375
0 0.4875 0.34375 0.0078125 0.009375
0 0.4953125 0.34609375 0.009375 0.009375
0 0.48671875 0.35234375 0.0078125 0.009375
0 0.49453125 0.35546875 0.009375 0.009375
0 0.50625 0.346875 0.0078125 0.0078125
0 0.50703125 0.35546875 0.0078125 0.009375
0 0.51328125 0.35078125 0.009375 0.009375
0 0.5203125 0.35625 0.0078125 0.009375
0 0.51484375 0.36484375 0.009375 0.009375
0 0.50390625 0.36484375 0.009375 0.009375
0 0.48671875 0.3609375 0.0078125 0.0078125
0 0.47421875 0.3625 0.009375 0.0078125
0 0.4953125 0.3640625 0.0078125 0.00625
0 0.48984375 0.36953125 0.009375 0.009375
0 0.496875 0.37265625 0.0078125 0.009375
0 0.5078125 0.37265625 0.0078125 0.0078125
0 0.51796875 0.3734375 0.0078125 0.00625
0 0.525 0.3796875 0.009375 0.0078125
0 0.50703125 0.38125 0.00625 0.009375
0 0.49921875 0.38046875 0.0078125 0.0078125
0 0.47109375 0.3734375 0.00625 0.009375
0 0.4765625 0.38125 0.00625 0.0078125
0 0.484375 0.38125 0.00625 0.0078125
0 0.48828125 0.38828125 0.0078125 0.009375
0 0.50390625 0.38828125 0.00625 0.00625
0 0.5109375 0.3890625 0.00625 0.0078125
0 0.50625 0.39609375 0.0078125 0.0078125
0 0.496875 0.39375 0.0078125 0.009375
0 0.484375 0.3984375 0.0078125 0.0078125
0 0.51796875 0.39453125 0.0078125 0.00625
0 0.5234375 0.40078125 0.0078125 0.00625
0 0.5296875 0.40703125 0.00625 0.009375
0 0.509375 0.403125 0.0078125 0.0078125
0 0.5 0.40078125 0.00625 0.00625
0 0.4921875 0.40078125 0.0078125 0.009375
0 0.48515625 0.4078125 0.0078125 0.0078125
0 0.49609375 0.4078125 0.00625 0.0078125
0 0.49140625 0.41484375 0.00625 0.0078125
0 0.50078125 0.41484375 0.00625 0.0078125
0 0.5078125 0.4125 0.0078125 0.009375
0 0.509375 0.41953125 0.00625 0.0078125
0 0.52265625 0.4203125 0.0078125 0.009375
0 0.49765625 0.42265625 0.00625 0.0078125
0 0.48984375 0.42421875 0.00625 0.0078125
0 0.48046875 0.42578125 0.00625 0.0078125
0 0.4859375 0.43203125 0.00625 0.00625
0 0.47890625 0.4359375 0.00625 0.00625
0 0.49375 0.43515625 0.00625 0.0078125
0 0.5 0.4296875 0.00625 0.0078125
0 0.50625 0.43359375 0.0078125 0.0078125
0 0.51640625 0.43125 0.0078125 0.009375
0 0.51796875 0.4421875 0.0078125 0.0078125
0 0.528125 0.43828125 0.00625 0.0078125
0 0.5328125 0.45078125 0.0078125 0.0078125
0 0.51484375 0.45078125 0.00625 0.0078125
0 0.52265625 0.45234375 0.009375 0.0078125
0 0.50390625 0.44140625 0.00625 0.0078125
0 0.49296875 0.44296875 0.00625 0.009375
0 0.48515625 0.44296875 0.00625 0.00625
0 0.47734375 0.44453125 0.00625 0.009375
0 0.48203125 0.45078125 0.00625 0.009375
0 0.48984375 0.45390625 0.0078125 0.009375
0 0.4984375 0.44765625 0.00625 0.009375
0 0.50546875 0.45390625 0.00625 0.009375
0 0.5078125 0.46171875 0.00625 0.0078125
0 0.5140625 0.46640625 0.00625 0.009375
0 0.52109375 0.46171875 0.00625 0.0078125
0 0.49609375 0.4640625 0.00625 0.0078125
0 0.4828125 0.4609375 0.0078125 0.009375
0 0.46328125 0.4625 0.009375 0.009375
0 0.4875 0.46796875 0.0078125 0.00625
0 0.47578125 0.478125 0.009375 0.009375
0 0.47890625 0.46875 0.0078125 0.009375
0 0.51171875 0.475 0.0078125 0.0078125
0 0.5 0.47734375 0.009375 0.0078125
0 0.52109375 0.47265625 0.0078125 0.00625
0 0.52890625 0.47734375 0.0078125 0.0078125
0 0.51875 0.48125 0.0078125 0.0078125
0 0.528125 0.48515625 0.0078125 0.0078125
0 0.509375 0.48359375 0.009375 0.0078125
0 0.509375 0.4921875 0.009375 0.0078125
0 0.51953125 0.49140625 0.0078125 0.009375
0 0.53671875 0.48671875 0.009375 0.009375
0 0.525 0.50078125 0.009375 0.009375
0 0.53125 0.49375 0.009375 0.009375
0 0.540625 0.4984375 0.0078125 0.0078125
0 0.5125 0.50078125 0.009375 0.009375
0 0.51015625 0.50859375 0.0078125 0.009375
0 0.5203125 0.5140625 0.009375 0.009375
0 0.53359375 0.5125 0.009375 0.00625
0 0.54296875 0.51015625 0.009375 0.009375
0 0.54296875 0.51953125 0.009375 0.009375
0 0.53359375 0.503125 0.009375 0.0109375
0 0.5359375 0.521875 0.009375 0.009375
0 0.54296875 0.5296875 0.0078125 0.009375
0 0.53203125 0.53046875 0.009375 0.009375
0 0.53828125 0.53671875 0.0125 0.009375
0 0.521875 0.52265625 0.009375 0.009375
0 0.50625 0.5234375 0.009375 0.009375
0 0.51484375 0.5265625 0.009375 0.009375
0 0.5125 0.5359375 0.0078125 0.009375
0 0.49921875 0.53203125 0.009375 0.009375
0 0.4921875 0.5203125 0.0078125 0.009375
0 0.47734375 0.49453125 0.009375 0.009375
0 0.48671875 0.4953125 0.009375 0.009375
0 0.4734375 0.50234375 0.009375 0.009375
0 0.4828125 0.50234375 0.0078125 0.009375
0 0.47734375 0.5125 0.009375 0.009375
0 0.484375 0.51796875 0.009375 0.009375
0 0.5046875 0.55234375 0.009375 0.009375
0 0.51796875 0.55078125 0.009375 0.009375
0 0.52890625 0.54921875 0.009375 0.009375