0 0.57109375 0.1796875 0.0328125 0.0265625
0 0.64140625 0.196875 0.0265625 0.0234375
0 0.65 0.1765625 0.0234375 0.021875
0 0.665625 0.19609375 0.0234375 0.0234375
0 0.71328125 0.21171875 0.025 0.0203125
0 0.72109375 0.23828125 0.0234375 0.0234375
0 0.746875 0.23515625 0.025 0.0265625
0 0.690625 0.26171875 0.0234375 0.0234375
0 0.71171875 0.2734375 0.025 0.0234375
0 0.67890625 0.3109375 0.0296875 0.028125
0 0.58671875 0.2171875 0.0265625 0.0265625
0 0.56953125 0.2640625 0.0296875 0.028125
0 0.57109375 0.2390625 0.0296875 0.025
0 0.5484375 0.2734375 0.0265625 0.025
0 0.49765625 0.25 0.0296875 0.028125
0 0.50625 0.27734375 0.0265625 0.025
0 0.52890625 0.28671875 0.0265625 0.0265625
0 0.53828125 0.31875 0.0296875 0.028125
0 0.41875 0.28671875 0.034375 0.028125
0 0.42421875 0.315625 0.0328125 0.028125
0 0.40390625 0.35546875 0.0328125 0.028125
0 0.4375 0.36953125 0.0328125 0.028125
0 0.45703125 0.35078125 0.0328125 0.0265625
0 0.56875 0.34296875 0.028125 0.0265625
0 0.5796875 0.36484375 0.0265625 0.0234375
0 0.70234375 0.46875 0.028125 0.0203125
0 0.165625 0.36640625 0.046875 0.03125
0 0.3046875 0.37421875 0.034375 0.03125
0 0.30390625 0.403125 0.0328125 0.028125
0 0.3125 0.42421875 0.03125 0.028125
0 0.3390625 0.40546875 0.034375 0.028125
0 0.3453125 0.425 0.0234375 0.0203125
0 0.37265625 0.45234375 0.0328125 0.025
0 0.35390625 0.4421875 0.0296875 0.021875
0 0.4 0.46953125 0.0359375 0.028125
0 0.175 0.40546875 0.040625 0.0328125
0 0.1546875 0.44921875 0.0359375 0.03125
0 0.23125 0.44609375 0.0375 0.0328125
0 0.2609375 0.46015625 0.0328125 0.03125
0 0.28125 0.4828125 0.0359375 0.03125
0 0.13515625 0.47265625 0.0390625 0.0296875
0 0.1515625 0.5046875 0.0375 0.0296875
0 0.1859375 0.52421875 0.0359375 0.028125
0 0.21796875 0.51953125 0.034375 0.028125
0 0.24765625 0.503125 0.0359375 0.03125
0 0.25078125 0.5296875 0.0359375 0.0296875
0 0.18828125 0.55078125 0.0328125 0.03125
0 0.2125 0.5671875 0.0359375 0.03125
0 0.24609375 0.56328125 0.0359375 0.0328125
0 0.3390625 0.53984375 0.0359375 0.03125
0 0.35859375 0.5203125 0.0375 0.028125
0 0.384375 0.53203125 0.0328125 0.025
0 0.403125 0.55234375 0.034375 0.028125
0 0.434375 0.546875 0.0328125 0.028125
0 0.58671875 0.50390625 0.03125 0.025
0 0.571875 0.484375 0.0296875 0.028125
0 0.528125 0.47734375 0.0296875 0.0296875
0 0.49140625 0.48046875 0.0265625 0.0265625
0 0.50703125 0.48359375 0.0171875 0.0265625
0 0.48046875 0.5109375 0.0296875 0.028125
0 0.45625 0.5046875 0.0328125 0.028125
0 0.4671875 0.4828125 0.0296875 0.025
0 0.49609375 0.3984375 0.0328125 0.028125
0 0.47890625 0.42578125 0.0359375 0.025
0 0.5171875 0.434375 0.0328125 0.0265625
0 0.53203125 0.41875 0.0296875 0.025
0 0.59296875 0.390625 0.0296875 0.021875
0 0.59609375 0.409375 0.0265625 0.0234375
0 0.6140625 0.4109375 0.0203125 0.0265625
0 0.584375 0.4234375 0.025 0.0265625
0 0.62734375 0.42890625 0.028125 0.0234375
0 0.56328125 0.4453125 0.0296875 0.0265625
0 0.61015625 0.45078125 0.0296875 0.025
0 0.58671875 0.45859375 0.025 0.0234375
0 0.64140625 0.4578125 0.0265625 0.0203125
0 0.66484375 0.4453125 0.0265625 0.0234375
0 0.6359375 0.44453125 0.0234375 0.0140625
0 0.70703125 0.37421875 0.0265625 0.0265625
0 0.80546875 0.378125 0.0296875 0.025
0 0.73671875 0.40078125 0.0265625 0.0234375
0 0.6953125 0.44375 0.0265625 0.021875
0 0.7140625 0.44765625 0.0203125 0.0234375
0 0.646875 0.4828125 0.025 0.0203125
0 0.62421875 0.47265625 0.025 0.0234375
0 0.634375 0.49921875 0.0265625 0.0234375
0 0.66171875 0.471875 0.0234375 0.0203125
0 0.665625 0.49609375 0.0265625 0.0234375
0 0.7546875 0.4640625 0.0265625 0.0234375
0 0.690625 0.48671875 0.0234375 0.0203125
0 0.68125 0.4734375 0.0203125 0.0171875
0 0.69609375 0.50390625 0.025 0.0234375
0 0.65625 0.5390625 0.0265625 0.0234375
0 0.66953125 0.51796875 0.025 0.0203125
0 0.72734375 0.51796875 0.0265625 0.0203125
0 0.69140625 0.56953125 0.025 0.025
0 0.53359375 0.62890625 0.0296875 0.0265625
0 0.52578125 0.653125 0.0296875 0.028125
0 0.5546875 0.12265625 0.0390625 0.034375