0 0.4421875 0.43671875 0.04765625 0.03515625
0 0.69765625 0.65859375 0.03984375 0.0296875
0 0.1234375 0.609375 0.04453125 0.03203125
0 0.85234375 0.41484375 0.04453125 0.0328125
0 0.5875 0.5953125 0.040625 0.0296875
0 0.84140625 0.38359375 0.04921875 0.03359375
0 0.80703125 0.43671875 0.04375 0.034375
0 0.559375 0.51875 0.0453125 0.034375
0 0.32265625 0.51796875 0.04453125 0.0328125
0 0.484375 0.509375 0.0421875 0.0359375
0 0.26015625 0.865625 0.04140625 0.03046875
0 0.2234375 0.5828125 0.0453125 0.03203125
0 0.3796875 0.54140625 0.04296875 0.03203125
0 0.4921875 0.5453125 0.0421875 0.03046875
0 0.20546875 0.6609375 0.04375 0.03203125
0 0.159375 0.66640625 0.04375 0.0328125
0 0.53203125 0.5984375 0.04375 0.03046875
0 0.24765625 0.67890625 0.04375 0.0328125
0 0.321875 0.55 0.04609375 0.0328125
0 0.32578125 0.6203125 0.04296875 0.03203125
0 0.5671875 0.81953125 0.0375 0.03046875
0 0.41484375 0.55625 0.040625 0.03046875
0 0.2640625 0.5921875 0.04453125 0.03203125
0 0.19609375 0.77578125 0.04296875 0.03203125
0 0.2828125 0.565625 0.04609375 0.03203125
0 0.47734375 0.57265625 0.04375 0.03046875
0 0.48515625 0.60078125 0.04609375 0.03125
0 0.57734375 0.8609375 0.040625 0.028125
0 0.34765625 0.5734375 0.04296875 0.03203125
0 0.5234375 0.90546875 0.03671875 0.02734375
0 0.16953125 0.696875 0.0421875 0.03046875
0 0.2578125 0.75234375 0.0421875 0.0296875
0 0.31015625 0.59140625 0.04453125 0.03203125
0 0.21015625 0.72109375 0.04296875 0.03046875
0 0.26328125 0.6453125 0.04296875 0.03125
0 0.41640625 0.5859375 0.0421875 0.03125
0 0.28203125 0.7828125 0.04140625 0.03046875
0 0.5265625 0.80859375 0.0390625 0.02890625
0 0.2125 0.815625 0.04140625 0.03125
0 0.54140625 0.7140625 0.0390625 0.02890625
0 0.4171875 0.82734375 0.0390625 0.02890625
0 0.21015625 0.69296875 0.04375 0.03125
0 0.5265625 0.88125 0.03828125 0.028125
0 0.42421875 0.87421875 0.0390625 0.02734375
0 0.25078125 0.7125 0.040625 0.03125
0 0.51796875 0.6296875 0.03984375 0.0296875
0 0.515625 0.6578125 0.03984375 0.0296875
0 0.4078125 0.6140625 0.0421875 0.03046875
0 0.43125 0.6453125 0.04140625 0.03046875
0 0.378125 0.65078125 0.02734375 0.02890625
0 0.52734375 0.77109375 0.0390625 0.03125
0 0.371875 0.81640625 0.0390625 0.02734375
0 0.23203125 0.7890625 0.04296875 0.0296875
0 0.5296875 0.74296875 0.040625 0.0296875
0 0.29140625 0.6875 0.04140625 0.03125
0 0.36875 0.62109375 0.04375 0.03125
0 0.34453125 0.64609375 0.0421875 0.03203125
0 0.50234375 0.8609375 0.03828125 0.02734375
0 0.4796875 0.6296875 0.04140625 0.03046875
0 0.4484375 0.6765625 0.040625 0.03125
0 0.53984375 0.85234375 0.03828125 0.0296875
0 0.25859375 0.80859375 0.0453125 0.02890625
0 0.5203125 0.684375 0.0390625 0.02890625
0 0.2984375 0.7484375 0.040625 0.0296875
0 0.453125 0.85703125 0.040625 0.028125
0 0.47734375 0.65625 0.040625 0.03046875
0 0.48359375 0.80859375 0.040625 0.02890625
0 0.3296875 0.6734375 0.04140625 0.03125
0 0.43515625 0.70390625 0.03984375 0.0296875
0 0.37734375 0.7921875 0.03984375 0.02734375
0 0.36953125 0.6765625 0.040625 0.03046875
0 0.46640625 0.83046875 0.040625 0.0296875
0 0.3890625 0.76875 0.0296875 0.021875
0 0.3640625 0.7140625 0.03984375 0.03046875
0 0.50703125 0.71171875 0.0390625 0.0296875
0 0.303125 0.6515625 0.04453125 0.03203125
0 0.3265625 0.7015625 0.040625 0.03046875
0 0.32734375 0.7296875 0.03984375 0.03046875
0 0.46484375 0.775 0.0421875 0.03125
0 0.396875 0.64453125 0.0328125 0.03046875
0 0.44921875 0.6109375 0.0359375 0.03515625
0 0.4078125 0.67109375 0.040625 0.03046875
0 0.4734375 0.69609375 0.0375 0.02890625
0 0.396875 0.69765625 0.0390625 0.028125
0 0.38515625 0.7359375 0.03671875 0.028125
0 0.334375 0.77734375 0.03828125 0.0296875
0 0.28984375 0.721875 0.0390625 0.02890625
0 0.421875 0.7640625 0.03984375 0.0296875
0 0.42109375 0.73515625 0.0421875 0.0328125
0 0.490625 0.73515625 0.03984375 0.0296875
0 0.45859375 0.721875 0.03671875 0.028125
0 0.45546875 0.7484375 0.03828125 0.0265625
0 0.4515625 0.80078125 0.040625 0.025
0 0.41640625 0.78984375 0.0375 0.02578125
0 0.51484375 0.834375 0.0375 0.02421875
0 0.28359375 0.61796875 0.046875 0.0296875
0 0.37578125 0.59140625 0.0421875 0.03203125
0 0.3734375 0.7578125 0.034375 0.0234375
0 0.35078125 0.753125 0.03984375 0.02734375