0 0.38515625 0.89296875 0.04140625 0.0421875
0 0.32578125 0.78359375 0.0359375 0.03671875
0 0.28984375 0.75546875 0.03515625 0.0359375
0 0.3578125 0.7453125 0.0375 0.0375
0 0.325 0.75078125 0.03125 0.03515625
0 0.56640625 0.75 0.03671875 0.0375
0 0.390625 0.73828125 0.0296875 0.034375
0 0.36328125 0.71171875 0.03203125 0.034375
0 0.33125 0.71875 0.0296875 0.0359375
0 0.3 0.72109375 0.0359375 0.03203125
0 0.39609375 0.7046875 0.03203125 0.03359375
0 0.45 0.69375 0.034375 0.03203125
0 0.41953125 0.684375 0.03203125 0.0328125
0 0.384375 0.66953125 0.03125 0.03203125
0 0.3515625 0.67734375 0.03125 0.03203125
0 0.32109375 0.6890625 0.03359375 0.03125
0 0.28828125 0.68984375 0.03203125 0.03203125
0 0.290625 0.659375 0.03125 0.03125
0 0.44375 0.66171875 0.03046875 0.03203125
0 0.4125 0.653125 0.02890625 0.0296875
0 0.3859375 0.6375 0.0296875 0.0296875
0 0.35625 0.64609375 0.03125 0.02890625
0 0.3234375 0.65859375 0.03125 0.0296875
0 0.3 0.628125 0.03359375 0.03046875
0 0.365625 0.6140625 0.03125 0.03203125
0 0.33203125 0.62890625 0.03046875 0.02890625
0 0.396875 0.60859375 0.0296875 0.03046875
0 0.45625 0.63203125 0.0328125 0.03046875
0 0.42578125 0.6265625 0.028125 0.02890625
0 0.48828125 0.63046875 0.03046875 0.03203125
0 0.4640625 0.6015625 0.0296875 0.0328125
0 0.43203125 0.5984375 0.03046875 0.03046875
0 0.4078125 0.58046875 0.0265625 0.02578125
0 0.37734375 0.58671875 0.028125 0.02890625
0 0.33828125 0.59921875 0.03046875 0.028125
0 0.303125 0.59609375 0.03203125 0.03125
0 0.35625 0.56875 0.028125 0.02890625
0 0.325 0.571875 0.0328125 0.0296875
0 0.3265625 0.53984375 0.03203125 0.03046875
0 0.35703125 0.54140625 0.03046875 0.0296875
0 0.4125 0.5546875 0.0265625 0.0265625
0 0.38359375 0.553125 0.0296875 0.03046875
0 0.43515625 0.56796875 0.02890625 0.02734375
0 0.490625 0.578125 0.0296875 0.03125
0 0.465625 0.559375 0.03125 0.03125
0 0.43828125 0.5421875 0.02890625 0.028125
0 0.5125 0.56171875 0.0296875 0.02890625
0 0.4921875 0.54296875 0.02578125 0.025
0 0.46484375 0.5328125 0.03125 0.0265625
0 0.41171875 0.52734375 0.03046875 0.028125
0 0.38203125 0.5234375 0.028125 0.0265625
0 0.58203125 0.5421875 0.03125 0.03046875
0 0.55 0.5265625 0.03046875 0.028125
0 0.5203125 0.5359375 0.03359375 0.02578125
0 0.51171875 0.509375 0.028125 0.02890625
0 0.4828125 0.5109375 0.02734375 0.025
0 0.459375 0.49765625 0.02734375 0.028125
0 0.4328125 0.509375 0.0265625 0.0265625
0 0.4046875 0.503125 0.02890625 0.02734375
0 0.3765625 0.49375 0.028125 0.0296875
0 0.30625 0.453125 0.0296875 0.028125
0 0.378125 0.4625 0.02890625 0.028125
0 0.4359375 0.4828125 0.028125 0.02734375
0 0.40234375 0.478125 0.02890625 0.025
0 0.4640625 0.4703125 0.02890625 0.028125
0 0.51328125 0.48125 0.0296875 0.02890625
0 0.48828125 0.4640625 0.02734375 0.028125
0 0.53984375 0.49765625 0.02734375 0.02734375
0 0.4375 0.45625 0.02890625 0.02578125
0 0.4078125 0.453125 0.0265625 0.025
0 0.40859375 0.42734375 0.028125 0.02421875
0 0.4609375 0.4421875 0.02890625 0.0265625
0 0.52109375 0.4453125 0.03359375 0.03125
0 0.4890625 0.4359375 0.025 0.03046875
0 0.55234375 0.4515625 0.03203125 0.02890625
0 0.46171875 0.41953125 0.0296875 0.0265625
0 0.4375 0.43046875 0.028125 0.0234375
0 0.575 0.43046875 0.0265625 0.02578125
0 0.54609375 0.42265625 0.03046875 0.02734375
0 0.59140625 0.41171875 0.0265625 0.0265625
0 0.5546875 0.39375 0.02734375 0.025
0 0.55234375 0.3671875 0.03046875 0.025
0 0.578125 0.38203125 0.02890625 0.028125
0 0.5203125 0.3953125 0.028125 0.028125
0 0.48984375 0.3875 0.02578125 0.02265625
0 0.46328125 0.39375 0.02890625 0.0234375
0 0.44609375 0.37734375 0.0265625 0.02421875
0 0.421875 0.3859375 0.02890625 0.02421875
0 0.4890625 0.41015625 0.02734375 0.0234375
0 0.4390625 0.4046875 0.02578125 0.02421875
0 0.39609375 0.39453125 0.028125 0.0234375
0 0.40625 0.40546875 0.0265625 0.01875
0 0.37265625 0.4109375 0.02890625 0.025
0 0.35234375 0.39375 0.02890625 0.0234375
0 0.353125 0.36953125 0.028125 0.0234375
0 0.38125 0.37578125 0.02578125 0.02421875
0 0.40625 0.365625 0.02578125 0.02421875
0 0.43125 0.3578125 0.028125 0.0234375
0 0.44140625 0.33125 0.02265625 0.02421875
0 0.41328125 0.33984375 0.02734375 0.0234375
0 0.38671875 0.3359375 0.02578125 0.02265625
0 0.45625 0.34921875 0.02421875 0.0234375
0 0.496875 0.36015625 0.02734375 0.02578125
0 0.48359375 0.35 0.025 0.0234375
0 0.49375 0.328125 0.0265625 0.021875
0 0.4703125 0.31796875 0.0265625 0.021875
0 0.44609375 0.30859375 0.028125 0.0234375
0 0.49453125 0.30625 0.02734375 0.0203125
0 0.5171875 0.2953125 0.0265625 0.021875
0 0.465625 0.2875 0.025 0.0234375
0 0.43828125 0.2890625 0.02734375 0.0203125
0 0.41328125 0.31484375 0.02734375 0.025
0 0.39453125 0.3 0.0265625 0.02109375
0 0.3671875 0.31796875 0.02734375 0.025
0 0.34140625 0.30546875 0.02578125 0.02578125
0 0.26171875 0.353125 0.0296875 0.028125
0 0.3671875 0.28515625 0.025 0.02265625
0 0.40390625 0.28046875 0.0265625 0.0234375
0 0.40859375 0.26015625 0.025 0.0234375
0 0.3796875 0.2546875 0.0265625 0.0234375
0 0.390625 0.234375 0.02578125 0.021875
0 0.43046875 0.26796875 0.0296875 0.02265625
0 0.440625 0.23828125 0.02578125 0.02265625
0 0.478125 0.24375 0.02890625 0.02265625
0 0.45625 0.2609375 0.025 0.02265625
0 0.5171875 0.240625 0.0296875 0.02421875
0 0.55390625 0.240625 0.025 0.02265625
0 0.60703125 0.23125 0.0265625 0.021875
0 0.5796875 0.2359375 0.02734375 0.0203125
0 0.64140625 0.18828125 0.02578125 0.021875
0 0.6140625 0.1734375 0.025 0.021875
0 0.5859375 0.17578125 0.025 0.02109375
0 0.57734375 0.1578125 0.02421875 0.02421875
0 0.578125 0.1359375 0.02265625 0.01953125
0 0.6265625 0.12578125 0.02421875 0.02265625
0 0.6109375 0.1046875 0.02421875 0.0234375
0 0.5078125 0.1640625 0.02734375 0.025
0 0.4796875 0.19765625 0.02734375 0.025
0 0.44765625 0.190625 0.02734375 0.0234375
0 0.41640625 0.18828125 0.02890625 0.021875
0 0.3796875 0.196875 0.0265625 0.02578125
0 0.415625 0.16953125 0.0296875 0.02421875
0 0.4125 0.1453125 0.02734375 0.02109375
0 0.43515625 0.13671875 0.0296875 0.0203125