0 0.66875 0.23828125 0.0203125 0.02421875
0 0.5890625 0.228125 0.01953125 0.01953125
0 0.55859375 0.21171875 0.0171875 0.01640625
0 0.56875 0.22890625 0.0171875 0.01875
0 0.5421875 0.23125 0.01796875 0.01796875
0 0.56015625 0.24609375 0.01875 0.01875
0 0.52734375 0.24296875 0.01875 0.01796875
0 0.46875 0.1890625 0.01953125 0.01875
0 0.4796875 0.20546875 0.01875 0.01953125
0 0.5046875 0.23203125 0.0203125 0.0203125
0 0.49921875 0.25234375 0.01875 0.01875
0 0.5171875 0.2578125 0.01796875 0.01796875
0 0.5046875 0.27109375 0.0171875 0.01875
0 0.45703125 0.2890625 0.01875 0.02109375
0 0.44296875 0.275 0.01953125 0.01796875
0 0.440625 0.29375 0.01796875 0.01875
0 0.41171875 0.26796875 0.01875 0.01953125
0 0.415625 0.24140625 0.01796875 0.01875
0 0.39140625 0.25 0.01875 0.01796875
0 0.3859375 0.26640625 0.01875 0.01796875
0 0.39609375 0.2828125 0.01875 0.01875
0 0.409375 0.2984375 0.01640625 0.0171875
0 0.4265625 0.30546875 0.01640625 0.01953125
0 0.57734375 0.40078125 0.01953125 0.02109375
0 0.54609375 0.4046875 0.0203125 0.0203125
0 0.55 0.42890625 0.01796875 0.01875
0 0.5671875 0.4265625 0.01953125 0.01953125
0 0.53984375 0.44296875 0.01796875 0.01953125
0 0.5546875 0.4578125 0.0171875 0.01953125
0 0.5703125 0.4453125 0.01875 0.0171875
0 0.5953125 0.4390625 0.01953125 0.01953125
0 0.5796875 0.459375 0.01796875 0.01796875
0 0.58671875 0.4765625 0.01953125 0.01875
0 0.59921875 0.496875 0.01875 0.01953125
0 0.52265625 0.27734375 0.01953125 0.01953125
0 0.48515625 0.27578125 0.01953125 0.01953125
0 0.47421875 0.296875 0.01875 0.01953125
0 0.490625 0.29140625 0.01875 0.01796875
0 0.496875 0.31015625 0.01796875 0.0203125
0 0.509375 0.2953125 0.0203125 0.0203125
0 0.4796875 0.3171875 0.01953125 0.0203125
0 0.49609375 0.359375 0.02109375 0.0203125
0 0.4828125 0.3390625 0.01875 0.0203125
0 0.52109375 0.3375 0.01953125 0.0203125
0 0.50234375 0.334375 0.02109375 0.02109375
0 0.51875 0.31875 0.01953125 0.01953125
0 0.5703125 0.29453125 0.01875 0.01875
0 0.5765625 0.36171875 0.0203125 0.01953125
0 0.5484375 0.36015625 0.0203125 0.0203125
0 0.55625 0.31875 0.01796875 0.02109375
0 0.56875 0.3421875 0.0171875 0.01875
0 0.58828125 0.3484375 0.01953125 0.0203125
0 0.57578125 0.32421875 0.01953125 0.01953125
0 0.5953125 0.33046875 0.01796875 0.01875
0 0.62890625 0.2875 0.021875 0.01953125
0 0.6296875 0.3109375 0.01875 0.01875
0 0.6640625 0.2703125 0.01953125 0.01875
0 0.65078125 0.290625 0.021875 0.02109375
0 0.6734375 0.31171875 0.0203125 0.01953125
0 0.63359375 0.3453125 0.01875 0.0203125
0 0.6515625 0.35390625 0.01875 0.0203125
0 0.66953125 0.33125 0.0203125 0.01796875
0 0.6796875 0.35546875 0.0203125 0.01875
0 0.69765625 0.31953125 0.01875 0.01953125
0 0.725 0.26953125 0.02109375 0.01796875
0 0.728125 0.2890625 0.01953125 0.01953125
0 0.77734375 0.309375 0.0203125 0.0203125
0 0.834375 0.3109375 0.0203125 0.02109375
0 0.7984375 0.32265625 0.0203125 0.01875
0 0.81015625 0.33828125 0.01875 0.0203125
0 0.746875 0.30390625 0.01796875 0.01640625
0 0.75859375 0.31875 0.01875 0.01796875
0 0.73125 0.31015625 0.01953125 0.015625
0 0.73046875 0.32890625 0.01875 0.0203125
0 0.7484375 0.33359375 0.0171875 0.01796875
0 0.765625 0.3421875 0.01796875 0.01953125
0 0.78203125 0.33671875 0.01875 0.0171875
0 0.7953125 0.3484375 0.01875 0.01875
0 0.8125 0.35859375 0.021875 0.01875
0 0.81875 0.38828125 0.02421875 0.01875
0 0.82265625 0.4078125 0.0203125 0.01796875
0 0.84453125 0.43203125 0.0203125 0.02109375
0 0.85546875 0.4515625 0.02109375 0.02109375
0 0.778125 0.403125 0.02109375 0.0203125
0 0.80078125 0.40234375 0.01875 0.0203125
0 0.80546875 0.37578125 0.02109375 0.01875
0 0.76953125 0.38359375 0.0203125 0.0203125
0 0.74140625 0.35234375 0.0203125 0.02109375
0 0.75859375 0.35859375 0.02109375 0.01953125
0 0.721875 0.353125 0.0203125 0.021875
0 0.74453125 0.371875 0.0203125 0.0171875
0 0.7296875 0.3921875 0.0203125 0.01875
0 0.74921875 0.3890625 0.01875 0.01875
0 0.7546875 0.40546875 0.01875 0.0171875
0 0.7859375 0.4265625 0.0203125 0.02109375
0 0.75703125 0.42421875 0.01796875 0.0203125
0 0.7625 0.44296875 0.0203125 0.01640625
0 0.77734375 0.4609375 0.02265625 0.0203125
0 0.7828125 0.4859375 0.02265625 0.01953125
0 0.7359375 0.46953125 0.01796875 0.01875
0 0.7546875 0.48125 0.0203125 0.021875
0 0.71796875 0.4640625 0.021875 0.021875
0 0.73671875 0.4875 0.02109375 0.01875
0 0.73515625 0.50625 0.01875 0.01796875
0 0.7546875 0.5046875 0.01875 0.0171875
0 0.7609375 0.521875 0.01796875 0.01953125
0 0.740625 0.5234375 0.01953125 0.01875
0 0.75 0.53984375 0.01875 0.01875
0 0.76875 0.54296875 0.01796875 0.01953125
0 0.75 0.5578125 0.0171875 0.01875
0 0.76875 0.5640625 0.0203125 0.0203125
0 0.79921875 0.5390625 0.0203125 0.0203125
0 0.80390625 0.5578125 0.02265625 0.01796875
0 0.8234375 0.5625 0.0203125 0.0203125
0 0.82421875 0.58203125 0.01953125 0.01875
0 0.796875 0.58203125 0.0203125 0.0203125
0 0.8140625 0.59453125 0.01875 0.01953125
0 0.79609375 0.60859375 0.0203125 0.02265625
0 0.8203125 0.61953125 0.021875 0.0203125
0 0.8390625 0.61640625 0.02421875 0.02109375
0 0.83046875 0.63828125 0.021875 0.01875
0 0.6875 0.37734375 0.01796875 0.015625
0 0.67578125 0.390625 0.01875 0.01875
0 0.6875 0.4078125 0.01796875 0.02109375
0 0.634375 0.41328125 0.02109375 0.01875
0 0.65078125 0.421875 0.01875 0.01875
0 0.640625 0.4359375 0.01875 0.01640625
0 0.64296875 0.4546875 0.01875 0.01953125
0 0.65546875 0.4703125 0.01796875 0.01875
0 0.62421875 0.47578125 0.02109375 0.01875
0 0.62734375 0.49453125 0.01875 0.01875
0 0.65234375 0.490625 0.01953125 0.01796875
0 0.6703125 0.51328125 0.0203125 0.01875
0 0.66484375 0.53125 0.0203125 0.01875
0 0.68515625 0.540625 0.0203125 0.01953125
0 0.73125 0.5546875 0.01875 0.01953125
0 0.71484375 0.5390625 0.0203125 0.01875
0 0.71796875 0.56796875 0.0203125 0.01953125
0 0.71328125 0.5953125 0.01796875 0.01796875
0 0.721875 0.61328125 0.02109375 0.0203125
0 0.7296875 0.5890625 0.01953125 0.01953125
0 0.74609375 0.5765625 0.02109375 0.01875
0 0.76796875 0.58359375 0.0171875 0.01640625
0 0.7625 0.60234375 0.021875 0.0203125
0 0.775 0.615625 0.01953125 0.01875
0 0.7890625 0.628125 0.01875 0.01875
0 0.80625 0.640625 0.01796875 0.01796875
0 0.77109375 0.6359375 0.01953125 0.01875
0 0.7765625 0.65546875 0.0203125 0.01875
0 0.7953125 0.6546875 0.01796875 0.01796875
0 0.8046875 0.67109375 0.0203125 0.01875
0 0.77734375 0.67578125 0.021875 0.0203125
0 0.7984375 0.68984375 0.021875 0.0203125
0 0.32578125 0.15703125 0.021875 0.0203125
0 0.334375 0.1828125 0.01953125 0.01953125
0 0.35234375 0.1109375 0.01953125 0.01875
0 0.36015625 0.128125 0.01953125 0.01875
0 0.36953125 0.14296875 0.0203125 0.01796875
0 0.3796875 0.15625 0.01875 0.01796875
0 0.3859375 0.175 0.01953125 0.0203125
0 0.4015625 0.2015625 0.0203125 0.02109375
0 0.39375 0.22734375 0.0203125 0.02109375
0 0.3765625 0.234375 0.02109375 0.021875
0 0.36640625 0.25546875 0.02109375 0.0203125
0 0.34921875 0.27578125 0.01953125 0.0203125
0 0.3703125 0.2796875 0.02109375 0.02109375
0 0.36640625 0.30625 0.0203125 0.021875
0 0.3859375 0.30390625 0.01875 0.01953125
0 0.4 0.31640625 0.01953125 0.01875
0 0.40703125 0.35234375 0.01796875 0.01875
0 0.3734375 0.34140625 0.01875 0.01875
0 0.38828125 0.35078125 0.01875 0.0203125
0 0.41328125 0.33515625 0.0203125 0.01953125
0 0.41171875 0.3765625 0.01953125 0.01875
0 0.446875 0.37890625 0.021875 0.01953125
0 0.42578125 0.390625 0.01875 0.01953125
0 0.3765625 0.37734375 0.01875 0.01875
0 0.39375 0.3890625 0.01875 0.0203125
0 0.2984375 0.37421875 0.01796875 0.01953125
0 0.30859375 0.365625 0.01953125 0.01796875
0 0.27734375 0.2609375 0.01953125 0.02109375
0 0.25546875 0.26484375 0.021875 0.02265625
0 0.17109375 0.24765625 0.0203125 0.0203125
0 0.1875 0.2625 0.01875 0.01953125
0 0.16484375 0.27578125 0.01953125 0.02109375
0 0.1234375 0.2921875 0.01953125 0.021875
0 0.090625 0.33203125 0.0171875 0.01328125
0 0.09453125 0.321875 0.01953125 0.01796875
0 0.12890625 0.42421875 0.0203125 0.02109375
0 0.14296875 0.440625 0.01796875 0.01953125
0 0.16328125 0.33203125 0.01875 0.02109375
0 0.1796875 0.340625 0.01875 0.02265625
0 0.2046875 0.3421875 0.021875 0.0234375
0 0.1828125 0.384375 0.02109375 0.02421875
0 0.21484375 0.36484375 0.0203125 0.0203125
0 0.225 0.38671875 0.01953125 0.01953125
0 0.2515625 0.3875 0.021875 0.0203125
0 0.26171875 0.41328125 0.0203125 0.02109375
0 0.31796875 0.4140625 0.01953125 0.021875
0 0.3109375 0.4375 0.0203125 0.01953125
0 0.33125 0.4375 0.0203125 0.021875
0 0.2703125 0.4609375 0.01953125 0.01796875
0 0.26328125 0.44296875 0.01953125 0.01875
0 0.2828125 0.44765625 0.01875 0.0203125
0 0.30078125 0.459375 0.0203125 0.01875
0 0.284375 0.47265625 0.01953125 0.01875
0 0.303125 0.47890625 0.01875 0.01875
0 0.25703125 0.4765625 0.02109375 0.01953125
0 0.2453125 0.49453125 0.0203125 0.02109375
0 0.265625 0.49453125 0.0203125 0.02109375
0 0.29453125 0.49765625 0.02109375 0.01953125
0 0.30390625 0.5203125 0.0203125 0.02109375
0 0.32421875 0.52421875 0.0203125 0.0203125
0 0.2890625 0.54453125 0.01875 0.02109375
0 0.31328125 0.540625 0.01953125 0.0203125
0 0.32890625 0.46328125 0.01953125 0.01875
0 0.34140625 0.47734375 0.01953125 0.01953125
0 0.36640625 0.4765625 0.01953125 0.01875
0 0.38515625 0.4796875 0.0171875 0.01875
0 0.40234375 0.475 0.01875 0.01875
0 0.3546875 0.49375 0.01796875 0.01953125
0 0.37421875 0.49609375 0.01953125 0.0203125
0 0.3984375 0.49375 0.01953125 0.01875
0 0.4171875 0.49296875 0.01875 0.01953125
0 0.4359375 0.4921875 0.01796875 0.01875
0 0.3890625 0.5109375 0.01953125 0.01953125
0 0.409375 0.5125 0.01796875 0.01796875
0 0.42734375 0.509375 0.01953125 0.01875
0 0.44765625 0.51328125 0.01796875 0.01796875
0 0.4328125 0.52734375 0.01796875 0.01875
0 0.45078125 0.53125 0.01875 0.01875
0 0.41328125 0.53046875 0.0171875 0.01953125
0 0.3796875 0.5375 0.01953125 0.02109375
0 0.3984375 0.5421875 0.01953125 0.02109375
0 0.42421875 0.5484375 0.01875 0.01796875
0 0.44375 0.54921875 0.01875 0.01953125
0 0.50078125 0.42109375 0.0203125 0.01953125
0 0.4765625 0.4109375 0.0203125 0.01953125
0 0.4546875 0.40078125 0.01875 0.01796875
0 0.45625 0.421875 0.0171875 0.01953125
0 0.47265625 0.43046875 0.01796875 0.01953125
0 0.49140625 0.43515625 0.01796875 0.01796875
0 0.50390625 0.44765625 0.01796875 0.01875
0 0.515625 0.46171875 0.01875 0.01875
0 0.525 0.47734375 0.01953125 0.01953125
0 0.484375 0.45859375 0.01875 0.01875
0 0.49296875 0.4765625 0.01875 0.01953125
0 0.48203125 0.490625 0.01875 0.01796875
0 0.49296875 0.50546875 0.01875 0.01953125
0 0.4765625 0.51640625 0.0203125 0.01953125
0 0.50390625 0.52109375 0.01953125 0.01953125
0 0.48984375 0.5328125 0.01875 0.01953125
0 0.48671875 0.55234375 0.01875 0.01953125
0 0.5046875 0.54609375 0.01875 0.01953125
0 0.5328125 0.56640625 0.02109375 0.01875
0 0.5078125 0.58984375 0.0203125 0.02109375
0 0.52890625 0.58515625 0.01953125 0.02109375
0 0.478125 0.609375 0.01796875 0.02265625
0 0.49609375 0.63359375 0.01953125 0.02265625
0 0.521875 0.66640625 0.01875 0.0203125
0 0.48046875 0.66484375 0.01875 0.0203125
0 0.50390625 0.6640625 0.01796875 0.01953125
0 0.52890625 0.64609375 0.01953125 0.01953125
0 0.55390625 0.5390625 0.02109375 0.0203125
0 0.58046875 0.5375 0.02109375 0.01953125
0 0.584375 0.5578125 0.02109375 0.0203125
0 0.60859375 0.534375 0.0203125 0.0203125
0 0.6171875 0.56484375 0.02265625 0.0234375
0 0.575 0.58984375 0.01875 0.0203125
0 0.59375 0.58515625 0.01796875 0.0203125
0 0.60859375 0.584375 0.01953125 0.02109375
0 0.625 0.6015625 0.01953125 0.0203125
0 0.64453125 0.59609375 0.0203125 0.0203125
0 0.60390625 0.60546875 0.0203125 0.0203125
0 0.56484375 0.65546875 0.0203125 0.02265625
0 0.6734375 0.61953125 0.02109375 0.0203125
0 0.634375 0.6203125 0.0203125 0.02109375
0 0.65546875 0.615625 0.01875 0.021875
0 0.6140625 0.62265625 0.01875 0.01953125
0 0.5984375 0.634375 0.0203125 0.02109375
0 0.6109375 0.65078125 0.01875 0.02109375
0 0.6265625 0.6390625 0.01953125 0.02109375
0 0.6453125 0.6359375 0.01875 0.02109375
0 0.66328125 0.63671875 0.01953125 0.01953125
0 0.684375 0.63828125 0.01875 0.02109375
0 0.659375 0.65625 0.0203125 0.01953125
0 0.63125 0.66640625 0.01953125 0.0203125
0 0.64765625 0.67890625 0.01953125 0.0203125
0 0.6703125 0.678125 0.01953125 0.01953125
0 0.67890625 0.65859375 0.01875 0.01875
0 0.69765625 0.65703125 0.0203125 0.0203125
0 0.71875 0.66796875 0.02109375 0.0203125
0 0.70078125 0.6765625 0.01953125 0.01875
0 0.68671875 0.6921875 0.02265625 0.0203125
0 0.72890625 0.70546875 0.02265625 0.01875
0 0.71484375 0.68984375 0.01953125 0.01875
0 0.73515625 0.68828125 0.02109375 0.01953125
0 0.7671875 0.69453125 0.0203125 0.0203125
0 0.784375 0.7046875 0.0203125 0.0203125
0 0.11015625 0.51796875 0.02265625 0.021875
0 0.10625 0.53984375 0.0234375 0.01953125
0 0.11015625 0.559375 0.02109375 0.021875
0 0.0453125 0.571875 0.025 0.0234375
0 0.10625 0.58203125 0.0234375 0.02109375
0 0.06015625 0.6390625 0.0234375 0.02421875
0 0.19296875 0.6375 0.02109375 0.02265625
0 0.19140625 0.675 0.0203125 0.021875
0 0.26953125 0.67890625 0.02265625 0.0234375
0 0.375 0.67109375 0.0203125 0.0203125
0 0.3953125 0.67578125 0.02109375 0.02109375
0 0.37421875 0.6921875 0.02109375 0.0203125
0 0.38671875 0.7171875 0.021875 0.02109375
0 0.40390625 0.73046875 0.01953125 0.021875
0 0.23203125 0.53828125 0.02109375 0.021875
0 0.2140625 0.5421875 0.01953125 0.0203125
0 0.20546875 0.55859375 0.01953125 0.01953125
0 0.2265625 0.5578125 0.021875 0.01953125
0 0.215625 0.575 0.02109375 0.02109375
0 0.240625 0.57109375 0.02109375 0.01953125
0 0.2265625 0.590625 0.021875 0.0203125
0 0.2390625 0.61015625 0.0203125 0.0203125
0 0.2484375 0.59140625 0.01875 0.0203125
0 0.265625 0.5890625 0.01953125 0.021875
0 0.2703125 0.5703125 0.02109375 0.01875
0 0.2859375 0.58203125 0.021875 0.01875
0 0.3375 0.59140625 0.021875 0.0203125
0 0.35234375 0.6015625 0.0203125 0.0171875
0 0.35546875 0.61796875 0.0203125 0.01953125
0 0.37265625 0.60625 0.02265625 0.021875
0 0.38046875 0.63828125 0.02109375 0.02265625
0 0.39375 0.6140625 0.01953125 0.021875
0 0.4125 0.5625 0.01953125 0.02109375
0 0.43515625 0.56484375 0.01875 0.01875
0 0.43828125 0.58359375 0.02109375 0.01953125
0 0.4390625 0.603125 0.0203125 0.0203125
0 0.425 0.6296875 0.0203125 0.01953125
0 0.44453125 0.625 0.01953125 0.0203125
0 0.434375 0.64765625 0.0203125 0.0203125
0 0.459375 0.64609375 0.0203125 0.021875
0 0.446875 0.6609375 0.01953125 0.01953125
0 0.44296875 0.68046875 0.01875 0.021875
0 0.46171875 0.67265625 0.01953125 0.0203125
0 0.45703125 0.69375 0.01875 0.02109375
0 0.47734375 0.69296875 0.0203125 0.021875
0 0.4921875 0.6796875 0.01875 0.01953125
0 0.51015625 0.68671875 0.01875 0.0203125
0 0.53046875 0.70078125 0.0203125 0.0203125
0 0.51484375 0.71328125 0.01875 0.021875
0 0.49453125 0.7 0.01875 0.02109375
0 0.49765625 0.7203125 0.01953125 0.0203125
0 0.453125 0.71484375 0.01953125 0.02265625
0 0.47421875 0.71328125 0.0203125 0.0203125
0 0.296875 0.759375 0.021875 0.0265625
0 0.22734375 0.759375 0.02109375 0.021875
0 0.24453125 0.78515625 0.02109375 0.02109375
0 0.29140625 0.8109375 0.0234375 0.02421875
0 0.33828125 0.8375 0.02265625 0.02421875
0 0.3484375 0.80390625 0.021875 0.02265625
0 0.43984375 0.746875 0.02265625 0.02265625
0 0.43046875 0.76484375 0.02421875 0.01953125
0 0.42421875 0.784375 0.02109375 0.021875
0 0.41328125 0.80078125 0.021875 0.02265625
0 0.4484375 0.796875 0.021875 0.02421875
0 0.47890625 0.73515625 0.0203125 0.0203125
0 0.47578125 0.75703125 0.02109375 0.02265625
0 0.50078125 0.74609375 0.0203125 0.021875
0 0.50546875 0.77109375 0.01953125 0.02109375
0 0.5265625 0.7703125 0.02265625 0.0234375
0 0.52890625 0.74375 0.01953125 0.021875
0 0.534375 0.721875 0.0203125 0.0203125
0 0.55390625 0.70703125 0.01953125 0.02265625
0 0.55078125 0.73984375 0.01953125 0.02109375
0 0.565625 0.72421875 0.01953125 0.01953125
0 0.57109375 0.74453125 0.01875 0.02109375
0 0.60859375 0.75234375 0.021875 0.0203125
0 0.5859375 0.725 0.01953125 0.02109375
0 0.603125 0.6921875 0.0203125 0.02109375
0 0.60859375 0.71953125 0.01953125 0.02109375
0 0.63203125 0.70546875 0.01796875 0.01953125
0 0.65 0.7125 0.01875 0.02109375
0 0.67109375 0.734375 0.01953125 0.021875
0 0.6859375 0.721875 0.01953125 0.02265625
0 0.70234375 0.734375 0.0203125 0.02109375
0 0.7234375 0.725 0.02109375 0.0203125
0 0.74375 0.7265625 0.0203125 0.0203125
0 0.753125 0.7125 0.0203125 0.0203125
0 0.76328125 0.7296875 0.01953125 0.01875
0 0.7828125 0.7234375 0.0203125 0.01875
0 0.79921875 0.7359375 0.01875 0.0203125
0 0.80234375 0.75703125 0.0203125 0.02109375
0 0.8203125 0.7515625 0.01953125 0.01953125
0 0.834375 0.765625 0.01953125 0.02109375
0 0.81875 0.78203125 0.01953125 0.021875
0 0.765625 0.81328125 0.02109375 0.0203125
0 0.78359375 0.80546875 0.021875 0.02265625
0 0.92890625 0.67109375 0.021875 0.02265625