0 0.14453125 0.38203125 0.034375 0.0265625
0 0.51640625 0.19140625 0.02734375 0.02109375
0 0.53125 0.24296875 0.02734375 0.01953125
0 0.63671875 0.2640625 0.021875 0.01953125
0 0.615625 0.25234375 0.02578125 0.0203125
0 0.61484375 0.27109375 0.02421875 0.015625
0 0.63671875 0.30078125 0.0203125 0.01484375
0 0.65703125 0.28671875 0.0171875 0.0078125
0 0.66171875 0.296875 0.01640625 0.01484375
0 0.63359375 0.28203125 0.01953125 0.0171875
0 0.6453125 0.29375 0.01796875 0.015625
0 0.6671875 0.3078125 0.01875 0.0109375
0 0.65 0.31796875 0.021875 0.0171875
0 0.6703125 0.32421875 0.021875 0.01796875
0 0.74375 0.3234375 0.02421875 0.01953125
0 0.7203125 0.3234375 0.025 0.015625
0 0.7296875 0.30703125 0.0234375 0.01875
0 0.68203125 0.28984375 0.0234375 0.0171875
0 0.69296875 0.3078125 0.02109375 0.0171875
0 0.7125 0.3 0.02265625 0.0171875
0 0.68828125 0.32265625 0.01796875 0.0171875
0 0.7046875 0.33359375 0.025 0.01875
0 0.63125 0.31640625 0.01953125 0.01640625
0 0.61875 0.296875 0.0234375 0.01953125
0 0.5953125 0.29765625 0.0234375 0.01953125
0 0.5578125 0.2828125 0.025 0.0203125
0 0.6171875 0.32421875 0.0203125 0.01875
0 0.5984375 0.31796875 0.02421875 0.01796875
0 0.62109375 0.34453125 0.0203125 0.01796875
0 0.64296875 0.3421875 0.025 0.0203125
0 0.6 0.33984375 0.0234375 0.01953125
0 0.5734375 0.3359375 0.02421875 0.0171875
0 0.57890625 0.32421875 0.02109375 0.0125
0 0.55703125 0.321875 0.025 0.01875
0 0.57890625 0.34921875 0.02109375 0.0125
0 0.63125 0.38125 0.021875 0.01875
0 0.65390625 0.378125 0.025 0.01953125
0 0.6109375 0.3671875 0.0203125 0.0203125
0 0.63125 0.3625 0.02265625 0.01953125
0 0.590625 0.36953125 0.0234375 0.01953125
0 0.54765625 0.34296875 0.0234375 0.01875
0 0.54296875 0.36328125 0.025 0.02109375
0 0.565625 0.36640625 0.02421875 0.01953125
0 0.51953125 0.35 0.02734375 0.02109375
0 0.47734375 0.3109375 0.02578125 0.02109375
0 0.4578125 0.3046875 0.02109375 0.02109375
0 0.4859375 0.33125 0.02734375 0.0203125
0 0.46328125 0.3515625 0.025 0.0203125
0 0.4890625 0.35234375 0.0265625 0.0203125
0 0.496875 0.3703125 0.02578125 0.01953125
0 0.5046875 0.39375 0.0234375 0.02109375
0 0.52890625 0.38359375 0.02578125 0.01953125
0 0.4828125 0.384375 0.025 0.02265625
0 0.43515625 0.36328125 0.02734375 0.01875
0 0.46015625 0.37109375 0.02421875 0.02109375
0 0.4078125 0.35390625 0.02734375 0.02109375
0 0.4125 0.375 0.025 0.021875
0 0.44375 0.38359375 0.02734375 0.01875
0 0.4640625 0.39453125 0.02578125 0.01875
0 0.48515625 0.40546875 0.0265625 0.021875
0 0.4015625 0.3890625 0.02734375 0.01953125
0 0.425 0.39609375 0.025 0.01875
0 0.44609375 0.4078125 0.0265625 0.021875
0 0.5390625 0.45078125 0.028125 0.0203125
0 0.415625 0.41328125 0.02578125 0.021875
0 0.35234375 0.38125 0.0265625 0.02109375
0 0.36328125 0.40078125 0.025 0.02265625
0 0.390625 0.4078125 0.028125 0.02109375
0 0.28046875 0.3765625 0.03046875 0.02421875
0 0.328125 0.39765625 0.028125 0.02109375
0 0.35 0.42109375 0.0265625 0.021875
0 0.375 0.43046875 0.028125 0.0203125
0 0.41328125 0.46171875 0.02890625 0.02265625
0 0.3078125 0.41171875 0.028125 0.02109375
0 0.32578125 0.4296875 0.028125 0.021875
0 0.346875 0.44296875 0.028125 0.02109375
0 0.36171875 0.46015625 0.02890625 0.02265625
0 0.275 0.41484375 0.0296875 0.02265625
0 0.29453125 0.43046875 0.028125 0.021875
0 0.31015625 0.4484375 0.028125 0.02109375
0 0.3328125 0.4625 0.0296875 0.02265625
0 0.25703125 0.43359375 0.034375 0.0234375
0 0.27578125 0.453125 0.03203125 0.02421875
0 0.23046875 0.44765625 0.03046875 0.02265625
0 0.25390625 0.46796875 0.03046875 0.025
0 0.19765625 0.4546875 0.03046875 0.02578125
0 0.15390625 0.4140625 0.0328125 0.0234375
0 0.13046875 0.45 0.03203125 0.0265625
0 0.11171875 0.47109375 0.034375 0.02578125
0 0.125 0.503125 0.034375 0.0265625
0 0.153125 0.5203125 0.03359375 0.0234375
0 0.20859375 0.50546875 0.03125 0.025
0 0.1828125 0.5203125 0.02890625 0.02265625
0 0.21015625 0.53203125 0.034375 0.02265625
0 0.15 0.54453125 0.03125 0.02421875
0 0.17109375 0.559375 0.0296875 0.02421875
0 0.2015625 0.55859375 0.03203125 0.02265625