0 0.66484375 0.8984375 0.021875 0.0203125
0 0.66328125 0.8796875 0.0234375 0.021875
0 0.67734375 0.8375 0.028125 0.025
0 0.6765625 0.7890625 0.025 0.025
0 0.64140625 0.753125 0.0265625 0.025
0 0.6234375 0.73359375 0.0234375 0.0234375
0 0.6421875 0.72734375 0.0234375 0.0234375
0 0.6625 0.721875 0.025 0.0265625
0 0.5953125 0.70625 0.025 0.025
0 0.61796875 0.70625 0.025 0.0265625
0 0.5734375 0.7 0.0234375 0.025
0 0.475 0.8109375 0.025 0.028125
0 0.41015625 0.7640625 0.0234375 0.0234375
0 0.43984375 0.7609375 0.021875 0.0203125
0 0.4265625 0.74609375 0.021875 0.0203125
0 0.403125 0.740625 0.021875 0.0203125
0 0.44921875 0.740625 0.025 0.025
0 0.43359375 0.7265625 0.0234375 0.0234375
0 0.4609375 0.72109375 0.025 0.025
0 0.4984375 0.73359375 0.028125 0.025
0 0.3734375 0.70390625 0.0265625 0.025
0 0.3421875 0.68515625 0.025 0.025
0 0.34453125 0.665625 0.021875 0.0234375
0 0.3640625 0.65625 0.025 0.025
0 0.50234375 0.64609375 0.0234375 0.0234375
0 0.48515625 0.63046875 0.025 0.028125
0 0.4609375 0.6140625 0.025 0.025
0 0.58984375 0.615625 0.025 0.025
0 0.609375 0.62265625 0.025 0.025
0 0.6296875 0.61640625 0.0234375 0.0265625
0 0.65 0.61953125 0.0234375 0.0234375
0 0.671875 0.61796875 0.025 0.025
0 0.66953125 0.64765625 0.025 0.025
0 0.69609375 0.65234375 0.025 0.025
0 0.66875 0.66953125 0.025 0.025
0 0.6453125 0.68515625 0.025 0.025
0 0.62109375 0.68203125 0.025 0.025
0 0.66328125 0.59453125 0.025 0.0234375
0 0.6515625 0.57890625 0.025 0.025
0 0.6203125 0.59921875 0.0234375 0.0234375
0 0.5984375 0.59765625 0.021875 0.0234375
0 0.571875 0.58984375 0.025 0.0265625
0 0.590625 0.5765625 0.0234375 0.0234375
0 0.61328125 0.56953125 0.025 0.025
0 0.64140625 0.56171875 0.025 0.025
0 0.6703125 0.55234375 0.025 0.028125
0 0.66015625 0.534375 0.025 0.025
0 0.6328125 0.540625 0.025 0.025
0 0.59453125 0.55390625 0.025 0.025
0 0.6109375 0.53984375 0.0203125 0.021875
0 0.6234375 0.51953125 0.025 0.025
0 0.6 0.51328125 0.025 0.025
0 0.64453125 0.521875 0.021875 0.021875
0 0.65859375 0.50703125 0.025 0.025
0 0.6359375 0.50078125 0.025 0.025
0 0.628125 0.48203125 0.025 0.025
0 0.6015625 0.46875 0.0265625 0.025
0 0.6375 0.4640625 0.025 0.025
0 0.65234375 0.44609375 0.025 0.025
0 0.64140625 0.428125 0.025 0.025
0 0.64296875 0.40703125 0.025 0.025
0 0.6796875 0.4828125 0.025 0.028125
0 0.70078125 0.4859375 0.025 0.0265625
0 0.69921875 0.50625 0.028125 0.025
0 0.70703125 0.45703125 0.025 0.028125
0 0.69375 0.42109375 0.025 0.025
0 0.67734375 0.4078125 0.025 0.0265625
0 0.6640625 0.39765625 0.0234375 0.0265625
0 0.6828125 0.38828125 0.025 0.025
0 0.70546875 0.38671875 0.025 0.025
0 0.7296875 0.3890625 0.0265625 0.0265625
0 0.51796875 0.55546875 0.025 0.025
0 0.5359375 0.5375 0.025 0.025
0 0.53203125 0.51484375 0.025 0.025
0 0.44453125 0.54296875 0.025 0.025
0 0.453125 0.50703125 0.025 0.025
0 0.41953125 0.50625 0.0234375 0.0234375
0 0.39921875 0.49375 0.025 0.028125
0 0.4484375 0.48671875 0.028125 0.0265625