0 0.0296875 0.54921875 0.0265625 0.0265625
0 0.05390625 0.546875 0.025 0.0265625
0 0.103125 0.51875 0.028125 0.025
0 0.1609375 0.509375 0.0296875 0.0265625
0 0.21015625 0.54140625 0.0296875 0.025
0 0.24375 0.51171875 0.0296875 0.0234375
0 0.240625 0.53515625 0.028125 0.025
0 0.23671875 0.5578125 0.028125 0.0234375
0 0.18046875 0.7375 0.0265625 0.0265625
0 0.2640625 0.69296875 0.0296875 0.028125
0 0.27109375 0.55625 0.0296875 0.0265625
0 0.29921875 0.54765625 0.0265625 0.0265625
0 0.28984375 0.521875 0.03125 0.0265625
0 0.27578125 0.58125 0.0296875 0.025
0 0.28828125 0.603125 0.0328125 0.0265625
0 0.24609375 0.76640625 0.0265625 0.0265625
0 0.26875 0.75 0.0265625 0.0265625
0 0.2890625 0.73203125 0.028125 0.028125
0 0.24921875 0.79765625 0.0296875 0.0265625
0 0.26875 0.7765625 0.0265625 0.0265625
0 0.28828125 0.7640625 0.0296875 0.0265625
0 0.27890625 0.8015625 0.0296875 0.025
0 0.328125 0.82265625 0.0296875 0.0296875
0 0.384375 0.821875 0.0296875 0.0265625
0 0.35703125 0.85390625 0.0265625 0.0265625
0 0.3796875 0.84453125 0.0265625 0.0234375
0 0.365625 0.66875 0.028125 0.0265625
0 0.3890625 0.68203125 0.03125 0.0296875
0 0.4125 0.70390625 0.0296875 0.0265625
0 0.3015625 0.49296875 0.0296875 0.0265625
0 0.31640625 0.459375 0.028125 0.0265625
0 0.3265625 0.48671875 0.0265625 0.0265625
0 0.3609375 0.47734375 0.0265625 0.0265625
0 0.3625 0.50234375 0.0265625 0.025
0 0.37109375 0.521875 0.0296875 0.0265625
0 0.36796875 0.54609375 0.028125 0.025
0 0.3921875 0.528125 0.0265625 0.0265625
0 0.38046875 0.5640625 0.028125 0.0265625
0 0.39921875 0.5515625 0.0296875 0.025
0 0.3875 0.4828125 0.0296875 0.0265625
0 0.434375 0.46640625 0.028125 0.0265625
0 0.40859375 0.4921875 0.0265625 0.0265625
0 0.4296875 0.4984375 0.0265625 0.025
0 0.41328125 0.5796875 0.0234375 0.025
0 0.4234375 0.55625 0.0234375 0.025
0 0.42578125 0.53046875 0.025 0.0234375
0 0.4484375 0.54609375 0.025 0.0234375
0 0.459375 0.525 0.025 0.0234375
0 0.45390625 0.50234375 0.025 0.025
0 0.45546875 0.47421875 0.0265625 0.0265625
0 0.47265625 0.4875 0.025 0.0234375
0 0.48515625 0.46953125 0.025 0.025
0 0.4796875 0.509375 0.025 0.0265625
0 0.490625 0.53203125 0.025 0.0265625
0 0.496875 0.4921875 0.0234375 0.025
0 0.51875 0.49609375 0.0234375 0.0265625
0 0.5359375 0.4828125 0.025 0.0265625
0 0.50703125 0.44375 0.0265625 0.0234375
0 0.5 0.421875 0.0234375 0.0234375
0 0.4765625 0.428125 0.0265625 0.0265625
0 0.528125 0.41015625 0.0265625 0.0234375
0 0.55078125 0.4640625 0.0265625 0.0234375
0 0.5734375 0.47265625 0.0265625 0.0265625
0 0.56875 0.4171875 0.0265625 0.025
0 0.59296875 0.375 0.0265625 0.0296875
0 0.58671875 0.43046875 0.0265625 0.0234375
0 0.60078125 0.3984375 0.0265625 0.0234375
0 0.60546875 0.4203125 0.025 0.025
0 0.59765625 0.44296875 0.025 0.0234375
0 0.59375 0.46640625 0.0234375 0.0234375
0 0.61640625 0.4671875 0.021875 0.025
0 0.6359375 0.45703125 0.0265625 0.025
0 0.6234375 0.490625 0.0265625 0.0265625
0 0.5390625 0.521875 0.0265625 0.0265625
0 0.540625 0.575 0.0265625 0.0265625
0 0.47890625 0.6046875 0.0265625 0.025
0 0.50390625 0.6046875 0.025 0.0265625
0 0.46328125 0.62890625 0.0265625 0.0265625
0 0.52734375 0.61953125 0.0265625 0.0234375
0 0.54140625 0.6015625 0.025 0.025
0 0.5625 0.6171875 0.0265625 0.0265625
0 0.49375 0.7046875 0.0265625 0.025
0 0.53125 0.6859375 0.0265625 0.0234375
0 0.5546875 0.6859375 0.0265625 0.0265625
0 0.5390625 0.72265625 0.0265625 0.0234375
0 0.5578125 0.74140625 0.0265625 0.0265625
0 0.65703125 0.478125 0.0265625 0.025
0 0.646875 0.4984375 0.0265625 0.0234375
0 0.67109375 0.50625 0.0265625 0.0234375
0 0.6484375 0.53046875 0.0265625 0.0265625
0 0.67421875 0.5296875 0.0265625 0.0265625
0 0.63828125 0.55 0.0265625 0.025
0 0.66484375 0.56953125 0.0265625 0.0234375
0 0.6390625 0.575 0.0265625 0.025
0 0.659375 0.590625 0.0265625 0.025
0 0.6515625 0.671875 0.0296875 0.0234375
0 0.68046875 0.678125 0.0265625 0.025
0 0.690625 0.65 0.0265625 0.0265625
0 0.6828125 0.61953125 0.0265625 0.028125
0 0.72890625 0.6765625 0.0265625 0.0265625
0 0.73671875 0.74921875 0.0265625 0.025
0 0.77578125 0.7625 0.0296875 0.0265625
0 0.78828125 0.71328125 0.028125 0.0265625
0 0.634375 0.321875 0.0265625 0.0265625
0 0.6625 0.31640625 0.0265625 0.0296875
0 0.68984375 0.346875 0.0265625 0.025
0 0.6984375 0.3734375 0.0265625 0.0265625
0 0.728125 0.46953125 0.0265625 0.0265625
0 0.7515625 0.53828125 0.0234375 0.0234375
0 0.765625 0.56484375 0.0265625 0.0234375
0 0.771875 0.6125 0.025 0.0265625
0 0.78828125 0.590625 0.0234375 0.0234375
0 0.7984375 0.5515625 0.0265625 0.025
0 0.8046875 0.5296875 0.025 0.025
0 0.759375 0.45546875 0.0296875 0.028125
0 0.79453125 0.6125 0.0265625 0.0265625
0 0.81640625 0.634375 0.0265625 0.0265625
0 0.8375 0.66484375 0.0296875 0.0265625
0 0.8453125 0.62265625 0.0265625 0.0265625
0 0.8640625 0.63671875 0.0265625 0.025
0 0.88671875 0.64140625 0.0265625 0.025
0 0.915625 0.6390625 0.028125 0.0265625
0 0.92421875 0.72265625 0.028125 0.0265625
0 0.83515625 0.4984375 0.028125 0.0265625
0 0.8375 0.521875 0.0265625 0.0265625
0 0.87109375 0.50859375 0.0265625 0.025
0 0.85625 0.534375 0.0265625 0.0265625
0 0.88203125 0.5421875 0.0265625 0.0234375
0 0.89296875 0.521875 0.0234375 0.028125
0 0.8375 0.4359375 0.028125 0.0265625
0 0.8671875 0.42109375 0.0234375 0.025
0 0.90234375 0.375 0.028125 0.0265625
0 0.89453125 0.35703125 0.0265625 0.021875
0 0.890625 0.3375 0.0265625 0.0265625
0 0.8890625 0.3109375 0.025 0.0234375
0 0.88125 0.2890625 0.0265625 0.0265625
0 0.85546875 0.24375 0.0265625 0.03125
0 0.85703125 0.30625 0.0265625 0.028125
0 0.8078125 0.3 0.0265625 0.028125
0 0.78984375 0.32109375 0.025 0.0234375
0 0.78828125 0.36484375 0.0265625 0.0296875
0 0.76640625 0.35625 0.0265625 0.0265625
0 0.74609375 0.3484375 0.025 0.028125
0 0.9609375 0.29765625 0.0328125 0.0328125