0 0.92890625 0.52578125 0.046875 0.04375
0 0.6484375 0.43515625 0.040625 0.040625
0 0.38515625 0.63671875 0.0421875 0.04375
0 0.359375 0.596875 0.040625 0.04375
0 0.42265625 0.63125 0.040625 0.0421875
0 0.3953125 0.58203125 0.040625 0.0421875
0 0.53046875 0.6078125 0.040625 0.040625
0 0.49453125 0.6171875 0.0375 0.0421875
0 0.4578125 0.61640625 0.040625 0.040625
0 0.46953125 0.5796875 0.040625 0.040625
0 0.43125 0.5875 0.0375 0.0390625
0 0.43828125 0.5515625 0.040625 0.040625
0 0.39140625 0.53984375 0.040625 0.040625
0 0.4203125 0.51640625 0.040625 0.0421875
0 0.4734375 0.53359375 0.04375 0.040625
0 0.54765625 0.575 0.040625 0.040625
0 0.50625 0.565625 0.040625 0.040625
0 0.528125 0.5296875 0.0421875 0.040625
0 0.571875 0.546875 0.040625 0.040625
0 0.7921875 0.45078125 0.046875 0.04375
0 0.68125 0.571875 0.04375 0.0421875
0 0.73515625 0.5421875 0.04375 0.04375
0 0.70546875 0.5015625 0.0421875 0.04375
0 0.67421875 0.5328125 0.040625 0.04375
0 0.61796875 0.53828125 0.04375 0.04375
0 0.63828125 0.50703125 0.0421875 0.040625
0 0.63125 0.46953125 0.04375 0.040625
0 0.56640625 0.51015625 0.040625 0.0421875
0 0.53359375 0.48828125 0.040625 0.040625
0 0.49296875 0.5046875 0.040625 0.040625
0 0.45390625 0.503125 0.0375 0.0375
0 0.42890625 0.47109375 0.040625 0.040625
0 0.46640625 0.46484375 0.0375 0.040625
0 0.44140625 0.434375 0.040625 0.040625
0 0.50390625 0.45390625 0.04375 0.040625
0 0.47890625 0.425 0.040625 0.0390625
0 0.5484375 0.453125 0.040625 0.0375
0 0.52890625 0.41875 0.040625 0.040625
0 0.49921875 0.39375 0.040625 0.04375
0 0.56953125 0.42265625 0.040625 0.040625
0 0.55234375 0.3890625 0.040625 0.040625
0 0.5234375 0.365625 0.040625 0.040625
0 0.60703125 0.4359375 0.04375 0.040625
0 0.615625 0.39921875 0.040625 0.040625
0 0.5921875 0.36953125 0.040625 0.040625
0 0.58359375 0.33203125 0.04375 0.04375
0 0.5578125 0.2953125 0.0421875 0.0421875
0 0.540625 0.33046875 0.040625 0.040625
0 0.4640625 0.32890625 0.04375 0.040625
0 0.50234375 0.33203125 0.0390625 0.040625
0 0.47421875 0.36640625 0.04375 0.040625
0 0.453125 0.39921875 0.0375 0.0390625
0 0.43046875 0.3671875 0.040625 0.040625
0 0.41796875 0.3296875 0.040625 0.040625
0 0.43984375 0.3 0.0390625 0.040625
0 0.42265625 0.26328125 0.04375 0.04375
0 0.20546875 0.61015625 0.0484375 0.04375
0 0.25703125 0.61875 0.04375 0.040625
0 0.23515625 0.584375 0.04375 0.0390625
0 0.1984375 0.57109375 0.040625 0.040625
0 0.20625 0.53515625 0.0375 0.040625
0 0.2828125 0.5734375 0.04375 0.040625
0 0.24921875 0.55 0.040625 0.040625
0 0.24140625 0.5140625 0.0453125 0.0421875
0 0.33046875 0.55 0.04375 0.040625
0 0.28671875 0.5375 0.040625 0.040625
0 0.27734375 0.5 0.040625 0.0375
0 0.31875 0.5125 0.0390625 0.0390625
0 0.33515625 0.475 0.04375 0.04375
0 0.365625 0.50234375 0.0375 0.040625
0 0.36015625 0.44453125 0.0390625 0.040625
0 0.3921875 0.475 0.040625 0.04375
0 0.39609375 0.43515625 0.040625 0.040625
0 0.41328125 0.4015625 0.04375 0.040625
0 0.38828125 0.35703125 0.046875 0.04375
0 0.37578125 0.39140625 0.0390625 0.04375
0 0.340625 0.3515625 0.040625 0.046875
0 0.34375 0.4109375 0.040625 0.0375
0 0.3140625 0.38203125 0.04375 0.0421875
0 0.265625 0.359375 0.04375 0.04375
0 0.2796875 0.43359375 0.0421875 0.040625
0 0.278125 0.396875 0.0421875 0.040625
0 0.31796875 0.4375 0.040625 0.0421875
0 0.29765625 0.46796875 0.0390625 0.040625
0 0.25859375 0.46484375 0.040625 0.040625
0 0.2203125 0.4796875 0.04375 0.04375
0 0.240625 0.42578125 0.0375 0.0375
0 0.20703125 0.4421875 0.0421875 0.0421875
0 0.140625 0.5640625 0.0421875 0.04375
0 0.1265625 0.60546875 0.0453125 0.046875
0 0.16953125 0.5421875 0.040625 0.0421875
0 0.18359375 0.5046875 0.040625 0.0421875
0 0.178125 0.4671875 0.040625 0.04375
0 0.140625 0.4796875 0.0421875 0.0421875
0 0.10390625 0.49765625 0.040625 0.04375
0 0.1375 0.521875 0.040625 0.040625
0 0.1 0.5390625 0.0421875 0.0421875
0 0.05625 0.53515625 0.046875 0.0453125
0 0.0296875 0.4984375 0.0453125 0.04375