0 0.49296875 0.328125 0.0546875 0.05
0 0.52890625 0.30546875 0.053125 0.053125
0 0.53984375 0.27109375 0.0546875 0.05
0 0.51484375 0.246875 0.05 0.05
0 0.5515625 0.2171875 0.0578125 0.0515625
0 0.38203125 0.21640625 0.0515625 0.046875
0 0.465625 0.24921875 0.0515625 0.05
0 0.478125 0.28828125 0.0515625 0.05
0 0.41953125 0.2515625 0.0546875 0.05
0 0.3765625 0.26484375 0.0515625 0.046875
0 0.43046875 0.2890625 0.0515625 0.0484375
0 0.45234375 0.31953125 0.05 0.046875
0 0.3421875 0.24765625 0.0484375 0.046875
0 0.33125 0.28515625 0.053125 0.0484375
0 0.28671875 0.2921875 0.0546875 0.05
0 0.31640625 0.31953125 0.053125 0.0515625
0 0.359375 0.31328125 0.0484375 0.046875
0 0.4046875 0.31875 0.053125 0.0453125
0 0.43203125 0.35234375 0.0515625 0.05
0 0.40234375 0.38359375 0.053125 0.0515625
0 0.384375 0.353125 0.05 0.05
0 0.3578125 0.38515625 0.0546875 0.05
0 0.2515625 0.32109375 0.046875 0.0421875
0 0.28125 0.34375 0.05 0.046875
0 0.33515625 0.35234375 0.0515625 0.046875
0 0.23984375 0.3625 0.059375 0.053125
0 0.2578125 0.40390625 0.0609375 0.05
0 0.3 0.378125 0.053125 0.05
0 0.3171875 0.41171875 0.0578125 0.0546875
0 0.36484375 0.42421875 0.05625 0.05625
0 0.41171875 0.421875 0.05625 0.0515625
0 0.45078125 0.3953125 0.05625 0.053125
0 0.475 0.3609375 0.05625 0.053125
0 0.515625 0.3765625 0.0546875 0.053125
0 0.53203125 0.34140625 0.0515625 0.0484375
0 0.58203125 0.31015625 0.0546875 0.0484375
0 0.57734375 0.3515625 0.0578125 0.0484375
0 0.6296875 0.3375 0.0625 0.053125
0 0.60546875 0.378125 0.0609375 0.0515625
0 0.559375 0.39140625 0.059375 0.0484375
0 0.4953125 0.41171875 0.059375 0.05625
0 0.45703125 0.43515625 0.0546875 0.053125
0 0.41796875 0.46015625 0.0546875 0.05
0 0.36640625 0.47265625 0.0625 0.05625
0 0.275 0.44375 0.0625 0.053125
0 0.3234375 0.45546875 0.0578125 0.0546875
0 0.228125 0.45546875 0.059375 0.0546875
0 0.28046875 0.4859375 0.0546875 0.0546875
0 0.32265625 0.49765625 0.0546875 0.053125
0 0.3609375 0.515625 0.05625 0.0515625
0 0.409375 0.50234375 0.059375 0.0578125
0 0.45625 0.48125 0.059375 0.053125
0 0.5 0.45 0.0625 0.0609375
0 0.55 0.43125 0.05625 0.05625
0 0.59765625 0.42109375 0.059375 0.05625
0 0.64140625 0.40234375 0.0546875 0.05
0 0.6640625 0.3703125 0.0546875 0.05
0 0.70390625 0.34609375 0.059375 0.0578125
0 0.3046875 0.5390625 0.0609375 0.0578125
0 0.23359375 0.50625 0.0609375 0.0578125
0 0.25078125 0.54765625 0.0671875 0.059375
0 0.315625 0.58203125 0.0671875 0.0625
0 0.365625 0.559375 0.0640625 0.0609375
0 0.41328125 0.55078125 0.0578125 0.0625
0 0.45390625 0.52734375 0.0625 0.0609375
0 0.5 0.5015625 0.0578125 0.0546875
0 0.53984375 0.4796875 0.059375 0.0546875
0 0.5953125 0.46015625 0.0609375 0.059375
0 0.64921875 0.43984375 0.0640625 0.0609375
0 0.6375 0.490625 0.0640625 0.0609375
0 0.58828125 0.50390625 0.0578125 0.0578125
0 0.4984375 0.546875 0.0609375 0.0609375
0 0.54140625 0.521875 0.059375 0.05625
0 0.45703125 0.57265625 0.05625 0.0546875
0 0.3234375 0.64140625 0.0671875 0.0625
0 0.3671875 0.60703125 0.0640625 0.0640625
0 0.41328125 0.6015625 0.0609375 0.0609375
0 0.4578125 0.62265625 0.0609375 0.0640625
0 0.5015625 0.59375 0.0578125 0.0625
0 0.5453125 0.56953125 0.0625 0.0609375
0 0.5921875 0.5484375 0.0609375 0.0609375
0 0.64453125 0.5328125 0.06875 0.0609375
0 0.6390625 0.5796875 0.065625 0.0625
0 0.58359375 0.6015625 0.0671875 0.059375
0 0.61015625 0.64296875 0.0703125 0.065625
0 0.53828125 0.628125 0.071875 0.065625
0 0.49296875 0.66484375 0.06875 0.0703125
0 0.39375 0.6609375 0.06875 0.06875
0 0.440625 0.6890625 0.0703125 0.06875
0 0.41640625 0.76875 0.0734375 0.071875
0 0.46328125 0.81875 0.0765625 0.0796875
0 0.48828125 0.7421875 0.075 0.075
0 0.5484375 0.715625 0.0671875 0.0671875
0 0.60390625 0.69921875 0.0703125 0.0734375
0 0.7171875 0.6 0.06875 0.071875
0 0.721875 0.68046875 0.0703125 0.0765625
0 0.64140625 0.80859375 0.078125 0.0796875