0 0.06171875 0.5359375 0.040625 0.0421875
0 0.06015625 0.57265625 0.0390625 0.0390625
0 0.09609375 0.553125 0.0375 0.0390625
0 0.08359375 0.5640625 0.0359375 0.040625
0 0.11796875 0.546875 0.0359375 0.0359375
0 0.10390625 0.509375 0.0390625 0.0390625
0 0.12265625 0.6015625 0.0390625 0.0359375
0 0.13828125 0.52890625 0.0390625 0.0359375
0 0.13515625 0.5734375 0.0421875 0.0359375
0 0.14375 0.49375 0.0421875 0.0375
0 0.1734375 0.46796875 0.040625 0.0359375
0 0.17265625 0.60390625 0.0421875 0.0390625
0 0.20234375 0.6140625 0.0390625 0.0390625
0 0.2390625 0.63046875 0.0421875 0.0359375
0 0.140625 0.4125 0.0390625 0.0359375
0 0.1578125 0.3359375 0.0390625 0.0390625
0 0.1421875 0.38125 0.0421875 0.0375
0 0.17578125 0.36171875 0.0390625 0.0359375
0 0.21171875 0.340625 0.0421875 0.0359375
0 0.21171875 0.17578125 0.0390625 0.0359375
0 0.23125 0.14296875 0.0421875 0.0390625
0 0.23984375 0.265625 0.0421875 0.0390625
0 0.2859375 0.23203125 0.0453125 0.0359375
0 0.33984375 0.203125 0.0421875 0.0390625
0 0.37890625 0.2171875 0.0390625 0.0390625
0 0.275 0.471875 0.0375 0.0328125
0 0.278125 0.49296875 0.0375 0.034375
0 0.30625 0.47578125 0.0359375 0.0359375
0 0.32890625 0.453125 0.0421875 0.0375
0 0.3671875 0.46171875 0.040625 0.0359375
0 0.28671875 0.44375 0.0453125 0.0390625
0 0.359375 0.4375 0.04375 0.0359375
0 0.353125 0.35703125 0.0421875 0.0359375
0 0.34765625 0.55859375 0.0390625 0.0328125
0 0.36640625 0.63125 0.0421875 0.0421875
0 0.37734375 0.16875 0.0359375 0.0328125
0 0.40078125 0.18984375 0.0390625 0.0359375
0 0.41796875 0.159375 0.0359375 0.0359375
0 0.38515625 0.03828125 0.0390625 0.0359375
0 0.42109375 0.12578125 0.0375 0.034375
0 0.4421875 0.02734375 0.0453125 0.0390625
0 0.49140625 0.1375 0.0390625 0.0359375
0 0.38984375 0.265625 0.0375 0.0359375
0 0.41953125 0.2609375 0.0359375 0.0390625
0 0.4109375 0.28828125 0.0390625 0.0359375
0 0.440625 0.29296875 0.0375 0.0359375
0 0.41171875 0.32109375 0.0390625 0.0375
0 0.46171875 0.384375 0.0375 0.0328125
0 0.45 0.4125 0.0359375 0.0390625
0 0.5125 0.36484375 0.0390625 0.0375
0 0.534375 0.340625 0.0421875 0.0390625
0 0.49140625 0.26171875 0.0390625 0.0359375
0 0.50390625 0.23046875 0.0375 0.0359375
0 0.5359375 0.22734375 0.0375 0.0359375
0 0.43203125 0.53203125 0.0390625 0.0390625
0 0.45390625 0.5109375 0.040625 0.0359375
0 0.5140625 0.46953125 0.0390625 0.0359375
0 0.58984375 0.41953125 0.034375 0.0328125
0 0.60859375 0.44375 0.034375 0.0328125
0 0.6 0.29140625 0.0375 0.034375
0 0.60703125 0.321875 0.0390625 0.0390625
0 0.64375 0.31015625 0.0359375 0.0390625
0 0.5921875 0.20703125 0.0375 0.0359375
0 0.63203125 0.17734375 0.0390625 0.0390625
0 0.80859375 0.23046875 0.0390625 0.0375
0 0.834375 0.2171875 0.0359375 0.0359375
0 0.86484375 0.23515625 0.0328125 0.03125
0 0.93515625 0.22109375 0.05 0.05