0 0.47109375 0.23828125 0.03125 0.0359375
0 0.46171875 0.26796875 0.03125 0.0296875
0 0.36015625 0.29140625 0.03125 0.034375
0 0.29765625 0.32109375 0.03125 0.03125
0 0.259375 0.34453125 0.03125 0.03125
0 0.24609375 0.37890625 0.0296875 0.0328125
0 0.3265625 0.359375 0.028125 0.028125
0 0.39921875 0.39375 0.028125 0.028125
0 0.4984375 0.33125 0.03125 0.0328125
0 0.45859375 0.37734375 0.028125 0.0296875
0 0.53515625 0.35 0.03125 0.03125
0 0.50390625 0.36875 0.028125 0.028125
0 0.56328125 0.3578125 0.028125 0.0328125
0 0.59140625 0.43828125 0.03125 0.0296875
0 0.6046875 0.471875 0.028125 0.028125
0 0.5921875 0.5140625 0.025 0.025
0 0.56015625 0.52109375 0.0265625 0.025
0 0.5421875 0.496875 0.0296875 0.025
0 0.4328125 0.4703125 0.025 0.028125
0 0.33125 0.4609375 0.028125 0.025
0 0.25546875 0.46640625 0.028125 0.028125
0 0.23359375 0.428125 0.03125 0.0265625
0 0.19765625 0.47109375 0.028125 0.0296875
0 0.1484375 0.50390625 0.03125 0.028125
0 0.103125 0.56640625 0.028125 0.025
0 0.1796875 0.5515625 0.028125 0.028125
0 0.31953125 0.5015625 0.028125 0.028125
0 0.40390625 0.50078125 0.025 0.028125
0 0.36875 0.53359375 0.025 0.028125
0 0.4328125 0.5390625 0.025 0.028125
0 0.40703125 0.55078125 0.025 0.021875
0 0.50234375 0.559375 0.028125 0.021875
0 0.48046875 0.57421875 0.025 0.0234375
0 0.42734375 0.5734375 0.025 0.01875
0 0.39609375 0.57578125 0.0265625 0.021875
0 0.38046875 0.55625 0.025 0.021875
0 0.3609375 0.57734375 0.025 0.0203125
0 0.3453125 0.5578125 0.028125 0.0265625
0 0.31953125 0.559375 0.0265625 0.0203125
0 0.2984375 0.54296875 0.0296875 0.0265625
0 0.2734375 0.54765625 0.0296875 0.025
0 0.2515625 0.5578125 0.0265625 0.025
0 0.28515625 0.56953125 0.028125 0.025
0 0.2484375 0.5859375 0.028125 0.0234375
0 0.22265625 0.625 0.0265625 0.0234375
0 0.253125 0.60859375 0.025 0.0203125
0 0.28828125 0.60703125 0.0265625 0.025
0 0.27578125 0.625 0.025 0.0203125
0 0.20234375 0.66796875 0.0265625 0.021875
0 0.33203125 0.578125 0.0265625 0.01875
0 0.31875 0.59140625 0.0234375 0.021875
0 0.31328125 0.61171875 0.0234375 0.021875
0 0.35859375 0.60078125 0.028125 0.021875
0 0.3390625 0.62109375 0.025 0.021875
0 0.31796875 0.63046875 0.025 0.01875
0 0.315625 0.65 0.028125 0.01875
0 0.36640625 0.6203125 0.025 0.01875
0 0.346875 0.640625 0.025 0.021875
0 0.4015625 0.60078125 0.0234375 0.01875
0 0.3921875 0.621875 0.0234375 0.021875
0 0.3734375 0.63984375 0.025 0.021875
0 0.51015625 0.58125 0.025 0.0234375
0 0.58203125 0.5734375 0.025 0.025
0 0.5765625 0.60078125 0.025 0.025
0 0.5421875 0.609375 0.028125 0.0234375
0 0.5125 0.6140625 0.0265625 0.021875
0 0.4828125 0.61953125 0.025 0.025
0 0.43828125 0.6234375 0.025 0.021875
0 0.415625 0.65234375 0.021875 0.01875
0 0.39140625 0.6609375 0.0234375 0.021875
0 0.40234375 0.63828125 0.025 0.0203125
0 0.46484375 0.64453125 0.028125 0.021875
0 0.4359375 0.64296875 0.025 0.0203125
0 0.4234375 0.66953125 0.025 0.01875
0 0.5484375 0.62890625 0.025 0.01875
0 0.51015625 0.6609375 0.0234375 0.0203125
0 0.56953125 0.65078125 0.025 0.021875
0 0.5453125 0.65625 0.025 0.01875
0 0.53203125 0.67265625 0.021875 0.01875
0 0.5109375 0.68203125 0.025 0.01875
0 0.471875 0.69921875 0.0234375 0.021875
0 0.54453125 0.68515625 0.0234375 0.021875
0 0.53828125 0.7015625 0.021875 0.0171875
0 0.5171875 0.7046875 0.021875 0.01875
0 0.49453125 0.7046875 0.025 0.01875
0 0.56015625 0.7 0.021875 0.01875
0 0.55234375 0.71875 0.025 0.0203125
0 0.50546875 0.72109375 0.021875 0.01875
0 0.4828125 0.72265625 0.021875 0.021875
0 0.53359375 0.740625 0.0265625 0.0203125
0 0.5078125 0.7421875 0.025 0.0203125
0 0.47734375 0.75390625 0.025 0.01875
0 0.44453125 0.7515625 0.025 0.0203125
0 0.4171875 0.7484375 0.021875 0.01875
0 0.47109375 0.77109375 0.021875 0.01875
0 0.4453125 0.7703125 0.021875 0.0203125
0 0.42421875 0.77578125 0.0234375 0.0203125
0 0.4671875 0.78828125 0.021875 0.01875
0 0.4421875 0.80390625 0.025 0.01875