0 0.453125 0.61875 0.04375 0.05
0 0.46015625 0.57890625 0.0390625 0.0484375
0 0.43984375 0.54375 0.0421875 0.0484375
0 0.42421875 0.59296875 0.040625 0.0453125
0 0.4015625 0.625 0.04375 0.046875
0 0.42578125 0.6640625 0.0390625 0.0484375
0 0.45859375 0.665625 0.040625 0.0484375
0 0.4078125 0.71796875 0.0484375 0.0546875
0 0.39140625 0.771875 0.04375 0.05
0 0.4765625 0.78671875 0.0421875 0.05
0 0.515625 0.78984375 0.040625 0.0453125
0 0.54296875 0.76171875 0.0421875 0.0484375
0 0.43828125 0.7640625 0.040625 0.046875
0 0.56328125 0.71328125 0.0375 0.046875
0 0.46484375 0.72890625 0.0375 0.046875
0 0.5921875 0.70703125 0.0375 0.04375
0 0.52109375 0.678125 0.040625 0.0453125
0 0.565625 0.67421875 0.0375 0.0421875
0 0.6375 0.71484375 0.0390625 0.0453125
0 0.5703125 0.63203125 0.0375 0.0453125
0 0.60546875 0.66484375 0.0375 0.0453125
0 0.54609375 0.60546875 0.0375 0.0453125
0 0.60234375 0.61796875 0.034375 0.0421875
0 0.63125 0.62890625 0.03125 0.040625
0 0.60703125 0.57734375 0.0328125 0.0421875
0 0.63515625 0.584375 0.0359375 0.0484375
0 0.478125 0.5453125 0.0375 0.040625
0 0.415625 0.50546875 0.0421875 0.0484375
0 0.46015625 0.50703125 0.0359375 0.0515625
0 0.4875 0.51171875 0.0375 0.0484375
0 0.4375 0.4359375 0.0375 0.0484375
0 0.4703125 0.46953125 0.034375 0.0453125
0 0.4953125 0.4578125 0.0359375 0.0484375
0 0.51328125 0.49296875 0.0359375 0.0453125
0 0.53671875 0.50859375 0.0328125 0.0421875
0 0.5546875 0.54140625 0.0375 0.0453125
0 0.465625 0.41875 0.0359375 0.0484375
0 0.4953125 0.41796875 0.03125 0.04375
0 0.5203125 0.44140625 0.034375 0.0421875
0 0.53984375 0.471875 0.034375 0.040625
0 0.5625 0.49609375 0.0359375 0.0390625
0 0.58203125 0.51796875 0.0328125 0.0421875
0 0.615625 0.53515625 0.0359375 0.0421875
0 0.56640625 0.45703125 0.03125 0.040625
0 0.52109375 0.4046875 0.0359375 0.0453125
0 0.54609375 0.42578125 0.034375 0.04375
0 0.5765625 0.42109375 0.03125 0.040625
0 0.534375 0.375 0.03125 0.0421875
0 0.5640625 0.38203125 0.028125 0.04375
0 0.55078125 0.3390625 0.03125 0.0421875
0 0.57890625 0.35234375 0.034375 0.0484375
0 0.60078125 0.3890625 0.034375 0.0421875
0 0.60234375 0.428125 0.0328125 0.040625
0 0.59921875 0.47109375 0.0390625 0.0453125
0 0.69140625 0.6046875 0.034375 0.0375
0 0.684375 0.56796875 0.03125 0.0390625
0 0.71015625 0.5625 0.03125 0.0375
0 0.66015625 0.63515625 0.034375 0.04375
0 0.7234375 0.5296875 0.0328125 0.040625
0 0.6921875 0.52265625 0.034375 0.0421875
0 0.71328125 0.49453125 0.03125 0.0390625
0 0.75078125 0.51796875 0.034375 0.0421875
0 0.7390625 0.56484375 0.0328125 0.040625
0 0.73125 0.46953125 0.03125 0.0421875
0 0.759375 0.4765625 0.0296875 0.0375
0 0.71796875 0.43359375 0.03125 0.040625
0 0.68203125 0.47109375 0.034375 0.0421875
0 0.62734375 0.40078125 0.034375 0.0421875
0 0.6046875 0.334375 0.034375 0.04375
0 0.50234375 0.23828125 0.0421875 0.0515625
0 0.54375 0.2171875 0.0390625 0.0484375
0 0.61953125 0.29765625 0.034375 0.0453125
0 0.65 0.371875 0.0359375 0.0484375
0 0.68046875 0.38515625 0.0359375 0.0390625
0 0.71328125 0.39453125 0.0328125 0.0421875
0 0.740625 0.41875 0.0375 0.04375
0 0.79375 0.578125 0.034375 0.0421875
0 0.8734375 0.61953125 0.028125 0.034375
0 0.71015625 0.3515625 0.034375 0.040625
0 0.81875 0.515625 0.03125 0.040625
0 0.68828125 0.32265625 0.034375 0.0421875
0 0.740625 0.36328125 0.034375 0.0421875
0 0.81015625 0.47421875 0.034375 0.0421875
0 0.7296875 0.31953125 0.0375 0.04375
0 0.76328125 0.32734375 0.034375 0.0421875
0 0.7859375 0.3828125 0.028125 0.040625
0 0.76953125 0.2875 0.0375 0.0390625
0 0.5796875 0.040625 0.0375 0.0453125
0 0.73203125 0.24921875 0.034375 0.0421875
0 0.6203125 0.08671875 0.034375 0.0453125
0 0.76171875 0.25 0.034375 0.0390625
0 0.8015625 0.28984375 0.034375 0.0421875
0 0.653125 0.096875 0.034375 0.0421875
0 0.78671875 0.2296875 0.03125 0.0375
0 0.734375 0.1390625 0.034375 0.0390625
0 0.8125 0.228125 0.028125 0.0390625
0 0.76328125 0.18203125 0.034375 0.040625
0 0.8453125 0.23125 0.034375 0.0390625
0 0.87265625 0.275 0.034375 0.0421875