0 0.7375 0.9796875 0.0359375 0.0375
0 0.4875 0.97265625 0.0328125 0.0328125
0 0.3984375 0.90625 0.034375 0.0359375
0 0.40859375 0.7984375 0.03125 0.034375
0 0.534375 0.90390625 0.034375 0.034375
0 0.575 0.89453125 0.0328125 0.0328125
0 0.54921875 0.8796875 0.0328125 0.0359375
0 0.61875 0.884375 0.034375 0.0328125
0 0.5890625 0.871875 0.0328125 0.0328125
0 0.63515625 0.8265625 0.0375 0.0390625
0 0.54296875 0.84609375 0.0328125 0.034375
0 0.56953125 0.8328125 0.0328125 0.0328125
0 0.54921875 0.809375 0.0359375 0.0328125
0 0.5421875 0.77890625 0.0328125 0.0359375
0 0.5171875 0.7984375 0.0328125 0.034375
0 0.48828125 0.78046875 0.0328125 0.0328125
0 0.49296875 0.75 0.0328125 0.0359375
0 0.4109375 0.70078125 0.03125 0.0328125
0 0.3859375 0.7015625 0.03125 0.0375
0 0.30625 0.67265625 0.028125 0.03125
0 0.2875 0.68359375 0.028125 0.028125
0 0.2859375 0.71015625 0.0296875 0.0328125
0 0.265625 0.703125 0.025 0.03125
0 0.2484375 0.66171875 0.0296875 0.0328125
0 0.30234375 0.63359375 0.0296875 0.0328125
0 0.25625 0.62421875 0.0296875 0.034375
0 0.3796875 0.6296875 0.0328125 0.034375
0 0.32734375 0.6109375 0.0296875 0.0328125
0 0.30859375 0.58359375 0.03125 0.034375
0 0.40078125 0.56953125 0.03125 0.0359375
0 0.3421875 0.5328125 0.0296875 0.0328125
0 0.253125 0.48359375 0.0296875 0.0328125
0 0.31875 0.4859375 0.0296875 0.0328125
0 0.31875 0.45625 0.0296875 0.0328125
0 0.4671875 0.57421875 0.0296875 0.0328125
0 0.4671875 0.54609375 0.0328125 0.03125
0 0.49453125 0.578125 0.0328125 0.0328125
0 0.49765625 0.55078125 0.0328125 0.0296875
0 0.5390625 0.55859375 0.0296875 0.0328125
0 0.5015625 0.496875 0.0328125 0.0328125
0 0.521875 0.5375 0.028125 0.0296875
0 0.51875 0.51015625 0.0296875 0.03125
0 0.49296875 0.52421875 0.0296875 0.0296875
0 0.44453125 0.490625 0.0328125 0.0328125
0 0.46640625 0.51875 0.0296875 0.0328125
0 0.4421875 0.5109375 0.028125 0.0234375
0 0.4234375 0.4875 0.025 0.034375
0 0.45546875 0.46484375 0.0328125 0.0359375
0 0.46484375 0.42734375 0.0296875 0.0328125
0 0.43984375 0.41640625 0.0296875 0.034375
0 0.41484375 0.4125 0.0328125 0.0328125
0 0.49375 0.41796875 0.0328125 0.0328125
0 0.490625 0.39140625 0.0328125 0.0328125
0 0.5203125 0.40859375 0.0328125 0.034375
0 0.51640625 0.37890625 0.0328125 0.0328125
0 0.48828125 0.3640625 0.0328125 0.0328125
0 0.46640625 0.33671875 0.03125 0.034375
0 0.49375 0.334375 0.0296875 0.034375
0 0.546875 0.7421875 0.0328125 0.0359375
0 0.54140625 0.69140625 0.0359375 0.0375
0 0.603125 0.65 0.0359375 0.0359375
0 0.5875 0.69609375 0.034375 0.0359375
0 0.62109375 0.6796875 0.0328125 0.0328125
0 0.625 0.74453125 0.0359375 0.0359375
0 0.64296875 0.7703125 0.034375 0.0359375
0 0.671875 0.7515625 0.0359375 0.0359375
0 0.6578125 0.71875 0.034375 0.0359375
0 0.65078125 0.67578125 0.0359375 0.0359375
0 0.68125 0.6890625 0.0359375 0.0375
0 0.7203125 0.68828125 0.0359375 0.034375
0 0.74296875 0.6703125 0.0359375 0.0359375
0 0.53046875 0.44609375 0.0328125 0.0328125
0 0.52734375 0.47421875 0.03125 0.0328125
0 0.54921875 0.51328125 0.034375 0.0359375
0 0.55625 0.4765625 0.034375 0.034375
0 0.5609375 0.44765625 0.0328125 0.0359375
0 0.5671875 0.4046875 0.034375 0.0359375
0 0.55625 0.378125 0.0328125 0.0375
0 0.61640625 0.4 0.034375 0.0359375
0 0.59453125 0.37890625 0.0328125 0.0359375
0 0.6515625 0.40234375 0.0359375 0.0359375
0 0.6265625 0.37109375 0.0328125 0.0359375
0 0.64453125 0.33984375 0.034375 0.0359375
0 0.665625 0.3125 0.034375 0.0359375
0 0.67578125 0.565625 0.0375 0.0359375
0 0.71796875 0.56484375 0.0359375 0.0359375
0 0.7890625 0.615625 0.0375 0.034375
0 0.8140625 0.590625 0.0359375 0.0359375
0 0.7796875 0.5859375 0.0359375 0.034375
0 0.7765625 0.55390625 0.0375 0.0390625
0 0.78046875 0.521875 0.0375 0.0375
0 0.74609375 0.49609375 0.0390625 0.0390625
0 0.75625 0.4640625 0.0328125 0.034375
0 0.6765625 0.378125 0.034375 0.0359375
0 0.78046875 0.4890625 0.034375 0.0359375
0 0.77109375 0.434375 0.034375 0.0296875
0 0.7984375 0.44765625 0.0359375 0.0375
0 0.85859375 0.54296875 0.040625 0.0421875
0 0.921875 0.5296875 0.0390625 0.0390625
0 0.89453125 0.50078125 0.0359375 0.0375
0 0.94609375 0.49765625 0.0375 0.0390625
0 0.92421875 0.471875 0.0359375 0.0375
0 0.90703125 0.44296875 0.0375 0.0390625
0 0.8828125 0.41171875 0.0390625 0.0390625
0 0.8453125 0.40390625 0.034375 0.0359375
0 0.825 0.37734375 0.0375 0.0390625
0 0.815625 0.41953125 0.0359375 0.0359375
0 0.7859375 0.4078125 0.0375 0.0390625
0 0.753125 0.4078125 0.0359375 0.0328125
0 0.73515625 0.434375 0.0359375 0.0375
0 0.76015625 0.37734375 0.0359375 0.0390625
0 0.72734375 0.39375 0.0328125 0.0359375
0 0.72421875 0.36171875 0.0375 0.0390625
0 0.79296875 0.3765625 0.034375 0.034375
0 0.78984375 0.3421875 0.0390625 0.0390625
0 0.7375 0.29453125 0.034375 0.0390625
0 0.74765625 0.34375 0.0328125 0.0359375
0 0.7625 0.30546875 0.034375 0.0375
0 0.69765625 0.23203125 0.0375 0.0421875
0 0.6671875 0.1640625 0.0390625 0.0390625
0 0.6375 0.153125 0.0375 0.0375
0 0.37421875 0.15 0.0359375 0.0359375
0 0.3484375 0.1328125 0.0328125 0.0359375
0 0.36640625 0.17890625 0.0328125 0.0359375
0 0.3375 0.165625 0.0328125 0.0359375
0 0.384375 0.19296875 0.0296875 0.0328125
0 0.54296875 0.25625 0.03125 0.0390625
0 0.56796875 0.31953125 0.0359375 0.0375
0 0.57734375 0.2890625 0.034375 0.0359375
0 0.5546875 0.2765625 0.0265625 0.034375
0 0.56875 0.225 0.0375 0.0390625
0 0.52109375 0.2328125 0.034375 0.0390625
0 0.48125 0.22734375 0.034375 0.0359375
0 0.48671875 0.14609375 0.0328125 0.0375
0 0.4921875 0.18671875 0.034375 0.0390625
0 0.51953125 0.14453125 0.034375 0.0359375
0 0.50859375 0.11953125 0.034375 0.0359375
0 0.53984375 0.0390625 0.0328125 0.0375
0 0.52890625 0.0890625 0.034375 0.040625
0 0.5640625 0.0328125 0.034375 0.0359375
0 0.496875 0.05390625 0.0359375 0.0375