0 0.359375 0.55390625 0.021875 0.01875
0 0.36484375 0.57265625 0.021875 0.01875
0 0.38203125 0.57734375 0.021875 0.0203125
0 0.37265625 0.59375 0.0203125 0.0203125
0 0.39140625 0.5921875 0.01875 0.01875
0 0.3828125 0.6078125 0.01875 0.01875
0 0.39609375 0.62265625 0.021875 0.021875
0 0.403125 0.60546875 0.0203125 0.01875
0 0.40859375 0.58828125 0.021875 0.021875
0 0.4 0.57265625 0.0203125 0.01875
0 0.39296875 0.55625 0.0203125 0.01875
0 0.375 0.54609375 0.021875 0.021875
0 0.365625 0.53046875 0.021875 0.0203125
0 0.38359375 0.53046875 0.021875 0.0203125
0 0.40078125 0.53984375 0.021875 0.021875
0 0.4125 0.55625 0.021875 0.0203125
0 0.41796875 0.57265625 0.021875 0.01875
0 0.428125 0.5890625 0.021875 0.021875
0 0.42109375 0.60859375 0.021875 0.0203125
0 0.42734375 0.5484375 0.021875 0.01875
0 0.43515625 0.565625 0.021875 0.0203125
0 0.44296875 0.58046875 0.021875 0.0203125
0 0.4390625 0.6015625 0.021875 0.021875
0 0.4359375 0.61953125 0.021875 0.0203125
0 0.41328125 0.64296875 0.021875 0.021875
0 0.44296875 0.540625 0.0203125 0.0203125
0 0.45 0.5578125 0.0234375 0.025
0 0.4296875 0.52890625 0.021875 0.0203125
0 0.4125 0.52578125 0.021875 0.021875
0 0.37890625 0.51015625 0.021875 0.021875
0 0.396875 0.5171875 0.021875 0.01875
0 0.38359375 0.490625 0.021875 0.021875
0 0.40078125 0.49765625 0.021875 0.021875
0 0.41484375 0.50859375 0.021875 0.01875
0 0.43359375 0.5109375 0.021875 0.021875
0 0.446875 0.521875 0.0203125 0.021875
0 0.46015625 0.534375 0.021875 0.021875
0 0.46171875 0.5109375 0.021875 0.021875
0 0.475 0.52421875 0.0203125 0.0203125
0 0.39765625 0.47421875 0.0203125 0.0203125
0 0.41328125 0.48359375 0.021875 0.021875
0 0.43125 0.48671875 0.01875 0.0203125
0 0.4453125 0.496875 0.021875 0.021875
0 0.46328125 0.49375 0.021875 0.0203125
0 0.47109375 0.478125 0.021875 0.0203125
0 0.45234375 0.47890625 0.021875 0.0203125
0 0.46171875 0.4625 0.021875 0.021875
0 0.43984375 0.4671875 0.021875 0.021875
0 0.40390625 0.45625 0.021875 0.021875
0 0.42265625 0.4625 0.021875 0.021875
0 0.41328125 0.440625 0.021875 0.01875
0 0.4140625 0.42265625 0.021875 0.0203125
0 0.43046875 0.44609375 0.021875 0.0203125
0 0.44765625 0.45078125 0.021875 0.0203125
0 0.44375 0.43203125 0.021875 0.0203125
0 0.43125 0.42109375 0.021875 0.0203125
0 0.4265625 0.40078125 0.021875 0.021875
0 0.4359375 0.3859375 0.0234375 0.021875
0 0.44453125 0.40625 0.021875 0.021875
0 0.45625 0.41953125 0.021875 0.021875
0 0.4625 0.4375 0.021875 0.021875
0 0.475 0.45078125 0.021875 0.0203125
0 0.4859375 0.46640625 0.021875 0.021875
0 0.4546875 0.38828125 0.021875 0.0234375
0 0.465625 0.3671875 0.0234375 0.021875
0 0.4734375 0.3859375 0.021875 0.021875
0 0.465625 0.403125 0.021875 0.021875
0 0.47578125 0.41953125 0.021875 0.021875
0 0.48359375 0.40234375 0.01875 0.021875
0 0.49921875 0.39296875 0.021875 0.0203125
0 0.49375 0.4171875 0.0203125 0.01875
0 0.48515625 0.43359375 0.021875 0.021875
0 0.50390625 0.4328125 0.021875 0.0203125
0 0.49453125 0.44921875 0.0203125 0.021875
0 0.515625 0.4484375 0.021875 0.021875
0 0.50390625 0.465625 0.0234375 0.021875
0 0.478125 0.5 0.021875 0.0203125
0 0.4890625 0.484375 0.021875 0.021875
0 0.509375 0.4828125 0.021875 0.0203125
0 0.496875 0.50078125 0.021875 0.021875
0 0.4921875 0.51796875 0.021875 0.021875
0 0.51796875 0.5375 0.021875 0.021875
0 0.515625 0.503125 0.021875 0.021875
0 0.51015625 0.5203125 0.021875 0.021875
0 0.4984375 0.5375 0.0234375 0.021875
0 0.48203125 0.540625 0.021875 0.021875
0 0.4671875 0.5515625 0.021875 0.021875
0 0.459375 0.57265625 0.021875 0.0203125
0 0.45625 0.59375 0.0234375 0.021875
0 0.4546875 0.61328125 0.021875 0.021875
0 0.4734375 0.6125 0.0234375 0.021875
0 0.47265625 0.58515625 0.021875 0.0203125
0 0.484375 0.59921875 0.0234375 0.01875
0 0.47734375 0.5671875 0.021875 0.021875
0 0.49140625 0.55703125 0.021875 0.021875
0 0.490625 0.5796875 0.021875 0.021875
0 0.5015625 0.59296875 0.021875 0.0203125
0 0.5046875 0.56796875 0.021875 0.01875
0 0.51640625 0.58125 0.021875 0.0203125