0 0.4640625 0.53359375 0.034375 0.0296875
0 0.4984375 0.53203125 0.0328125 0.0296875
0 0.4265625 0.55234375 0.0328125 0.0296875
0 0.2796875 0.5359375 0.0359375 0.0296875
0 0.32109375 0.51640625 0.034375 0.0296875
0 0.290625 0.47578125 0.0375 0.0296875
0 0.2140625 0.3609375 0.0375 0.03125
0 0.27890625 0.446875 0.0375 0.0296875
0 0.34609375 0.38359375 0.034375 0.0296875
0 0.36953125 0.40703125 0.0328125 0.0265625
0 0.39765625 0.4390625 0.034375 0.0265625
0 0.4296875 0.4796875 0.0328125 0.028125
0 0.45859375 0.46328125 0.0375 0.0265625
0 0.453125 0.40546875 0.034375 0.028125
0 0.45625 0.42578125 0.0359375 0.0234375
0 0.48828125 0.425 0.03125 0.0265625
0 0.52421875 0.33359375 0.0390625 0.034375
0 0.41484375 0.234375 0.0390625 0.0328125
0 0.41640625 0.31328125 0.034375 0.0296875
0 0.4515625 0.28125 0.0390625 0.0328125
0 0.4671875 0.24296875 0.0359375 0.0328125
0 0.4890625 0.2171875 0.0375 0.03125
0 0.53046875 0.1890625 0.034375 0.0296875
0 0.6 0.209375 0.0375 0.0296875
0 0.634375 0.21875 0.034375 0.0296875
0 0.65546875 0.24140625 0.0375 0.03125
0 0.85 0.1953125 0.0375 0.0296875
0 0.83671875 0.22265625 0.0375 0.0296875
0 0.8734375 0.25546875 0.0359375 0.0296875
0 0.7734375 0.28984375 0.0375 0.0296875
0 0.81796875 0.34375 0.0328125 0.0296875
0 0.72734375 0.36875 0.034375 0.0296875
0 0.74921875 0.35078125 0.034375 0.028125
0 0.6265625 0.35390625 0.034375 0.0296875
0 0.59140625 0.38046875 0.034375 0.0265625
0 0.6109375 0.390625 0.034375 0.028125
0 0.640625 0.4015625 0.0375 0.028125
0 0.5859375 0.46484375 0.034375 0.0265625
0 0.5890625 0.4375 0.034375 0.028125
0 0.6265625 0.4296875 0.034375 0.0296875
0 0.728125 0.421875 0.0375 0.0296875
0 0.72734375 0.459375 0.034375 0.0265625
0 0.73359375 0.48203125 0.034375 0.03125
0 0.59140625 0.52734375 0.03125 0.028125
0 0.7203125 0.53125 0.034375 0.0265625
0 0.60078125 0.5625 0.03125 0.0265625
0 0.4984375 0.56953125 0.03125 0.0234375
0 0.5171875 0.58828125 0.0296875 0.0265625
0 0.54921875 0.60078125 0.0328125 0.028125
0 0.265625 0.5703125 0.034375 0.0265625
0 0.29375 0.6 0.03125 0.028125
0 0.346875 0.60546875 0.03125 0.025
0 0.32265625 0.6328125 0.03125 0.0265625
0 0.35 0.640625 0.034375 0.0265625
0 0.38046875 0.6421875 0.034375 0.025
0 0.39140625 0.62109375 0.0359375 0.028125
0 0.396875 0.66484375 0.0328125 0.0265625
0 0.44609375 0.65859375 0.03125 0.0265625
0 0.5671875 0.6796875 0.034375 0.0265625
0 0.6546875 0.6390625 0.034375 0.028125
0 0.66171875 0.6671875 0.0328125 0.0265625
0 0.61953125 0.67578125 0.03125 0.0296875
0 0.64609375 0.68828125 0.0328125 0.0265625
0 0.68046875 0.6859375 0.0328125 0.0265625
0 0.73359375 0.6703125 0.0359375 0.025
0 0.7296875 0.6921875 0.0296875 0.025
0 0.70078125 0.7125 0.034375 0.0265625
0 0.61171875 0.72421875 0.0296875 0.025
0 0.6484375 0.7265625 0.034375 0.0265625
0 0.09140625 0.5765625 0.0375 0.0265625
0 0.109375 0.60546875 0.034375 0.028125
0 0.196875 0.63203125 0.03125 0.025
0 0.1578125 0.63125 0.034375 0.028125
0 0.10234375 0.64140625 0.028125 0.025
0 0.0921875 0.6625 0.034375 0.0234375
0 0.09765625 0.6875 0.03125 0.0265625
0 0.19375 0.6921875 0.03125 0.0234375
0 0.12265625 0.7125 0.028125 0.0203125
0 0.1484375 0.71953125 0.0296875 0.0234375
0 0.17109375 0.70546875 0.03125 0.0234375
0 0.13828125 0.68203125 0.034375 0.0265625
0 0.13515625 0.7390625 0.03125 0.025
0 0.16796875 0.7375 0.03125 0.025
0 0.1953125 0.72734375 0.03125 0.0265625
0 0.25703125 0.7328125 0.03125 0.0265625
0 0.2140625 0.771875 0.03125 0.0265625
0 0.25625 0.7109375 0.03125 0.025
0 0.2859375 0.759375 0.0328125 0.028125
0 0.29296875 0.7140625 0.028125 0.0234375
0 0.31953125 0.715625 0.03125 0.0234375
0 0.34140625 0.72578125 0.03125 0.0234375
0 0.5171875 0.7984375 0.03125 0.0265625
0 0.44609375 0.75 0.0328125 0.0234375
0 0.3703125 0.7296875 0.03125 0.0265625
0 0.3234375 0.75234375 0.0328125 0.0265625
0 0.378125 0.75859375 0.034375 0.0265625
0 0.32421875 0.815625 0.0328125 0.0265625
0 0.36953125 0.840625 0.034375 0.0265625
0 0.465625 0.85078125 0.0328125 0.0265625