0 0.28046875 0.26328125 0.03046875 0.02421875
0 0.4890625 0.20625 0.03203125 0.021875
0 0.46953125 0.26796875 0.0296875 0.02265625
0 0.509375 0.24921875 0.0296875 0.0234375
0 0.5296875 0.2234375 0.028125 0.0234375
0 0.55546875 0.20859375 0.02734375 0.02109375
0 0.59375 0.19609375 0.0296875 0.02265625
0 0.65078125 0.2234375 0.02890625 0.01796875
0 0.67578125 0.23671875 0.02890625 0.01875
0 0.68984375 0.25859375 0.0328125 0.0234375
0 0.8578125 0.259375 0.02734375 0.01953125
0 0.8453125 0.2796875 0.0265625 0.01953125
0 0.8734375 0.31171875 0.0328125 0.0234375
0 0.78203125 0.31875 0.028125 0.02265625
0 0.815625 0.3734375 0.03125 0.025
0 0.7515625 0.36484375 0.028125 0.02109375
0 0.73203125 0.378125 0.034375 0.021875
0 0.7171875 0.48125 0.0296875 0.02265625
0 0.715625 0.46015625 0.0296875 0.02109375
0 0.7234375 0.425 0.03203125 0.02421875
0 0.55859375 0.30546875 0.03203125 0.0234375
0 0.64453125 0.3453125 0.0328125 0.0234375
0 0.6078125 0.35859375 0.03125 0.01953125
0 0.62265625 0.3734375 0.03359375 0.02265625
0 0.6484375 0.38984375 0.02890625 0.0234375
0 0.6296875 0.409375 0.02734375 0.025
0 0.59375 0.41015625 0.03515625 0.02421875
0 0.503125 0.3765625 0.028125 0.02265625
0 0.4765625 0.3703125 0.03203125 0.0234375
0 0.47578125 0.3515625 0.03046875 0.01953125
0 0.39140625 0.31015625 0.03125 0.021875
0 0.4046875 0.3375 0.03203125 0.02109375
0 0.42109375 0.371875 0.03203125 0.02578125
0 0.43671875 0.41328125 0.03125 0.02421875
0 0.465625 0.40625 0.03046875 0.02578125
0 0.58359375 0.4359375 0.028125 0.02734375
0 0.57265625 0.496875 0.03125 0.02421875
0 0.57421875 0.53203125 0.02890625 0.02421875
0 0.5171875 0.55859375 0.03125 0.02421875
0 0.4890625 0.5390625 0.03203125 0.025
0 0.45390625 0.47265625 0.03046875 0.02265625
0 0.48515625 0.47890625 0.028125 0.021875
0 0.4734375 0.515625 0.03203125 0.02109375
0 0.4125 0.48203125 0.03125 0.02265625
0 0.3078125 0.35078125 0.03046875 0.02578125
0 0.309375 0.37890625 0.0296875 0.025
0 0.32578125 0.42265625 0.028125 0.021875
0 0.278125 0.43125 0.03046875 0.021875
0 0.3078125 0.55234375 0.02890625 0.0234375
0 0.35703125 0.540625 0.02890625 0.021875
0 0.33671875 0.5609375 0.03046875 0.02265625
0 0.28515625 0.53828125 0.03046875 0.02421875
0 0.315625 0.51484375 0.02890625 0.02421875
0 0.25390625 0.46171875 0.02734375 0.02109375
0 0.26796875 0.4984375 0.0296875 0.0234375
0 0.0859375 0.42890625 0.03515625 0.025
0 0.0890625 0.46328125 0.03046875 0.0234375
0 0.04609375 0.515625 0.03046875 0.0234375
0 0.06484375 0.49765625 0.03046875 0.025
0 0.12421875 0.49921875 0.03046875 0.02265625
0 0.159375 0.51015625 0.02890625 0.02578125
0 0.42109375 0.77578125 0.02890625 0.0265625
0 0.24609375 0.7890625 0.03125 0.0265625
0 0.34609375 0.82734375 0.03046875 0.02421875
0 0.0390625 0.54375 0.034375 0.0265625
0 0.08046875 0.5484375 0.02890625 0.02265625
0 0.1296875 0.57109375 0.02890625 0.0234375
0 0.1015625 0.58046875 0.02890625 0.025
0 0.0734375 0.5890625 0.03046875 0.02109375
0 0.05 0.5765625 0.0296875 0.021875
0 0.04921875 0.60859375 0.0359375 0.02734375
0 0.0859375 0.61328125 0.03125 0.02265625
0 0.115625 0.609375 0.0296875 0.02421875
0 0.11484375 0.665625 0.03046875 0.028125
0 0.2109375 0.74453125 0.0296875 0.0265625
0 0.365625 0.69921875 0.03359375 0.025
0 0.29140625 0.690625 0.03203125 0.0296875
0 0.19609375 0.6671875 0.03359375 0.02578125
0 0.23828125 0.66875 0.03125 0.02578125
0 0.17734375 0.63125 0.03203125 0.02421875
0 0.1875 0.60625 0.0328125 0.0234375
0 0.221875 0.61875 0.03046875 0.025
0 0.2484375 0.62734375 0.03203125 0.02265625
0 0.265625 0.6453125 0.03203125 0.0234375
0 0.29453125 0.6546875 0.03203125 0.02421875
0 0.3453125 0.58984375 0.02890625 0.02265625
0 0.396875 0.5953125 0.034375 0.02421875
0 0.51015625 0.64921875 0.03359375 0.02734375
0 0.6078125 0.6234375 0.03203125 0.025
0 0.565625 0.65546875 0.02890625 0.0234375
0 0.58984375 0.6765625 0.03125 0.02578125
0 0.609375 0.65546875 0.03125 0.02265625
0 0.62265625 0.68125 0.0296875 0.02421875
0 0.54140625 0.709375 0.034375 0.02578125
0 0.58125 0.7203125 0.03125 0.02421875
0 0.6390625 0.71875 0.03359375 0.0234375
0 0.671875 0.70234375 0.0359375 0.0234375
0 0.68359375 0.678125 0.03125 0.02421875
0 0.69765625 0.52734375 0.0359375 0.02578125