0 0.6875 0.37578125 0.059375 0.0640625
0 0.703125 0.34140625 0.065625 0.059375
0 0.69375 0.4484375 0.065625 0.0625
0 0.6375 0.41484375 0.065625 0.0609375
0 0.521875 0.23359375 0.0578125 0.053125
0 0.51953125 0.196875 0.0578125 0.053125
0 0.46953125 0.09609375 0.0609375 0.065625
0 0.49296875 0.06640625 0.0546875 0.053125
0 0.4234375 0.1734375 0.0625 0.059375
0 0.3921875 0.0578125 0.065625 0.0625
0 0.38515625 0.26640625 0.059375 0.0625
0 0.34453125 0.29609375 0.059375 0.0625
0 0.29296875 0.10703125 0.059375 0.065625
0 0.1640625 0.23828125 0.0640625 0.0609375
0 0.165625 0.28359375 0.0625 0.059375
0 0.221875 0.41796875 0.065625 0.0640625
0 0.1625 0.4234375 0.0640625 0.05625
0 0.1796875 0.48046875 0.0625 0.0609375
0 0.20234375 0.54375 0.065625 0.0625
0 0.1109375 0.671875 0.059375 0.0640625
0 0.2140625 0.61796875 0.065625 0.065625
0 0.28359375 0.5875 0.0625 0.0609375
0 0.334375 0.540625 0.0671875 0.0625
0 0.37578125 0.51171875 0.0609375 0.065625
0 0.37109375 0.45390625 0.0703125 0.075
0 0.41015625 0.40625 0.0625 0.0609375
0 0.43125 0.53046875 0.059375 0.059375
0 0.40625 0.57890625 0.0625 0.0578125
0 0.33828125 0.60859375 0.0625 0.05625
0 0.340625 0.665625 0.059375 0.059375
0 0.390625 0.6515625 0.0625 0.065625
0 0.36640625 0.70625 0.065625 0.0671875
0 0.2671875 0.6828125 0.06875 0.0640625
0 0.446875 0.6296875 0.06875 0.0625
0 0.48984375 0.55625 0.065625 0.0671875
0 0.54296875 0.53125 0.0625 0.065625
0 0.6015625 0.515625 0.0671875 0.065625
0 0.55703125 0.59140625 0.059375 0.059375
0 0.51484375 0.62890625 0.0578125 0.0640625
0 0.503125 0.67890625 0.0640625 0.06875
0 0.48828125 0.73828125 0.06875 0.065625
0 0.57734375 0.64375 0.06875 0.0640625
0 0.5890625 0.70390625 0.071875 0.06875
0 0.54140625 0.79765625 0.06875 0.065625
0 0.59375 0.87734375 0.0625 0.065625
0 0.56953125 0.928125 0.0640625 0.0625
0 0.62265625 0.9328125 0.065625 0.065625
0 0.6 0.9671875 0.06875 0.0546875