0 0.8921875 0.63125 0.0296875 0.0296875
0 0.95546875 0.62421875 0.0328125 0.0296875
0 0.9625 0.596875 0.0359375 0.03125
0 0.92265625 0.6 0.0328125 0.0328125
0 0.8953125 0.5546875 0.0328125 0.03125
0 0.8765625 0.6015625 0.03125 0.028125
0 0.84296875 0.58046875 0.0328125 0.0296875
0 0.8640625 0.64765625 0.03125 0.0296875
0 0.88359375 0.71640625 0.0328125 0.0296875
0 0.87734375 0.6890625 0.028125 0.028125
0 0.83984375 0.66640625 0.0328125 0.0328125
0 0.82734375 0.6203125 0.0328125 0.034375
0 0.8453125 0.70078125 0.03125 0.0296875
0 0.840625 0.7578125 0.0328125 0.0296875
0 0.84375 0.79140625 0.0328125 0.0296875
0 0.8171875 0.765625 0.03125 0.028125
0 0.809375 0.7234375 0.0359375 0.0296875
0 0.75859375 0.68671875 0.0390625 0.034375
0 0.74453125 0.75546875 0.034375 0.0296875
0 0.70859375 0.728125 0.040625 0.0328125
0 0.69609375 0.684375 0.034375 0.0296875
0 0.69453125 0.65078125 0.0390625 0.034375
0 0.65703125 0.70625 0.03125 0.0296875
0 0.628125 0.69765625 0.0328125 0.0296875
0 0.6578125 0.65 0.034375 0.028125
0 0.6046875 0.72890625 0.034375 0.0296875
0 0.665625 0.77109375 0.034375 0.028125
0 0.60078125 0.7578125 0.03125 0.028125
0 0.5640625 0.75078125 0.0328125 0.0296875
0 0.525 0.77890625 0.0328125 0.0296875
0 0.509375 0.740625 0.034375 0.0296875
0 0.4859375 0.809375 0.034375 0.028125
0 0.47734375 0.75859375 0.028125 0.0265625
0 0.44609375 0.8453125 0.0328125 0.028125
0 0.4125 0.81484375 0.0296875 0.0296875
0 0.39453125 0.8609375 0.0265625 0.025
0 0.37734375 0.8390625 0.0296875 0.0296875
0 0.34765625 0.81328125 0.0328125 0.0296875
0 0.34609375 0.78828125 0.028125 0.028125
0 0.3578125 0.76875 0.0296875 0.0296875
0 0.3734375 0.7390625 0.0296875 0.0265625
0 0.39296875 0.78125 0.03125 0.028125
0 0.4015625 0.7484375 0.03125 0.0265625
0 0.39375 0.71875 0.0328125 0.0296875
0 0.42734375 0.74609375 0.03125 0.0234375
0 0.425 0.7234375 0.0265625 0.0234375
0 0.45625 0.70859375 0.025 0.0265625
0 0.43984375 0.684375 0.034375 0.028125
0 0.515625 0.67265625 0.0296875 0.0296875
0 0.525 0.63203125 0.03125 0.0265625
0 0.69140625 0.59140625 0.034375 0.0296875
0 0.609375 0.56640625 0.034375 0.0359375
0 0.65625 0.56640625 0.0296875 0.0328125
0 0.64921875 0.540625 0.03125 0.0265625
0 0.75234375 0.58203125 0.0328125 0.0328125
0 0.78671875 0.56953125 0.0328125 0.0296875
0 0.7875 0.5421875 0.03125 0.0265625
0 0.81484375 0.57109375 0.0296875 0.0296875
0 0.81328125 0.54609375 0.03125 0.0265625
0 0.75390625 0.4921875 0.0328125 0.0296875
0 0.74375 0.53125 0.03125 0.0265625
0 0.771875 0.521875 0.0296875 0.0296875
0 0.81796875 0.52109375 0.0296875 0.03125
0 0.78671875 0.48984375 0.034375 0.028125
0 0.8140625 0.459375 0.0359375 0.0328125
0 0.66015625 0.49296875 0.0328125 0.0328125
0 0.82734375 0.3234375 0.0359375 0.0359375
0 0.796875 0.29296875 0.0421875 0.0328125
0 0.8390625 0.35390625 0.034375 0.0359375
0 0.80078125 0.32265625 0.0359375 0.0328125
0 0.809375 0.35859375 0.0359375 0.0359375
0 0.7703125 0.325 0.0359375 0.0328125
0 0.74765625 0.26484375 0.0359375 0.0359375
0 0.70703125 0.3578125 0.0375 0.0390625
0 0.70546875 0.2734375 0.0390625 0.034375
0 0.615625 0.20078125 0.0359375 0.0359375
0 0.59453125 0.23046875 0.0359375 0.0359375
0 0.571875 0.3046875 0.0421875 0.0453125
0 0.5859375 0.5109375 0.0296875 0.034375
0 0.56171875 0.490625 0.0359375 0.0328125
0 0.55390625 0.52578125 0.0328125 0.0296875
0 0.5390625 0.503125 0.03125 0.0359375
0 0.5265625 0.5296875 0.0328125 0.0296875
0 0.4953125 0.54453125 0.034375 0.0296875
0 0.5015625 0.51875 0.0296875 0.0296875
0 0.5109375 0.4859375 0.034375 0.0296875
0 0.53203125 0.43125 0.0328125 0.0296875
0 0.49296875 0.465625 0.0390625 0.0390625
0 0.496875 0.42734375 0.0359375 0.0296875
0 0.459375 0.53984375 0.03125 0.0296875
0 0.47578125 0.5171875 0.03125 0.028125
0 0.47578125 0.4890625 0.0359375 0.034375
0 0.4515625 0.4625 0.0359375 0.0328125
0 0.45 0.5078125 0.0359375 0.0328125
0 0.425 0.465625 0.0390625 0.0390625
0 0.40546875 0.44453125 0.0359375 0.0359375
0 0.42265625 0.4984375 0.034375 0.0296875
0 0.4296875 0.540625 0.034375 0.0296875
0 0.40703125 0.5140625 0.0328125 0.034375
0 0.3953125 0.47265625 0.0390625 0.034375
0 0.40859375 0.55625 0.034375 0.025
0 0.390625 0.5359375 0.0296875 0.0296875
0 0.38125 0.5734375 0.0328125 0.0296875
0 0.3671875 0.5515625 0.034375 0.0359375
0 0.3984375 0.6625 0.0375 0.028125
0 0.378125 0.64375 0.0328125 0.0296875
0 0.3625 0.5953125 0.0296875 0.03125
0 0.3515625 0.56875 0.040625 0.028125
0 0.359375 0.68125 0.03125 0.028125
0 0.36015625 0.66015625 0.028125 0.0265625
0 0.34609375 0.6125 0.0265625 0.03125
0 0.328125 0.59140625 0.034375 0.0296875
0 0.34296875 0.63984375 0.0296875 0.0328125
0 0.315625 0.61953125 0.0328125 0.0296875
0 0.3390625 0.6671875 0.028125 0.028125
0 0.28984375 0.61953125 0.028125 0.0296875
0 0.31875 0.690625 0.0234375 0.0265625
0 0.3125 0.66484375 0.028125 0.028125
0 0.2875 0.6484375 0.0328125 0.0296875
0 0.26328125 0.60625 0.034375 0.0328125
0 0.3609375 0.5140625 0.0390625 0.0375
0 0.309375 0.52890625 0.034375 0.0390625
0 0.340625 0.52421875 0.0328125 0.0390625
0 0.33984375 0.49765625 0.0328125 0.034375
0 0.3171875 0.47890625 0.0296875 0.0328125
0 0.30390625 0.45625 0.0359375 0.0328125
0 0.31953125 0.43203125 0.040625 0.0375
0 0.30078125 0.36328125 0.0484375 0.053125
0 0.28203125 0.3203125 0.0390625 0.0390625
0 0.2421875 0.2078125 0.0375 0.0328125
0 0.2453125 0.3078125 0.0375 0.040625
0 0.20625 0.23046875 0.0390625 0.034375
0 0.2171875 0.39453125 0.0421875 0.034375
0 0.265625 0.4140625 0.04375 0.034375
0 0.18515625 0.409375 0.0390625 0.034375
0 0.2390625 0.4609375 0.034375 0.0296875
0 0.146875 0.40546875 0.040625 0.0375
0 0.121875 0.35859375 0.0390625 0.0375
0 0.1578125 0.56171875 0.0375 0.03125
0 0.08046875 0.4421875 0.0421875 0.0375
0 0.146875 0.5125 0.0359375 0.0328125
0 0.1078125 0.43515625 0.0328125 0.0359375