0 0.13359375 0.18046875 0.034375 0.0375
0 0.34375 0.059375 0.03125 0.0328125
0 0.45234375 0.07109375 0.0375 0.034375
0 0.4859375 0.17265625 0.034375 0.034375
0 0.32890625 0.14609375 0.0375 0.0359375
0 0.26484375 0.20234375 0.034375 0.034375
0 0.29609375 0.19921875 0.0328125 0.0328125
0 0.29765625 0.17265625 0.03125 0.0296875
0 0.32578125 0.17109375 0.0296875 0.03125
0 0.3453125 0.19765625 0.034375 0.034375
0 0.2734375 0.26015625 0.0359375 0.0359375
0 0.32734375 0.22421875 0.0328125 0.03125
0 0.35234375 0.23515625 0.0328125 0.0328125
0 0.371875 0.25546875 0.0359375 0.0375
0 0.3828125 0.29140625 0.034375 0.034375
0 0.2875 0.31015625 0.034375 0.034375
0 0.3125 0.325 0.0375 0.034375
0 0.26875 0.33984375 0.034375 0.0359375
0 0.29375 0.36171875 0.034375 0.0359375
0 0.24296875 0.4390625 0.0359375 0.034375
0 0.25234375 0.4140625 0.034375 0.03125
0 0.3703125 0.3953125 0.034375 0.0359375
0 0.28828125 0.39609375 0.0359375 0.0359375
0 0.31875 0.3953125 0.034375 0.034375
0 0.340625 0.37890625 0.03125 0.0328125
0 0.3640625 0.35078125 0.034375 0.0375
0 0.40625 0.33359375 0.0375 0.0375
0 0.3859375 0.228125 0.034375 0.034375
0 0.4171875 0.2296875 0.034375 0.034375
0 0.42734375 0.25703125 0.034375 0.034375
0 0.52265625 0.2625 0.034375 0.034375
0 0.54765625 0.24765625 0.034375 0.0375
0 0.6453125 0.1890625 0.034375 0.034375
0 0.66640625 0.18515625 0.03125 0.0328125
0 0.65703125 0.2125 0.0328125 0.03125
0 0.63984375 0.2328125 0.0296875 0.03125
0 0.70546875 0.21328125 0.034375 0.034375
0 0.7140625 0.2546875 0.034375 0.034375
0 0.6609375 0.26796875 0.0328125 0.0328125
0 0.58359375 0.3109375 0.034375 0.034375
0 0.64609375 0.30234375 0.034375 0.034375
0 0.675 0.31796875 0.034375 0.034375
0 0.5875 0.37578125 0.034375 0.034375
0 0.66328125 0.38203125 0.034375 0.0359375
0 0.7796875 0.38671875 0.034375 0.0375
0 0.70859375 0.41484375 0.034375 0.0375
0 0.72109375 0.44296875 0.034375 0.034375
0 0.4578125 0.65 0.034375 0.034375
0 0.41171875 0.66171875 0.034375 0.034375
0 0.42265625 0.63203125 0.034375 0.034375
0 0.45625 0.6203125 0.0359375 0.034375
0 0.48203125 0.63046875 0.0375 0.034375
0 0.52109375 0.615625 0.034375 0.034375
0 0.5 0.596875 0.034375 0.034375
0 0.5171875 0.5453125 0.034375 0.034375
0 0.48671875 0.55703125 0.034375 0.034375
0 0.47890625 0.52734375 0.034375 0.034375
0 0.50703125 0.51875 0.0328125 0.0328125
0 0.4953125 0.41328125 0.03125 0.0328125
0 0.52265625 0.40234375 0.0328125 0.0328125
0 0.534375 0.428125 0.0328125 0.0328125
0 0.50546875 0.43671875 0.0328125 0.03125
0 0.46328125 0.44765625 0.03125 0.0296875
0 0.48828125 0.459375 0.0328125 0.0328125
0 0.521875 0.48671875 0.034375 0.034375
0 0.4703125 0.49296875 0.034375 0.034375
0 0.50078125 0.48359375 0.0296875 0.03125
0 0.51953125 0.459375 0.0328125 0.0328125
0 0.54609375 0.4515625 0.03125 0.0328125
0 0.578125 0.46640625 0.0296875 0.0296875
0 0.5703125 0.44765625 0.028125 0.0234375
0 0.6 0.4625 0.028125 0.0328125
0 0.57734375 0.49609375 0.034375 0.0375
0 0.61328125 0.53359375 0.03125 0.0359375
0 0.63984375 0.52734375 0.034375 0.034375
0 0.5859375 0.53515625 0.034375 0.0375
0 0.56171875 0.5546875 0.034375 0.034375
0 0.54140625 0.575 0.034375 0.034375
0 0.57578125 0.57890625 0.03125 0.0328125
0 0.62265625 0.61796875 0.034375 0.0359375
0 0.55625 0.59921875 0.034375 0.034375
0 0.58984375 0.603125 0.0328125 0.0328125
0 0.59765625 0.63046875 0.034375 0.034375
0 0.79296875 0.7265625 0.034375 0.0375
0 0.76875 0.7203125 0.034375 0.0359375
0 0.82890625 0.728125 0.034375 0.0375
0 0.79609375 0.75859375 0.0359375 0.0359375
0 0.83359375 0.7640625 0.034375 0.0375
0 0.340625 0.50078125 0.0375 0.040625
0 0.30390625 0.5171875 0.034375 0.0375
0 0.22734375 0.50234375 0.0359375 0.0359375
0 0.215625 0.534375 0.0375 0.034375
0 0.24375 0.52578125 0.0375 0.034375
0 0.2578125 0.55 0.034375 0.0375
0 0.2703125 0.578125 0.0375 0.034375
0 0.30625 0.58671875 0.0375 0.034375
0 0.27890625 0.60390625 0.0359375 0.034375
0 0.309375 0.61953125 0.0328125 0.0328125
0 0.33828125 0.63515625 0.034375 0.034375
0 0.2796875 0.646875 0.034375 0.0375
0 0.30859375 0.64765625 0.034375 0.034375
0 0.3328125 0.6640625 0.034375 0.034375
0 0.3609375 0.66796875 0.034375 0.034375
0 0.37734375 0.69296875 0.034375 0.034375
0 0.33984375 0.6921875 0.0328125 0.0328125
0 0.27734375 0.67734375 0.03125 0.0328125
0 0.30703125 0.67734375 0.034375 0.034375
0 0.1953125 0.58984375 0.034375 0.034375
0 0.15546875 0.62265625 0.034375 0.034375
0 0.184375 0.63671875 0.0375 0.0359375
0 0.14765625 0.6578125 0.034375 0.034375
0 0.17265625 0.67109375 0.034375 0.034375
0 0.19609375 0.6890625 0.0328125 0.034375
0 0.2265625 0.70546875 0.0359375 0.034375
0 0.25859375 0.7 0.0328125 0.0328125
0 0.28515625 0.7140625 0.0359375 0.0359375
0 0.31328125 0.70546875 0.034375 0.034375
0 0.3265625 0.7328125 0.0359375 0.0375
0 0.3640625 0.71796875 0.034375 0.0375
0 0.3890625 0.75703125 0.034375 0.0375
0 0.36484375 0.75546875 0.03125 0.0359375
0 0.53671875 0.846875 0.034375 0.0375
0 0.50625 0.846875 0.034375 0.0375
0 0.45 0.796875 0.0375 0.040625
0 0.4453125 0.71640625 0.034375 0.0375
0 0.45625 0.684375 0.034375 0.034375
0 0.53125 0.67265625 0.034375 0.034375
0 0.5828125 0.72265625 0.034375 0.0375
0 0.53671875 0.703125 0.0375 0.034375
0 0.56484375 0.7046875 0.0328125 0.0328125
0 0.65625 0.72421875 0.0375 0.0375
0 0.6140625 0.734375 0.034375 0.0375
0 0.57109375 0.7578125 0.0359375 0.0375
0 0.6625 0.76640625 0.034375 0.0375
0 0.6828125 0.8015625 0.034375 0.0375
0 0.653125 0.81484375 0.0375 0.0359375
0 0.6734375 0.834375 0.034375 0.034375
0 0.665625 0.8671875 0.034375 0.0375
0 0.71171875 0.890625 0.0359375 0.0375
0 0.675 0.9171875 0.034375 0.0375
0 0.6546875 0.93046875 0.034375 0.0375