0 0.46484375 0.8671875 0.034375 0.0296875
0 0.478125 0.83671875 0.03125 0.0296875
0 0.41015625 0.84296875 0.0328125 0.0296875
0 0.3765625 0.8578125 0.034375 0.0296875
0 0.3984375 0.8734375 0.0328125 0.0296875
0 0.43125 0.87578125 0.0328125 0.0296875
0 0.47890625 0.8125 0.0328125 0.0296875
0 0.34453125 0.86484375 0.0328125 0.0296875
0 0.53359375 0.8265625 0.0328125 0.0296875
0 0.56484375 0.746875 0.0328125 0.0296875
0 0.37734375 0.79140625 0.0328125 0.0296875
0 0.44453125 0.8421875 0.0328125 0.0296875
0 0.32265625 0.8046875 0.0328125 0.0296875
0 0.3640625 0.81875 0.0328125 0.0296875
0 0.575 0.77421875 0.0328125 0.0296875
0 0.44296875 0.8140625 0.0328125 0.0296875
0 0.325 0.840625 0.034375 0.0296875
0 0.6 0.7515625 0.034375 0.0296875
0 0.49765625 0.86328125 0.0328125 0.03125
0 0.453125 0.603125 0.0359375 0.0328125
0 0.52265625 0.59375 0.0359375 0.0328125
0 0.40625 0.80546875 0.0328125 0.0296875
0 0.484375 0.77578125 0.0328125 0.0296875
0 0.45625 0.790625 0.034375 0.03125
0 0.4421875 0.765625 0.0328125 0.0296875
0 0.47421875 0.7171875 0.0359375 0.03125
0 0.58828125 0.65 0.0359375 0.0328125
0 0.42109375 0.64140625 0.0359375 0.0328125
0 0.58515625 0.71875 0.034375 0.0296875
0 0.49140625 0.65078125 0.0359375 0.0328125
0 0.628125 0.615625 0.0359375 0.0328125
0 0.5359375 0.73828125 0.0328125 0.0296875
0 0.5140625 0.78046875 0.034375 0.0328125
0 0.4484375 0.740625 0.034375 0.03125
0 0.55625 0.64375 0.0359375 0.0328125
0 0.42421875 0.72109375 0.0359375 0.0296875
0 0.6234375 0.64375 0.0359375 0.0328125
0 0.6125 0.58984375 0.0359375 0.0328125
0 0.45625 0.640625 0.0359375 0.0328125
0 0.41875 0.6109375 0.0359375 0.0359375
0 0.58984375 0.615625 0.0359375 0.0328125
0 0.5140625 0.80625 0.0296875 0.0265625
0 0.28359375 0.84921875 0.0328125 0.0296875
0 0.52265625 0.65625 0.0359375 0.0328125
0 0.33046875 0.65703125 0.0359375 0.0328125
0 0.54375 0.78671875 0.034375 0.0296875
0 0.31875 0.778125 0.0359375 0.0296875
0 0.65 0.59140625 0.0375 0.0328125
0 0.38125 0.71328125 0.0328125 0.0296875
0 0.38125 0.65703125 0.0359375 0.0328125
0 0.52578125 0.62265625 0.0359375 0.0328125
0 0.3875 0.61875 0.0375 0.0328125
0 0.2703125 0.80234375 0.0328125 0.0328125
0 0.50390625 0.6984375 0.0359375 0.03125
0 0.29765625 0.68828125 0.0359375 0.03125
0 0.55625 0.6078125 0.0359375 0.034375
0 0.31796875 0.7109375 0.034375 0.0296875
0 0.38203125 0.76640625 0.0328125 0.028125
0 0.5890625 0.68359375 0.034375 0.03125
0 0.29375 0.821875 0.034375 0.03125
0 0.35546875 0.6359375 0.0359375 0.0328125
0 0.6890625 0.6453125 0.0375 0.0328125
0 0.48671875 0.59296875 0.0359375 0.034375
0 0.4109375 0.7484375 0.0359375 0.0296875
0 0.44609375 0.70234375 0.0359375 0.0328125
0 0.28828125 0.72421875 0.0328125 0.0296875
0 0.40703125 0.70078125 0.034375 0.03125
0 0.234375 0.87578125 0.0328125 0.028125
0 0.56171875 0.6984375 0.0328125 0.0296875
0 0.65625 0.6390625 0.0375 0.0328125
0 0.71328125 0.6671875 0.0359375 0.0328125
0 0.3453125 0.7265625 0.034375 0.03125
0 0.57109375 0.54140625 0.0375 0.034375
0 0.34453125 0.696875 0.0359375 0.0328125
0 0.29296875 0.7578125 0.0328125 0.03125
0 0.4109375 0.66953125 0.0359375 0.0328125
0 0.67890625 0.684375 0.0359375 0.0328125
0 0.48046875 0.62421875 0.0375 0.034375
0 0.21796875 0.8390625 0.0328125 0.028125
0 0.41015625 0.77734375 0.0328125 0.0296875
0 0.2625 0.7453125 0.034375 0.03125
0 0.63203125 0.56328125 0.0359375 0.0328125
0 0.53359375 0.684375 0.0359375 0.0296875
0 0.48046875 0.7484375 0.0359375 0.0296875
0 0.23984375 0.79140625 0.0328125 0.03125
0 0.6390625 0.6953125 0.0359375 0.03125
0 0.70546875 0.69921875 0.0359375 0.03125
0 0.5984375 0.56171875 0.0359375 0.034375
0 0.53359375 0.7109375 0.0328125 0.0296875
0 0.5625 0.671875 0.034375 0.0296875
0 0.71015625 0.57890625 0.0359375 0.0328125
0 0.7265625 0.63984375 0.0359375 0.0328125
0 0.37578125 0.6859375 0.0359375 0.03125
0 0.74921875 0.61640625 0.0359375 0.0328125
0 0.296875 0.659375 0.034375 0.0328125
0 0.74609375 0.6671875 0.0390625 0.0328125
0 0.47578125 0.67421875 0.0359375 0.034375
0 0.70234375 0.52578125 0.0390625 0.0359375
0 0.56796875 0.57734375 0.0359375 0.034375
0 0.6171875 0.7796875 0.0359375 0.0328125
0 0.3796875 0.740625 0.034375 0.0296875
0 0.68046875 0.60390625 0.0375 0.0328125
0 0.621875 0.671875 0.0359375 0.0328125
0 0.7125 0.61328125 0.0359375 0.0328125
0 0.1984375 0.81015625 0.0328125 0.0328125
0 0.6515625 0.72109375 0.0359375 0.03125
0 0.665625 0.5359375 0.0375 0.0359375
0 0.5046875 0.728125 0.0359375 0.0296875
0 0.71953125 0.5515625 0.0390625 0.0328125
0 0.2609375 0.709375 0.0359375 0.0328125
0 0.17109375 0.8203125 0.0328125 0.0296875
0 0.25234375 0.8984375 0.0359375 0.0265625
0 0.61953125 0.53515625 0.0390625 0.034375
0 0.51015625 0.7515625 0.034375 0.0296875
0 0.17109375 0.79375 0.0359375 0.0296875
0 0.74296875 0.5875 0.0359375 0.0328125
0 0.2265625 0.759375 0.0328125 0.0328125
0 0.75234375 0.553125 0.0375 0.034375
0 0.54140625 0.559375 0.0359375 0.0359375
0 0.7703125 0.64296875 0.0390625 0.0328125
0 0.23125 0.696875 0.0359375 0.0328125
0 0.4515625 0.90234375 0.0359375 0.0296875
0 0.35703125 0.896875 0.0328125 0.028125
0 0.79375 0.6125 0.0390625 0.0328125
0 0.16484375 0.853125 0.0328125 0.028125
0 0.35234375 0.753125 0.0359375 0.03125
0 0.44296875 0.66484375 0.0359375 0.0328125
0 0.68203125 0.56484375 0.040625 0.0390625
0 0.65234375 0.66796875 0.0359375 0.0296875
0 0.7875 0.53203125 0.0390625 0.034375
0 0.80234375 0.559375 0.0375 0.0328125
0 0.7765625 0.5859375 0.0390625 0.0359375
0 0.32265625 0.75234375 0.0359375 0.0328125
0 0.203125 0.6765625 0.0359375 0.0328125
0 0.77890625 0.49765625 0.0390625 0.0359375
0 0.62890625 0.82734375 0.0328125 0.0328125
0 0.115625 0.8078125 0.040625 0.0296875
0 0.84375 0.5734375 0.0390625 0.0328125
0 0.5140625 0.9515625 0.0296875 0.0265625
0 0.11875 0.921875 0.0359375 0.0296875
0 0.65234375 0.05703125 0.04375 0.0453125
0 0.60859375 0.0546875 0.0421875 0.046875