0 0.39296875 0.34765625 0.0140625 0.0140625
0 0.47265625 0.3375 0.0171875 0.015625
0 0.5078125 0.33828125 0.0140625 0.0140625
0 0.5125 0.35234375 0.015625 0.0140625
0 0.51953125 0.34296875 0.0140625 0.0140625
0 0.5296875 0.33671875 0.0140625 0.0140625
0 0.53125 0.35 0.0125 0.0140625
0 0.3390625 0.50234375 0.0171875 0.0171875
0 0.309375 0.5109375 0.0171875 0.0171875
0 0.29375 0.53203125 0.015625 0.0171875
0 0.34296875 0.6625 0.015625 0.0203125
0 0.42265625 0.62421875 0.015625 0.0171875
0 0.4078125 0.6 0.0171875 0.0171875
0 0.35234375 0.59765625 0.0140625 0.0171875
0 0.39375 0.584375 0.0140625 0.0140625
0 0.3921875 0.56953125 0.0140625 0.0171875
0 0.35859375 0.56484375 0.01875 0.0140625
0 0.3921875 0.54921875 0.015625 0.015625
0 0.37578125 0.55234375 0.0140625 0.015625
0 0.359375 0.54609375 0.0171875 0.0171875
0 0.37578125 0.5390625 0.0140625 0.0140625
0 0.38671875 0.5328125 0.0140625 0.0140625
0 0.4 0.52734375 0.0140625 0.0140625
0 0.39140625 0.5140625 0.0171875 0.0171875
0 0.3953125 0.47734375 0.01875 0.0171875
0 0.36640625 0.490625 0.0171875 0.0171875
0 0.33515625 0.4609375 0.0171875 0.0171875
0 0.3546875 0.434375 0.0171875 0.0171875
0 0.37421875 0.4140625 0.0140625 0.0140625
0 0.37109375 0.42890625 0.0140625 0.0140625
0 0.384375 0.4328125 0.0125 0.0140625
0 0.42578125 0.409375 0.0140625 0.0171875
0 0.43828125 0.42109375 0.015625 0.0140625
0 0.45546875 0.415625 0.0140625 0.0140625
0 0.46796875 0.41171875 0.0140625 0.0140625
0 0.45078125 0.428125 0.0140625 0.0140625
0 0.4625 0.4265625 0.0125 0.0140625
0 0.4828125 0.42265625 0.015625 0.0140625
0 0.47109375 0.43515625 0.0140625 0.015625
0 0.42578125 0.4375 0.0140625 0.0171875
0 0.41015625 0.44609375 0.0140625 0.015625
0 0.403125 0.46015625 0.0140625 0.0140625
0 0.415625 0.4578125 0.0140625 0.0140625
0 0.42265625 0.44765625 0.0140625 0.0140625
0 0.43515625 0.45 0.015625 0.0140625
0 0.4265625 0.465625 0.0140625 0.0140625
0 0.4390625 0.46484375 0.0140625 0.0171875
0 0.43359375 0.4859375 0.0140625 0.0171875
0 0.44765625 0.48359375 0.0171875 0.015625
0 0.45234375 0.46953125 0.0140625 0.0140625
0 0.4609375 0.44921875 0.0140625 0.0140625
0 0.46875 0.45859375 0.015625 0.0125
0 0.4671875 0.471875 0.0140625 0.0140625
0 0.4609375 0.48203125 0.0125 0.0140625
0 0.4765625 0.478125 0.0140625 0.0125
0 0.47109375 0.48984375 0.0140625 0.0140625
0 0.4890625 0.4859375 0.0140625 0.0171875
0 0.471875 0.503125 0.015625 0.0171875
0 0.45859375 0.5171875 0.015625 0.0140625
0 0.45859375 0.53125 0.0140625 0.0171875
0 0.44375 0.54375 0.0140625 0.0171875
0 0.44453125 0.5578125 0.0140625 0.0140625
0 0.4484375 0.60703125 0.015625 0.015625
0 0.4578125 0.5953125 0.0140625 0.0140625
0 0.46953125 0.58671875 0.0140625 0.0140625
0 0.47421875 0.5984375 0.0140625 0.0140625
0 0.4625 0.55234375 0.015625 0.015625
0 0.4859375 0.53125 0.0140625 0.0140625
0 0.475 0.53515625 0.0140625 0.0140625
0 0.4828125 0.521875 0.0125 0.0109375
0 0.48828125 0.53984375 0.0125 0.0078125
0 0.50859375 0.44765625 0.0171875 0.015625
0 0.5140625 0.459375 0.015625 0.0140625
0 0.51328125 0.47265625 0.0171875 0.0171875
0 0.51640625 0.49140625 0.015625 0.0171875
0 0.50703125 0.50625 0.0140625 0.0171875
0 0.503125 0.51953125 0.0140625 0.0140625
0 0.5015625 0.53203125 0.0125 0.015625
0 0.51328125 0.53515625 0.0140625 0.015625
0 0.51875 0.55 0.015625 0.0171875
0 0.53203125 0.5453125 0.0140625 0.0140625
0 0.53828125 0.56015625 0.0140625 0.0171875
0 0.49453125 0.54921875 0.0171875 0.0171875
0 0.49453125 0.565625 0.0171875 0.015625
0 0.50625 0.57734375 0.0140625 0.0171875
0 0.50625 0.59375 0.0171875 0.015625
0 0.51875 0.5890625 0.0140625 0.015625
0 0.52421875 0.60390625 0.0140625 0.0171875
0 0.53671875 0.6015625 0.0140625 0.0171875
0 0.54140625 0.590625 0.0140625 0.0171875
0 0.553125 0.60390625 0.0171875 0.0171875
0 0.67890625 0.5453125 0.0140625 0.015625
0 0.6828125 0.559375 0.0171875 0.0171875
0 0.671875 0.50234375 0.0171875 0.01875
0 0.57578125 0.41953125 0.015625 0.0125
0 0.58046875 0.43203125 0.0140625 0.015625
0 0.57109375 0.45625 0.0140625 0.0171875
0 0.56640625 0.4671875 0.0171875 0.0171875
0 0.58984375 0.4703125 0.0140625 0.0140625
0 0.6015625 0.478125 0.015625 0.0171875
0 0.60625 0.496875 0.0140625 0.0171875
0 0.5875 0.515625 0.0140625 0.015625
0 0.6109375 0.52109375 0.0140625 0.0171875
0 0.5390625 0.45 0.015625 0.015625
0 0.5375 0.4640625 0.0140625 0.0140625
0 0.54296875 0.475 0.0140625 0.0171875
0 0.553125 0.49921875 0.0140625 0.0171875
0 0.56328125 0.51015625 0.0140625 0.0171875
0 0.57109375 0.52265625 0.0140625 0.0140625
0 0.571875 0.53671875 0.0140625 0.0171875
0 0.55859375 0.53125 0.0125 0.0140625
0 0.5640625 0.5453125 0.0140625 0.0171875
0 0.58515625 0.55859375 0.0140625 0.0171875
0 0.56640625 0.56171875 0.0140625 0.015625
0 0.57578125 0.56875 0.0140625 0.0125
0 0.58203125 0.58046875 0.0140625 0.0171875
0 0.59453125 0.57734375 0.015625 0.0171875
0 0.590625 0.5953125 0.015625 0.015625
0 0.65859375 0.60078125 0.0171875 0.01875
0 0.5890625 0.61171875 0.0171875 0.015625
0 0.58984375 0.62734375 0.015625 0.015625
0 0.57578125 0.62265625 0.0140625 0.0140625
0 0.578125 0.6375 0.0140625 0.015625
0 0.5328125 0.63125 0.0140625 0.0171875
0 0.4921875 0.6328125 0.015625 0.0171875
0 0.46640625 0.6453125 0.015625 0.0171875
0 0.47578125 0.659375 0.0140625 0.0140625
0 0.48828125 0.6546875 0.0171875 0.0171875
0 0.4375 0.68046875 0.0171875 0.0171875
0 0.46171875 0.68125 0.0171875 0.0171875
0 0.48203125 0.68203125 0.015625 0.0171875
0 0.50703125 0.66640625 0.0171875 0.015625
0 0.5109375 0.68046875 0.015625 0.0171875
0 0.52578125 0.6578125 0.0171875 0.0171875
0 0.55078125 0.65234375 0.0171875 0.0171875
0 0.66875 0.63046875 0.0171875 0.0171875
0 0.553125 0.6671875 0.015625 0.0140625
0 0.571875 0.66171875 0.0140625 0.0171875
0 0.62890625 0.68359375 0.0171875 0.0171875
0 0.5484375 0.68828125 0.0171875 0.0203125
0 0.61640625 0.66640625 0.015625 0.0171875
0 0.61015625 0.69296875 0.015625 0.0171875
0 0.52109375 0.57109375 0.0140625 0.0171875
0 0.528125 0.56796875 0.0109375 0.015625