0 0.64609375 0.78125 0.025 0.021875
0 0.58515625 0.77109375 0.0234375 0.0234375
0 0.5359375 0.76171875 0.02421875 0.02265625
0 0.5109375 0.72890625 0.02578125 0.02578125
0 0.5359375 0.790625 0.02421875 0.02421875
0 0.4875 0.77109375 0.025 0.0234375
0 0.4734375 0.75078125 0.025 0.0234375
0 0.43671875 0.75234375 0.0234375 0.02109375
0 0.43046875 0.73046875 0.02578125 0.025
0 0.41484375 0.76484375 0.025 0.02578125
0 0.38125 0.75546875 0.025 0.028125
0 0.46328125 0.81015625 0.0265625 0.0265625
0 0.4109375 0.81484375 0.0234375 0.025
0 0.37109375 0.815625 0.02421875 0.025
0 0.32734375 0.81484375 0.02421875 0.025
0 0.2953125 0.72109375 0.0265625 0.02578125
0 0.2640625 0.678125 0.02734375 0.02578125
0 0.23828125 0.653125 0.02734375 0.0265625
0 0.1578125 0.675 0.03203125 0.028125
0 0.23515625 0.62421875 0.02890625 0.03046875
0 0.2328125 0.5859375 0.03125 0.03046875
0 0.2015625 0.5921875 0.02890625 0.0265625
0 0.22109375 0.55234375 0.02890625 0.0265625
0 0.19765625 0.56640625 0.028125 0.025
0 0.24453125 0.5421875 0.025 0.02890625
0 0.33828125 0.57421875 0.0296875 0.0296875
0 0.365625 0.52421875 0.03046875 0.03203125
0 0.39453125 0.565625 0.025 0.0265625
0 0.34375 0.69140625 0.02734375 0.02421875
0 0.39609375 0.6734375 0.02734375 0.02578125
0 0.36171875 0.6671875 0.02734375 0.02421875
0 0.4125 0.64375 0.0265625 0.02109375
0 0.3890625 0.65 0.02265625 0.0234375
0 0.4203125 0.62734375 0.02578125 0.02734375
0 0.44296875 0.63984375 0.02578125 0.02734375
0 0.471875 0.6640625 0.025 0.02578125
0 0.4703125 0.63984375 0.02734375 0.025
0 0.51875 0.65390625 0.021875 0.021875
0 0.496875 0.6625 0.02421875 0.0234375
0 0.4953125 0.63828125 0.02421875 0.025
0 0.5046875 0.68359375 0.02578125 0.02578125
0 0.55546875 0.7046875 0.025 0.02578125
0 0.5203125 0.625 0.02421875 0.02421875
0 0.59765625 0.678125 0.02421875 0.025
0 0.6265625 0.68984375 0.02578125 0.02578125
0 0.67109375 0.72421875 0.0265625 0.02421875
0 0.75859375 0.66953125 0.02734375 0.02578125
0 0.675 0.64375 0.0265625 0.0265625
0 0.6578125 0.6671875 0.02421875 0.02421875
0 0.678125 0.59765625 0.021875 0.02109375
0 0.68671875 0.615625 0.02578125 0.0234375
0 0.66953125 0.57890625 0.021875 0.0234375
0 0.59296875 0.61875 0.02421875 0.025
0 0.5515625 0.60859375 0.02421875 0.025
0 0.55390625 0.58359375 0.021875 0.021875
0 0.56796875 0.565625 0.025 0.02578125
0 0.53125 0.5703125 0.02421875 0.02421875
0 0.4609375 0.60078125 0.0265625 0.02734375
0 0.43125 0.56171875 0.025 0.028125
0 0.4109375 0.53515625 0.02421875 0.025
0 0.45078125 0.54765625 0.025 0.02578125
0 0.48125 0.540625 0.02578125 0.028125
0 0.5078125 0.53828125 0.02578125 0.0234375
0 0.53515625 0.5359375 0.02578125 0.02265625
0 0.58515625 0.52265625 0.02421875 0.025
0 0.66484375 0.51796875 0.02578125 0.02734375
0 0.5453125 0.50078125 0.028125 0.02421875
0 0.521875 0.509375 0.02421875 0.02421875
0 0.4953125 0.5125 0.0265625 0.02421875
0 0.48046875 0.49609375 0.028125 0.025
0 0.47734375 0.47109375 0.0265625 0.0265625
0 0.4609375 0.440625 0.02265625 0.021875
0 0.453125 0.45703125 0.025 0.02421875
0 0.43828125 0.42421875 0.025 0.0171875
0 0.43671875 0.4359375 0.02578125 0.021875
0 0.425 0.4515625 0.02578125 0.0234375
0 0.39140625 0.49453125 0.0265625 0.02578125
0 0.38828125 0.46875 0.02578125 0.025
0 0.55546875 0.47578125 0.0234375 0.0234375
0 0.5375 0.46328125 0.02734375 0.025
0 0.5359375 0.4390625 0.02578125 0.0234375
0 0.51484375 0.45078125 0.02421875 0.02265625
0 0.484375 0.44609375 0.02890625 0.02578125
0 0.47109375 0.421875 0.02890625 0.02734375
0 0.50234375 0.428125 0.0234375 0.025
0 0.5390625 0.41484375 0.02578125 0.025
0 0.5609375 0.425 0.02421875 0.02421875
0 0.40078125 0.446875 0.025 0.02578125
0 0.3734375 0.44765625 0.0265625 0.025
0 0.38359375 0.4265625 0.0265625 0.02265625
0 0.4078125 0.42265625 0.02265625 0.02578125
0 0.4109375 0.3984375 0.02578125 0.02265625
0 0.384375 0.40078125 0.02578125 0.02421875
0 0.40703125 0.371875 0.0296875 0.02890625
0 0.37890625 0.3765625 0.03046875 0.025
0 0.35 0.43046875 0.02734375 0.02734375
0 0.34296875 0.45625 0.03203125 0.028125
0 0.31484375 0.4625 0.0265625 0.0265625
0 0.32109375 0.41796875 0.03046875 0.0265625
0 0.29609375 0.4203125 0.025 0.02578125
0 0.31328125 0.390625 0.028125 0.02578125
0 0.28671875 0.38515625 0.02734375 0.0265625
0 0.271875 0.40703125 0.02890625 0.02578125
0 0.24375 0.409375 0.028125 0.02734375
0 0.25859375 0.3796875 0.028125 0.02890625
0 0.2921875 0.36171875 0.02890625 0.02734375
0 0.23203125 0.44140625 0.03046875 0.0265625
0 0.3453125 0.34375 0.025 0.025
0 0.31484375 0.3265625 0.02578125 0.02578125
0 0.36953125 0.3390625 0.0234375 0.02734375
0 0.35703125 0.31484375 0.0296875 0.0265625
0 0.39375 0.33515625 0.0328125 0.02734375
0 0.40625 0.30703125 0.02890625 0.02890625
0 0.38046875 0.3078125 0.0265625 0.0265625
0 0.2890625 0.3 0.03046875 0.0296875
0 0.20390625 0.35078125 0.02734375 0.03046875
0 0.17578125 0.34296875 0.028125 0.0296875
0 0.17734375 0.30859375 0.02890625 0.028125
0 0.1390625 0.3515625 0.0296875 0.03125
0 0.10234375 0.41015625 0.028125 0.0296875
0 0.49140625 0.4078125 0.02421875 0.025
0 0.47578125 0.38984375 0.028125 0.025
0 0.5140625 0.40625 0.02578125 0.0265625
0 0.5359375 0.390625 0.025 0.025
0 0.525 0.36796875 0.0265625 0.0265625
0 0.52265625 0.3421875 0.028125 0.02421875
0 0.5171875 0.171875 0.02734375 0.028125
0 0.51015625 0.14375 0.025 0.02734375
0 0.4890625 0.1578125 0.02734375 0.0265625
0 0.4703125 0.17734375 0.02890625 0.028125
0 0.4625 0.14609375 0.02890625 0.03359375
0 0.38828125 0.14296875 0.0296875 0.0328125
0 0.2140625 0.1640625 0.03125 0.03046875