0 0.3625 0.9234375 0.02421875 0.02890625
0 0.3609375 0.8828125 0.02265625 0.02578125
0 0.40625 0.90078125 0.0234375 0.02578125
0 0.3765625 0.90546875 0.0203125 0.02578125
0 0.41640625 0.87109375 0.021875 0.02578125
0 0.38515625 0.88515625 0.0234375 0.0265625
0 0.45859375 0.865625 0.025 0.028125
0 0.39140625 0.85859375 0.02265625 0.0234375
0 0.3703125 0.859375 0.0234375 0.02578125
0 0.35078125 0.84609375 0.01953125 0.025
0 0.33203125 0.85625 0.025 0.028125
0 0.4515625 0.83203125 0.021875 0.02734375
0 0.41328125 0.84453125 0.025 0.02578125
0 0.4015625 0.8203125 0.02265625 0.0265625
0 0.38125 0.8359375 0.021875 0.02578125
0 0.3625 0.82578125 0.021875 0.02578125
0 0.46171875 0.8046875 0.02421875 0.02734375
0 0.41796875 0.79296875 0.0265625 0.02734375
0 0.375 0.8078125 0.02421875 0.02890625
0 0.340625 0.81328125 0.02109375 0.02421875
0 0.4703125 0.77109375 0.02265625 0.0296875
0 0.434375 0.77890625 0.021875 0.03125
0 0.390625 0.77890625 0.0203125 0.028125
0 0.40625 0.7609375 0.021875 0.028125
0 0.35 0.796875 0.02109375 0.028125
0 0.3671875 0.78125 0.01875 0.025
0 0.359375 0.76015625 0.01875 0.02734375
0 0.3203125 0.80078125 0.02109375 0.0265625
0 0.30078125 0.7890625 0.01796875 0.025
0 0.3109375 0.76875 0.02265625 0.02734375
0 0.28515625 0.76796875 0.0203125 0.02734375
0 0.24765625 0.78359375 0.021875 0.02578125
0 0.23125 0.76171875 0.021875 0.0234375
0 0.228125 0.73203125 0.01875 0.02578125
0 0.21875 0.70703125 0.01875 0.02578125
0 0.23984375 0.69375 0.01875 0.02578125
0 0.25546875 0.67109375 0.0203125 0.025
0 0.23671875 0.6640625 0.01875 0.0234375
0 0.321875 0.6921875 0.021875 0.02578125
0 0.3765625 0.68671875 0.02109375 0.02734375
0 0.3421875 0.6859375 0.021875 0.025
0 0.3546875 0.67578125 0.02421875 0.02578125
0 0.3390625 0.65 0.02109375 0.028125
0 0.3203125 0.665625 0.021875 0.0265625
0 0.29765625 0.66953125 0.02578125 0.028125
0 0.28671875 0.65078125 0.021875 0.025
0 0.26640625 0.65390625 0.0203125 0.025
0 0.28125 0.625 0.0203125 0.02578125
0 0.25625 0.63203125 0.02109375 0.02578125
0 0.2640625 0.609375 0.0203125 0.0234375
0 0.24296875 0.60390625 0.021875 0.025
0 0.196875 0.6 0.021875 0.02421875
0 0.27421875 0.58828125 0.02109375 0.02578125
0 0.25546875 0.5859375 0.02109375 0.02421875
0 0.44921875 0.646875 0.02265625 0.028125
0 0.42421875 0.6453125 0.02578125 0.0296875
0 0.24921875 0.56171875 0.02109375 0.02265625
0 0.290625 0.56015625 0.0203125 0.0234375
0 0.271875 0.53984375 0.02265625 0.02578125
0 0.3109375 0.55546875 0.02109375 0.02578125
0 0.32734375 0.53671875 0.0265625 0.02578125
0 0.30859375 0.52109375 0.021875 0.0234375
0 0.2875 0.5140625 0.01953125 0.0234375
0 0.30234375 0.4984375 0.02109375 0.02578125
0 0.3515625 0.521875 0.025 0.0265625
0 0.3234375 0.5046875 0.0234375 0.0265625
0 0.32578125 0.475 0.0234375 0.02578125
0 0.29921875 0.47421875 0.0234375 0.02421875
0 0.41328125 0.55703125 0.02265625 0.02890625
0 0.3890625 0.54296875 0.0234375 0.025
0 0.3875 0.5171875 0.021875 0.025
0 0.42109375 0.5265625 0.02421875 0.02734375
0 0.40546875 0.503125 0.021875 0.0265625
0 0.4328125 0.50234375 0.02265625 0.02578125
0 0.46015625 0.50078125 0.02421875 0.0265625
0 0.44609375 0.48046875 0.02109375 0.0265625
0 0.46953125 0.4703125 0.02265625 0.0265625
0 0.42734375 0.46875 0.0234375 0.0234375
0 0.40703125 0.47734375 0.0234375 0.02578125
0 0.3828125 0.4765625 0.0234375 0.02578125
0 0.37265625 0.5 0.0234375 0.025
0 0.35234375 0.47734375 0.02109375 0.02421875
0 0.17109375 0.47890625 0.01875 0.0234375
0 0.196875 0.45859375 0.0234375 0.02109375
0 0.1890625 0.471875 0.01875 0.0203125
0 0.1609375 0.4609375 0.01875 0.0203125
0 0.18359375 0.43515625 0.0203125 0.0234375
0 0.1765625 0.41484375 0.01640625 0.02265625
0 0.2 0.4109375 0.02109375 0.02421875
0 0.2375 0.396875 0.02109375 0.02421875
0 0.21796875 0.38828125 0.01953125 0.025
0 0.2375 0.36640625 0.02109375 0.0234375
0 0.36171875 0.37265625 0.021875 0.02578125
0 0.32421875 0.3546875 0.02265625 0.02578125
0 0.30234375 0.3296875 0.021875 0.02578125
0 0.3015625 0.3046875 0.021875 0.02421875
0 0.3265625 0.309375 0.01875 0.02421875
0 0.3703125 0.3421875 0.0234375 0.025
0 0.35546875 0.32421875 0.0203125 0.0234375
0 0.35546875 0.3 0.021875 0.0265625
0 0.4265625 0.36640625 0.0234375 0.02890625
0 0.41328125 0.346875 0.02265625 0.02578125
0 0.3921875 0.3265625 0.0203125 0.02421875
0 0.3796875 0.3046875 0.02265625 0.02265625
0 0.40390625 0.303125 0.02265625 0.0265625
0 0.38046875 0.27890625 0.02265625 0.0234375
0 0.34921875 0.26640625 0.0203125 0.02578125
0 0.328125 0.284375 0.021875 0.02578125
0 0.32734375 0.25703125 0.02265625 0.02421875
0 0.3453125 0.23984375 0.0234375 0.0265625
0 0.40390625 0.2484375 0.02421875 0.0265625
0 0.40703125 0.27734375 0.0234375 0.02421875
0 0.365625 0.246875 0.0234375 0.0296875
0 0.35 0.21328125 0.021875 0.025
0 0.3265625 0.21640625 0.02265625 0.025
0 0.328125 0.18828125 0.01953125 0.025
0 0.3484375 0.1796875 0.0203125 0.0265625
0 0.3328125 0.1546875 0.021875 0.02578125
0 0.3625 0.1515625 0.021875 0.02421875
0 0.35 0.13125 0.02265625 0.0265625
0 0.41875 0.1328125 0.02265625 0.0265625
0 0.45078125 0.14375 0.02265625 0.028125
0 0.428125 0.175 0.02109375 0.02890625
0 0.40703125 0.16796875 0.02109375 0.0265625
0 0.38515625 0.1765625 0.01875 0.0234375
0 0.3875 0.20234375 0.01953125 0.025
0 0.4109375 0.22109375 0.01953125 0.02578125
0 0.4265625 0.32109375 0.02109375 0.025
0 0.4546875 0.34609375 0.02109375 0.02578125
0 0.49609375 0.3359375 0.02265625 0.02578125
0 0.48203125 0.3640625 0.021875 0.0265625
0 0.51640625 0.384375 0.02265625 0.028125
0 0.46953125 0.2734375 0.021875 0.02578125
0 0.49765625 0.27578125 0.021875 0.02578125
0 0.484375 0.2453125 0.02421875 0.0265625
0 0.515625 0.246875 0.025 0.028125
0 0.50546875 0.2125 0.0234375 0.03046875
0 0.49140625 0.1921875 0.025 0.0265625
0 0.4671875 0.184375 0.025 0.02578125
0 0.5859375 0.13828125 0.0265625 0.0296875
0 0.44765625 0.08046875 0.02265625 0.0296875
0 0.41015625 0.08671875 0.0234375 0.02578125
0 0.38125 0.090625 0.02734375 0.02578125