0 0.80546875 0.3421875 0.034375 0.034375
0 0.77421875 0.77109375 0.03125 0.0328125
0 0.734375 0.51484375 0.0296875 0.0296875
0 0.7671875 0.4015625 0.0328125 0.03125
0 0.6625 0.73203125 0.034375 0.034375
0 0.69140625 0.7125 0.03125 0.0328125
0 0.72265625 0.49296875 0.03125 0.03125
0 0.47578125 0.46640625 0.0296875 0.0296875
0 0.5046875 0.68671875 0.0296875 0.0296875
0 0.540625 0.7109375 0.0296875 0.03125
0 0.57109375 0.659375 0.0296875 0.0296875
0 0.45703125 0.1796875 0.0296875 0.0296875
0 0.5984375 0.6671875 0.0296875 0.0296875
0 0.54296875 0.1609375 0.0296875 0.0296875
0 0.76484375 0.2640625 0.0296875 0.0296875
0 0.578125 0.57734375 0.0328125 0.03125
0 0.4140625 0.6359375 0.0296875 0.03125
0 0.5375 0.528125 0.0296875 0.0296875
0 0.5234375 0.659375 0.028125 0.0296875
0 0.484375 0.55859375 0.0296875 0.0296875
0 0.8078125 0.7265625 0.03125 0.0328125
0 0.52890625 0.50625 0.03125 0.0296875
0 0.4546875 0.59609375 0.03125 0.03125
0 0.515625 0.56484375 0.03125 0.0328125
0 0.55390625 0.68984375 0.0296875 0.0296875
0 0.5125 0.4265625 0.0296875 0.0296875
0 0.45 0.6734375 0.0296875 0.0296875
0 0.5109375 0.6359375 0.0296875 0.0296875
0 0.5828125 0.22734375 0.0296875 0.0296875
0 0.53046875 0.6859375 0.028125 0.0296875
0 0.5046875 0.49921875 0.0296875 0.03125
0 0.45078125 0.41171875 0.0296875 0.0296875
0 0.475 0.6765625 0.0296875 0.0296875
0 0.4171875 0.3890625 0.0296875 0.0296875
0 0.66640625 0.70859375 0.0296875 0.03125
0 0.49921875 0.21640625 0.0296875 0.0296875
0 0.38203125 0.35 0.0296875 0.0296875
0 0.55390625 0.60859375 0.0296875 0.0296875
0 0.49453125 0.44765625 0.0296875 0.0296875
0 0.71484375 0.53359375 0.0296875 0.0296875
0 0.45859375 0.346875 0.0296875 0.0296875
0 0.35625 0.36796875 0.0296875 0.0296875
0 0.490625 0.10234375 0.0296875 0.0296875
0 0.7015625 0.68203125 0.03125 0.0328125
0 0.5484375 0.64765625 0.0296875 0.03125
0 0.43203125 0.346875 0.0296875 0.0296875
0 0.4078125 0.50390625 0.03125 0.0296875
0 0.53984375 0.1296875 0.0296875 0.0296875
0 0.60546875 0.2171875 0.0296875 0.0296875
0 0.8390625 0.6671875 0.0328125 0.0328125
0 0.534375 0.2390625 0.0296875 0.0296875
0 0.446875 0.3875 0.03125 0.0296875
0 0.47265625 0.41796875 0.0296875 0.0296875
0 0.775 0.73828125 0.03125 0.0328125
0 0.44453125 0.6984375 0.0296875 0.03125
0 0.46171875 0.75546875 0.03125 0.0328125
0 0.43046875 0.48984375 0.0296875 0.0296875
0 0.5765625 0.3265625 0.0296875 0.0296875
0 0.6390625 0.77109375 0.03125 0.0328125
0 0.43125 0.725 0.0296875 0.03125
0 0.64140625 0.7046875 0.0296875 0.03125
0 0.53203125 0.6203125 0.028125 0.0296875
0 0.51875 0.74140625 0.0359375 0.034375
0 0.44296875 0.2953125 0.028125 0.028125
0 0.4375 0.74921875 0.0296875 0.03125
0 0.51171875 0.47421875 0.0296875 0.0296875
0 0.57109375 0.71640625 0.034375 0.034375
0 0.4859375 0.75546875 0.03125 0.0328125
0 0.534375 0.4828125 0.0296875 0.0296875
0 0.4015625 0.5859375 0.0296875 0.0296875
0 0.36484375 0.334375 0.0296875 0.0296875
0 0.503125 0.7171875 0.03125 0.0296875
0 0.4015625 0.33046875 0.0296875 0.0296875
0 0.7140625 0.64765625 0.0328125 0.03125
0 0.421875 0.30625 0.0296875 0.0296875
0 0.434375 0.5828125 0.0296875 0.0296875
0 0.7 0.5015625 0.03125 0.0328125
0 0.4203125 0.45625 0.0296875 0.0296875
0 0.3796875 0.37578125 0.0296875 0.0296875
0 0.515625 0.259375 0.0296875 0.0296875
0 0.5828125 0.27109375 0.0296875 0.0296875
0 0.49765625 0.31328125 0.0296875 0.0296875
0 0.45390625 0.51796875 0.0328125 0.0328125
0 0.40859375 0.36640625 0.0296875 0.0296875
0 0.4828125 0.48984375 0.0296875 0.0296875
0 0.5375 0.26640625 0.0296875 0.0296875
0 0.490625 0.28984375 0.0296875 0.028125
0 0.5 0.7921875 0.0328125 0.0328125
0 0.525 0.4546875 0.0296875 0.0296875
0 0.44140625 0.32109375 0.0296875 0.0296875
0 0.396875 0.309375 0.0296875 0.028125
0 0.47734375 0.77890625 0.0296875 0.03125
0 0.3953125 0.69296875 0.0296875 0.03125
0 0.5109375 0.1140625 0.03125 0.0296875
0 0.4421875 0.2640625 0.028125 0.028125
0 0.6546875 0.675 0.0296875 0.0296875
0 0.55390625 0.3125 0.03125 0.0296875
0 0.6234375 0.3078125 0.0328125 0.0328125
0 0.31171875 0.175 0.03125 0.03125
0 0.534375 0.290625 0.0296875 0.0296875
0 0.69375 0.546875 0.03125 0.03125
0 0.60546875 0.24296875 0.0296875 0.0296875
0 0.39921875 0.284375 0.0296875 0.0296875
0 0.44609375 0.77421875 0.0296875 0.03125
0 0.53203125 0.21640625 0.0296875 0.0296875
0 0.62734375 0.63671875 0.0296875 0.0296875
0 0.5 0.66171875 0.0296875 0.0296875
0 0.60625 0.2921875 0.0296875 0.03125
0 0.746875 0.73359375 0.03125 0.0328125
0 0.55859375 0.79609375 0.03125 0.0328125
0 0.58984375 0.75859375 0.0296875 0.0296875
0 0.51328125 0.2828125 0.0296875 0.03125
0 0.67734375 0.6859375 0.0296875 0.03125
0 0.3265625 0.221875 0.0296875 0.0296875
0 0.4671875 0.4421875 0.0296875 0.0296875
0 0.69375 0.4609375 0.0328125 0.0328125
0 0.46328125 0.2546875 0.0296875 0.0296875
0 0.4859375 0.70234375 0.0296875 0.0296875
0 0.346875 0.2765625 0.0328125 0.03125
0 0.46640625 0.29296875 0.0296875 0.0296875
0 0.6234375 0.2015625 0.0328125 0.03125
0 0.6484375 0.28828125 0.0296875 0.0296875
0 0.56875 0.76796875 0.034375 0.034375
0 0.37421875 0.29609375 0.0296875 0.0296875
0 0.6046875 0.7796875 0.03125 0.0328125
0 0.44375 0.45234375 0.028125 0.0296875
0 0.50546875 0.61328125 0.028125 0.0296875
0 0.34296875 0.38828125 0.0296875 0.0296875
0 0.36640625 0.39375 0.0296875 0.0296875
0 0.6234375 0.2703125 0.0296875 0.028125
0 0.43203125 0.36796875 0.0296875 0.0296875
0 0.45390625 0.13515625 0.03125 0.0296875
0 0.4078125 0.26171875 0.0265625 0.0265625
0 0.62890625 0.68046875 0.03125 0.03125
0 0.42109375 0.41171875 0.0296875 0.0296875
0 0.58359375 0.79375 0.0296875 0.03125
0 0.59296875 0.95078125 0.03125 0.0328125
0 0.37890625 0.17578125 0.0296875 0.0296875
0 0.39609375 0.15625 0.0296875 0.0296875
0 0.3484375 0.22734375 0.0296875 0.0296875
0 0.6140625 0.7515625 0.0296875 0.0296875
0 0.49609375 0.4109375 0.0296875 0.028125
0 0.44296875 0.11015625 0.028125 0.0296875
0 0.46484375 0.3171875 0.0296875 0.0296875
0 0.42421875 0.28203125 0.03125 0.0296875
0 0.509375 0.2359375 0.028125 0.0265625
0 0.6015625 0.64453125 0.0359375 0.034375
0 0.75 0.91171875 0.03125 0.0328125
0 0.3484375 0.16484375 0.028125 0.028125
0 0.52109375 0.95390625 0.03125 0.0328125
0 0.38046875 0.11953125 0.0296875 0.0296875
0 0.66640625 0.77265625 0.03125 0.0359375
0 0.37109375 0.14296875 0.0296875 0.0296875
0 0.34375 0.25234375 0.028125 0.0296875
0 0.3234375 0.1546875 0.028125 0.0296875
0 0.3328125 0.184375 0.0296875 0.0296875
0 0.4953125 0.94609375 0.0296875 0.03125
0 0.40234375 0.12734375 0.0296875 0.0296875
0 0.47578125 0.9609375 0.0296875 0.03125
0 0.51015625 0.92578125 0.0296875 0.03125
0 0.46796875 0.93359375 0.03125 0.0328125