0 0.778125 0.278125 0.0390625 0.0359375
0 0.77890625 0.315625 0.0390625 0.0359375
0 0.7546875 0.3421875 0.0390625 0.0375
0 0.7359375 0.31484375 0.0375 0.0359375
0 0.74765625 0.28125 0.034375 0.034375
0 0.71796875 0.2671875 0.0359375 0.0359375
0 0.76953125 0.37265625 0.0375 0.0375
0 0.73515625 0.37578125 0.034375 0.0359375
0 0.71640625 0.3484375 0.034375 0.0359375
0 0.69609375 0.31171875 0.0359375 0.0359375
0 0.771875 0.415625 0.0390625 0.0359375
0 0.74296875 0.4453125 0.0390625 0.0359375
0 0.7359375 0.4125 0.0375 0.0359375
0 0.70859375 0.39375 0.0328125 0.0359375
0 0.6859375 0.3609375 0.0390625 0.0390625
0 0.675 0.4046875 0.0359375 0.0359375
0 0.65 0.384375 0.0359375 0.0359375
0 0.65 0.3515625 0.0359375 0.0359375
0 0.7609375 0.5625 0.0375 0.0390625
0 0.72421875 0.5265625 0.0421875 0.0453125
0 0.69375 0.49140625 0.0390625 0.0390625
0 0.696875 0.45546875 0.0359375 0.0390625
0 0.659375 0.45546875 0.0375 0.0359375
0 0.73671875 0.6265625 0.040625 0.0421875
0 0.7 0.584375 0.0375 0.0390625
0 0.671875 0.56328125 0.0359375 0.0390625
0 0.6375 0.55703125 0.0359375 0.0390625
0 0.65625 0.49765625 0.0359375 0.0375
0 0.62421875 0.4734375 0.0390625 0.0375
0 0.6765625 0.921875 0.0484375 0.04375
0 0.58984375 0.84921875 0.0453125 0.0453125
0 0.659375 0.66953125 0.04375 0.0390625
0 0.6109375 0.60546875 0.040625 0.0359375
0 0.60234375 0.5671875 0.0359375 0.0390625
0 0.6046875 0.5171875 0.0390625 0.0375
0 0.57578125 0.48125 0.040625 0.0375
0 0.571875 0.59609375 0.040625 0.040625
0 0.56875 0.54765625 0.0359375 0.0359375
0 0.54921875 0.5203125 0.0359375 0.0390625
0 0.54453125 0.4609375 0.0375 0.0375
0 0.51640625 0.49296875 0.0390625 0.0375
0 0.53359375 0.56328125 0.0421875 0.0359375
0 0.51328125 0.52734375 0.0390625 0.0375
0 0.4734375 0.51875 0.0390625 0.0390625
0 0.7796875 0.24296875 0.0375 0.0359375
0 0.73984375 0.22890625 0.040625 0.0359375
0 0.7390625 0.1921875 0.0390625 0.0375
0 0.77578125 0.16015625 0.0390625 0.0359375
0 0.70859375 0.20078125 0.0328125 0.0375
0 0.7234375 0.16015625 0.0390625 0.0359375
0 0.68671875 0.23046875 0.0359375 0.0328125
0 0.6734375 0.19375 0.0390625 0.0359375
0 0.66953125 0.1609375 0.0359375 0.0359375
0 0.68828125 0.128125 0.040625 0.0359375
0 0.6625 0.0859375 0.0421875 0.0390625
0 0.6078125 0.078125 0.0390625 0.0390625
0 0.646875 0.25390625 0.0390625 0.0390625
0 0.62734375 0.20625 0.0390625 0.0359375
0 0.62421875 0.1625 0.0390625 0.0375
0 0.6125 0.28046875 0.0390625 0.0359375
0 0.61328125 0.23828125 0.0390625 0.034375
0 0.590625 0.21328125 0.0359375 0.034375
0 0.58046875 0.18359375 0.04375 0.0359375
0 0.57421875 0.29453125 0.0390625 0.0375
0 0.5625 0.2609375 0.0390625 0.0375
0 0.55703125 0.22734375 0.0359375 0.0328125
0 0.54296875 0.1984375 0.034375 0.0375
0 0.57578125 0.32734375 0.0390625 0.0328125
0 0.53125 0.2484375 0.0359375 0.0359375
0 0.5171875 0.2171875 0.0390625 0.0359375
0 0.5453125 0.34296875 0.034375 0.0359375
0 0.5390625 0.30859375 0.0375 0.0328125
0 0.525 0.28046875 0.0390625 0.0328125
0 0.4984375 0.25390625 0.034375 0.0375
0 0.5125 0.3453125 0.0359375 0.034375
0 0.50546875 0.31328125 0.0359375 0.0359375
0 0.48125 0.28359375 0.0390625 0.034375
0 0.47890625 0.36171875 0.034375 0.034375
0 0.4796875 0.3296875 0.0359375 0.0359375
0 0.45078125 0.3046875 0.0421875 0.0375
0 0.45078125 0.375 0.0390625 0.0296875
0 0.4515625 0.34140625 0.0359375 0.034375
0 0.47578125 0.39453125 0.0390625 0.0359375
0 0.51640625 0.3828125 0.0390625 0.0359375
0 0.43828125 0.40703125 0.0390625 0.0390625
0 0.4171875 0.3484375 0.0421875 0.0359375
0 0.40546875 0.40625 0.0328125 0.0328125
0 0.39609375 0.37421875 0.0390625 0.0328125
0 0.4015625 0.32109375 0.0375 0.0390625
0 0.40078125 0.4390625 0.040625 0.0390625
0 0.36328125 0.35390625 0.040625 0.0390625
0 0.35859375 0.44140625 0.0390625 0.0328125
0 0.37421875 0.4109375 0.040625 0.0390625
0 0.37421875 0.4703125 0.040625 0.0375
0 0.4125 0.584375 0.0453125 0.0390625
0 0.30390625 0.44921875 0.0375 0.0359375
0 0.271875 0.4359375 0.040625 0.040625
0 0.128125 0.659375 0.0453125 0.0421875
0 0.08046875 0.659375 0.0421875 0.0421875