0 0.565625 0.72421875 0.01484375 0.01953125
0 0.565625 0.69765625 0.01328125 0.01640625
0 0.546875 0.68359375 0.01484375 0.015625
0 0.59375 0.70390625 0.0140625 0.01484375
0 0.575 0.709375 0.0140625 0.01640625
0 0.58203125 0.6953125 0.01171875 0.01796875
0 0.57265625 0.68125 0.01328125 0.015625
0 0.5578125 0.675 0.0125 0.0171875
0 0.58671875 0.67890625 0.0140625 0.015625
0 0.5796875 0.66484375 0.01484375 0.01640625
0 0.60078125 0.68359375 0.0125 0.0171875
0 0.60078125 0.6671875 0.01484375 0.0140625
0 0.59453125 0.65234375 0.015625 0.0140625
0 0.57578125 0.646875 0.01640625 0.01640625
0 0.56640625 0.659375 0.0125 0.01640625
0 0.6265625 0.6734375 0.0125 0.01640625
0 0.62421875 0.65390625 0.0140625 0.015625
0 0.62890625 0.63828125 0.0125 0.0140625
0 0.63671875 0.61640625 0.0125 0.0171875
0 0.61640625 0.62421875 0.0140625 0.01875
0 0.6046875 0.634375 0.015625 0.0171875
0 0.5984375 0.61484375 0.01328125 0.01640625
0 0.5859375 0.62578125 0.01484375 0.0171875
0 0.571875 0.6296875 0.01484375 0.01640625
0 0.56875 0.6171875 0.01640625 0.01640625
0 0.56015625 0.640625 0.0140625 0.01796875
0 0.55234375 0.65390625 0.0140625 0.0171875
0 0.5375 0.64765625 0.0140625 0.015625
0 0.525 0.6421875 0.0140625 0.01796875
0 0.53046875 0.6265625 0.01796875 0.01796875
0 0.5125 0.628125 0.015625 0.015625
0 0.4828125 0.64375 0.0171875 0.01640625
0 0.4703125 0.628125 0.01484375 0.01640625
0 0.46796875 0.60625 0.015625 0.01875
0 0.4625 0.58984375 0.01484375 0.01640625
0 0.4796875 0.5796875 0.0140625 0.01796875
0 0.4921875 0.56328125 0.0125 0.01640625
0 0.4765625 0.5578125 0.01484375 0.0171875
0 0.50234375 0.55 0.01640625 0.0171875
0 0.53125 0.5578125 0.01484375 0.015625
0 0.52265625 0.56328125 0.0140625 0.015625
0 0.5546875 0.546875 0.01484375 0.01875
0 0.540625 0.57578125 0.01640625 0.0171875
0 0.540625 0.55703125 0.01328125 0.01875
0 0.56640625 0.5625 0.01484375 0.01796875
0 0.55390625 0.56875 0.015625 0.0171875
0 0.57890625 0.5703125 0.01640625 0.0203125
0 0.61171875 0.54296875 0.01796875 0.01875
0 0.5171875 0.5484375 0.0140625 0.01640625
0 0.62578125 0.54453125 0.0171875 0.01796875
0 0.49453125 0.53515625 0.0171875 0.0171875
0 0.51171875 0.53046875 0.01640625 0.0171875
0 0.4984375 0.51875 0.01484375 0.01640625
0 0.484375 0.515625 0.01640625 0.0203125
0 0.44921875 0.509375 0.01796875 0.01953125
0 0.50859375 0.50546875 0.015625 0.01953125
0 0.4953125 0.50234375 0.01484375 0.01796875
0 0.4921875 0.4859375 0.0203125 0.01796875
0 0.52265625 0.48515625 0.015625 0.01875
0 0.509375 0.471875 0.0171875 0.0171875
0 0.53671875 0.484375 0.0171875 0.01796875
0 0.52109375 0.4546875 0.015625 0.01796875
0 0.54765625 0.471875 0.01796875 0.01796875
0 0.53515625 0.46015625 0.01640625 0.0171875
0 0.534375 0.4453125 0.01640625 0.01640625
0 0.53125 0.42890625 0.01796875 0.01953125
0 0.55 0.45234375 0.01640625 0.0171875
0 0.5671875 0.4640625 0.0171875 0.0171875
0 0.58984375 0.48046875 0.015625 0.01875
0 0.590625 0.46484375 0.01484375 0.0171875
0 0.58125 0.45234375 0.01640625 0.0171875
0 0.56875 0.43515625 0.0140625 0.01875
0 0.5515625 0.43203125 0.0171875 0.01796875
0 0.60703125 0.4890625 0.01484375 0.01796875
0 0.6125 0.47109375 0.01484375 0.01640625
0 0.603125 0.45546875 0.015625 0.015625
0 0.60390625 0.43984375 0.01328125 0.0171875
0 0.58828125 0.4390625 0.0140625 0.01875
0 0.61875 0.4578125 0.01484375 0.0203125
0 0.615625 0.43671875 0.01484375 0.01796875
0 0.63515625 0.45859375 0.01484375 0.0171875
0 0.6265625 0.44453125 0.015625 0.015625
0 0.63984375 0.44140625 0.0140625 0.01640625
0 0.45625 0.40703125 0.01484375 0.01796875
0 0.44296875 0.4140625 0.0140625 0.01796875
0 0.42890625 0.41875 0.0140625 0.015625
0 0.41953125 0.4046875 0.01328125 0.01640625
0 0.4421875 0.3875 0.01484375 0.01875
0 0.434375 0.3703125 0.01484375 0.01640625
0 0.45625 0.371875 0.0140625 0.01640625
0 0.4703125 0.35703125 0.0140625 0.01875
0 0.48671875 0.36640625 0.0140625 0.01640625
0 0.48671875 0.34609375 0.0140625 0.01640625
0 0.57890625 0.36953125 0.01328125 0.015625
0 0.553125 0.35234375 0.01328125 0.01796875
0 0.5390625 0.33203125 0.01328125 0.01796875
0 0.5390625 0.31484375 0.0140625 0.0171875
0 0.55703125 0.32421875 0.01328125 0.01796875
0 0.58359375 0.35 0.0140625 0.01640625
0 0.575 0.33828125 0.0140625 0.01484375
0 0.57734375 0.32109375 0.01171875 0.01640625
0 0.55859375 0.30625 0.0140625 0.0171875
0 0.55859375 0.28828125 0.0140625 0.0171875
0 0.5734375 0.30078125 0.0140625 0.01875
0 0.57265625 0.2828125 0.01328125 0.0171875
0 0.5578125 0.26171875 0.015625 0.0171875
0 0.66875 0.39453125 0.0140625 0.01484375
0 0.65 0.37890625 0.01171875 0.01484375
0 0.66015625 0.365625 0.0140625 0.015625
0 0.63515625 0.365625 0.0140625 0.01640625
0 0.621875 0.37578125 0.0140625 0.01796875
0 0.61171875 0.36015625 0.01328125 0.015625
0 0.61953125 0.34765625 0.0140625 0.015625
0 0.60078125 0.346875 0.01328125 0.0203125
0 0.5921875 0.3296875 0.0125 0.01640625
0 0.59296875 0.3125 0.01484375 0.01640625
0 0.60859375 0.2984375 0.0140625 0.01640625
0 0.60625 0.33125 0.0140625 0.01640625
0 0.609375 0.31640625 0.0140625 0.015625
0 0.61484375 0.28359375 0.01328125 0.0171875
0 0.60078125 0.26796875 0.0125 0.0125
0 0.6 0.2515625 0.0140625 0.01640625
0 0.62421875 0.26015625 0.01484375 0.0171875
0 0.6125 0.25 0.01328125 0.01875
0 0.6390625 0.2484375 0.01328125 0.0171875
0 0.61953125 0.23125 0.01328125 0.01796875
0 0.5859375 0.29140625 0.0125 0.01796875
0 0.646875 0.32578125 0.01328125 0.015625
0 0.65625 0.3125 0.01484375 0.01640625
0 0.671875 0.31875 0.01328125 0.015625
0 0.6609375 0.33203125 0.01171875 0.01640625
0 0.6671875 0.296875 0.01484375 0.0171875
0 0.66015625 0.2828125 0.01328125 0.015625
0 0.64765625 0.27421875 0.01328125 0.015625
0 0.70859375 0.271875 0.01328125 0.01796875
0 0.575 0.265625 0.01640625 0.01640625
0 0.5765625 0.24296875 0.0140625 0.0171875
0 0.56171875 0.24375 0.0171875 0.01484375
0 0.565625 0.22265625 0.0140625 0.0171875
0 0.5859375 0.22890625 0.01484375 0.015625
0 0.57734375 0.2125 0.0140625 0.0171875
0 0.5984375 0.19609375 0.0171875 0.01796875
0 0.63828125 0.2078125 0.015625 0.015625
0 0.61640625 0.20078125 0.01328125 0.015625