0 0.8765625 0.4234375 0.0390625 0.0359375
0 0.79765625 0.621875 0.0328125 0.0328125
0 0.81328125 0.40703125 0.034375 0.0328125
0 0.82578125 0.365625 0.034375 0.034375
0 0.6953125 0.52109375 0.03125 0.03125
0 0.7015625 0.58203125 0.03125 0.03125
0 0.64765625 0.50078125 0.03125 0.03125
0 0.75390625 0.4453125 0.034375 0.0328125
0 0.840625 0.3953125 0.0375 0.0359375
0 0.68984375 0.60625 0.0296875 0.028125
0 0.6578125 0.58046875 0.03125 0.0328125
0 0.58515625 0.5796875 0.03125 0.0296875
0 0.74453125 0.47109375 0.0328125 0.03125
0 0.68046875 0.54453125 0.03125 0.03125
0 0.54453125 0.52265625 0.03125 0.03125
0 0.58984375 0.5453125 0.03125 0.03125
0 0.77265625 0.396875 0.034375 0.0328125
0 0.50390625 0.55625 0.0296875 0.0296875
0 0.72578125 0.44609375 0.034375 0.0328125
0 0.60078125 0.50078125 0.03125 0.03125
0 0.534375 0.54609375 0.03125 0.028125
0 0.75 0.4171875 0.0328125 0.0296875
0 0.528125 0.56953125 0.028125 0.028125
0 0.61875 0.565625 0.03125 0.03125
0 0.79765625 0.38515625 0.034375 0.0328125
0 0.8109375 0.4421875 0.034375 0.034375
0 0.63671875 0.59765625 0.03125 0.03125
0 0.56171875 0.57734375 0.0296875 0.0296875
0 0.69140625 0.434375 0.03125 0.0296875
0 0.71953125 0.41875 0.034375 0.0328125
0 0.57890625 0.515625 0.03125 0.028125
0 0.7953125 0.3515625 0.0328125 0.03125
0 0.496875 0.58203125 0.028125 0.028125
0 0.46484375 0.5421875 0.028125 0.028125
0 0.54140625 0.5921875 0.028125 0.028125
0 0.75546875 0.37578125 0.034375 0.0328125
0 0.478125 0.56015625 0.028125 0.028125
0 0.52265625 0.51171875 0.03125 0.028125
0 0.6796875 0.4109375 0.03125 0.03125
0 0.80546875 0.471875 0.0359375 0.0359375
0 0.5171875 0.59453125 0.028125 0.028125
0 0.7015625 0.459375 0.03125 0.03125
0 0.73515625 0.3953125 0.03125 0.0296875
0 0.471875 0.58828125 0.028125 0.028125
0 0.4984375 0.515625 0.03125 0.028125
0 0.47265625 0.51875 0.028125 0.028125
0 0.6625 0.62265625 0.0328125 0.034375
0 0.58828125 0.60703125 0.03125 0.03125
0 0.4546875 0.56640625 0.028125 0.028125
0 0.54921875 0.4984375 0.0296875 0.028125
0 0.41796875 0.58828125 0.03125 0.028125
0 0.43203125 0.5703125 0.028125 0.028125
0 0.78125 0.45703125 0.034375 0.0328125
0 0.78203125 0.42578125 0.0359375 0.0359375
0 0.40078125 0.603125 0.028125 0.028125
0 0.3078125 0.671875 0.028125 0.028125
0 0.346875 0.6484375 0.028125 0.028125
0 0.4046875 0.56875 0.028125 0.028125
0 0.62734375 0.46875 0.0328125 0.034375
0 0.28828125 0.63125 0.025 0.0265625
0 0.27421875 0.64765625 0.0265625 0.025
0 0.35390625 0.62578125 0.0265625 0.028125
0 0.34765625 0.58359375 0.028125 0.028125
0 0.56171875 0.6046875 0.03125 0.0296875
0 0.51328125 0.534375 0.0296875 0.028125
0 0.51171875 0.61875 0.0296875 0.028125
0 0.14296875 0.71484375 0.025 0.025
0 0.26875 0.6921875 0.028125 0.028125
0 0.7703125 0.48359375 0.0359375 0.034375
0 0.41953125 0.55 0.028125 0.028125
0 0.4609375 0.61015625 0.028125 0.028125
0 0.56015625 0.55234375 0.0296875 0.028125
0 0.446875 0.59140625 0.028125 0.028125
0 0.33046875 0.63125 0.028125 0.028125
0 0.321875 0.6921875 0.028125 0.028125
0 0.2375 0.678125 0.025 0.0265625
0 0.36484375 0.6640625 0.028125 0.028125
0 0.3890625 0.659375 0.028125 0.028125
0 0.29375 0.65390625 0.0265625 0.0265625
0 0.371875 0.6421875 0.028125 0.028125
0 0.50078125 0.490625 0.0296875 0.0296875
0 0.3875 0.58203125 0.028125 0.028125
0 0.23046875 0.70234375 0.025 0.028125
0 0.303125 0.71171875 0.028125 0.028125
0 0.4046875 0.628125 0.03125 0.028125
0 0.4515625 0.50078125 0.028125 0.028125
0 0.33515625 0.675 0.028125 0.028125
0 0.29140625 0.68984375 0.0265625 0.028125
0 0.16875 0.70078125 0.025 0.0265625
0 0.48828125 0.5390625 0.028125 0.028125
0 0.609375 0.590625 0.028125 0.028125
0 0.2296875 0.740625 0.025 0.028125
0 0.34453125 0.56015625 0.028125 0.028125
0 0.71875 0.48203125 0.03125 0.03125
0 0.32578125 0.71640625 0.028125 0.028125
0 0.21796875 0.6609375 0.025 0.0265625
0 0.33828125 0.60859375 0.025 0.025
0 0.4453125 0.52421875 0.028125 0.028125
0 0.47734375 0.49453125 0.0296875 0.028125
0 0.59140625 0.471875 0.0296875 0.03125
0 0.328125 0.57265625 0.0265625 0.028125
0 0.36875 0.596875 0.028125 0.028125
0 0.1640625 0.721875 0.025 0.025
0 0.2484375 0.69765625 0.028125 0.028125
0 0.4203125 0.52578125 0.028125 0.028125
0 0.1984375 0.675 0.025 0.025
0 0.32578125 0.653125 0.025 0.025
0 0.309375 0.6359375 0.0265625 0.0265625
0 0.159375 0.6796875 0.025 0.0265625
0 0.2453125 0.75703125 0.0265625 0.028125
0 0.36640625 0.57265625 0.025 0.028125
0 0.2015625 0.73125 0.025 0.025
0 0.28359375 0.71015625 0.025 0.0265625
0 0.16796875 0.74375 0.025 0.0265625
0 0.1796875 0.6640625 0.025 0.0265625
0 0.21953125 0.71953125 0.0265625 0.028125
0 0.43984375 0.54765625 0.0296875 0.028125
0 0.2171875 0.6125 0.025 0.0265625
0 0.23125 0.64453125 0.025 0.0265625
0 0.19765625 0.75234375 0.025 0.0265625
0 0.29609375 0.60234375 0.025 0.0265625
0 0.18203125 0.6875 0.0265625 0.025
0 0.240625 0.6234375 0.025 0.0265625
0 0.2125 0.634375 0.0265625 0.0265625
0 0.3890625 0.546875 0.0296875 0.028125
0 0.26171875 0.62734375 0.025 0.0265625
0 0.26328125 0.7171875 0.0265625 0.0265625
0 0.18984375 0.71328125 0.025 0.0234375
0 0.20546875 0.69765625 0.025 0.025
0 0.27734375 0.61015625 0.025 0.0265625
0 0.18203125 0.73203125 0.025 0.025
0 0.21796875 0.68359375 0.025 0.025
0 0.321875 0.5921875 0.0265625 0.0265625
0 0.17890625 0.6421875 0.028125 0.0265625
0 0.25703125 0.6703125 0.0265625 0.028125
0 0.38125 0.61796875 0.025 0.0265625
0 0.24453125 0.72578125 0.0265625 0.028125
0 0.25078125 0.6484375 0.025 0.028125
0 0.27890625 0.67109375 0.0265625 0.025
0 0.271875 0.740625 0.028125 0.028125
0 0.43203125 0.6109375 0.0265625 0.028125
0 0.1984375 0.65234375 0.0265625 0.025
0 0.315625 0.61328125 0.025 0.025
0 0.484375 0.61015625 0.0296875 0.03125