0 0.675 0.35625 0.03046875 0.028125
0 0.80078125 0.303125 0.03203125 0.02734375
0 0.678125 0.2609375 0.03046875 0.02578125
0 0.6921875 0.33203125 0.03125 0.02734375
0 0.6609375 0.38359375 0.03203125 0.028125
0 0.7609375 0.33984375 0.03125 0.02734375
0 0.64921875 0.40703125 0.03203125 0.02890625
0 0.71640625 0.31171875 0.03046875 0.028125
0 0.709375 0.25859375 0.03125 0.02734375
0 0.82734375 0.27578125 0.03125 0.028125
0 0.7375 0.259375 0.0296875 0.025
0 0.784375 0.275 0.03125 0.02578125
0 0.70703125 0.359375 0.03125 0.02890625
0 0.77578125 0.31640625 0.03125 0.028125
0 0.73671875 0.40859375 0.0328125 0.0296875
0 0.840625 0.246875 0.03046875 0.0265625
0 0.73984375 0.21015625 0.03046875 0.02578125
0 0.62421875 0.46015625 0.0328125 0.03046875
0 0.72265625 0.38359375 0.03125 0.028125
0 0.6921875 0.38359375 0.03125 0.0296875
0 0.803125 0.33203125 0.03203125 0.02890625
0 0.8328125 0.303125 0.03125 0.02734375
0 0.70625 0.4265625 0.0328125 0.03046875
0 0.7453125 0.30625 0.03046875 0.02734375
0 0.73671875 0.36171875 0.03125 0.0265625
0 0.7828125 0.38984375 0.0328125 0.0296875
0 0.68671875 0.47421875 0.0328125 0.03046875
0 0.590625 0.34375 0.0328125 0.02890625
0 0.7859375 0.1890625 0.03046875 0.02578125
0 0.6484375 0.2578125 0.03046875 0.02578125
0 0.7609375 0.17421875 0.03125 0.02421875
0 0.7203125 0.2375 0.0296875 0.02578125
0 0.68828125 0.234375 0.03125 0.02578125
0 0.62890625 0.37578125 0.03203125 0.028125
0 0.61796875 0.40234375 0.03203125 0.02890625
0 0.77265625 0.3640625 0.0328125 0.02734375
0 0.68046875 0.19375 0.0296875 0.025
0 0.7546875 0.2796875 0.03046875 0.02734375
0 0.7921875 0.240625 0.03046875 0.025
0 0.77109375 0.2109375 0.0296875 0.02421875
0 0.80234375 0.36484375 0.03125 0.02734375
0 0.8328125 0.33125 0.03203125 0.028125
0 0.653125 0.48671875 0.0328125 0.03125
0 0.7125 0.215625 0.0296875 0.025
0 0.5921875 0.43125 0.034375 0.03125
0 0.6640625 0.17578125 0.02890625 0.025
0 0.61484375 0.228125 0.0296875 0.02734375
0 0.6265625 0.4296875 0.0328125 0.03125
0 0.7 0.175 0.0296875 0.025
0 0.8703125 0.2890625 0.03203125 0.02734375
0 0.76484375 0.253125 0.0296875 0.02421875
0 0.86796875 0.31875 0.03203125 0.02734375
0 0.634375 0.284375 0.03046875 0.028125
0 0.65546875 0.234375 0.0296875 0.02578125
0 0.60859375 0.32265625 0.03125 0.02734375
0 0.8625 0.2640625 0.03125 0.0265625
0 0.56953125 0.321875 0.0328125 0.028125
0 0.81171875 0.209375 0.0296875 0.02578125
0 0.77265625 0.4171875 0.034375 0.03125
0 0.675 0.50859375 0.034375 0.03203125
0 0.64375 0.20234375 0.028125 0.02421875
0 0.68046875 0.40703125 0.03203125 0.02890625
0 0.5796875 0.40234375 0.034375 0.03046875
0 0.66875 0.215625 0.02890625 0.0234375
0 0.8421875 0.22265625 0.0296875 0.025
0 0.596875 0.5390625 0.034375 0.03203125
0 0.7453125 0.1546875 0.0296875 0.0234375
0 0.5625 0.3765625 0.03203125 0.02890625
0 0.628125 0.55390625 0.03515625 0.03359375
0 0.65703125 0.459375 0.0328125 0.03046875
0 0.6921875 0.2921875 0.0296875 0.0296875
0 0.6671875 0.43046875 0.0328125 0.0296875
0 0.815625 0.1796875 0.03046875 0.0265625
0 0.6453125 0.3359375 0.03203125 0.028125
0 0.56875 0.565625 0.03359375 0.0328125
0 0.71171875 0.1484375 0.03046875 0.0234375
0 0.5609375 0.346875 0.0328125 0.028125
0 0.83125 0.38046875 0.03203125 0.02890625
0 0.728125 0.33671875 0.03125 0.02734375
0 0.5625 0.45078125 0.0328125 0.03046875
0 0.50625 0.45546875 0.034375 0.03203125
0 0.721875 0.28203125 0.03125 0.02734375
0 0.646875 0.15703125 0.02890625 0.02578125
0 0.63046875 0.5203125 0.034375 0.03359375
0 0.65859375 0.540625 0.034375 0.03203125
0 0.49921875 0.5265625 0.0359375 0.0328125
0 0.621875 0.48828125 0.03515625 0.03359375
0 0.671875 0.3109375 0.0328125 0.02890625
0 0.603125 0.5734375 0.03359375 0.0328125
0 0.7171875 0.48515625 0.03359375 0.03359375
0 0.53203125 0.57421875 0.03515625 0.034375
0 0.50859375 0.49375 0.03515625 0.03203125
0 0.5765625 0.2953125 0.03125 0.0265625
0 0.6203125 0.34921875 0.03125 0.028125
0 0.76015625 0.1265625 0.03125 0.02421875
0 0.61953125 0.2640625 0.03046875 0.02578125
0 0.5828125 0.509375 0.03359375 0.0328125
0 0.60625 0.2953125 0.03125 0.02734375
0 0.5375 0.4671875 0.03359375 0.03203125
0 0.51015625 0.4140625 0.0359375 0.03125
0 0.69609375 0.5359375 0.03515625 0.034375
0 0.76875 0.10625 0.02734375 0.02265625
0 0.71796875 0.19375 0.0296875 0.0234375
0 0.6359375 0.59453125 0.03515625 0.03515625
0 0.74140625 0.11015625 0.02734375 0.02421875
0 0.53359375 0.43828125 0.03359375 0.03125
0 0.63359375 0.3109375 0.03125 0.02734375
0 0.86796875 0.346875 0.03515625 0.02890625
0 0.55625 0.53515625 0.03359375 0.0328125
0 0.5953125 0.24765625 0.03046875 0.02578125
0 0.83828125 0.14140625 0.02734375 0.02734375
0 0.79609375 0.1359375 0.02734375 0.0234375
0 0.88203125 0.23046875 0.0296875 0.02734375
0 0.53828125 0.5078125 0.0375 0.03515625
0 0.58046875 0.27109375 0.03046875 0.02578125
0 0.56953125 0.596875 0.0375 0.03515625
0 0.784375 0.4546875 0.0359375 0.03359375
0 0.625 0.140625 0.028125 0.025
0 0.54765625 0.4125 0.034375 0.0296875
0 0.6609375 0.5734375 0.03515625 0.03359375
0 0.665625 0.28125 0.02890625 0.02578125
0 0.6 0.61640625 0.03515625 0.0359375
0 0.53984375 0.6203125 0.03515625 0.03515625
0 0.56875 0.48203125 0.03515625 0.03125
0 0.52890625 0.38984375 0.034375 0.02890625
0 0.50859375 0.6046875 0.03515625 0.0359375
0 0.9078125 0.30546875 0.03203125 0.03125
0 0.59453125 0.465625 0.03359375 0.03046875
0 0.61484375 0.20390625 0.02890625 0.02421875
0 0.8671875 0.15234375 0.028125 0.02578125
0 0.80390625 0.0984375 0.02734375 0.02265625
0 0.528125 0.5421875 0.034375 0.0328125
0 0.746875 0.4390625 0.034375 0.03125
0 0.471875 0.59453125 0.034375 0.034375
0 0.59296875 0.3765625 0.0328125 0.03046875
0 0.75 0.07109375 0.0265625 0.02734375
0 0.84765625 0.46640625 0.03984375 0.0328125
0 0.55859375 0.66328125 0.0359375 0.0359375
0 0.075 0.4671875 0.03515625 0.03203125
0 0.07890625 0.4375 0.03515625 0.03203125
0 0.87265625 0.059375 0.028125 0.02421875
0 0.98359375 0.36015625 0.0328125 0.03203125