0 0.3140625 0.96796875 0.0359375 0.0359375
0 0.46953125 0.97421875 0.0359375 0.0390625
0 0.54140625 0.96640625 0.0359375 0.0359375
0 0.54140625 0.93515625 0.034375 0.0328125
0 0.56640625 0.94921875 0.0328125 0.034375
0 0.59296875 0.96328125 0.0359375 0.0328125
0 0.58984375 0.9328125 0.0328125 0.0359375
0 0.2546875 0.6015625 0.028125 0.03125
0 0.23125 0.59609375 0.0265625 0.03125
0 0.2109375 0.58515625 0.028125 0.028125
0 0.2125 0.55859375 0.025 0.03125
0 0.23515625 0.56171875 0.028125 0.03125
0 0.23125 0.5171875 0.0296875 0.0375
0 0.1515625 0.48671875 0.0328125 0.0375
0 0.10546875 0.44375 0.034375 0.0390625
0 0.1171875 0.3578125 0.0296875 0.034375
0 0.2921875 0.3484375 0.0296875 0.03125
0 0.30703125 0.32578125 0.028125 0.028125
0 0.21640625 0.33984375 0.028125 0.03125
0 0.24375 0.35 0.028125 0.0296875
0 0.23359375 0.31484375 0.028125 0.03125
0 0.2546875 0.3265625 0.028125 0.03125
0 0.26875 0.29765625 0.0265625 0.028125
0 0.24140625 0.28125 0.028125 0.028125
0 0.2328125 0.25625 0.025 0.028125
0 0.25625 0.2546875 0.0296875 0.0296875
0 0.2125 0.24765625 0.028125 0.028125
0 0.16875 0.75390625 0.03125 0.03125
0 0.209375 0.803125 0.0328125 0.0359375
0 0.25 0.8375 0.0296875 0.034375
0 0.24140625 0.8078125 0.03125 0.034375
0 0.26328125 0.79609375 0.0296875 0.034375
0 0.428125 0.815625 0.03125 0.03125
0 0.434375 0.784375 0.0359375 0.0359375
0 0.4546875 0.81015625 0.0296875 0.034375
0 0.40546875 0.8078125 0.028125 0.0296875
0 0.4109375 0.78046875 0.0265625 0.03125
0 0.346875 0.8140625 0.0328125 0.034375
0 0.37109375 0.80546875 0.028125 0.0328125
0 0.3875 0.78125 0.025 0.03125
0 0.33828125 0.7734375 0.03125 0.0328125
0 0.3046875 0.7609375 0.025 0.03125
0 0.26640625 0.70546875 0.03125 0.03125
0 0.2859375 0.734375 0.028125 0.0328125
0 0.309375 0.73125 0.028125 0.03125
0 0.3265625 0.7515625 0.0265625 0.028125
0 0.34765625 0.740625 0.028125 0.03125
0 0.3265625 0.71484375 0.0265625 0.0296875
0 0.35078125 0.7140625 0.0328125 0.03125
0 0.41640625 0.734375 0.0359375 0.0328125
0 0.44453125 0.71953125 0.03125 0.0328125
0 0.4234375 0.70234375 0.028125 0.03125
0 0.51171875 0.79140625 0.028125 0.03125
0 0.5296875 0.771875 0.028125 0.03125
0 0.55859375 0.75859375 0.03125 0.03125
0 0.51015625 0.7515625 0.0296875 0.034375
0 0.5359375 0.74296875 0.03125 0.03125
0 0.47734375 0.7453125 0.034375 0.0296875
0 0.48359375 0.71875 0.03125 0.028125
0 0.44609375 0.69140625 0.028125 0.0296875
0 0.47109375 0.68515625 0.028125 0.028125
0 0.4953125 0.69375 0.03125 0.03125
0 0.56171875 0.72890625 0.03125 0.03125
0 0.53515625 0.67890625 0.03125 0.03125
0 0.56015625 0.70234375 0.03125 0.03125
0 0.58515625 0.65703125 0.0328125 0.034375
0 0.33828125 0.67109375 0.0296875 0.03125
0 0.37578125 0.69375 0.03125 0.028125
0 0.365625 0.67109375 0.034375 0.0328125
0 0.3984375 0.67578125 0.028125 0.03125
0 0.41796875 0.6578125 0.0296875 0.03125
0 0.44375 0.66328125 0.0265625 0.0296875
0 0.45 0.6359375 0.0296875 0.03125
0 0.46796875 0.65859375 0.03125 0.03125
0 0.496875 0.665625 0.03125 0.03125
0 0.5203125 0.6546875 0.0296875 0.034375
0 0.5453125 0.60390625 0.0328125 0.034375
0 0.36875 0.59765625 0.03125 0.03125
0 0.39921875 0.62109375 0.0296875 0.0296875
0 0.425 0.62421875 0.028125 0.028125
0 0.44765625 0.6109375 0.03125 0.028125
0 0.421875 0.56328125 0.028125 0.0328125
0 0.45 0.546875 0.0296875 0.03125
0 0.4921875 0.57421875 0.0296875 0.03125
0 0.50703125 0.5546875 0.0296875 0.0296875
0 0.54296875 0.54609375 0.0296875 0.0328125
0 0.50859375 0.4625 0.03125 0.03125
0 0.46640625 0.496875 0.0296875 0.0328125
0 0.48125 0.45703125 0.028125 0.0296875
0 0.390625 0.53515625 0.028125 0.028125
0 0.396875 0.46953125 0.028125 0.0296875
0 0.390625 0.509375 0.028125 0.0296875
0 0.37734375 0.4890625 0.028125 0.028125
0 0.41015625 0.4921875 0.028125 0.025
0 0.42890625 0.475 0.0296875 0.028125
0 0.4296875 0.45078125 0.03125 0.028125
0 0.45546875 0.42421875 0.028125 0.028125
0 0.48125 0.41953125 0.028125 0.0296875
0 0.42890625 0.42265625 0.028125 0.028125
0 0.4046875 0.4390625 0.028125 0.03125
0 0.378125 0.45625 0.028125 0.0296875
0 0.38203125 0.42421875 0.028125 0.03125
0 0.39140625 0.4015625 0.0265625 0.028125
0 0.41640625 0.4 0.028125 0.028125
0 0.43515625 0.38671875 0.0296875 0.03125
0 0.465625 0.375 0.03125 0.03125
0 0.5375 0.31640625 0.03125 0.0296875
0 0.51484375 0.30234375 0.03125 0.03125
0 0.51484375 0.33359375 0.028125 0.03125
0 0.49453125 0.31953125 0.0296875 0.0296875
0 0.46015625 0.3484375 0.03125 0.028125
0 0.43125 0.36015625 0.03125 0.0296875
0 0.4390625 0.33671875 0.028125 0.028125
0 0.40625 0.32265625 0.0296875 0.03125
0 0.43125 0.31171875 0.0296875 0.028125
0 0.4640625 0.321875 0.0296875 0.0296875
0 0.48203125 0.2953125 0.03125 0.034375
0 0.49609375 0.26953125 0.03125 0.03125
0 0.45625 0.28359375 0.0296875 0.03125
0 0.45390625 0.2578125 0.028125 0.028125
0 0.4140625 0.290625 0.028125 0.03125
0 0.428125 0.265625 0.028125 0.028125
0 0.359375 0.30546875 0.0296875 0.028125
0 0.38984375 0.29765625 0.028125 0.0296875
0 0.4046875 0.26484375 0.025 0.028125
0 0.38203125 0.271875 0.025 0.03125
0 0.325 0.25859375 0.0296875 0.028125
0 0.33359375 0.2828125 0.03125 0.0296875
0 0.35859375 0.2796875 0.0296875 0.0328125
0 0.31640625 0.29765625 0.028125 0.028125
0 0.30703125 0.27421875 0.028125 0.0296875
0 0.3015625 0.24765625 0.025 0.028125
0 0.29609375 0.2234375 0.025 0.03125
0 0.32265625 0.234375 0.028125 0.028125
0 0.3265625 0.21015625 0.028125 0.0296875
0 0.37109375 0.23125 0.0296875 0.03125
0 0.39453125 0.2328125 0.028125 0.03125
0 0.41796875 0.24140625 0.03125 0.03125
0 0.44453125 0.234375 0.0296875 0.03125
0 0.47109375 0.23515625 0.0328125 0.034375
0 0.4296875 0.21640625 0.028125 0.03125
0 0.49609375 0.20234375 0.0328125 0.03125
0 0.4890625 0.1765625 0.03125 0.0328125
0 0.47421875 0.15390625 0.03125 0.0296875
0 0.496875 0.1375 0.0328125 0.03125
0 0.35546875 0.1546875 0.03125 0.03125
0 0.27109375 0.175 0.03125 0.03125
0 0.265625 0.14453125 0.028125 0.0296875
0 0.2859375 0.11640625 0.03125 0.0296875
0 0.30078125 0.09375 0.034375 0.0328125
0 0.4953125 0.0828125 0.0328125 0.0296875
0 0.47734375 0.06640625 0.0328125 0.03125
0 0.4765625 0.1 0.03125 0.03125
0 0.42890625 0.11484375 0.03125 0.0328125
0 0.45546875 0.0875 0.03125 0.03125
0 0.40625 0.1046875 0.028125 0.03125
0 0.34609375 0.11015625 0.034375 0.0328125
0 0.34609375 0.08046875 0.03125 0.0328125
0 0.42578125 0.07890625 0.03125 0.0296875
0 0.38984375 0.07734375 0.028125 0.028125
0 0.409375 0.0609375 0.028125 0.03125