0 0.1875 0.31015625 0.03359375 0.034375
0 0.18125 0.28046875 0.034375 0.02890625
0 0.703125 0.87734375 0.03515625 0.03671875
0 0.6921875 0.796875 0.0328125 0.0359375
0 0.67890625 0.76875 0.0375 0.03125
0 0.68828125 0.73984375 0.03359375 0.03515625
0 0.65390625 0.7265625 0.03515625 0.0359375
0 0.6734375 0.7015625 0.0359375 0.0390625
0 0.6375 0.69296875 0.03125 0.03515625
0 0.6328125 0.6578125 0.0328125 0.03671875
0 0.6171875 0.63125 0.0328125 0.0375
0 0.53515625 0.57578125 0.03046875 0.034375
0 0.64609375 0.6171875 0.0296875 0.0328125
0 0.62578125 0.5953125 0.03046875 0.03515625
0 0.40625 0.67578125 0.03515625 0.03828125
0 0.659375 0.584375 0.03515625 0.03515625
0 0.63671875 0.559375 0.03515625 0.03515625
0 0.48046875 0.4953125 0.03359375 0.034375
0 0.378125 0.54375 0.03125 0.034375
0 0.38828125 0.5140625 0.034375 0.034375
0 0.45625 0.471875 0.0296875 0.03046875
0 0.41796875 0.4953125 0.03359375 0.03359375
0 0.38828125 0.4828125 0.03359375 0.03515625
0 0.37109375 0.45859375 0.03046875 0.03125
0 0.428125 0.465625 0.03203125 0.03203125
0 0.4 0.45546875 0.0328125 0.03359375
0 0.3546875 0.43671875 0.03359375 0.0328125
0 0.32578125 0.42109375 0.0375 0.03828125
0 0.4375 0.4359375 0.03203125 0.0359375
0 0.40546875 0.42890625 0.03515625 0.0375
0 0.46484375 0.42265625 0.03125 0.034375
0 0.440625 0.40703125 0.034375 0.0359375
0 0.3765625 0.38515625 0.03359375 0.034375
0 0.46640625 0.3875 0.03359375 0.0359375
0 0.43828125 0.3765625 0.03359375 0.034375
0 0.3796875 0.34921875 0.03671875 0.0359375
0 0.453125 0.353125 0.03359375 0.034375
0 0.421875 0.34296875 0.034375 0.034375
0 0.38984375 0.31796875 0.0359375 0.03359375
0 0.43515625 0.31640625 0.0359375 0.0328125
0 0.3765625 0.290625 0.03359375 0.03359375
0 0.54453125 0.2265625 0.0359375 0.0359375
0 0.621875 0.421875 0.0359375 0.0375
0 0.6359375 0.39453125 0.03359375 0.03984375