0 0.33828125 0.128125 0.0203125 0.0203125
0 0.35390625 0.12734375 0.025 0.0203125
0 0.4609375 0.07265625 0.01875 0.01875
0 0.45703125 0.12890625 0.021875 0.0203125
0 0.50390625 0.1328125 0.021875 0.0203125
0 0.53671875 0.178125 0.021875 0.0203125
0 0.565625 0.19296875 0.025 0.0203125
0 0.68046875 0.19453125 0.0234375 0.0234375
0 0.70390625 0.19296875 0.021875 0.0203125
0 0.7 0.215625 0.021875 0.0203125
0 0.66796875 0.24375 0.021875 0.0203125
0 0.67890625 0.26953125 0.0234375 0.0203125
0 0.703125 0.284375 0.0234375 0.0203125
0 0.68046875 0.2828125 0.021875 0.01875
0 0.6265625 0.30859375 0.0234375 0.0203125
0 0.6125 0.31328125 0.021875 0.0203125
0 0.59921875 0.32421875 0.0234375 0.0234375
0 0.53671875 0.27734375 0.025 0.0203125
0 0.55859375 0.28828125 0.0234375 0.0234375
0 0.52265625 0.3015625 0.025 0.0203125
0 0.50859375 0.31328125 0.0234375 0.0203125
0 0.50546875 0.3296875 0.0265625 0.0234375
0 0.4171875 0.22109375 0.025 0.0203125
0 0.41875 0.23828125 0.025 0.0203125
0 0.41015625 0.2546875 0.025 0.021875
0 0.34609375 0.22734375 0.025 0.0234375
0 0.39453125 0.259375 0.0234375 0.0203125
0 0.3203125 0.27890625 0.0234375 0.021875
0 0.340625 0.2765625 0.0265625 0.0234375
0 0.42109375 0.31328125 0.0265625 0.0234375
0 0.37421875 0.31640625 0.0234375 0.025
0 0.57578125 0.3703125 0.025 0.0234375
0 0.56015625 0.38671875 0.025 0.0234375
0 0.62265625 0.4234375 0.025 0.0234375
0 0.6921875 0.44140625 0.0265625 0.0234375
0 0.71640625 0.44609375 0.025 0.021875
0 0.7203125 0.4625 0.025 0.021875
0 0.73359375 0.47734375 0.025 0.021875
0 0.71328125 0.4828125 0.0265625 0.0234375
0 0.2921875 0.303125 0.0265625 0.0265625
0 0.28125 0.328125 0.028125 0.0265625
0 0.303125 0.34140625 0.028125 0.0265625
0 0.275 0.3578125 0.0296875 0.028125
0 0.3046875 0.36875 0.0265625 0.0265625
0 0.27265625 0.4015625 0.0296875 0.0296875
0 0.253125 0.42890625 0.0296875 0.028125
0 0.21875 0.45 0.03125 0.03125
0 0.16015625 0.51015625 0.03125 0.03125
0 0.196875 0.5125 0.0296875 0.028125
0 0.178125 0.53671875 0.03125 0.03125
0 0.20625 0.53515625 0.0328125 0.028125
0 0.24921875 0.5609375 0.0296875 0.0296875
0 0.2609375 0.58125 0.03125 0.03125
0 0.30234375 0.5625 0.03125 0.03125
0 0.48671875 0.4640625 0.0265625 0.025
0 0.48828125 0.48828125 0.0265625 0.025
0 0.43828125 0.41875 0.0265625 0.0234375
0 0.440625 0.44140625 0.0265625 0.025
0 0.44765625 0.46640625 0.0265625 0.025
0 0.3328125 0.4359375 0.0296875 0.0265625
0 0.37578125 0.4609375 0.0265625 0.025
0 0.396875 0.478125 0.0296875 0.028125
0 0.43515625 0.48359375 0.0265625 0.0265625
0 0.4734375 0.5171875 0.0265625 0.025
0 0.31171875 0.465625 0.0296875 0.028125
0 0.33671875 0.46640625 0.0265625 0.025
0 0.32265625 0.48515625 0.0265625 0.0265625
0 0.27265625 0.49140625 0.0296875 0.028125
0 0.28046875 0.5125 0.028125 0.0265625
0 0.2984375 0.49609375 0.0296875 0.028125
0 0.31640625 0.51015625 0.0296875 0.0296875
0 0.365625 0.5296875 0.028125 0.0265625
0 0.446875 0.52265625 0.028125 0.0265625
0 0.44375 0.55703125 0.0296875 0.028125
0 0.64140625 0.4953125 0.028125 0.0265625
0 0.6 0.49765625 0.0265625 0.0265625
0 0.571875 0.4984375 0.025 0.021875
0 0.56015625 0.51171875 0.028125 0.0234375
0 0.5796875 0.5265625 0.0296875 0.028125
0 0.51796875 0.53515625 0.0296875 0.0265625
0 0.5421875 0.528125 0.0265625 0.0234375
0 0.56171875 0.5421875 0.0265625 0.025
0 0.5359375 0.54765625 0.01875 0.0234375
0 0.54921875 0.55390625 0.0265625 0.0265625
0 0.5703125 0.56484375 0.0265625 0.0234375
0 0.53359375 0.571875 0.0296875 0.028125
0 0.5546875 0.5796875 0.0296875 0.028125
0 0.53828125 0.59453125 0.0359375 0.028125
0 0.5390625 0.6171875 0.0296875 0.028125
0 0.565625 0.621875 0.034375 0.03125
0 0.47734375 0.63984375 0.03125 0.03125
0 0.50390625 0.63984375 0.034375 0.03125
0 0.39609375 0.6109375 0.0296875 0.0296875
0 0.34296875 0.640625 0.03125 0.034375
0 0.3515625 0.68046875 0.0359375 0.0328125
0 0.453125 0.671875 0.034375 0.034375
0 0.515625 0.68125 0.034375 0.03125
0 0.515625 0.70859375 0.0328125 0.034375
0 0.58203125 0.76640625 0.0359375 0.0375
0 0.55390625 0.80234375 0.0359375 0.0359375