0 0.27734375 0.1015625 0.01796875 0.01953125
0 0.290625 0.1890625 0.01796875 0.021875
0 0.33125 0.1671875 0.01875 0.02109375
0 0.3734375 0.2109375 0.01953125 0.01953125
0 0.40234375 0.215625 0.01953125 0.01953125
0 0.2 0.25234375 0.01484375 0.01796875
0 0.2109375 0.24609375 0.01875 0.01875
0 0.28671875 0.3359375 0.0171875 0.01796875
0 0.2921875 0.35546875 0.0171875 0.01953125
0 0.2359375 0.371875 0.0171875 0.01796875
0 0.29140625 0.378125 0.01875 0.01875
0 0.28125 0.39140625 0.01796875 0.01953125
0 0.2359375 0.44140625 0.015625 0.01796875
0 0.24765625 0.43203125 0.01640625 0.01875
0 0.3140625 0.44296875 0.01953125 0.01953125
0 0.28359375 0.4640625 0.01796875 0.0234375
0 0.22421875 0.4765625 0.0171875 0.01953125
0 0.22421875 0.50859375 0.01796875 0.0171875
0 0.2421875 0.5140625 0.01796875 0.01875
0 0.22890625 0.54140625 0.01796875 0.0203125
0 0.25 0.54140625 0.0171875 0.01953125
0 0.2375 0.5859375 0.0171875 0.02109375
0 0.23359375 0.61640625 0.0171875 0.01953125
0 0.28515625 0.6 0.01875 0.01953125
0 0.35390625 0.55 0.02109375 0.021875
0 0.36015625 0.5734375 0.01953125 0.02109375
0 0.39921875 0.58125 0.01796875 0.01953125
0 0.40625 0.60546875 0.0203125 0.021875
0 0.37109375 0.596875 0.01953125 0.01953125
0 0.36640625 0.6171875 0.01796875 0.02109375
0 0.31875 0.6125 0.01796875 0.01953125
0 0.3359375 0.62421875 0.0171875 0.0203125
0 0.27890625 0.63515625 0.01796875 0.01875
0 0.2953125 0.6296875 0.0171875 0.0203125
0 0.28984375 0.64921875 0.015625 0.01875
0 0.21796875 0.64375 0.0171875 0.021875
0 0.26015625 0.66796875 0.01796875 0.0171875
0 0.278125 0.66484375 0.015625 0.01796875
0 0.2921875 0.6734375 0.01796875 0.01796875
0 0.2703125 0.68359375 0.0171875 0.01875
0 0.53671875 0.128125 0.0203125 0.0234375
0 0.51328125 0.14375 0.01875 0.02421875
0 0.53984375 0.16484375 0.021875 0.021875
0 0.5125 0.2296875 0.021875 0.021875
0 0.528125 0.2609375 0.0203125 0.01875
0 0.553125 0.27265625 0.0203125 0.02109375
0 0.5296875 0.28125 0.01953125 0.0203125
0 0.484375 0.34453125 0.01953125 0.02109375
0 0.47265625 0.35859375 0.01875 0.0203125
0 0.4625 0.378125 0.01953125 0.0234375
0 0.3984375 0.34609375 0.0203125 0.01875
0 0.41953125 0.35078125 0.0203125 0.021875
0 0.39296875 0.38359375 0.0203125 0.02109375
0 0.38359375 0.40390625 0.0203125 0.01875
0 0.3859375 0.42734375 0.01953125 0.02265625
0 0.4515625 0.4453125 0.02109375 0.02109375
0 0.4421875 0.4703125 0.01953125 0.0203125
0 0.50234375 0.49140625 0.0203125 0.02265625
0 0.5671875 0.4859375 0.0203125 0.021875
0 0.590625 0.484375 0.02109375 0.021875
0 0.59453125 0.503125 0.0203125 0.0203125
0 0.6078125 0.5171875 0.02109375 0.0203125
0 0.59140625 0.53046875 0.0203125 0.025
0 0.5296875 0.56484375 0.02109375 0.02265625
0 0.49609375 0.5828125 0.01875 0.021875
0 0.471875 0.5921875 0.01953125 0.0203125
0 0.4640625 0.61015625 0.01796875 0.02109375
0 0.48359375 0.61953125 0.021875 0.02265625
0 0.328125 0.6796875 0.0203125 0.02265625
0 0.38125 0.653125 0.0203125 0.0203125
0 0.4 0.63984375 0.02109375 0.01953125
0 0.4375 0.64609375 0.01953125 0.01875
0 0.4546875 0.63203125 0.0171875 0.01796875
0 0.47265625 0.64140625 0.01796875 0.01953125
0 0.4546875 0.65234375 0.01640625 0.015625
0 0.4625 0.659375 0.01875 0.01953125
0 0.48203125 0.6609375 0.01875 0.02109375
0 0.38671875 0.68671875 0.0203125 0.02265625
0 0.45390625 0.678125 0.01953125 0.0203125
0 0.47265625 0.68046875 0.01640625 0.02421875
0 0.4625 0.6984375 0.0203125 0.021875
0 0.46640625 0.71953125 0.01953125 0.021875
0 0.4859375 0.71796875 0.01953125 0.02265625
0 0.44453125 0.74921875 0.01953125 0.021875
0 0.425 0.75390625 0.02109375 0.02265625
0 0.2015625 0.70703125 0.01875 0.0203125
0 0.221875 0.70234375 0.01875 0.0203125
0 0.21640625 0.725 0.01796875 0.0203125
0 0.2328125 0.71875 0.0203125 0.01953125
0 0.2640625 0.73046875 0.01875 0.0203125
0 0.29609375 0.721875 0.01953125 0.0203125
0 0.275 0.74609375 0.01875 0.01953125
0 0.3640625 0.74609375 0.0203125 0.02109375
0 0.33671875 0.7796875 0.01875 0.02421875
0 0.34921875 0.809375 0.021875 0.0234375
0 0.41484375 0.7859375 0.01953125 0.02265625
0 0.45859375 0.784375 0.021875 0.0203125
0 0.4640625 0.80625 0.0203125 0.02421875
0 0.5171875 0.84609375 0.02265625 0.02890625
0 0.5015625 0.87734375 0.021875 0.02421875