0 0.9109375 0.58828125 0.0359375 0.0359375
0 0.88984375 0.54140625 0.0359375 0.0328125
0 0.86484375 0.575 0.0390625 0.0328125
0 0.87734375 0.61328125 0.0375 0.034375
0 0.84140625 0.6 0.0359375 0.0328125
0 0.8265625 0.57265625 0.0328125 0.03125
0 0.81953125 0.54453125 0.0328125 0.0296875
0 0.871875 0.48515625 0.0390625 0.0375
0 0.83125 0.5171875 0.0359375 0.0296875
0 0.82109375 0.4890625 0.0328125 0.03125
0 0.84140625 0.46640625 0.0328125 0.0296875
0 0.803125 0.46796875 0.0359375 0.0296875
0 0.78203125 0.48515625 0.0328125 0.03125
0 0.75546875 0.50546875 0.0328125 0.0296875
0 0.7984375 0.51328125 0.0328125 0.028125
0 0.778125 0.53515625 0.0359375 0.034375
0 0.7921875 0.5640625 0.0359375 0.0296875
0 0.8 0.59140625 0.0359375 0.0328125
0 0.82265625 0.62265625 0.040625 0.0390625
0 0.81640625 0.28125 0.0328125 0.0265625
0 0.79609375 0.29296875 0.0296875 0.0234375
0 0.784375 0.3109375 0.0296875 0.025
0 0.75390625 0.28828125 0.0296875 0.0234375
0 0.75234375 0.3078125 0.0328125 0.0265625
0 0.81640625 0.321875 0.0328125 0.0265625
0 0.79375 0.33203125 0.0296875 0.0265625
0 0.76796875 0.32734375 0.0328125 0.0265625
0 0.77890625 0.35390625 0.0328125 0.028125
0 0.74453125 0.340625 0.0328125 0.0265625
0 0.81171875 0.3515625 0.0328125 0.0296875
0 0.81015625 0.4078125 0.0375 0.03125
0 0.78515625 0.384375 0.0328125 0.025
0 0.75859375 0.371875 0.0328125 0.0265625
0 0.7296875 0.36875 0.03125 0.0296875
0 0.74296875 0.39453125 0.0328125 0.028125
0 0.771875 0.40390625 0.0296875 0.0265625
0 0.74765625 0.41875 0.0328125 0.0265625
0 0.7625 0.4421875 0.0328125 0.0265625
0 0.72578125 0.44921875 0.0328125 0.0296875
0 0.73984375 0.47265625 0.0296875 0.028125
0 0.7078125 0.471875 0.0328125 0.025
0 0.7234375 0.50078125 0.0328125 0.0296875
0 0.66015625 0.4796875 0.0359375 0.0296875
0 0.690625 0.50546875 0.0328125 0.0296875
0 0.746875 0.53125 0.0328125 0.0296875
0 0.71328125 0.5296875 0.0328125 0.0328125
0 0.6828125 0.5328125 0.0359375 0.0328125
0 0.76171875 0.5671875 0.0328125 0.03125
0 0.76328125 0.5984375 0.0359375 0.03125
0 0.7828125 0.62578125 0.0359375 0.0359375
0 0.73046875 0.55390625 0.034375 0.0296875
0 0.70234375 0.565625 0.0328125 0.0296875
0 0.73203125 0.584375 0.0328125 0.0328125
0 0.73046875 0.62265625 0.0375 0.0390625
0 0.70390625 0.5984375 0.0328125 0.03125
0 0.67109375 0.58125 0.0359375 0.03125
0 0.68125 0.62421875 0.0359375 0.0359375
0 0.6640625 0.3109375 0.0359375 0.028125
0 0.5859375 0.31015625 0.034375 0.0265625
0 0.51015625 0.3421875 0.0328125 0.0265625
0 0.48671875 0.3265625 0.0296875 0.0296875
0 0.54375 0.1859375 0.0265625 0.0296875
0 0.5171875 0.1828125 0.0296875 0.0265625
0 0.55390625 0.25859375 0.03125 0.028125
0 0.48203125 0.24140625 0.03125 0.0265625
0 0.39765625 0.19296875 0.03125 0.0296875
0 0.34375 0.1765625 0.0296875 0.0265625
0 0.28828125 0.17109375 0.028125 0.0265625
0 0.26875 0.18984375 0.0296875 0.021875
0 0.26015625 0.215625 0.03125 0.0265625
0 0.2484375 0.234375 0.0296875 0.021875
0 0.2546875 0.2546875 0.03125 0.0296875
0 0.33515625 0.32265625 0.0328125 0.0296875
0 0.38203125 0.34765625 0.0328125 0.0265625
0 0.5890625 0.703125 0.046875 0.04375
0 0.5046875 0.3828125 0.03125 0.0296875
0 0.4 0.39375 0.034375 0.0296875
0 0.434375 0.3984375 0.03125 0.0265625
0 0.421875 0.4203125 0.0328125 0.028125
0 0.39765625 0.44296875 0.0328125 0.0296875
0 0.52265625 0.44375 0.034375 0.03125
0 0.49375 0.4328125 0.03125 0.0265625
0 0.465625 0.4359375 0.0328125 0.0296875
0 0.49140625 0.459375 0.0328125 0.0296875
0 0.4296875 0.4453125 0.0359375 0.0296875
0 0.453125 0.459375 0.0328125 0.0265625
0 0.428125 0.4765625 0.0328125 0.0296875
0 0.396875 0.47109375 0.034375 0.0328125
0 0.4546875 0.4859375 0.0328125 0.0296875
0 0.4859375 0.50234375 0.0328125 0.0328125
0 0.40859375 0.49765625 0.0375 0.0328125
0 0.36015625 0.51953125 0.0375 0.034375
0 0.48125 0.53828125 0.034375 0.034375
0 0.39296875 0.52578125 0.034375 0.0328125
0 0.4265625 0.57578125 0.0390625 0.0375
0 0.4515625 0.62421875 0.0390625 0.0375
0 0.3890625 0.6203125 0.0390625 0.0375
0 0.3734375 0.65234375 0.0375 0.0375
0 0.26015625 0.69140625 0.046875 0.0453125
0 0.278125 0.75078125 0.046875 0.04375