0 0.04296875 0.5453125 0.0265625 0.0234375
0 0.10546875 0.571875 0.0296875 0.025
0 0.13046875 0.54921875 0.0265625 0.0265625
0 0.14453125 0.6125 0.0265625 0.0265625
0 0.15 0.57265625 0.0265625 0.0234375
0 0.1765625 0.56875 0.0296875 0.0234375
0 0.1875 0.58828125 0.0265625 0.0234375
0 0.1953125 0.6140625 0.0265625 0.0265625
0 0.23203125 0.60234375 0.0265625 0.0234375
0 0.24296875 0.55703125 0.0265625 0.0234375
0 0.27265625 0.625 0.025 0.0234375
0 0.29453125 0.63203125 0.028125 0.0234375
0 0.28828125 0.60546875 0.025 0.0234375
0 0.37734375 0.4875 0.025 0.0234375
0 0.38203125 0.51171875 0.0265625 0.0234375
0 0.40625 0.52578125 0.0234375 0.0234375
0 0.409375 0.55859375 0.0234375 0.0234375
0 0.3125 0.56328125 0.025 0.0234375
0 0.3359375 0.5453125 0.0265625 0.0234375
0 0.33984375 0.575 0.0234375 0.0234375
0 0.3625 0.5734375 0.0234375 0.0234375
0 0.3578125 0.59921875 0.0234375 0.0234375
0 0.38359375 0.609375 0.028125 0.025
0 0.38515625 0.57734375 0.0234375 0.025
0 0.40234375 0.5875 0.025 0.0234375
0 0.4234375 0.59921875 0.0265625 0.0234375
0 0.45 0.57578125 0.0234375 0.021875
0 0.4296875 0.54375 0.0234375 0.021875
0 0.44296875 0.525 0.0234375 0.0234375
0 0.4546875 0.5421875 0.0234375 0.0203125
0 0.5015625 0.46171875 0.025 0.0234375
0 0.5015625 0.50390625 0.0234375 0.0234375
0 0.471875 0.55625 0.021875 0.021875
0 0.503125 0.5234375 0.0234375 0.0234375
0 0.48359375 0.5734375 0.0234375 0.0234375
0 0.50703125 0.5921875 0.0265625 0.0234375
0 0.51484375 0.56328125 0.0234375 0.0203125
0 0.559375 0.496875 0.0234375 0.025
0 0.57578125 0.5140625 0.0234375 0.0234375
0 0.5671875 0.5359375 0.021875 0.0203125
0 0.53515625 0.5515625 0.0234375 0.0203125
0 0.55703125 0.60078125 0.0234375 0.0234375
0 0.54765625 0.575 0.0234375 0.0234375
0 0.5734375 0.5765625 0.0234375 0.025
0 0.58359375 0.55546875 0.0203125 0.0234375
0 0.59140625 0.53359375 0.021875 0.0203125
0 0.603125 0.55390625 0.0203125 0.0234375
0 0.6125 0.53359375 0.021875 0.0203125
0 0.62421875 0.56015625 0.0234375 0.0203125
0 0.62578125 0.5796875 0.021875 0.0203125
0 0.625 0.61953125 0.0234375 0.021875
0 0.634375 0.6 0.0203125 0.021875
0 0.64609375 0.57421875 0.0203125 0.0203125
0 0.6421875 0.5375 0.021875 0.0203125
0 0.6484375 0.51875 0.0234375 0.0234375
0 0.64375 0.65 0.025 0.0234375
0 0.6484375 0.6171875 0.0234375 0.021875
0 0.65703125 0.5984375 0.021875 0.0203125
0 0.67421875 0.5875 0.0234375 0.0203125
0 0.66640625 0.56484375 0.0234375 0.021875
0 0.6640625 0.540625 0.0234375 0.021875
0 0.6859375 0.5546875 0.021875 0.0203125
0 0.68046875 0.52421875 0.0234375 0.0203125
0 0.68828125 0.5765625 0.021875 0.0203125
0 0.67734375 0.6078125 0.021875 0.021875
0 0.6984375 0.60546875 0.0234375 0.021875
0 0.70625 0.5875 0.0234375 0.0203125
0 0.70546875 0.5671875 0.0234375 0.0203125
0 0.70625 0.5421875 0.0234375 0.0203125
0 0.709375 0.521875 0.0234375 0.0203125
0 0.72265625 0.55703125 0.0234375 0.0203125
0 0.728125 0.5375 0.0234375 0.0203125
0 0.74453125 0.5265625 0.021875 0.0203125
0 0.7578125 0.50859375 0.0234375 0.0203125
0 0.7234375 0.57734375 0.0203125 0.0203125
0 0.72578125 0.59765625 0.0234375 0.0203125
0 0.74296875 0.5875 0.0234375 0.0203125
0 0.740625 0.5671875 0.021875 0.0203125
0 0.7515625 0.54921875 0.021875 0.0203125
0 0.76796875 0.52734375 0.0234375 0.0203125
0 0.72734375 0.61875 0.025 0.0234375
0 0.7484375 0.6078125 0.0234375 0.021875
0 0.7625 0.5703125 0.0234375 0.021875
0 0.77265625 0.5546875 0.0234375 0.0203125
0 0.76484375 0.5921875 0.0234375 0.0203125
0 0.80859375 0.5515625 0.021875 0.0203125
0 0.7828125 0.58046875 0.0203125 0.0203125
0 0.79296875 0.565625 0.0234375 0.0203125
0 0.7859375 0.6015625 0.021875 0.0203125
0 0.80703125 0.60078125 0.0234375 0.021875
0 0.81171875 0.58046875 0.021875 0.0203125
0 0.82734375 0.596875 0.021875 0.0203125
0 0.8515625 0.6125 0.0234375 0.0234375
0 0.87421875 0.6265625 0.025 0.0234375
0 0.83203125 0.578125 0.0234375 0.021875
0 0.840625 0.56171875 0.0234375 0.0234375
0 0.86171875 0.56484375 0.0234375 0.0203125
0 0.88125 0.55234375 0.0234375 0.021875
0 0.91796875 0.5703125 0.0234375 0.021875