0 0.8015625 0.6625 0.0390625 0.0375
0 0.83125 0.64140625 0.0359375 0.034375
0 0.81328125 0.615625 0.0359375 0.0359375
0 0.65859375 0.66875 0.0375 0.0375
0 0.5953125 0.66015625 0.034375 0.0359375
0 0.5453125 0.6296875 0.0328125 0.0359375
0 0.3234375 0.77578125 0.0359375 0.0421875
0 0.23828125 0.778125 0.0359375 0.0359375
0 0.29375 0.72265625 0.0359375 0.0359375
0 0.259375 0.70390625 0.0328125 0.0359375
0 0.27578125 0.63828125 0.0328125 0.034375
0 0.30078125 0.66171875 0.0328125 0.0328125
0 0.35078125 0.7265625 0.0328125 0.0328125
0 0.3640625 0.7 0.0328125 0.03125
0 0.36328125 0.67265625 0.0328125 0.03125
0 0.34140625 0.65546875 0.0296875 0.0328125
0 0.390625 0.63984375 0.0296875 0.0328125
0 0.365625 0.646875 0.0296875 0.0328125
0 0.415625 0.640625 0.0296875 0.034375
0 0.43203125 0.61875 0.0296875 0.0328125
0 0.43671875 0.58515625 0.03125 0.0328125
0 0.41171875 0.60625 0.0328125 0.0296875
0 0.4078125 0.57890625 0.0328125 0.0328125
0 0.3859375 0.59609375 0.03125 0.0328125
0 0.3546875 0.6234375 0.0328125 0.03125
0 0.325 0.6359375 0.0359375 0.0328125
0 0.321875 0.61015625 0.0328125 0.0296875
0 0.3234375 0.58359375 0.0296875 0.0328125
0 0.27578125 0.58125 0.0328125 0.0359375
0 0.2640625 0.453125 0.0328125 0.0359375
0 0.28203125 0.428125 0.0359375 0.0328125
0 0.2359375 0.43125 0.0328125 0.0328125
0 0.2640625 0.40078125 0.0296875 0.0328125
0 0.23828125 0.40390625 0.0296875 0.0328125
0 0.25390625 0.36640625 0.0328125 0.03125
0 0.28125 0.34453125 0.03125 0.0296875
0 0.2546875 0.33671875 0.0296875 0.0328125
0 0.28125 0.32109375 0.0328125 0.03125
0 0.28984375 0.29609375 0.03125 0.0328125
0 0.2796875 0.540625 0.0328125 0.03125
0 0.34921875 0.55625 0.0328125 0.0296875
0 0.32421875 0.55703125 0.03125 0.03125
0 0.2984375 0.55625 0.0296875 0.03125
0 0.3015625 0.528125 0.0328125 0.0296875
0 0.27265625 0.51328125 0.0328125 0.03125
0 0.26484375 0.4859375 0.0296875 0.0328125
0 0.29609375 0.503125 0.03125 0.0296875
0 0.290625 0.47109375 0.0328125 0.03125
0 0.32109375 0.4953125 0.03125 0.03125
0 0.3515625 0.53046875 0.0328125 0.03125
0 0.34140625 0.5078125 0.0296875 0.03125
0 0.38828125 0.54609375 0.0328125 0.034375
0 0.36875 0.51171875 0.0296875 0.034375
0 0.40234375 0.50546875 0.03125 0.034375
0 0.40703125 0.4359375 0.0328125 0.0328125
0 0.409375 0.4015625 0.0328125 0.0328125
0 0.4140625 0.3671875 0.0328125 0.0359375
0 0.43515625 0.353125 0.0328125 0.0328125
0 0.6828125 0.46328125 0.0359375 0.0359375
0 0.59765625 0.45546875 0.0328125 0.0328125
0 0.565625 0.48671875 0.0359375 0.0328125
0 0.571875 0.575 0.0359375 0.034375
0 0.59140625 0.52109375 0.0328125 0.034375
0 0.51328125 0.56953125 0.034375 0.034375
0 0.54375 0.55546875 0.034375 0.0328125
0 0.525 0.53046875 0.0328125 0.0328125
0 0.4578125 0.48984375 0.0328125 0.0359375
0 0.5140625 0.50546875 0.0328125 0.0328125
0 0.5203125 0.475 0.0359375 0.0328125
0 0.5515625 0.45625 0.0328125 0.0359375
0 0.5265625 0.4453125 0.0328125 0.0328125
0 0.50234375 0.40078125 0.0328125 0.0328125
0 0.53125 0.403125 0.0328125 0.0328125
0 0.57578125 0.42578125 0.0359375 0.0328125
0 0.6328125 0.40703125 0.0359375 0.0328125
0 0.6375 0.37890625 0.0328125 0.0328125
0 0.6015625 0.38125 0.0328125 0.0328125
0 0.56875 0.396875 0.0328125 0.034375
0 0.5546875 0.3765625 0.0328125 0.0328125
0 0.57890625 0.3640625 0.0359375 0.0328125
0 0.6171875 0.3546875 0.0375 0.034375
0 0.61328125 0.328125 0.034375 0.0328125
0 0.57890625 0.3390625 0.0328125 0.0328125
0 0.590625 0.31484375 0.0328125 0.0328125
0 0.6875 0.3671875 0.0359375 0.034375
0 0.7203125 0.33515625 0.0328125 0.0328125
0 0.69375 0.3125 0.034375 0.0359375
0 0.790625 0.2359375 0.0328125 0.0328125
0 0.6578125 0.21875 0.034375 0.0328125
0 0.625 0.265625 0.03125 0.0328125
0 0.634375 0.23046875 0.0328125 0.0328125
0 0.6078125 0.24765625 0.0328125 0.03125
0 0.51171875 0.27265625 0.034375 0.034375
0 0.5328125 0.2515625 0.0359375 0.0328125
0 0.58671875 0.22265625 0.0328125 0.0328125
0 0.640625 0.1734375 0.0328125 0.0328125
0 0.496875 0.171875 0.0359375 0.0359375
0 0.465625 0.19765625 0.0328125 0.0328125
0 0.4390625 0.203125 0.0328125 0.03125
0 0.31015625 0.20390625 0.034375 0.0359375