0 0.39140625 0.05625 0.021875 0.0234375
0 0.521875 0.07890625 0.0234375 0.0234375
0 0.58046875 0.09296875 0.0234375 0.0203125
0 0.5796875 0.1140625 0.0234375 0.021875
0 0.59453125 0.10546875 0.0203125 0.01875
0 0.6140625 0.10078125 0.0203125 0.0171875
0 0.61328125 0.11796875 0.0203125 0.0234375
0 0.2421875 0.18125 0.0265625 0.025
0 0.28984375 0.15234375 0.0265625 0.025
0 0.33046875 0.1359375 0.025 0.021875
0 0.3203125 0.15546875 0.0234375 0.021875
0 0.3390625 0.1640625 0.0203125 0.021875
0 0.3375 0.23125 0.0265625 0.025
0 0.359375 0.2109375 0.0234375 0.0234375
0 0.37734375 0.1953125 0.0234375 0.0203125
0 0.40703125 0.1890625 0.025 0.021875
0 0.38046875 0.21640625 0.0234375 0.0234375
0 0.396875 0.2046875 0.0203125 0.0203125
0 0.41484375 0.2125 0.021875 0.021875
0 0.39609375 0.22890625 0.0203125 0.01875
0 0.4390625 0.25078125 0.0234375 0.0203125
0 0.4171875 0.2328125 0.025 0.0234375
0 0.4171875 0.1640625 0.0234375 0.0234375
0 0.4390625 0.17109375 0.0234375 0.0203125
0 0.46796875 0.175 0.021875 0.0171875
0 0.4890625 0.17265625 0.0203125 0.0203125
0 0.45234375 0.18984375 0.0234375 0.0203125
0 0.4734375 0.19296875 0.0203125 0.0203125
0 0.49453125 0.19296875 0.0234375 0.0203125
0 0.50859375 0.17734375 0.0234375 0.0203125
0 0.4734375 0.21875 0.0265625 0.0234375
0 0.496875 0.2203125 0.021875 0.021875
0 0.47421875 0.2375 0.0234375 0.0203125
0 0.4953125 0.23984375 0.021875 0.0203125
0 0.46640625 0.25390625 0.021875 0.0203125
0 0.48828125 0.25625 0.021875 0.0203125
0 0.55 0.24765625 0.025 0.021875
0 0.56171875 0.26640625 0.021875 0.021875
0 0.596875 0.22734375 0.0234375 0.0203125
0 0.596875 0.24609375 0.0234375 0.0203125
0 0.5828125 0.26796875 0.021875 0.0234375
0 0.60390625 0.2640625 0.021875 0.01875
0 0.403125 0.26328125 0.0234375 0.025
0 0.42734375 0.26796875 0.025 0.0234375
0 0.45234375 0.2671875 0.021875 0.0203125
0 0.46015625 0.28515625 0.021875 0.021875
0 0.45859375 0.30859375 0.0234375 0.025
0 0.4765625 0.271875 0.0203125 0.0203125
0 0.49453125 0.2828125 0.01875 0.01875
0 0.509375 0.27109375 0.025 0.0265625
0 0.52578125 0.2828125 0.0171875 0.0203125
0 0.5421875 0.27109375 0.0234375 0.0203125
0 0.5609375 0.2875 0.025 0.021875
0 0.55546875 0.30546875 0.0234375 0.0234375
0 0.57578125 0.303125 0.0203125 0.0234375
0 0.5953125 0.3 0.025 0.0265625
0 0.60703125 0.2828125 0.0234375 0.0234375
0 0.625 0.29609375 0.0234375 0.021875
0 0.59765625 0.32265625 0.0234375 0.0234375
0 0.584375 0.37421875 0.0265625 0.0265625
0 0.5484375 0.34609375 0.025 0.021875
0 0.55546875 0.3671875 0.0234375 0.021875
0 0.4296875 0.32265625 0.025 0.0234375
0 0.4984375 0.36484375 0.0234375 0.025
0 0.4734375 0.35078125 0.0234375 0.0234375
0 0.44609375 0.3671875 0.025 0.0234375
0 0.46953125 0.3734375 0.0234375 0.0234375
0 0.39296875 0.359375 0.025 0.025
0 0.31796875 0.30859375 0.025 0.0265625
0 0.2953125 0.31171875 0.025 0.025
0 0.27109375 0.31796875 0.025 0.021875
0 0.271875 0.33984375 0.0265625 0.025
0 0.2953125 0.34140625 0.0234375 0.025
0 0.41328125 0.46015625 0.0234375 0.0234375
0 0.42421875 0.4828125 0.021875 0.0234375
0 0.44609375 0.49296875 0.025 0.0265625
0 0.4671875 0.50625 0.0234375 0.025
0 0.43671875 0.521875 0.0265625 0.025
0 0.3921875 0.4765625 0.0265625 0.0265625
0 0.415625 0.50859375 0.028125 0.0265625
0 0.38671875 0.50078125 0.028125 0.028125
0 0.2828125 0.37265625 0.0265625 0.025
0 0.278125 0.39609375 0.0234375 0.0234375
0 0.29375 0.42734375 0.0296875 0.0296875
0 0.309375 0.47734375 0.0265625 0.0265625
0 0.1953125 0.39765625 0.0296875 0.03125
0 0.27265625 0.48359375 0.028125 0.0296875
0 0.1140625 0.43046875 0.03125 0.03125
0 0.07734375 0.50078125 0.034375 0.034375
0 0.1328125 0.51875 0.03125 0.0296875
0 0.1734375 0.5046875 0.03125 0.028125
0 0.28828125 0.52890625 0.028125 0.025
0 0.29609375 0.55 0.03125 0.028125
0 0.2546875 0.5390625 0.03125 0.028125
0 0.271875 0.56328125 0.0265625 0.028125
0 0.23984375 0.63359375 0.028125 0.03125
0 0.26484375 0.62265625 0.028125 0.0328125
0 0.278125 0.596875 0.028125 0.0265625
0 0.29375 0.61953125 0.028125 0.03125
0 0.3109375 0.578125 0.0265625 0.0265625
0 0.3390625 0.53046875 0.025 0.0234375
0 0.35703125 0.55078125 0.0265625 0.025
0 0.4125 0.5578125 0.0265625 0.025
0 0.3890625 0.55078125 0.0234375 0.0234375
0 0.396875 0.57578125 0.0234375 0.0234375
0 0.35390625 0.5984375 0.028125 0.028125
0 0.37421875 0.61484375 0.025 0.0265625
0 0.36015625 0.57578125 0.0265625 0.0265625
0 0.346875 0.62578125 0.025 0.028125
0 0.3671875 0.63984375 0.028125 0.0296875
0 0.37890625 0.590625 0.025 0.028125
0 0.33828125 0.6515625 0.028125 0.028125
0 0.3703125 0.6640625 0.0296875 0.028125
0 0.396875 0.65078125 0.0296875 0.03125
0 0.40703125 0.60625 0.025 0.028125
0 0.41796875 0.58359375 0.021875 0.0265625
0 0.43828125 0.56484375 0.028125 0.028125
0 0.453125 0.5453125 0.028125 0.03125
0 0.45390625 0.5890625 0.025 0.0265625
0 0.46171875 0.5671875 0.021875 0.0234375
0 0.4734375 0.53828125 0.0265625 0.021875
0 0.47421875 0.55546875 0.0234375 0.0203125
0 0.49375 0.46328125 0.025 0.0265625
0 0.52734375 0.49921875 0.0234375 0.025
0 0.5140625 0.5171875 0.025 0.0234375
0 0.53828125 0.5265625 0.025 0.0265625
0 0.56875 0.5390625 0.0234375 0.0234375
0 0.58671875 0.55625 0.0234375 0.0234375
0 0.55234375 0.553125 0.0203125 0.0203125
0 0.57109375 0.571875 0.025 0.028125
0 0.5078125 0.5390625 0.025 0.0234375
0 0.52890625 0.55 0.0234375 0.0234375
0 0.5484375 0.57578125 0.028125 0.03125
0 0.503125 0.56015625 0.0234375 0.021875
0 0.5234375 0.57421875 0.0265625 0.0265625
0 0.53515625 0.5953125 0.025 0.0265625
0 0.5609375 0.6015625 0.025 0.028125
0 0.48984375 0.58046875 0.028125 0.028125
0 0.5125 0.59921875 0.028125 0.028125
0 0.52890625 0.6203125 0.0265625 0.0265625
0 0.54609375 0.6375 0.028125 0.028125
0 0.54609375 0.66171875 0.0328125 0.028125
0 0.54140625 0.6875 0.028125 0.028125
0 0.528125 0.71015625 0.028125 0.028125
0 0.55 0.7265625 0.028125 0.03125
0 0.53046875 0.76640625 0.028125 0.0296875
0 0.54921875 0.784375 0.028125 0.0328125
0 0.48046875 0.75546875 0.028125 0.03125
0 0.5078125 0.78203125 0.0296875 0.03125
0 0.5296875 0.80390625 0.028125 0.0328125
0 0.4546875 0.771875 0.028125 0.03125
0 0.4765625 0.796875 0.028125 0.034375
0 0.303125 0.70546875 0.028125 0.03125
0 0.29296875 0.74140625 0.028125 0.03125
0 0.31484375 0.7703125 0.03125 0.0328125
0 0.32890625 0.79296875 0.03125 0.03125
0 0.384375 0.7703125 0.0296875 0.034375
0 0.38671875 0.80390625 0.0328125 0.034375
0 0.43671875 0.80234375 0.0296875 0.0328125
0 0.45625 0.81875 0.03125 0.034375