0 0.578125 0.54296875 0.0375 0.0375
0 0.62578125 0.540625 0.0375 0.0375
0 0.56015625 0.51328125 0.0375 0.0359375
0 0.65390625 0.6078125 0.0375 0.0375
0 0.75625 0.59765625 0.0375 0.0375
0 0.63359375 0.63046875 0.040625 0.0390625
0 0.6609375 0.55 0.0375 0.0375
0 0.7765625 0.5609375 0.0375 0.0375
0 0.54375 0.48046875 0.0375 0.0375
0 0.8421875 0.475 0.0359375 0.034375
0 0.85234375 0.51015625 0.0375 0.034375
0 0.61015625 0.584375 0.0375 0.0375
0 0.68828125 0.58046875 0.0375 0.0375
0 0.803125 0.609375 0.0390625 0.040625
0 0.82734375 0.5609375 0.0375 0.0390625
0 0.5765625 0.575 0.0390625 0.0375
0 0.540625 0.44765625 0.0375 0.034375
0 0.80859375 0.51953125 0.0375 0.0375
0 0.63984375 0.571875 0.0375 0.0375
0 0.74453125 0.53828125 0.0375 0.0375
0 0.77578125 0.44765625 0.0359375 0.034375
0 0.5875 0.4953125 0.0375 0.0359375
0 0.5734375 0.45390625 0.0359375 0.034375
0 0.6953125 0.6140625 0.0375 0.0375
0 0.721875 0.59296875 0.0375 0.0390625
0 0.5375 0.41640625 0.0359375 0.034375
0 0.81015625 0.4875 0.0375 0.0359375
0 0.67734375 0.6421875 0.040625 0.040625
0 0.7625 0.5140625 0.0359375 0.034375
0 0.8484375 0.54140625 0.0375 0.034375
0 0.75 0.65625 0.040625 0.0375
0 0.77734375 0.63671875 0.040625 0.0375
0 0.73828125 0.35078125 0.0328125 0.03125
0 0.83828125 0.44140625 0.0390625 0.0328125
0 0.71796875 0.46953125 0.034375 0.034375
0 0.80546875 0.453125 0.034375 0.0328125
0 0.8140625 0.65703125 0.0390625 0.0375
0 0.73203125 0.50390625 0.0359375 0.034375
0 0.6484375 0.51171875 0.0375 0.034375
0 0.77578125 0.48125 0.0375 0.034375
0 0.5359375 0.35234375 0.0359375 0.034375
0 0.61328125 0.65703125 0.0375 0.040625
0 0.74609375 0.31640625 0.034375 0.034375
0 0.61640625 0.41328125 0.0375 0.034375
0 0.8359375 0.596875 0.0375 0.0375
0 0.69609375 0.55078125 0.0375 0.0375
0 0.6765625 0.328125 0.0328125 0.034375
0 0.71328125 0.32265625 0.03125 0.03125
0 0.75 0.38046875 0.0328125 0.03125
0 0.60390625 0.4703125 0.0375 0.034375
0 0.88515625 0.49609375 0.0359375 0.0359375
0 0.76953125 0.41328125 0.034375 0.0328125
0 0.56875 0.303125 0.0328125 0.03125
0 0.73359375 0.684375 0.0390625 0.040625
0 0.796875 0.4015625 0.0328125 0.03125
0 0.64765625 0.39375 0.0359375 0.034375
0 0.48984375 0.3015625 0.0375 0.034375
0 0.68359375 0.27421875 0.03125 0.0328125
0 0.63828125 0.48125 0.0375 0.034375
0 0.68828125 0.45546875 0.0359375 0.034375
0 0.5921875 0.33671875 0.034375 0.0328125
0 0.60234375 0.440625 0.0359375 0.034375
0 0.59140625 0.39296875 0.034375 0.034375
0 0.490625 0.26328125 0.0359375 0.0359375
0 0.57734375 0.421875 0.0359375 0.034375
0 0.7046875 0.35234375 0.034375 0.0328125
0 0.740625 0.4046875 0.0375 0.034375
0 0.52109375 0.25859375 0.0328125 0.03125
0 0.4984375 0.22890625 0.0375 0.034375
0 0.69609375 0.49296875 0.034375 0.034375
0 0.87890625 0.59296875 0.0375 0.0375
0 0.52578125 0.3109375 0.034375 0.0328125
0 0.56171875 0.39453125 0.0359375 0.0375
0 0.62265625 0.3375 0.034375 0.034375
0 0.75546875 0.74140625 0.04375 0.040625
0 0.5515625 0.2515625 0.034375 0.0328125
0 0.665625 0.22890625 0.03125 0.03125
0 0.7328125 0.4328125 0.034375 0.034375
0 0.6015625 0.2828125 0.034375 0.0328125
0 0.8484375 0.728125 0.0390625 0.040625
0 0.6828125 0.51953125 0.0359375 0.0375
0 0.565625 0.3578125 0.034375 0.034375
0 0.66328125 0.371875 0.034375 0.034375
0 0.49296875 0.2 0.034375 0.0328125
0 0.51328125 0.2828125 0.034375 0.034375
0 0.6328125 0.36484375 0.0328125 0.034375
0 0.7 0.4296875 0.034375 0.034375
0 0.6015625 0.36640625 0.034375 0.0328125
0 0.7703125 0.7828125 0.0390625 0.040625
0 0.6578125 0.28046875 0.0328125 0.0328125
0 0.6296875 0.2890625 0.034375 0.034375
0 0.57421875 0.271875 0.034375 0.034375
0 0.63359375 0.21875 0.03125 0.03125
0 0.52734375 0.221875 0.0359375 0.034375
0 0.54375 0.2796875 0.034375 0.0328125
0 0.55546875 0.32734375 0.0359375 0.034375
0 0.74921875 0.4640625 0.034375 0.034375
0 0.6359375 0.1921875 0.03125 0.03125
0 0.60078125 0.25625 0.034375 0.0328125
0 0.62734375 0.2625 0.03125 0.03125
0 0.6390625 0.31875 0.03125 0.03125
0 0.7984375 0.73203125 0.0375 0.0390625
0 0.615625 0.1734375 0.03125 0.03125
0 0.60859375 0.23046875 0.03125 0.03125
0 0.6765625 0.3984375 0.034375 0.034375
0 0.6484375 0.246875 0.0328125 0.03125
0 0.60859375 0.20234375 0.03125 0.03125
0 0.5875 0.1828125 0.0296875 0.0296875
0 0.503125 0.32890625 0.0375 0.034375
0 0.58125 0.20859375 0.03125 0.03125
0 0.69296875 0.37578125 0.0328125 0.03125
0 0.58671875 0.1515625 0.03125 0.03125
0 0.5609375 0.1578125 0.03125 0.03125
0 0.56640625 0.22890625 0.03125 0.03125
0 0.546875 0.203125 0.03125 0.03125
0 0.6921875 0.68984375 0.040625 0.040625
0 0.603125 0.31171875 0.0328125 0.03125
0 0.584375 0.68046875 0.0390625 0.040625
0 0.5265625 0.16875 0.0296875 0.0296875
0 0.73359375 0.76953125 0.040625 0.0453125
0 0.70546875 0.40234375 0.034375 0.034375
0 0.53125 0.3828125 0.0375 0.034375
0 0.5390625 0.13828125 0.03125 0.03125
0 0.81640625 0.8046875 0.040625 0.040625
0 0.51015625 0.14296875 0.03125 0.03125
0 0.47890625 0.1421875 0.0328125 0.03125
0 0.66484375 0.4265625 0.034375 0.034375
0 0.88046875 0.71484375 0.0375 0.04375
0 0.5578125 0.1828125 0.03125 0.03125
0 0.8 0.31640625 0.034375 0.03125
0 0.5203125 0.1921875 0.034375 0.0328125
0 0.6171875 0.50703125 0.0359375 0.034375
0 0.66328125 0.47265625 0.034375 0.034375
0 0.55625 0.11171875 0.03125 0.03125
0 0.94921875 0.45234375 0.034375 0.0328125
0 0.64140625 0.44609375 0.0375 0.034375
0 0.74921875 0.8453125 0.0421875 0.05
0 0.08671875 0.1546875 0.0390625 0.0328125
0 0.07421875 0.18125 0.040625 0.034375
0 0.6515625 0.34453125 0.03125 0.03125
0 0.915625 0.89765625 0.0421875 0.0484375
0 0.7140625 0.52734375 0.034375 0.034375