0 0.2921875 0.740625 0.03125 0.03125
0 0.2875 0.7109375 0.0296875 0.0296875
0 0.2484375 0.6859375 0.0296875 0.0296875
0 0.271875 0.68046875 0.0265625 0.0265625
0 0.29453125 0.6765625 0.0265625 0.028125
0 0.2515625 0.65625 0.03125 0.028125
0 0.27421875 0.6578125 0.0265625 0.025
0 0.2953125 0.65390625 0.025 0.0234375
0 0.31796875 0.66015625 0.0265625 0.0296875
0 0.3171875 0.68046875 0.0265625 0.025
0 0.3375 0.6703125 0.028125 0.025
0 0.2828125 0.63671875 0.028125 0.025
0 0.34140625 0.646875 0.0296875 0.0265625
0 0.35859375 0.6828125 0.0265625 0.0265625
0 0.34453125 0.703125 0.0296875 0.028125
0 0.28203125 0.60859375 0.028125 0.0265625
0 0.29921875 0.55234375 0.0296875 0.0296875
0 0.3015625 0.578125 0.0265625 0.025
0 0.30703125 0.60234375 0.0296875 0.025
0 0.3375 0.60078125 0.028125 0.0296875
0 0.35234375 0.578125 0.0296875 0.0265625
0 0.53125 0.81953125 0.0265625 0.0265625
0 0.54921875 0.79453125 0.025 0.0234375
0 0.5578125 0.81875 0.0265625 0.0265625
0 0.53828125 0.7765625 0.0265625 0.0265625
0 0.5609375 0.77421875 0.0265625 0.025
0 0.50390625 0.73671875 0.0296875 0.0265625
0 0.5234375 0.69921875 0.0265625 0.0265625
0 0.534375 0.71875 0.025 0.0234375
0 0.5578125 0.7484375 0.0265625 0.0265625
0 0.58515625 0.7734375 0.0265625 0.0265625
0 0.609375 0.79453125 0.028125 0.0265625
0 0.6296875 0.78125 0.025 0.0234375
0 0.62734375 0.8328125 0.0265625 0.0265625
0 0.6546875 0.7859375 0.028125 0.025
0 0.45234375 0.46171875 0.028125 0.021875
0 0.471875 0.4421875 0.0296875 0.0265625
0 0.46484375 0.4171875 0.03125 0.0328125
0 0.44765625 0.43359375 0.0265625 0.0203125
0 0.4296875 0.45546875 0.0265625 0.0265625
0 0.44609375 0.4484375 0.0296875 0.025
0 0.41640625 0.4734375 0.0328125 0.03125
0 0.3828125 0.5 0.0296875 0.028125
0 0.44375 0.49609375 0.0296875 0.0265625
0 0.4234375 0.51015625 0.0296875 0.0296875
0 0.41796875 0.53046875 0.028125 0.0265625
0 0.4328125 0.54921875 0.0296875 0.028125
0 0.4703125 0.5875 0.0296875 0.0265625
0 0.4984375 0.59296875 0.0296875 0.0265625
0 0.47734375 0.65703125 0.0296875 0.0296875
0 0.4921875 0.63828125 0.0265625 0.0265625
0 0.515625 0.63125 0.0265625 0.028125
0 0.51875 0.67265625 0.028125 0.0265625
0 0.6421875 0.690625 0.028125 0.025
0 0.59140625 0.6921875 0.025 0.0234375
0 0.5609375 0.68125 0.0265625 0.0265625
0 0.5796875 0.66796875 0.0234375 0.0234375
0 0.60078125 0.67265625 0.025 0.0265625
0 0.621875 0.671875 0.0265625 0.0265625
0 0.64453125 0.67421875 0.0296875 0.0265625
0 0.58828125 0.60625 0.0296875 0.0296875
0 0.59921875 0.5734375 0.028125 0.0296875
0 0.575 0.54453125 0.0203125 0.025
0 0.61015625 0.53046875 0.028125 0.025
0 0.590625 0.54296875 0.028125 0.0265625
0 0.65 0.62578125 0.0265625 0.0265625
0 0.67265625 0.63046875 0.0296875 0.0265625
0 0.696875 0.5859375 0.0296875 0.0265625
0 0.70625 0.64375 0.0296875 0.028125
0 0.7296875 0.76328125 0.03125 0.028125
0 0.2703125 0.55234375 0.028125 0.0265625
0 0.2421875 0.5375 0.0328125 0.0296875
0 0.18046875 0.58671875 0.03125 0.03125
0 0.06875 0.5171875 0.0296875 0.0296875
0 0.0671875 0.54296875 0.0265625 0.0296875
0 0.11171875 0.55703125 0.028125 0.0265625
0 0.00546875 0.44609375 0.0109375 0.0328125
0 0.0296875 0.4734375 0.028125 0.0265625
0 0.0171875 0.4375 0.0265625 0.0296875
0 0.0375 0.453125 0.0296875 0.0265625
0 0.284375 0.45703125 0.0296875 0.0265625
0 0.3078125 0.4171875 0.0328125 0.03125
0 0.33359375 0.37109375 0.03125 0.03125
0 0.309375 0.33828125 0.0296875 0.0296875
0 0.34375 0.34765625 0.028125 0.0296875
0 0.36640625 0.3703125 0.0296875 0.0296875
0 0.51875 0.390625 0.0296875 0.0296875
0 0.4921875 0.3515625 0.028125 0.025
0 0.49453125 0.371875 0.0296875 0.0265625
0 0.53203125 0.36875 0.0296875 0.0296875
0 0.503125 0.328125 0.0265625 0.0296875
0 0.52890625 0.3328125 0.0296875 0.0296875
0 0.35234375 0.2921875 0.0296875 0.028125
0 0.3703125 0.31796875 0.0296875 0.0296875
0 0.378125 0.3421875 0.0265625 0.0296875
0 0.40234375 0.35078125 0.0296875 0.0328125
0 0.42578125 0.33671875 0.0296875 0.0296875
0 0.371875 0.26796875 0.03125 0.03125
0 0.40625 0.25078125 0.03125 0.0328125
0 0.4453125 0.23671875 0.0328125 0.03125
0 0.46484375 0.215625 0.0296875 0.0296875
0 0.478125 0.23984375 0.03125 0.0328125
0 0.46328125 0.2625 0.028125 0.0328125
0 0.51171875 0.2171875 0.0296875 0.0296875
0 0.51171875 0.24453125 0.028125 0.0296875
0 0.546875 0.296875 0.028125 0.0296875
0 0.58984375 0.2984375 0.0296875 0.028125
0 0.61953125 0.29921875 0.0296875 0.0296875
0 0.57578125 0.3984375 0.0296875 0.0296875
0 0.603125 0.3984375 0.028125 0.0265625
0 0.63046875 0.3984375 0.0296875 0.0296875
0 0.6546875 0.3953125 0.028125 0.0296875
0 0.6890625 0.42734375 0.0296875 0.0296875
0 0.7140625 0.42734375 0.0328125 0.028125
0 0.66875 0.415625 0.0296875 0.0265625
0 0.70078125 0.40625 0.0296875 0.0265625
0 0.73359375 0.41171875 0.03125 0.028125
0 0.71328125 0.37734375 0.0296875 0.0265625
0 0.71953125 0.35 0.0359375 0.028125
0 0.7296875 0.3171875 0.0359375 0.0296875
0 0.7765625 0.165625 0.021875 0.028125
0 0.7421875 0.14375 0.03125 0.0296875
0 0.75625 0.16875 0.034375 0.034375
0 0.7375 0.2359375 0.0234375 0.025
0 0.69375 0.26640625 0.0296875 0.0296875
0 0.7109375 0.246875 0.0296875 0.0296875
0 0.72421875 0.228125 0.0296875 0.0296875
0 0.8328125 0.3890625 0.0296875 0.0296875
0 0.8125 0.36875 0.0296875 0.028125
0 0.79140625 0.35 0.0296875 0.028125
0 0.77109375 0.38671875 0.0296875 0.0265625
0 0.78203125 0.4171875 0.0328125 0.0296875
0 0.83984375 0.58046875 0.028125 0.0265625
0 0.80078125 0.5828125 0.0265625 0.0265625
0 0.81875 0.57109375 0.0296875 0.0265625
0 0.8203125 0.59296875 0.0296875 0.025
0 0.7765625 0.57109375 0.0296875 0.0265625
0 0.77890625 0.5921875 0.03125 0.0265625
0 0.75078125 0.5671875 0.0296875 0.0265625
0 0.73046875 0.58046875 0.0296875 0.025
0 0.75234375 0.58828125 0.0265625 0.0234375
0 0.75 0.6140625 0.0265625 0.0265625
0 0.7390625 0.634375 0.0265625 0.0265625
0 0.7984375 0.74140625 0.0296875 0.025