0 0.63125 0.23203125 0.01875 0.021875
0 0.64296875 0.26015625 0.0203125 0.01875
0 0.48203125 0.253125 0.01875 0.01875
0 0.3953125 0.25 0.01875 0.01875
0 0.4578125 0.26484375 0.01875 0.01875
0 0.50390625 0.26171875 0.01875 0.0203125
0 0.51640625 0.2828125 0.0171875 0.021875
0 0.48046875 0.2828125 0.0171875 0.01875
0 0.4984375 0.28203125 0.0171875 0.021875
0 0.45859375 0.2921875 0.01875 0.01875
0 0.4296875 0.29375 0.01875 0.0203125
0 0.4796875 0.30234375 0.01875 0.01875
0 0.5046875 0.303125 0.01875 0.021875
0 0.49375 0.3234375 0.01875 0.01875
0 0.465625 0.31640625 0.0203125 0.01875
0 0.453125 0.35 0.01875 0.01875
0 0.453125 0.36796875 0.01875 0.01875
0 0.34765625 0.30703125 0.021875 0.01875
0 0.19140625 0.26640625 0.021875 0.021875
0 0.225 0.33359375 0.0171875 0.0203125
0 0.19453125 0.35078125 0.01875 0.01875
0 0.16796875 0.3171875 0.015625 0.01875
0 0.18046875 0.33515625 0.015625 0.01875
0 0.1703125 0.35078125 0.01875 0.01875
0 0.1421875 0.31875 0.0203125 0.021875
0 0.16015625 0.3359375 0.0171875 0.0203125
0 0.140625 0.3421875 0.0171875 0.0203125
0 0.125 0.38046875 0.01875 0.0203125
0 0.10234375 0.403125 0.01875 0.01875
0 0.10859375 0.4203125 0.01875 0.01875
0 0.12578125 0.42421875 0.0171875 0.01875
0 0.24453125 0.43515625 0.0171875 0.01875
0 0.25546875 0.45 0.01875 0.01875
0 0.25625 0.46875 0.015625 0.01875
0 0.2359375 0.4640625 0.015625 0.01875
0 0.34140625 0.4171875 0.01875 0.01875
0 0.3953125 0.3984375 0.01875 0.01875
0 0.4078125 0.41796875 0.01875 0.01875
0 0.39140625 0.425 0.015625 0.0171875
0 0.3296875 0.43828125 0.01875 0.021875
0 0.32734375 0.4578125 0.0171875 0.01875
0 0.34921875 0.46640625 0.015625 0.01875
0 0.3796875 0.46328125 0.01875 0.01875
0 0.33046875 0.4765625 0.015625 0.015625
0 0.34453125 0.48515625 0.015625 0.0171875
0 0.3640625 0.48203125 0.01875 0.01875
0 0.390625 0.48515625 0.01875 0.01875
0 0.390625 0.50703125 0.0171875 0.01875
0 0.375 0.49921875 0.015625 0.015625
0 0.3703125 0.51484375 0.01875 0.01875
0 0.35859375 0.5 0.01875 0.015625
0 0.33203125 0.49453125 0.0171875 0.01875
0 0.3140625 0.47578125 0.015625 0.0171875
0 0.31328125 0.49453125 0.01875 0.0171875
0 0.2921875 0.4875 0.015625 0.01875
0 0.2984375 0.50625 0.015625 0.015625
0 0.26875 0.49296875 0.01875 0.01875
0 0.2765625 0.515625 0.01875 0.01875
0 0.32421875 0.51171875 0.01875 0.015625
0 0.34453125 0.509375 0.0171875 0.0171875
0 0.3546875 0.52421875 0.015625 0.01875
0 0.36796875 0.5375 0.015625 0.0203125
0 0.33828125 0.52734375 0.0171875 0.01875
0 0.35 0.54375 0.015625 0.01875
0 0.31796875 0.528125 0.01875 0.015625
0 0.24765625 0.5234375 0.015625 0.01875
0 0.2625 0.53515625 0.0171875 0.0171875
0 0.2609375 0.55234375 0.0171875 0.01875
0 0.23046875 0.55703125 0.0171875 0.01875
0 0.20234375 0.55 0.0171875 0.0203125
0 0.25234375 0.578125 0.0171875 0.0171875
0 0.278125 0.56875 0.01875 0.0171875
0 0.28203125 0.5875 0.01875 0.01875
0 0.30703125 0.58515625 0.0171875 0.01875
0 0.26484375 0.59921875 0.015625 0.0203125
0 0.2875 0.61484375 0.01875 0.01875
0 0.3265625 0.59609375 0.015625 0.0171875
0 0.3234375 0.6125 0.0171875 0.0171875
0 0.34453125 0.5921875 0.0171875 0.01875
0 0.3625 0.59140625 0.015625 0.01875
0 0.35234375 0.56484375 0.01875 0.01875
0 0.3515625 0.6078125 0.015625 0.0171875
0 0.3703125 0.60546875 0.015625 0.01875
0 0.521875 0.57265625 0.01875 0.01875
0 0.565625 0.4765625 0.0171875 0.01875
0 0.6 0.5046875 0.01875 0.01875
0 0.62890625 0.496875 0.0203125 0.0234375
0 0.68984375 0.46484375 0.021875 0.0203125
0 0.79453125 0.51484375 0.01875 0.021875
0 0.84453125 0.44765625 0.01875 0.021875
0 0.421875 0.5734375 0.01875 0.0203125
0 0.4203125 0.59609375 0.01875 0.0203125
0 0.4375 0.61171875 0.015625 0.0171875
0 0.453125 0.61796875 0.01875 0.01875
0 0.4390625 0.6296875 0.015625 0.0171875
0 0.41171875 0.61328125 0.015625 0.015625
0 0.41875 0.6296875 0.015625 0.015625
0 0.39375 0.61171875 0.0171875 0.01875
0 0.3984375 0.62890625 0.015625 0.01875
0 0.39921875 0.6453125 0.0171875 0.015625
0 0.384375 0.63515625 0.015625 0.0171875
0 0.37109375 0.62265625 0.015625 0.0171875
0 0.35390625 0.625 0.01875 0.0171875
0 0.36640625 0.63984375 0.015625 0.015625
0 0.38125 0.65234375 0.015625 0.015625
0 0.39765625 0.6625 0.01875 0.015625
0 0.42890625 0.65390625 0.01875 0.01875
0 0.44140625 0.66484375 0.015625 0.01875
0 0.4203125 0.66953125 0.0171875 0.0171875
0 0.403125 0.68046875 0.015625 0.01875
0 0.41953125 0.6953125 0.015625 0.0171875
0 0.44140625 0.6921875 0.015625 0.01875
0 0.43671875 0.7125 0.0171875 0.0171875
0 0.41953125 0.71484375 0.01875 0.01875
0 0.39765625 0.696875 0.0171875 0.01875
0 0.39140625 0.71328125 0.01875 0.0171875
0 0.38203125 0.675 0.015625 0.01875
0 0.36875 0.690625 0.015625 0.01875
0 0.359375 0.67421875 0.0171875 0.01875
0 0.36328125 0.65625 0.0171875 0.0171875
0 0.34296875 0.659375 0.0171875 0.01875
0 0.34765625 0.6421875 0.015625 0.01875
0 0.3328125 0.62890625 0.015625 0.01875
0 0.32734375 0.65 0.01875 0.015625
0 0.3 0.6609375 0.0171875 0.01875
0 0.346875 0.7140625 0.0171875 0.01875
0 0.3609375 0.746875 0.01875 0.01875
0 0.40546875 0.75625 0.0203125 0.0171875
0 0.428125 0.74140625 0.01875 0.0203125
0 0.3 0.7109375 0.01875 0.01875
0 0.296875 0.72890625 0.015625 0.0171875
0 0.2796875 0.73203125 0.01875 0.01875
0 0.2640625 0.7484375 0.01875 0.01875
0 0.271875 0.76953125 0.01875 0.0171875
0 0.2421875 0.7625 0.01875 0.01875
0 0.26171875 0.78203125 0.01875 0.01875
0 0.25859375 0.79921875 0.0171875 0.015625
0 0.25859375 0.8203125 0.0203125 0.01875
0 0.34765625 0.76640625 0.01875 0.01875
0 0.35625 0.78984375 0.0171875 0.0203125
0 0.3375 0.7796875 0.01875 0.01875
0 0.33125 0.79765625 0.0171875 0.015625
0 0.3453125 0.80703125 0.01875 0.0171875
0 0.1984375 0.82421875 0.0171875 0.01875