0 0.2953125 0.2890625 0.0234375 0.025
0 0.28671875 0.31015625 0.0234375 0.025
0 0.29453125 0.32890625 0.025 0.025
0 0.31640625 0.34296875 0.0265625 0.028125
0 0.309375 0.31640625 0.025 0.0265625
0 0.3234375 0.29609375 0.0265625 0.0296875
0 0.3296875 0.3203125 0.0265625 0.0296875
0 0.23515625 0.203125 0.0296875 0.0296875
0 0.2578125 0.13046875 0.028125 0.0328125
0 0.29375 0.1625 0.0265625 0.0296875
0 0.27265625 0.190625 0.0234375 0.028125
0 0.25625 0.2359375 0.025 0.028125
0 0.265625 0.25234375 0.0234375 0.0265625
0 0.28203125 0.25703125 0.0234375 0.0265625
0 0.29765625 0.26640625 0.0234375 0.025
0 0.31640625 0.26328125 0.0265625 0.0296875
0 0.29921875 0.2421875 0.0234375 0.028125
0 0.31484375 0.234375 0.0234375 0.0296875
0 0.30703125 0.20625 0.0234375 0.025
0 0.32890625 0.19140625 0.025 0.028125
0 0.33515625 0.2375 0.0234375 0.025
0 0.3671875 0.203125 0.0265625 0.03125
0 0.353125 0.2453125 0.0234375 0.025
0 0.3640625 0.275 0.0234375 0.0265625
0 0.39609375 0.2140625 0.025 0.028125
0 0.37109375 0.25234375 0.0234375 0.028125
0 0.378125 0.23125 0.0265625 0.0296875
0 0.39765625 0.23984375 0.025 0.028125
0 0.3796875 0.284375 0.025 0.028125
0 0.35703125 0.3125 0.0265625 0.0265625
0 0.38046875 0.33828125 0.028125 0.0296875
0 0.3875 0.30625 0.0296875 0.0265625
0 0.4015625 0.28203125 0.0265625 0.03125
0 0.4171875 0.26484375 0.028125 0.0296875
0 0.41953125 0.24140625 0.0265625 0.03125
0 0.41796875 0.21640625 0.0265625 0.0296875
0 0.44296875 0.21640625 0.0265625 0.0296875
0 0.44453125 0.24453125 0.0296875 0.0328125
0 0.46953125 0.22421875 0.03125 0.0328125
0 0.48203125 0.2484375 0.03125 0.0359375
0 0.4984375 0.20078125 0.0328125 0.0328125
0 0.51328125 0.23984375 0.0296875 0.0328125
0 0.51875 0.21171875 0.0296875 0.0296875
0 0.571875 0.24921875 0.0296875 0.0328125
0 0.54609375 0.23671875 0.0296875 0.0328125
0 0.55390625 0.271875 0.03125 0.034375
0 0.57421875 0.28125 0.0296875 0.034375
0 0.5953125 0.296875 0.034375 0.0359375
0 0.16484375 0.59765625 0.0234375 0.025
0 0.1671875 0.628125 0.0234375 0.025
0 0.18671875 0.6234375 0.0265625 0.0296875
0 0.19921875 0.49296875 0.0265625 0.0296875
0 0.22109375 0.44765625 0.0265625 0.0296875
0 0.25546875 0.415625 0.0265625 0.0328125
0 0.37265625 0.39140625 0.0265625 0.0328125
0 0.30078125 0.41171875 0.025 0.028125
0 0.27890625 0.45625 0.025 0.028125
0 0.30078125 0.44140625 0.025 0.028125
0 0.32265625 0.43359375 0.0265625 0.03125
0 0.34375 0.43515625 0.025 0.028125
0 0.3609375 0.45078125 0.0265625 0.0296875
0 0.3046875 0.49296875 0.0296875 0.0296875
0 0.33828125 0.48359375 0.0265625 0.03125
0 0.3125 0.58828125 0.0296875 0.0328125
0 0.3484375 0.521875 0.0265625 0.03125
0 0.36484375 0.4828125 0.0265625 0.0296875
0 0.38046875 0.46640625 0.0265625 0.0296875
0 0.40859375 0.4875 0.0296875 0.03125
0 0.42109375 0.46171875 0.0265625 0.03125
0 0.43046875 0.36328125 0.0265625 0.0296875
0 0.45546875 0.37890625 0.0296875 0.0328125
0 0.48125 0.39375 0.03125 0.0296875
0 0.48359375 0.41875 0.0296875 0.0296875
0 0.52109375 0.5234375 0.0328125 0.03125
0 0.52734375 0.55234375 0.0296875 0.0328125
0 0.4390625 0.790625 0.0296875 0.0296875
0 0.3875 0.6765625 0.03125 0.0296875
0 0.41484375 0.665625 0.0296875 0.03125
0 0.37734375 0.63359375 0.0296875 0.0328125
0 0.384375 0.5859375 0.0265625 0.03125
0 0.3671875 0.57265625 0.0265625 0.0328125
0 0.375 0.51484375 0.0265625 0.0296875
0 0.3984375 0.52265625 0.0265625 0.0296875
0 0.41796875 0.51796875 0.0296875 0.028125
0 0.39765625 0.55625 0.0265625 0.0296875
0 0.41953125 0.54296875 0.028125 0.0328125
0 0.41171875 0.58203125 0.0265625 0.0328125
0 0.4375 0.5546875 0.028125 0.0296875
0 0.43203125 0.58984375 0.0296875 0.0296875
0 0.453125 0.575 0.0296875 0.0296875
0 0.50546875 0.68125 0.0328125 0.0328125
0 0.50390625 0.6546875 0.0328125 0.0328125
0 0.4796875 0.62890625 0.0296875 0.0296875
0 0.5 0.6203125 0.0296875 0.03125
0 0.5296875 0.615625 0.0328125 0.0328125
0 0.5515625 0.6921875 0.0328125 0.0328125
0 0.61640625 0.5546875 0.0375 0.0375
0 0.60859375 0.5125 0.0328125 0.0328125
0 0.61328125 0.48359375 0.0328125 0.0328125
0 0.675 0.35078125 0.0375 0.0375