0 0.303125 0.08125 0.0234375 0.0265625
0 0.38203125 0.16640625 0.025 0.0265625
0 0.33125 0.18671875 0.0234375 0.0265625
0 0.22734375 0.24609375 0.021875 0.0265625
0 0.2109375 0.2515625 0.0234375 0.0234375
0 0.27578125 0.396875 0.0265625 0.0265625
0 0.34140625 0.35546875 0.0234375 0.0234375
0 0.35234375 0.37734375 0.0265625 0.021875
0 0.35234375 0.40390625 0.0234375 0.0234375
0 0.3390625 0.41953125 0.021875 0.0234375
0 0.4390625 0.21796875 0.0234375 0.025
0 0.4765625 0.228125 0.025 0.025
0 0.62578125 0.146875 0.0265625 0.0265625
0 0.6 0.16171875 0.0234375 0.028125
0 0.63046875 0.1875 0.025 0.0265625
0 0.6046875 0.25 0.0265625 0.0265625
0 0.62421875 0.284375 0.0234375 0.021875
0 0.62890625 0.3046875 0.025 0.0203125
0 0.653125 0.29765625 0.0234375 0.0234375
0 0.4828125 0.36875 0.025 0.0234375
0 0.5078125 0.375 0.0234375 0.0234375
0 0.58203125 0.36875 0.0234375 0.021875
0 0.5703125 0.38359375 0.0234375 0.021875
0 0.56015625 0.403125 0.0234375 0.0234375
0 0.47890625 0.4109375 0.0265625 0.0234375
0 0.46953125 0.43359375 0.0234375 0.0234375
0 0.475 0.45625 0.0234375 0.025
0 0.55390625 0.47421875 0.0234375 0.025
0 0.54453125 0.50078125 0.0234375 0.0234375
0 0.28046875 0.47734375 0.0234375 0.0265625
0 0.2984375 0.465625 0.0234375 0.0234375
0 0.38828125 0.475 0.0234375 0.0234375
0 0.346875 0.49921875 0.0234375 0.0265625
0 0.26796875 0.51953125 0.0234375 0.0265625
0 0.27265625 0.55625 0.025 0.025
0 0.296875 0.5609375 0.0234375 0.0234375
0 0.28203125 0.59375 0.0234375 0.0265625
0 0.3109375 0.59140625 0.025 0.0234375
0 0.27890625 0.71328125 0.0265625 0.0265625
0 0.2984375 0.67890625 0.0234375 0.0234375
0 0.3 0.64453125 0.0234375 0.0234375
0 0.36484375 0.6546875 0.0234375 0.0234375
0 0.44921875 0.5921875 0.0265625 0.025
0 0.4578125 0.61640625 0.0234375 0.0234375
0 0.50546875 0.62265625 0.0234375 0.0234375
0 0.51484375 0.64609375 0.0234375 0.025
0 0.47265625 0.6421875 0.0234375 0.0234375
0 0.46875 0.66328125 0.0234375 0.025
0 0.5125 0.6828125 0.021875 0.0234375
0 0.490625 0.7 0.0203125 0.0234375
0 0.409375 0.665625 0.0234375 0.0234375
0 0.43359375 0.675 0.0234375 0.0234375
0 0.36015625 0.69453125 0.0234375 0.021875
0 0.38046875 0.68515625 0.021875 0.0234375
0 0.428125 0.7359375 0.0234375 0.0265625
0 0.3765625 0.7078125 0.0203125 0.021875
0 0.3609375 0.72734375 0.0234375 0.0234375
0 0.38125 0.73515625 0.0234375 0.0234375
0 0.33984375 0.734375 0.021875 0.021875
0 0.353125 0.75 0.0234375 0.025
0 0.28984375 0.78125 0.0234375 0.0234375
0 0.30625 0.796875 0.025 0.0234375
0 0.26171875 0.78984375 0.021875 0.0234375
0 0.2859375 0.80625 0.021875 0.0234375
0 0.34921875 0.8046875 0.0234375 0.0234375
0 0.39140625 0.78828125 0.021875 0.025
0 0.36640625 0.81953125 0.0234375 0.0234375
0 0.6140625 0.51796875 0.0234375 0.0234375
0 0.684375 0.5109375 0.0234375 0.0234375
0 0.70859375 0.509375 0.0203125 0.021875
0 0.71484375 0.528125 0.0203125 0.0203125
0 0.73125 0.540625 0.0203125 0.021875
0 0.7125 0.5546875 0.0234375 0.0234375
0 0.65078125 0.59375 0.0234375 0.0234375
0 0.61484375 0.61328125 0.0234375 0.0234375
0 0.590625 0.6265625 0.0234375 0.0234375
0 0.58359375 0.64453125 0.021875 0.021875
0 0.6046875 0.653125 0.0234375 0.0234375
0 0.55546875 0.68671875 0.0234375 0.0234375
0 0.5734375 0.6703125 0.0203125 0.0234375
0 0.59375 0.6765625 0.021875 0.0234375
0 0.5765625 0.690625 0.0203125 0.0203125
0 0.58828125 0.69609375 0.0203125 0.021875
0 0.60625 0.6953125 0.0234375 0.0234375
0 0.57890625 0.7171875 0.021875 0.0234375
0 0.59921875 0.7171875 0.0234375 0.0234375
0 0.5 0.7359375 0.0234375 0.025
0 0.61640625 0.753125 0.0234375 0.0234375
0 0.58828125 0.73671875 0.0234375 0.021875
0 0.5953125 0.75859375 0.025 0.025
0 0.57265625 0.79140625 0.0234375 0.0234375
0 0.4671875 0.87265625 0.0296875 0.028125
0 0.4484375 0.84296875 0.0234375 0.0265625
0 0.48046875 0.803125 0.0234375 0.025
0 0.55234375 0.80078125 0.0234375 0.0265625
0 0.54140625 0.8359375 0.025 0.0265625
0 0.59296875 0.82421875 0.0265625 0.025
0 0.6 0.846875 0.025 0.025
0 0.66328125 0.87421875 0.0265625 0.0265625
0 0.64921875 0.91015625 0.0265625 0.025