0 0.35546875 0.04375 0.025 0.0234375
0 0.2796875 0.13515625 0.02265625 0.021875
0 0.2890625 0.17578125 0.02265625 0.02265625
0 0.28125 0.203125 0.0234375 0.0234375
0 0.60703125 0.1296875 0.02265625 0.0234375
0 0.58359375 0.1546875 0.02421875 0.02109375
0 0.58828125 0.17734375 0.02265625 0.02421875
0 0.49296875 0.1984375 0.02265625 0.02421875
0 0.55625 0.19609375 0.02421875 0.0265625
0 0.59140625 0.228125 0.021875 0.02421875
0 0.54765625 0.2671875 0.02265625 0.0234375
0 0.53046875 0.2875 0.02265625 0.02421875
0 0.56171875 0.2875 0.02265625 0.02421875
0 0.58984375 0.35546875 0.02109375 0.02421875
0 0.75703125 0.36015625 0.02265625 0.02421875
0 0.46328125 0.34921875 0.021875 0.025
0 0.51875 0.3484375 0.02109375 0.02265625
0 0.50390625 0.37890625 0.0234375 0.0234375
0 0.5640625 0.36875 0.02109375 0.02265625
0 0.54375 0.37890625 0.02265625 0.02265625
0 0.56953125 0.39921875 0.021875 0.0234375
0 0.565625 0.4515625 0.02265625 0.025
0 0.509375 0.4359375 0.02421875 0.02421875
0 0.4671875 0.48828125 0.021875 0.02421875
0 0.475 0.5234375 0.0234375 0.02421875
0 0.346875 0.484375 0.02265625 0.02421875
0 0.3609375 0.50625 0.02265625 0.02421875
0 0.3609375 0.55546875 0.025 0.02421875
0 0.26328125 0.35390625 0.02578125 0.02421875
0 0.2625 0.38359375 0.02421875 0.025
0 0.2609375 0.409375 0.02734375 0.02265625
0 0.2390625 0.421875 0.02421875 0.02421875
0 0.18828125 0.4765625 0.025 0.0234375
0 0.2265625 0.45390625 0.0234375 0.0234375
0 0.25390625 0.4859375 0.0234375 0.0234375
0 0.271875 0.49921875 0.0234375 0.02421875
0 0.26328125 0.52421875 0.02421875 0.02578125
0 0.2578125 0.56953125 0.02421875 0.02734375
0 0.7171875 0.4921875 0.02421875 0.02109375
0 0.5140625 0.56953125 0.02578125 0.02421875
0 0.57109375 0.51484375 0.02578125 0.0234375
0 0.63046875 0.52109375 0.025 0.0234375
0 0.69296875 0.54296875 0.0234375 0.02421875
0 0.67421875 0.5640625 0.02421875 0.02421875
0 0.6359375 0.5875 0.0234375 0.02265625
0 0.62578125 0.60546875 0.021875 0.02421875
0 0.603125 0.6234375 0.0234375 0.0234375
0 0.5765625 0.62578125 0.0234375 0.02421875
0 0.56484375 0.64765625 0.021875 0.02421875
0 0.58671875 0.64921875 0.0234375 0.02265625
0 0.571875 0.67109375 0.0234375 0.02265625
0 0.63359375 0.65390625 0.02578125 0.02421875
0 0.5921875 0.69140625 0.0234375 0.0234375
0 0.609375 0.6734375 0.02421875 0.02421875
0 0.65546875 0.6828125 0.02421875 0.02421875
0 0.6109375 0.72109375 0.028125 0.02421875
0 0.63984375 0.70234375 0.025 0.02578125
0 0.68359375 0.71328125 0.0234375 0.0265625
0 0.640625 0.728125 0.025 0.02265625
0 0.6328125 0.74921875 0.02578125 0.02421875
0 0.70703125 0.7703125 0.02421875 0.02734375
0 0.68203125 0.77734375 0.025 0.025
0 0.53515625 0.67734375 0.02265625 0.02421875
0 0.478125 0.70703125 0.025 0.025
0 0.48203125 0.640625 0.02578125 0.025
0 0.403125 0.6171875 0.02265625 0.0265625
0 0.43046875 0.62734375 0.02265625 0.02421875
0 0.33515625 0.61328125 0.025 0.0265625
0 0.3828125 0.6453125 0.02265625 0.025
0 0.3828125 0.6734375 0.02265625 0.0234375
0 0.4078125 0.68828125 0.0234375 0.02578125
0 0.34140625 0.70390625 0.0234375 0.02421875
0 0.3703125 0.69609375 0.0234375 0.0234375
0 0.38671875 0.7109375 0.02109375 0.025
0 0.45546875 0.7546875 0.0265625 0.02734375
0 0.37578125 0.7421875 0.021875 0.025
0 0.4046875 0.753125 0.02421875 0.02578125
0 0.3515625 0.7328125 0.02421875 0.02421875
0 0.35078125 0.75703125 0.0265625 0.021875
0 0.359375 0.77734375 0.02421875 0.02421875
0 0.38671875 0.7796875 0.02265625 0.025
0 0.28515625 0.68046875 0.0234375 0.02421875
0 0.26640625 0.72734375 0.0265625 0.02734375
0 0.30625 0.753125 0.02421875 0.021875
0 0.31640625 0.7765625 0.0234375 0.02421875
0 0.325 0.80078125 0.0234375 0.0265625
0 0.2796875 0.7859375 0.02265625 0.025
0 0.2765625 0.81796875 0.025 0.02578125
0 0.32265625 0.83203125 0.02421875 0.02578125
0 0.48046875 0.8125 0.02421875 0.0234375
0 0.48671875 0.8390625 0.025 0.0296875
0 0.4859375 0.88125 0.028125 0.02890625
0 0.54921875 0.81875 0.0265625 0.02578125
0 0.5453125 0.85390625 0.02578125 0.0265625
0 0.61640625 0.8140625 0.02578125 0.0265625
0 0.63984375 0.85078125 0.02421875 0.025
0 0.65390625 0.87265625 0.021875 0.025
0 0.6671875 0.9 0.0265625 0.02578125
0 0.64296875 0.9390625 0.02421875 0.02734375