0 0.38515625 0.915625 0.0203125 0.01953125
0 0.384375 0.896875 0.021875 0.01875
0 0.36484375 0.85625 0.025 0.021875
0 0.36015625 0.80859375 0.021875 0.021875
0 0.390625 0.76875 0.0234375 0.021875
0 0.40625 0.746875 0.0203125 0.02109375
0 0.38671875 0.74296875 0.0203125 0.02109375
0 0.365625 0.73984375 0.021875 0.0234375
0 0.43046875 0.71640625 0.02265625 0.02265625
0 0.4078125 0.71875 0.02265625 0.0234375
0 0.4515625 0.7078125 0.0203125 0.0234375
0 0.5625 0.80546875 0.02265625 0.02421875
0 0.62109375 0.7515625 0.0203125 0.021875
0 0.59140625 0.7515625 0.02109375 0.01953125
0 0.603125 0.73515625 0.0203125 0.01953125
0 0.62578125 0.72734375 0.0203125 0.01953125
0 0.5796875 0.7328125 0.021875 0.02109375
0 0.59375 0.71640625 0.0203125 0.02109375
0 0.565625 0.71484375 0.02109375 0.02265625
0 0.5296875 0.73203125 0.02421875 0.02109375
0 0.65078125 0.68671875 0.02265625 0.02265625
0 0.67890625 0.66484375 0.021875 0.02265625
0 0.67421875 0.6453125 0.01953125 0.02265625
0 0.65390625 0.63828125 0.021875 0.021875
0 0.515625 0.6453125 0.0203125 0.02109375
0 0.53046875 0.62734375 0.02109375 0.02421875
0 0.55234375 0.60859375 0.02109375 0.02265625
0 0.425 0.62578125 0.021875 0.021875
0 0.40625 0.63515625 0.02109375 0.02109375
0 0.38515625 0.63125 0.0203125 0.02421875
0 0.365625 0.63671875 0.0203125 0.02265625
0 0.34375 0.63828125 0.02109375 0.02265625
0 0.35 0.6671875 0.021875 0.021875
0 0.32421875 0.675 0.02265625 0.02265625
0 0.353125 0.6890625 0.02265625 0.021875
0 0.378125 0.7015625 0.021875 0.021875
0 0.40234375 0.6953125 0.02109375 0.021875
0 0.34921875 0.6140625 0.0234375 0.0203125
0 0.359375 0.596875 0.021875 0.021875
0 0.39296875 0.61328125 0.0203125 0.02109375
0 0.4140625 0.60859375 0.01953125 0.02265625
0 0.43984375 0.59765625 0.02109375 0.0234375
0 0.41953125 0.58671875 0.0203125 0.02109375
0 0.39609375 0.5828125 0.021875 0.02109375
0 0.3671875 0.578125 0.021875 0.02109375
0 0.3375 0.57265625 0.02265625 0.02421875
0 0.3453125 0.55390625 0.021875 0.021875
0 0.3734375 0.55625 0.021875 0.02109375
0 0.4125 0.56484375 0.02265625 0.02109375
0 0.39453125 0.553125 0.01953125 0.0203125
0 0.3796875 0.534375 0.02109375 0.02109375
0 0.40234375 0.525 0.021875 0.02109375
0 0.359375 0.5390625 0.0203125 0.0203125
0 0.34375 0.5265625 0.02265625 0.021875
0 0.36484375 0.5171875 0.02109375 0.02109375
0 0.3703125 0.49765625 0.021875 0.02109375
0 0.3953125 0.48125 0.0234375 0.02265625
0 0.359375 0.48125 0.021875 0.02109375
0 0.3421875 0.46484375 0.02109375 0.02265625
0 0.35078125 0.44609375 0.021875 0.021875
0 0.346875 0.425 0.02109375 0.021875
0 0.31953125 0.5046875 0.02109375 0.02421875
0 0.29921875 0.51015625 0.021875 0.0234375
0 0.303125 0.53046875 0.025 0.02109375
0 0.2890625 0.4828125 0.02265625 0.02421875
0 0.2984375 0.4453125 0.021875 0.021875
0 0.3125 0.43046875 0.02109375 0.0234375
0 0.325 0.41875 0.0203125 0.02421875
0 0.3046875 0.41171875 0.021875 0.021875
0 0.28203125 0.4125 0.02109375 0.021875
0 0.25859375 0.41796875 0.0234375 0.0234375
0 0.4890625 0.55703125 0.02109375 0.02265625
0 0.46875 0.54140625 0.02109375 0.02265625
0 0.4703125 0.51875 0.021875 0.02109375
0 0.56015625 0.5359375 0.02265625 0.02265625
0 0.54765625 0.5015625 0.021875 0.02265625
0 0.58046875 0.49609375 0.0203125 0.021875
0 0.59921875 0.48125 0.02109375 0.02421875
0 0.54921875 0.48046875 0.02421875 0.0234375