0 0.109375 0.621875 0.0421875 0.0421875
0 0.21953125 0.67890625 0.0375 0.0359375
0 0.2484375 0.71484375 0.0359375 0.034375
0 0.25703125 0.64609375 0.0375 0.0375
0 0.25234375 0.6796875 0.034375 0.03125
0 0.24921875 0.43828125 0.0375 0.0375
0 0.26328125 0.61328125 0.034375 0.0296875
0 0.290625 0.640625 0.034375 0.03125
0 0.284375 0.67265625 0.0359375 0.0296875
0 0.2828125 0.70390625 0.03125 0.0359375
0 0.296875 0.6078125 0.034375 0.03125
0 0.30703125 0.553125 0.03125 0.034375
0 0.3171875 0.58359375 0.0328125 0.03125
0 0.3328125 0.61875 0.03125 0.03125
0 0.325 0.6515625 0.03125 0.03125
0 0.3140625 0.68203125 0.03125 0.034375
0 0.3140625 0.71484375 0.03125 0.03125
0 0.34453125 0.7125 0.03125 0.03125
0 0.3390625 0.559375 0.03125 0.03125
0 0.3484375 0.58984375 0.0296875 0.028125
0 0.36484375 0.61640625 0.0296875 0.0296875
0 0.35625 0.64609375 0.028125 0.03125
0 0.34453125 0.6796875 0.0296875 0.03125
0 0.375 0.70234375 0.03125 0.034375
0 0.38828125 0.63671875 0.03125 0.03125
0 0.37421875 0.6703125 0.028125 0.03125
0 0.39296875 0.6046875 0.03125 0.0296875
0 0.36875 0.54609375 0.03125 0.0328125
0 0.375 0.5765625 0.028125 0.028125
0 0.36953125 0.5140625 0.03125 0.03125
0 0.39921875 0.5375 0.0328125 0.0296875
0 0.403125 0.56953125 0.03125 0.03125
0 0.42109375 0.59375 0.025 0.0265625
0 0.415625 0.62421875 0.028125 0.028125
0 0.40390625 0.66328125 0.028125 0.03125
0 0.40703125 0.6984375 0.03125 0.03125
0 0.43359375 0.6453125 0.028125 0.028125
0 0.43125 0.6765625 0.0296875 0.0328125
0 0.46328125 0.67421875 0.03125 0.03125
0 0.4609375 0.64375 0.0296875 0.03125
0 0.446875 0.58828125 0.0265625 0.0265625
0 0.44921875 0.6171875 0.03125 0.0296875
0 0.4328125 0.56640625 0.028125 0.028125
0 0.421875 0.5109375 0.03125 0.0296875
0 0.44140625 0.53515625 0.03125 0.03125
0 0.45859375 0.5625 0.028125 0.028125
0 0.43828125 0.48828125 0.028125 0.0296875
0 0.45703125 0.50859375 0.025 0.025
0 0.46796875 0.5359375 0.0265625 0.03125
0 0.47421875 0.5890625 0.028125 0.03125
0 0.47890625 0.61875 0.0265625 0.028125
0 0.45625 0.41875 0.03125 0.03125
0 0.47265625 0.45078125 0.028125 0.03125
0 0.4640625 0.48046875 0.025 0.034375
0 0.490625 0.48828125 0.028125 0.028125
0 0.4890625 0.5171875 0.025 0.028125
0 0.503125 0.540625 0.028125 0.028125
0 0.4921875 0.5671875 0.0265625 0.0265625
0 0.4984375 0.5953125 0.028125 0.028125
0 0.50859375 0.6234375 0.0296875 0.028125
0 0.55 0.69296875 0.028125 0.0296875
0 0.53984375 0.62109375 0.028125 0.028125
0 0.51796875 0.5640625 0.028125 0.028125
0 0.5234375 0.596875 0.025 0.028125
0 0.53046875 0.53515625 0.028125 0.028125
0 0.51875 0.48671875 0.028125 0.0296875
0 0.5359375 0.5109375 0.028125 0.028125
0 0.5015625 0.46015625 0.028125 0.028125
0 0.54453125 0.56171875 0.025 0.028125
0 0.5484375 0.59140625 0.025 0.0265625
0 0.57421875 0.58984375 0.025 0.028125
0 0.55859375 0.53828125 0.0265625 0.028125
0 0.5546875 0.478125 0.03125 0.034375
0 0.5640625 0.51015625 0.03125 0.025
0 0.54765625 0.446875 0.028125 0.03125
0 0.58125 0.53671875 0.0265625 0.0296875
0 0.5703125 0.5609375 0.0234375 0.028125
0 0.56796875 0.4234375 0.025 0.0265625
0 0.5765625 0.45234375 0.028125 0.03125
0 0.58671875 0.40703125 0.0265625 0.0265625
0 0.60546875 0.44375 0.025 0.028125
0 0.63203125 0.4453125 0.025 0.03125
0 0.61640625 0.41953125 0.028125 0.028125
0 0.6046875 0.478125 0.028125 0.028125
0 0.6125 0.5078125 0.021875 0.025
0 0.60703125 0.53515625 0.0234375 0.028125
0 0.6234375 0.5515625 0.025 0.0265625
0 0.615625 0.57578125 0.025 0.028125
0 0.58984375 0.509375 0.0234375 0.028125
0 0.59609375 0.559375 0.025 0.025
0 0.60703125 0.60234375 0.0234375 0.028125
0 0.59609375 0.5921875 0.01875 0.0265625
0 0.59140625 0.62578125 0.025 0.028125
0 0.60859375 0.64609375 0.0234375 0.028125
0 0.6328125 0.64453125 0.0234375 0.028125
0 0.6265625 0.61640625 0.025 0.025
0 0.6359375 0.59140625 0.025 0.025
0 0.64375 0.56640625 0.0234375 0.028125
0 0.66953125 0.55546875 0.025 0.021875
0 0.66171875 0.58359375 0.0234375 0.028125
0 0.665625 0.61015625 0.021875 0.025
0 0.6515625 0.54140625 0.0234375 0.025
0 0.63984375 0.50078125 0.025 0.028125
0 0.65 0.5140625 0.0234375 0.025
0 0.671875 0.503125 0.021875 0.0265625
0 0.6828125 0.5265625 0.021875 0.0265625
0 0.6921875 0.55078125 0.0234375 0.028125
0 0.69375 0.50234375 0.0203125 0.028125
0 0.7046875 0.47890625 0.021875 0.0265625
0 0.71328125 0.53046875 0.0234375 0.025
0 0.71171875 0.5578125 0.0203125 0.028125
0 0.68671875 0.58359375 0.025 0.028125
0 0.7015625 0.60234375 0.021875 0.0265625
0 0.684375 0.6296875 0.025 0.028125
0 0.69765625 0.65546875 0.025 0.025
0 0.65078125 0.7359375 0.028125 0.0296875
0 0.7171875 0.62890625 0.021875 0.025
0 0.72109375 0.5921875 0.0234375 0.0265625
0 0.74140625 0.5875 0.0234375 0.025
0 0.74765625 0.615625 0.0234375 0.0265625
0 0.7671875 0.6046875 0.021875 0.025
0 0.73359375 0.565625 0.021875 0.0296875
0 0.7625 0.5546875 0.021875 0.025
0 0.75625 0.5171875 0.021875 0.028125
0 0.73984375 0.53984375 0.021875 0.025
0 0.759375 0.478125 0.025 0.0296875
0 0.75859375 0.44140625 0.021875 0.025
0 0.7671875 0.38828125 0.021875 0.0265625
0 0.7625 0.415625 0.0203125 0.028125
0 0.809375 0.353125 0.021875 0.025
0 0.82421875 0.38046875 0.021875 0.025
0 0.82265625 0.40859375 0.021875 0.025
0 0.840625 0.41640625 0.025 0.025
0 0.8625 0.415625 0.01875 0.021875
0 0.871875 0.3671875 0.021875 0.025
0 0.89296875 0.38203125 0.0234375 0.025
0 0.8359375 0.4859375 0.025 0.028125
0 0.80234375 0.51484375 0.025 0.028125
0 0.81015625 0.546875 0.0234375 0.028125
0 0.81328125 0.578125 0.021875 0.028125
0 0.80546875 0.61484375 0.025 0.0265625
0 0.83203125 0.57890625 0.025 0.0296875
0 0.85625 0.58125 0.021875 0.028125
0 0.8640625 0.55859375 0.0203125 0.0296875