0 0.51328125 0.46484375 0.0109375 0.0125
0 0.521875 0.471875 0.01171875 0.01015625
0 0.52734375 0.48125 0.0109375 0.0125
0 0.5046875 0.471875 0.01171875 0.01171875
0 0.5140625 0.47890625 0.01171875 0.01171875
0 0.50390625 0.459375 0.0109375 0.0109375
0 0.48984375 0.4765625 0.01171875 0.0125
0 0.49609375 0.46640625 0.0109375 0.0125
0 0.490625 0.4875 0.0109375 0.01015625
0 0.5015625 0.4828125 0.0109375 0.01171875
0 0.48046875 0.478125 0.01015625 0.01171875
0 0.46953125 0.46015625 0.0109375 0.01171875
0 0.4796875 0.45625 0.01015625 0.0109375
0 0.46171875 0.4671875 0.0109375 0.009375
0 0.471875 0.471875 0.01015625 0.0109375
0 0.48203125 0.4671875 0.01015625 0.01015625
0 0.48984375 0.45703125 0.01015625 0.0125
0 0.45078125 0.47109375 0.0109375 0.01171875
0 0.4421875 0.4640625 0.0109375 0.01171875
0 0.45390625 0.459375 0.0109375 0.0109375
0 0.46171875 0.45234375 0.0109375 0.0109375
0 0.434375 0.45625 0.01171875 0.0109375
0 0.446875 0.45078125 0.009375 0.0109375
0 0.45625 0.44296875 0.00859375 0.0109375
0 0.471875 0.44921875 0.0109375 0.01015625
0 0.4828125 0.446875 0.01171875 0.01171875
0 0.49765625 0.45 0.01015625 0.01171875
0 0.49921875 0.49375 0.01171875 0.0109375
0 0.43984375 0.47578125 0.01171875 0.01171875
0 0.5328125 0.47109375 0.01015625 0.01328125
0 0.52734375 0.46328125 0.01015625 0.0125
0 0.51953125 0.45546875 0.01171875 0.01171875
0 0.509375 0.45 0.0109375 0.0125
0 0.53359375 0.45390625 0.0109375 0.0109375
0 0.525 0.44765625 0.01015625 0.0125
0 0.43671875 0.44609375 0.01171875 0.01171875
0 0.4453125 0.43984375 0.0109375 0.01015625
0 0.46640625 0.440625 0.0109375 0.0109375
0 0.49296875 0.43046875 0.01171875 0.01171875
0 0.49296875 0.440625 0.0109375 0.009375
0 0.50390625 0.44140625 0.01015625 0.01171875
0 0.50390625 0.43046875 0.0109375 0.01171875
0 0.51640625 0.44140625 0.009375 0.0109375
0 0.53046875 0.4390625 0.01171875 0.01015625
0 0.5390625 0.4453125 0.0109375 0.0109375
0 0.45859375 0.47890625 0.01015625 0.01171875
0 0.42578125 0.45 0.01015625 0.0109375
0 0.43203125 0.46796875 0.0109375 0.0125
0 0.4234375 0.4609375 0.01015625 0.0109375
0 0.41484375 0.45234375 0.01015625 0.01171875
0 0.41796875 0.44140625 0.01015625 0.01171875
0 0.4296875 0.4375 0.0109375 0.0109375
0 0.43984375 0.43125 0.0109375 0.01015625
0 0.4546875 0.4328125 0.009375 0.00859375
0 0.46484375 0.42890625 0.0109375 0.0125
0 0.46328125 0.41875 0.01015625 0.0109375
0 0.47890625 0.42578125 0.01171875 0.0109375
0 0.48828125 0.42109375 0.0109375 0.01171875
0 0.521875 0.4328125 0.0109375 0.01171875
0 0.50078125 0.41953125 0.01015625 0.0109375
0 0.51953125 0.48828125 0.009375 0.01015625
0 0.540625 0.46328125 0.01171875 0.01015625
0 0.54609375 0.4546875 0.0109375 0.0109375
0 0.5515625 0.4328125 0.0109375 0.0109375
0 0.54453125 0.42421875 0.0109375 0.0125
0 0.540625 0.434375 0.01171875 0.0125
0 0.44375 0.421875 0.01171875 0.01015625
0 0.45390625 0.421875 0.0125 0.01171875
0 0.475 0.4171875 0.01015625 0.0109375
0 0.4859375 0.41015625 0.0125 0.0125
0 0.4984375 0.409375 0.0109375 0.0109375
0 0.5203125 0.4109375 0.01015625 0.01171875
0 0.509375 0.41328125 0.0109375 0.0109375
0 0.5328125 0.428125 0.01015625 0.0109375
0 0.5359375 0.40625 0.0109375 0.01171875
0 0.53671875 0.4171875 0.0109375 0.01171875
0 0.57265625 0.4421875 0.0109375 0.0125
0 0.4046875 0.44609375 0.0109375 0.0109375
0 0.41640625 0.46796875 0.0109375 0.01171875
0 0.5625 0.43046875 0.01171875 0.01171875
0 0.5265625 0.4015625 0.01171875 0.0109375
0 0.41875 0.42890625 0.0109375 0.01015625
0 0.51171875 0.403125 0.0109375 0.01015625
0 0.54765625 0.4140625 0.01171875 0.0109375
0 0.54921875 0.475 0.01015625 0.0109375
0 0.52578125 0.49765625 0.01015625 0.009375
0 0.44765625 0.4828125 0.0109375 0.0109375
0 0.48046875 0.4890625 0.0109375 0.01015625
0 0.42890625 0.42578125 0.01171875 0.01015625
0 0.46953125 0.48359375 0.01015625 0.01015625
0 0.5578125 0.453125 0.009375 0.01015625
0 0.55234375 0.44375 0.0109375 0.0109375
0 0.5359375 0.4890625 0.009375 0.01015625
0 0.47890625 0.4390625 0.0125 0.01171875
0 0.52421875 0.42265625 0.0125 0.01171875
0 0.5546875 0.421875 0.0125 0.01328125
0 0.5515625 0.46328125 0.01171875 0.0109375
0 0.5125 0.42421875 0.0125 0.0125
0 0.53984375 0.48046875 0.0109375 0.01171875