0 0.51328125 0.70234375 0.0140625 0.015625
0 0.51171875 0.68515625 0.0140625 0.0140625
0 0.490625 0.68984375 0.0125 0.0140625
0 0.50546875 0.69375 0.0140625 0.0140625
0 0.49921875 0.68359375 0.0125 0.0140625
0 0.50625 0.6734375 0.0125 0.0140625
0 0.51640625 0.66796875 0.0125 0.0140625
0 0.52734375 0.67265625 0.0125 0.0140625
0 0.484375 0.6765625 0.0109375 0.0125
0 0.49453125 0.671875 0.0125 0.0140625
0 0.49921875 0.66171875 0.0140625 0.0125
0 0.48359375 0.66484375 0.0109375 0.0125
0 0.46171875 0.67265625 0.0140625 0.0140625
0 0.46328125 0.6578125 0.0140625 0.0140625
0 0.5109375 0.6578125 0.0125 0.0140625
0 0.521875 0.65390625 0.0140625 0.0125
0 0.503125 0.6484375 0.0125 0.0140625
0 0.48828125 0.6546875 0.0140625 0.0140625
0 0.4796875 0.64296875 0.0140625 0.0140625
0 0.459375 0.64609375 0.0125 0.0140625
0 0.4703125 0.63515625 0.0140625 0.0140625
0 0.484375 0.62734375 0.0125 0.0140625
0 0.49375 0.6359375 0.0109375 0.0125
0 0.50546875 0.6375 0.0109375 0.0125
0 0.515625 0.64453125 0.0125 0.0140625
0 0.50859375 0.62890625 0.0140625 0.0140625
0 0.53203125 0.6484375 0.0125 0.0140625
0 0.54296875 0.64453125 0.0125 0.0140625
0 0.53671875 0.634375 0.0140625 0.0140625
0 0.55234375 0.6328125 0.0109375 0.0125
0 0.575 0.64296875 0.0140625 0.0140625
0 0.58359375 0.63125 0.0125 0.0140625
0 0.584375 0.6171875 0.0125 0.0140625
0 0.58984375 0.60546875 0.0140625 0.0140625
0 0.5765625 0.59921875 0.0109375 0.0125
0 0.565625 0.5890625 0.0109375 0.0125
0 0.578125 0.5859375 0.0140625 0.0140625
0 0.55859375 0.58125 0.0109375 0.0109375
0 0.5640625 0.5703125 0.0140625 0.0140625
0 0.5453125 0.57890625 0.0140625 0.0125
0 0.5421875 0.58984375 0.0140625 0.0140625
0 0.53828125 0.5859375 0.0140625 0.0125
0 0.52890625 0.5984375 0.0125 0.0140625
0 0.5296875 0.5859375 0.0125 0.0140625
0 0.51796875 0.5953125 0.0125 0.0140625
0 0.51796875 0.5796875 0.0140625 0.0140625
0 0.4984375 0.596875 0.0140625 0.015625
0 0.5078125 0.59296875 0.0140625 0.0140625
0 0.46015625 0.5796875 0.0125 0.0140625
0 0.471875 0.57890625 0.0140625 0.0140625
0 0.4515625 0.63125 0.0140625 0.015625
0 0.55 0.5671875 0.0140625 0.0125
0 0.55859375 0.56015625 0.0109375 0.0109375
0 0.57109375 0.55703125 0.0109375 0.0109375
0 0.59609375 0.55546875 0.0140625 0.015625
0 0.5515625 0.5515625 0.0109375 0.0125
0 0.56328125 0.54921875 0.0125 0.0140625
0 0.56484375 0.53828125 0.0140625 0.0140625
0 0.55234375 0.528125 0.0125 0.0140625
0 0.53046875 0.5375 0.0140625 0.0140625
0 0.5421875 0.5390625 0.0109375 0.0125
0 0.5203125 0.5296875 0.0140625 0.0140625
0 0.53046875 0.52109375 0.0125 0.0140625
0 0.54140625 0.51796875 0.0140625 0.0140625
0 0.52109375 0.51484375 0.0140625 0.0140625
0 0.5328125 0.509375 0.0125 0.0125
0 0.534375 0.49921875 0.0140625 0.0140625
0 0.50703125 0.521875 0.0125 0.0109375
0 0.475 0.540625 0.0109375 0.0125
0 0.48828125 0.534375 0.0125 0.0140625
0 0.4875 0.52421875 0.0140625 0.0140625
0 0.471875 0.528125 0.0125 0.0140625
0 0.47734375 0.51796875 0.0125 0.0125
0 0.4640625 0.51796875 0.0140625 0.0125
0 0.45078125 0.51953125 0.0109375 0.0125
0 0.44765625 0.50703125 0.0125 0.0140625
0 0.4578125 0.51015625 0.0125 0.0140625
0 0.46640625 0.5046875 0.0125 0.0109375
0 0.47734375 0.50703125 0.0140625 0.0140625
0 0.48828125 0.50625 0.0140625 0.0125
0 0.49453125 0.51484375 0.0140625 0.0140625
0 0.50546875 0.50390625 0.0140625 0.0140625
0 0.51953125 0.5015625 0.0140625 0.0140625
0 0.58984375 0.48828125 0.0140625 0.0125
0 0.59921875 0.4921875 0.0140625 0.0140625
0 0.609375 0.4953125 0.0125 0.0125
0 0.615625 0.48515625 0.0140625 0.0140625
0 0.6 0.47421875 0.0109375 0.0109375
0 0.603125 0.4625 0.0109375 0.0109375
0 0.5890625 0.4640625 0.0140625 0.0140625
0 0.56640625 0.46015625 0.0140625 0.0140625
0 0.578125 0.45390625 0.0125 0.0140625
0 0.565625 0.44609375 0.0140625 0.0140625
0 0.49609375 0.45859375 0.0140625 0.0140625
0 0.515625 0.4484375 0.0125 0.015625
0 0.52734375 0.4359375 0.0140625 0.0140625
0 0.5265625 0.425 0.0125 0.0140625
0 0.5109375 0.4296875 0.0140625 0.015625
0 0.49140625 0.44609375 0.0109375 0.0109375
0 0.49140625 0.446875 0.0140625 0.0125
0 0.4984375 0.43828125 0.0109375 0.0109375
0 0.496875 0.42734375 0.0140625 0.0140625
0 0.4984375 0.4140625 0.0109375 0.0125
0 0.5109375 0.40546875 0.0140625 0.0140625
0 0.4890625 0.40625 0.0109375 0.0125
0 0.5 0.40234375 0.0109375 0.0125
0 0.496875 0.3890625 0.0140625 0.0125
0 0.51015625 0.3875 0.0140625 0.0125
0 0.5078125 0.37578125 0.0109375 0.0125
0 0.5046875 0.36171875 0.0125 0.0125
0 0.496875 0.37421875 0.0125 0.0140625
0 0.5109375 0.4171875 0.0125 0.0140625
0 0.421875 0.47421875 0.0109375 0.0125
0 0.4375 0.46328125 0.0109375 0.0109375
0 0.46171875 0.4609375 0.0109375 0.0109375
0 0.44921875 0.453125 0.0125 0.0140625
0 0.4296875 0.4546875 0.0125 0.0125
0 0.46875 0.4515625 0.0125 0.0125
0 0.478125 0.44140625 0.0109375 0.0125
0 0.484375 0.43125 0.0109375 0.0109375
0 0.471875 0.43203125 0.0109375 0.0109375
0 0.4609375 0.44140625 0.0109375 0.0109375
0 0.4703125 0.421875 0.0125 0.0109375
0 0.48359375 0.41953125 0.0109375 0.0109375
0 0.4703125 0.409375 0.0109375 0.0109375
0 0.46640625 0.39921875 0.0125 0.0109375
0 0.47734375 0.3890625 0.0109375 0.0109375
0 0.4765625 0.37890625 0.0125 0.0125
0 0.45703125 0.38125 0.0109375 0.0125
0 0.46640625 0.37578125 0.0125 0.0140625
0 0.44453125 0.37265625 0.0109375 0.0125
0 0.48828125 0.36484375 0.0109375 0.0109375
0 0.49453125 0.35390625 0.0140625 0.0125
0 0.46015625 0.36328125 0.0109375 0.0109375
0 0.42734375 0.4296875 0.0109375 0.0109375
0 0.4390625 0.42578125 0.0140625 0.0140625
0 0.43125 0.41640625 0.0125 0.0140625
0 0.41875 0.4203125 0.0140625 0.0125
0 0.421875 0.4046875 0.0109375 0.0125
0 0.42734375 0.39609375 0.0109375 0.0125
0 0.4390625 0.3890625 0.0125 0.0125
0 0.3875 0.384375 0.0140625 0.0140625
0 0.47734375 0.33984375 0.0140625 0.0140625
0 0.46328125 0.34140625 0.0140625 0.015625
0 0.44453125 0.34375 0.0140625 0.015625