0 0.52265625 0.94375 0.01875 0.025
0 0.54140625 0.94609375 0.021875 0.021875
0 0.48828125 0.93046875 0.025 0.021875
0 0.51953125 0.9078125 0.025 0.021875
0 0.3609375 0.8703125 0.025 0.0234375
0 0.38671875 0.86015625 0.0265625 0.021875
0 0.35390625 0.84375 0.0265625 0.025
0 0.4 0.82890625 0.021875 0.025
0 0.38203125 0.83671875 0.025 0.025
0 0.48828125 0.86640625 0.025 0.025
0 0.50390625 0.88671875 0.025 0.025
0 0.5171875 0.86953125 0.025 0.021875
0 0.496875 0.83828125 0.025 0.025
0 0.49140625 0.80703125 0.028125 0.0265625
0 0.52734375 0.80546875 0.028125 0.0234375
0 0.56796875 0.8140625 0.028125 0.0265625
0 0.61640625 0.8703125 0.025 0.025
0 0.64140625 0.86484375 0.025 0.025
0 0.5609375 0.7765625 0.021875 0.0234375
0 0.55078125 0.79296875 0.0234375 0.025
0 0.584375 0.7703125 0.025 0.025
0 0.58203125 0.7453125 0.028125 0.025
0 0.678125 0.81953125 0.0265625 0.025
0 0.66328125 0.76015625 0.025 0.028125
0 0.64921875 0.7375 0.028125 0.025
0 0.4890625 0.721875 0.025 0.0265625
0 0.515625 0.728125 0.028125 0.021875
0 0.51484375 0.70390625 0.0265625 0.021875
0 0.51875 0.6828125 0.025 0.021875
0 0.52578125 0.65859375 0.025 0.025
0 0.540625 0.69453125 0.028125 0.025
0 0.54921875 0.6703125 0.0265625 0.025
0 0.4484375 0.65390625 0.0265625 0.028125
0 0.475 0.65390625 0.025 0.025
0 0.49921875 0.6484375 0.025 0.0265625
0 0.56171875 0.6421875 0.028125 0.025
0 0.59140625 0.64453125 0.028125 0.0265625
0 0.57578125 0.6984375 0.025 0.0265625
0 0.590625 0.67890625 0.025 0.025
0 0.6140625 0.70390625 0.03125 0.0265625
0 0.634375 0.6890625 0.028125 0.0234375
0 0.6390625 0.71328125 0.028125 0.025
0 0.66484375 0.6921875 0.028125 0.0265625
0 0.68203125 0.71328125 0.0296875 0.025
0 0.56484375 0.6171875 0.025 0.0265625
0 0.59140625 0.61875 0.0265625 0.025
0 0.590625 0.58828125 0.028125 0.0265625
0 0.56015625 0.5890625 0.0265625 0.0234375
0 0.56640625 0.56484375 0.0265625 0.025
0 0.5875 0.54765625 0.0296875 0.028125
0 0.54296875 0.59609375 0.025 0.028125
0 0.5375 0.57109375 0.028125 0.025
0 0.4953125 0.6171875 0.0296875 0.028125
0 0.46484375 0.59296875 0.0203125 0.0296875
0 0.48671875 0.575 0.028125 0.01875
0 0.48671875 0.5921875 0.028125 0.021875
0 0.51171875 0.57109375 0.0234375 0.025
0 0.5140625 0.5484375 0.0265625 0.025
0 0.51796875 0.52265625 0.03125 0.025
0 0.54609375 0.54765625 0.028125 0.025
0 0.54765625 0.5234375 0.028125 0.025
0 0.740625 0.77421875 0.025 0.0265625
0 0.721875 0.78125 0.025 0.025
0 0.7359375 0.74609375 0.025 0.025
0 0.7703125 0.75 0.028125 0.0234375
0 0.71796875 0.7296875 0.0265625 0.025
0 0.7296875 0.7078125 0.025 0.025
0 0.75234375 0.721875 0.028125 0.021875
0 0.778125 0.72578125 0.0265625 0.025
0 0.803125 0.728125 0.0296875 0.028125
0 0.77890625 0.703125 0.025 0.025
0 0.74296875 0.678125 0.028125 0.028125
0 0.75234375 0.69765625 0.028125 0.0234375
0 0.77109375 0.68046875 0.0265625 0.0234375
0 0.796875 0.6734375 0.028125 0.028125
0 0.80234375 0.696875 0.025 0.025
0 0.8234375 0.7109375 0.028125 0.0265625
0 0.765625 0.65859375 0.028125 0.0265625
0 0.78984375 0.63984375 0.03125 0.0265625
0 0.76015625 0.63203125 0.028125 0.0296875
0 0.79453125 0.61484375 0.0296875 0.0265625
0 0.79765625 0.5890625 0.028125 0.025
0 0.853125 0.7078125 0.0265625 0.025
0 0.87890625 0.6875 0.028125 0.0265625
0 0.89765625 0.66875 0.028125 0.025
0 0.9171875 0.65078125 0.028125 0.0234375
0 0.88046875 0.6453125 0.0296875 0.0265625
0 0.90625 0.62421875 0.03125 0.025
0 0.86328125 0.609375 0.03125 0.028125
0 0.80703125 0.5640625 0.03125 0.025
0 0.8359375 0.56640625 0.028125 0.028125
0 0.8171875 0.53984375 0.028125 0.025
0 0.75078125 0.5703125 0.0296875 0.0265625
0 0.7125 0.5625 0.03125 0.028125
0 0.790625 0.4875 0.03125 0.0296875
0 0.775 0.46796875 0.03125 0.03125
0 0.73828125 0.459375 0.0296875 0.028125
0 0.6828125 0.45625 0.028125 0.0296875
0 0.71015625 0.4640625 0.028125 0.028125
0 0.66171875 0.47890625 0.028125 0.0296875
0 0.609375 0.43125 0.0328125 0.03125
0 0.65546875 0.4359375 0.0296875 0.0296875
0 0.7234375 0.428125 0.03125 0.028125
0 0.746875 0.4 0.0328125 0.03125
0 0.6984375 0.3984375 0.03125 0.03125
0 0.7203125 0.37734375 0.03125 0.028125
0 0.62265625 0.38515625 0.03125 0.028125
0 0.721875 0.321875 0.034375 0.0375
0 0.6234375 0.34609375 0.03125 0.03125
0 0.6359375 0.31875 0.028125 0.0296875
0 0.66015625 0.3015625 0.0328125 0.0296875
0 0.63515625 0.27890625 0.028125 0.034375
0 0.6015625 0.3234375 0.03125 0.03125
0 0.5703125 0.3640625 0.03125 0.03125
0 0.56875 0.33515625 0.0296875 0.028125
0 0.6859375 0.26484375 0.0296875 0.03125
0 0.71875 0.26015625 0.0296875 0.034375
0 0.64765625 0.24609375 0.0296875 0.03125
0 0.6765625 0.23828125 0.028125 0.03125
0 0.6390625 0.2171875 0.0375 0.03125
0 0.85078125 0.19765625 0.0328125 0.04375
0 0.35625 0.60546875 0.028125 0.028125
0 0.3578125 0.578125 0.028125 0.028125
0 0.2859375 0.56875 0.028125 0.028125
0 0.3859375 0.53984375 0.028125 0.0265625
0 0.45 0.515625 0.028125 0.028125
0 0.35546875 0.4859375 0.0296875 0.028125
0 0.37734375 0.465625 0.028125 0.0265625
0 0.4359375 0.45546875 0.028125 0.028125
0 0.35234375 0.434375 0.028125 0.028125
0 0.29921875 0.43515625 0.03125 0.03125
0 0.29375 0.39453125 0.03125 0.03125
0 0.3609375 0.39765625 0.028125 0.028125
0 0.3390625 0.38203125 0.0265625 0.028125
0 0.31875 0.35859375 0.0265625 0.028125
0 0.340625 0.35390625 0.0265625 0.025
0 0.45 0.38671875 0.028125 0.034375
0 0.47890625 0.39453125 0.028125 0.03125
0 0.48671875 0.29375 0.03125 0.034375
0 0.48984375 0.171875 0.034375 0.0359375
0 0.5984375 0.12421875 0.034375 0.0375