0 0.62109375 0.22734375 0.0375 0.0375
0 0.59140625 0.228125 0.0390625 0.0375
0 0.5703125 0.24453125 0.0375 0.034375
0 0.540625 0.259375 0.0375 0.0390625
0 0.553125 0.20859375 0.040625 0.040625
0 0.5046875 0.1546875 0.046875 0.0421875
0 0.49296875 0.121875 0.0484375 0.040625
0 0.3171875 0.19453125 0.053125 0.046875
0 0.28046875 0.22734375 0.05625 0.0484375
0 0.265625 0.2640625 0.053125 0.046875
0 0.3 0.28671875 0.0578125 0.05
0 0.2625 0.3109375 0.0578125 0.053125
0 0.425 0.30703125 0.05 0.0453125
0 0.246875 0.38515625 0.0640625 0.0515625
0 0.28828125 0.45390625 0.0546875 0.05
0 0.23046875 0.50234375 0.0609375 0.053125
0 0.165625 0.56328125 0.0609375 0.053125
0 0.40546875 0.4109375 0.0515625 0.05
0 0.40078125 0.46953125 0.0484375 0.0453125
0 0.534375 0.3890625 0.040625 0.0390625
0 0.5125 0.425 0.0453125 0.040625
0 0.55859375 0.47109375 0.04375 0.0421875
0 0.51640625 0.5125 0.0453125 0.0421875
0 0.48828125 0.53359375 0.0453125 0.0390625
0 0.453125 0.534375 0.04375 0.040625
0 0.4265625 0.56015625 0.05 0.040625
0 0.45625 0.49921875 0.046875 0.0421875
0 0.36875 0.55078125 0.053125 0.04375
0 0.33125 0.571875 0.0515625 0.046875
0 0.34375 0.60234375 0.0578125 0.0484375
0 0.29453125 0.61015625 0.05625 0.046875
0 0.3234375 0.64140625 0.059375 0.0515625
0 0.228125 0.6390625 0.0640625 0.05
0 0.17109375 0.69609375 0.0609375 0.0546875
0 0.32421875 0.68203125 0.05625 0.0484375
0 0.3484375 0.709375 0.059375 0.046875
0 0.28046875 0.7421875 0.0640625 0.0515625
0 0.31328125 0.8171875 0.0578125 0.0484375
0 0.42265625 0.7140625 0.0484375 0.04375
0 0.41484375 0.6796875 0.046875 0.0390625
0 0.46015625 0.67734375 0.0484375 0.04375
0 0.3890625 0.6484375 0.0515625 0.04375
0 0.46328125 0.64375 0.05 0.040625
0 0.4265625 0.64453125 0.04375 0.0421875
0 0.46328125 0.61171875 0.046875 0.040625
0 0.42421875 0.60859375 0.04375 0.040625
0 0.45546875 0.58125 0.0421875 0.040625
0 0.51484375 0.5828125 0.040625 0.0359375
0 0.4875 0.5640625 0.0390625 0.0375
0 0.51953125 0.54921875 0.0421875 0.0421875
0 0.5 0.61875 0.0421875 0.040625
0 0.51953125 0.64609375 0.04375 0.0390625
0 0.53203125 0.6109375 0.04375 0.0390625
0 0.5828125 0.59921875 0.04375 0.0390625
0 0.55234375 0.6296875 0.0421875 0.034375
0 0.56953125 0.64921875 0.040625 0.034375
0 0.53515625 0.67734375 0.04375 0.040625
0 0.575 0.6765625 0.04375 0.040625
0 0.596875 0.62734375 0.0421875 0.0359375
0 0.63125 0.6046875 0.040625 0.0375
0 0.65078125 0.55625 0.0375 0.034375
0 0.615625 0.51484375 0.0375 0.0375
0 0.58359375 0.5140625 0.040625 0.0375
0 0.63984375 0.48125 0.0421875 0.0390625
0 0.6796875 0.490625 0.0390625 0.034375
0 0.703125 0.39453125 0.0359375 0.03125
0 0.7515625 0.446875 0.0375 0.034375
0 0.67578125 0.3734375 0.0390625 0.034375
0 0.725 0.38046875 0.034375 0.0375
0 0.70625 0.3453125 0.040625 0.0375
0 0.690625 0.3140625 0.040625 0.0375
0 0.7515625 0.48359375 0.0390625 0.034375
0 0.74375 0.5234375 0.0359375 0.0375
0 0.7140625 0.515625 0.0390625 0.0359375
0 0.68046875 0.5359375 0.0375 0.040625
0 0.77578125 0.5515625 0.034375 0.0375
0 0.7421875 0.56875 0.0359375 0.034375
0 0.740625 0.59921875 0.034375 0.034375
0 0.71875 0.6015625 0.034375 0.034375
0 0.715625 0.6296875 0.0390625 0.034375
0 0.7640625 0.61328125 0.0390625 0.034375
0 0.80546875 0.61015625 0.0375 0.034375
0 0.7890625 0.646875 0.0390625 0.034375
0 0.76328125 0.6390625 0.0328125 0.03125
0 0.73671875 0.659375 0.0359375 0.0328125
0 0.70625 0.66875 0.0359375 0.0359375
0 0.678125 0.68984375 0.0390625 0.034375
0 0.73046875 0.68671875 0.034375 0.034375
0 0.70546875 0.7015625 0.0375 0.0390625
0 0.74609375 0.71171875 0.0359375 0.0359375
0 0.71953125 0.72890625 0.0390625 0.0375
0 0.70078125 0.7640625 0.0421875 0.040625
0 0.6921875 0.7984375 0.040625 0.0375
0 0.646875 0.7890625 0.0421875 0.0421875
0 0.60703125 0.80703125 0.0453125 0.04375
0 0.6953125 0.83125 0.0421875 0.0390625
0 0.66953125 0.82421875 0.0359375 0.0375
0 0.63984375 0.8453125 0.0453125 0.0390625
0 0.65390625 0.88046875 0.04375 0.0421875