0 0.45546875 0.0609375 0.03125 0.03125
0 0.4390625 0.084375 0.0296875 0.03125
0 0.459375 0.10078125 0.0328125 0.034375
0 0.4046875 0.09921875 0.0328125 0.0328125
0 0.4296875 0.1109375 0.0265625 0.0328125
0 0.421875 0.13828125 0.0265625 0.034375
0 0.44921875 0.13046875 0.0296875 0.028125
0 0.47734375 0.13828125 0.0296875 0.0328125
0 0.49921875 0.121875 0.0296875 0.0296875
0 0.39453125 0.134375 0.0296875 0.0296875
0 0.3984375 0.16015625 0.0296875 0.0296875
0 0.4140625 0.18359375 0.0265625 0.0296875
0 0.4390625 0.1609375 0.0296875 0.03125
0 0.4640625 0.165625 0.0296875 0.03125
0 0.45 0.18671875 0.0296875 0.0296875
0 0.4953125 0.16953125 0.0296875 0.03125
0 0.48515625 0.19453125 0.0296875 0.0328125
0 0.52265625 0.17890625 0.0296875 0.0296875
0 0.5484375 0.18671875 0.0296875 0.0296875
0 0.5390625 0.21328125 0.0328125 0.0296875
0 0.575 0.20546875 0.0296875 0.0328125
0 0.628125 0.17578125 0.03125 0.03125
0 0.65390625 0.19765625 0.0296875 0.03125
0 0.6609375 0.23125 0.0296875 0.0328125
0 0.67734375 0.25703125 0.0328125 0.0328125
0 0.64765625 0.27578125 0.0296875 0.0328125
0 0.628125 0.30859375 0.028125 0.0296875
0 0.65703125 0.3125 0.03125 0.03125
0 0.61328125 0.33203125 0.0328125 0.0296875
0 0.62890625 0.3546875 0.0328125 0.03125
0 0.53203125 0.3015625 0.03125 0.0296875
0 0.5640625 0.3203125 0.0265625 0.0328125
0 0.53671875 0.33203125 0.0296875 0.028125
0 0.55390625 0.32734375 0.01875 0.0359375
0 0.58359375 0.3421875 0.0265625 0.0328125
0 0.596875 0.37109375 0.0296875 0.0265625
0 0.6203125 0.3828125 0.0296875 0.0328125
0 0.65 0.38515625 0.0328125 0.0328125
0 0.60703125 0.41015625 0.028125 0.0328125
0 0.63515625 0.409375 0.03125 0.0296875
0 0.64453125 0.434375 0.0296875 0.0296875
0 0.721875 0.3828125 0.0359375 0.0328125
0 0.50625 0.3140625 0.0265625 0.0296875
0 0.5125 0.3515625 0.0296875 0.0328125
0 0.45859375 0.31796875 0.0296875 0.0328125
0 0.4859375 0.32578125 0.0296875 0.0296875
0 0.58671875 0.44296875 0.0296875 0.0296875
0 0.61328125 0.46484375 0.0328125 0.03125
0 0.5609375 0.45 0.0328125 0.0328125
0 0.53984375 0.475 0.0296875 0.0328125
0 0.565625 0.4921875 0.0296875 0.0328125
0 0.59375 0.49609375 0.0296875 0.0328125
0 0.57578125 0.515625 0.0296875 0.0296875
0 0.50703125 0.49453125 0.0296875 0.0296875
0 0.5453125 0.5109375 0.03125 0.0328125
0 0.58359375 0.54296875 0.03125 0.034375
0 0.54296875 0.54296875 0.034375 0.0328125
0 0.50859375 0.5421875 0.0296875 0.034375
0 0.42265625 0.4640625 0.0296875 0.028125
0 0.45625 0.4765625 0.03125 0.0296875
0 0.459375 0.50390625 0.0328125 0.0296875
0 0.48203125 0.52109375 0.0296875 0.0296875
0 0.4703125 0.54375 0.03125 0.0328125
0 0.41640625 0.4953125 0.0296875 0.0328125
0 0.4390625 0.52109375 0.028125 0.0328125
0 0.40390625 0.5234375 0.034375 0.0296875
0 0.371875 0.52890625 0.0296875 0.0296875
0 0.39140625 0.546875 0.028125 0.0296875
0 0.41640625 0.55859375 0.0296875 0.0296875
0 0.440625 0.54765625 0.0296875 0.0328125
0 0.365625 0.5578125 0.0328125 0.0328125
0 0.37109375 0.37421875 0.0296875 0.0328125
0 0.40078125 0.3734375 0.03125 0.0359375
0 0.34453125 0.15390625 0.0296875 0.0328125
0 0.3515625 0.18671875 0.0296875 0.0328125
0 0.3453125 0.215625 0.0296875 0.0296875
0 0.33515625 0.25234375 0.028125 0.0328125
0 0.3765625 0.23671875 0.0328125 0.034375
0 0.3953125 0.21484375 0.0359375 0.03125
0 0.4125 0.2453125 0.03125 0.0359375
0 0.434375 0.225 0.0296875 0.03125
0 0.459375 0.2140625 0.0296875 0.03125
0 0.47265625 0.2359375 0.03125 0.0328125
0 0.7296875 0.55234375 0.0359375 0.0328125
0 0.74765625 0.5375 0.0328125 0.03125
0 0.77578125 0.525 0.0328125 0.0328125
0 0.79609375 0.546875 0.0328125 0.0296875
0 0.7609375 0.58125 0.03125 0.0359375
0 0.68125 0.6296875 0.0328125 0.0328125
0 0.7375 0.6125 0.0328125 0.0359375
0 0.77578125 0.60546875 0.034375 0.0328125
0 0.71328125 0.63984375 0.0359375 0.0359375
0 0.68359375 0.66796875 0.0359375 0.034375
0 0.50390625 0.66015625 0.03125 0.0296875
0 0.559375 0.6796875 0.0296875 0.0328125
0 0.5921875 0.70859375 0.034375 0.034375
0 0.59609375 0.7375 0.0328125 0.03125
0 0.5578125 0.73125 0.0328125 0.0359375
0 0.496875 0.6953125 0.0328125 0.0296875
0 0.51796875 0.71484375 0.0296875 0.0328125
0 0.521875 0.74375 0.0296875 0.0328125
0 0.56171875 0.7609375 0.034375 0.0328125
0 0.31640625 0.64921875 0.0296875 0.0328125
0 0.35859375 0.67109375 0.028125 0.0328125
0 0.3421875 0.6984375 0.0296875 0.0328125
0 0.39375 0.6890625 0.0296875 0.03125
0 0.41953125 0.66640625 0.0328125 0.0328125
0 0.44140625 0.6875 0.0296875 0.0328125
0 0.42734375 0.71640625 0.0265625 0.0296875
0 0.46875 0.709375 0.0296875 0.0328125
0 0.4578125 0.7375 0.0265625 0.03125
0 0.48828125 0.734375 0.0296875 0.0328125
0 0.45625 0.7640625 0.0265625 0.0296875
0 0.4890625 0.7640625 0.0328125 0.0296875
0 0.4609375 0.7953125 0.03125 0.0328125
0 0.509375 0.80078125 0.0296875 0.0328125
0 0.53125 0.77734375 0.028125 0.0359375
0 0.5609375 0.7921875 0.0328125 0.0328125
0 0.5375 0.80859375 0.028125 0.0328125
0 0.534375 0.83984375 0.0296875 0.0296875
0 0.565625 0.84140625 0.0328125 0.0296875
0 0.484375 0.8453125 0.0296875 0.0328125
0 0.453125 0.825 0.0296875 0.0328125
0 0.34453125 0.76015625 0.0296875 0.0328125
0 0.378125 0.76796875 0.0296875 0.0296875
0 0.3609375 0.7921875 0.0296875 0.0328125
0 0.3265625 0.7890625 0.0265625 0.0328125
0 0.3421875 0.825 0.03125 0.0359375
0 0.359375 0.84921875 0.0265625 0.0328125
0 0.38984375 0.8578125 0.034375 0.0328125
0 0.4375 0.87265625 0.0296875 0.0359375
0 0.4640625 0.88359375 0.0296875 0.0359375
0 0.490625 0.87578125 0.03125 0.0328125
0 0.53984375 0.87890625 0.0296875 0.0328125
0 0.56796875 0.87109375 0.0328125 0.03125
0 0.56484375 0.909375 0.0296875 0.0328125
0 0.52265625 0.90859375 0.0296875 0.0328125
0 0.540625 0.93125 0.0359375 0.0359375
0 0.45234375 0.9203125 0.0296875 0.0328125
0 0.4109375 0.90078125 0.0328125 0.0328125
0 0.42109375 0.9734375 0.03125 0.0328125
0 0.46875 0.96953125 0.0296875 0.0328125
0 0.50546875 0.97265625 0.0328125 0.0328125
0 0.26171875 0.89140625 0.03125 0.0328125