0 0.865625 0.41953125 0.0375 0.0296875
0 0.515625 0.19140625 0.0296875 0.025
0 0.49609375 0.24140625 0.0296875 0.021875
0 0.3890625 0.25078125 0.0234375 0.0203125
0 0.4109375 0.24140625 0.0265625 0.0234375
0 0.409375 0.26015625 0.0265625 0.01875
0 0.38515625 0.2875 0.021875 0.0171875
0 0.36640625 0.27109375 0.0171875 0.009375
0 0.36015625 0.28125 0.0171875 0.0171875
0 0.38984375 0.26953125 0.0203125 0.01875
0 0.37734375 0.2796875 0.0203125 0.0171875
0 0.35390625 0.29140625 0.0203125 0.0125
0 0.36953125 0.303125 0.0234375 0.01875
0 0.34921875 0.30703125 0.0234375 0.0203125
0 0.27578125 0.29921875 0.0265625 0.021875
0 0.29921875 0.3015625 0.0265625 0.01875
0 0.29140625 0.284375 0.025 0.021875
0 0.340625 0.271875 0.025 0.0203125
0 0.328125 0.2890625 0.0234375 0.01875
0 0.309375 0.27890625 0.0234375 0.01875
0 0.33125 0.30390625 0.0203125 0.01875
0 0.3140625 0.31328125 0.0265625 0.021875
0 0.38828125 0.30390625 0.021875 0.0171875
0 0.403125 0.2859375 0.025 0.021875
0 0.4265625 0.2890625 0.025 0.021875
0 0.46484375 0.278125 0.0265625 0.0234375
0 0.4015625 0.31328125 0.021875 0.0203125
0 0.42109375 0.30859375 0.0265625 0.021875
0 0.39609375 0.3328125 0.021875 0.0203125
0 0.37421875 0.328125 0.0265625 0.0234375
0 0.4171875 0.33046875 0.025 0.021875
0 0.44375 0.32890625 0.0265625 0.0203125
0 0.43984375 0.3171875 0.0234375 0.0140625
0 0.46171875 0.3171875 0.0265625 0.021875
0 0.4375 0.34140625 0.0234375 0.0140625
0 0.38203125 0.36796875 0.0234375 0.0203125
0 0.359375 0.3625 0.0265625 0.021875
0 0.40390625 0.35625 0.021875 0.021875
0 0.38359375 0.34921875 0.0234375 0.0203125
0 0.4234375 0.3609375 0.025 0.021875
0 0.46875 0.3390625 0.025 0.021875
0 0.471875 0.359375 0.0265625 0.025
0 0.4484375 0.36015625 0.0265625 0.021875
0 0.49609375 0.3484375 0.0296875 0.025
0 0.5421875 0.3140625 0.0265625 0.025
0 0.5625 0.31015625 0.0234375 0.0234375
0 0.53125 0.33359375 0.0296875 0.0234375
0 0.55234375 0.35625 0.0265625 0.0234375
0 0.5265625 0.35390625 0.028125 0.0234375
0 0.51640625 0.37109375 0.0265625 0.021875
0 0.50625 0.39375 0.025 0.0234375
0 0.48359375 0.38125 0.0265625 0.021875
0 0.52890625 0.38671875 0.0265625 0.025
0 0.57890625 0.37109375 0.0296875 0.021875
0 0.553125 0.37578125 0.0265625 0.025
0 0.60703125 0.3640625 0.0296875 0.025
0 0.6 0.38515625 0.0265625 0.025
0 0.56796875 0.38984375 0.0296875 0.021875
0 0.546875 0.39921875 0.0265625 0.021875
0 0.525 0.4078125 0.028125 0.025
0 0.609375 0.4 0.0296875 0.021875
0 0.58515625 0.4046875 0.0265625 0.021875
0 0.56328125 0.4140625 0.028125 0.025
0 0.46640625 0.446875 0.0296875 0.0234375
0 0.59296875 0.42265625 0.0265625 0.025
0 0.659375 0.39765625 0.028125 0.025
0 0.64609375 0.415625 0.0265625 0.025
0 0.61875 0.41953125 0.0296875 0.025
0 0.73125 0.4 0.034375 0.028125
0 0.68125 0.41640625 0.0296875 0.025
0 0.6578125 0.4375 0.028125 0.025
0 0.63125 0.44375 0.0296875 0.0234375
0 0.590625 0.47109375 0.0296875 0.025
0 0.7 0.43203125 0.0296875 0.025
0 0.68046875 0.4484375 0.0296875 0.025
0 0.65859375 0.459375 0.0296875 0.025
0 0.64140625 0.475 0.0296875 0.025
0 0.7328125 0.4390625 0.03125 0.025
0 0.71171875 0.45234375 0.0296875 0.025
0 0.69453125 0.46875 0.0296875 0.025
0 0.6703125 0.48046875 0.03125 0.025
0 0.7484375 0.459375 0.0359375 0.0265625
0 0.728125 0.4765625 0.034375 0.028125
0 0.7734375 0.47578125 0.0328125 0.025
0 0.7484375 0.49375 0.034375 0.028125
0 0.80546875 0.48671875 0.034375 0.028125
0 0.853125 0.45078125 0.034375 0.0265625
0 0.87265625 0.4890625 0.034375 0.0296875
0 0.8890625 0.51171875 0.0375 0.028125
0 0.87265625 0.5421875 0.0375 0.0296875
0 0.84296875 0.55625 0.0359375 0.0265625
0 0.7890625 0.5359375 0.034375 0.028125
0 0.81328125 0.553125 0.0296875 0.025
0 0.78515625 0.5625 0.0359375 0.025
0 0.84375 0.58125 0.034375 0.028125
0 0.82109375 0.59375 0.0328125 0.028125
0 0.790625 0.58984375 0.0328125 0.025