0 0.46171875 0.4484375 0.021875 0.01875
0 0.46640625 0.4609375 0.021875 0.01875
0 0.4171875 0.475 0.0203125 0.01875
0 0.3859375 0.47734375 0.021875 0.01875
0 0.5109375 0.4765625 0.021875 0.01875
0 0.48125 0.484375 0.0203125 0.0203125
0 0.48125 0.50234375 0.021875 0.01875
0 0.4875 0.521875 0.021875 0.0203125
0 0.44921875 0.525 0.021875 0.01875
0 0.47578125 0.54140625 0.021875 0.01875
0 0.465625 0.56328125 0.0203125 0.01875
0 0.4515625 0.55625 0.0203125 0.01875
0 0.43671875 0.56171875 0.0203125 0.01875
0 0.425 0.56875 0.0203125 0.0171875
0 0.4078125 0.5546875 0.0203125 0.0171875
0 0.40859375 0.56875 0.0203125 0.01875
0 0.25 0.47421875 0.0234375 0.01875
0 0.35625 0.52734375 0.01875 0.015625
0 0.35078125 0.5390625 0.0203125 0.0171875
0 0.33125 0.5390625 0.021875 0.01875
0 0.3203125 0.5484375 0.01875 0.015625
0 0.3046875 0.5515625 0.0203125 0.01875
0 0.35 0.55390625 0.0203125 0.0171875
0 0.33671875 0.56328125 0.0203125 0.01875
0 0.31953125 0.56171875 0.0171875 0.015625
0 0.31015625 0.5734375 0.0203125 0.01875
0 0.325 0.5734375 0.0171875 0.015625
0 0.33671875 0.5828125 0.0203125 0.0171875
0 0.32734375 0.59296875 0.0203125 0.015625
0 0.3671875 0.56015625 0.01875 0.01875
0 0.35234375 0.56796875 0.01875 0.0171875
0 0.38203125 0.57109375 0.01875 0.01875
0 0.365625 0.57578125 0.0171875 0.015625
0 0.38046875 0.58671875 0.01875 0.0171875
0 0.3828125 0.60234375 0.0203125 0.015625
0 0.396875 0.58125 0.01875 0.01875
0 0.4171875 0.5796875 0.01875 0.015625
0 0.40625 0.5921875 0.01875 0.015625
0 0.44765625 0.58984375 0.0203125 0.015625
0 0.42421875 0.596875 0.01875 0.01875
0 0.44453125 0.60234375 0.01875 0.015625
0 0.43828125 0.6140625 0.0203125 0.0171875
0 0.4609375 0.6046875 0.0203125 0.0171875
0 0.46796875 0.5921875 0.0203125 0.0171875
0 0.50234375 0.56171875 0.021875 0.01875
0 0.52734375 0.55546875 0.0203125 0.01875
0 0.534375 0.53828125 0.021875 0.021875
0 0.578125 0.5265625 0.0203125 0.0203125
0 0.58828125 0.5453125 0.021875 0.01875
0 0.59453125 0.62421875 0.021875 0.021875
0 0.5953125 0.646875 0.01875 0.01875
0 0.52109375 0.61328125 0.0203125 0.01875
0 0.54296875 0.6359375 0.0203125 0.0171875
0 0.546875 0.65 0.01875 0.0171875
0 0.56171875 0.6671875 0.01875 0.01875
0 0.5328125 0.6765625 0.01875 0.01875
0 0.56796875 0.684375 0.01875 0.01875
0 0.58125 0.69140625 0.01875 0.0171875
0 0.46953125 0.66875 0.01875 0.0171875
0 0.45546875 0.6609375 0.0171875 0.015625
0 0.45625 0.67421875 0.0171875 0.015625
0 0.43671875 0.67578125 0.0171875 0.015625
0 0.43046875 0.66328125 0.01875 0.0171875
0 0.42109375 0.6765625 0.0171875 0.015625
0 0.41328125 0.66796875 0.0171875 0.015625
0 0.41015625 0.65546875 0.0203125 0.0171875
0 0.25390625 0.55625 0.0203125 0.01875
0 0.24609375 0.56875 0.0203125 0.015625
0 0.23203125 0.56171875 0.0203125 0.0171875
0 0.21328125 0.55859375 0.021875 0.01875
0 0.19453125 0.57265625 0.0203125 0.0171875
0 0.1828125 0.5796875 0.0203125 0.0171875
0 0.2125 0.58984375 0.0203125 0.0171875
0 0.240625 0.58515625 0.01875 0.015625
0 0.19765625 0.60703125 0.021875 0.01875
0 0.26953125 0.5765625 0.01875 0.0171875
0 0.26484375 0.590625 0.01875 0.0171875
0 0.2859375 0.58984375 0.0203125 0.0171875
0 0.2703125 0.6046875 0.0203125 0.0171875
0 0.2875 0.603125 0.0203125 0.015625
0 0.31171875 0.61015625 0.01875 0.01875
0 0.29765625 0.61640625 0.01875 0.015625
0 0.26328125 0.628125 0.0203125 0.0171875
0 0.2265625 0.63046875 0.0234375 0.01875
0 0.2765625 0.64140625 0.0203125 0.0171875
0 0.25234375 0.64921875 0.0203125 0.01875
0 0.2734375 0.66640625 0.01875 0.015625
0 0.271875 0.68359375 0.0171875 0.015625
0 0.28984375 0.68359375 0.0171875 0.015625
0 0.3484375 0.64921875 0.0203125 0.0171875
0 0.3375 0.65859375 0.0171875 0.015625
0 0.309375 0.69296875 0.0171875 0.015625
0 0.30625 0.70625 0.0171875 0.015625
0 0.29453125 0.728125 0.0171875 0.015625
0 0.26484375 0.71171875 0.021875 0.01875
0 0.33984375 0.7046875 0.01875 0.0171875
0 0.3234375 0.72109375 0.01875 0.015625
0 0.2796875 0.74296875 0.0171875 0.015625
0 0.34296875 0.7203125 0.01875 0.0171875
0 0.3234375 0.746875 0.01875 0.0171875
0 0.30234375 0.7671875 0.0171875 0.015625
0 0.28359375 0.78046875 0.01875 0.0140625
0 0.2765625 0.77109375 0.0171875 0.015625
0 0.2609375 0.78203125 0.0171875 0.015625
0 0.43203125 0.70703125 0.01875 0.015625
0 0.4046875 0.70234375 0.0171875 0.015625
0 0.38984375 0.70390625 0.0171875 0.015625
0 0.38984375 0.68671875 0.0171875 0.015625
0 0.45 0.69453125 0.0171875 0.015625
0 0.4828125 0.6953125 0.021875 0.01875
0 0.37734375 0.71796875 0.0171875 0.015625
0 0.50390625 0.725 0.0171875 0.015625
0 0.54609375 0.72421875 0.0171875 0.015625
0 0.5484375 0.73828125 0.0171875 0.015625
0 0.51796875 0.7453125 0.0171875 0.0140625
0 0.53203125 0.75546875 0.015625 0.015625
0 0.51796875 0.75625 0.0171875 0.015625
0 0.51796875 0.76875 0.0171875 0.015625
0 0.503125 0.77109375 0.0171875 0.0140625
0 0.5 0.759375 0.0171875 0.015625
0 0.45 0.7640625 0.0171875 0.015625
0 0.434375 0.7546875 0.0171875 0.015625
0 0.43359375 0.740625 0.015625 0.015625
0 0.41171875 0.73828125 0.015625 0.015625
0 0.4171875 0.7484375 0.015625 0.015625
0 0.40703125 0.75390625 0.015625 0.015625
0 0.41796875 0.765625 0.0171875 0.015625
0 0.40390625 0.76484375 0.015625 0.0140625
0 0.39140625 0.75546875 0.015625 0.015625
0 0.38984375 0.765625 0.0171875 0.0140625
0 0.3859375 0.77734375 0.0171875 0.015625
0 0.4015625 0.79296875 0.0171875 0.015625
0 0.37421875 0.7875 0.0171875 0.015625
0 0.38359375 0.74140625 0.0171875 0.015625
0 0.3640625 0.76953125 0.0171875 0.015625
0 0.35 0.784375 0.015625 0.0140625
0 0.3375 0.77578125 0.0171875 0.015625
0 0.35703125 0.79375 0.0203125 0.015625
0 0.378125 0.80390625 0.0171875 0.015625
0 0.37890625 0.81953125 0.015625 0.015625
0 0.36328125 0.8171875 0.0171875 0.015625
0 0.3265625 0.78984375 0.0171875 0.015625
0 0.31640625 0.7796875 0.0171875 0.015625
0 0.309375 0.79296875 0.0171875 0.015625