0 0.80390625 0.38359375 0.034375 0.034375
0 0.77265625 0.31484375 0.0421875 0.0390625
0 0.5375 0.3890625 0.0390625 0.0390625
0 0.52578125 0.44296875 0.040625 0.0375
0 0.44140625 0.41171875 0.0390625 0.034375
0 0.48125 0.5484375 0.0421875 0.04375
0 0.50234375 0.55078125 0.0375 0.0390625
0 0.5515625 0.559375 0.0421875 0.040625
0 0.646875 0.528125 0.040625 0.0375
0 0.659375 0.559375 0.0375 0.034375
0 0.57421875 0.7015625 0.0421875 0.0390625
0 0.37890625 0.625 0.04375 0.0421875
0 0.346875 0.59609375 0.0390625 0.0375
0 0.24140625 0.48984375 0.0453125 0.0421875
0 0.24765625 0.64296875 0.04375 0.040625
0 0.44609375 0.746875 0.0453125 0.0453125
0 0.3984375 0.83671875 0.053125 0.04375