0 0.19453125 0.5609375 0.021875 0.0234375
0 0.21015625 0.55546875 0.0265625 0.0234375
0 0.23046875 0.54296875 0.0265625 0.0265625
0 0.23125 0.5796875 0.034375 0.034375
0 0.196875 0.58671875 0.034375 0.03125
0 0.17421875 0.6046875 0.0328125 0.03125
0 0.146875 0.62265625 0.0328125 0.03125
0 0.25703125 0.590625 0.03125 0.03125
0 0.16953125 0.63125 0.0328125 0.03125
0 0.14453125 0.64921875 0.0296875 0.0296875
0 0.1953125 0.7109375 0.034375 0.03125
0 0.18671875 0.74296875 0.0359375 0.0328125
0 0.2265625 0.72578125 0.034375 0.03125
0 0.18828125 0.67421875 0.0328125 0.034375
0 0.27109375 0.7 0.0328125 0.03125
0 0.22421875 0.675 0.0328125 0.034375
0 0.29921875 0.71015625 0.034375 0.03125
0 0.25546875 0.6765625 0.0328125 0.03125
0 0.32734375 0.6953125 0.0359375 0.03125
0 0.2921875 0.68203125 0.0328125 0.028125
0 0.3546875 0.68203125 0.03125 0.03125
0 0.31875 0.665625 0.0359375 0.0328125
0 0.38046875 0.696875 0.03125 0.03125
0 0.36953125 0.66171875 0.0296875 0.0296875
0 0.3390625 0.65234375 0.03125 0.03125
0 0.42109375 0.67578125 0.0375 0.034375
0 0.39453125 0.6484375 0.03125 0.025
0 0.3671875 0.63671875 0.0359375 0.028125
0 0.43359375 0.63984375 0.0375 0.034375
0 0.4078125 0.62421875 0.03125 0.03125
0 0.38046875 0.61171875 0.03125 0.03125
0 0.35625 0.59296875 0.0328125 0.03125
0 0.32734375 0.57265625 0.0328125 0.03125
0 0.4375 0.61328125 0.0296875 0.0296875
0 0.4078125 0.59921875 0.03125 0.0296875
0 0.3875 0.57578125 0.034375 0.03125
0 0.36015625 0.5625 0.03125 0.03125
0 0.45390625 0.58984375 0.0359375 0.03125
0 0.4296875 0.56328125 0.0390625 0.0328125
0 0.40078125 0.5484375 0.0328125 0.03125
0 0.3734375 0.52578125 0.0390625 0.03125
0 0.340625 0.5421875 0.034375 0.0296875
0 0.25625 0.54140625 0.0328125 0.03125
0 0.54921875 0.58984375 0.046875 0.034375
0 0.48203125 0.56875 0.0421875 0.034375
0 0.46171875 0.54140625 0.0359375 0.03125
0 0.43515625 0.52890625 0.0375 0.0328125
0 0.41015625 0.5109375 0.0375 0.034375
0 0.50703125 0.54609375 0.0421875 0.0390625
0 0.48046875 0.5171875 0.0375 0.0328125
0 0.45078125 0.49375 0.0390625 0.0359375
0 0.609375 0.5296875 0.04375 0.0359375
0 0.4890625 0.48671875 0.0390625 0.034375
0 0.66796875 0.5 0.046875 0.0375
0 0.51796875 0.46796875 0.040625 0.034375
0 0.446875 0.4625 0.0421875 0.034375
0 0.61875 0.45625 0.04375 0.0359375
0 0.625 0.41640625 0.0453125 0.0375
0 0.46875 0.4359375 0.0390625 0.034375
0 0.4859375 0.39296875 0.040625 0.0328125
0 0.44296875 0.41171875 0.040625 0.034375
0 0.28671875 0.525 0.0296875 0.0296875
0 0.26171875 0.509375 0.0296875 0.028125
0 0.2328125 0.5140625 0.0328125 0.028125
0 0.21171875 0.50078125 0.0328125 0.03125
0 0.1515625 0.53359375 0.0328125 0.03125
0 0.24375 0.44921875 0.0296875 0.028125
0 0.2203125 0.459375 0.0359375 0.0296875
0 0.26015625 0.43046875 0.03125 0.028125
0 0.26015625 0.39765625 0.0328125 0.03125
0 0.309375 0.43359375 0.028125 0.0296875
0 0.27421875 0.41328125 0.03125 0.028125
0 0.33828125 0.43828125 0.03125 0.03125
0 0.30703125 0.40390625 0.03125 0.0328125
0 0.29921875 0.37109375 0.0234375 0.028125
0 0.35625 0.3921875 0.0328125 0.0296875
0 0.3203125 0.3765625 0.0328125 0.03125
0 0.46015625 0.35546875 0.046875 0.0390625
0 0.43046875 0.375 0.0375 0.0375
0 0.39609375 0.38203125 0.040625 0.0328125
0 0.38203125 0.3546875 0.0328125 0.034375
0 0.3609375 0.365625 0.0265625 0.0265625
0 0.3421875 0.35625 0.0328125 0.03125
0 0.29453125 0.3015625 0.0375 0.0328125
0 0.25703125 0.3046875 0.034375 0.034375
0 0.1890625 0.3546875 0.0359375 0.0296875
0 0.15625 0.27421875 0.034375 0.0328125
0 0.46171875 0.3078125 0.040625 0.0375
0 0.421875 0.31796875 0.04375 0.040625
0 0.36328125 0.31171875 0.0453125 0.034375
0 0.5015625 0.30078125 0.040625 0.034375
0 0.48828125 0.2734375 0.0421875 0.034375
0 0.4796875 0.23359375 0.04375 0.0375
0 0.63359375 0.30234375 0.05 0.0390625
0 0.5828125 0.2640625 0.04375 0.040625
0 0.53125 0.20546875 0.046875 0.0390625
0 0.48046875 0.1875 0.04375 0.0375
0 0.43125 0.16953125 0.0453125 0.0375