0 0.3578125 0.82265625 0.03125 0.0328125
0 0.38671875 0.8203125 0.03125 0.0328125
0 0.3703125 0.8 0.028125 0.0296875
0 0.40234375 0.80078125 0.03125 0.0359375
0 0.384375 0.7796875 0.0296875 0.0328125
0 0.40625 0.771875 0.0296875 0.0328125
0 0.4296875 0.7671875 0.034375 0.0375
0 0.3890625 0.74921875 0.0328125 0.0359375
0 0.41484375 0.74453125 0.03125 0.0328125
0 0.45 0.74140625 0.0359375 0.0390625
0 0.38515625 0.71875 0.0265625 0.0296875
0 0.403125 0.70078125 0.0296875 0.0328125
0 0.42265625 0.71484375 0.0328125 0.0375
0 0.28515625 0.815625 0.0296875 0.0328125
0 0.31171875 0.82265625 0.03125 0.0328125
0 0.2640625 0.8015625 0.0296875 0.0296875
0 0.29296875 0.79375 0.0296875 0.0296875
0 0.3171875 0.79609375 0.034375 0.034375
0 0.24453125 0.765625 0.025 0.0296875
0 0.26328125 0.775 0.0265625 0.0296875
0 0.2828125 0.771875 0.0265625 0.0296875
0 0.30859375 0.77109375 0.028125 0.0328125
0 0.2234375 0.75859375 0.0265625 0.0296875
0 0.234375 0.73984375 0.025 0.028125
0 0.25390625 0.7421875 0.025 0.028125
0 0.27265625 0.74765625 0.028125 0.03125
0 0.2921875 0.7515625 0.0265625 0.0328125
0 0.31640625 0.74296875 0.0296875 0.0390625
0 0.30703125 0.7 0.0328125 0.0375
0 0.21328125 0.72734375 0.0296875 0.0328125
0 0.2359375 0.71640625 0.0265625 0.0328125
0 0.25546875 0.715625 0.0328125 0.0328125
0 0.178125 0.71640625 0.0265625 0.0265625
0 0.2 0.7046875 0.0265625 0.0296875
0 0.221875 0.6953125 0.025 0.028125
0 0.24375 0.690625 0.0265625 0.0296875
0 0.18359375 0.6828125 0.028125 0.03125
0 0.2078125 0.6796875 0.0265625 0.0296875
0 0.23125 0.67265625 0.0265625 0.0296875
0 0.16171875 0.6953125 0.03125 0.03125
0 0.1890625 0.65703125 0.028125 0.03125
0 0.2140625 0.6546875 0.028125 0.0328125
0 0.190625 0.63125 0.0296875 0.0296875
0 0.04765625 0.54765625 0.03125 0.03125
0 0.0875 0.509375 0.028125 0.03125
0 0.425 0.68515625 0.0359375 0.040625
0 0.5296875 0.72109375 0.0421875 0.0421875
0 0.38984375 0.66953125 0.03125 0.0328125
0 0.409375 0.65859375 0.0296875 0.0328125
0 0.4296875 0.64765625 0.0359375 0.034375
0 0.403125 0.63125 0.034375 0.0375
0 0.4359375 0.61953125 0.034375 0.034375
0 0.30703125 0.62578125 0.03125 0.03125
0 0.3296875 0.6203125 0.03125 0.0328125
0 0.3 0.5765625 0.0265625 0.0328125
0 0.31640625 0.58671875 0.034375 0.034375
0 0.3078125 0.55078125 0.0296875 0.0296875
0 0.3625 0.58828125 0.034375 0.0390625
0 0.22890625 0.63671875 0.025 0.0296875
0 0.246875 0.65 0.028125 0.0328125
0 0.15859375 0.6234375 0.028125 0.03125
0 0.18359375 0.6 0.025 0.0296875
0 0.20234375 0.60859375 0.0265625 0.03125
0 0.21953125 0.6140625 0.0265625 0.03125
0 0.234375 0.59921875 0.028125 0.0328125
0 0.19140625 0.57578125 0.025 0.0296875
0 0.2078125 0.5671875 0.025 0.028125
0 0.2265625 0.56875 0.028125 0.0296875
0 0.2453125 0.5296875 0.028125 0.0328125
0 0.2078125 0.54375 0.0265625 0.0296875
0 0.225 0.53046875 0.028125 0.03125
0 0.24296875 0.5546875 0.0296875 0.0328125
0 0.23671875 0.50390625 0.0328125 0.034375
0 0.3109375 0.52421875 0.03125 0.0328125
0 0.3328125 0.5453125 0.03125 0.034375
0 0.54609375 0.61875 0.0390625 0.040625
0 0.49921875 0.54921875 0.034375 0.034375
0 0.540625 0.57890625 0.0390625 0.040625
0 0.4890625 0.58125 0.03125 0.0359375
0 0.48984375 0.53046875 0.03125 0.0359375
0 0.33359375 0.503125 0.0265625 0.0296875
0 0.3515625 0.515625 0.0328125 0.0375
0 0.43828125 0.5109375 0.03125 0.034375
0 0.3125 0.490625 0.03125 0.0359375
0 0.34609375 0.47734375 0.028125 0.0328125
0 0.25 0.46796875 0.03125 0.0328125
0 0.3296875 0.475 0.025 0.03125
0 0.36953125 0.48671875 0.034375 0.034375
0 0.3953125 0.4828125 0.0359375 0.034375
0 0.4734375 0.49921875 0.0390625 0.040625
0 0.3671875 0.4546875 0.034375 0.0375
0 0.41171875 0.45625 0.0359375 0.0375
0 0.27734375 0.4359375 0.034375 0.0375
0 0.36796875 0.3953125 0.0375 0.0359375
0 0.5546875 0.45859375 0.0421875 0.0453125
0 0.5421875 0.409375 0.0359375 0.040625
0 0.43515625 0.34765625 0.0359375 0.0390625
0 0.2578125 0.2546875 0.03125 0.0328125
0 0.27109375 0.20546875 0.03125 0.0359375