0 0.44140625 0.76640625 0.0265625 0.021875
0 0.54921875 0.8125 0.025 0.021875
0 0.57421875 0.8203125 0.0234375 0.0234375
0 0.56640625 0.79609375 0.028125 0.0234375
0 0.58984375 0.7984375 0.021875 0.021875
0 0.59921875 0.81796875 0.025 0.0203125
0 0.659375 0.83984375 0.0265625 0.025
0 0.63984375 0.81640625 0.025 0.0234375
0 0.6140625 0.79765625 0.025 0.025
0 0.7046875 0.7875 0.025 0.0234375
0 0.74765625 0.74453125 0.0296875 0.0265625
0 0.72734375 0.76796875 0.0265625 0.0234375
0 0.7 0.765625 0.0265625 0.021875
0 0.68125 0.778125 0.0234375 0.021875
0 0.6671875 0.796875 0.025 0.0234375
0 0.6546875 0.76953125 0.0265625 0.025
0 0.67734375 0.74921875 0.025 0.021875
0 0.65078125 0.7453125 0.028125 0.0234375
0 0.55859375 0.76640625 0.0265625 0.0234375
0 0.559375 0.74375 0.0265625 0.025
0 0.58671875 0.76875 0.0265625 0.025
0 0.58515625 0.746875 0.025 0.0203125
0 0.56640625 0.72421875 0.025 0.021875
0 0.59140625 0.7265625 0.025 0.0234375
0 0.6265625 0.73046875 0.0265625 0.025
0 0.6078125 0.71015625 0.025 0.0234375
0 0.66953125 0.71015625 0.028125 0.025
0 0.63984375 0.709375 0.0296875 0.0265625
0 0.5953125 0.6640625 0.0265625 0.025
0 0.5953125 0.690625 0.025 0.0234375
0 0.57578125 0.70546875 0.0265625 0.025
0 0.55234375 0.69453125 0.0234375 0.0234375
0 0.5375 0.7109375 0.0234375 0.0234375
0 0.50234375 0.71171875 0.028125 0.0234375
0 0.49296875 0.73828125 0.0234375 0.0234375
0 0.48046875 0.7203125 0.0234375 0.0171875
0 0.46796875 0.70234375 0.0234375 0.025
0 0.453125 0.71640625 0.025 0.0234375
0 0.44140625 0.7453125 0.025 0.0203125
0 0.43203125 0.72421875 0.0234375 0.0234375
0 0.43046875 0.70546875 0.0234375 0.0234375
0 0.43515625 0.68359375 0.0265625 0.025
0 0.40859375 0.690625 0.025 0.0234375
0 0.5234375 0.68671875 0.0265625 0.025
0 0.490625 0.68984375 0.0265625 0.0234375
0 0.4578125 0.6765625 0.025 0.025
0 0.4390625 0.66171875 0.0265625 0.0265625
0 0.41796875 0.64453125 0.0296875 0.0265625
0 0.4984375 0.66875 0.025 0.0234375
0 0.5 0.64609375 0.0296875 0.028125
0 0.4859375 0.62421875 0.0265625 0.0296875
0 0.45859375 0.6203125 0.0265625 0.0296875
0 0.42890625 0.62421875 0.025 0.0265625
0 0.53671875 0.60078125 0.0265625 0.028125
0 0.5046875 0.6 0.0265625 0.0296875
0 0.47265625 0.5953125 0.0265625 0.0265625
0 0.4453125 0.59375 0.028125 0.028125
0 0.38828125 0.59453125 0.0296875 0.0265625
0 0.30234375 0.58359375 0.0265625 0.0296875
0 0.4265625 0.5390625 0.0265625 0.0265625
0 0.4109375 0.55859375 0.0296875 0.0296875
0 0.4515625 0.5609375 0.0265625 0.0265625
0 0.56328125 0.59140625 0.0265625 0.028125
0 0.62734375 0.64140625 0.03125 0.0265625
0 0.5796875 0.6203125 0.0296875 0.028125
0 0.6046875 0.5953125 0.0296875 0.0265625
0 0.671875 0.59921875 0.0296875 0.0328125
0 0.79453125 0.64453125 0.0296875 0.0296875
0 0.765625 0.65078125 0.0328125 0.028125
0 0.82578125 0.6375 0.03125 0.0265625
0 0.7921875 0.61171875 0.03125 0.0296875
0 0.91484375 0.534375 0.0359375 0.0296875
0 0.83125 0.61328125 0.0328125 0.0296875
0 0.80390625 0.57265625 0.0328125 0.028125
0 0.8109375 0.53828125 0.0296875 0.0296875
0 0.78828125 0.503125 0.0359375 0.0328125
0 0.7640625 0.44296875 0.03125 0.0328125
0 0.69296875 0.46953125 0.028125 0.0296875
0 0.66484375 0.49140625 0.0296875 0.03125
0 0.62890625 0.50546875 0.028125 0.025
0 0.62578125 0.47734375 0.0296875 0.028125
0 0.60078125 0.50703125 0.0265625 0.0265625
0 0.58671875 0.52578125 0.028125 0.0234375
0 0.56171875 0.5046875 0.028125 0.0296875
0 0.43125 0.51484375 0.0328125 0.0296875
0 0.47109375 0.5015625 0.0296875 0.028125
0 0.50078125 0.4953125 0.028125 0.0265625
0 0.534375 0.54453125 0.028125 0.028125
0 0.53046875 0.4984375 0.0296875 0.028125
0 0.53125 0.4703125 0.0296875 0.0296875
0 0.50390625 0.46796875 0.028125 0.028125
0 0.49453125 0.4390625 0.0328125 0.0328125
0 0.47421875 0.46953125 0.0296875 0.0296875
0 0.3859375 0.49453125 0.0328125 0.0296875
0 0.29609375 0.52109375 0.0296875 0.028125
0 0.28515625 0.49765625 0.03125 0.0234375
0 0.2765625 0.4796875 0.0296875 0.0328125
0 0.38125 0.4234375 0.0328125 0.0328125
0 0.34765625 0.4046875 0.03125 0.034375
0 0.3078125 0.4234375 0.03125 0.03125
0 0.28984375 0.44921875 0.0328125 0.0328125
0 0.18671875 0.39453125 0.03125 0.0328125
0 0.290625 0.3453125 0.0328125 0.0359375
0 0.43515625 0.4015625 0.0328125 0.0328125
0 0.49375 0.38125 0.0328125 0.0328125
0 0.46484375 0.32890625 0.034375 0.0328125
0 0.59765625 0.39765625 0.0328125 0.0328125
0 0.665625 0.3796875 0.0328125 0.0359375
0 0.6234375 0.35703125 0.0359375 0.034375
0 0.59375 0.36953125 0.0328125 0.03125
0 0.5453125 0.36171875 0.034375 0.0328125
0 0.53046875 0.33046875 0.0328125 0.0359375
0 0.75703125 0.309375 0.0359375 0.0359375
0 0.69453125 0.296875 0.0390625 0.0359375
0 0.64296875 0.2875 0.0359375 0.0359375
0 0.5703125 0.28046875 0.0359375 0.0390625
0 0.46953125 0.28828125 0.034375 0.0359375
0 0.403125 0.30625 0.0328125 0.034375
0 0.32265625 0.27421875 0.0359375 0.034375
0 0.86953125 0.79296875 0.0328125 0.028125
0 0.75234375 0.81875 0.0265625 0.0234375
0 0.81328125 0.83046875 0.0296875 0.025
0 0.778125 0.8296875 0.025 0.0234375
0 0.76484375 0.853125 0.028125 0.025
0 0.69921875 0.93984375 0.025 0.0234375
0 0.54453125 0.92421875 0.025 0.0234375
0 0.45859375 0.896875 0.0203125 0.01875
0 0.48125 0.9109375 0.0234375 0.021875
0 0.478125 0.88984375 0.021875 0.0203125
0 0.43984375 0.90390625 0.01875 0.0171875
0 0.43671875 0.884375 0.021875 0.021875