0 0.34375 0.70625 0.0140625 0.0125
0 0.646875 0.53203125 0.0140625 0.0140625
0 0.628125 0.56953125 0.0140625 0.0140625
0 0.50234375 0.41796875 0.0109375 0.0125
0 0.40703125 0.6734375 0.0125 0.0140625
0 0.69765625 0.5515625 0.0109375 0.0125
0 0.590625 0.58828125 0.0125 0.0125
0 0.5578125 0.4140625 0.0125 0.0125
0 0.5296875 0.28828125 0.0140625 0.0140625
0 0.43515625 0.36796875 0.0140625 0.0140625
0 0.44140625 0.66171875 0.0140625 0.0140625
0 0.63828125 0.4984375 0.0125 0.0125
0 0.62421875 0.3578125 0.0171875 0.0171875
0 0.6015625 0.36484375 0.0140625 0.0140625
0 0.6734375 0.53671875 0.0140625 0.0140625
0 0.36015625 0.3859375 0.0140625 0.0140625
0 0.4546875 0.67734375 0.0140625 0.0140625
0 0.45703125 0.66484375 0.0140625 0.0140625
0 0.409375 0.425 0.0140625 0.0140625
0 0.58515625 0.3421875 0.0140625 0.0140625
0 0.44140625 0.69765625 0.0140625 0.0140625
0 0.434375 0.62421875 0.015625 0.015625
0 0.6390625 0.36171875 0.0140625 0.0140625
0 0.44609375 0.61640625 0.0140625 0.0140625
0 0.428125 0.6546875 0.0140625 0.0140625
0 0.440625 0.49765625 0.0140625 0.0140625
0 0.58984375 0.36171875 0.015625 0.015625
0 0.3671875 0.6859375 0.0140625 0.0140625
0 0.4515625 0.63125 0.0140625 0.0140625
0 0.5984375 0.34609375 0.0140625 0.0140625
0 0.4140625 0.54765625 0.0140625 0.0140625
0 0.36875 0.621875 0.0140625 0.0140625
0 0.45390625 0.69296875 0.015625 0.015625
0 0.4453125 0.6 0.0140625 0.0140625
0 0.41796875 0.4734375 0.0140625 0.0140625
0 0.5609375 0.58984375 0.0140625 0.0140625
0 0.4765625 0.66328125 0.0140625 0.0140625
0 0.43046875 0.4859375 0.0140625 0.0140625
0 0.44296875 0.384375 0.0140625 0.0140625
0 0.475 0.63828125 0.0140625 0.0140625
0 0.3703125 0.671875 0.0140625 0.0140625
0 0.61875 0.34140625 0.015625 0.015625
0 0.340625 0.34453125 0.0140625 0.0140625
0 0.421875 0.59140625 0.0140625 0.0140625
0 0.640625 0.3484375 0.015625 0.015625
0 0.3390625 0.68984375 0.0140625 0.0140625
0 0.39609375 0.61953125 0.0140625 0.0140625
0 0.43359375 0.353125 0.015625 0.015625
0 0.609375 0.396875 0.0140625 0.0140625
0 0.4171875 0.534375 0.0140625 0.0140625
0 0.41015625 0.35546875 0.0140625 0.0140625
0 0.5859375 0.446875 0.0109375 0.0109375
0 0.48203125 0.62734375 0.0140625 0.0140625
0 0.4609375 0.5015625 0.0140625 0.0140625
0 0.4328125 0.5375 0.015625 0.015625
0 0.42734375 0.34140625 0.0140625 0.0140625
0 0.4453125 0.54296875 0.0140625 0.0140625
0 0.35546875 0.3265625 0.0140625 0.0140625
0 0.528125 0.33671875 0.0140625 0.0140625
0 0.415625 0.62421875 0.0140625 0.0140625
0 0.62109375 0.38671875 0.0140625 0.0140625
0 0.5984375 0.3328125 0.015625 0.015625
0 0.35625 0.65859375 0.0140625 0.0140625
0 0.53515625 0.5765625 0.0140625 0.0140625
0 0.41328125 0.5140625 0.0140625 0.0140625
0 0.3703125 0.659375 0.0140625 0.0140625
0 0.46484375 0.55390625 0.0140625 0.0140625
0 0.4203125 0.45703125 0.015625 0.015625
0 0.4265625 0.4203125 0.0140625 0.0140625
0 0.44921875 0.35390625 0.0140625 0.0140625
0 0.4 0.41640625 0.0140625 0.0140625
0 0.425 0.50625 0.0140625 0.0140625
0 0.34453125 0.64609375 0.0140625 0.0140625
0 0.43359375 0.40625 0.015625 0.0171875
0 0.41171875 0.41015625 0.0140625 0.0140625
0 0.353125 0.3078125 0.0140625 0.0140625
0 0.48515625 0.45859375 0.0140625 0.0140625
0 0.67578125 0.515625 0.0140625 0.0140625
0 0.565625 0.5 0.0140625 0.0140625
0 0.3515625 0.36015625 0.015625 0.015625
0 0.4453125 0.44609375 0.0140625 0.0140625
0 0.475 0.5765625 0.0140625 0.0140625
0 0.54296875 0.53984375 0.0140625 0.0140625
0 0.40234375 0.52265625 0.0140625 0.0140625
0 0.5 0.47578125 0.0140625 0.0140625
0 0.48984375 0.48203125 0.0140625 0.0140625
0 0.47734375 0.484375 0.015625 0.015625
0 0.48984375 0.61015625 0.0140625 0.0140625
0 0.44296875 0.484375 0.015625 0.015625
0 0.4953125 0.596875 0.0140625 0.0140625
0 0.65390625 0.34921875 0.0140625 0.0140625
0 0.40390625 0.53828125 0.0140625 0.0140625
0 0.534375 0.56328125 0.0140625 0.0140625
0 0.70078125 0.36015625 0.0140625 0.0140625
0 0.43984375 0.55625 0.0140625 0.0140625
0 0.50625 0.60234375 0.0140625 0.0140625
0 0.47265625 0.5890625 0.0140625 0.0140625
0 0.70078125 0.5234375 0.015625 0.015625
0 0.38359375 0.6203125 0.0140625 0.0140625
0 0.4703125 0.46640625 0.0171875 0.0125
0 0.4671875 0.47421875 0.0140625 0.0140625
0 0.45625 0.48125 0.0140625 0.0140625
0 0.4984375 0.50859375 0.0140625 0.0140625
0 0.55625 0.57109375 0.0140625 0.0140625
0 0.659375 0.33671875 0.0140625 0.0140625
0 0.45625 0.5671875 0.0140625 0.0140625
0 0.50859375 0.5671875 0.0140625 0.0140625
0 0.4921875 0.54921875 0.0140625 0.0140625
0 0.46328125 0.30234375 0.0140625 0.0140625
0 0.45859375 0.54375 0.0140625 0.0140625
0 0.4421875 0.4578125 0.0140625 0.0140625
0 0.48125 0.5625 0.0140625 0.0140625
0 0.43125 0.471875 0.0140625 0.0140625
0 0.5296875 0.48125 0.0140625 0.0140625
0 0.48515625 0.496875 0.015625 0.015625
0 0.47578125 0.4984375 0.015625 0.0171875
0 0.471875 0.45546875 0.0140625 0.0140625
0 0.375 0.31328125 0.0140625 0.0140625
0 0.62109375 0.325 0.015625 0.015625
0 0.46015625 0.45390625 0.0140625 0.0140625
0 0.4578125 0.6015625 0.0140625 0.0140625
0 0.48125 0.47109375 0.0140625 0.0140625
0 0.446875 0.5828125 0.0140625 0.0140625
0 0.42265625 0.51953125 0.015625 0.0171875
0 0.7171875 0.3421875 0.0140625 0.0140625
0 0.478125 0.596875 0.015625 0.015625
0 0.5078125 0.4859375 0.0140625 0.0140625
0 0.48828125 0.57265625 0.0140625 0.0140625
0 0.434375 0.5859375 0.0140625 0.0140625
0 0.49609375 0.56171875 0.0140625 0.0140625
0 0.46015625 0.61484375 0.015625 0.015625
0 0.43671875 0.57421875 0.015625 0.015625
0 0.46328125 0.490625 0.015625 0.0171875
0 0.46796875 0.621875 0.0140625 0.0140625
0 0.4875 0.584375 0.0140625 0.0140625
0 0.47265625 0.61171875 0.0140625 0.0140625
0 0.515625 0.4796875 0.0140625 0.0140625
0 0.45546875 0.4640625 0.0140625 0.0140625
0 0.4453125 0.4671875 0.015625 0.0171875
0 0.496875 0.490625 0.0140625 0.0140625
0 0.46953125 0.565625 0.0140625 0.0140625
0 0.46171875 0.578125 0.0140625 0.0140625
0 0.44453125 0.5640625 0.0140625 0.0140625
0 0.4578125 0.590625 0.015625 0.015625