0 0.3390625 0.71484375 0.0578125 0.0578125
0 0.2 0.4375 0.0671875 0.065625
0 0.43515625 0.31328125 0.0625 0.059375
0 0.68671875 0.73828125 0.0625 0.065625
0 0.86328125 0.53984375 0.0640625 0.0640625
0 0.90859375 0.62265625 0.0640625 0.0625
0 0.45703125 0.68125 0.0578125 0.0578125
0 0.63515625 0.42734375 0.0609375 0.0609375
0 0.4546875 0.72890625 0.0671875 0.0625
0 0.26875 0.54765625 0.0609375 0.0609375
0 0.67734375 0.44453125 0.0609375 0.0609375
0 0.64296875 0.7078125 0.0625 0.0640625
0 0.68515625 0.63203125 0.0625 0.0609375
0 0.45078125 0.35703125 0.059375 0.0609375
0 0.5765625 0.42890625 0.059375 0.05625
0 0.50546875 0.6625 0.0625 0.059375
0 0.48828125 0.5 0.059375 0.0578125
0 0.553125 0.67890625 0.0609375 0.0609375
0 0.596875 0.50859375 0.059375 0.0578125
0 0.6578125 0.5921875 0.0578125 0.0578125
0 0.39375 0.503125 0.05625 0.05625
0 0.80859375 0.55859375 0.0625 0.0609375
0 0.64765625 0.53359375 0.0625 0.0578125
0 0.82265625 0.51328125 0.0625 0.0609375
0 0.54375 0.37421875 0.059375 0.059375
0 0.7671875 0.4765625 0.0609375 0.0609375
0 0.71875 0.46953125 0.0625 0.059375
0 0.59375 0.38671875 0.0609375 0.059375
0 0.49296875 0.33515625 0.0578125 0.0578125
0 0.25390625 0.39921875 0.059375 0.0578125
0 0.29296875 0.36953125 0.0578125 0.0578125
0 0.771875 0.52265625 0.0625 0.059375
0 0.49296875 0.38046875 0.0578125 0.0578125
0 0.33359375 0.34453125 0.05625 0.0546875
0 0.5421875 0.7265625 0.0609375 0.0609375
0 0.37265625 0.3703125 0.0578125 0.0578125
0 0.60625 0.46484375 0.059375 0.0578125
0 0.3890625 0.3265625 0.05625 0.05625
0 0.52421875 0.41640625 0.0578125 0.0578125
0 0.859375 0.6375 0.0625 0.065625
0 0.4109375 0.546875 0.059375 0.05625
0 0.5 0.45390625 0.05625 0.0546875
0 0.83671875 0.7078125 0.0640625 0.0609375
0 0.59765625 0.71640625 0.0609375 0.0609375
0 0.378125 0.68515625 0.0578125 0.0578125
0 0.6625 0.490625 0.0609375 0.059375
0 0.70390625 0.51484375 0.059375 0.0578125
0 0.31171875 0.67578125 0.05625 0.05625
0 0.46953125 0.42109375 0.05625 0.05625
0 0.81328125 0.66328125 0.0625 0.0609375
0 0.8546875 0.5875 0.0671875 0.0640625
0 0.42578125 0.4015625 0.05625 0.05625
0 0.2859375 0.46328125 0.059375 0.059375
0 0.54453125 0.465625 0.0578125 0.0578125
0 0.25546875 0.5 0.0609375 0.059375
0 0.26640625 0.596875 0.0578125 0.059375
0 0.29765625 0.4171875 0.05625 0.05625
0 0.73671875 0.55703125 0.0625 0.059375
0 0.771875 0.6875 0.059375 0.0578125
0 0.7703125 0.63515625 0.06875 0.0640625
0 0.6890625 0.55859375 0.059375 0.0578125
0 0.56953125 0.54296875 0.0609375 0.0578125
0 0.6890625 0.6859375 0.0625 0.0609375
0 0.721875 0.59921875 0.0625 0.0609375
0 0.340625 0.43515625 0.05625 0.05625
0 0.815625 0.61796875 0.0609375 0.0625
0 0.49765625 0.709375 0.0578125 0.0578125
0 0.425 0.446875 0.0546875 0.0546875
0 0.33828125 0.48359375 0.0578125 0.0578125
0 0.3 0.6265625 0.059375 0.0625
0 0.61484375 0.56640625 0.0578125 0.0578125
0 0.45703125 0.53203125 0.05625 0.0546875
0 0.64296875 0.65390625 0.0625 0.0609375
0 0.534375 0.51015625 0.0578125 0.0578125
0 0.5296875 0.58515625 0.05625 0.0546875
0 0.73046875 0.7109375 0.0609375 0.0609375
0 0.49609375 0.61484375 0.05625 0.05625
0 0.37890625 0.46171875 0.05625 0.053125
0 0.43828125 0.4921875 0.05625 0.0546875
0 0.35078125 0.646875 0.05625 0.05625
0 0.409375 0.653125 0.0609375 0.059375
0 0.61484375 0.61484375 0.0609375 0.0609375
0 0.30078125 0.51171875 0.059375 0.059375
0 0.353125 0.5265625 0.05625 0.0546875
0 0.503125 0.54453125 0.0578125 0.0578125
0 0.575 0.590625 0.0578125 0.0578125
0 0.33515625 0.39140625 0.05625 0.05625
0 0.775 0.58671875 0.06875 0.0625
0 0.46953125 0.5765625 0.05625 0.0546875
0 0.596875 0.6625 0.0609375 0.059375
0 0.5546875 0.63046875 0.059375 0.059375
0 0.37109375 0.56953125 0.05625 0.05625
0 0.4515625 0.63125 0.05625 0.05625
0 0.38359375 0.41328125 0.0546875 0.053125
0 0.3375 0.60078125 0.05625 0.05625
0 0.3203125 0.55625 0.0578125 0.0578125
0 0.3828125 0.6140625 0.05625 0.05625
0 0.7296875 0.6609375 0.065625 0.0609375
0 0.42734375 0.5921875 0.05625 0.053125