0 0.7328125 0.39140625 0.0359375 0.028125
0 0.70625 0.40625 0.03203125 0.0265625
0 0.809375 0.40390625 0.03984375 0.0265625
0 0.6734375 0.39765625 0.034375 0.02421875
0 0.75234375 0.43984375 0.03203125 0.02734375
0 0.7859375 0.428125 0.0328125 0.02890625
0 0.7234375 0.42890625 0.034375 0.02890625
0 0.48828125 0.3109375 0.03515625 0.02578125
0 0.5265625 0.31953125 0.03828125 0.02734375
0 0.5671875 0.32421875 0.0375 0.02890625
0 0.584375 0.3625 0.03671875 0.0296875
0 0.6234375 0.371875 0.040625 0.028125
0 0.63984375 0.4 0.034375 0.02578125
0 0.665625 0.42265625 0.03515625 0.02421875
0 0.78046875 0.47109375 0.03671875 0.02421875
0 0.6921875 0.43984375 0.03203125 0.02421875
0 0.74921875 0.48203125 0.034375 0.02421875
0 0.8140625 0.4859375 0.0359375 0.0265625
0 0.725 0.4671875 0.02890625 0.02734375
0 0.77421875 0.509375 0.034375 0.02578125
0 0.71328125 0.4890625 0.03203125 0.025
0 0.73984375 0.50234375 0.03515625 0.02421875
0 0.59453125 0.40859375 0.03359375 0.028125
0 0.459375 0.34765625 0.0390625 0.028125
0 0.45546875 0.37578125 0.03828125 0.02890625
0 0.51953125 0.40625 0.034375 0.02578125
0 0.559375 0.3984375 0.03671875 0.02578125
0 0.69296875 0.4640625 0.034375 0.02578125
0 0.44921875 0.409375 0.03515625 0.02578125
0 0.53046875 0.434375 0.03359375 0.02890625
0 0.65703125 0.45234375 0.03359375 0.02421875
0 0.46171875 0.4328125 0.03515625 0.02265625
0 0.66328125 0.47578125 0.034375 0.0265625
0 0.4359375 0.446875 0.03515625 0.02421875
0 0.66640625 0.49609375 0.03203125 0.02265625
0 0.4828125 0.459375 0.034375 0.025
0 0.69140625 0.50703125 0.03203125 0.025
0 0.62890625 0.48046875 0.03359375 0.025
0 0.71171875 0.525 0.0328125 0.0234375
0 0.64296875 0.51171875 0.03125 0.02421875
0 0.74609375 0.525 0.0375 0.02421875
0 0.60078125 0.50078125 0.02890625 0.02109375
0 0.6671875 0.52265625 0.02890625 0.02265625
0 0.565625 0.50078125 0.03359375 0.02421875
0 0.68203125 0.54296875 0.034375 0.02265625
0 0.5875 0.52421875 0.034375 0.02421875
0 0.6703125 0.57265625 0.03046875 0.0234375
0 0.53046875 0.5296875 0.03359375 0.0234375
0 0.49765625 0.5140625 0.03203125 0.025
0 0.4984375 0.53828125 0.03125 0.0234375
0 0.45078125 0.50546875 0.03203125 0.0234375
0 0.46640625 0.53359375 0.03125 0.02109375
0 0.48203125 0.5578125 0.03203125 0.02265625
0 0.45390625 0.55234375 0.03125 0.02265625
0 0.4515625 0.5828125 0.03359375 0.02421875
0 0.42265625 0.5453125 0.02734375 0.02421875
0 0.43125 0.56953125 0.0296875 0.02265625
0 0.39140625 0.53984375 0.03359375 0.02265625
0 0.39921875 0.5609375 0.03125 0.02109375
0 0.3546875 0.534375 0.03515625 0.02265625
0 0.36171875 0.553125 0.03203125 0.01875
0 0.378125 0.575 0.03046875 0.01953125
0 0.40703125 0.584375 0.0296875 0.0234375
0 0.34609375 0.5671875 0.0296875 0.0203125
0 0.365625 0.59296875 0.0296875 0.021875
0 0.3 0.58203125 0.0328125 0.0234375
0 0.33359375 0.5875 0.03203125 0.0234375
0 0.28828125 0.5625 0.03203125 0.02265625
0 0.3140625 0.61015625 0.0296875 0.025
0 0.284375 0.60078125 0.0296875 0.021875
0 0.259375 0.578125 0.03203125 0.021875
0 0.2828125 0.621875 0.028125 0.02109375
0 0.3015625 0.6390625 0.028125 0.0234375
0 0.26484375 0.640625 0.03671875 0.021875
0 0.25625 0.6078125 0.0328125 0.0203125
0 0.2375 0.59140625 0.03125 0.02109375
0 0.20546875 0.55859375 0.03515625 0.02421875
0 0.2015625 0.59375 0.02890625 0.01953125
0 0.2234375 0.60859375 0.0296875 0.02109375
0 0.24140625 0.62890625 0.03046875 0.0234375
0 0.184375 0.609375 0.0296875 0.0203125
0 0.20703125 0.62890625 0.03203125 0.02109375
0 0.16015625 0.6234375 0.028125 0.01953125
0 0.1859375 0.63984375 0.03046875 0.021875
0 0.125 0.628125 0.03515625 0.021875
0 0.0640625 0.5625 0.0359375 0.02578125
0 0.14375 0.67109375 0.02890625 0.021875
0 0.1484375 0.69296875 0.03125 0.0203125
0 0.07734375 0.59296875 0.034375 0.0234375
0 0.12109375 0.68359375 0.02890625 0.02109375
0 0.0609375 0.62265625 0.03046875 0.02265625
0 0.09375 0.68125 0.03046875 0.02109375
0 0.046875 0.64140625 0.03359375 0.01953125
0 0.0640625 0.6671875 0.0328125 0.02265625
0 0.09453125 0.70078125 0.03125 0.01875
0 0.1171875 0.7140625 0.02890625 0.02109375
0 0.1453125 0.71328125 0.0265625 0.0203125
0 0.5046875 0.3484375 0.03046875 0.03046875
0 0.4875 0.34453125 0.02109375 0.028125