0 0.55703125 0.02265625 0.025 0.0203125
0 0.53515625 0.06640625 0.0203125 0.02109375
0 0.55859375 0.07890625 0.0234375 0.01953125
0 0.49765625 0.09765625 0.02421875 0.01953125
0 0.5359375 0.0953125 0.02265625 0.0171875
0 0.540625 0.11171875 0.0234375 0.01953125
0 0.52265625 0.12265625 0.02109375 0.021875
0 0.49609375 0.13203125 0.0234375 0.0203125
0 0.51015625 0.15546875 0.0234375 0.01953125
0 0.55859375 0.1578125 0.021875 0.01953125
0 0.48125 0.2046875 0.0234375 0.02109375
0 0.48828125 0.1875 0.02109375 0.01875
0 0.50859375 0.19765625 0.02109375 0.02265625
0 0.55390625 0.209375 0.0265625 0.02109375
0 0.5765625 0.228125 0.0234375 0.02265625
0 0.64765625 0.253125 0.025 0.021875
0 0.61796875 0.26171875 0.02265625 0.021875
0 0.50703125 0.2734375 0.0265625 0.02109375
0 0.51796875 0.25078125 0.025 0.0234375
0 0.54375 0.2328125 0.028125 0.01875
0 0.54609375 0.2515625 0.0234375 0.01875
0 0.54375 0.26953125 0.02734375 0.01953125
0 0.53203125 0.2859375 0.02421875 0.01796875
0 0.51875 0.30546875 0.02265625 0.021875
0 0.56640625 0.2890625 0.02421875 0.02109375
0 0.60546875 0.28515625 0.02421875 0.02109375
0 0.584375 0.30625 0.02421875 0.02109375
0 0.6078125 0.3171875 0.0265625 0.0203125
0 0.54765625 0.328125 0.025 0.02265625
0 0.58828125 0.3296875 0.025 0.02109375
0 0.5734375 0.346875 0.0234375 0.02109375
0 0.55234375 0.35859375 0.0265625 0.02421875
0 0.61640625 0.375 0.025 0.02265625
0 0.69609375 0.36875 0.02578125 0.02421875
0 0.6421875 0.371875 0.0265625 0.02265625
0 0.53125 0.38125 0.02421875 0.021875
0 0.56640625 0.3890625 0.0265625 0.025
0 0.5828125 0.40703125 0.02734375 0.0265625
0 0.65625 0.43046875 0.03046875 0.02421875
0 0.55546875 0.42109375 0.0296875 0.02734375
0 0.6359375 0.44765625 0.02578125 0.02578125
0 0.5234375 0.43125 0.028125 0.025
0 0.61171875 0.46640625 0.03046875 0.02265625
0 0.5515625 0.446875 0.02890625 0.025
0 0.58203125 0.4578125 0.028125 0.025
0 0.60625 0.44140625 0.02734375 0.0234375
0 0.58515625 0.48125 0.028125 0.025
0 0.61484375 0.4890625 0.02578125 0.0234375
0 0.5796875 0.50078125 0.025 0.0234375
0 0.52890625 0.51171875 0.0265625 0.02421875
0 0.5515625 0.503125 0.028125 0.0265625
0 0.5046875 0.50234375 0.028125 0.02578125
0 0.46875 0.52109375 0.028125 0.02421875
0 0.50859375 0.528125 0.0265625 0.02421875
0 0.53359375 0.53671875 0.02578125 0.02265625
0 0.5640625 0.52734375 0.0296875 0.02421875
0 0.6109375 0.52265625 0.025 0.025
0 0.63828125 0.53046875 0.0265625 0.02890625
0 0.61015625 0.546875 0.0265625 0.0265625
0 0.57734375 0.54921875 0.0265625 0.02421875
0 0.5203125 0.5609375 0.0265625 0.02421875
0 0.5484375 0.55546875 0.02734375 0.025
0 0.5640625 0.5734375 0.028125 0.02421875
0 0.63671875 0.56796875 0.028125 0.0265625
0 0.64375 0.603125 0.02890625 0.02734375
0 0.59453125 0.57265625 0.028125 0.025
0 0.615625 0.596875 0.02578125 0.02734375
0 0.621875 0.6234375 0.0296875 0.0265625
0 0.57890625 0.59453125 0.0265625 0.02421875
0 0.59453125 0.61640625 0.0265625 0.0265625
0 0.55 0.59453125 0.02421875 0.02421875
0 0.56640625 0.6171875 0.02578125 0.0265625
0 0.58125 0.640625 0.02734375 0.0265625
0 0.609375 0.65546875 0.03046875 0.028125
0 0.640625 0.64765625 0.02890625 0.02734375
0 0.66953125 0.665625 0.03203125 0.0328125
0 0.64296875 0.67890625 0.03046875 0.03046875
0 0.52734375 0.58671875 0.0265625 0.02734375
0 0.50859375 0.61796875 0.03046875 0.02890625
0 0.53828125 0.61875 0.028125 0.02578125
0 0.55390625 0.640625 0.028125 0.02734375
0 0.57890625 0.665625 0.02890625 0.02734375
0 0.60390625 0.68359375 0.028125 0.0296875
0 0.525 0.64609375 0.03046875 0.03046875
0 0.5484375 0.66953125 0.02734375 0.0296875
0 0.56796875 0.69375 0.03203125 0.03046875
0 0.5890625 0.70859375 0.03046875 0.0328125
0 0.6109375 0.7328125 0.0328125 0.0359375
0 0.5703125 0.734375 0.0296875 0.03203125
0 0.53671875 0.696875 0.0296875 0.03125
0 0.5390625 0.7234375 0.0296875 0.028125
0 0.54453125 0.75390625 0.03515625 0.0328125
0 0.50703125 0.8171875 0.03203125 0.0375
0 0.52578125 0.7859375 0.0375 0.03359375
0 0.575 0.76328125 0.0296875 0.03203125
0 0.603125 0.778125 0.03125 0.03359375
0 0.6 0.81015625 0.0296875 0.03359375
0 0.6203125 0.84296875 0.03359375 0.0359375
0 0.59765625 0.9 0.0328125 0.03984375