0 0.609375 0.35703125 0.021875 0.021875
0 0.58984375 0.35078125 0.021875 0.021875
0 0.58828125 0.33125 0.021875 0.021875
0 0.59375 0.36875 0.0234375 0.0234375
0 0.60078125 0.3859375 0.021875 0.0203125
0 0.58515625 0.39609375 0.021875 0.021875
0 0.5796875 0.378125 0.021875 0.0203125
0 0.575 0.3609375 0.021875 0.021875
0 0.57109375 0.340625 0.021875 0.021875
0 0.55 0.3375 0.021875 0.01875
0 0.56015625 0.371875 0.0203125 0.021875
0 0.5578125 0.35390625 0.01875 0.01875
0 0.584375 0.4140625 0.0203125 0.021875
0 0.5671875 0.409375 0.021875 0.021875
0 0.5640625 0.38984375 0.0203125 0.01875
0 0.54609375 0.384375 0.0203125 0.01875
0 0.5421875 0.36171875 0.0203125 0.021875
0 0.53359375 0.34609375 0.021875 0.021875
0 0.5125 0.34609375 0.0203125 0.021875
0 0.5234375 0.3609375 0.0203125 0.01875
0 0.53046875 0.3765625 0.021875 0.01875
0 0.55 0.4015625 0.01875 0.0203125
0 0.52890625 0.39453125 0.0203125 0.0203125
0 0.55234375 0.41953125 0.021875 0.01875
0 0.53671875 0.41328125 0.01875 0.01875
0 0.54921875 0.4390625 0.021875 0.021875
0 0.53359375 0.43125 0.01875 0.021875
0 0.52109375 0.41640625 0.01875 0.0203125
0 0.5140625 0.384375 0.01875 0.0203125
0 0.50625 0.36875 0.01875 0.0203125
0 0.5125 0.4015625 0.0203125 0.0203125
0 0.4984375 0.38984375 0.0203125 0.01875
0 0.49140625 0.35859375 0.0203125 0.01875
0 0.4890625 0.3765625 0.0203125 0.01875
0 0.48203125 0.3921875 0.01875 0.01875
0 0.4953125 0.40703125 0.01875 0.01875
0 0.50390625 0.421875 0.0203125 0.021875
0 0.49375 0.43984375 0.0203125 0.01875
0 0.51640625 0.4359375 0.021875 0.021875
0 0.5078125 0.45078125 0.0203125 0.01875
0 0.4875 0.42421875 0.01875 0.0203125
0 0.49609375 0.4609375 0.0203125 0.021875
0 0.4796875 0.45625 0.01875 0.0171875
0 0.47890625 0.4390625 0.01875 0.01875
0 0.4828125 0.475 0.021875 0.01875
0 0.46484375 0.46328125 0.01875 0.01875
0 0.46484375 0.44375 0.01875 0.021875
0 0.4671875 0.425 0.01875 0.01875
0 0.475 0.409375 0.0203125 0.021875
0 0.4671875 0.39453125 0.01875 0.01875
0 0.471875 0.378125 0.0203125 0.021875
0 0.4546875 0.38203125 0.021875 0.021875
0 0.4578125 0.4109375 0.01875 0.01875
0 0.44140625 0.41484375 0.0203125 0.0203125
0 0.43125 0.40078125 0.01875 0.01875
0 0.45390625 0.43203125 0.01875 0.021875
0 0.4375 0.43125 0.01875 0.0203125
0 0.42265625 0.41953125 0.0203125 0.021875
0 0.4375 0.44765625 0.01875 0.0203125
0 0.44609375 0.47265625 0.01875 0.021875
0 0.4515625 0.4546875 0.0203125 0.01875
0 0.4609375 0.4796875 0.01875 0.0203125
0 0.47578125 0.490625 0.0203125 0.0203125
0 0.46171875 0.496875 0.01875 0.021875
0 0.44609375 0.49140625 0.0203125 0.01875
0 0.428125 0.4875 0.01875 0.01875
0 0.42890625 0.46328125 0.01875 0.01875
0 0.42109375 0.43828125 0.01875 0.0203125
0 0.40703125 0.45703125 0.01875 0.01875
0 0.4140625 0.475 0.01875 0.01875
0 0.41171875 0.49609375 0.01875 0.01875
0 0.42734375 0.5296875 0.01875 0.0203125
0 0.421875 0.5109375 0.01875 0.01875
0 0.40546875 0.5140625 0.01875 0.01875
0 0.403125 0.5375 0.01875 0.01875
0 0.41640625 0.55546875 0.01875 0.021875
0 0.4015625 0.5546875 0.01875 0.0203125
0 0.3875 0.546875 0.01875 0.0203125
0 0.38984375 0.5296875 0.01875 0.01875
0 0.37578125 0.534375 0.01875 0.0203125
0 0.37578125 0.5546875 0.01875 0.021875
0 0.390625 0.5109375 0.01875 0.01875
0 0.3921875 0.49453125 0.01875 0.021875
0 0.39609375 0.47578125 0.01875 0.01875
0 0.38671875 0.4578125 0.01875 0.021875
0 0.38046875 0.47890625 0.01875 0.01875
0 0.37734375 0.4953125 0.01875 0.01875
0 0.3765625 0.5125 0.01875 0.0203125
0 0.359375 0.50859375 0.01875 0.01875
0 0.36328125 0.4890625 0.01875 0.021875
0 0.36640625 0.47421875 0.01875 0.01875
0 0.36640625 0.453125 0.01875 0.01875
0 0.353125 0.4640625 0.01875 0.01875
0 0.35078125 0.48046875 0.0171875 0.01875
0 0.34609375 0.49765625 0.01875 0.01875
0 0.35703125 0.53515625 0.01875 0.01875
0 0.34296875 0.53125 0.01875 0.01875
0 0.34609375 0.51484375 0.01875 0.01875
0 0.3265625 0.5234375 0.01875 0.01875
0 0.328125 0.4984375 0.0171875 0.01875
0 0.3328125 0.48359375 0.01875 0.01875
0 0.32890625 0.46640625 0.0171875 0.01875
0 0.33984375 0.4578125 0.0171875 0.01875
0 0.35078125 0.44765625 0.01875 0.01875
0 0.334375 0.43203125 0.01875 0.01875
0 0.31953125 0.4375 0.01875 0.021875
0 0.31328125 0.42109375 0.021875 0.01875
0 0.3046875 0.4359375 0.021875 0.021875
0 0.2921875 0.4515625 0.01875 0.01875
0 0.31328125 0.4671875 0.01875 0.0203125
0 0.3 0.471875 0.0171875 0.0203125
0 0.2859375 0.47421875 0.01875 0.01875
0 0.278125 0.459375 0.01875 0.0203125
0 0.26484375 0.4671875 0.0171875 0.01875
0 0.29140625 0.48984375 0.01875 0.01875
0 0.2734375 0.48125 0.01875 0.01875
0 0.26015625 0.49296875 0.01875 0.0203125
0 0.271875 0.5140625 0.01875 0.021875
0 0.303125 0.52109375 0.0171875 0.021875
0 0.3109375 0.50859375 0.01875 0.021875
0 0.25703125 0.5625 0.01875 0.021875
0 0.2453125 0.53671875 0.01875 0.021875
0 0.23515625 0.50546875 0.0203125 0.0203125
0 0.22890625 0.5328125 0.01875 0.021875
0 0.2375 0.56875 0.0203125 0.021875
0 0.22265625 0.5578125 0.0203125 0.01875
0 0.21796875 0.57578125 0.01875 0.01875
0 0.2015625 0.51328125 0.01875 0.021875
0 0.2953125 0.6421875 0.0171875 0.01875
0 0.296875 0.66171875 0.01875 0.01875
0 0.28515625 0.63125 0.01875 0.01875
0 0.271875 0.63515625 0.015625 0.0203125
0 0.25703125 0.628125 0.0171875 0.01875
0 0.28203125 0.6484375 0.0171875 0.01875
0 0.27578125 0.66484375 0.0171875 0.01875
0 0.26484375 0.65 0.0171875 0.021875
0 0.25234375 0.64375 0.01875 0.021875
0 0.23828125 0.6296875 0.01875 0.0234375
0 0.22578125 0.63125 0.0171875 0.021875
0 0.24453125 0.65703125 0.015625 0.01875
0 0.23125 0.6609375 0.0171875 0.021875
0 0.240625 0.678125 0.0171875 0.01875
0 0.2625 0.66640625 0.015625 0.0203125
0 0.25625 0.6796875 0.01875 0.021875