0 0.6546875 0.67578125 0.0234375 0.02109375
0 0.6390625 0.69140625 0.028125 0.02578125
0 0.66953125 0.746875 0.025 0.0296875
0 0.753125 0.7734375 0.02109375 0.0265625
0 0.76953125 0.78828125 0.0203125 0.025
0 0.6625 0.828125 0.025 0.0265625
0 0.725 0.8125 0.02421875 0.02734375
0 0.74296875 0.8078125 0.02421875 0.0265625
0 0.38515625 0.0265625 0.02421875 0.025
0 0.38359375 0.0515625 0.02421875 0.02421875
0 0.403125 0.06796875 0.021875 0.025
0 0.4203125 0.0546875 0.025 0.025
0 0.4734375 0.08359375 0.02421875 0.028125
0 0.49609375 0.07734375 0.02421875 0.02734375
0 0.52421875 0.11953125 0.02421875 0.02734375
0 0.7609375 0.49609375 0.02265625 0.028125
0 0.784375 0.4875 0.021875 0.02578125
0 0.79140625 0.5140625 0.021875 0.0234375
0 0.8015625 0.5828125 0.0234375 0.02109375
0 0.78046875 0.5625 0.021875 0.028125
0 0.74375 0.64609375 0.02421875 0.0265625
0 0.72265625 0.6140625 0.021875 0.0234375
0 0.7046875 0.625 0.01953125 0.02734375
0 0.7203125 0.590625 0.0265625 0.02578125
0 0.6859375 0.62265625 0.01953125 0.0234375
0 0.66328125 0.6296875 0.02265625 0.025
0 0.66484375 0.65390625 0.0234375 0.0234375
0 0.63515625 0.65234375 0.0234375 0.0265625
0 0.63359375 0.60625 0.02265625 0.0203125
0 0.63046875 0.6265625 0.025 0.02578125
0 0.6125 0.590625 0.02421875 0.02421875
0 0.61875 0.56640625 0.0234375 0.02421875
0 0.63984375 0.58671875 0.02265625 0.02421875
0 0.60546875 0.54296875 0.02265625 0.02421875
0 0.6671875 0.52734375 0.02265625 0.02890625
0 0.59375 0.50703125 0.02265625 0.02421875
0 0.6203125 0.51875 0.0234375 0.02578125
0 0.66171875 0.50546875 0.021875 0.0234375
0 0.646875 0.5203125 0.0234375 0.025
0 0.64921875 0.48671875 0.021875 0.02578125
0 0.66484375 0.47265625 0.025 0.0234375
0 0.609375 0.46484375 0.02421875 0.02421875
0 0.58046875 0.4453125 0.02265625 0.02578125
0 0.634375 0.42421875 0.0265625 0.025
0 0.59765625 0.3765625 0.02109375 0.02734375
0 0.615625 0.390625 0.02265625 0.025
0 0.6640625 0.3765625 0.0234375 0.02578125
0 0.66953125 0.35703125 0.01953125 0.0234375
0 0.63515625 0.35546875 0.02421875 0.025
0 0.653125 0.35390625 0.01484375 0.0234375
0 0.659375 0.2234375 0.021875 0.02578125
0 0.68828125 0.21328125 0.0234375 0.0265625
0 0.6421875 0.20703125 0.02265625 0.0234375
0 0.6609375 0.19375 0.02265625 0.02265625
0 0.54140625 0.303125 0.02578125 0.028125
0 0.54765625 0.26875 0.025 0.02734375
0 0.5765625 0.24375 0.0234375 0.0265625
0 0.5984375 0.21875 0.0234375 0.0265625
0 0.56796875 0.17734375 0.02421875 0.02578125
0 0.54921875 0.2140625 0.0234375 0.028125
0 0.5109375 0.2140625 0.02578125 0.0265625
0 0.48984375 0.203125 0.025 0.0234375
0 0.48515625 0.22578125 0.021875 0.0234375
0 0.49921875 0.24609375 0.0234375 0.02421875
0 0.44375 0.19296875 0.0265625 0.025
0 0.4515625 0.22734375 0.0234375 0.02109375
0 0.45546875 0.21171875 0.02421875 0.01953125
0 0.44921875 0.2421875 0.02578125 0.02109375
0 0.434375 0.26640625 0.02578125 0.02734375
0 0.3515625 0.28828125 0.02734375 0.0265625
0 0.38828125 0.30625 0.0265625 0.028125
0 0.43203125 0.32421875 0.0265625 0.028125
0 0.34609375 0.3203125 0.028125 0.02578125
0 0.39609375 0.3359375 0.02890625 0.02578125
0 0.41484375 0.36484375 0.0234375 0.0265625
0 0.36875 0.34921875 0.025 0.025
0 0.39140625 0.36015625 0.02578125 0.025
0 0.340625 0.3453125 0.02734375 0.02578125
0 0.3328125 0.371875 0.02578125 0.025
0 0.3578125 0.3703125 0.0265625 0.025
0 0.34375 0.3984375 0.0265625 0.0265625
0 0.38046875 0.38203125 0.0265625 0.0234375
0 0.38046875 0.409375 0.0265625 0.02421875
0 0.40078125 0.396875 0.02421875 0.02578125
0 0.42734375 0.4046875 0.02421875 0.028125
0 0.42578125 0.43359375 0.0265625 0.0265625
0 0.49296875 0.4765625 0.02578125 0.025
0 0.48203125 0.50390625 0.025 0.0234375
0 0.5046875 0.509375 0.02421875 0.02421875
0 0.475 0.53203125 0.02421875 0.0265625
0 0.49296875 0.56015625 0.02265625 0.025
0 0.51953125 0.56171875 0.025 0.02421875
0 0.46328125 0.56796875 0.025 0.02265625
0 0.48046875 0.5875 0.02421875 0.0265625
0 0.50546875 0.58671875 0.02265625 0.02578125
0 0.51015625 0.6515625 0.021875 0.025
0 0.5265625 0.634375 0.02265625 0.02578125
0 0.48671875 0.64921875 0.02421875 0.02421875
0 0.515625 0.675 0.021875 0.02265625
0 0.53984375 0.671875 0.02265625 0.02421875
0 0.39453125 0.5921875 0.02578125 0.03046875
0 0.384375 0.5703125 0.02421875 0.0234375
0 0.3765625 0.51875 0.0265625 0.02265625
0 0.38125 0.54296875 0.02734375 0.025
0 0.35 0.49921875 0.025 0.03046875
0 0.33515625 0.4234375 0.0234375 0.02421875
0 0.2171875 0.38515625 0.02421875 0.028125
0 0.27421875 0.3984375 0.025 0.025
0 0.309375 0.4484375 0.025 0.02578125
0 0.2875 0.4234375 0.02421875 0.025
0 0.28125 0.44765625 0.0265625 0.02578125
0 0.25390625 0.4546875 0.02578125 0.02578125
0 0.290625 0.47265625 0.0265625 0.02421875
0 0.22578125 0.4953125 0.028125 0.02578125
0 0.24921875 0.48046875 0.02578125 0.0234375
0 0.2640625 0.48203125 0.01328125 0.02890625
0 0.2828125 0.49609375 0.02890625 0.02421875
0 0.24921875 0.51015625 0.02734375 0.025
0 0.2375 0.5375 0.025 0.025
0 0.26796875 0.53125 0.028125 0.0265625
0 0.28984375 0.52109375 0.0265625 0.02734375
0 0.30078125 0.51328125 0.01875 0.0203125
0 0.2953125 0.57265625 0.02734375 0.02734375
0 0.3265625 0.56953125 0.02890625 0.02734375
0 0.3265625 0.59921875 0.02734375 0.025
0 0.34296875 0.62265625 0.02578125 0.02421875
0 0.35234375 0.6078125 0.02421875 0.025
0 0.353125 0.6375 0.02578125 0.0234375
0 0.34296875 0.6640625 0.02734375 0.0265625
0 0.33203125 0.68828125 0.02734375 0.02578125
0 0.3875 0.675 0.02734375 0.028125
0 0.496875 0.70859375 0.02578125 0.02734375
0 0.521875 0.71171875 0.02421875 0.02734375
0 0.5328125 0.75078125 0.0234375 0.0265625
0 0.5453125 0.71796875 0.021875 0.02578125
0 0.56640625 0.7640625 0.02734375 0.0265625
0 0.56328125 0.80703125 0.02421875 0.02578125
0 0.578125 0.8671875 0.0234375 0.0265625
0 0.3625 0.76328125 0.02734375 0.03203125
0 0.34453125 0.78828125 0.02578125 0.028125
0 0.365625 0.8171875 0.02734375 0.0296875
0 0.28125 0.8546875 0.02890625 0.0296875
0 0.31171875 0.8625 0.03203125 0.028125
0 0.31015625 0.88203125 0.02890625 0.01875