0 0.73203125 0.73203125 0.015625 0.0171875
0 0.72421875 0.71640625 0.01640625 0.0171875
0 0.68515625 0.75859375 0.01640625 0.015625
0 0.65859375 0.76875 0.0171875 0.01640625
0 0.66328125 0.72578125 0.015625 0.01640625
0 0.6484375 0.7265625 0.01640625 0.01640625
0 0.64140625 0.74296875 0.01875 0.0171875
0 0.625 0.7328125 0.0171875 0.0171875
0 0.61953125 0.7546875 0.01640625 0.01640625
0 0.6125 0.77421875 0.01640625 0.01640625
0 0.603125 0.76171875 0.01640625 0.015625
0 0.590625 0.77265625 0.01640625 0.01875
0 0.58125 0.7875 0.0171875 0.01640625
0 0.565625 0.7765625 0.015625 0.0171875
0 0.5453125 0.78515625 0.0171875 0.01796875
0 0.5625 0.7546875 0.015625 0.01640625
0 0.58828125 0.7453125 0.01640625 0.01640625
0 0.58984375 0.72890625 0.01640625 0.015625
0 0.61875 0.70078125 0.0171875 0.01640625
0 0.5875 0.68203125 0.01953125 0.01875
0 0.41484375 0.7046875 0.01796875 0.01875
0 0.40625 0.6515625 0.01640625 0.01640625
0 0.38984375 0.6421875 0.015625 0.015625
0 0.4125 0.63515625 0.015625 0.01640625
0 0.3984375 0.625 0.01640625 0.01640625
0 0.3578125 0.6390625 0.01484375 0.01484375
0 0.34296875 0.64375 0.01640625 0.015625
0 0.36796875 0.6328125 0.01484375 0.015625
0 0.34140625 0.66171875 0.015625 0.01640625
0 0.3265625 0.63671875 0.01484375 0.015625
0 0.31171875 0.6359375 0.01484375 0.0171875
0 0.2953125 0.6375 0.01640625 0.01640625
0 0.3 0.62109375 0.0171875 0.015625
0 0.32890625 0.62265625 0.01484375 0.01484375
0 0.34296875 0.62890625 0.015625 0.01484375
0 0.34453125 0.61328125 0.01640625 0.01484375
0 0.3390625 0.6 0.01484375 0.01484375
0 0.3546875 0.590625 0.01328125 0.0125
0 0.34140625 0.5859375 0.01484375 0.015625
0 0.35546875 0.603125 0.0140625 0.01328125
0 0.38984375 0.5921875 0.01484375 0.0140625
0 0.37890625 0.58125 0.01328125 0.01484375
0 0.36640625 0.58359375 0.01328125 0.01484375
0 0.36015625 0.57109375 0.015625 0.015625
0 0.38671875 0.56875 0.0140625 0.0171875
0 0.40625 0.57421875 0.0140625 0.015625
0 0.41953125 0.5890625 0.015625 0.015625
0 0.4421875 0.60078125 0.01484375 0.0140625
0 0.4296875 0.60703125 0.015625 0.0140625
0 0.43984375 0.61953125 0.01640625 0.01484375
0 0.465625 0.625 0.01484375 0.01484375
0 0.46484375 0.609375 0.015625 0.0140625
0 0.48515625 0.62890625 0.01484375 0.01484375
0 0.478125 0.60546875 0.0140625 0.0125
0 0.478125 0.59140625 0.015625 0.01484375
0 0.490625 0.61484375 0.015625 0.0140625
0 0.45625 0.5859375 0.01484375 0.0140625
0 0.51875 0.5984375 0.01484375 0.015625
0 0.50703125 0.5890625 0.01484375 0.015625
0 0.49375 0.57890625 0.015625 0.01484375
0 0.5328125 0.60234375 0.01484375 0.01484375
0 0.5578125 0.6125 0.015625 0.015625
0 0.54453125 0.6171875 0.0140625 0.015625
0 0.578125 0.60234375 0.0171875 0.015625
0 0.57734375 0.5875 0.015625 0.01484375
0 0.634375 0.603125 0.015625 0.01640625
0 0.621875 0.590625 0.01484375 0.01484375
0 0.61328125 0.578125 0.01484375 0.01484375
0 0.60625 0.56484375 0.01484375 0.01640625
0 0.64140625 0.58828125 0.015625 0.015625
0 0.63828125 0.571875 0.0171875 0.01640625
0 0.659375 0.58046875 0.0171875 0.01484375
0 0.65546875 0.5984375 0.01640625 0.015625
0 0.66171875 0.61484375 0.0171875 0.015625
0 0.696875 0.5328125 0.0171875 0.01484375
0 0.684375 0.55 0.0171875 0.015625
0 0.68671875 0.515625 0.0171875 0.015625
0 0.740625 0.5046875 0.0171875 0.01640625
0 0.72890625 0.4984375 0.015625 0.0140625
0 0.64453125 0.48359375 0.015625 0.01484375
0 0.6390625 0.50625 0.01640625 0.01640625
0 0.62890625 0.515625 0.01484375 0.01484375
0 0.61484375 0.5109375 0.01484375 0.0140625
0 0.62265625 0.49921875 0.01484375 0.0140625
0 0.60625 0.5 0.0140625 0.0140625
0 0.61328125 0.48671875 0.01484375 0.0140625
0 0.596875 0.4890625 0.01484375 0.01484375
0 0.5953125 0.50859375 0.01484375 0.01328125
0 0.58515625 0.4984375 0.0140625 0.01484375
0 0.575 0.50859375 0.0140625 0.01640625
0 0.58828125 0.52109375 0.01484375 0.01328125
0 0.60390625 0.5375 0.015625 0.0140625
0 0.578125 0.534375 0.00859375 0.01328125
0 0.559375 0.5375 0.0140625 0.015625
0 0.5875 0.534375 0.0140625 0.01484375
0 0.6140625 0.55078125 0.01484375 0.015625
0 0.58515625 0.5484375 0.015625 0.0140625
0 0.56328125 0.51875 0.01640625 0.0140625
0 0.54921875 0.5 0.01328125 0.0140625
0 0.54296875 0.52578125 0.01484375 0.015625
0 0.521875 0.52265625 0.01640625 0.015625
0 0.51328125 0.54453125 0.015625 0.015625
0 0.48984375 0.54765625 0.01640625 0.015625
0 0.4859375 0.53125 0.0171875 0.01640625
0 0.46640625 0.5203125 0.01484375 0.015625
0 0.45234375 0.51328125 0.015625 0.015625
0 0.42890625 0.51171875 0.01875 0.0171875
0 0.4984375 0.48671875 0.0171875 0.0171875
0 0.37265625 0.49375 0.0171875 0.015625
0 0.39921875 0.44765625 0.0171875 0.015625
0 0.4140625 0.43046875 0.0140625 0.01328125
0 0.425 0.4140625 0.0140625 0.01484375
0 0.409375 0.40546875 0.01484375 0.0109375
0 0.409375 0.4171875 0.015625 0.0140625
0 0.42890625 0.40078125 0.01484375 0.0140625
0 0.44609375 0.39140625 0.0171875 0.01484375
0 0.36953125 0.41171875 0.01640625 0.01484375
0 0.478125 0.37734375 0.01640625 0.015625
0 0.4765625 0.359375 0.0140625 0.01484375
0 0.51015625 0.3421875 0.01640625 0.015625
0 0.48828125 0.3390625 0.01484375 0.01640625
0 0.52265625 0.3296875 0.01484375 0.01640625
0 0.5484375 0.3515625 0.01640625 0.01484375
0 0.56015625 0.3078125 0.0171875 0.01640625
0 0.54140625 0.30859375 0.01640625 0.015625
0 0.5015625 0.446875 0.01796875 0.0171875
0 0.41328125 0.55859375 0.01640625 0.01640625
0 0.31796875 0.55625 0.01640625 0.01640625
0 0.27734375 0.5765625 0.0171875 0.01640625
0 0.31796875 0.4671875 0.015625 0.015625
0 0.3484375 0.4359375 0.0171875 0.01484375
0 0.32578125 0.44453125 0.01640625 0.01484375
0 0.328125 0.42734375 0.015625 0.015625
0 0.30703125 0.4328125 0.01640625 0.015625
0 0.35078125 0.40625 0.01640625 0.01640625
0 0.66171875 0.4640625 0.015625 0.01640625
0 0.63125 0.47109375 0.01640625 0.01484375
0 0.63984375 0.45390625 0.01640625 0.015625
0 0.6953125 0.46953125 0.015625 0.01796875
0 0.6796875 0.471875 0.01484375 0.015625
0 0.6609375 0.446875 0.0171875 0.01640625
0 0.7078125 0.45078125 0.01640625 0.01640625
0 0.67578125 0.38046875 0.0171875 0.015625
0 0.6515625 0.3546875 0.015625 0.0171875