0 0.5015625 0.328125 0.01953125 0.015625
0 0.50546875 0.34375 0.0234375 0.021875
0 0.59296875 0.43671875 0.025 0.02734375
0 0.509375 0.44375 0.021875 0.02265625
0 0.32578125 0.33046875 0.025 0.0234375
0 0.4578125 0.45859375 0.02265625 0.0234375
0 0.5640625 0.43515625 0.02265625 0.02265625
0 0.48203125 0.46171875 0.0234375 0.0234375
0 0.2046875 0.66953125 0.025 0.025
0 0.459375 0.390625 0.02109375 0.02265625
0 0.3203125 0.61015625 0.02421875 0.02421875
0 0.2375 0.65 0.02421875 0.02421875
0 0.51953125 0.5484375 0.0234375 0.02265625
0 0.621875 0.34375 0.02109375 0.0234375
0 0.353125 0.596875 0.02421875 0.0234375
0 0.28828125 0.465625 0.0234375 0.0234375
0 0.21796875 0.2921875 0.0234375 0.02265625
0 0.3109375 0.2515625 0.021875 0.02421875
0 0.328125 0.5515625 0.0265625 0.02421875
0 0.30625 0.49609375 0.0234375 0.0234375
0 0.325 0.421875 0.02421875 0.02265625
0 0.3109375 0.4609375 0.0234375 0.02421875
0 0.30390625 0.4296875 0.02421875 0.025
0 0.59921875 0.378125 0.02265625 0.0234375
0 0.30703125 0.51953125 0.02265625 0.0234375
0 0.3984375 0.3546875 0.02265625 0.02265625
0 0.15234375 0.66328125 0.02578125 0.028125
0 0.28828125 0.24296875 0.02265625 0.0234375
0 0.3921875 0.80859375 0.025 0.02421875
0 0.28203125 0.44296875 0.02265625 0.02421875
0 0.25703125 0.24765625 0.0234375 0.02578125
0 0.55390625 0.415625 0.02421875 0.02421875
0 0.46171875 0.7453125 0.0234375 0.02421875
0 0.3890625 0.8390625 0.02421875 0.025
0 0.40859375 0.4609375 0.02578125 0.02265625
0 0.165625 0.5890625 0.02421875 0.02578125
0 0.23046875 0.53984375 0.0265625 0.02421875
0 0.3234375 0.7546875 0.0265625 0.025
0 0.60546875 0.78671875 0.0234375 0.02421875
0 0.4828125 0.4359375 0.02265625 0.0265625
0 0.39921875 0.29296875 0.02265625 0.02265625
0 0.43359375 0.41328125 0.025 0.0234375
0 0.54375 0.10625 0.021875 0.0234375
0 0.584375 0.26953125 0.02265625 0.02265625
0 0.3421875 0.303125 0.02265625 0.02421875
0 0.50234375 0.596875 0.0234375 0.0234375
0 0.375 0.69453125 0.0234375 0.02421875
0 0.43125 0.2578125 0.02109375 0.02265625
0 0.36640625 0.7359375 0.02578125 0.025
0 0.31796875 0.665625 0.025 0.025
0 0.34921875 0.71640625 0.0234375 0.025
0 0.5828125 0.1078125 0.0203125 0.02109375
0 0.5484375 0.12890625 0.02265625 0.0234375
0 0.58515625 0.12890625 0.02109375 0.02421875
0 0.58671875 0.29140625 0.021875 0.0234375
0 0.39140625 0.64375 0.0234375 0.02421875
0 0.43046875 0.8765625 0.025 0.025
0 0.4640625 0.70390625 0.02421875 0.0234375
0 0.35703125 0.67109375 0.0265625 0.025
0 0.48203125 0.096875 0.021875 0.0234375
0 0.4140625 0.86015625 0.02578125 0.025
0 0.540625 0.303125 0.02265625 0.0234375
0 0.29453125 0.215625 0.021875 0.0234375
0 0.6109375 0.8359375 0.02421875 0.0265625
0 0.34453125 0.6515625 0.025 0.02421875
0 0.47734375 0.878125 0.02265625 0.02578125
0 0.4125 0.23828125 0.02109375 0.0234375
0 0.4125 0.75703125 0.025 0.02421875
0 0.47109375 0.85078125 0.0265625 0.02578125
0 0.55625 0.58125 0.025 0.02421875
0 0.553125 0.36875 0.02265625 0.02421875
0 0.48671875 0.2296875 0.02265625 0.02421875
0 0.3828125 0.315625 0.021875 0.02265625
0 0.40546875 0.315625 0.02265625 0.0234375
0 0.50390625 0.67890625 0.02421875 0.02421875
0 0.5953125 0.3125 0.021875 0.0234375
0 0.5484375 0.8234375 0.02421875 0.02578125
0 0.3859375 0.2671875 0.02265625 0.0234375
0 0.35625 0.2796875 0.02109375 0.0234375
0 0.340625 0.10390625 0.021875 0.02109375
0 0.42578125 0.60625 0.02421875 0.02265625
0 0.40859375 0.66015625 0.02578125 0.02421875
0 0.596875 0.8546875 0.0234375 0.02421875
0 0.3375 0.68515625 0.0234375 0.025
0 0.38984375 0.23125 0.0234375 0.02578125
0 0.44375 0.5625 0.025 0.02421875
0 0.4421875 0.76171875 0.0234375 0.0234375
0 0.34375 0.74140625 0.0234375 0.02421875
0 0.5234375 0.35078125 0.0203125 0.021875
0 0.51796875 0.8671875 0.02421875 0.02421875
0 0.4578125 0.365625 0.021875 0.0234375
0 0.4796875 0.5890625 0.0234375 0.0234375
0 0.5640625 0.11640625 0.01953125 0.02109375
0 0.5984375 0.67109375 0.02265625 0.0234375
0 0.4921875 0.35546875 0.02109375 0.021875
0 0.378125 0.28671875 0.021875 0.02265625
0 0.42265625 0.35234375 0.025 0.0234375
0 0.6 0.6109375 0.0234375 0.02265625
0 0.575 0.84140625 0.02265625 0.02421875
0 0.55078125 0.8578125 0.0234375 0.025
0 0.59296875 0.8234375 0.02265625 0.025
0 0.58515625 0.77734375 0.02265625 0.0234375
0 0.5296875 0.840625 0.0234375 0.025
0 0.61875 0.62421875 0.0234375 0.0234375
0 0.55390625 0.321875 0.02109375 0.02265625
0 0.534375 0.66484375 0.0265625 0.025
0 0.48125 0.28359375 0.0234375 0.025
0 0.59375 0.353125 0.021875 0.02265625
0 0.5390625 0.8796875 0.0234375 0.02421875
0 0.5734375 0.36171875 0.02109375 0.021875
0 0.3640625 0.303125 0.02265625 0.0234375
0 0.59453125 0.75625 0.02265625 0.02109375
0 0.44375 0.2359375 0.021875 0.0234375
0 0.453125 0.25625 0.02109375 0.0234375
0 0.47421875 0.2515625 0.02265625 0.02421875
0 0.4703125 0.68125 0.02421875 0.02421875
0 0.45859375 0.58046875 0.02265625 0.0234375
0 0.4171875 0.6828125 0.02421875 0.0234375
0 0.43046875 0.3328125 0.021875 0.02265625
0 0.5953125 0.73203125 0.025 0.0234375
0 0.603125 0.3328125 0.02265625 0.02265625
0 0.475 0.61796875 0.0234375 0.0234375
0 0.44140625 0.6546875 0.0234375 0.0234375
0 0.59140625 0.709375 0.02421875 0.0234375
0 0.46484375 0.228125 0.021875 0.02265625
0 0.56953125 0.60390625 0.02421875 0.02421875
0 0.50625 0.6609375 0.025 0.0234375
0 0.575 0.32109375 0.021875 0.02421875
0 0.4296875 0.5828125 0.02421875 0.02421875
0 0.5734375 0.69609375 0.0234375 0.02421875
0 0.53359375 0.33359375 0.02421875 0.02421875
0 0.60546875 0.6421875 0.02265625 0.0234375
0 0.478125 0.328125 0.02265625 0.02265625
0 0.5765625 0.67109375 0.02265625 0.02265625
0 0.4828125 0.3078125 0.02265625 0.0234375
0 0.4359375 0.71875 0.02421875 0.0234375
0 0.45546875 0.6078125 0.0234375 0.0234375
0 0.55546875 0.68046875 0.0234375 0.02421875
0 0.4703125 0.34765625 0.02265625 0.02265625
0 0.4578125 0.3296875 0.02265625 0.02265625
0 0.46171875 0.3078125 0.02265625 0.02265625
0 0.41640625 0.70703125 0.0234375 0.02421875
0 0.58515625 0.6515625 0.02421875 0.02421875
0 0.4359375 0.73984375 0.02421875 0.0234375
0 0.4140625 0.73359375 0.02421875 0.0234375
0 0.5453125 0.60078125 0.02421875 0.0234375
0 0.51328125 0.62734375 0.0234375 0.0234375
0 0.446875 0.34765625 0.021875 0.02265625
0 0.4359375 0.69453125 0.0234375 0.0234375
0 0.4625 0.6578125 0.0234375 0.0234375
0 0.5578125 0.346875 0.02265625 0.021875
0 0.48515625 0.659375 0.02265625 0.02265625
0 0.5453125 0.6234375 0.02421875 0.02421875
0 0.58671875 0.62890625 0.0234375 0.021875
0 0.45703125 0.2875 0.0265625 0.02421875
0 0.49453125 0.640625 0.0234375 0.02265625
0 0.56328125 0.65390625 0.0234375 0.02421875
0 0.4484375 0.678125 0.0234375 0.02421875
0 0.565625 0.63125 0.02265625 0.0234375
0 0.54375 0.6453125 0.02265625 0.0234375
0 0.515625 0.6453125 0.02265625 0.02109375