0 0.61328125 0.27421875 0.01875 0.02890625
0 0.634375 0.26796875 0.0375 0.02734375
0 0.584375 0.27578125 0.03671875 0.03046875
0 0.6140625 0.24140625 0.03671875 0.0328125
0 0.65234375 0.24375 0.03671875 0.0328125
0 0.6953125 0.25 0.0421875 0.034375
0 0.58203125 0.30546875 0.04296875 0.0328125
0 0.5796875 0.34140625 0.0421875 0.0296875
0 0.5671875 0.3890625 0.0390625 0.03125
0 0.59453125 0.36953125 0.0421875 0.02734375
0 0.6203125 0.39921875 0.03828125 0.0328125
0 0.65390625 0.33828125 0.0390625 0.03359375
0 0.66796875 0.36875 0.0390625 0.03203125
0 0.69765625 0.328125 0.034375 0.03203125
0 0.73203125 0.3359375 0.0390625 0.03046875
0 0.71640625 0.28828125 0.03671875 0.02890625
0 0.7578125 0.29609375 0.0390625 0.02890625
0 0.7828125 0.32578125 0.0390625 0.03125
0 0.81796875 0.321875 0.0375 0.03203125
0 0.8515625 0.33125 0.034375 0.028125
0 0.9578125 0.321875 0.0390625 0.03046875
0 0.87734375 0.3140625 0.0359375 0.02734375
0 0.9390625 0.35234375 0.03671875 0.02890625
0 0.878125 0.3546875 0.03515625 0.03046875
0 0.909375 0.3671875 0.0359375 0.03046875
0 0.81171875 0.353125 0.03671875 0.0296875
0 0.84453125 0.36796875 0.0359375 0.028125
0 0.95078125 0.40234375 0.03828125 0.03125
0 0.984375 0.4171875 0.03125 0.03125
0 0.81328125 0.384375 0.03828125 0.02734375
0 0.85546875 0.39609375 0.03671875 0.02734375
0 0.8875 0.40078125 0.03671875 0.02890625
0 0.9171875 0.41484375 0.03671875 0.0265625
0 0.9546875 0.44609375 0.03828125 0.03125
0 0.81953125 0.41171875 0.03515625 0.02890625
0 0.88046875 0.42890625 0.0375 0.02890625
0 0.91171875 0.44296875 0.03828125 0.02890625
0 0.92734375 0.4703125 0.0375 0.03125
0 0.78828125 0.421875 0.03828125 0.0296875
0 0.8328125 0.4375 0.03984375 0.0265625
0 0.8625 0.453125 0.0359375 0.02890625
0 0.88984375 0.47265625 0.03671875 0.03203125
0 0.809375 0.4609375 0.03515625 0.02734375
0 0.840625 0.4765625 0.03515625 0.0296875
0 0.86171875 0.4984375 0.03828125 0.03359375
0 0.759375 0.446875 0.03828125 0.02890625
0 0.85625 0.5375 0.04140625 0.03125
0 0.7171875 0.44765625 0.03984375 0.03125
0 0.74765625 0.47734375 0.03828125 0.03125
0 0.63984375 0.47109375 0.0421875 0.0296875
0 0.584375 0.4578125 0.0390625 0.03203125
0 0.60390625 0.4984375 0.0375 0.02734375
0 0.64296875 0.50078125 0.0390625 0.02734375
0 0.68125 0.48828125 0.0421875 0.03203125
0 0.5921875 0.5234375 0.03515625 0.03359375
0 0.62890625 0.52890625 0.03671875 0.03203125
0 0.55546875 0.515625 0.0359375 0.0328125
0 0.56484375 0.546875 0.03671875 0.03046875
0 0.59296875 0.5671875 0.03984375 0.0328125
0 0.51640625 0.51015625 0.0390625 0.0296875
0 0.5296875 0.5390625 0.03828125 0.0296875
0 0.475 0.4984375 0.0421875 0.02890625
0 0.48515625 0.5265625 0.0421875 0.02890625
0 0.50234375 0.55703125 0.03671875 0.03046875
0 0.5359375 0.56953125 0.0390625 0.03046875
0 0.46328125 0.55 0.0390625 0.03125
0 0.39609375 0.53984375 0.04140625 0.0296875
0 0.409375 0.5703125 0.03984375 0.03046875
0 0.44921875 0.57734375 0.0375 0.03125
0 0.48671875 0.584375 0.0390625 0.0328125
0 0.36015625 0.56875 0.040625 0.0296875
0 0.38671875 0.59921875 0.03984375 0.03203125
0 0.4234375 0.61171875 0.0390625 0.03359375
0 0.334375 0.5875 0.0421875 0.03046875
0 0.353125 0.6125 0.0375 0.0328125
0 0.38125 0.63046875 0.0390625 0.03046875
0 0.403125 0.65546875 0.040625 0.03359375
0 0.29140625 0.53984375 0.0421875 0.03203125
0 0.28359375 0.5921875 0.04453125 0.0296875
0 0.3109375 0.615625 0.03984375 0.03046875
0 0.33046875 0.640625 0.0421875 0.03125
0 0.36015625 0.65859375 0.04375 0.0328125
0 0.25859375 0.61953125 0.0421875 0.03046875
0 0.2828125 0.646875 0.04296875 0.0328125
0 0.22421875 0.6421875 0.040625 0.03203125
0 0.25390625 0.66796875 0.03984375 0.034375
0 0.18046875 0.6546875 0.04140625 0.03359375
0 0.1171875 0.55625 0.0421875 0.0328125
0 0.1265625 0.59921875 0.046875 0.034375
0 0.09375 0.646875 0.0453125 0.03203125
0 0.06953125 0.6765625 0.04453125 0.034375
0 0.08203125 0.71875 0.040625 0.03125
0 0.11953125 0.7421875 0.0421875 0.02890625
0 0.1578125 0.740625 0.03671875 0.03125
0 0.1921875 0.721875 0.0453125 0.03359375
0 0.19296875 0.75703125 0.04453125 0.03515625
0 0.1140625 0.77421875 0.0359375 0.02890625
0 0.14140625 0.79765625 0.0390625 0.0328125
0 0.18359375 0.79296875 0.04296875 0.03125