0 0.2265625 0.46875 0.01953125 0.02109375
0 0.21484375 0.50078125 0.01953125 0.02109375
0 0.209375 0.475 0.01953125 0.02109375
0 0.19453125 0.4859375 0.0203125 0.01875
0 0.1984375 0.50546875 0.01875 0.0203125
0 0.21484375 0.5328125 0.0203125 0.0234375
0 0.15625 0.56484375 0.0203125 0.0203125
0 0.1234375 0.603125 0.0203125 0.021875
0 0.1375 0.66484375 0.01953125 0.021875
0 0.4046875 0.60859375 0.021875 0.01875
0 0.403125 0.62734375 0.01953125 0.01640625
0 0.40546875 0.64609375 0.01953125 0.0203125
0 0.43046875 0.64453125 0.021875 0.0203125
0 0.44140625 0.63203125 0.01953125 0.01953125
0 0.46015625 0.6421875 0.021875 0.02109375
0 0.44375 0.6546875 0.0203125 0.021875
0 0.421875 0.6640625 0.0171875 0.021875
0 0.40546875 0.67578125 0.01953125 0.01953125
0 0.434375 0.6796875 0.0203125 0.02109375
0 0.346875 0.72578125 0.0203125 0.0203125
0 0.365625 0.71953125 0.0203125 0.0203125
0 0.38046875 0.71015625 0.01953125 0.0203125
0 0.40078125 0.7125 0.01953125 0.0203125
0 0.390625 0.72890625 0.01796875 0.0203125
0 0.421875 0.709375 0.01875 0.01953125
0 0.43984375 0.728125 0.0203125 0.0203125
0 0.4390625 0.74921875 0.0203125 0.02109375
0 0.43203125 0.76796875 0.01875 0.021875
0 0.4484375 0.77734375 0.021875 0.021875
0 0.23671875 0.20703125 0.02421875 0.02578125
0 0.34921875 0.1921875 0.02265625 0.02578125
0 0.40078125 0.19296875 0.0203125 0.021875
0 0.4046875 0.215625 0.01875 0.0203125
0 0.41875 0.203125 0.01875 0.0203125
0 0.43515625 0.1921875 0.01953125 0.0171875
0 0.43671875 0.21328125 0.01796875 0.02421875
0 0.27734375 0.3109375 0.02109375 0.025
0 0.29453125 0.315625 0.0171875 0.02109375
0 0.31015625 0.3296875 0.0171875 0.01953125
0 0.3203125 0.31171875 0.02109375 0.01796875
0 0.32578125 0.32890625 0.01796875 0.01953125
0 0.334375 0.3046875 0.0203125 0.0203125
0 0.35390625 0.30546875 0.02109375 0.01875
0 0.34296875 0.325 0.02109375 0.02109375
0 0.39453125 0.31328125 0.02109375 0.02109375
0 0.41171875 0.3265625 0.021875 0.01953125
0 0.39921875 0.34140625 0.0203125 0.02265625
0 0.41875 0.34609375 0.0203125 0.021875
0 0.4328125 0.3328125 0.021875 0.01953125
0 0.43671875 0.353125 0.01953125 0.02109375
0 0.375 0.3484375 0.021875 0.0171875
0 0.3828125 0.36640625 0.0203125 0.0203125
0 0.334375 0.3609375 0.02109375 0.021875
0 0.35546875 0.36875 0.02109375 0.0203125
0 0.3421875 0.3828125 0.01875 0.02109375
0 0.35859375 0.38828125 0.0171875 0.02109375
0 0.37890625 0.390625 0.01875 0.01875
0 0.39375 0.3828125 0.0203125 0.01953125
0 0.36015625 0.4078125 0.01796875 0.01953125
0 0.3796875 0.40859375 0.0203125 0.01953125
0 0.39765625 0.40078125 0.0203125 0.01796875
0 0.41640625 0.40625 0.01875 0.02109375
0 0.42421875 0.38828125 0.01953125 0.02109375
0 0.4375 0.371875 0.0203125 0.01953125
0 0.46015625 0.4 0.02265625 0.025
0 0.4390625 0.4390625 0.02109375 0.02265625
0 0.146875 0.3671875 0.0234375 0.02265625
0 0.20234375 0.30078125 0.0203125 0.02265625
0 0.175 0.328125 0.01875 0.02265625
0 0.1984375 0.32421875 0.0171875 0.02109375
0 0.215625 0.32890625 0.01796875 0.021875
0 0.2734375 0.33828125 0.0203125 0.01953125
0 0.26640625 0.35546875 0.0171875 0.01796875
0 0.2828125 0.3609375 0.01953125 0.0203125
0 0.24921875 0.35078125 0.01796875 0.01875
0 0.2390625 0.37109375 0.01875 0.0203125
0 0.2265625 0.3921875 0.02109375 0.021875
0 0.25625 0.3703125 0.0171875 0.01953125
0 0.2703125 0.38046875 0.0171875 0.01953125
0 0.2890625 0.3796875 0.01875 0.0203125
0 0.30859375 0.3921875 0.01875 0.02109375
0 0.2828125 0.4125 0.01796875 0.0203125
0 0.303125 0.40859375 0.02265625 0.02109375
0 0.32578125 0.40234375 0.01875 0.0203125
0 0.3421875 0.4140625 0.01875 0.01953125
0 0.3671875 0.425 0.02109375 0.0203125
0 0.33203125 0.44140625 0.01953125 0.0203125
0 0.35078125 0.4359375 0.01875 0.01953125
0 0.36796875 0.44375 0.01953125 0.0203125
0 0.3109375 0.4609375 0.0203125 0.021875
0 0.40234375 0.46328125 0.01953125 0.0203125
0 0.44140625 0.47890625 0.0203125 0.02109375
0 0.41640625 0.4765625 0.01953125 0.01953125
0 0.35390625 0.48046875 0.0203125 0.0234375
0 0.37578125 0.48828125 0.01875 0.02109375
0 0.3328125 0.503125 0.01875 0.01796875
0 0.33671875 0.52109375 0.01953125 0.01953125
0 0.32890625 0.5375 0.01796875 0.01875
0 0.33203125 0.5609375 0.01953125 0.0203125
0 0.34453125 0.5484375 0.01953125 0.01953125
0 0.3515625 0.53046875 0.01875 0.01875
0 0.3671875 0.540625 0.01796875 0.01796875
0 0.3703125 0.559375 0.01875 0.01875
0 0.39375 0.521875 0.02109375 0.02265625
0 0.40703125 0.54921875 0.01875 0.01953125
0 0.42578125 0.5421875 0.02109375 0.02109375
0 0.40859375 0.57578125 0.01796875 0.0203125
0 0.39140625 0.57578125 0.01875 0.0203125
0 0.371875 0.57890625 0.01875 0.01875
0 0.353125 0.57109375 0.0171875 0.01953125
0 0.33671875 0.58359375 0.01796875 0.01953125
0 0.34609375 0.5984375 0.0171875 0.01875
0 0.3640625 0.59609375 0.01875 0.01875
0 0.3796875 0.6046875 0.01875 0.01875
0 0.37890625 0.62421875 0.01875 0.01875
0 0.3875 0.640625 0.01875 0.01796875
0 0.38359375 0.65859375 0.01953125 0.01875
0 0.3734375 0.67734375 0.0171875 0.01875
0 0.36875 0.696875 0.0171875 0.0203125
0 0.38671875 0.6921875 0.01796875 0.01953125
0 0.4046875 0.69453125 0.01875 0.01953125
0 0.365625 0.6546875 0.01875 0.0203125
0 0.35546875 0.675 0.01875 0.0203125
0 0.3515625 0.6953125 0.0171875 0.02109375
0 0.33203125 0.67265625 0.021875 0.01796875
0 0.334375 0.69296875 0.01875 0.0203125
0 0.27578125 0.65 0.01875 0.01875
0 0.28984375 0.6640625 0.021875 0.01953125
0 0.3 0.68359375 0.0171875 0.01796875
0 0.31640625 0.69375 0.01875 0.021875
0 0.2953125 0.70234375 0.01796875 0.01953125
0 0.3109375 0.7125 0.01953125 0.01796875
0 0.29296875 0.72265625 0.0171875 0.01953125
0 0.3109375 0.73046875 0.01953125 0.01953125
0 0.29140625 0.7421875 0.01875 0.01953125
0 0.31640625 0.7484375 0.0203125 0.01953125
0 0.21953125 0.66640625 0.01953125 0.02109375
0 0.240625 0.65546875 0.01953125 0.01953125
0 0.24921875 0.671875 0.02109375 0.0203125
0 0.234375 0.6828125 0.01875 0.021875
0 0.2640625 0.69140625 0.01875 0.02109375
0 0.24375 0.70703125 0.0171875 0.01953125
0 0.2578125 0.72421875 0.0203125 0.02265625
0 0.23984375 0.72734375 0.01640625 0.01953125
0 0.225 0.73671875 0.0203125 0.02109375
0 0.3421875 0.78515625 0.01953125 0.02265625
0 0.27578125 0.7828125 0.01953125 0.01953125
0 0.27421875 0.8078125 0.01875 0.01953125
0 0.2921875 0.825 0.01796875 0.02265625
0 0.30625 0.83984375 0.01953125 0.02109375
0 0.3375 0.821875 0.0234375 0.0203125
0 0.34375 0.84296875 0.0203125 0.02265625
0 0.4015625 0.8046875 0.0203125 0.02578125
0 0.38515625 0.815625 0.0203125 0.0203125
0 0.37578125 0.83828125 0.01796875 0.0203125
0 0.3921875 0.8484375 0.01953125 0.02265625
0 0.40234375 0.83203125 0.0203125 0.02109375
0 0.421875 0.81953125 0.01796875 0.02109375
0 0.43671875 0.80625 0.01953125 0.02109375
0 0.45234375 0.81875 0.0203125 0.02265625
0 0.440625 0.8328125 0.01953125 0.0203125