0 0.9703125 0.2671875 0.03125 0.0328125
0 0.9421875 0.26640625 0.028125 0.03125
0 0.92734375 0.28828125 0.0296875 0.0296875
0 0.94453125 0.30703125 0.0296875 0.03125
0 0.915625 0.35859375 0.0328125 0.028125
0 0.92734375 0.38515625 0.0296875 0.03125
0 0.88359375 0.41484375 0.0296875 0.028125
0 0.8234375 0.46328125 0.03125 0.0296875
0 0.753125 0.65625 0.0296875 0.028125
0 0.75 0.62265625 0.028125 0.028125
0 0.7828125 0.5875 0.03125 0.028125
0 0.75546875 0.58515625 0.028125 0.028125
0 0.7703125 0.55703125 0.028125 0.028125
0 0.74609375 0.56328125 0.0265625 0.025
0 0.72890625 0.58515625 0.0296875 0.028125
0 0.70703125 0.5953125 0.028125 0.028125
0 0.68671875 0.62578125 0.0296875 0.0265625
0 0.73125 0.540625 0.028125 0.028125
0 0.721875 0.5625 0.028125 0.0265625
0 0.7 0.57265625 0.025 0.025
0 0.68515625 0.5890625 0.0265625 0.025
0 0.66484375 0.60625 0.028125 0.0265625
0 0.6734375 0.56484375 0.025 0.025
0 0.72265625 0.50859375 0.028125 0.0265625
0 0.69609375 0.50859375 0.0296875 0.025
0 0.69375 0.48046875 0.028125 0.025
0 0.66640625 0.51171875 0.028125 0.028125
0 0.7421875 0.42578125 0.0296875 0.025
0 0.72109375 0.44609375 0.0265625 0.0265625
0 0.6890625 0.453125 0.0296875 0.0265625
0 0.64609375 0.4921875 0.0296875 0.0296875
0 0.6765625 0.3546875 0.0265625 0.025
0 0.6453125 0.321875 0.028125 0.028125
0 0.5640625 0.459375 0.028125 0.025
0 0.55703125 0.48125 0.0265625 0.0234375
0 0.55703125 0.43984375 0.028125 0.025
0 0.59375 0.42109375 0.025 0.028125
0 0.5328125 0.4296875 0.025 0.025
0 0.5546875 0.4015625 0.028125 0.0296875
0 0.5375 0.3875 0.021875 0.025
0 0.49375 0.38359375 0.028125 0.028125
0 0.51875 0.38203125 0.0265625 0.021875
0 0.515625 0.39921875 0.025 0.01875
0 0.515625 0.36796875 0.0234375 0.015625
0 0.62421875 0.246875 0.0296875 0.028125
0 0.59296875 0.26328125 0.0296875 0.025
0 0.6109375 0.28125 0.025 0.028125
0 0.57890625 0.290625 0.0265625 0.028125
0 0.496875 0.35625 0.025 0.028125
0 0.57265625 0.2140625 0.03125 0.0265625
0 0.56328125 0.240625 0.028125 0.028125
0 0.5609375 0.26640625 0.0265625 0.025
0 0.53984375 0.27734375 0.028125 0.028125
0 0.51640625 0.27265625 0.025 0.028125
0 0.55078125 0.196875 0.0265625 0.028125
0 0.515625 0.19296875 0.0265625 0.0296875
0 0.44296875 0.3453125 0.025 0.028125
0 0.459375 0.32109375 0.0296875 0.0265625
0 0.42578125 0.32890625 0.028125 0.025
0 0.45859375 0.303125 0.0234375 0.021875
0 0.44375 0.28203125 0.025 0.025
0 0.42109375 0.29453125 0.028125 0.028125
0 0.478125 0.1875 0.03125 0.0265625
0 0.4671875 0.2140625 0.025 0.0265625
0 0.4578125 0.17265625 0.025 0.025
0 0.45 0.1984375 0.025 0.028125
0 0.41640625 0.18671875 0.028125 0.025
0 0.42109375 0.21015625 0.025 0.028125
0 0.40078125 0.265625 0.025 0.0265625
0 0.38984375 0.3671875 0.028125 0.028125
0 0.3609375 0.27734375 0.0265625 0.028125
0 0.3359375 0.28359375 0.025 0.0265625
0 0.36796875 0.37265625 0.025 0.025
0 0.34375 0.3765625 0.025 0.025
0 0.32109375 0.378125 0.025 0.025
0 0.3109375 0.40390625 0.028125 0.025
0 0.29609375 0.4171875 0.025 0.0265625
0 0.27421875 0.42421875 0.0265625 0.028125
0 0.2671875 0.3765625 0.025 0.025
0 0.28359375 0.4 0.0234375 0.0234375
0 0.2578125 0.35390625 0.0265625 0.0234375
0 0.25390625 0.41328125 0.025 0.025
0 0.2203125 0.3984375 0.025 0.028125
0 0.2140625 0.4296875 0.025 0.0265625
0 0.184375 0.39140625 0.025 0.0265625
0 0.16875 0.41171875 0.025 0.028125
0 0.19921875 0.36953125 0.025 0.025
0 0.246875 0.3265625 0.0265625 0.028125
0 0.2703125 0.2765625 0.028125 0.028125
0 0.25390625 0.26015625 0.025 0.025
0 0.2359375 0.24453125 0.028125 0.028125
0 0.2296875 0.26171875 0.0234375 0.0109375
0 0.20546875 0.20390625 0.028125 0.028125
0 0.18828125 0.20546875 0.0171875 0.0234375
0 0.2140625 0.17890625 0.0265625 0.025
0 0.52734375 0.52734375 0.028125 0.025
0 0.5015625 0.54140625 0.0296875 0.0265625
0 0.5359375 0.6046875 0.0265625 0.0265625
0 0.5171875 0.58828125 0.025 0.025
0 0.49453125 0.5859375 0.028125 0.025
0 0.49609375 0.6296875 0.025 0.025
0 0.50234375 0.6625 0.0265625 0.025
0 0.4953125 0.68515625 0.028125 0.025
0 0.5265625 0.69921875 0.028125 0.025
0 0.5203125 0.80078125 0.028125 0.028125
0 0.4921875 0.80546875 0.028125 0.028125
0 0.50390625 0.7515625 0.025 0.025
0 0.4984375 0.775 0.025 0.025
0 0.47734375 0.7234375 0.025 0.0265625
0 0.4796875 0.7546875 0.025 0.0265625
0 0.45390625 0.759375 0.0265625 0.028125
0 0.434375 0.7890625 0.025 0.028125
0 0.41171875 0.77578125 0.0265625 0.028125
0 0.38671875 0.78515625 0.025 0.0265625
0 0.425 0.83515625 0.028125 0.025
0 0.41953125 0.509375 0.015625 0.0203125
0 0.384375 0.503125 0.025 0.025
0 0.40390625 0.50859375 0.0234375 0.0234375
0 0.4015625 0.54453125 0.0265625 0.028125
0 0.41640625 0.5765625 0.028125 0.028125
0 0.459375 0.64921875 0.0265625 0.0265625
0 0.4390625 0.640625 0.0234375 0.0234375
0 0.4328125 0.6671875 0.0265625 0.0265625
0 0.41796875 0.64765625 0.0234375 0.0234375
0 0.39765625 0.6515625 0.025 0.025
0 0.375 0.6578125 0.025 0.025
0 0.38203125 0.6765625 0.028125 0.025
0 0.31015625 0.77421875 0.0265625 0.025
0 0.2421875 0.76171875 0.028125 0.0296875
0 0.36484375 0.60859375 0.0234375 0.0234375
0 0.3421875 0.61796875 0.0265625 0.0265625
0 0.3140625 0.5765625 0.025 0.028125
0 0.3140625 0.63828125 0.025 0.028125
0 0.28125 0.6359375 0.0234375 0.021875
0 0.2703125 0.6140625 0.025 0.025
0 0.28359375 0.578125 0.025 0.025
0 0.2609375 0.5671875 0.025 0.025
0 0.26328125 0.590625 0.021875 0.0234375
0 0.23984375 0.60078125 0.025 0.0265625
0 0.203125 0.61015625 0.025 0.025
0 0.24140625 0.5765625 0.0203125 0.021875
0 0.21875 0.5953125 0.025 0.025
0 0.2015625 0.58515625 0.028125 0.0265625
0 0.1828125 0.6 0.025 0.025