0 0.47109375 0.76171875 0.03125 0.0359375
0 0.46171875 0.73203125 0.03046875 0.0296875
0 0.36015625 0.70859375 0.03125 0.03515625
0 0.29765625 0.67890625 0.03125 0.03203125
0 0.259375 0.65546875 0.03125 0.03046875
0 0.24609375 0.62109375 0.0296875 0.0328125
0 0.3265625 0.640625 0.02890625 0.028125
0 0.39921875 0.60625 0.02890625 0.028125
0 0.4984375 0.66875 0.03046875 0.0328125
0 0.45859375 0.62265625 0.028125 0.0296875
0 0.53515625 0.65 0.03046875 0.03046875
0 0.50390625 0.63125 0.028125 0.02890625
0 0.56328125 0.6421875 0.028125 0.0328125
0 0.59140625 0.56171875 0.03203125 0.0296875
0 0.6046875 0.528125 0.02734375 0.028125
0 0.5921875 0.4859375 0.02578125 0.02578125
0 0.56015625 0.47890625 0.0265625 0.02578125
0 0.5421875 0.503125 0.0296875 0.025
0 0.4328125 0.5296875 0.02578125 0.02734375
0 0.33125 0.5390625 0.028125 0.025
0 0.25546875 0.53359375 0.028125 0.028125
0 0.23359375 0.571875 0.03046875 0.0265625
0 0.19765625 0.52890625 0.028125 0.0296875
0 0.1484375 0.49609375 0.03046875 0.028125
0 0.103125 0.43359375 0.028125 0.02421875
0 0.1796875 0.4484375 0.028125 0.02890625
0 0.31953125 0.4984375 0.02890625 0.02734375
0 0.40390625 0.49921875 0.025 0.028125
0 0.36875 0.46640625 0.02578125 0.028125
0 0.4328125 0.4609375 0.02578125 0.02734375
0 0.40703125 0.44921875 0.025 0.021875
0 0.50234375 0.440625 0.02734375 0.02265625
0 0.48046875 0.42578125 0.02578125 0.0234375
0 0.42734375 0.4265625 0.02578125 0.01953125
0 0.39609375 0.42421875 0.0265625 0.021875
0 0.38046875 0.44375 0.02578125 0.021875
0 0.3609375 0.42265625 0.025 0.0203125
0 0.3453125 0.4421875 0.028125 0.0265625
0 0.31953125 0.440625 0.0265625 0.0203125
0 0.2984375 0.45703125 0.0296875 0.0265625
0 0.2734375 0.45234375 0.0296875 0.02421875
0 0.2515625 0.4421875 0.0265625 0.025
0 0.28515625 0.43046875 0.02734375 0.02578125
0 0.2484375 0.4140625 0.02890625 0.0234375
0 0.22265625 0.375 0.0265625 0.0234375
0 0.253125 0.39140625 0.02421875 0.0203125
0 0.28828125 0.39296875 0.0265625 0.02578125
0 0.27578125 0.375 0.025 0.0203125
0 0.20234375 0.33203125 0.02734375 0.02265625
0 0.33203125 0.421875 0.0265625 0.01953125
0 0.31875 0.40859375 0.0234375 0.021875
0 0.31328125 0.38828125 0.0234375 0.02109375
0 0.35859375 0.39921875 0.028125 0.02265625
0 0.3390625 0.37890625 0.02421875 0.02265625
0 0.31796875 0.36953125 0.025 0.01953125
0 0.315625 0.35 0.02890625 0.01953125
0 0.36640625 0.3796875 0.025 0.01875
0 0.346875 0.359375 0.025 0.02109375
0 0.4015625 0.39921875 0.0234375 0.01953125
0 0.3921875 0.378125 0.0234375 0.021875
0 0.3734375 0.36015625 0.025 0.021875
0 0.51015625 0.41875 0.02578125 0.0234375
0 0.58203125 0.4265625 0.02421875 0.025
0 0.5765625 0.39921875 0.025 0.025
0 0.5421875 0.390625 0.028125 0.0234375
0 0.5125 0.3859375 0.0265625 0.02265625
0 0.4828125 0.38046875 0.025 0.025
0 0.43828125 0.3765625 0.025 0.02109375
0 0.415625 0.34765625 0.02109375 0.01953125
0 0.39140625 0.3390625 0.0234375 0.02109375
0 0.40234375 0.36171875 0.02578125 0.0203125
0 0.46484375 0.35546875 0.02734375 0.02109375
0 0.4359375 0.35703125 0.02421875 0.0203125
0 0.4234375 0.33046875 0.025 0.01953125
0 0.5484375 0.37109375 0.025 0.01953125
0 0.51015625 0.3390625 0.0234375 0.0203125
0 0.56953125 0.34921875 0.025 0.02265625
0 0.5453125 0.34375 0.02421875 0.01953125
0 0.53203125 0.32734375 0.021875 0.01953125
0 0.5109375 0.31796875 0.025 0.01796875
0 0.471875 0.30078125 0.0234375 0.02265625
0 0.54453125 0.31484375 0.0234375 0.02109375
0 0.53828125 0.2984375 0.02109375 0.0171875
0 0.5171875 0.2953125 0.02109375 0.01953125
0 0.49453125 0.2953125 0.02421875 0.01796875
0 0.56015625 0.3 0.021875 0.01796875
0 0.55234375 0.28125 0.02421875 0.0203125
0 0.50546875 0.27890625 0.02265625 0.01953125
0 0.4828125 0.27734375 0.02109375 0.021875
0 0.53359375 0.259375 0.0265625 0.0203125
0 0.5078125 0.2578125 0.02421875 0.0203125
0 0.47734375 0.24609375 0.025 0.01953125
0 0.44453125 0.2484375 0.02421875 0.0203125
0 0.4171875 0.2515625 0.02265625 0.01953125
0 0.47109375 0.22890625 0.02265625 0.01875
0 0.4453125 0.2296875 0.021875 0.0203125
0 0.42421875 0.22421875 0.0234375 0.0203125
0 0.4671875 0.21171875 0.02265625 0.01796875
0 0.4421875 0.19609375 0.025 0.01953125