0 0.11171875 0.38203125 0.03046875 0.03203125
0 0.184375 0.453125 0.034375 0.0328125
0 0.50546875 0.359375 0.03125 0.02734375
0 0.409375 0.3046875 0.03046875 0.0296875
0 0.44296875 0.33984375 0.0359375 0.03359375
0 0.46953125 0.39765625 0.03203125 0.0265625
0 0.39375 0.35859375 0.028125 0.02734375
0 0.4140625 0.38359375 0.03125 0.028125
0 0.47578125 0.365625 0.03046875 0.034375
0 0.35625 0.33046875 0.034375 0.03359375
0 0.421875 0.4125 0.03125 0.0265625
0 0.32421875 0.396875 0.03046875 0.0296875
0 0.38125 0.43203125 0.02890625 0.0328125
0 0.390625 0.4671875 0.02890625 0.028125
0 0.4109375 0.44375 0.02734375 0.0265625
0 0.4546875 0.43984375 0.028125 0.03203125
0 0.48984375 0.42265625 0.03125 0.028125
0 0.50859375 0.39296875 0.0296875 0.03203125
0 0.66796875 0.2859375 0.0296875 0.03515625
0 0.58046875 0.29609375 0.02578125 0.028125
0 0.61015625 0.31015625 0.02734375 0.0328125
0 0.634375 0.2890625 0.0296875 0.03515625
0 0.6625 0.31796875 0.02890625 0.02890625
0 0.7 0.2875 0.0296875 0.034375
0 0.54375 0.29453125 0.03515625 0.034375
0 0.57578125 0.32734375 0.0265625 0.02734375
0 0.60078125 0.34453125 0.02734375 0.03046875
0 0.63046875 0.3265625 0.02890625 0.03046875
0 0.51640625 0.32265625 0.0296875 0.03046875
0 0.54296875 0.3265625 0.0296875 0.03046875
0 0.56015625 0.35390625 0.02734375 0.0296875
0 0.5875 0.37109375 0.02890625 0.028125
0 0.55 0.38046875 0.02890625 0.03125
0 0.56953125 0.403125 0.02734375 0.0296875
0 0.596875 0.403125 0.028125 0.0296875
0 0.63359375 0.3625 0.02890625 0.028125
0 0.6734375 0.34453125 0.03125 0.03203125
0 0.70859375 0.321875 0.03046875 0.02890625
0 0.73203125 0.353125 0.028125 0.0234375
0 0.74296875 0.32578125 0.02734375 0.02890625
0 0.77109375 0.33828125 0.02890625 0.034375
0 0.7765625 0.28984375 0.0296875 0.03046875
0 0.70703125 0.3703125 0.02734375 0.03046875
0 0.73515625 0.38125 0.025 0.0296875
0 0.76328125 0.3859375 0.03125 0.02890625
0 0.796875 0.36875 0.03125 0.03203125
0 0.834375 0.39140625 0.03046875 0.03359375
0 0.83046875 0.4359375 0.03515625 0.03203125
0 0.71953125 0.42265625 0.02890625 0.0296875
0 0.75859375 0.4265625 0.03046875 0.03046875
0 0.6796875 0.4046875 0.028125 0.02578125
0 0.69296875 0.43203125 0.028125 0.02890625
0 0.71015625 0.45078125 0.02421875 0.03046875
0 0.7359375 0.459375 0.025 0.03046875
0 0.44921875 0.509375 0.025 0.02578125
0 0.6578125 0.4328125 0.02578125 0.03046875
0 0.66875 0.47265625 0.0234375 0.02578125
0 0.6953125 0.47578125 0.021875 0.02578125
0 0.721875 0.4875 0.02578125 0.0265625
0 0.64140625 0.46171875 0.0265625 0.025
0 0.67734375 0.4984375 0.02734375 0.025
0 0.7015625 0.50546875 0.025 0.02734375
0 0.6265625 0.48984375 0.028125 0.02578125
0 0.65078125 0.5015625 0.025 0.0234375
0 0.6125 0.46328125 0.025 0.0296875
0 0.62265625 0.51484375 0.02421875 0.0234375
0 0.6 0.4875 0.025 0.0296875
0 0.428125 0.46796875 0.0265625 0.0265625
0 0.45234375 0.48125 0.02734375 0.02734375
0 0.4859375 0.4609375 0.02734375 0.02421875
0 0.503125 0.484375 0.02890625 0.02421875
0 0.67109375 0.521875 0.0265625 0.0265625
0 0.596875 0.5125 0.02890625 0.02578125
0 0.609375 0.5359375 0.02734375 0.0234375
0 0.64765625 0.53359375 0.02734375 0.025
0 0.58359375 0.53515625 0.02421875 0.0234375
0 0.59609375 0.5578125 0.0265625 0.0234375
0 0.55546875 0.53671875 0.02578125 0.02734375
0 0.571875 0.5578125 0.02421875 0.028125
0 0.5640625 0.5046875 0.025 0.028125
0 0.54453125 0.56484375 0.0234375 0.0203125
0 0.58984375 0.58359375 0.02265625 0.028125
0 0.628125 0.55625 0.02734375 0.025
0 0.546875 0.5875 0.0234375 0.02109375
0 0.571875 0.5953125 0.02734375 0.025
0 0.61328125 0.59140625 0.03046875 0.02421875
0 0.53984375 0.6125 0.02578125 0.02421875
0 0.5859375 0.61953125 0.02734375 0.02578125
0 0.475 0.503125 0.0296875 0.03125
0 0.5203125 0.59453125 0.03125 0.0265625
0 0.41875 0.49609375 0.02734375 0.0328125
0 0.51796875 0.6234375 0.02578125 0.02734375
0 0.45546875 0.540625 0.03046875 0.02734375
0 0.5109375 0.65625 0.025 0.02578125
0 0.4921875 0.6125 0.0234375 0.02421875
0 0.52109375 0.67734375 0.028125 0.02734375
0 0.3609375 0.7625 0.02890625 0.028125
0 0.403125 0.58125 0.02890625 0.03046875
0 0.36328125 0.790625 0.02578125 0.02734375