0 0.34296875 0.10703125 0.053125 0.0375
0 0.38515625 0.159375 0.046875 0.0375
0 0.35390625 0.2046875 0.053125 0.03125
0 0.34921875 0.17578125 0.040625 0.03125
0 0.56015625 0.18671875 0.0359375 0.0328125
0 0.52109375 0.18984375 0.028125 0.03125
0 0.59609375 0.2109375 0.0328125 0.03125
0 0.65078125 0.22109375 0.03125 0.03125
0 0.62265625 0.2328125 0.0375 0.0296875
0 0.5859375 0.24296875 0.040625 0.03125
0 0.55625 0.21796875 0.04375 0.0375
0 0.4984375 0.21484375 0.046875 0.034375
0 0.4375 0.22734375 0.0453125 0.0390625
0 0.32578125 0.27578125 0.05 0.0390625
0 0.275 0.2546875 0.05 0.04375
0 0.646875 0.25703125 0.03125 0.028125
0 0.6109375 0.26328125 0.034375 0.0359375
0 0.70234375 0.2546875 0.0390625 0.028125
0 0.68046875 0.27890625 0.0375 0.0296875
0 0.64453125 0.2921875 0.0421875 0.034375
0 0.4796875 0.33046875 0.040625 0.034375
0 0.446875 0.3578125 0.04375 0.040625
0 0.40546875 0.34140625 0.046875 0.040625
0 0.25078125 0.36640625 0.046875 0.040625
0 0.19140625 0.3671875 0.0515625 0.046875
0 0.71796875 0.2953125 0.0359375 0.034375
0 0.69140625 0.30703125 0.0328125 0.0296875
0 0.6703125 0.32109375 0.034375 0.028125
0 0.63828125 0.3375 0.034375 0.03125
0 0.61796875 0.359375 0.034375 0.03125
0 0.72890625 0.32421875 0.03125 0.0296875
0 0.7015625 0.33828125 0.03125 0.03125
0 0.67890625 0.35625 0.034375 0.03125
0 0.65234375 0.37265625 0.034375 0.0328125
0 0.7359375 0.3515625 0.0390625 0.028125
0 0.72265625 0.37734375 0.034375 0.0296875
0 0.690625 0.3921875 0.034375 0.0359375
0 0.63359375 0.40234375 0.0359375 0.03125
0 0.76953125 0.37109375 0.0375 0.0203125
0 0.75859375 0.3984375 0.034375 0.028125
0 0.7296875 0.4140625 0.03125 0.0328125
0 0.703125 0.4265625 0.034375 0.0328125
0 0.6625 0.42890625 0.0421875 0.034375
0 0.79609375 0.3921875 0.034375 0.0265625
0 0.7796875 0.42109375 0.03125 0.03125
0 0.82890625 0.34765625 0.03125 0.03125
0 0.7625 0.47734375 0.0359375 0.025
0 0.78671875 0.45 0.028125 0.0296875
0 0.753125 0.4546875 0.040625 0.028125
0 0.90390625 0.43203125 0.03125 0.034375
0 0.87421875 0.40859375 0.03125 0.03125
0 0.80234375 0.48046875 0.034375 0.03125
0 0.778125 0.5046875 0.0375 0.028125
0 0.8875 0.5078125 0.025 0.0296875
0 0.86953125 0.49375 0.034375 0.03125
0 0.7921875 0.5390625 0.03125 0.03125
0 0.7953125 0.75390625 0.03125 0.034375
0 0.7609375 0.53203125 0.0359375 0.03125
0 0.5609375 0.4296875 0.0421875 0.0375
0 0.4078125 0.38671875 0.0375 0.028125
0 0.48359375 0.3984375 0.04375 0.0359375
0 0.43671875 0.421875 0.040625 0.034375
0 0.3875 0.41328125 0.046875 0.0421875
0 0.19296875 0.47578125 0.0546875 0.04375
0 0.37265625 0.49296875 0.04375 0.0375
0 0.44140625 0.48125 0.04375 0.040625
0 0.42265625 0.525 0.0421875 0.034375
0 0.3875 0.54609375 0.0453125 0.0375
0 0.75234375 0.5640625 0.028125 0.0328125
0 0.45390625 0.54765625 0.0375 0.0375
0 0.778125 0.575 0.0359375 0.03125
0 0.76484375 0.62734375 0.03125 0.0328125
0 0.7421875 0.59921875 0.03125 0.034375
0 0.725 0.575 0.028125 0.03125
0 0.6921875 0.57421875 0.03125 0.034375
0 0.6578125 0.58125 0.0390625 0.0359375
0 0.63828125 0.521875 0.04375 0.0328125
0 0.8015625 0.6359375 0.0296875 0.028125
0 0.784375 0.66484375 0.034375 0.0296875
0 0.89140625 0.60625 0.0296875 0.03125
0 0.859375 0.64296875 0.028125 0.0296875
0 0.82109375 0.6890625 0.025 0.028125
0 0.79453125 0.69375 0.0328125 0.03125
0 0.69765625 0.61484375 0.0390625 0.03125
0 0.55546875 0.61484375 0.0421875 0.034375
0 0.515625 0.60625 0.034375 0.034375
0 0.4828125 0.6234375 0.04375 0.040625
0 0.64921875 0.6328125 0.0390625 0.0359375
0 0.54921875 0.6484375 0.040625 0.03125
0 0.5234375 0.6765625 0.040625 0.0375
0 0.4 0.646875 0.05 0.0375
0 0.3578125 0.74375 0.04375 0.046875
0 0.62109375 0.72265625 0.0390625 0.0375
0 0.73671875 0.77890625 0.040625 0.034375
0 0.38203125 0.7625 0.040625 0.040625
0 0.53984375 0.740625 0.040625 0.0390625
0 0.42265625 0.7328125 0.04375 0.040625
0 0.4828125 0.80390625 0.040625 0.04375