0 0.35 0.453125 0.028125 0.03203125
0 0.45859375 0.3328125 0.0265625 0.02578125
0 0.6890625 0.23359375 0.02421875 0.02265625
0 0.634375 0.20859375 0.02265625 0.028125
0 0.6640625 0.28671875 0.0203125 0.025
0 0.640625 0.259375 0.0234375 0.025
0 0.6046875 0.2390625 0.0203125 0.02421875
0 0.590625 0.25546875 0.021875 0.0234375
0 0.5875 0.278125 0.02421875 0.02265625
0 0.54140625 0.28828125 0.0203125 0.025
0 0.5609375 0.296875 0.01953125 0.02421875
0 0.58046875 0.2984375 0.01796875 0.02265625
0 0.6 0.2984375 0.021875 0.02265625
0 0.5265625 0.30390625 0.02109375 0.02578125
0 0.5421875 0.32109375 0.021875 0.025
0 0.56328125 0.325 0.021875 0.02421875
0 0.58359375 0.32109375 0.021875 0.02265625
0 0.6078125 0.3203125 0.021875 0.021875
0 0.6296875 0.30625 0.021875 0.025
0 0.640625 0.33203125 0.02265625 0.0234375
0 0.5203125 0.3328125 0.021875 0.025
0 0.540625 0.35234375 0.0234375 0.025
0 0.5609375 0.346875 0.021875 0.02265625
0 0.58515625 0.34296875 0.02109375 0.02265625
0 0.60546875 0.3421875 0.02109375 0.021875
0 0.59375 0.38515625 0.0203125 0.0234375
0 0.5796875 0.36640625 0.01953125 0.02421875
0 0.6328125 0.37890625 0.025 0.02421875
0 0.59921875 0.3640625 0.02265625 0.02421875
0 0.5609375 0.36953125 0.021875 0.02265625
0 0.53671875 0.37421875 0.02265625 0.021875
0 0.5515625 0.3953125 0.0203125 0.02421875
0 0.62578125 0.41484375 0.021875 0.02265625
0 0.57265625 0.38984375 0.02265625 0.0234375
0 0.6125 0.39453125 0.02421875 0.02109375
0 0.60546875 0.41640625 0.021875 0.021875
0 0.5734375 0.41328125 0.021875 0.0234375
0 0.53046875 0.396875 0.02265625 0.02421875
0 0.5265625 0.42109375 0.0234375 0.0265625
0 0.54921875 0.42265625 0.02265625 0.02421875
0 0.5828125 0.43671875 0.021875 0.02421875
0 0.6046875 0.4390625 0.021875 0.0234375
0 0.615625 0.46171875 0.021875 0.02421875
0 0.58671875 0.4625 0.02578125 0.0234375
0 0.54296875 0.46484375 0.02265625 0.0234375
0 0.56484375 0.45703125 0.02265625 0.0234375
0 0.53984375 0.44296875 0.02265625 0.02421875
0 0.51171875 0.43515625 0.021875 0.02421875
0 0.465625 0.40703125 0.02421875 0.02890625
0 0.49296875 0.41875 0.02265625 0.028125
0 0.46640625 0.44296875 0.02265625 0.0265625
0 0.48984375 0.44609375 0.02109375 0.02890625
0 0.52265625 0.45703125 0.0203125 0.02421875
0 0.5046875 0.475 0.021875 0.025
0 0.52890625 0.4796875 0.021875 0.02421875
0 0.5625 0.48828125 0.0203125 0.025
0 0.5828125 0.48671875 0.0203125 0.02421875
0 0.609375 0.4875 0.02109375 0.028125
0 0.5921875 0.51171875 0.02109375 0.025
0 0.57578125 0.52109375 0.01953125 0.02265625
0 0.53984375 0.5015625 0.02265625 0.02421875
0 0.5546875 0.52109375 0.0203125 0.0234375
0 0.5296875 0.52109375 0.021875 0.028125
0 0.5109375 0.496875 0.021875 0.025
0 0.49765625 0.51640625 0.02265625 0.025
0 0.48203125 0.475 0.02265625 0.02734375
0 0.45859375 0.46640625 0.02421875 0.02578125
0 0.42578125 0.46796875 0.02421875 0.03046875
0 0.45390625 0.49296875 0.025 0.02890625
0 0.47265625 0.5078125 0.02421875 0.025
0 0.415625 0.51171875 0.025 0.0296875
0 0.45390625 0.5203125 0.02578125 0.025
0 0.45625 0.5453125 0.02578125 0.02578125
0 0.509375 0.53984375 0.021875 0.025
0 0.61328125 0.52109375 0.021875 0.02421875
0 0.5984375 0.53984375 0.02109375 0.02421875
0 0.55 0.54375 0.02109375 0.0234375
0 0.57734375 0.54453125 0.0203125 0.025
0 0.56328125 0.56171875 0.02265625 0.02421875
0 0.52578125 0.56015625 0.02421875 0.02578125
0 0.4796875 0.5578125 0.02265625 0.02578125
0 0.5015625 0.571875 0.02265625 0.0296875
0 0.57109375 0.5828125 0.021875 0.02421875
0 0.546875 0.58671875 0.02578125 0.0265625
0 0.52109375 0.58828125 0.0234375 0.0265625
0 0.4984375 0.60234375 0.0234375 0.02734375
0 0.425 0.68125 0.028125 0.03125
0 0.4609375 0.575 0.025 0.0265625
0 0.4703125 0.59609375 0.02421875 0.02421875
0 0.46875 0.621875 0.02421875 0.028125
0 0.4390625 0.609375 0.02421875 0.02734375
0 0.409375 0.61875 0.02578125 0.02890625
0 0.4171875 0.5796875 0.0296875 0.02734375
0 0.39609375 0.5984375 0.02578125 0.02890625
0 0.3546875 0.515625 0.0296875 0.028125
0 0.3328125 0.58984375 0.02890625 0.03046875
0 0.2765625 0.55234375 0.02890625 0.03046875
0 0.23984375 0.5765625 0.028125 0.03125
0 0.2265625 0.61640625 0.03203125 0.03125
0 0.22734375 0.66953125 0.03203125 0.03125