0 0.80390625 0.60859375 0.04375 0.0421875
0 0.73671875 0.6671875 0.0390625 0.040625
0 0.7046875 0.653125 0.040625 0.040625
0 0.8984375 0.4015625 0.0375 0.0421875
0 0.9078125 0.37109375 0.0375 0.0375
0 0.88359375 0.32890625 0.04375 0.0421875
0 0.73125 0.45546875 0.040625 0.040625
0 0.7421875 0.4171875 0.040625 0.0390625
0 0.74140625 0.346875 0.0421875 0.04375
0 0.75078125 0.31171875 0.04375 0.0421875
0 0.6515625 0.34296875 0.0390625 0.040625
0 0.65703125 0.4359375 0.040625 0.0375
0 0.590625 0.4484375 0.0375 0.0375
0 0.571875 0.43671875 0.0421875 0.040625
0 0.590625 0.390625 0.0390625 0.040625
0 0.52421875 0.41484375 0.0375 0.040625
0 0.51484375 0.47265625 0.0375 0.0375
0 0.4953125 0.475 0.0359375 0.0421875
0 0.4703125 0.3984375 0.0375 0.0375
0 0.45 0.3734375 0.0421875 0.040625
0 0.5578125 0.33203125 0.0390625 0.040625
0 0.6234375 0.3171875 0.0390625 0.040625
0 0.44453125 0.5859375 0.040625 0.040625
0 0.425 0.58125 0.0375 0.0375
0 0.3859375 0.5890625 0.0375 0.040625
0 0.4015625 0.55546875 0.0375 0.040625
0 0.34140625 0.540625 0.0375 0.0390625
0 0.32578125 0.50703125 0.0390625 0.0375
0 0.29140625 0.5171875 0.0390625 0.0359375
0 0.2609375 0.53515625 0.0359375 0.0375
0 0.225 0.54375 0.0375 0.040625
0 0.30703125 0.47734375 0.0375 0.040625
0 0.2640625 0.496875 0.0375 0.0375
0 0.23203125 0.49375 0.0390625 0.04375
0 0.196875 0.48828125 0.0375 0.040625
0 0.16640625 0.5234375 0.0375 0.0390625
0 0.12109375 0.5609375 0.0375 0.040625
0 0.08984375 0.58203125 0.040625 0.0390625
0 0.06015625 0.5734375 0.0421875 0.0375
0 0.0875 0.55 0.0390625 0.040625
0 0.390625 0.4203125 0.0375 0.040625
0 0.31875 0.440625 0.034375 0.0359375
0 0.2875 0.428125 0.040625 0.0375
0 0.26171875 0.45625 0.0390625 0.040625
0 0.24296875 0.4234375 0.0390625 0.040625
0 0.2078125 0.4125 0.0421875 0.040625
0 0.22890625 0.39375 0.040625 0.0375
0 0.26484375 0.38828125 0.0375 0.040625
0 0.2125 0.35078125 0.040625 0.0421875
0 0.2734375 0.35234375 0.0375 0.0375
0 0.30546875 0.384375 0.0390625 0.04375
0 0.32578125 0.40546875 0.0375 0.0375
0 0.36171875 0.3984375 0.040625 0.040625
0 0.4703125 0.26171875 0.0421875 0.04375
0 0.44609375 0.2640625 0.04375 0.0421875
0 0.37109375 0.30625 0.0390625 0.040625
0 0.365625 0.27109375 0.0421875 0.04375
0 0.33046875 0.28359375 0.040625 0.0421875
0 0.29296875 0.3 0.040625 0.0421875
0 0.24921875 0.3125 0.040625 0.040625
0 0.20859375 0.25 0.040625 0.0421875