0 0.28203125 0.7859375 0.01796875 0.01875
0 0.3015625 0.6875 0.0171875 0.01640625
0 0.2625 0.6640625 0.01640625 0.01640625
0 0.303125 0.65390625 0.01796875 0.01796875
0 0.3078125 0.63984375 0.01640625 0.01484375
0 0.253125 0.625 0.0171875 0.0171875
0 0.24921875 0.603125 0.015625 0.01640625
0 0.228125 0.60078125 0.0171875 0.0171875
0 0.20625 0.5921875 0.01640625 0.01796875
0 0.1921875 0.60234375 0.01484375 0.01796875
0 0.2234375 0.553125 0.0171875 0.0171875
0 0.14609375 0.5 0.01484375 0.0171875
0 0.12890625 0.4984375 0.01640625 0.01796875
0 0.1671875 0.4640625 0.01796875 0.01953125
0 0.2 0.44921875 0.01796875 0.01640625
0 0.203125 0.434375 0.015625 0.015625
0 0.18125 0.43046875 0.0171875 0.0171875
0 0.1984375 0.421875 0.0140625 0.015625
0 0.14609375 0.43203125 0.0171875 0.01953125
0 0.19375 0.409375 0.01484375 0.01640625
0 0.175 0.41171875 0.0171875 0.01640625
0 0.15703125 0.4140625 0.01640625 0.0171875
0 0.16328125 0.3984375 0.0140625 0.01796875
0 0.14765625 0.3984375 0.015625 0.01953125
0 0.17734375 0.396875 0.0140625 0.01484375
0 0.1609375 0.38203125 0.015625 0.01484375
0 0.1921875 0.39453125 0.01484375 0.015625
0 0.175 0.3828125 0.0125 0.0171875
0 0.20078125 0.38359375 0.015625 0.015625
0 0.184375 0.37421875 0.0140625 0.01640625
0 0.21484375 0.38046875 0.015625 0.01875
0 0.19765625 0.36953125 0.01484375 0.015625
0 0.25078125 0.375 0.0171875 0.0171875
0 0.21875 0.36796875 0.015625 0.01484375
0 0.24453125 0.3625 0.01484375 0.015625
0 0.23125 0.36328125 0.01484375 0.015625
0 0.23515625 0.35 0.01328125 0.015625
0 0.2625 0.36015625 0.01484375 0.0171875
0 0.26484375 0.3484375 0.01484375 0.01640625
0 0.25078125 0.35078125 0.015625 0.01796875
0 0.278125 0.35 0.0140625 0.01484375
0 0.278125 0.33671875 0.015625 0.015625
0 0.2890625 0.3578125 0.01640625 0.015625
0 0.2921875 0.53125 0.01484375 0.01953125
0 0.27734375 0.52421875 0.015625 0.01640625
0 0.2828125 0.50625 0.015625 0.01875
0 0.26484375 0.49921875 0.0171875 0.01875
0 0.23828125 0.5078125 0.015625 0.01796875
0 0.22421875 0.4890625 0.01640625 0.01796875
0 0.23671875 0.47421875 0.01484375 0.01640625
0 0.2765625 0.48125 0.01640625 0.01875
0 0.303125 0.47109375 0.015625 0.0171875
0 0.340625 0.50390625 0.01640625 0.01953125
0 0.31015625 0.603125 0.01640625 0.01640625
0 0.340625 0.571875 0.01484375 0.0171875
0 0.35 0.55546875 0.015625 0.0171875
0 0.3515625 0.609375 0.0171875 0.01875
0 0.35078125 0.59375 0.015625 0.0171875
0 0.36328125 0.5296875 0.01640625 0.01796875
0 0.3546875 0.46640625 0.015625 0.01796875
0 0.38046875 0.52421875 0.01484375 0.0171875
0 0.3390625 0.45390625 0.015625 0.0171875
0 0.38828125 0.51328125 0.0171875 0.0171875
0 0.37421875 0.47734375 0.01640625 0.01796875
0 0.36328125 0.4421875 0.01640625 0.01640625
0 0.3765625 0.46171875 0.015625 0.01484375
0 0.353125 0.42734375 0.015625 0.01640625
0 0.3875 0.45 0.0171875 0.01796875
0 0.3765625 0.4375 0.01640625 0.015625
0 0.409375 0.440625 0.01484375 0.01796875
0 0.3828125 0.425 0.01875 0.0171875
0 0.3375 0.3953125 0.01484375 0.0171875
0 0.31875 0.390625 0.015625 0.0171875
0 0.33828125 0.3796875 0.01484375 0.01640625
0 0.3078125 0.378125 0.01484375 0.01796875
0 0.30390625 0.35546875 0.0140625 0.0171875
0 0.3375 0.359375 0.01796875 0.01640625
0 0.3171875 0.3671875 0.01796875 0.0171875
0 0.33359375 0.34453125 0.01484375 0.01796875
0 0.31875 0.34765625 0.01484375 0.01796875
0 0.359375 0.378125 0.0140625 0.01796875
0 0.3546875 0.365625 0.0171875 0.01953125
0 0.35234375 0.3515625 0.0171875 0.0171875
0 0.37578125 0.3859375 0.015625 0.01875
0 0.384375 0.36796875 0.0171875 0.01640625
0 0.3796875 0.35546875 0.01640625 0.0171875
0 0.3671875 0.35 0.01484375 0.01640625
0 0.396875 0.38515625 0.01640625 0.0171875
0 0.4015625 0.371875 0.015625 0.015625
0 0.40625 0.35859375 0.01640625 0.0171875
0 0.40078125 0.34609375 0.015625 0.01640625
0 0.41640625 0.38359375 0.015625 0.0171875
0 0.4234375 0.36875 0.01484375 0.01796875
0 0.428125 0.39453125 0.01640625 0.01640625
0 0.44453125 0.3796875 0.015625 0.01796875
0 0.43515625 0.334375 0.01640625 0.0171875
0 0.39609375 0.31015625 0.01484375 0.0171875
0 0.3921875 0.2890625 0.01640625 0.01640625
0 0.40703125 0.2734375 0.01484375 0.01640625
0 0.4109375 0.25234375 0.01640625 0.01796875
0 0.42109375 0.2359375 0.015625 0.01875
0 0.390625 0.225 0.01484375 0.01640625
0 0.3484375 0.25234375 0.015625 0.0171875
0 0.3453125 0.23984375 0.015625 0.01796875
0 0.4265625 0.3171875 0.01484375 0.01953125
0 0.36015625 0.24296875 0.01484375 0.01875
0 0.43984375 0.3078125 0.015625 0.015625
0 0.446875 0.29453125 0.015625 0.01796875
0 0.465625 0.26796875 0.015625 0.01796875
0 0.46015625 0.28203125 0.01640625 0.015625
0 0.46484375 0.2546875 0.01484375 0.01640625
0 0.4796875 0.2296875 0.0203125 0.0171875
0 0.46875 0.23984375 0.01796875 0.015625
0 0.45 0.71015625 0.01640625 0.0171875
0 0.44921875 0.69296875 0.0140625 0.01640625
0 0.465625 0.7078125 0.015625 0.021875
0 0.48515625 0.70234375 0.01640625 0.01640625
0 0.46953125 0.690625 0.01953125 0.01875
0 0.446875 0.67890625 0.01640625 0.01796875
0 0.45 0.6625 0.0171875 0.015625
0 0.4453125 0.64921875 0.01640625 0.01796875
0 0.40078125 0.64921875 0.015625 0.01796875
0 0.38125 0.6421875 0.015625 0.0171875
0 0.365625 0.63203125 0.01484375 0.0171875
0 0.396875 0.63203125 0.01640625 0.01796875
0 0.37890625 0.6265625 0.01640625 0.015625
0 0.37265625 0.61015625 0.015625 0.015625
0 0.43359375 0.6296875 0.01796875 0.0171875
0 0.3875 0.61484375 0.01796875 0.015625
0 0.41640625 0.62421875 0.01640625 0.01640625
0 0.39921875 0.60703125 0.0140625 0.01875
0 0.44453125 0.61953125 0.015625 0.015625
0 0.42890625 0.6171875 0.01640625 0.0171875
0 0.41171875 0.6125 0.01640625 0.01796875
0 0.3859375 0.6 0.0171875 0.0140625
0 0.4234375 0.603125 0.01640625 0.015625
0 0.3953125 0.590625 0.0171875 0.015625
0 0.4171875 0.5921875 0.01640625 0.01640625
0 0.40234375 0.57734375 0.01640625 0.01640625
0 0.43984375 0.60703125 0.01640625 0.015625
0 0.428125 0.58359375 0.0171875 0.015625
0 0.45546875 0.60859375 0.01640625 0.0171875
0 0.42421875 0.56953125 0.015625 0.01640625
0 0.4484375 0.59453125 0.0171875 0.01640625
0 0.45859375 0.5796875 0.015625 0.01796875
0 0.4375 0.56171875 0.015625 0.0171875
0 0.46484375 0.56484375 0.01640625 0.01640625
0 0.48359375 0.615625 0.0171875 0.01796875
0 0.47265625 0.60625 0.0171875 0.01875
0 0.44453125 0.54609375 0.01484375 0.01796875
0 0.4640625 0.51953125 0.015625 0.0171875
0 0.45625 0.53671875 0.01484375 0.015625
0 0.44296875 0.53203125 0.015625 0.01796875
0 0.4578125 0.5046875 0.01484375 0.0171875
0 0.49765625 0.4921875 0.01484375 0.015625
0 0.4734375 0.503125 0.0171875 0.01640625
0 0.48359375 0.490625 0.01640625 0.01875
0 0.453125 0.4484375 0.015625 0.0171875
0 0.47734375 0.43125 0.015625 0.0171875
0 0.4640625 0.42265625 0.015625 0.01640625
0 0.49765625 0.42421875 0.0171875 0.0171875
0 0.50390625 0.4109375 0.015625 0.01640625
0 0.5015625 0.3953125 0.015625 0.01640625
0 0.4859375 0.4 0.01484375 0.01640625
0 0.4765625 0.3890625 0.015625 0.01484375
0 0.46328125 0.378125 0.01640625 0.015625
0 0.48671875 0.3765625 0.015625 0.015625
0 0.48515625 0.36171875 0.01640625 0.01640625
0 0.49296875 0.33203125 0.0140625 0.01484375
0 0.51796875 0.71328125 0.015625 0.01796875
0 0.5078125 0.6734375 0.015625 0.015625
0 0.52109375 0.6671875 0.015625 0.015625
0 0.51015625 0.65703125 0.015625 0.0171875
0 0.534375 0.66328125 0.01484375 0.01640625
0 0.54453125 0.65234375 0.015625 0.01640625
0 0.534375 0.64140625 0.015625 0.01640625
0 0.51796875 0.64375 0.015625 0.015625
0 0.5 0.6453125 0.015625 0.0171875
0 0.5328125 0.62578125 0.0171875 0.015625
0 0.56640625 0.728125 0.0171875 0.01796875
0 0.5734375 0.70546875 0.01640625 0.01796875
0 0.58515625 0.67890625 0.01484375 0.0171875
0 0.57265625 0.66875 0.01484375 0.01640625
0 0.5875 0.66328125 0.015625 0.0171875
0 0.59375 0.6515625 0.01484375 0.0171875
0 0.61875 0.65859375 0.01640625 0.01640625
0 0.6046875 0.66328125 0.0171875 0.01875
0 0.61640625 0.64609375 0.015625 0.0171875
0 0.63125 0.6421875 0.015625 0.0171875
0 0.61328125 0.63125 0.01640625 0.01640625
0 0.64375 0.63203125 0.01640625 0.0171875
0 0.6265625 0.6265625 0.01640625 0.01640625
0 0.61171875 0.61640625 0.01640625 0.01640625
0 0.63515625 0.615625 0.01484375 0.01484375
0 0.62109375 0.6046875 0.01640625 0.01640625
0 0.64609375 0.603125 0.01640625 0.015625
0 0.634375 0.59453125 0.01640625 0.01484375
0 0.65078125 0.6171875 0.01484375 0.015625
0 0.675 0.63203125 0.015625 0.0171875
0 0.6609375 0.62734375 0.01484375 0.015625
0 0.678125 0.6109375 0.0171875 0.01640625
0 0.59375 0.59609375 0.0140625 0.0171875
0 0.5796875 0.59453125 0.01484375 0.01640625
0 0.565625 0.5921875 0.015625 0.01640625
0 0.54921875 0.58671875 0.01640625 0.01640625
0 0.60625 0.58359375 0.01484375 0.015625
0 0.6140625 0.56953125 0.015625 0.01640625
0 0.59609375 0.575 0.01484375 0.015625
0 0.58125 0.56953125 0.01640625 0.01640625
0 0.56484375 0.565625 0.01640625 0.01640625
0 0.54296875 0.56171875 0.01640625 0.015625
0 0.57890625 0.55078125 0.0171875 0.01640625
0 0.56015625 0.54453125 0.01640625 0.0171875
0 0.546875 0.5484375 0.015625 0.01796875
0 0.5546875 0.52890625 0.01640625 0.015625
0 0.540625 0.53671875 0.015625 0.015625
0 0.53359375 0.525 0.0140625 0.015625
0 0.55546875 0.5109375 0.01640625 0.01640625
0 0.5859375 0.53203125 0.01484375 0.01640625
0 0.571875 0.496875 0.0171875 0.01640625
0 0.5890625 0.515625 0.015625 0.01484375
0 0.60859375 0.55234375 0.01484375 0.01484375
0 0.61015625 0.53828125 0.0171875 0.01484375
0 0.60625 0.525 0.01640625 0.01484375
0 0.6296875 0.57890625 0.015625 0.015625
0 0.653125 0.58359375 0.01484375 0.01796875
0 0.64453125 0.5796875 0.01328125 0.01640625
0 0.68984375 0.578125 0.015625 0.015625
0 0.67734375 0.5703125 0.015625 0.015625
0 0.675 0.55625 0.01484375 0.01484375
0 0.66015625 0.55859375 0.01640625 0.0171875
0 0.71328125 0.76640625 0.01796875 0.02109375
0 0.68828125 0.7296875 0.015625 0.0171875
0 0.6671875 0.734375 0.0171875 0.0171875
0 0.6765625 0.69453125 0.01640625 0.0203125
0 0.709375 0.64375 0.0171875 0.01875
0 0.70390625 0.63046875 0.01640625 0.01796875
0 0.70703125 0.615625 0.01640625 0.01796875
0 0.70859375 0.59609375 0.0171875 0.01796875
0 0.7109375 0.57109375 0.0171875 0.01640625
0 0.7359375 0.63125 0.015625 0.01796875
0 0.7203125 0.6328125 0.01484375 0.01875
0 0.75546875 0.6171875 0.01640625 0.01875
0 0.74921875 0.60234375 0.015625 0.0171875
0 0.7609375 0.57734375 0.0171875 0.01953125
0 0.74921875 0.56171875 0.0171875 0.0171875
0 0.73046875 0.55546875 0.0171875 0.01640625
0 0.7453125 0.54609375 0.01640625 0.01796875
0 0.71953125 0.5328125 0.0171875 0.01640625
0 0.7484375 0.52578125 0.01640625 0.0171875
0 0.73671875 0.5328125 0.015625 0.01640625
0 0.70859375 0.521875 0.01484375 0.01484375
0 0.6953125 0.51875 0.015625 0.01640625
0 0.6703125 0.5265625 0.01640625 0.01640625
0 0.71015625 0.5078125 0.01484375 0.01640625
0 0.69140625 0.50390625 0.015625 0.015625
0 0.70546875 0.49609375 0.01484375 0.01953125
0 0.6828125 0.48828125 0.01484375 0.0171875
0 0.66953125 0.49375 0.01640625 0.0171875
0 0.6921875 0.478125 0.015625 0.01640625
0 0.67578125 0.47421875 0.015625 0.0171875
0 0.6921875 0.46328125 0.01640625 0.015625
0 0.68046875 0.45546875 0.01328125 0.0171875
0 0.6671875 0.4578125 0.01640625 0.01796875
0 0.65546875 0.4625 0.0171875 0.0171875
0 0.64296875 0.453125 0.015625 0.015625
0 0.65703125 0.44609375 0.01484375 0.01484375
0 0.64375 0.43828125 0.015625 0.015625
0 0.6265625 0.43515625 0.01484375 0.0171875
0 0.64453125 0.4234375 0.01484375 0.01640625
0 0.6703125 0.44140625 0.0140625 0.0125
0 0.6609375 0.43046875 0.015625 0.015625
0 0.684375 0.43828125 0.01484375 0.01640625
0 0.67734375 0.42578125 0.01484375 0.01640625
0 0.665625 0.41640625 0.01484375 0.01640625
0 0.7 0.434375 0.01875 0.01640625
0 0.69375 0.4171875 0.01640625 0.01875
0 0.65 0.3890625 0.01484375 0.0171875
0 0.65859375 0.3765625 0.01484375 0.01640625
0 0.64765625 0.3671875 0.015625 0.0171875
0 0.659375 0.35703125 0.0140625 0.0171875
0 0.709375 0.41015625 0.01484375 0.01640625
0 0.67109375 0.36640625 0.0140625 0.015625
0 0.809375 0.73828125 0.01875 0.02109375
0 0.80859375 0.68046875 0.0171875 0.0203125
0 0.77890625 0.66796875 0.0171875 0.01796875
0 0.82421875 0.68203125 0.01640625 0.01953125
0 0.81328125 0.65703125 0.01640625 0.02109375
0 0.7953125 0.6421875 0.01796875 0.01875
0 0.80390625 0.62421875 0.0171875 0.01796875
0 0.790625 0.61875 0.0171875 0.0171875
0 0.82578125 0.61953125 0.015625 0.01796875
0 0.8046875 0.59296875 0.01796875 0.01796875
0 0.82734375 0.60390625 0.01796875 0.01953125
0 0.8359375 0.56484375 0.01875 0.01953125
0 0.796875 0.5578125 0.01953125 0.0203125
0 0.81171875 0.559375 0.01796875 0.02109375
0 0.83046875 0.5390625 0.01796875 0.01796875
0 0.79609375 0.54140625 0.01796875 0.01640625
0 0.86171875 0.54453125 0.01875 0.0171875
0 0.8328125 0.525 0.0171875 0.01796875
0 0.76796875 0.52578125 0.01796875 0.01640625
0 0.765625 0.4984375 0.0171875 0.0171875
0 0.76328125 0.48046875 0.01640625 0.015625
0 0.775 0.51328125 0.01796875 0.01796875
0 0.7640625 0.46328125 0.01640625 0.01796875
0 0.7421875 0.4484375 0.01640625 0.015625
0 0.77265625 0.4375 0.015625 0.01796875
0 0.75625 0.446875 0.015625 0.01640625
0 0.7375 0.43515625 0.01640625 0.01640625
0 0.725 0.421875 0.0171875 0.015625
0 0.74609375 0.4046875 0.01953125 0.0140625
0 0.74921875 0.390625 0.0140625 0.0171875
0 0.73984375 0.41640625 0.015625 0.01640625
0 0.725 0.40859375 0.01484375 0.0140625
0 0.71328125 0.39765625 0.01796875 0.01640625
0 0.72734375 0.3953125 0.015625 0.015625
0 0.7046875 0.37734375 0.01640625 0.01484375
0 0.734375 0.38046875 0.01484375 0.0171875
0 0.71875 0.38046875 0.0140625 0.01796875
0 0.70234375 0.36328125 0.01640625 0.015625
0 0.73203125 0.35703125 0.015625 0.01640625
0 0.71640625 0.359375 0.015625 0.01640625
0 0.69765625 0.34921875 0.01796875 0.0140625
0 0.7859375 0.42890625 0.0171875 0.01796875
0 0.78515625 0.4140625 0.0171875 0.01875
0 0.790625 0.34140625 0.0171875 0.01640625
0 0.73125 0.3421875 0.0171875 0.015625
0 0.71328125 0.34375 0.01640625 0.0171875
0 0.69609375 0.32265625 0.01640625 0.0171875
0 0.73046875 0.328125 0.01640625 0.01484375
0 0.71484375 0.32890625 0.01640625 0.0171875
0 0.70625 0.309375 0.01796875 0.01640625
0 0.77421875 0.30625 0.01796875 0.01640625
0 0.721875 0.3125 0.01953125 0.01640625
0 0.60234375 0.46328125 0.0171875 0.0171875
0 0.58671875 0.45859375 0.0171875 0.01875
0 0.56640625 0.46796875 0.01875 0.0171875
0 0.54921875 0.475 0.01484375 0.01640625
0 0.5375 0.45625 0.0171875 0.01875
0 0.58671875 0.43984375 0.01875 0.01640625
0 0.5625 0.44140625 0.01796875 0.015625
0 0.6046875 0.43984375 0.015625 0.01953125
0 0.5484375 0.44765625 0.02265625 0.015625
0 0.54375 0.4328125 0.0171875 0.0140625
0 0.52578125 0.45078125 0.015625 0.0171875
0 0.51875 0.4328125 0.015625 0.0171875
0 0.5515625 0.421875 0.015625 0.01640625
0 0.53046875 0.43828125 0.01640625 0.01640625
0 0.55 0.40859375 0.01640625 0.01484375
0 0.53203125 0.42578125 0.01484375 0.01484375
0 0.553125 0.39296875 0.01640625 0.015625
0 0.5359375 0.41328125 0.015625 0.01640625
0 0.54453125 0.3765625 0.01796875 0.0171875
0 0.53125 0.3796875 0.0171875 0.01640625
0 0.53359375 0.33046875 0.01640625 0.015625
0 0.57421875 0.34921875 0.01640625 0.01796875
0 0.5921875 0.3640625 0.01640625 0.01796875
0 0.53359375 0.315625 0.01640625 0.015625
0 0.52265625 0.28046875 0.01640625 0.01640625
0 0.54375 0.3015625 0.01640625 0.01640625
0 0.5328125 0.29453125 0.015625 0.0140625
0 0.5515625 0.29375 0.015625 0.0171875
0 0.5453125 0.27890625 0.01484375 0.01640625
0 0.56484375 0.28125 0.015625 0.02109375
0 0.5546875 0.26875 0.0171875 0.01796875
0 0.5796875 0.27734375 0.0171875 0.0171875
0 0.59765625 0.28671875 0.0140625 0.015625
0 0.596875 0.27109375 0.01484375 0.0140625
0 0.63984375 0.290625 0.0140625 0.01640625
0 0.609375 0.28046875 0.0171875 0.02109375
0 0.62109375 0.26640625 0.01796875 0.01953125
0 0.653125 0.31328125 0.015625 0.0171875
0 0.6578125 0.2953125 0.02265625 0.01796875
0 0.58828125 0.42734375 0.0171875 0.015625
0 0.57421875 0.42109375 0.01875 0.01640625
0 0.81328125 0.490625 0.0171875 0.01796875
0 0.81875 0.46953125 0.01640625 0.01640625
0 0.803125 0.478125 0.01796875 0.0171875
0 0.83359375 0.46875 0.0171875 0.01875
0 0.815625 0.453125 0.015625 0.01796875
0 0.8328125 0.428125 0.0140625 0.01484375
0 0.8328125 0.44765625 0.01796875 0.01796875
0 0.821875 0.43515625 0.01640625 0.01640625
0 0.8546875 0.40234375 0.0171875 0.015625
0 0.82734375 0.41640625 0.01640625 0.01875
0 0.81875 0.4046875 0.01328125 0.01875
0 0.828125 0.39375 0.01640625 0.015625
0 0.8171875 0.38515625 0.01640625 0.015625
0 0.83125 0.3359375 0.01796875 0.0171875
0 0.82734375 0.37265625 0.0171875 0.015625
0 0.834375 0.35859375 0.01640625 0.015625
0 0.825 0.48125 0.01484375 0.01953125
0 0.80546875 0.4640625 0.015625 0.01640625
0 0.7515625 0.43046875 0.01328125 0.0140625
0 0.6390625 0.1859375 0.0171875 0.0203125