0 0.81484375 0.41328125 0.028125 0.0234375
0 0.83515625 0.38671875 0.0265625 0.0265625
0 0.78671875 0.40546875 0.0265625 0.02265625
0 0.79765625 0.42890625 0.0328125 0.021875
0 0.84921875 0.41484375 0.0265625 0.0265625
0 0.7640625 0.4328125 0.02578125 0.021875
0 0.71953125 0.415625 0.0265625 0.0265625
0 0.728125 0.3859375 0.02890625 0.028125
0 0.69296875 0.41171875 0.02421875 0.021875
0 0.62890625 0.3796875 0.0265625 0.021875
0 0.6609375 0.4171875 0.03046875 0.0234375
0 0.6125 0.39765625 0.0265625 0.02265625
0 0.6140625 0.421875 0.02734375 0.0203125
0 0.54921875 0.38984375 0.0265625 0.0234375
0 0.56640625 0.415625 0.0265625 0.02578125
0 0.68984375 0.453125 0.02734375 0.0234375
0 0.84375 0.47421875 0.025 0.02109375
0 0.809375 0.45546875 0.02734375 0.0234375
0 0.8390625 0.49921875 0.02890625 0.021875
0 0.896875 0.484375 0.034375 0.0265625
0 0.8546875 0.525 0.02578125 0.025
0 0.67890625 0.47578125 0.021875 0.021875
0 0.69375 0.49765625 0.02578125 0.02265625
0 0.71171875 0.48046875 0.0265625 0.0234375
0 0.734375 0.5359375 0.02578125 0.02734375
0 0.7015625 0.51953125 0.02734375 0.02265625
0 0.7140625 0.54296875 0.02578125 0.028125
0 0.584375 0.17734375 0.025 0.01953125
0 0.58671875 0.19765625 0.02265625 0.01796875
0 0.62265625 0.2 0.0234375 0.0234375
0 0.6515625 0.196875 0.0265625 0.0234375
0 0.55625 0.18671875 0.02421875 0.021875
0 0.56484375 0.20234375 0.02109375 0.015625
0 0.5875 0.215625 0.02265625 0.01875
0 0.6 0.2328125 0.02265625 0.0203125
0 0.63125 0.24921875 0.0234375 0.0234375
0 0.565625 0.22109375 0.02109375 0.01875
0 0.57890625 0.23828125 0.02109375 0.01796875
0 0.59609375 0.25234375 0.021875 0.021875
0 0.615625 0.26640625 0.0234375 0.021875
0 0.54453125 0.21640625 0.0203125 0.01796875
0 0.5734375 0.26015625 0.0203125 0.01953125
0 0.29765625 0.05703125 0.02265625 0.0203125
0 0.29453125 0.07421875 0.02421875 0.01953125
0 0.31328125 0.084375 0.0234375 0.0203125
0 0.32890625 0.07265625 0.021875 0.0171875
0 0.37578125 0.0890625 0.02109375 0.01953125
0 0.4 0.08125 0.02421875 0.0234375
0 0.4234375 0.11015625 0.0234375 0.02265625
0 0.46640625 0.1515625 0.025 0.01953125
0 0.51640625 0.221875 0.0265625 0.025
0 0.51796875 0.24375 0.0234375 0.01953125
0 0.5234375 0.2703125 0.02578125 0.01953125
0 0.45625 0.22578125 0.025 0.01875
0 0.490625 0.2453125 0.0234375 0.021875
0 0.43515625 0.20859375 0.025 0.02265625
0 0.4609375 0.2484375 0.02421875 0.02109375
0 0.50390625 0.2890625 0.0265625 0.0203125
0 0.49453125 0.365625 0.0203125 0.02265625
0 0.47421875 0.3578125 0.02265625 0.02265625
0 0.45546875 0.36640625 0.02265625 0.02265625
0 0.43359375 0.3328125 0.025 0.021875
0 0.4125 0.36953125 0.02578125 0.0203125
0 0.4453125 0.3890625 0.02578125 0.021875
0 0.39765625 0.38671875 0.02265625 0.01796875
0 0.409375 0.40703125 0.01953125 0.02109375
0 0.37734375 0.4046875 0.0171875 0.02109375
0 0.39453125 0.42734375 0.025 0.02421875
0 0.3640625 0.425 0.02578125 0.0234375
0 0.39296875 0.39921875 0.0234375 0.02265625
0 0.3671875 0.26171875 0.02265625 0.02265625
0 0.2890625 0.321875 0.02578125 0.021875
0 0.33125 0.28984375 0.025 0.021875
0 0.2703125 0.33671875 0.0234375 0.02265625
0 0.2984375 0.35 0.0234375 0.02109375
0 0.25546875 0.31171875 0.02734375 0.02109375
0 0.27109375 0.365625 0.0234375 0.01796875
0 0.28203125 0.38671875 0.028125 0.02265625
0 0.2453125 0.365625 0.025 0.025
0 0.2765625 0.40859375 0.02578125 0.02265625
0 0.196875 0.378125 0.02734375 0.02265625
0 0.21640625 0.3546875 0.025 0.02109375
0 0.18671875 0.41484375 0.02734375 0.021875
0 0.53515625 0.5015625 0.02578125 0.015625
0 0.540625 0.515625 0.0265625 0.021875
0 0.5796875 0.5203125 0.0234375 0.02734375
0 0.61328125 0.50078125 0.02734375 0.025
0 0.5328125 0.54140625 0.02421875 0.028125
0 0.3515625 0.484375 0.02265625 0.02421875
0 0.30234375 0.4671875 0.01796875 0.02265625
0 0.3234375 0.4640625 0.025 0.02734375
0 0.33046875 0.49921875 0.02578125 0.02421875
0 0.28046875 0.48359375 0.025 0.02265625
0 0.290625 0.50703125 0.0265625 0.02578125
0 0.1765625 0.4515625 0.025 0.02578125
0 0.20546875 0.4625 0.025 0.0265625
0 0.15703125 0.47421875 0.02265625 0.01953125
0 0.18515625 0.48046875 0.028125 0.0234375
0 0.16796875 0.51875 0.02734375 0.02578125
0 0.19453125 0.51015625 0.0234375 0.0234375
0 0.25546875 0.53203125 0.02734375 0.02421875
0 0.26953125 0.57734375 0.0296875 0.02578125
0 0.27421875 0.6078125 0.028125 0.025
0 0.15546875 0.81328125 0.034375 0.0203125
0 0.12421875 0.778125 0.0265625 0.034375
0 0.228125 0.75078125 0.0234375 0.02578125
0 0.15390625 0.78671875 0.02890625 0.0296875
0 0.215625 0.73671875 0.028125 0.0265625
0 0.2359375 0.71796875 0.03125 0.0265625
0 0.25390625 0.69375 0.028125 0.02890625
0 0.38125 0.56484375 0.02578125 0.02578125
0 0.37421875 0.53828125 0.02890625 0.02734375
0 0.38671875 0.59453125 0.02734375 0.025
0 0.38828125 0.621875 0.02734375 0.02734375
0 0.41796875 0.6328125 0.02265625 0.025
0 0.4375 0.65078125 0.028125 0.02890625
0 0.3203125 0.72421875 0.03125 0.03359375
0 0.35859375 0.70625 0.0296875 0.03203125
0 0.415625 0.67109375 0.02578125 0.0265625
0 0.44453125 0.67890625 0.028125 0.028125
0 0.3859375 0.68984375 0.028125 0.0296875
0 0.4296875 0.7078125 0.02734375 0.03125
0 0.4140625 0.75859375 0.03046875 0.03203125
0 0.45234375 0.7625 0.0296875 0.03359375
0 0.371875 0.7890625 0.0296875 0.03203125
0 0.4046875 0.81171875 0.02890625 0.02578125
0 0.4328125 0.83203125 0.028125 0.03515625
0 0.6578125 0.56015625 0.02734375 0.02578125
0 0.671875 0.58515625 0.0296875 0.02734375
0 0.70390625 0.6203125 0.02734375 0.03125
0 0.6359375 0.6609375 0.02734375 0.03046875
0 0.628125 0.621875 0.0296875 0.0234375
0 0.62734375 0.6875 0.02890625 0.028125
0 0.653125 0.68671875 0.0265625 0.028125
0 0.68359375 0.67578125 0.02734375 0.03046875
0 0.7046875 0.6609375 0.0328125 0.02578125
0 0.665625 0.74921875 0.0328125 0.0265625
0 0.66875 0.7171875 0.02578125 0.028125
0 0.6796875 0.7984375 0.0328125 0.034375
0 0.640625 0.71875 0.02578125 0.0296875
0 0.65625 0.7734375 0.02734375 0.03046875
0 0.690625 0.76796875 0.03046875 0.02734375
0 0.86171875 0.61484375 0.02890625 0.02578125
0 0.8703125 0.70546875 0.03125 0.03828125