0 0.91484375 0.74375 0.034375 0.0359375
0 0.93515625 0.703125 0.0328125 0.0359375
0 0.90859375 0.6796875 0.0328125 0.034375
0 0.90859375 0.646875 0.0328125 0.0359375
0 0.8828125 0.7296875 0.034375 0.0375
0 0.90390625 0.7109375 0.034375 0.034375
0 0.8859375 0.76171875 0.0328125 0.034375
0 0.85 0.7765625 0.0390625 0.0359375
0 0.8546875 0.7453125 0.0328125 0.03125
0 0.853125 0.7140625 0.03125 0.0328125
0 0.85390625 0.6828125 0.0296875 0.0328125
0 0.8765625 0.6671875 0.0328125 0.0328125
0 0.878125 0.63828125 0.0328125 0.03125
0 0.88515625 0.60546875 0.0328125 0.0328125
0 0.87265625 0.565625 0.0359375 0.034375
0 0.82890625 0.62734375 0.0296875 0.03125
0 0.85625 0.615625 0.0296875 0.0328125
0 0.83046875 0.65703125 0.0359375 0.03125
0 0.82421875 0.7203125 0.0359375 0.0359375
0 0.82421875 0.6890625 0.034375 0.0328125
0 0.8265625 0.753125 0.0328125 0.0359375
0 0.80546875 0.7875 0.0359375 0.034375
0 0.746875 0.76875 0.0375 0.040625
0 0.76875 0.725 0.034375 0.034375
0 0.77734375 0.76640625 0.034375 0.034375
0 0.796875 0.73984375 0.0328125 0.0328125
0 0.79453125 0.70703125 0.034375 0.0328125
0 0.79375 0.64453125 0.0328125 0.03125
0 0.79921875 0.6140625 0.0296875 0.0328125
0 0.8296875 0.59765625 0.0328125 0.0328125
0 0.8015625 0.496875 0.0375 0.034375
0 0.78671875 0.55703125 0.034375 0.03125
0 0.77265625 0.584375 0.0359375 0.0328125
0 0.7953125 0.67578125 0.0296875 0.0296875
0 0.765625 0.6625 0.0328125 0.034375
0 0.734375 0.6796875 0.0359375 0.03125
0 0.7390625 0.63515625 0.0328125 0.034375
0 0.71484375 0.6046875 0.03125 0.0359375
0 0.7078125 0.5140625 0.0328125 0.0328125
0 0.67578125 0.528125 0.0328125 0.0328125
0 0.67890625 0.5640625 0.0328125 0.0328125
0 0.6890625 0.6328125 0.0359375 0.0359375
0 0.65703125 0.6609375 0.0359375 0.034375
0 0.65234375 0.61953125 0.0359375 0.0359375
0 0.646875 0.58359375 0.0328125 0.0328125
0 0.6484375 0.5484375 0.0328125 0.0296875
0 0.61875 0.56875 0.0328125 0.0328125
0 0.61640625 0.534375 0.03125 0.03125
0 0.5765625 0.49453125 0.0359375 0.03125
0 0.58671875 0.56484375 0.034375 0.0296875
0 0.57734375 0.525 0.0296875 0.0296875
0 0.5484375 0.51640625 0.03125 0.0296875
0 0.53203125 0.4828125 0.0328125 0.0296875
0 0.55625 0.61484375 0.0328125 0.03125
0 0.5796875 0.59375 0.0296875 0.03125
0 0.553125 0.5734375 0.0328125 0.0296875
0 0.53125 0.54609375 0.0296875 0.0296875
0 0.56015625 0.64765625 0.0328125 0.0328125
0 0.521875 0.68125 0.0328125 0.0328125
0 0.52890625 0.63125 0.0328125 0.03125
0 0.528125 0.6015625 0.0328125 0.03125
0 0.5125 0.575 0.0328125 0.0296875
0 0.4953125 0.60234375 0.0296875 0.0328125
0 0.49765625 0.55 0.0328125 0.028125
0 0.50859375 0.521875 0.0296875 0.0296875
0 0.49140625 0.49296875 0.0296875 0.0296875
0 0.496875 0.4640625 0.03125 0.0296875
0 0.4640625 0.50703125 0.03125 0.0296875
0 0.4640625 0.47734375 0.0328125 0.0328125
0 0.4796875 0.528125 0.0328125 0.0296875
0 0.47109375 0.58515625 0.0328125 0.0328125
0 0.4671875 0.55703125 0.03125 0.028125
0 0.45078125 0.5328125 0.0296875 0.0296875
0 0.434375 0.5078125 0.0296875 0.0328125
0 0.42890625 0.47890625 0.0296875 0.0296875
0 0.44765625 0.4546875 0.0328125 0.0328125
0 0.43828125 0.42109375 0.03125 0.0328125
0 0.41328125 0.440625 0.0359375 0.0296875
0 0.4375 0.56015625 0.0328125 0.0265625
0 0.428125 0.58828125 0.0328125 0.0328125
0 0.42109375 0.5359375 0.0296875 0.03125
0 0.403125 0.56171875 0.0359375 0.0296875
0 0.4046875 0.5046875 0.0328125 0.0328125
0 0.396875 0.475 0.03125 0.0296875
0 0.38984375 0.53125 0.0328125 0.0296875
0 0.35859375 0.5328125 0.0328125 0.0296875
0 0.37265625 0.50546875 0.0328125 0.03125
0 0.36875 0.4796875 0.034375 0.0296875
0 0.353125 0.45234375 0.0328125 0.03125
0 0.33671875 0.49140625 0.0328125 0.0265625
0 0.33203125 0.52109375 0.0328125 0.0328125
0 0.3078125 0.5046875 0.034375 0.0328125
0 0.309375 0.47578125 0.034375 0.0296875
0 0.3046875 0.446875 0.0359375 0.0328125
0 0.27421875 0.4390625 0.0375 0.034375
0 0.25625 0.41484375 0.0390625 0.034375
0 0.26796875 0.51015625 0.034375 0.034375
0 0.23125 0.51796875 0.0421875 0.034375
0 0.20546875 0.41640625 0.0390625 0.03125