0 0.8578125 0.8203125 0.028125 0.02890625
0 0.76796875 0.7828125 0.02734375 0.0265625
0 0.81328125 0.71484375 0.0265625 0.02578125
0 0.84375 0.70390625 0.0234375 0.0234375
0 0.821875 0.6953125 0.021875 0.0234375
0 0.84375 0.68125 0.02578125 0.025
0 0.8203125 0.67265625 0.02578125 0.0265625
0 0.86328125 0.66796875 0.0234375 0.02421875
0 0.83984375 0.6546875 0.02421875 0.025
0 0.859375 0.64296875 0.025 0.025
0 0.81796875 0.64921875 0.02578125 0.0234375
0 0.79453125 0.6578125 0.0234375 0.02578125
0 0.77265625 0.6453125 0.025 0.028125
0 0.75625 0.6609375 0.025 0.025
0 0.7375 0.646875 0.02734375 0.02421875
0 0.71328125 0.63203125 0.025 0.0234375
0 0.68203125 0.63984375 0.02734375 0.02578125
0 0.65546875 0.63203125 0.0234375 0.02421875
0 0.63671875 0.61953125 0.02421875 0.025
0 0.67109375 0.603125 0.0265625 0.02421875
0 0.6171875 0.59921875 0.02421875 0.0234375
0 0.6375 0.5890625 0.02265625 0.0234375
0 0.61171875 0.5765625 0.025 0.02421875
0 0.659375 0.58359375 0.0234375 0.02421875
0 0.64453125 0.5671875 0.025 0.02421875
0 0.68046875 0.57265625 0.0234375 0.02578125
0 0.7046875 0.57734375 0.0234375 0.02578125
0 0.74140625 0.5671875 0.02578125 0.02421875
0 0.6640625 0.55234375 0.025 0.0234375
0 0.76171875 0.5796875 0.02578125 0.025
0 0.78203125 0.56796875 0.02421875 0.02421875
0 0.82890625 0.5984375 0.02734375 0.02734375
0 0.78359375 0.59140625 0.0265625 0.02578125
0 0.81953125 0.575 0.02421875 0.025
0 0.790625 0.540625 0.028125 0.0265625
0 0.84375 0.58125 0.025 0.02421875
0 0.846875 0.53203125 0.02421875 0.02421875
0 0.81953125 0.50546875 0.02578125 0.02421875
0 0.71484375 0.5234375 0.0234375 0.0234375
0 0.69140625 0.51640625 0.02421875 0.0234375
0 0.66875 0.7375 0.02421875 0.025
0 0.64296875 0.721875 0.0265625 0.025
0 0.615625 0.72734375 0.0265625 0.02421875
0 0.6234375 0.7046875 0.02578125 0.02578125
0 0.63515625 0.68359375 0.02421875 0.0265625
0 0.60078125 0.6953125 0.02578125 0.02734375
0 0.57890625 0.696875 0.0234375 0.02578125
0 0.56796875 0.71875 0.02734375 0.02421875
0 0.5578125 0.69140625 0.02578125 0.02421875
0 0.56796875 0.6703125 0.0265625 0.02578125
0 0.53515625 0.67890625 0.02578125 0.02578125
0 0.4984375 0.6984375 0.0265625 0.02578125
0 0.46875 0.68515625 0.0265625 0.0265625
0 0.5 0.6703125 0.02578125 0.02890625
0 0.53125 0.65234375 0.02578125 0.02578125
0 0.5265625 0.63046875 0.0234375 0.0234375
0 0.49375 0.640625 0.02734375 0.02421875
0 0.4578125 0.65 0.025 0.02578125
0 0.5484375 0.634375 0.0234375 0.02421875
0 0.61484375 0.6546875 0.025 0.025
0 0.565625 0.61953125 0.0234375 0.0234375
0 0.5375 0.61015625 0.0234375 0.0234375
0 0.51328125 0.61015625 0.02421875 0.0234375
0 0.55078125 0.59296875 0.02578125 0.02421875
0 0.50234375 0.59296875 0.02265625 0.02421875
0 0.48125 0.61796875 0.0234375 0.02421875
0 0.521875 0.5828125 0.0265625 0.02578125
0 0.48203125 0.58515625 0.025 0.02265625
0 0.5078125 0.5671875 0.02578125 0.02578125
0 0.4859375 0.5640625 0.025 0.02421875
0 0.4640625 0.559375 0.025 0.02578125
0 0.434375 0.6421875 0.02578125 0.02578125
0 0.4125 0.63515625 0.0234375 0.025
0 0.4265625 0.6171875 0.025 0.0234375
0 0.3921875 0.61484375 0.025 0.0234375
0 0.41015625 0.60078125 0.025 0.028125
0 0.38984375 0.65 0.02421875 0.025
0 0.3484375 0.67109375 0.02734375 0.02421875
0 0.2921875 0.659375 0.0265625 0.02578125
0 0.25390625 0.63984375 0.02578125 0.02734375
0 0.24296875 0.61484375 0.02578125 0.0265625
0 0.265625 0.60234375 0.028125 0.0265625
0 0.215625 0.59453125 0.02578125 0.02578125
0 0.24609375 0.5734375 0.02421875 0.025
0 0.2203125 0.5625 0.02421875 0.02421875
0 0.19765625 0.5625 0.02421875 0.02578125
0 0.171875 0.546875 0.02578125 0.02421875
0 0.19375 0.53671875 0.02265625 0.02421875
0 0.19375 0.51015625 0.025 0.0234375
0 0.16796875 0.52109375 0.02265625 0.0234375
0 0.14140625 0.52578125 0.0234375 0.02421875
0 0.140625 0.50234375 0.025 0.02265625
0 0.16796875 0.4984375 0.02265625 0.021875
0 0.1859375 0.48515625 0.02421875 0.02265625
0 0.22265625 0.503125 0.0234375 0.02578125
0 0.20859375 0.48671875 0.02265625 0.02734375
0 0.27265625 0.55 0.02578125 0.02421875
0 0.25078125 0.5390625 0.025 0.02578125
0 0.28515625 0.53125 0.0234375 0.0265625
0 0.26484375 0.52265625 0.02265625 0.02578125
0 0.24765625 0.51015625 0.0234375 0.02578125
0 0.29609375 0.51171875 0.02578125 0.02421875
0 0.275 0.49609375 0.025 0.02265625
0 0.2609375 0.47890625 0.02421875 0.0234375
0 0.29609375 0.48671875 0.02421875 0.028125
0 0.30234375 0.4625 0.0234375 0.02421875
0 0.27890625 0.46171875 0.02265625 0.02421875
0 0.2421875 0.46875 0.0234375 0.0234375
0 0.259375 0.4515625 0.02421875 0.025
0 0.23828125 0.4484375 0.0234375 0.0234375
0 0.21484375 0.440625 0.025 0.0234375
0 0.246875 0.42890625 0.02265625 0.02265625
0 0.2765625 0.396875 0.02265625 0.02421875
0 0.27265625 0.428125 0.02578125 0.0265625
0 0.29609375 0.38359375 0.02109375 0.02265625
0 0.275 0.37421875 0.02265625 0.021875
0 0.340625 0.50703125 0.02265625 0.02265625
0 0.378125 0.53203125 0.02421875 0.025
0 0.34609375 0.5359375 0.02578125 0.025
0 0.3640625 0.50859375 0.02265625 0.025
0 0.40078125 0.5296875 0.02109375 0.02578125
0 0.44765625 0.5375 0.02265625 0.021875
0 0.45859375 0.51953125 0.02265625 0.025
0 0.42421875 0.50859375 0.02578125 0.025
0 0.41875 0.4875 0.0265625 0.02421875
0 0.45 0.48359375 0.028125 0.0234375
0 0.434375 0.46875 0.02421875 0.0234375
0 0.46875 0.53828125 0.02265625 0.021875
0 0.4796875 0.5140625 0.02265625 0.02578125
0 0.5125 0.5390625 0.02265625 0.02421875
0 0.4890625 0.54296875 0.025 0.0234375
0 0.49921875 0.5203125 0.02265625 0.0234375
0 0.534375 0.54609375 0.0265625 0.02109375
0 0.5359375 0.52421875 0.0265625 0.0234375
0 0.57890625 0.5515625 0.02421875 0.02421875
0 0.559375 0.5421875 0.02265625 0.02578125
0 0.171875 0.4703125 0.02578125 0.025
0 0.15078125 0.484375 0.025 0.02421875
0 0.1265625 0.47734375 0.0234375 0.02578125
0 0.10546875 0.4703125 0.0234375 0.02421875
0 0.11015625 0.44609375 0.02265625 0.0234375
0 0.1296875 0.40390625 0.02578125 0.02421875
0 0.103125 0.40703125 0.02578125 0.02265625
0 0.10390625 0.365625 0.0234375 0.0265625
0 0.1203125 0.35 0.025 0.0265625
0 0.1390625 0.32734375 0.025 0.02421875
0 0.1671875 0.32734375 0.02421875 0.0234375
0 0.21015625 0.371875 0.0234375 0.0234375
0 0.23046875 0.36171875 0.0234375 0.0234375
0 0.2140625 0.34140625 0.021875 0.02421875
0 0.25078125 0.3625 0.02265625 0.0234375
0 0.2359375 0.3421875 0.021875 0.02265625
0 0.26015625 0.3421875 0.02421875 0.02265625
0 0.31484375 0.35 0.02421875 0.025
0 0.28125 0.35390625 0.02265625 0.0234375
0 0.31953125 0.31640625 0.0234375 0.02265625
0 0.30546875 0.3 0.02265625 0.02421875
0 0.2765625 0.30546875 0.0234375 0.021875
0 0.23359375 0.30390625 0.02265625 0.0234375
0 0.2515625 0.284375 0.0234375 0.02265625
0 0.22734375 0.28515625 0.02265625 0.02265625
0 0.21640625 0.2640625 0.02265625 0.02421875
0 0.2796875 0.27578125 0.02578125 0.0234375
0 0.31875 0.2796875 0.025 0.02421875
0 0.2953125 0.2515625 0.025 0.025
0 0.4640625 0.43046875 0.021875 0.02578125
0 0.4375 0.43515625 0.025 0.02578125
0 0.47265625 0.3390625 0.02578125 0.0234375
0 0.44296875 0.31953125 0.02421875 0.0265625
0 0.421875 0.31484375 0.02265625 0.02265625
0 0.4140625 0.29609375 0.02421875 0.0234375
0 0.39375 0.2921875 0.02421875 0.02421875
0 0.3765625 0.28203125 0.02578125 0.02109375
0 0.3640625 0.2640625 0.02578125 0.0234375
0 0.42890625 0.28125 0.02578125 0.025
0 0.4078125 0.26875 0.02265625 0.0234375
0 0.39609375 0.2515625 0.02109375 0.02109375
0 0.428125 0.26015625 0.02421875 0.02265625
0 0.46796875 0.28046875 0.02578125 0.021875
0 0.4609375 0.26015625 0.025 0.02265625
0 0.45546875 0.23359375 0.0265625 0.021875
0 0.50546875 0.24609375 0.02265625 0.02265625
0 0.48828125 0.2328125 0.021875 0.02421875
0 0.515625 0.22734375 0.02578125 0.02265625
0 0.48671875 0.21015625 0.02265625 0.02265625
0 0.50390625 0.2 0.0234375 0.02109375
0 0.41015625 0.16875 0.025 0.02421875
0 0.36328125 0.1328125 0.025 0.02265625
0 0.2921875 0.15703125 0.0234375 0.021875
0 0.54453125 0.2109375 0.0234375 0.021875
0 0.52109375 0.18828125 0.02109375 0.02109375
0 0.54375 0.18203125 0.025 0.02578125
0 0.646875 0.1453125 0.02109375 0.01875
0 0.6359375 0.1421875 0.01796875 0.01953125
0 0.5296875 0.40078125 0.0234375 0.025
0 0.55546875 0.39765625 0.021875 0.02421875
0 0.5421875 0.37890625 0.01953125 0.02265625
0 0.51875 0.37421875 0.02109375 0.02265625
0 0.5765625 0.396875 0.02265625 0.02265625
0 0.5671875 0.375 0.02265625 0.0234375
0 0.55390625 0.35 0.02265625 0.02265625
0 0.53046875 0.35390625 0.021875 0.02421875
0 0.57578125 0.3453125 0.0203125 0.02265625
0 0.60078125 0.38671875 0.02578125 0.02578125
0 0.5859375 0.36484375 0.02265625 0.02734375
0 0.65703125 0.4359375 0.0234375 0.021875
0 0.69453125 0.4375 0.0234375 0.025
0 0.68203125 0.4203125 0.0234375 0.021875
0 0.66640625 0.4046875 0.02421875 0.02265625
0 0.709375 0.41328125 0.02421875 0.02265625
0 0.7328125 0.40859375 0.0234375 0.02421875
0 0.63046875 0.35 0.02421875 0.02109375
0 0.615625 0.33359375 0.02109375 0.02421875
0 0.63359375 0.3203125 0.021875 0.025
0 0.68359375 0.33671875 0.02265625 0.021875
0 0.66171875 0.33203125 0.0234375 0.021875
0 0.653125 0.309375 0.021875 0.02265625
0 0.6234375 0.296875 0.021875 0.021875
0 0.60234375 0.29453125 0.021875 0.021875
0 0.5734375 0.31484375 0.02265625 0.02109375
0 0.58125 0.29296875 0.021875 0.021875
0 0.5515625 0.3125 0.025 0.02265625
0 0.6171875 0.27734375 0.02109375 0.02109375
0 0.64375 0.2890625 0.02109375 0.02265625
0 0.6578125 0.275 0.02265625 0.0234375
0 0.6359375 0.26640625 0.02265625 0.0234375
0 0.6375 0.24375 0.0234375 0.02265625
0 0.7296875 0.334375 0.02578125 0.025
0 0.7015625 0.3203125 0.025 0.021875
0 0.7203125 0.30078125 0.0234375 0.02265625
0 0.6875 0.296875 0.021875 0.021875
0 0.68671875 0.28046875 0.02421875 0.0203125
0 0.67265625 0.25859375 0.0234375 0.02109375
0 0.70078125 0.265625 0.021875 0.01953125
0 0.696875 0.246875 0.021875 0.01953125
0 0.6796875 0.23203125 0.0234375 0.02265625
0 0.66796875 0.20859375 0.02421875 0.021875
0 0.6859375 0.17109375 0.0234375 0.02421875
0 0.95234375 0.39609375 0.02265625 0.0234375
0 0.93203125 0.40546875 0.02109375 0.025
0 0.909375 0.40234375 0.021875 0.02265625
0 0.8578125 0.38359375 0.0234375 0.025
0 0.81796875 0.38515625 0.0265625 0.021875
0 0.87578125 0.38125 0.02421875 0.025
0 0.88046875 0.3546875 0.02578125 0.02734375
0 0.83984375 0.36171875 0.025 0.021875
0 0.78125 0.37265625 0.025 0.025
0 0.76015625 0.3078125 0.025 0.02109375
0 0.7875 0.2875 0.02421875 0.02421875
0 0.740625 0.2796875 0.021875 0.0265625
0 0.72265625 0.2625 0.02265625 0.0234375
0 0.74609375 0.25625 0.02421875 0.02421875
0 0.73125 0.2328125 0.02109375 0.02265625
0 0.7453125 0.2140625 0.025 0.025
0 0.7109375 0.21171875 0.02578125 0.02265625