0 0.4515625 0.30625 0.021875 0.021875
0 0.36640625 0.49375 0.025 0.0234375
0 0.43515625 0.3 0.025 0.0234375
0 0.7078125 0.646875 0.025 0.0234375
0 0.6640625 0.6328125 0.028125 0.0265625
0 0.65234375 0.621875 0.0265625 0.0265625
0 0.6296875 0.46484375 0.0265625 0.025
0 0.6328125 0.60390625 0.0265625 0.0265625
0 0.634375 0.625 0.0265625 0.0265625
0 0.615625 0.5921875 0.0265625 0.0265625
0 0.61484375 0.6125 0.0265625 0.0265625
0 0.5625 0.5265625 0.0265625 0.0234375
0 0.596875 0.5859375 0.0265625 0.025
0 0.5828125 0.575 0.0265625 0.0265625
0 0.57265625 0.5890625 0.025 0.0234375
0 0.56328125 0.578125 0.0234375 0.0234375
0 0.553125 0.59296875 0.0296875 0.0265625
0 0.5421875 0.5796875 0.0234375 0.0234375
0 0.56015625 0.434375 0.0203125 0.0203125
0 0.5421875 0.4375 0.021875 0.0203125
0 0.5296875 0.45234375 0.021875 0.0203125
0 0.52578125 0.434375 0.021875 0.0203125
0 0.51484375 0.42265625 0.0203125 0.01875
0 0.50390625 0.41015625 0.021875 0.0203125
0 0.49765625 0.39453125 0.021875 0.021875
0 0.509375 0.4375 0.0203125 0.01875
0 0.5234375 0.4859375 0.0234375 0.021875
0 0.51328125 0.4703125 0.021875 0.0203125
0 0.5125 0.4546875 0.021875 0.0203125
0 0.49375 0.4375 0.0203125 0.01875
0 0.49453125 0.45625 0.021875 0.0203125
0 0.48515625 0.47109375 0.0203125 0.01875
0 0.47890625 0.45546875 0.021875 0.0234375
0 0.4734375 0.41796875 0.021875 0.01875
0 0.45390625 0.41640625 0.0203125 0.021875
0 0.46328125 0.4515625 0.01875 0.0203125
0 0.44609375 0.4375 0.021875 0.01875
0 0.4640625 0.4671875 0.021875 0.01875
0 0.446875 0.4546875 0.021875 0.01875
0 0.4296875 0.44140625 0.021875 0.021875
0 0.434375 0.41875 0.021875 0.021875
0 0.4203125 0.4078125 0.021875 0.01875
0 0.46875 0.55703125 0.021875 0.021875
0 0.45 0.56171875 0.021875 0.0203125