0 0.5640625 0.90390625 0.0421875 0.0375
0 0.50546875 0.9234375 0.0421875 0.034375
0 0.56484375 0.87265625 0.0421875 0.0375
0 0.53046875 0.88203125 0.0390625 0.0375
0 0.496875 0.88515625 0.0375 0.034375
0 0.5765625 0.8421875 0.04375 0.0359375
0 0.65234375 0.81328125 0.046875 0.04375
0 0.6125 0.81796875 0.0453125 0.0390625
0 0.5 0.8375 0.04375 0.034375
0 0.45234375 0.82890625 0.040625 0.0375
0 0.5875 0.78046875 0.046875 0.0421875
0 0.63984375 0.7453125 0.05 0.0421875
0 0.6296875 0.77578125 0.05 0.04375
0 0.5921875 0.74453125 0.046875 0.0421875
0 0.54921875 0.75234375 0.0484375 0.0421875
0 0.734375 0.76171875 0.053125 0.0453125
0 0.69140625 0.73828125 0.0515625 0.0421875
0 0.77890625 0.72109375 0.0546875 0.0453125
0 0.69609375 0.70390625 0.053125 0.0453125
0 0.65625 0.67578125 0.053125 0.0421875
0 0.60859375 0.7046875 0.05 0.0390625
0 0.6140625 0.67265625 0.05 0.0421875
0 0.65625 0.6390625 0.053125 0.04375
0 0.72265625 0.63125 0.059375 0.05
0 0.66171875 0.5828125 0.0546875 0.0453125
0 0.6109375 0.5640625 0.053125 0.04375
0 0.6828125 0.528125 0.053125 0.0453125
0 0.55546875 0.58125 0.046875 0.0453125
0 0.51328125 0.59609375 0.046875 0.0421875
0 0.48671875 0.64453125 0.046875 0.0390625
0 0.4453125 0.6546875 0.0390625 0.0375
0 0.415625 0.66796875 0.0375 0.034375
0 0.4234375 0.696875 0.0421875 0.0375
0 0.38359375 0.68359375 0.0390625 0.0375
0 0.43203125 0.62421875 0.0453125 0.0390625
0 0.39765625 0.64375 0.0375 0.034375
0 0.3640625 0.653125 0.0390625 0.034375
0 0.37578125 0.6203125 0.0359375 0.034375
0 0.34609375 0.62421875 0.0359375 0.0328125
0 0.315625 0.6359375 0.0359375 0.03125
0 0.3140625 0.66171875 0.0390625 0.03125
0 0.284375 0.68125 0.0359375 0.0328125
0 0.278125 0.653125 0.0359375 0.0328125
0 0.28671875 0.628125 0.0359375 0.0328125
0 0.25703125 0.62265625 0.0359375 0.0328125
0 0.31640625 0.609375 0.0390625 0.0328125
0 0.28515625 0.6 0.0359375 0.0328125
0 0.36171875 0.59375 0.0375 0.034375
0 0.30859375 0.5828125 0.034375 0.0328125
0 0.33515625 0.571875 0.0359375 0.0328125
0 0.3625 0.56328125 0.0375 0.0375
0 0.33515625 0.54375 0.0359375 0.0328125
0 0.3046875 0.54140625 0.0359375 0.0328125
0 0.284375 0.55859375 0.0359375 0.0328125
0 0.3625 0.5265625 0.0390625 0.0359375
0 0.403125 0.49296875 0.0390625 0.0375
0 0.43125 0.53984375 0.0421875 0.040625
0 0.46640625 0.54296875 0.0421875 0.0359375
0 0.49921875 0.51171875 0.046875 0.040625
0 0.5578125 0.52578125 0.0484375 0.040625
0 0.259375 0.4796875 0.0375 0.0359375
0 0.240625 0.5453125 0.0375 0.034375
0 0.2140625 0.55625 0.0328125 0.0328125
0 0.2234375 0.58125 0.034375 0.0296875
0 0.196875 0.57890625 0.0328125 0.0328125
0 0.16640625 0.58984375 0.0328125 0.0296875
0 0.14375 0.61796875 0.0296875 0.0296875
0 0.2140625 0.60703125 0.0359375 0.03125
0 0.21875 0.63671875 0.0359375 0.0328125
0 0.23203125 0.65859375 0.0359375 0.03125
0 0.196875 0.66875 0.0328125 0.03125
0 0.21796875 0.72578125 0.0328125 0.03125
0 0.3078125 0.51015625 0.0390625 0.0359375
0 0.1359375 0.534375 0.03125 0.03125
0 0.159375 0.496875 0.0359375 0.0328125
0 0.1890625 0.4640625 0.0328125 0.0328125
0 0.2609375 0.4296875 0.0390625 0.040625
0 0.1625 0.41171875 0.0359375 0.0359375
0 0.1625 0.35546875 0.040625 0.040625
0 0.27265625 0.3328125 0.04375 0.040625
0 0.184375 0.33125 0.0375 0.0359375
0 0.1625 0.315625 0.0390625 0.0375
0 0.16953125 0.284375 0.0359375 0.0328125
0 0.18828125 0.24765625 0.040625 0.0375
0 0.378125 0.2625 0.05 0.04375
0 0.4125 0.23515625 0.05 0.0453125
0 0.39375 0.19921875 0.05 0.0421875
0 0.4390625 0.20703125 0.0484375 0.046875
0 0.47890625 0.19453125 0.0484375 0.0453125
0 0.3375 0.15234375 0.05 0.04375
0 0.32578125 0.11875 0.0484375 0.0453125
0 0.57890625 0.29609375 0.0578125 0.0515625
0 0.60234375 0.33828125 0.05625 0.05
0 0.5515625 0.37890625 0.059375 0.046875
0 0.63125 0.38515625 0.0578125 0.05
0 0.59453125 0.4046875 0.0546875 0.0484375
0 0.37734375 0.4046875 0.0453125 0.0390625
0 0.35390625 0.4421875 0.046875 0.0421875
0 0.68359375 0.47890625 0.0578125 0.046875