0 0.68671875 0.25546875 0.034375 0.03125
0 0.66640625 0.2359375 0.03125 0.0296875
0 0.5828125 0.28125 0.03125 0.03125
0 0.5515625 0.17265625 0.034375 0.0296875
0 0.51796875 0.12265625 0.03125 0.034375
0 0.4703125 0.08671875 0.0296875 0.03125
0 0.44375 0.096875 0.028125 0.0296875
0 0.41640625 0.1203125 0.0296875 0.0296875
0 0.39453125 0.1375 0.0296875 0.03125
0 0.38359375 0.16328125 0.03125 0.03125
0 0.40703125 0.27890625 0.03125 0.03125
0 0.4265625 0.33125 0.0296875 0.03125
0 0.1453125 0.5671875 0.0328125 0.034375
0 0.12734375 0.61796875 0.034375 0.03125
0 0.30625 0.6109375 0.0328125 0.03125
0 0.265625 0.5765625 0.03125 0.028125
0 0.2390625 0.590625 0.0328125 0.0296875
0 0.4109375 0.384375 0.034375 0.0296875
0 0.4328125 0.4109375 0.0296875 0.0296875
0 0.4078125 0.42421875 0.0296875 0.028125
0 0.378125 0.43125 0.03125 0.028125
0 0.303125 0.478125 0.03125 0.03125
0 0.35859375 0.45703125 0.0328125 0.0296875
0 0.3984375 0.45078125 0.03125 0.0296875
0 0.3765625 0.4765625 0.028125 0.028125
0 0.35 0.4859375 0.034375 0.0296875
0 0.32109375 0.5 0.028125 0.03125
0 0.31796875 0.559375 0.0328125 0.03125
0 0.43125 0.46171875 0.03125 0.0296875
0 0.40859375 0.4765625 0.028125 0.028125
0 0.39140625 0.5015625 0.03125 0.03125
0 0.38046875 0.559375 0.0296875 0.03125
0 0.4359375 0.4984375 0.028125 0.03125
0 0.403125 0.5296875 0.03125 0.03125
0 0.45625 0.4765625 0.03125 0.0296875
0 0.4703125 0.5015625 0.03125 0.0328125
0 0.525 0.37109375 0.03125 0.03125
0 0.53359375 0.40078125 0.03125 0.0296875
0 0.4984375 0.4359375 0.03125 0.03125
0 0.63125 0.340625 0.03125 0.03125
0 0.6171875 0.4140625 0.03125 0.0328125
0 0.68203125 0.4625 0.03125 0.03125
0 0.83984375 0.525 0.03125 0.03125
0 0.809375 0.525 0.03125 0.03125
0 0.77734375 0.4921875 0.03125 0.03125
0 0.75625 0.51015625 0.034375 0.0296875
0 0.721875 0.5375 0.0296875 0.03125
0 0.78125 0.53203125 0.034375 0.028125
0 0.7515625 0.53984375 0.03125 0.0296875
0 0.803125 0.56328125 0.03125 0.03125
0 0.77265625 0.559375 0.0328125 0.0296875
0 0.76953125 0.58984375 0.03125 0.0328125
0 0.6859375 0.55546875 0.03125 0.03125
0 0.73828125 0.56953125 0.03125 0.03125
0 0.709375 0.5734375 0.03125 0.028125
0 0.678125 0.58359375 0.0328125 0.03125
0 0.71953125 0.60078125 0.03125 0.03125
0 0.7203125 0.6375 0.034375 0.03125
0 0.6921875 0.61015625 0.03125 0.03125
0 0.6625 0.609375 0.03125 0.0296875
0 0.62265625 0.6203125 0.03125 0.03125
0 0.54921875 0.609375 0.03125 0.034375
0 0.65390625 0.63515625 0.03125 0.03125
0 0.52890625 0.6625 0.03125 0.03125
0 0.59140625 0.6296875 0.03125 0.03125
0 0.55546875 0.646875 0.0328125 0.0296875
0 0.61484375 0.64921875 0.0296875 0.03125
0 0.58203125 0.6609375 0.034375 0.03125
0 0.55625 0.6765625 0.03125 0.03125
0 0.52265625 0.7 0.03125 0.03125
0 0.490625 0.69453125 0.03125 0.03125
0 0.3578125 0.73828125 0.03125 0.034375
0 0.47109375 0.73046875 0.03125 0.03125
0 0.5046875 0.72421875 0.028125 0.03125
0 0.60390625 0.68203125 0.03125 0.03125
0 0.57890625 0.696875 0.0296875 0.03125
0 0.55078125 0.70625 0.03125 0.03125
0 0.53203125 0.73046875 0.03125 0.0328125
0 0.50625 0.75703125 0.03125 0.0375
0 0.66796875 0.67890625 0.03125 0.03125
0 0.6375 0.6828125 0.03125 0.0328125
0 0.6296875 0.7140625 0.03125 0.03125
0 0.6015625 0.7171875 0.03125 0.03125
0 0.5640625 0.7328125 0.03125 0.03125
0 0.5453125 0.75546875 0.028125 0.034375
0 0.69921875 0.7015625 0.034375 0.0328125
0 0.66484375 0.70859375 0.03125 0.0296875
0 0.65 0.73359375 0.034375 0.0328125
0 0.625 0.7484375 0.0328125 0.03125
0 0.58984375 0.74765625 0.03125 0.03125
0 0.54140625 0.78671875 0.03125 0.03125
0 0.5765625 0.7734375 0.03125 0.03125
0 0.5703125 0.80546875 0.034375 0.03125
0 0.609375 0.77265625 0.0328125 0.03125
0 0.603125 0.8015625 0.03125 0.03125
0 0.7078125 0.73515625 0.0328125 0.034375
0 0.68046875 0.7859375 0.03125 0.03125
0 0.63671875 0.796875 0.03125 0.03125
0 0.61953125 0.82890625 0.03125 0.034375
0 0.6625 0.83203125 0.03125 0.034375