0 0.5734375 0.28671875 0.021875 0.01875
0 0.56171875 0.30078125 0.0234375 0.0234375
0 0.51640625 0.2515625 0.021875 0.01875
0 0.5171875 0.23359375 0.021875 0.021875
0 0.50078125 0.24609375 0.021875 0.01875
0 0.496875 0.22734375 0.01875 0.01875
0 0.48515625 0.2421875 0.01875 0.01875
0 0.4671875 0.2484375 0.0234375 0.0234375
0 0.32578125 0.2875 0.0265625 0.0265625
0 0.33515625 0.2484375 0.0234375 0.025
0 0.30078125 0.26875 0.0203125 0.021875
0 0.28828125 0.2890625 0.0203125 0.021875
0 0.27421875 0.28046875 0.021875 0.021875
0 0.2578125 0.28828125 0.0234375 0.0234375
0 0.3125 0.35703125 0.0234375 0.0234375
0 0.278125 0.34375 0.025 0.0234375
0 0.2578125 0.3578125 0.021875 0.01875
0 0.17421875 0.37734375 0.0234375 0.025
0 0.5390625 0.3921875 0.01875 0.021875
0 0.55859375 0.38984375 0.0203125 0.0203125
0 0.54609375 0.375 0.021875 0.021875
0 0.53359375 0.36484375 0.0203125 0.021875
0 0.5140625 0.390625 0.021875 0.021875
0 0.4546875 0.40859375 0.021875 0.0203125
0 0.45078125 0.4234375 0.0203125 0.021875
0 0.4328125 0.43125 0.0234375 0.0234375
0 0.41875 0.41953125 0.0203125 0.021875
0 0.41328125 0.4015625 0.0203125 0.0203125
0 0.4015625 0.4171875 0.0203125 0.021875
0 0.46796875 0.4359375 0.0203125 0.021875
0 0.4515625 0.4421875 0.0234375 0.025
0 0.50625 0.44375 0.0203125 0.021875
0 0.49375 0.45546875 0.021875 0.021875
0 0.47421875 0.46484375 0.0234375 0.0234375
0 0.5109375 0.4671875 0.021875 0.021875
0 0.49375 0.47265625 0.01875 0.0203125
0 0.525 0.459375 0.0203125 0.01875
0 0.50625 0.484375 0.021875 0.021875
0 0.5296875 0.48203125 0.021875 0.01875
0 0.559375 0.4421875 0.0234375 0.025
0 0.51796875 0.4953125 0.01875 0.0203125
0 0.5671875 0.459375 0.0203125 0.01875
0 0.55859375 0.47890625 0.01875 0.021875
0 0.53984375 0.4953125 0.0203125 0.0203125
0 0.57734375 0.47890625 0.01875 0.021875
0 0.5609375 0.49453125 0.021875 0.021875
0 0.540625 0.5125 0.021875 0.021875
0 0.575 0.5078125 0.0203125 0.0203125
0 0.55546875 0.51171875 0.0234375 0.0234375
0 0.57890625 0.5234375 0.0203125 0.021875
0 0.55625 0.52890625 0.01875 0.0203125
0 0.53671875 0.53125 0.0234375 0.021875
0 0.5203125 0.51171875 0.021875 0.021875
0 0.47890625 0.49609375 0.021875 0.021875
0 0.490625 0.5515625 0.0234375 0.0234375
0 0.49609375 0.509375 0.021875 0.021875
0 0.5 0.56640625 0.021875 0.0203125
0 0.91171875 0.45078125 0.01875 0.01875
0 0.90625 0.440625 0.021875 0.021875
0 0.8109375 0.38125 0.021875 0.021875
0 0.825 0.3859375 0.01875 0.0203125
0 0.815625 0.40390625 0.0203125 0.021875
0 0.796875 0.3921875 0.01875 0.0203125
0 0.7828125 0.38828125 0.0203125 0.021875
0 0.8046875 0.4328125 0.021875 0.021875
0 0.784375 0.4234375 0.025 0.0234375
0 0.71171875 0.46171875 0.0203125 0.0234375
0 0.6859375 0.4625 0.0234375 0.0234375
0 0.71484375 0.50625 0.0203125 0.0203125
0 0.84296875 0.54921875 0.021875 0.021875
0 0.803125 0.54375 0.0234375 0.0234375
0 0.5484375 0.60234375 0.021875 0.021875
0 0.7640625 0.60078125 0.0203125 0.021875
0 0.74921875 0.61015625 0.01875 0.021875
0 0.73203125 0.7 0.0234375 0.0234375
0 0.5390625 0.6765625 0.021875 0.01875
0 0.575 0.67421875 0.021875 0.021875
0 0.55390625 0.67109375 0.021875 0.0203125
0 0.54453125 0.69453125 0.025 0.0234375
0 0.578125 0.7046875 0.0234375 0.0234375
0 0.61640625 0.72421875 0.0203125 0.0203125
0 0.5984375 0.709375 0.0203125 0.021875
0 0.58125 0.72109375 0.021875 0.021875
0 0.55078125 0.709375 0.021875 0.021875
0 0.6640625 0.7109375 0.0234375 0.025
0 0.671875 0.7328125 0.0234375 0.0234375
0 0.68984375 0.728125 0.021875 0.021875
0 0.6859375 0.74921875 0.021875 0.0203125
0 0.66875 0.75078125 0.01875 0.0203125
0 0.55859375 0.79375 0.0234375 0.0234375
0 0.5609375 0.76328125 0.0234375 0.0234375
0 0.54921875 0.77734375 0.0234375 0.025
0 0.521875 0.746875 0.0265625 0.025
0 0.16875 0.45546875 0.021875 0.021875
0 0.15390625 0.4640625 0.025 0.025
0 0.16484375 0.52578125 0.01875 0.0203125
0 0.1953125 0.5640625 0.0234375 0.0234375
0 0.21953125 0.584375 0.025 0.021875
0 0.2125 0.56796875 0.0234375 0.0234375
0 0.2078125 0.55 0.021875 0.01875
0 0.22734375 0.5484375 0.021875 0.021875
0 0.2640625 0.57734375 0.021875 0.01875
0 0.28203125 0.625 0.0203125 0.0203125
0 0.29921875 0.63125 0.021875 0.0203125
0 0.29921875 0.6109375 0.0203125 0.021875
0 0.278125 0.60859375 0.025 0.0203125
0 0.3125 0.625 0.01875 0.021875
0 0.3140625 0.64921875 0.01875 0.021875
0 0.2953125 0.65078125 0.021875 0.021875
0 0.32578125 0.66328125 0.0203125 0.01875
0 0.309375 0.6703125 0.01875 0.0203125
0 0.3484375 0.6828125 0.025 0.0234375
0 0.32890625 0.68046875 0.0203125 0.0234375
0 0.365625 0.68671875 0.0203125 0.021875
0 0.34375 0.66640625 0.01875 0.021875
0 0.3328125 0.64765625 0.021875 0.0203125
0 0.36171875 0.66796875 0.01875 0.021875
0 0.3515625 0.6484375 0.01875 0.021875
0 0.38203125 0.678125 0.01875 0.0203125
0 0.3765625 0.659375 0.01875 0.021875
0 0.35390625 0.6296875 0.021875 0.021875
0 0.3328125 0.62890625 0.0203125 0.0203125
0 0.3265625 0.6140625 0.01875 0.021875
0 0.33046875 0.5703125 0.01875 0.021875
0 0.3234375 0.58515625 0.021875 0.021875
0 0.35390625 0.590625 0.0234375 0.025
0 0.38828125 0.590625 0.0203125 0.0203125
0 0.3875 0.6078125 0.0234375 0.0203125
0 0.378125 0.62421875 0.021875 0.021875
0 0.39375 0.65390625 0.021875 0.021875
0 0.38203125 0.64140625 0.021875 0.025
0 0.40703125 0.6703125 0.01875 0.021875
0 0.41171875 0.68984375 0.025 0.0234375
0 0.38515625 0.6953125 0.021875 0.021875
0 0.3703125 0.70546875 0.01875 0.021875
0 0.34453125 0.703125 0.0234375 0.025
0 0.3265625 0.7046875 0.021875 0.021875
0 0.36875 0.725 0.0203125 0.021875
0 0.3578125 0.7421875 0.021875 0.021875
0 0.3359375 0.77578125 0.021875 0.021875
0 0.32109375 0.7671875 0.021875 0.021875
0 0.31953125 0.7421875 0.021875 0.021875
0 0.29375 0.72421875 0.021875 0.01875
0 0.29140625 0.74296875 0.021875 0.021875
0 0.29765625 0.76875 0.021875 0.021875
0 0.26640625 0.7625 0.021875 0.021875
0 0.28359375 0.75859375 0.021875 0.01875
0 0.26953125 0.74375 0.0234375 0.025
0 0.2546875 0.734375 0.021875 0.021875
0 0.23203125 0.73671875 0.025 0.0265625
0 0.06328125 0.55078125 0.028125 0.0328125
0 0.31875 0.4921875 0.021875 0.021875
0 0.85390625 0.73515625 0.0234375 0.0234375
0 0.8578125 0.63359375 0.025 0.025
0 0.88359375 0.678125 0.0265625 0.025
0 0.4140625 0.2765625 0.0203125 0.021875
0 0.26484375 0.4234375 0.021875 0.021875
0 0.403125 0.51796875 0.021875 0.021875
0 0.1796875 0.3265625 0.0265625 0.0265625
0 0.23125 0.2421875 0.0234375 0.025
0 0.40390625 0.21640625 0.021875 0.021875
0 0.73125 0.30625 0.021875 0.021875
0 0.41015625 0.24296875 0.021875 0.021875
0 0.88984375 0.4046875 0.021875 0.021875
0 0.62734375 0.26328125 0.0203125 0.021875
0 0.803125 0.31015625 0.021875 0.021875
0 0.61015625 0.23984375 0.0203125 0.021875
0 0.71953125 0.55625 0.021875 0.021875
0 0.725 0.27421875 0.021875 0.021875
0 0.15234375 0.49140625 0.021875 0.021875
0 0.68984375 0.809375 0.021875 0.021875
0 0.1171875 0.41875 0.0265625 0.0265625
0 0.75703125 0.23125 0.0234375 0.0234375
0 0.746875 0.26171875 0.0203125 0.021875
0 0.6421875 0.55 0.021875 0.021875
0 0.4796875 0.6796875 0.0234375 0.0234375
0 0.7203125 0.2046875 0.0203125 0.021875
0 0.8078125 0.5875 0.0234375 0.025
0 0.78125 0.328125 0.021875 0.021875
0 0.459375 0.575 0.021875 0.021875
0 0.5828125 0.83359375 0.021875 0.021875
0 0.69140625 0.6828125 0.0265625 0.025
0 0.6625 0.39453125 0.0203125 0.021875
0 0.83828125 0.51640625 0.021875 0.021875
0 0.50078125 0.7 0.021875 0.021875
0 0.68671875 0.83359375 0.021875 0.021875
0 0.634375 0.5703125 0.0265625 0.025
0 0.73203125 0.17265625 0.021875 0.021875
0 0.146875 0.515625 0.021875 0.021875
0 0.4796875 0.72109375 0.021875 0.021875
0 0.2546875 0.4 0.021875 0.021875
0 0.2734375 0.38828125 0.021875 0.021875
0 0.4671875 0.69609375 0.021875 0.021875
0 0.62109375 0.82734375 0.021875 0.021875
0 0.771875 0.715625 0.0234375 0.025
0 0.5421875 0.62734375 0.021875 0.021875
0 0.2125 0.7296875 0.021875 0.021875
0 0.75078125 0.7796875 0.0234375 0.0234375
0 0.48515625 0.403125 0.0203125 0.021875
0 0.85703125 0.3796875 0.021875 0.021875
0 0.146875 0.740625 0.0234375 0.0234375
0 0.734375 0.23203125 0.0203125 0.01875
0 0.72265625 0.18671875 0.021875 0.021875
0 0.76953125 0.56953125 0.0234375 0.0234375
0 0.44375 0.509375 0.021875 0.021875
0 0.3703125 0.4234375 0.021875 0.021875
0 0.1328125 0.4078125 0.0265625 0.025
0 0.459375 0.48828125 0.021875 0.021875
0 0.5640625 0.63671875 0.0234375 0.0234375
0 0.2265625 0.759375 0.021875 0.021875
0 0.56640625 0.61875 0.021875 0.021875
0 0.73203125 0.5828125 0.021875 0.021875
0 0.71953125 0.68515625 0.021875 0.021875
0 0.15078125 0.42265625 0.021875 0.021875
0 0.61484375 0.84765625 0.0234375 0.0234375
0 0.8546875 0.41484375 0.021875 0.021875
0 0.48671875 0.57890625 0.021875 0.021875
0 0.17734375 0.35703125 0.021875 0.021875
0 0.175 0.4171875 0.021875 0.021875
0 0.7515625 0.4953125 0.021875 0.021875
0 0.24921875 0.371875 0.0234375 0.0234375
0 0.3265625 0.334375 0.021875 0.021875
0 0.15859375 0.3671875 0.021875 0.021875
0 0.6 0.3421875 0.021875 0.021875
0 0.553125 0.5859375 0.021875 0.021875
0 0.6953125 0.340625 0.021875 0.021875
0 0.859375 0.35234375 0.021875 0.021875
0 0.86328125 0.52109375 0.0265625 0.025
0 0.7546875 0.35078125 0.021875 0.021875
0 0.78515625 0.578125 0.021875 0.021875
0 0.43828125 0.25 0.021875 0.021875
0 0.3484375 0.375 0.021875 0.021875
0 0.3890625 0.4046875 0.021875 0.021875
0 0.17890625 0.39765625 0.021875 0.021875
0 0.1625 0.75078125 0.0203125 0.021875
0 0.78359375 0.6328125 0.021875 0.021875
0 0.56328125 0.83359375 0.0234375 0.0234375
0 0.72265625 0.72265625 0.021875 0.021875
0 0.21640625 0.33984375 0.021875 0.021875
0 0.6578125 0.69375 0.021875 0.021875
0 0.76953125 0.65625 0.021875 0.021875
0 0.75 0.72421875 0.0234375 0.025
0 0.571875 0.2375 0.0203125 0.021875
0 0.6953125 0.4453125 0.021875 0.021875
0 0.59609375 0.28203125 0.021875 0.021875
0 0.41015625 0.71015625 0.021875 0.021875
0 0.6890625 0.3921875 0.021875 0.021875
0 0.5609375 0.8140625 0.021875 0.021875
0 0.60234375 0.36015625 0.021875 0.021875
0 0.45390625 0.39140625 0.021875 0.021875
0 0.42734375 0.5 0.021875 0.021875
0 0.57421875 0.25625 0.0203125 0.021875
0 0.4796875 0.22734375 0.021875 0.021875
0 0.85390625 0.5390625 0.021875 0.021875
0 0.75390625 0.47734375 0.021875 0.021875
0 0.55703125 0.34296875 0.021875 0.021875
0 0.6578125 0.765625 0.021875 0.021875
0 0.46875 0.52421875 0.021875 0.021875
0 0.3578125 0.7640625 0.021875 0.021875
0 0.3234375 0.38984375 0.021875 0.021875
0 0.78125 0.60546875 0.021875 0.021875
0 0.284375 0.25625 0.0234375 0.0234375
0 0.73828125 0.746875 0.0234375 0.0234375
0 0.45234375 0.2625 0.021875 0.021875
0 0.525 0.2203125 0.021875 0.021875
0 0.52265625 0.79296875 0.021875 0.021875
0 0.83125 0.56484375 0.021875 0.021875
0 0.665625 0.36640625 0.021875 0.021875
0 0.64921875 0.8546875 0.0234375 0.0234375
0 0.84140625 0.36171875 0.021875 0.021875
0 0.15234375 0.440625 0.025 0.0234375
0 0.4734375 0.559375 0.021875 0.021875
0 0.23984375 0.6125 0.025 0.0234375
0 0.1359375 0.46328125 0.021875 0.021875
0 0.68359375 0.76640625 0.021875 0.021875
0 0.73125 0.428125 0.021875 0.021875
0 0.34296875 0.23203125 0.0234375 0.021875
0 0.21953125 0.31953125 0.021875 0.021875
0 0.66484375 0.84453125 0.021875 0.021875
0 0.51015625 0.7640625 0.0234375 0.0234375
0 0.346875 0.39453125 0.021875 0.021875
0 0.68203125 0.709375 0.021875 0.021875
0 0.265625 0.63828125 0.025 0.0265625
0 0.61953125 0.7046875 0.0234375 0.0234375
0 0.42578125 0.3890625 0.021875 0.021875
0 0.25546875 0.778125 0.021875 0.021875
0 0.596875 0.553125 0.021875 0.021875
0 0.75 0.69296875 0.021875 0.021875
0 0.26953125 0.32734375 0.021875 0.021875
0 0.73046875 0.24453125 0.0234375 0.025
0 0.8359375 0.403125 0.0234375 0.0234375
0 0.54453125 0.4140625 0.021875 0.021875
0 0.734375 0.765625 0.021875 0.021875
0 0.60078125 0.7484375 0.021875 0.021875
0 0.284375 0.5609375 0.0265625 0.025
0 0.6875 0.3578125 0.021875 0.021875
0 0.5734375 0.5703125 0.021875 0.021875
0 0.17578125 0.54375 0.0234375 0.0234375
0 0.5890625 0.57734375 0.021875 0.021875
0 0.5046875 0.72265625 0.021875 0.021875
0 0.56875 0.31796875 0.0203125 0.0203125
0 0.5015625 0.73984375 0.021875 0.021875
0 0.60625 0.56640625 0.021875 0.021875
0 0.50859375 0.2171875 0.0203125 0.021875
0 0.71796875 0.7578125 0.0234375 0.0234375
0 0.6765625 0.5 0.021875 0.021875
0 0.30703125 0.575 0.021875 0.021875
0 0.81953125 0.53828125 0.021875 0.021875
0 0.78359375 0.36171875 0.021875 0.021875
0 0.7484375 0.38671875 0.021875 0.021875
0 0.71953125 0.4890625 0.021875 0.021875
0 0.24921875 0.56171875 0.021875 0.021875
0 0.25859375 0.34140625 0.0234375 0.0234375
0 0.51484375 0.33203125 0.0203125 0.021875
0 0.29140625 0.3078125 0.021875 0.021875
0 0.52890625 0.40625 0.01875 0.021875
0 0.32578125 0.36796875 0.021875 0.021875
0 0.821875 0.43359375 0.0234375 0.0234375
0 0.31171875 0.32109375 0.0234375 0.0234375
0 0.69609375 0.5125 0.021875 0.021875
0 0.24609375 0.753125 0.021875 0.021875
0 0.5140625 0.2859375 0.021875 0.021875
0 0.55703125 0.36328125 0.021875 0.021875
0 0.29609375 0.36796875 0.021875 0.0203125
0 0.50625 0.35390625 0.0203125 0.021875
0 0.771875 0.475 0.021875 0.021875
0 0.2609375 0.26328125 0.021875 0.021875
0 0.22265625 0.60078125 0.021875 0.021875
0 0.59453125 0.675 0.021875 0.021875
0 0.21875 0.53203125 0.0234375 0.0234375
0 0.2796875 0.590625 0.0234375 0.0234375
0 0.3890625 0.43046875 0.021875 0.01875
0 0.196875 0.58203125 0.0234375 0.0234375
0 0.50703125 0.26796875 0.021875 0.021875
0 0.7640625 0.37421875 0.021875 0.021875
0 0.234375 0.3328125 0.021875 0.021875
0 0.796875 0.41640625 0.021875 0.021875
0 0.3140625 0.26015625 0.021875 0.021875
0 0.50703125 0.3125 0.021875 0.021875
0 0.2671875 0.5578125 0.0234375 0.0234375
0 0.19765625 0.53359375 0.025 0.0234375
0 0.43125 0.40625 0.021875 0.021875
0 0.55703125 0.2484375 0.021875 0.021875
0 0.5421875 0.796875 0.021875 0.021875
0 0.75546875 0.6453125 0.021875 0.021875
0 0.2421875 0.31171875 0.0234375 0.0234375
0 0.728125 0.471875 0.021875 0.021875
0 0.76640625 0.41484375 0.021875 0.021875
0 0.55390625 0.54609375 0.021875 0.021875
0 0.734375 0.6015625 0.021875 0.021875
0 0.553125 0.73046875 0.021875 0.021875
0 0.30625 0.7546875 0.021875 0.021875
0 0.8125 0.559375 0.021875 0.021875
0 0.74375 0.44140625 0.0234375 0.0234375
0 0.328125 0.26953125 0.021875 0.021875
0 0.67890625 0.378125 0.021875 0.021875
0 0.7703125 0.61953125 0.021875 0.021875
0 0.3484375 0.57265625 0.021875 0.021875
0 0.3390625 0.75234375 0.021875 0.021875
0 0.53203125 0.771875 0.0234375 0.0234375
0 0.5265625 0.7015625 0.021875 0.021875
0 0.82421875 0.346875 0.021875 0.021875
0 0.5640625 0.74609375 0.021875 0.021875
0 0.7734375 0.45625 0.021875 0.021875
0 0.37109375 0.5875 0.021875 0.021875
0 0.3140625 0.69375 0.021875 0.021875
0 0.31328125 0.60078125 0.0265625 0.025
0 0.50078125 0.29609375 0.021875 0.021875
0 0.57265625 0.78046875 0.021875 0.021875
0 0.24609375 0.27578125 0.021875 0.021875
0 0.56953125 0.540625 0.021875 0.021875
0 0.54140625 0.75390625 0.0234375 0.0234375
0 0.31328125 0.71953125 0.021875 0.021875
0 0.68125 0.4828125 0.021875 0.021875
0 0.5640625 0.690625 0.021875 0.021875
0 0.4703125 0.54375 0.021875 0.021875
0 0.5703125 0.37734375 0.021875 0.021875
0 0.4578125 0.46171875 0.0203125 0.0203125
0 0.64453125 0.70625 0.021875 0.021875
0 0.7015625 0.475 0.021875 0.021875
0 0.69375 0.49453125 0.021875 0.021875
0 0.50625 0.375 0.021875 0.021875
0 0.55546875 0.2828125 0.021875 0.021875
0 0.80234375 0.34765625 0.021875 0.021875
0 0.30390625 0.2875 0.021875 0.021875
0 0.81640625 0.365625 0.021875 0.021875
0 0.74765625 0.40546875 0.021875 0.021875
0 0.31328125 0.30390625 0.025 0.0234375
0 0.36328125 0.6140625 0.021875 0.021875
0 0.59765625 0.72890625 0.021875 0.021875
0 0.75 0.62890625 0.021875 0.021875
0 0.790625 0.44609375 0.021875 0.021875
0 0.52109375 0.684375 0.021875 0.021875
0 0.75390625 0.42734375 0.021875 0.021875
0 0.77421875 0.440625 0.021875 0.021875
0 0.5921875 0.69375 0.021875 0.021875