0 0.86328125 0.44140625 0.0359375 0.03125
0 0.828125 0.45 0.034375 0.0296875
0 0.5515625 0.3828125 0.040625 0.0328125
0 0.56328125 0.453125 0.04375 0.0359375
0 0.62578125 0.4765625 0.04375 0.0328125
0 0.5640625 0.48828125 0.0375 0.0328125
0 0.546875 0.51015625 0.040625 0.0328125
0 0.54921875 0.5390625 0.040625 0.034375
0 0.49921875 0.48203125 0.04375 0.0328125
0 0.49296875 0.51015625 0.0375 0.0328125
0 0.47421875 0.4625 0.0390625 0.0359375
0 0.428125 0.42890625 0.0421875 0.0359375
0 0.4203125 0.4578125 0.0375 0.0328125
0 0.38359375 0.465625 0.040625 0.0328125
0 0.40078125 0.49453125 0.04375 0.0328125
0 0.43828125 0.48515625 0.0390625 0.0296875
0 0.4578125 0.5109375 0.0375 0.0296875
0 0.44296875 0.53515625 0.034375 0.03125
0 0.48046875 0.53671875 0.0375 0.0328125
0 0.5140625 0.53984375 0.040625 0.0328125
0 0.53671875 0.56328125 0.0390625 0.03125
0 0.3234375 0.46796875 0.040625 0.0328125
0 0.359375 0.484375 0.040625 0.034375
0 0.36875 0.51640625 0.04375 0.0328125
0 0.40625 0.525 0.0390625 0.0328125
0 0.415625 0.55546875 0.0375 0.0359375
0 0.4640625 0.56328125 0.034375 0.03125
0 0.44375 0.56796875 0.021875 0.0265625
0 0.49609375 0.5703125 0.034375 0.03125
0 0.49921875 0.60625 0.0375 0.03125
0 0.46875 0.5921875 0.040625 0.0296875
0 0.5640625 0.59921875 0.0390625 0.0328125
0 0.52578125 0.5890625 0.0375 0.0328125
0 0.571875 0.57109375 0.0375 0.0296875
0 0.5890625 0.54453125 0.0375 0.0328125
0 0.63515625 0.5515625 0.040625 0.0296875
0 0.71328125 0.6296875 0.0359375 0.034375
0 0.559375 0.62578125 0.0375 0.0296875
0 0.21953125 0.47578125 0.046875 0.0390625
0 0.340625 0.5375 0.040625 0.0359375
0 0.37578125 0.55234375 0.04375 0.0328125
0 0.39375 0.5796875 0.040625 0.0359375
0 0.4296875 0.5890625 0.0375 0.028125
0 0.35625 0.584375 0.04375 0.0359375
0 0.2328125 0.540625 0.046875 0.0328125
0 0.28203125 0.5421875 0.040625 0.0375
0 0.31796875 0.56953125 0.040625 0.0375
0 0.234375 0.57421875 0.0453125 0.0359375
0 0.275 0.57421875 0.04375 0.0375
0 0.30859375 0.60625 0.040625 0.0359375
0 0.38359375 0.609375 0.0375 0.0328125
0 0.3390625 0.621875 0.040625 0.0328125
0 0.37734375 0.63671875 0.040625 0.0359375
0 0.415625 0.6265625 0.0375 0.034375
0 0.4484375 0.61484375 0.0390625 0.0328125
0 0.48046875 0.63046875 0.0421875 0.0328125
0 0.51640625 0.628125 0.034375 0.028125
0 0.540625 0.65 0.0359375 0.0296875
0 0.57265625 0.66015625 0.034375 0.03125
0 0.50078125 0.65546875 0.0375 0.034375
0 0.52421875 0.675 0.034375 0.0296875
0 0.55546875 0.68984375 0.0421875 0.0359375
0 0.46171875 0.6609375 0.034375 0.03125
0 0.490625 0.68203125 0.0375 0.0328125
0 0.45546875 0.69375 0.0359375 0.034375
0 0.490625 0.71328125 0.0390625 0.0328125
0 0.54609375 0.7171875 0.0359375 0.0296875
0 0.440625 0.71875 0.034375 0.03125
0 0.471875 0.73671875 0.0390625 0.0328125
0 0.5 0.75234375 0.040625 0.0328125
0 0.53828125 0.759375 0.0390625 0.03125
0 0.57109375 0.78046875 0.040625 0.0328125
0 0.3390625 0.65390625 0.040625 0.0390625
0 0.26171875 0.60859375 0.040625 0.034375
0 0.29765625 0.6515625 0.0390625 0.0359375
0 0.225 0.66796875 0.0453125 0.0421875
0 0.26015625 0.6875 0.046875 0.0359375
0 0.22734375 0.71640625 0.040625 0.0375
0 0.28359375 0.71640625 0.0453125 0.0390625
0 0.3140625 0.68984375 0.04375 0.0359375
0 0.3640625 0.69453125 0.0421875 0.0359375
0 0.2609375 0.78203125 0.046875 0.0390625
0 0.43125 0.76640625 0.0421875 0.0390625
0 0.47578125 0.77578125 0.040625 0.0359375
0 0.5171875 0.78984375 0.040625 0.034375
0 0.53984375 0.81171875 0.0359375 0.0328125
0 0.571875 0.8296875 0.0421875 0.0390625
0 0.45546875 0.8046875 0.04375 0.0375
0 0.49921875 0.81640625 0.0421875 0.0328125
0 0.51875 0.84296875 0.0421875 0.0359375
0 0.42109375 0.8203125 0.040625 0.0359375
0 0.5078125 0.87265625 0.040625 0.0359375
0 0.3890625 0.74453125 0.040625 0.0359375
0 0.403125 0.7171875 0.040625 0.0328125
0 0.415625 0.675 0.0375 0.0359375
0 0.42734375 0.653125 0.0390625 0.0265625
0 0.3875 0.66875 0.03125 0.03125
0 0.4171875 0.69453125 0.0390625 0.0234375
0 0.8609375 0.4109375 0.0375 0.0328125