0 0.54453125 0.246875 0.0359375 0.0421875
0 0.5375 0.2765625 0.034375 0.0375
0 0.5125 0.1765625 0.0359375 0.046875
0 0.55390625 0.30625 0.0328125 0.0390625
0 0.49296875 0.240625 0.0359375 0.0375
0 0.4953125 0.20546875 0.0359375 0.0390625
0 0.5109375 0.265625 0.0359375 0.040625
0 0.6859375 0.4625 0.0328125 0.0390625
0 0.6671875 0.42734375 0.0375 0.04375
0 0.65234375 0.38984375 0.0375 0.04375
0 0.6109375 0.3828125 0.0390625 0.04375
0 0.5921875 0.34765625 0.0375 0.046875
0 0.56015625 0.3390625 0.0328125 0.0390625
0 0.53203125 0.3203125 0.0328125 0.0390625
0 0.45546875 0.221875 0.034375 0.0421875
0 0.50859375 0.2984375 0.0328125 0.0359375
0 0.453125 0.2546875 0.0328125 0.0390625
0 0.43203125 0.19296875 0.034375 0.0421875
0 0.4734375 0.27421875 0.034375 0.034375
0 0.4203125 0.2375 0.0328125 0.0390625
0 0.45546875 0.29140625 0.0328125 0.0359375
0 0.4359375 0.26875 0.0328125 0.0390625
0 0.5640625 0.38515625 0.0359375 0.040625
0 0.6578125 0.5 0.0375 0.0453125
0 0.63125 0.5109375 0.0375 0.04375
0 0.58515625 0.45703125 0.0328125 0.0390625
0 0.5828125 0.41640625 0.034375 0.0421875
0 0.48515625 0.3046875 0.0328125 0.0390625
0 0.60078125 0.52578125 0.0328125 0.0390625
0 0.55546875 0.45390625 0.0359375 0.040625
0 0.50546875 0.3359375 0.0328125 0.0390625
0 0.575 0.51953125 0.0296875 0.0390625
0 0.48125 0.3359375 0.034375 0.040625
0 0.56796875 0.5484375 0.0328125 0.0390625
0 0.4609375 0.33828125 0.0296875 0.0359375
0 0.54375 0.50625 0.0328125 0.0390625
0 0.44375 0.3171875 0.0328125 0.0359375
0 0.48515625 0.3703125 0.0328125 0.0390625
0 0.42109375 0.30234375 0.03125 0.0375
0 0.4515625 0.36484375 0.0328125 0.0359375
0 0.4125 0.26875 0.034375 0.0421875
0 0.4734375 0.403125 0.028125 0.0328125
0 0.43515625 0.34453125 0.028125 0.0328125
0 0.48203125 0.43671875 0.0328125 0.0390625
0 0.41171875 0.33515625 0.0296875 0.0390625
0 0.45390625 0.421875 0.0328125 0.0390625
0 0.3859375 0.35390625 0.03125 0.0359375
0 0.46328125 0.478125 0.03125 0.0390625
0 0.48671875 0.50625 0.0328125 0.0359375
0 0.46328125 0.51171875 0.03125 0.0359375
0 0.5078125 0.54921875 0.03125 0.0359375
0 0.4765625 0.54140625 0.0296875 0.0359375
0 0.4484375 0.53203125 0.0296875 0.0359375
0 0.46171875 0.5578125 0.0296875 0.0359375
0 0.4328125 0.56796875 0.0328125 0.0390625
0 0.4765625 0.58671875 0.03125 0.034375
0 0.45078125 0.584375 0.028125 0.034375
0 0.48984375 0.61484375 0.0296875 0.0390625
0 0.4671875 0.61328125 0.0296875 0.0359375
0 0.5046875 0.64921875 0.0296875 0.0390625
0 0.484375 0.64765625 0.0265625 0.034375
0 0.459375 0.6375 0.0265625 0.034375
0 0.4421875 0.61171875 0.0296875 0.034375
0 0.475 0.66640625 0.0265625 0.034375
0 0.4453125 0.65390625 0.028125 0.034375
0 0.47265625 0.7140625 0.03125 0.0375
0 0.45859375 0.68359375 0.03125 0.0359375
0 0.49453125 0.7203125 0.0296875 0.0359375
0 0.44140625 0.7078125 0.03125 0.034375
0 0.45859375 0.734375 0.028125 0.034375
0 0.48671875 0.75234375 0.0296875 0.0359375
0 0.43828125 0.74140625 0.028125 0.0328125
0 0.4171875 0.72734375 0.0296875 0.0328125
0 0.425 0.76328125 0.03125 0.0421875
0 0.45859375 0.76328125 0.028125 0.0375
0 0.4796875 0.77734375 0.0296875 0.0359375
0 0.51953125 0.8 0.0328125 0.0390625
0 0.48671875 0.8125 0.025 0.03125
0 0.46640625 0.7953125 0.028125 0.034375
0 0.4421875 0.7828125 0.03125 0.0359375
0 0.47578125 0.8328125 0.0265625 0.034375
0 0.4515625 0.81640625 0.0296875 0.0359375
0 0.46875 0.86015625 0.025 0.03125
0 0.44609375 0.83984375 0.0296875 0.0359375
0 0.4734375 0.8953125 0.0296875 0.0390625
0 0.55234375 0.9375 0.0328125 0.040625
0 0.4265625 0.88828125 0.028125 0.034375
0 0.4046875 0.88984375 0.028125 0.0359375
0 0.51953125 0.93203125 0.03125 0.0390625
0 0.42109375 0.91328125 0.028125 0.034375
0 0.4953125 0.95546875 0.028125 0.034375
0 0.4296875 0.9390625 0.0296875 0.0359375
0 0.48046875 0.97421875 0.0265625 0.0375
0 0.4515625 0.9640625 0.0296875 0.0375
0 0.4109375 0.94375 0.0265625 0.034375
0 0.3921875 0.925 0.028125 0.0328125
0 0.3859375 0.89765625 0.0265625 0.03125
0 0.6453125 0.45625 0.0375 0.0375
0 0.653125 0.471875 0.0328125 0.028125