0 0.39296875 0.45078125 0.0109375 0.0140625
0 0.4015625 0.4484375 0.0109375 0.0140625
0 0.4015625 0.46328125 0.0109375 0.0125
0 0.39609375 0.471875 0.0109375 0.0125
0 0.40859375 0.471875 0.0109375 0.0140625
0 0.4171875 0.48203125 0.0109375 0.0140625
0 0.41796875 0.43671875 0.0109375 0.0140625
0 0.4171875 0.45 0.0109375 0.0140625
0 0.475 0.5296875 0.009375 0.0125
0 0.4515625 0.52421875 0.0109375 0.0140625
0 0.45703125 0.534375 0.0109375 0.0140625
0 0.46640625 0.534375 0.0109375 0.0125
0 0.45078125 0.5453125 0.0109375 0.0140625
0 0.46328125 0.55234375 0.0109375 0.0140625
0 0.44375 0.5171875 0.0109375 0.0140625
0 0.440625 0.48828125 0.009375 0.0125
0 0.434375 0.51484375 0.0109375 0.0125
0 0.43203125 0.4859375 0.0109375 0.0109375
0 0.44609375 0.47890625 0.0109375 0.0125
0 0.45 0.50234375 0.0109375 0.0140625
0 0.46640625 0.50703125 0.0109375 0.0140625
0 0.47421875 0.50390625 0.0109375 0.0125
0 0.484375 0.52890625 0.009375 0.0109375
0 0.4859375 0.540625 0.0109375 0.0125
0 0.4984375 0.53125 0.0109375 0.0125
0 0.5046875 0.5171875 0.0109375 0.0140625
0 0.51171875 0.52734375 0.0109375 0.0140625
0 0.50078125 0.50703125 0.0109375 0.0140625
0 0.5140625 0.5125 0.0109375 0.0140625
0 0.51015625 0.45234375 0.0109375 0.0140625
0 0.51328125 0.4671875 0.0109375 0.0140625
0 0.5234375 0.465625 0.0109375 0.0140625
0 0.52890625 0.52421875 0.0109375 0.0140625
0 0.55234375 0.5015625 0.0109375 0.0140625
0 0.5484375 0.515625 0.0109375 0.0140625
0 0.55546875 0.48984375 0.0109375 0.0140625
0 0.56328125 0.5109375 0.0109375 0.0125
0 0.571875 0.51875 0.0109375 0.0140625
0 0.59921875 0.51875 0.0109375 0.0140625
0 0.52890625 0.42734375 0.0109375 0.0125
0 0.54296875 0.43671875 0.0109375 0.0140625
0 0.5515625 0.4453125 0.0109375 0.015625
0 0.60078125 0.47109375 0.0109375 0.0140625
0 0.59296875 0.43984375 0.0109375 0.0140625
0 0.59921875 0.453125 0.0109375 0.0140625
0 0.60703125 0.46171875 0.0109375 0.0140625
0 0.63046875 0.4203125 0.0109375 0.0140625
0 0.63828125 0.43046875 0.0109375 0.0140625
0 0.61953125 0.35546875 0.0140625 0.015625
0 0.59921875 0.33671875 0.0109375 0.0140625
0 0.60625 0.34609375 0.0109375 0.0140625
0 0.58984375 0.32734375 0.0109375 0.015625
0 0.5921875 0.34609375 0.0109375 0.0140625
0 0.56875 0.31796875 0.0109375 0.0140625
0 0.58515625 0.378125 0.0109375 0.0140625
0 0.48125 0.425 0.0109375 0.0109375
0 0.48515625 0.43671875 0.009375 0.0125
0 0.49453125 0.43828125 0.0109375 0.0140625
0 0.47421875 0.41484375 0.0109375 0.0140625
0 0.48359375 0.4140625 0.0109375 0.0125
0 0.4703125 0.4 0.0109375 0.0140625
0 0.47890625 0.4015625 0.0109375 0.0140625
0 0.48828125 0.4046875 0.0109375 0.0140625
0 0.49296875 0.42421875 0.0109375 0.0109375
0 0.503125 0.415625 0.0109375 0.0140625
0 0.4890625 0.38984375 0.0109375 0.0125
0 0.496875 0.4 0.0109375 0.0140625
0 0.52265625 0.40390625 0.0109375 0.0140625
0 0.5515625 0.375 0.0109375 0.0140625
0 0.53515625 0.31015625 0.0109375 0.0140625
0 0.54921875 0.3328125 0.0109375 0.0140625
0 0.53828125 0.3671875 0.0109375 0.0140625
0 0.525 0.38359375 0.009375 0.0109375
0 0.51484375 0.3953125 0.0109375 0.0125
0 0.5078125 0.371875 0.0109375 0.0140625
0 0.50078125 0.38125 0.0109375 0.0125
0 0.5140625 0.3828125 0.0109375 0.0109375
0 0.4984375 0.36875 0.0109375 0.0109375
0 0.4921875 0.37890625 0.0109375 0.0125
0 0.509375 0.3609375 0.0109375 0.0140625
0 0.51484375 0.3140625 0.0109375 0.0125
0 0.509375 0.34921875 0.0109375 0.0125
0 0.5 0.3359375 0.0109375 0.0140625
0 0.4890625 0.3515625 0.0109375 0.0140625
0 0.49921875 0.35078125 0.009375 0.009375
0 0.4984375 0.3578125 0.009375 0.009375
0 0.49375 0.325 0.0109375 0.0140625
0 0.48984375 0.3359375 0.0109375 0.0140625
0 0.48203125 0.340625 0.0109375 0.0140625
0 0.48125 0.3140625 0.0109375 0.0140625
0 0.4828125 0.32734375 0.009375 0.0125
0 0.47421875 0.3328125 0.0109375 0.0140625
0 0.44140625 0.34609375 0.0109375 0.0140625
0 0.46484375 0.33125 0.0109375 0.0140625
0 0.46328125 0.378125 0.0109375 0.0140625
0 0.471875 0.37109375 0.0109375 0.0140625
0 0.47421875 0.38359375 0.009375 0.0125
0 0.4703125 0.3875 0.0078125 0.0125
0 0.48046875 0.3796875 0.0078125 0.009375