0 0.75078125 0.190625 0.0296875 0.0328125
0 0.7671875 0.246875 0.028125 0.028125
0 0.79765625 0.2734375 0.02734375 0.028125
0 0.7484375 0.3 0.0265625 0.028125
0 0.765625 0.32890625 0.02890625 0.0296875
0 0.75390625 0.38125 0.028125 0.028125
0 0.74375 0.425 0.02734375 0.0265625
0 0.725 0.40078125 0.02734375 0.0265625
0 0.7171875 0.4265625 0.0265625 0.0265625
0 0.70078125 0.39375 0.02578125 0.02734375
0 0.68125 0.37265625 0.0234375 0.0265625
0 0.68828125 0.34765625 0.02578125 0.02578125
0 0.709375 0.36875 0.028125 0.0234375
0 0.71640625 0.34375 0.02578125 0.025
0 0.71796875 0.31796875 0.02578125 0.02578125
0 0.70703125 0.2953125 0.02578125 0.025
0 0.7140625 0.22890625 0.02578125 0.02578125
0 0.69609375 0.24921875 0.0265625 0.025
0 0.69140625 0.27421875 0.028125 0.025
0 0.6828125 0.296875 0.02421875 0.02578125
0 0.6875 0.321875 0.0265625 0.025
0 0.6328125 0.290625 0.02578125 0.028125
0 0.65703125 0.2984375 0.025 0.02890625
0 0.65859375 0.328125 0.0265625 0.0265625
0 0.61484375 0.30859375 0.02578125 0.028125
0 0.63203125 0.32734375 0.0265625 0.02734375
0 0.6578125 0.35390625 0.0265625 0.02578125
0 0.60546875 0.340625 0.025 0.0296875
0 0.63125 0.359375 0.02734375 0.0234375
0 0.65625 0.37890625 0.025 0.02734375
0 0.62578125 0.38515625 0.028125 0.02734375
0 0.67265625 0.4 0.028125 0.0265625
0 0.6453125 0.40625 0.025 0.028125
0 0.6734375 0.42578125 0.02578125 0.0265625
0 0.6859375 0.45234375 0.028125 0.0296875
0 0.71484375 0.45390625 0.0296875 0.028125
0 0.73203125 0.478125 0.02734375 0.028125
0 0.72265625 0.509375 0.02890625 0.03125
0 0.6421875 0.43828125 0.028125 0.02890625
0 0.628125 0.459375 0.02578125 0.0265625
0 0.66015625 0.47578125 0.02578125 0.02890625
0 0.6890625 0.4796875 0.03125 0.0265625
0 0.68515625 0.5078125 0.025 0.028125
0 0.634375 0.4828125 0.025 0.02578125
0 0.65859375 0.51015625 0.0265625 0.0296875
0 0.6984375 0.5375 0.0265625 0.0296875
0 0.72734375 0.5484375 0.028125 0.0296875
0 0.709375 0.56953125 0.02578125 0.03125
0 0.67578125 0.546875 0.0265625 0.0265625
0 0.6796875 0.57421875 0.025 0.028125
0 0.61875 0.41015625 0.02734375 0.02578125
0 0.61171875 0.43671875 0.02734375 0.02734375
0 0.59453125 0.45234375 0.02421875 0.0265625
0 0.60703125 0.475 0.0265625 0.02734375
0 0.6140625 0.5 0.02421875 0.0265625
0 0.63046875 0.525 0.025 0.02578125
0 0.6171875 0.54765625 0.0265625 0.03046875
0 0.64921875 0.5453125 0.02578125 0.02734375
0 0.64296875 0.57109375 0.02578125 0.0265625
0 0.66171875 0.5921875 0.02578125 0.0265625
0 0.67109375 0.61640625 0.02734375 0.028125
0 0.5328125 0.34765625 0.028125 0.03203125
0 0.5390625 0.421875 0.025 0.02890625
0 0.5703125 0.43359375 0.02421875 0.028125
0 0.56953125 0.46328125 0.025 0.03046875
0 0.5859375 0.49375 0.02578125 0.0234375
0 0.59140625 0.51875 0.02578125 0.02578125
0 0.5765625 0.5390625 0.0265625 0.02734375
0 0.55859375 0.49453125 0.02734375 0.028125
0 0.5390625 0.4609375 0.02734375 0.028125
0 0.5296875 0.4859375 0.02734375 0.02890625
0 0.4921875 0.48828125 0.02734375 0.03203125
0 0.525 0.51484375 0.0265625 0.02890625
0 0.54609375 0.53125 0.0265625 0.02734375
0 0.4796875 0.53203125 0.02578125 0.0296875
0 0.5234375 0.54296875 0.028125 0.0265625
0 0.52578125 0.56953125 0.0296875 0.0265625
0 0.590625 0.565625 0.02578125 0.02890625
0 0.6109375 0.58828125 0.02890625 0.028125
0 0.6390625 0.61953125 0.03125 0.0296875
0 0.55546875 0.584375 0.02578125 0.028125
0 0.58046875 0.6 0.0265625 0.03203125
0 0.60625 0.6203125 0.02578125 0.0296875
0 0.57734375 0.63359375 0.028125 0.02890625
0 0.5328125 0.60078125 0.02890625 0.0265625
0 0.54296875 0.62578125 0.02578125 0.02734375
0 0.5421875 0.65390625 0.0296875 0.02890625
0 0.5046875 0.63671875 0.02734375 0.0265625
0 0.4796875 0.603125 0.03359375 0.028125
0 0.45703125 0.621875 0.02578125 0.02734375
0 0.47265625 0.6453125 0.0265625 0.0296875
0 0.40859375 0.47265625 0.03125 0.03203125
0 0.4140625 0.5359375 0.03125 0.03359375
0 0.33359375 0.5703125 0.0296875 0.03046875
0 0.3890625 0.6109375 0.0296875 0.03359375
0 0.29765625 0.5921875 0.0265625 0.03046875
0 0.28671875 0.63203125 0.02890625 0.0328125
0 0.284375 0.6828125 0.03046875 0.03203125
0 0.48984375 0.71328125 0.02734375 0.0328125
0 0.83359375 0.2109375 0.03125 0.028125