0 0.5140625 0.94140625 0.0296875 0.0296875
0 0.53203125 0.91875 0.02734375 0.0296875
0 0.5125 0.90078125 0.03203125 0.0328125
0 0.5671875 0.90625 0.03203125 0.03046875
0 0.54296875 0.89296875 0.025 0.03203125
0 0.55234375 0.86640625 0.02578125 0.0328125
0 0.525 0.871875 0.02734375 0.0265625
0 0.49765625 0.8625 0.02890625 0.03046875
0 0.47421875 0.87734375 0.028125 0.028125
0 0.5796875 0.871875 0.028125 0.02890625
0 0.57734375 0.84609375 0.02734375 0.02734375
0 0.56328125 0.821875 0.02578125 0.02734375
0 0.5375 0.8421875 0.028125 0.0296875
0 0.5125 0.8359375 0.02734375 0.0296875
0 0.528125 0.815625 0.02890625 0.02890625
0 0.48203125 0.8296875 0.02734375 0.0296875
0 0.49375 0.80546875 0.02890625 0.03046875
0 0.4546875 0.81875 0.02734375 0.02890625
0 0.4296875 0.809375 0.02734375 0.02890625
0 0.440625 0.78359375 0.03046875 0.02890625
0 0.4046875 0.78828125 0.02734375 0.03203125
0 0.34921875 0.81484375 0.0296875 0.0296875
0 0.32578125 0.790625 0.028125 0.0296875
0 0.3203125 0.75703125 0.028125 0.03125
0 0.30625 0.7296875 0.03203125 0.03125
0 0.33671875 0.71328125 0.02890625 0.03046875
0 0.35859375 0.68203125 0.0265625 0.02890625
0 0.33046875 0.67578125 0.0296875 0.0296875
0 0.375 0.659375 0.03046875 0.02890625
0 0.3609375 0.6359375 0.03046875 0.0296875
0 0.45390625 0.6953125 0.0296875 0.02890625
0 0.4234375 0.675 0.02578125 0.03046875
0 0.4515625 0.66484375 0.02734375 0.0265625
0 0.434375 0.66875 0.015625 0.03359375
0 0.40546875 0.6515625 0.02578125 0.03046875
0 0.39453125 0.621875 0.02734375 0.02578125
0 0.371875 0.60859375 0.02890625 0.03046875
0 0.3421875 0.60390625 0.03203125 0.03046875
0 0.38671875 0.58203125 0.0265625 0.03125
0 0.35859375 0.58125 0.0296875 0.02890625
0 0.3515625 0.55546875 0.02890625 0.02890625
0 0.2703125 0.6015625 0.03515625 0.03125
0 0.48046875 0.68515625 0.02578125 0.028125
0 0.47734375 0.646875 0.02734375 0.03125
0 0.52890625 0.684375 0.028125 0.03046875
0 0.5015625 0.675 0.02734375 0.02890625
0 0.409375 0.55078125 0.028125 0.028125
0 0.384375 0.52734375 0.03203125 0.0296875
0 0.4359375 0.5453125 0.03125 0.03203125
0 0.45859375 0.521875 0.02734375 0.03125
0 0.434375 0.503125 0.02734375 0.03046875
0 0.40625 0.49765625 0.028125 0.03203125
0 0.42578125 0.47890625 0.02734375 0.028125
0 0.49296875 0.5046875 0.02890625 0.028125
0 0.45546875 0.4859375 0.0296875 0.03125
0 0.41953125 0.4515625 0.0296875 0.0328125
0 0.46015625 0.45390625 0.0328125 0.03046875
0 0.49453125 0.45703125 0.02734375 0.0328125
0 0.575 0.54140625 0.02890625 0.0265625
0 0.5421875 0.5265625 0.0296875 0.028125
0 0.540625 0.49921875 0.03046875 0.02734375
0 0.51953125 0.48046875 0.02734375 0.028125
0 0.5328125 0.45859375 0.0296875 0.03125
0 0.5828125 0.51015625 0.028125 0.03046875
0 0.5625 0.48359375 0.0265625 0.03125
0 0.59765625 0.48359375 0.0328125 0.02734375
0 0.6296875 0.48046875 0.028125 0.028125
0 0.61171875 0.4609375 0.0265625 0.02890625
0 0.5875 0.44765625 0.028125 0.028125
0 0.5625 0.45625 0.02890625 0.03125
0 0.63828125 0.4515625 0.03046875 0.03125
0 0.61953125 0.634375 0.02734375 0.03125
0 0.58984375 0.6328125 0.0296875 0.034375
0 0.63125 0.85625 0.028125 0.03046875
0 0.6265625 0.82265625 0.028125 0.03125
0 0.634375 0.79453125 0.02890625 0.02890625
0 0.646875 0.75859375 0.0265625 0.03125
0 0.6046875 0.77109375 0.03046875 0.0328125
0 0.584375 0.79140625 0.03359375 0.0296875
0 0.56953125 0.76015625 0.0296875 0.03515625
0 0.54609375 0.77890625 0.02890625 0.0296875
0 0.5203125 0.78828125 0.028125 0.0296875
0 0.50859375 0.765625 0.0296875 0.03203125
0 0.27421875 0.43203125 0.03515625 0.03046875
0 0.25546875 0.4453125 0.03125 0.0296875
0 0.2265625 0.45546875 0.03046875 0.03046875
0 0.2078125 0.4328125 0.03203125 0.028125
0 0.2453125 0.40078125 0.0296875 0.03359375
0 0.328125 0.3578125 0.03203125 0.03125
0 0.27109375 0.37109375 0.03125 0.03359375
0 0.23203125 0.37578125 0.0328125 0.03046875
0 0.296875 0.3453125 0.034375 0.034375
0 0.32890625 0.31953125 0.03515625 0.0328125
0 0.50703125 0.33984375 0.0296875 0.02890625
0 0.453125 0.31640625 0.02890625 0.03125
0 0.42265625 0.28515625 0.0328125 0.0328125
0 0.42109375 0.25625 0.03046875 0.0296875
0 0.45859375 0.265625 0.03203125 0.03359375
0 0.51640625 0.30546875 0.03046875 0.028125
0 0.496875 0.284375 0.02890625 0.03203125
0 0.4953125 0.25546875 0.028125 0.03125
0 0.45703125 0.23515625 0.0328125 0.03046875
0 0.69375 0.3640625 0.028125 0.03125
0 0.653125 0.3390625 0.0265625 0.03125
0 0.67109375 0.31328125 0.02734375 0.03046875
0 0.61953125 0.31875 0.028125 0.0296875
0 0.5921875 0.33984375 0.03046875 0.03125
0 0.571875 0.3171875 0.02890625 0.03046875
0 0.5875 0.2890625 0.025 0.02734375
0 0.54609375 0.29296875 0.02890625 0.03203125
0 0.55859375 0.26640625 0.02578125 0.0296875
0 0.528125 0.2671875 0.02890625 0.03125
0 0.56171875 0.23984375 0.025 0.02890625
0 0.5296875 0.2375 0.03125 0.02890625
0 0.559375 0.2078125 0.0296875 0.03125
0 0.51171875 0.19921875 0.028125 0.03046875
0 0.48828125 0.22109375 0.0265625 0.03359375
0 0.459375 0.20390625 0.03125 0.03046875
0 0.484375 0.18984375 0.0265625 0.03203125
0 0.4890625 0.15859375 0.02734375 0.02890625
0 0.45859375 0.1546875 0.03046875 0.02734375
0 0.53984375 0.15625 0.02890625 0.03046875
0 0.56953125 0.17890625 0.02890625 0.03125
0 0.6734375 0.2515625 0.02734375 0.03125
0 0.640625 0.24140625 0.02734375 0.02890625
0 0.659375 0.21796875 0.02734375 0.03046875
0 0.69296875 0.2234375 0.02578125 0.03046875
0 0.68046875 0.18671875 0.0296875 0.03359375
0 0.66484375 0.16171875 0.025 0.03046875
0 0.63515625 0.15078125 0.0328125 0.03203125
0 0.58828125 0.1328125 0.02734375 0.034375
0 0.5625 0.11953125 0.02734375 0.03359375
0 0.5359375 0.12578125 0.0296875 0.03203125
0 0.48671875 0.11953125 0.02734375 0.03203125
0 0.4578125 0.125 0.03203125 0.0296875
0 0.4640625 0.0875 0.02890625 0.03203125
0 0.50625 0.090625 0.02890625 0.03046875
0 0.48984375 0.0671875 0.03359375 0.03359375
0 0.5765625 0.084375 0.028125 0.03203125
0 0.6171875 0.10625 0.03046875 0.03125
0 0.61171875 0.03359375 0.0296875 0.03046875
0 0.5640625 0.03359375 0.02890625 0.03046875
0 0.52734375 0.028125 0.03046875 0.03125
0 0.76484375 0.12578125 0.0296875 0.03046875