0 0.5453125 0.45390625 0.028125 0.025
0 0.5296875 0.46328125 0.03125 0.0296875
0 0.25078125 0.30390625 0.0328125 0.0328125
0 0.1234375 0.3421875 0.0328125 0.0296875
0 0.25390625 0.36796875 0.0328125 0.0328125
0 0.27421875 0.28203125 0.0328125 0.0328125
0 0.17578125 0.45546875 0.0296875 0.028125
0 0.3234375 0.3609375 0.028125 0.028125
0 0.1515625 0.4046875 0.03125 0.0296875
0 0.18203125 0.3015625 0.03125 0.03125
0 0.3453125 0.40078125 0.0296875 0.0296875
0 0.2203125 0.47265625 0.03125 0.0296875
0 0.309375 0.63671875 0.0296875 0.028125
0 0.23359375 0.34140625 0.0359375 0.0328125
0 0.33046875 0.61171875 0.03125 0.03125
0 0.178125 0.51015625 0.03125 0.03125
0 0.23671875 0.41953125 0.03125 0.0296875
0 0.20546875 0.58359375 0.03125 0.03125
0 0.20625 0.51875 0.03125 0.0296875
0 0.1390625 0.54609375 0.03125 0.0296875
0 0.38046875 0.734375 0.03125 0.03125
0 0.140625 0.4625 0.03125 0.0296875
0 0.27421875 0.4671875 0.03125 0.03125
0 0.4328125 0.5515625 0.028125 0.028125
0 0.340625 0.5203125 0.028125 0.028125
0 0.21484375 0.559375 0.0296875 0.028125
0 0.315625 0.5796875 0.03125 0.03125
0 0.334375 0.43828125 0.03125 0.0296875
0 0.30234375 0.44765625 0.0296875 0.028125
0 0.50625 0.5359375 0.028125 0.028125
0 0.30546875 0.49609375 0.0296875 0.0296875
0 0.378125 0.49140625 0.028125 0.028125
0 0.33203125 0.49296875 0.0296875 0.028125
0 0.39375 0.41328125 0.0296875 0.0296875
0 0.3453125 0.71484375 0.0328125 0.034375
0 0.33984375 0.57890625 0.03125 0.03125
0 0.32734375 0.4671875 0.0296875 0.028125
0 0.15859375 0.64453125 0.03125 0.03125
0 0.2265625 0.61796875 0.034375 0.03125
0 0.453125 0.71796875 0.0328125 0.0328125
0 0.17109375 0.6921875 0.034375 0.034375
0 0.46171875 0.3828125 0.028125 0.028125
0 0.4296875 0.3484375 0.028125 0.028125
0 0.2421875 0.56015625 0.0328125 0.0328125
0 0.4546875 0.753125 0.0328125 0.0328125
0 0.43203125 0.43046875 0.028125 0.028125
0 0.34609375 0.271875 0.028125 0.0296875
0 0.371875 0.3953125 0.0328125 0.0328125
0 0.55859375 0.60234375 0.028125 0.028125
0 0.43828125 0.4890625 0.028125 0.028125
0 0.4390625 0.609375 0.0328125 0.0328125
0 0.38828125 0.375 0.0296875 0.0296875
0 0.42890625 0.4015625 0.028125 0.028125
0 0.28984375 0.69609375 0.03125 0.03125
0 0.1484375 0.603125 0.03125 0.0296875
0 0.22109375 0.19921875 0.0328125 0.0328125
0 0.484375 0.36875 0.0296875 0.028125
0 0.62734375 0.6546875 0.03125 0.03125
0 0.46015625 0.52578125 0.03125 0.03125
0 0.4375 0.4578125 0.03125 0.0296875
0 0.4140625 0.26640625 0.0296875 0.0296875
0 0.4265625 0.51328125 0.03125 0.0296875
0 0.45859375 0.41015625 0.028125 0.028125
0 0.48046875 0.74765625 0.0328125 0.0328125
0 0.53515625 0.53203125 0.028125 0.028125
0 0.29921875 0.47265625 0.028125 0.028125
0 0.4859375 0.56875 0.0296875 0.03125
0 0.34375 0.55390625 0.0296875 0.03125
0 0.6890625 0.565625 0.03125 0.0296875
0 0.6046875 0.60859375 0.0296875 0.028125
0 0.628125 0.58359375 0.0296875 0.028125
0 0.359375 0.54296875 0.03125 0.0296875
0 0.55859375 0.57421875 0.0328125 0.0328125
0 0.37578125 0.825 0.0328125 0.0359375
0 0.4125 0.728125 0.034375 0.0328125
0 0.4890625 0.7203125 0.0328125 0.0328125
0 0.48359375 0.4484375 0.0296875 0.03125
0 0.5984375 0.67578125 0.0296875 0.03125
0 0.30078125 0.2625 0.03125 0.0296875
0 0.6640625 0.5421875 0.028125 0.028125
0 0.53515625 0.3515625 0.03125 0.0296875
0 0.625 0.3734375 0.028125 0.028125
0 0.62265625 0.62890625 0.03125 0.0296875
0 0.58125 0.56015625 0.028125 0.028125
0 0.55703125 0.5421875 0.028125 0.028125
0 0.6 0.37421875 0.028125 0.028125
0 0.321875 0.2671875 0.0328125 0.0328125
0 0.8078125 0.34296875 0.028125 0.028125
0 0.590625 0.42734375 0.028125 0.028125
0 0.54140625 0.4921875 0.028125 0.028125
0 0.6515625 0.6328125 0.0296875 0.028125
0 0.81796875 0.38671875 0.03125 0.0296875
0 0.63984375 0.60859375 0.0296875 0.028125
0 0.80078125 0.365625 0.028125 0.028125
0 0.6609375 0.59609375 0.03125 0.03125
0 0.59921875 0.58359375 0.0328125 0.0328125
0 0.553125 0.51484375 0.028125 0.028125
0 0.509375 0.44375 0.03125 0.0296875
0 0.7890625 0.38515625 0.0296875 0.0296875
0 0.684375 0.47578125 0.0296875 0.028125
0 0.6921875 0.678125 0.03125 0.03125
0 0.5203125 0.40234375 0.028125 0.028125
0 0.49453125 0.69375 0.0328125 0.0328125
0 0.57578125 0.36953125 0.028125 0.028125
0 0.546875 0.41171875 0.028125 0.028125
0 0.78125 0.34375 0.0328125 0.0296875
0 0.7046875 0.70234375 0.03125 0.03125
0 0.68828125 0.52421875 0.0328125 0.0328125
0 0.6 0.5171875 0.0296875 0.0296875
0 0.66171875 0.49296875 0.0296875 0.0296875
0 0.6625 0.51796875 0.028125 0.028125
0 0.53359375 0.43203125 0.028125 0.028125
0 0.70546875 0.73984375 0.03125 0.03125
0 0.625 0.490625 0.03125 0.03125
0 0.57421875 0.50078125 0.0296875 0.028125
0 0.5515625 0.371875 0.028125 0.028125
0 0.5015625 0.38515625 0.028125 0.028125
0 0.7359375 0.690625 0.0296875 0.0296875
0 0.5578125 0.47421875 0.034375 0.03125
0 0.68984375 0.49921875 0.028125 0.028125
0 0.59765625 0.49375 0.028125 0.028125
0 0.57578125 0.52578125 0.028125 0.028125
0 0.5578125 0.43984375 0.028125 0.028125
0 0.8390625 0.4546875 0.03125 0.03125
0 0.5265625 0.37890625 0.028125 0.028125
0 0.6265625 0.51796875 0.03125 0.03125
0 0.85703125 0.61875 0.028125 0.0296875
0 0.565625 0.39140625 0.03125 0.0296875
0 0.71953125 0.584375 0.03125 0.03125
0 0.66015625 0.7921875 0.03125 0.034375
0 0.56796875 0.41640625 0.0296875 0.028125
0 0.4609375 0.43671875 0.025 0.0265625