0 0.54921875 0.60703125 0.0140625 0.0109375
0 0.5515625 0.5984375 0.0140625 0.0109375
0 0.53671875 0.5984375 0.0125 0.0109375
0 0.528125 0.60390625 0.0125 0.0109375
0 0.528125 0.59140625 0.0140625 0.0109375
0 0.51796875 0.5828125 0.0140625 0.0109375
0 0.56328125 0.58203125 0.0140625 0.0109375
0 0.55 0.5828125 0.0140625 0.0109375
0 0.4703125 0.525 0.0125 0.009375
0 0.47578125 0.5484375 0.0140625 0.0109375
0 0.465625 0.54296875 0.0140625 0.0109375
0 0.465625 0.53359375 0.0125 0.0109375
0 0.4546875 0.54921875 0.0140625 0.0109375
0 0.44765625 0.53671875 0.0140625 0.0109375
0 0.4828125 0.55625 0.0140625 0.0109375
0 0.51171875 0.559375 0.0125 0.009375
0 0.48515625 0.565625 0.0125 0.0109375
0 0.5140625 0.56796875 0.0109375 0.0109375
0 0.52109375 0.55390625 0.0125 0.0109375
0 0.49765625 0.55 0.0140625 0.0109375
0 0.49296875 0.53359375 0.0140625 0.0109375
0 0.49609375 0.52578125 0.0125 0.0109375
0 0.47109375 0.515625 0.0109375 0.009375
0 0.459375 0.5140625 0.0125 0.0109375
0 0.46875 0.5015625 0.0125 0.0109375
0 0.4828125 0.4953125 0.0140625 0.0109375
0 0.47265625 0.48828125 0.0140625 0.0109375
0 0.49296875 0.49921875 0.0140625 0.0109375
0 0.4875 0.4859375 0.0140625 0.0109375
0 0.54765625 0.48984375 0.0140625 0.0109375
0 0.5328125 0.48671875 0.0140625 0.0109375
0 0.534375 0.4765625 0.0140625 0.0109375
0 0.47578125 0.47109375 0.0140625 0.0109375
0 0.4984375 0.44765625 0.0140625 0.0109375
0 0.484375 0.4515625 0.0140625 0.0109375
0 0.51015625 0.44453125 0.0140625 0.0109375
0 0.4890625 0.43671875 0.0125 0.0109375
0 0.48125 0.428125 0.0140625 0.0109375
0 0.48125 0.40078125 0.0140625 0.0109375
0 0.57265625 0.47109375 0.0125 0.0109375
0 0.56328125 0.45703125 0.0140625 0.0109375
0 0.5546875 0.4484375 0.015625 0.0109375
0 0.52890625 0.39921875 0.0140625 0.0109375
0 0.56015625 0.40703125 0.0140625 0.0109375
0 0.546875 0.40078125 0.0140625 0.0109375
0 0.53828125 0.39296875 0.0140625 0.0109375
0 0.5796875 0.36953125 0.0140625 0.0109375
0 0.56953125 0.36171875 0.0140625 0.0109375
0 0.64453125 0.38046875 0.015625 0.0140625
0 0.66328125 0.40078125 0.0140625 0.0109375
0 0.65390625 0.39375 0.0140625 0.0109375
0 0.67265625 0.41015625 0.015625 0.0109375
0 0.65390625 0.4078125 0.0140625 0.0109375
0 0.68203125 0.43125 0.0140625 0.0109375
0 0.621875 0.41484375 0.0140625 0.0109375
0 0.575 0.51875 0.0109375 0.0109375
0 0.56328125 0.51484375 0.0125 0.009375
0 0.56171875 0.50546875 0.0140625 0.0109375
0 0.58515625 0.52578125 0.0140625 0.0109375
0 0.5859375 0.51640625 0.0125 0.0109375
0 0.6 0.5296875 0.0140625 0.0109375
0 0.5984375 0.52109375 0.0140625 0.0109375
0 0.5953125 0.51171875 0.0140625 0.0109375
0 0.57578125 0.50703125 0.0109375 0.0109375
0 0.584375 0.496875 0.0140625 0.0109375
0 0.61015625 0.5109375 0.0125 0.0109375
0 0.6 0.503125 0.0140625 0.0109375
0 0.59609375 0.47734375 0.0140625 0.0109375
0 0.625 0.4484375 0.0140625 0.0109375
0 0.68984375 0.46484375 0.0140625 0.0109375
0 0.6671875 0.45078125 0.0140625 0.0109375
0 0.6328125 0.46171875 0.0140625 0.0109375
0 0.61640625 0.475 0.0109375 0.009375
0 0.6046875 0.48515625 0.0125 0.0109375
0 0.628125 0.4921875 0.0140625 0.0109375
0 0.61875 0.49921875 0.0125 0.0109375
0 0.6171875 0.4859375 0.0109375 0.0109375
0 0.63125 0.5015625 0.0109375 0.0109375
0 0.62109375 0.5078125 0.0125 0.0109375
0 0.6390625 0.490625 0.0140625 0.0109375
0 0.6859375 0.48515625 0.0125 0.0109375
0 0.65078125 0.490625 0.0125 0.0109375
0 0.6640625 0.5 0.0140625 0.0109375
0 0.6484375 0.5109375 0.0140625 0.0109375
0 0.64921875 0.50078125 0.009375 0.009375
0 0.6421875 0.5015625 0.009375 0.009375
0 0.675 0.50625 0.0140625 0.0109375
0 0.6640625 0.51015625 0.0140625 0.0109375
0 0.659375 0.51796875 0.0140625 0.0109375
0 0.6859375 0.51875 0.0140625 0.0109375
0 0.67265625 0.5171875 0.0125 0.009375
0 0.6671875 0.52578125 0.0140625 0.0109375
0 0.65390625 0.55859375 0.0140625 0.0109375
0 0.66875 0.53515625 0.0140625 0.0109375
0 0.621875 0.53671875 0.0140625 0.0109375
0 0.62890625 0.528125 0.0140625 0.0109375
0 0.61640625 0.52578125 0.0125 0.009375
0 0.6125 0.5296875 0.0125 0.0078125
0 0.6203125 0.51953125 0.009375 0.0078125