0 0.64375 0.40234375 0.028125 0.028125
0 0.6515625 0.446875 0.025 0.0296875
0 0.50390625 0.5578125 0.025 0.025
0 0.48359375 0.546875 0.0234375 0.0234375
0 0.50078125 0.52890625 0.021875 0.0234375
0 0.521875 0.52578125 0.025 0.025
0 0.55625 0.50859375 0.0234375 0.0234375
0 0.57890625 0.49765625 0.0234375 0.025
0 0.6 0.48671875 0.025 0.025
0 0.58359375 0.459375 0.0234375 0.025
0 0.53828125 0.45625 0.028125 0.025
0 0.56328125 0.44765625 0.0234375 0.0265625
0 0.4484375 0.55859375 0.0234375 0.0265625
0 0.43203125 0.5328125 0.025 0.0265625
0 0.40390625 0.5125 0.025 0.0265625
0 0.48203125 0.4921875 0.021875 0.0234375
0 0.48203125 0.465625 0.021875 0.0203125
0 0.5 0.475 0.021875 0.0234375
0 0.4765625 0.45546875 0.0203125 0.021875
0 0.49765625 0.4515625 0.0234375 0.0234375
0 0.4921875 0.43203125 0.021875 0.0234375
0 0.51015625 0.4234375 0.025 0.025
0 0.49296875 0.4046875 0.0234375 0.0234375
0 0.43203125 0.490625 0.0234375 0.0234375
0 0.45 0.4796875 0.025 0.025
0 0.4234375 0.475 0.025 0.025
0 0.43828125 0.46328125 0.0234375 0.0234375
0 0.37890625 0.46875 0.0234375 0.0234375
0 0.39609375 0.45390625 0.025 0.025
0 0.3734375 0.43359375 0.025 0.025
0 0.3234375 0.45546875 0.0234375 0.0234375
0 0.33984375 0.43515625 0.025 0.025
0 0.3640625 0.446875 0.021875 0.0203125
0 0.39375 0.428125 0.021875 0.021875
0 0.42890625 0.434375 0.025 0.025
0 0.43671875 0.40078125 0.025 0.0265625
0 0.38203125 0.37421875 0.0234375 0.0234375
0 0.39453125 0.38984375 0.025 0.025
0 0.3640625 0.384375 0.021875 0.0234375
0 0.37109375 0.3578125 0.0234375 0.0234375