0 0.353125 0.68359375 0.025 0.025
0 0.365625 0.690625 0.025 0.021875
0 0.484375 0.52421875 0.034375 0.028125
0 0.7109375 0.30078125 0.0390625 0.034375
0 0.05 0.71640625 0.028125 0.028125
0 0.84609375 0.45859375 0.034375 0.03125
0 0.484375 0.42578125 0.03125 0.0328125
0 0.61953125 0.9765625 0.028125 0.025
0 0.8140625 0.83203125 0.028125 0.028125
0 0.084375 0.875 0.028125 0.028125
0 0.71328125 0.48046875 0.0375 0.028125
0 0.65703125 0.41796875 0.0359375 0.0359375
0 0.046875 0.6421875 0.03125 0.028125
0 0.5953125 0.4109375 0.0296875 0.0296875
0 0.06953125 0.5890625 0.0265625 0.025
0 0.3296875 0.990625 0.025 0.01875
0 0.82421875 0.7859375 0.028125 0.028125
0 0.21640625 0.82265625 0.0328125 0.028125
0 0.60859375 0.51953125 0.03125 0.0296875
0 0.56953125 0.6703125 0.028125 0.028125
0 0.69140625 0.8546875 0.028125 0.0265625
0 0.4640625 0.76953125 0.028125 0.0296875
0 0.71953125 0.56953125 0.03125 0.028125
0 0.56875 0.90390625 0.028125 0.025
0 0.6921875 0.515625 0.03125 0.03125
0 0.83359375 0.74453125 0.0296875 0.0265625
0 0.75078125 0.771875 0.0328125 0.0265625
0 0.77109375 0.42265625 0.0328125 0.03125
0 0.63671875 0.88203125 0.028125 0.028125
0 0.52265625 0.80078125 0.028125 0.0296875
0 0.5390625 0.590625 0.03125 0.0296875
0 0.56796875 0.41953125 0.03125 0.03125
0 0.7921875 0.59609375 0.03125 0.028125
0 0.8328125 0.5984375 0.03125 0.028125
0 0.840625 0.6859375 0.03125 0.028125
0 0.48515625 0.72109375 0.03125 0.03125
0 0.603125 0.90234375 0.028125 0.025
0 0.815625 0.53671875 0.0296875 0.028125
0 0.59296875 0.56953125 0.0296875 0.028125
0 0.23046875 0.9203125 0.028125 0.0265625
0 0.74296875 0.62421875 0.03125 0.028125
0 0.51796875 0.74140625 0.028125 0.028125
0 0.76953125 0.73515625 0.03125 0.028125
0 0.36796875 0.8875 0.028125 0.028125
0 0.79375 0.65546875 0.03125 0.028125
0 0.60859375 0.60625 0.0296875 0.028125
0 0.6859375 0.4390625 0.034375 0.03125
0 0.66484375 0.80234375 0.028125 0.0265625
0 0.5265625 0.90078125 0.028125 0.025
0 0.2734375 0.95625 0.0296875 0.025
0 0.24453125 0.80078125 0.028125 0.025
0 0.53671875 0.54765625 0.03125 0.028125
0 0.26171875 0.5890625 0.03125 0.0296875
0 0.76328125 0.66875 0.03125 0.028125
0 0.50234375 0.678125 0.0296875 0.028125
0 0.55859375 0.56640625 0.0296875 0.0296875
0 0.49609375 0.58359375 0.0296875 0.0296875
0 0.36171875 0.54765625 0.03125 0.028125
0 0.7296875 0.7171875 0.03125 0.0296875
0 0.49765625 0.6140625 0.0296875 0.028125
0 0.50234375 0.9296875 0.0265625 0.025
0 0.22421875 0.70859375 0.03125 0.028125
0 0.27109375 0.9015625 0.0296875 0.0265625
0 0.434375 0.7390625 0.0296875 0.028125
0 0.6140625 0.69375 0.028125 0.028125
0 0.496875 0.6453125 0.03125 0.028125
0 0.5296875 0.93046875 0.028125 0.025
0 0.47890625 0.8890625 0.0296875 0.03125
0 0.3921875 0.81328125 0.028125 0.0265625
0 0.6390625 0.78359375 0.0296875 0.0265625
0 0.0796875 0.63671875 0.03125 0.025
0 0.6515625 0.74921875 0.028125 0.0296875
0 0.0421875 0.59140625 0.028125 0.0265625
0 0.31328125 0.8078125 0.0296875 0.028125
0 0.6484375 0.6109375 0.03125 0.028125
0 0.2640625 0.7734375 0.028125 0.025
0 0.61796875 0.40234375 0.034375 0.034375
0 0.31640625 0.6421875 0.03125 0.0296875
0 0.4625 0.59765625 0.0296875 0.028125
0 0.4234375 0.5578125 0.0296875 0.03125
0 0.5984375 0.721875 0.028125 0.028125
0 0.28125 0.82421875 0.028125 0.0265625
0 0.62109375 0.6640625 0.028125 0.028125
0 0.75859375 0.71171875 0.0296875 0.028125
0 0.51796875 0.70234375 0.03125 0.028125
0 0.68125 0.628125 0.03125 0.028125
0 0.2640625 0.92578125 0.028125 0.025
0 0.40234375 0.74140625 0.0296875 0.028125
0 0.38671875 0.7875 0.03125 0.0296875
0 0.2921875 0.5859375 0.0296875 0.0296875
0 0.33203125 0.8734375 0.0296875 0.0265625
0 0.65078125 0.6640625 0.0296875 0.028125
0 0.453125 0.56875 0.03125 0.028125
0 0.059375 0.615625 0.0296875 0.0265625
0 0.234375 0.7609375 0.028125 0.0265625
0 0.62421875 0.75390625 0.028125 0.0265625
0 0.29375 0.71484375 0.0296875 0.028125
0 0.31875 0.57578125 0.0296875 0.0296875
0 0.48828125 0.9078125 0.028125 0.025
0 0.62109375 0.6359375 0.0296875 0.028125
0 0.46484375 0.62890625 0.03125 0.0296875
0 0.35859375 0.77734375 0.028125 0.028125
0 0.3015625 0.85703125 0.028125 0.025
0 0.65390625 0.63671875 0.0296875 0.028125
0 0.2234375 0.73515625 0.028125 0.025
0 0.4125 0.64609375 0.03125 0.028125
0 0.440625 0.6453125 0.03125 0.03125
0 0.390625 0.60078125 0.0296875 0.028125
0 0.3921875 0.67109375 0.0296875 0.028125
0 0.40625 0.57890625 0.0296875 0.0296875
0 0.34453125 0.828125 0.028125 0.025
0 0.33203125 0.8484375 0.03125 0.0265625
0 0.34453125 0.80234375 0.0296875 0.028125
0 0.2578125 0.7484375 0.028125 0.025
0 0.6171875 0.728125 0.0265625 0.028125
0 0.32734375 0.73828125 0.028125 0.028125
0 0.38671875 0.7 0.028125 0.028125
0 0.35234375 0.71640625 0.028125 0.028125
0 0.378125 0.5765625 0.028125 0.028125
0 0.25234375 0.72578125 0.03125 0.03125
0 0.3234375 0.71328125 0.03125 0.028125
0 0.3796875 0.75546875 0.028125 0.0265625
0 0.296875 0.74453125 0.03125 0.03125
0 0.3546875 0.7421875 0.028125 0.0265625
0 0.33828125 0.62578125 0.0296875 0.028125
0 0.378125 0.7265625 0.028125 0.0265625
0 0.346875 0.57265625 0.03125 0.0296875
0 0.3078125 0.83203125 0.028125 0.025
0 0.3546875 0.64921875 0.0296875 0.03125
0 0.38203125 0.6359375 0.0296875 0.028125
0 0.33515625 0.6 0.03125 0.028125
0 0.37734375 0.659375 0.028125 0.025
0 0.3640625 0.6171875 0.028125 0.028125
0 0.034375 0.59140625 0.009375 0.009375
0 0.0890625 0.87890625 0.009375 0.009375