0 0.5625 0.38984375 0.01328125 0.015625
0 0.5328125 0.3859375 0.01328125 0.01484375
0 0.54765625 0.384375 0.01328125 0.015625
0 0.51796875 0.375 0.0140625 0.0140625
0 0.51796875 0.38828125 0.01328125 0.0125
0 0.5015625 0.37265625 0.0140625 0.0140625
0 0.50390625 0.38671875 0.01328125 0.01328125
0 0.4875 0.37578125 0.0140625 0.015625
0 0.45546875 0.3875 0.0140625 0.0140625
0 0.471875 0.38984375 0.0140625 0.015625
0 0.48515625 0.3890625 0.01328125 0.01484375
0 0.49609375 0.396875 0.0140625 0.0125
0 0.509375 0.4 0.0125 0.0140625
0 0.525 0.40078125 0.01328125 0.0140625
0 0.5375 0.3984375 0.01328125 0.0125
0 0.5515625 0.396875 0.01328125 0.01328125
0 0.56796875 0.415625 0.01328125 0.0140625
0 0.55703125 0.40859375 0.0125 0.01328125
0 0.56875 0.4015625 0.01328125 0.0140625
0 0.4609375 0.39921875 0.01328125 0.0125
0 0.47421875 0.40234375 0.0125 0.01171875
0 0.48671875 0.40625 0.0125 0.0125
0 0.50078125 0.41015625 0.0140625 0.0140625
0 0.51640625 0.41328125 0.0140625 0.01484375
0 0.5296875 0.4140625 0.01328125 0.0140625
0 0.54296875 0.4109375 0.01328125 0.01328125
0 0.55546875 0.4203125 0.0140625 0.01328125
0 0.48828125 0.41875 0.01328125 0.0140625
0 0.49921875 0.42421875 0.01171875 0.0125
0 0.5125 0.42578125 0.0140625 0.01328125
0 0.5265625 0.4265625 0.0125 0.01328125
0 0.5390625 0.4234375 0.01328125 0.0140625
0 0.5484375 0.43203125 0.0140625 0.01328125
0 0.47265625 0.415625 0.015625 0.01328125
0 0.45859375 0.41171875 0.01484375 0.01328125
0 0.4625 0.42421875 0.0140625 0.01328125
0 0.4453125 0.403125 0.01328125 0.015625
0 0.45 0.42109375 0.0125 0.01328125
0 0.434375 0.4109375 0.01640625 0.015625
0 0.43671875 0.42578125 0.015625 0.01328125
0 0.41796875 0.4015625 0.01328125 0.0140625
0 0.40390625 0.409375 0.01484375 0.01640625
0 0.41875 0.41875 0.0140625 0.015625
0 0.4203125 0.43515625 0.0140625 0.0140625
0 0.4203125 0.4484375 0.0140625 0.01484375
0 0.47578125 0.428125 0.01328125 0.01328125
0 0.503125 0.43671875 0.0140625 0.0140625
0 0.51875 0.43828125 0.01328125 0.0140625
0 0.53359375 0.43671875 0.015625 0.0140625
0 0.58984375 0.4359375 0.0140625 0.01484375
0 0.57109375 0.42890625 0.0140625 0.01328125
0 0.58125 0.42109375 0.0140625 0.01484375
0 0.571875 0.44375 0.0140625 0.01328125
0 0.54375 0.44609375 0.0125 0.01328125
0 0.55625 0.44296875 0.01484375 0.01328125
0 0.5265625 0.44921875 0.0140625 0.015625
0 0.50859375 0.44921875 0.01328125 0.0140625
0 0.48984375 0.4328125 0.0125 0.0140625
0 0.49453125 0.44609375 0.01328125 0.01328125
0 0.46640625 0.43671875 0.0125 0.01328125
0 0.4796875 0.440625 0.0125 0.01328125
0 0.45390625 0.4328125 0.0125 0.01328125
0 0.4578125 0.44609375 0.0125 0.01328125
0 0.44140625 0.4390625 0.01328125 0.01328125
0 0.44609375 0.45234375 0.0125 0.0140625
0 0.46953125 0.44921875 0.01328125 0.0125
0 0.48203125 0.45390625 0.0125 0.0140625
0 0.49609375 0.46015625 0.01484375 0.01328125
0 0.5171875 0.4578125 0.0140625 0.0140625
0 0.53671875 0.45625 0.01328125 0.01328125
0 0.5515625 0.45703125 0.0140625 0.015625
0 0.56796875 0.45703125 0.01328125 0.015625
0 0.5640625 0.471875 0.0140625 0.01484375
0 0.52734375 0.46640625 0.01328125 0.0140625
0 0.540625 0.46875 0.01328125 0.01484375
0 0.5515625 0.47578125 0.01328125 0.01484375
0 0.57109375 0.48515625 0.01484375 0.01484375
0 0.4578125 0.459375 0.0140625 0.0140625
0 0.471875 0.4625 0.0125 0.0140625
0 0.4828125 0.46953125 0.0125 0.0140625
0 0.49609375 0.47421875 0.01328125 0.0140625
0 0.50859375 0.4671875 0.01328125 0.0140625
0 0.5203125 0.4765625 0.0140625 0.0140625
0 0.534375 0.48203125 0.01328125 0.0140625
0 0.4328125 0.45546875 0.01328125 0.0140625
0 0.446875 0.46640625 0.01328125 0.0140625
0 0.4578125 0.47265625 0.01328125 0.0140625
0 0.471875 0.47578125 0.0140625 0.0140625
0 0.5078125 0.48125 0.0125 0.0140625
0 0.51953125 0.49140625 0.0140625 0.0140625
0 0.48359375 0.48515625 0.0140625 0.01484375
0 0.496875 0.48671875 0.0125 0.0140625
0 0.50546875 0.496875 0.0125 0.01328125
0 0.509375 0.5109375 0.0140625 0.0140625
0 0.39375 0.44765625 0.01484375 0.01640625
0 0.41640625 0.47578125 0.015625 0.01484375
0 0.43515625 0.484375 0.015625 0.01640625
0 0.28671875 0.4703125 0.0171875 0.015625
0 0.31953125 0.50078125 0.01640625 0.015625