0 0.46015625 0.88984375 0.03125 0.03203125
0 0.40546875 0.81484375 0.03046875 0.03125
0 0.37421875 0.7953125 0.03125 0.03125
0 0.37734375 0.76484375 0.03046875 0.03125
0 0.42890625 0.778125 0.03046875 0.03125
0 0.40234375 0.78671875 0.02578125 0.028125
0 0.4046875 0.75859375 0.02890625 0.028125
0 0.453125 0.76796875 0.02734375 0.03046875
0 0.4296875 0.746875 0.02734375 0.02890625
0 0.365625 0.7390625 0.0265625 0.02890625
0 0.39375 0.734375 0.028125 0.0265625
0 0.41796875 0.721875 0.0265625 0.0296875
0 0.39296875 0.70625 0.0265625 0.028125
0 0.365625 0.709375 0.028125 0.02890625
0 0.36953125 0.68125 0.02734375 0.02890625
0 0.41875 0.69296875 0.02578125 0.028125
0 0.396875 0.678125 0.0265625 0.02890625
0 0.440625 0.70703125 0.025 0.0265625
0 0.45390625 0.73828125 0.0265625 0.02890625
0 0.46953125 0.7171875 0.02734375 0.028125
0 0.4625 0.6921875 0.02734375 0.0296875
0 0.4953125 0.72421875 0.025 0.0296875
0 0.4875 0.69609375 0.02421875 0.0265625
0 0.4953125 0.66953125 0.02421875 0.0265625
0 0.46953125 0.66640625 0.02421875 0.028125
0 0.51875 0.665625 0.02421875 0.028125
0 0.49921875 0.64140625 0.025 0.028125
0 0.475 0.63984375 0.025 0.0265625
0 0.446875 0.65234375 0.025 0.02734375
0 0.42265625 0.66171875 0.0234375 0.028125
0 0.4015625 0.65078125 0.02734375 0.02734375
0 0.36875 0.64921875 0.028125 0.0296875
0 0.38515625 0.625 0.0265625 0.02890625
0 0.43046875 0.63515625 0.02421875 0.028125
0 0.45390625 0.6265625 0.025 0.0265625
0 0.4109375 0.61875 0.025 0.02734375
0 0.47734375 0.6125 0.025 0.0265625
0 0.45625 0.6 0.0234375 0.02734375
0 0.4328125 0.59921875 0.0234375 0.028125
0 0.40859375 0.590625 0.02421875 0.02890625
0 0.38203125 0.59296875 0.02578125 0.028125
0 0.51875 0.61796875 0.02421875 0.02734375
0 0.5 0.60234375 0.02578125 0.03046875
0 0.47578125 0.58515625 0.025 0.028125
0 0.45390625 0.57421875 0.02421875 0.0265625
0 0.428125 0.5703125 0.0265625 0.02734375
0 0.421875 0.54140625 0.025 0.028125
0 0.4453125 0.5484375 0.0234375 0.028125
0 0.4953125 0.575 0.0203125 0.025
0 0.46953125 0.5546875 0.0234375 0.02734375
0 0.43984375 0.68046875 0.02421875 0.028125
0 0.57734375 0.75703125 0.02578125 0.02734375
0 0.58359375 0.5796875 0.02578125 0.02734375
0 0.5359375 0.6 0.02265625 0.02578125
0 0.51796875 0.5828125 0.021875 0.025
0 0.53984375 0.575 0.02421875 0.025
0 0.56171875 0.565625 0.02265625 0.02578125
0 0.51015625 0.5546875 0.0234375 0.0265625
0 0.490625 0.5421875 0.0234375 0.02578125
0 0.53203125 0.54921875 0.021875 0.025
0 0.5328125 0.52421875 0.025 0.0265625
0 0.553125 0.5375 0.02421875 0.0265625
0 0.4703125 0.52734375 0.025 0.0265625
0 0.44296875 0.52265625 0.02578125 0.025
0 0.42109375 0.50859375 0.0265625 0.02890625
0 0.4453125 0.49609375 0.02421875 0.0265625
0 0.4703125 0.5 0.025 0.0265625
0 0.49296875 0.5140625 0.0234375 0.0265625
0 0.51328125 0.50625 0.02421875 0.02734375
0 0.48984375 0.484375 0.0234375 0.028125
0 0.46796875 0.47109375 0.02265625 0.02578125
0 0.44375 0.46953125 0.02734375 0.02734375
0 0.4859375 0.4578125 0.02421875 0.02578125
0 0.5109375 0.47578125 0.0234375 0.02734375
0 0.51015625 0.44921875 0.02578125 0.02578125
0 0.4671875 0.44296875 0.025 0.025
0 0.43046875 0.43203125 0.02578125 0.0234375
0 0.409375 0.45078125 0.0265625 0.02734375
0 0.43828125 0.4453125 0.025 0.02265625
0 0.390625 0.43125 0.02421875 0.02734375
0 0.45078125 0.42109375 0.02421875 0.0265625
0 0.4875 0.43203125 0.02421875 0.0265625
0 0.471875 0.41171875 0.02578125 0.02734375
0 0.50859375 0.4234375 0.02421875 0.02421875
0 0.41484375 0.41015625 0.02421875 0.0265625
0 0.38671875 0.403125 0.02734375 0.028125
0 0.4359375 0.39765625 0.025 0.02734375
0 0.4578125 0.3875 0.02421875 0.02578125
0 0.47890625 0.3796875 0.02421875 0.02734375
0 0.5140625 0.39296875 0.02421875 0.0265625
0 0.50234375 0.38046875 0.0234375 0.02734375
0 0.3546875 0.5 0.03203125 0.03125
0 0.2953125 0.38125 0.02890625 0.03046875
0 0.4140625 0.36171875 0.0265625 0.028125
0 0.43828125 0.36640625 0.0265625 0.028125
0 0.4640625 0.35625 0.02421875 0.028125
0 0.509375 0.35625 0.025 0.0265625
0 0.48828125 0.34140625 0.02265625 0.02578125
0 0.534375 0.43203125 0.0234375 0.0265625
0 0.5375 0.48359375 0.025 0.0265625
0 0.55703125 0.45859375 0.02734375 0.025
0 0.56171875 0.4890625 0.0234375 0.028125
0 0.578125 0.46796875 0.02109375 0.02578125
0 0.590625 0.44765625 0.02421875 0.02734375
0 0.56015625 0.42890625 0.02421875 0.0265625
0 0.56015625 0.4015625 0.02421875 0.02734375
0 0.58203125 0.41640625 0.02578125 0.02734375
0 0.4375 0.3375 0.028125 0.0296875
0 0.39609375 0.33828125 0.028125 0.0296875
0 0.36796875 0.32109375 0.0296875 0.03203125
0 0.39140625 0.29453125 0.02890625 0.03125
0 0.41875 0.3171875 0.02734375 0.02734375
0 0.46796875 0.3296875 0.0296875 0.02734375
0 0.509375 0.3296875 0.02578125 0.02734375
0 0.5296875 0.315625 0.0265625 0.03046875
0 0.48359375 0.303125 0.0265625 0.028125
0 0.45703125 0.3046875 0.025 0.0265625
0 0.4515625 0.278125 0.0265625 0.02734375
0 0.425 0.29140625 0.02890625 0.02734375
0 0.39921875 0.25625 0.02890625 0.03046875
0 0.4078125 0.22890625 0.02890625 0.02734375
0 0.4265625 0.2640625 0.0296875 0.0265625
0 0.471875 0.2703125 0.02578125 0.03125
0 0.45703125 0.24140625 0.02734375 0.02890625
0 0.490625 0.2484375 0.02890625 0.02890625
0 0.52578125 0.24765625 0.028125 0.028125
0 0.55703125 0.25078125 0.025 0.02734375
0 0.60078125 0.2421875 0.0265625 0.028125
0 0.57734375 0.24609375 0.0234375 0.02734375
0 0.6296875 0.18828125 0.0234375 0.02578125
0 0.60703125 0.1671875 0.021875 0.025
0 0.58203125 0.16796875 0.025 0.028125
0 0.57578125 0.1421875 0.0234375 0.028125
0 0.57578125 0.11328125 0.0265625 0.0296875
0 0.61953125 0.10390625 0.0234375 0.02734375
0 0.6046875 0.07421875 0.025 0.028125
0 0.51484375 0.14140625 0.0296875 0.03125
0 0.48984375 0.1859375 0.02734375 0.03125
0 0.459375 0.1734375 0.028125 0.02890625
0 0.4265625 0.1671875 0.02890625 0.03046875
0 0.4265625 0.1390625 0.0328125 0.02890625
0 0.3921875 0.17265625 0.03125 0.03203125
0 0.41953125 0.10625 0.03125 0.0328125
0 0.4421875 0.09453125 0.03125 0.0328125