0 0.71015625 0.2046875 0.0328125 0.0328125
0 0.8734375 0.45390625 0.0328125 0.0359375
0 0.8734375 0.415625 0.0359375 0.0328125
0 0.81328125 0.56484375 0.0390625 0.0296875
0 0.80078125 0.52109375 0.0296875 0.03125
0 0.8296875 0.49453125 0.034375 0.0296875
0 0.76953125 0.58828125 0.0328125 0.0296875
0 0.7796875 0.44453125 0.0375 0.0328125
0 0.7328125 0.5890625 0.0390625 0.0359375
0 0.7078125 0.65 0.0453125 0.0359375
0 0.690625 0.68359375 0.0390625 0.03125
0 0.66484375 0.68984375 0.0328125 0.03125
0 0.68359375 0.721875 0.0296875 0.0296875
0 0.65859375 0.72109375 0.0296875 0.0296875
0 0.634375 0.7078125 0.0328125 0.0328125
0 0.69140625 0.834375 0.0359375 0.0328125
0 0.675 0.7984375 0.0328125 0.0328125
0 0.60703125 0.73515625 0.0328125 0.03125
0 0.646875 0.8765625 0.034375 0.0296875
0 0.628125 0.83515625 0.0359375 0.0296875
0 0.6140625 0.8765625 0.03125 0.0265625
0 0.6375 0.915625 0.0328125 0.0296875
0 0.57578125 0.88359375 0.03125 0.0296875
0 0.52578125 0.7796875 0.0296875 0.0296875
0 0.596875 0.54296875 0.0296875 0.0328125
0 0.53046875 0.55234375 0.0328125 0.03125
0 0.49453125 0.678125 0.028125 0.0296875
0 0.4875 0.63359375 0.0328125 0.0296875
0 0.47578125 0.60703125 0.0296875 0.0296875
0 0.45859375 0.5734375 0.0296875 0.0296875
0 0.43125 0.56328125 0.0265625 0.0296875
0 0.434375 0.52734375 0.0234375 0.025
0 0.39765625 0.36796875 0.028125 0.0265625
0 0.42265625 0.40390625 0.0265625 0.0265625
0 0.4421875 0.396875 0.028125 0.0265625
0 0.43828125 0.36875 0.0265625 0.025
0 0.45 0.41171875 0.025 0.015625
0 0.44140625 0.44453125 0.025 0.0234375
0 0.50234375 0.45703125 0.03125 0.0265625
0 0.46796875 0.51015625 0.0296875 0.0265625
0 0.4609375 0.47265625 0.03125 0.028125
0 0.46953125 0.434375 0.0296875 0.0296875
0 0.46640625 0.39375 0.0265625 0.0265625
0 0.490625 0.415625 0.028125 0.0296875
0 0.5046875 0.39375 0.0265625 0.0296875
0 0.4859375 0.3796875 0.0265625 0.0296875
0 0.5 0.36015625 0.028125 0.0234375
0 0.521875 0.3453125 0.03125 0.028125
0 0.50078125 0.33046875 0.025 0.0328125
0 0.51796875 0.3734375 0.0265625 0.0296875
0 0.478125 0.346875 0.0265625 0.0296875
0 0.47109375 0.3203125 0.0296875 0.0234375
0 0.4890625 0.29921875 0.0296875 0.028125
0 0.52265625 0.28671875 0.0296875 0.0359375
0 0.584375 0.24921875 0.0328125 0.0328125
0 0.54453125 0.30703125 0.028125 0.0328125
0 0.578125 0.2890625 0.0328125 0.0328125
0 0.55546875 0.2484375 0.0234375 0.028125
0 0.5421875 0.2203125 0.03125 0.0265625
0 0.5453125 0.1921875 0.0296875 0.0296875
0 0.57578125 0.16328125 0.03125 0.0328125
0 0.4796875 0.1234375 0.0296875 0.0296875
0 0.49296875 0.140625 0.0265625 0.0265625
0 0.46953125 0.22109375 0.0265625 0.028125
0 0.41484375 0.23046875 0.028125 0.0328125
0 0.4390625 0.2046875 0.028125 0.0328125
0 0.36953125 0.28203125 0.0265625 0.0265625
0 0.38359375 0.31328125 0.0234375 0.025
0 0.41875 0.3546875 0.0234375 0.0265625
0 0.359375 0.31171875 0.0203125 0.028125
0 0.3734375 0.35703125 0.0234375 0.0234375
0 0.35703125 0.34296875 0.0265625 0.0296875
0 0.34140625 0.29140625 0.0359375 0.0328125
0 0.33671875 0.328125 0.028125 0.025
0 0.31796875 0.284375 0.0265625 0.0265625
0 0.340625 0.41875 0.0296875 0.0265625
0 0.38203125 0.55859375 0.025 0.025
0 0.36875 0.5390625 0.0265625 0.028125
0 0.353125 0.51953125 0.025 0.0234375
0 0.34453125 0.49453125 0.0265625 0.0265625
0 0.321875 0.47734375 0.0265625 0.025
0 0.32890625 0.45390625 0.025 0.0234375
0 0.365625 0.41953125 0.028125 0.025
0 0.36328125 0.58515625 0.03125 0.0265625
0 0.32734375 0.56640625 0.0234375 0.0265625
0 0.30703125 0.578125 0.0265625 0.0265625
0 0.31484375 0.60546875 0.028125 0.0234375
0 0.34296875 0.584375 0.0265625 0.025
0 0.3390625 0.61015625 0.0265625 0.0296875
0 0.3546875 0.6484375 0.0265625 0.0265625
0 0.3734375 0.625 0.0265625 0.0265625
0 0.32265625 0.6515625 0.0265625 0.0265625
0 0.33984375 0.66953125 0.025 0.0234375
0 0.39140625 0.70859375 0.0265625 0.0265625
0 0.4078125 0.74375 0.0265625 0.0265625
0 0.36875 0.73828125 0.0265625 0.025
0 0.38203125 0.7796875 0.0234375 0.025
0 0.38359375 0.75390625 0.01875 0.0203125
0 0.36015625 0.82109375 0.0234375 0.025
0 0.3515625 0.790625 0.0171875 0.021875
0 0.3671875 0.6859375 0.0265625 0.025
0 0.3703125 0.8 0.01875 0.01875
0 0.41875 0.7 0.025 0.0234375
0 0.38203125 0.82265625 0.0265625 0.0265625
0 0.3375 0.8140625 0.01875 0.0203125
0 0.4015625 0.79375 0.0265625 0.0265625
0 0.3265625 0.83515625 0.0234375 0.025
0 0.315625 0.81328125 0.021875 0.0234375
0 0.3984375 0.93046875 0.0296875 0.0296875
0 0.42734375 0.8671875 0.0265625 0.028125
0 0.33125 0.8828125 0.0265625 0.028125
0 0.30546875 0.88984375 0.0265625 0.0296875
0 0.30859375 0.86328125 0.0265625 0.0296875
0 0.3046875 0.83828125 0.025 0.0265625
0 0.3078125 0.76875 0.028125 0.0265625
0 0.2953125 0.81015625 0.021875 0.028125
0 0.2984375 0.78671875 0.025 0.0234375
0 0.31953125 0.71953125 0.0265625 0.0265625
0 0.30390625 0.6953125 0.0265625 0.0296875
0 0.26875 0.8109375 0.0265625 0.028125
0 0.29375 0.73203125 0.0296875 0.028125
0 0.278125 0.7046875 0.028125 0.0296875
0 0.2296875 0.415625 0.028125 0.0265625
0 0.20546875 0.365625 0.025 0.0265625
0 0.20625 0.68828125 0.0296875 0.0296875
0 0.18203125 0.21015625 0.0234375 0.0265625
0 0.1609375 0.19921875 0.0265625 0.0265625
0 0.16953125 0.3015625 0.0296875 0.0265625
0 0.13046875 0.27421875 0.025 0.0265625
0 0.17265625 0.32578125 0.021875 0.021875
0 0.11875 0.315625 0.0203125 0.025
0 0.16640625 0.3640625 0.0265625 0.025
0 0.1515625 0.3390625 0.025 0.0234375
0 0.17265625 0.41484375 0.021875 0.025
0 0.13984375 0.37265625 0.025 0.0265625
0 0.15 0.41875 0.0265625 0.0265625
0 0.13046875 0.4 0.021875 0.021875
0 0.140625 0.4578125 0.025 0.028125
0 0.11953125 0.41953125 0.0234375 0.0234375
0 0.11640625 0.384375 0.025 0.0296875
0 0.1171875 0.4578125 0.025 0.0234375
0 0.1046875 0.43359375 0.0203125 0.021875
0 0.1078125 0.48984375 0.01875 0.021875
0 0.7640625 0.2421875 0.0359375 0.0296875