0 0.44296875 0.9046875 0.040625 0.034375
0 0.38203125 0.90625 0.040625 0.03125
0 0.45234375 0.875 0.040625 0.034375
0 0.4171875 0.87421875 0.0375 0.034375
0 0.384375 0.8671875 0.0359375 0.03125
0 0.4734375 0.85 0.0421875 0.034375
0 0.55390625 0.84453125 0.04375 0.040625
0 0.51484375 0.83671875 0.04375 0.0359375
0 0.4015625 0.82265625 0.0421875 0.0328125
0 0.35859375 0.80078125 0.0390625 0.034375
0 0.5015625 0.79375 0.04375 0.0390625
0 0.5625 0.775 0.046875 0.0390625
0 0.54375 0.8015625 0.046875 0.040625
0 0.51640625 0.7609375 0.04375 0.0390625
0 0.4734375 0.75546875 0.0453125 0.0390625
0 0.64765625 0.81875 0.05 0.0421875
0 0.61328125 0.78359375 0.0484375 0.0390625
0 0.7015625 0.79296875 0.0515625 0.0421875
0 0.628125 0.75234375 0.05 0.0421875
0 0.59765625 0.7140625 0.05 0.0390625
0 0.54375 0.72734375 0.0484375 0.0359375
0 0.55859375 0.6984375 0.046875 0.0390625
0 0.60859375 0.67890625 0.05 0.040625
0 0.675 0.690625 0.0578125 0.0453125
0 0.63046875 0.6265625 0.0515625 0.0421875
0 0.5875 0.59375 0.05 0.040625
0 0.66640625 0.58046875 0.05 0.0421875
0 0.5296875 0.59453125 0.04375 0.0421875
0 0.484375 0.59609375 0.04375 0.0390625
0 0.4453125 0.634375 0.0453125 0.0359375
0 0.403125 0.63203125 0.0375 0.034375
0 0.3703125 0.6359375 0.0359375 0.03125
0 0.36953125 0.66640625 0.040625 0.034375
0 0.33515625 0.64140625 0.0375 0.034375
0 0.3984375 0.5984375 0.04375 0.0359375
0 0.36015625 0.6078125 0.0359375 0.03125
0 0.32578125 0.60625 0.0375 0.03125
0 0.3453125 0.57890625 0.034375 0.0328125
0 0.31640625 0.5734375 0.034375 0.03125
0 0.28359375 0.5765625 0.034375 0.028125
0 0.275 0.60078125 0.0375 0.028125
0 0.240625 0.61015625 0.034375 0.03125
0 0.24296875 0.58125 0.034375 0.0296875
0 0.25859375 0.56015625 0.034375 0.03125
0 0.23203125 0.54609375 0.034375 0.0296875
0 0.29296875 0.5515625 0.0375 0.0296875
0 0.265625 0.5328125 0.034375 0.0296875
0 0.33984375 0.54921875 0.0359375 0.03125
0 0.2921875 0.52265625 0.0328125 0.03125
0 0.32109375 0.5203125 0.034375 0.03125
0 0.35 0.5203125 0.034375 0.0359375
0 0.3296875 0.49375 0.034375 0.03125
0 0.3015625 0.48203125 0.034375 0.03125
0 0.2765625 0.49296875 0.034375 0.03125
0 0.3609375 0.48515625 0.0375 0.0328125
0 0.409375 0.46484375 0.0375 0.034375
0 0.42265625 0.51796875 0.0390625 0.0375
0 0.4546875 0.53125 0.040625 0.0328125
0 0.4953125 0.5109375 0.04375 0.0375
0 0.54765625 0.54140625 0.046875 0.0375
0 0.27578125 0.41015625 0.0359375 0.0328125
0 0.23828125 0.46796875 0.0359375 0.03125
0 0.21015625 0.4703125 0.03125 0.03125
0 0.21171875 0.496875 0.0328125 0.028125
0 0.1875 0.48671875 0.03125 0.03125
0 0.1546875 0.48828125 0.03125 0.028125
0 0.125 0.50859375 0.028125 0.028125
0 0.1953125 0.51875 0.034375 0.028125
0 0.190625 0.5484375 0.034375 0.0296875
0 0.19765625 0.5734375 0.034375 0.028125
0 0.1609375 0.57265625 0.03125 0.0296875
0 0.1640625 0.63359375 0.03125 0.0296875
0 0.31328125 0.45390625 0.0375 0.0328125
0 0.14140625 0.4265625 0.0296875 0.0296875
0 0.175 0.39765625 0.034375 0.03125
0 0.21328125 0.375 0.03125 0.03125
0 0.2921875 0.3625 0.0359375 0.0375
0 0.20234375 0.3171875 0.034375 0.034375
0 0.21953125 0.26328125 0.0375 0.0375
0 0.33125 0.2734375 0.040625 0.0375
0 0.24765625 0.24609375 0.0359375 0.0328125
0 0.23125 0.225 0.0375 0.034375
0 0.246875 0.196875 0.034375 0.03125
0 0.27578125 0.16796875 0.0390625 0.034375
0 0.453125 0.2375 0.046875 0.040625
0 0.49375 0.22109375 0.046875 0.0421875
0 0.48671875 0.18125 0.046875 0.0390625
0 0.52734375 0.20234375 0.0453125 0.04375
0 0.56875 0.2015625 0.0453125 0.0421875
0 0.44609375 0.1203125 0.046875 0.040625
0 0.44453125 0.084375 0.0453125 0.0421875
0 0.63515625 0.328125 0.0546875 0.046875
0 0.6453125 0.37578125 0.0546875 0.0453125
0 0.584375 0.39921875 0.05625 0.0421875
0 0.659375 0.42890625 0.05625 0.0453125
0 0.61796875 0.4359375 0.053125 0.0453125
0 0.41015625 0.37265625 0.04375 0.0359375
0 0.3765625 0.40234375 0.04375 0.0390625
0 0.68203125 0.53359375 0.0546875 0.0421875