0 0.57734375 0.8140625 0.03671875 0.03671875
0 0.65625 0.82109375 0.034375 0.034375
0 0.62109375 0.79609375 0.0328125 0.0328125
0 0.72109375 0.7953125 0.03515625 0.034375
0 0.67421875 0.78984375 0.034375 0.03828125
0 0.615625 0.74921875 0.03203125 0.03515625
0 0.69765625 0.76875 0.03359375 0.0328125
0 0.815625 0.78828125 0.0375 0.0359375
0 0.73359375 0.7546875 0.0328125 0.0328125
0 0.6671875 0.73359375 0.034375 0.0328125
0 0.67265625 0.70078125 0.034375 0.0328125
0 0.775 0.73515625 0.0375 0.0359375
0 0.74296875 0.71015625 0.0375 0.03515625
0 0.8671875 0.76875 0.03359375 0.03359375
0 0.81953125 0.70078125 0.034375 0.03359375
0 0.78828125 0.70078125 0.0375 0.0328125
0 0.95546875 0.71640625 0.03515625 0.03515625
0 0.93515625 0.6859375 0.03515625 0.0359375
0 0.7265625 0.64765625 0.034375 0.03359375
0 0.66171875 0.609375 0.0328125 0.0359375
0 0.31796875 0.6375 0.0375 0.03515625
0 0.3125 0.53671875 0.0359375 0.03046875
0 0.28359375 0.51796875 0.034375 0.028125
0 0.3296875 0.509375 0.03046875 0.02890625
0 0.3046875 0.4921875 0.0328125 0.02734375
0 0.22265625 0.5125 0.02734375 0.028125
0 0.24296875 0.49921875 0.03046875 0.0265625
0 0.18203125 0.54921875 0.03125 0.0296875
0 0.19140625 0.51796875 0.0328125 0.028125
0 0.1609375 0.50390625 0.02890625 0.02578125
0 0.13203125 0.50078125 0.02734375 0.028125
0 0.1 0.50234375 0.03125 0.02890625
0 0.11640625 0.475 0.03125 0.025
0 0.17109375 0.4796875 0.02734375 0.02421875
0 0.19453125 0.49140625 0.02890625 0.0265625
0 0.2015625 0.46796875 0.02890625 0.02265625
0 0.196875 0.44453125 0.03125 0.025
0 0.08984375 0.40078125 0.02890625 0.02578125
0 0.2046875 0.421875 0.02734375 0.025
0 0.2265625 0.43203125 0.028125 0.01953125
0 0.228125 0.4515625 0.03125 0.02578125
0 0.16953125 0.3734375 0.0296875 0.0265625
0 0.25078125 0.421875 0.0265625 0.02578125
0 0.24296875 0.39921875 0.02890625 0.021875
0 0.29375 0.43828125 0.0296875 0.02578125
0 0.278125 0.4203125 0.02890625 0.02265625
0 0.2953125 0.4 0.0265625 0.02578125
0 0.32890625 0.41171875 0.0265625 0.02734375
0 0.3453125 0.38671875 0.03125 0.0265625
0 0.3515625 0.43671875 0.03203125 0.02890625
0 0.39375 0.45703125 0.028125 0.02734375
0 0.3671875 0.46640625 0.03125 0.0296875
0 0.38515625 0.4875 0.03125 0.0265625
0 0.434375 0.5 0.03046875 0.028125
0 0.4328125 0.47265625 0.02890625 0.0296875
0 0.46796875 0.50703125 0.03046875 0.02890625
0 0.4609375 0.46953125 0.03125 0.02734375
0 0.459375 0.44453125 0.0296875 0.025
0 0.48125 0.484375 0.03359375 0.0234375
0 0.60703125 0.484375 0.02890625 0.02890625
0 0.58046875 0.49140625 0.02734375 0.0265625
0 0.56171875 0.46640625 0.028125 0.02734375
0 0.53515625 0.459375 0.0265625 0.028125
0 0.5125 0.44296875 0.028125 0.02734375
0 0.48984375 0.42734375 0.0296875 0.0265625
0 0.5265625 0.3734375 0.02734375 0.0265625
0 0.48671875 0.378125 0.02890625 0.02734375
0 0.48046875 0.3515625 0.03203125 0.02578125
0 0.44609375 0.33125 0.02734375 0.0265625
0 0.41953125 0.4359375 0.03125 0.02734375
0 0.42109375 0.32109375 0.028125 0.02578125
0 0.38125 0.315625 0.03203125 0.025
0 0.284375 0.2859375 0.02890625 0.02421875
0 0.196875 0.240625 0.02578125 0.02265625
0 0.2546875 0.20234375 0.02890625 0.02421875
0 0.21640625 0.2109375 0.0265625 0.02265625
0 0.225 0.18828125 0.0265625 0.02421875
0 0.18671875 0.19296875 0.0265625 0.025
0 0.33984375 0.2234375 0.0265625 0.0265625
0 0.29609375 0.1703125 0.02578125 0.02265625
0 0.26796875 0.16171875 0.02578125 0.0203125
0 0.36875 0.2 0.028125 0.02265625
0 0.36328125 0.16484375 0.02265625 0.01484375
0 0.36171875 0.1796875 0.02421875 0.02265625
0 0.38828125 0.178125 0.0234375 0.02421875
0 0.3984375 0.16171875 0.0265625 0.01953125
0 0.42734375 0.15390625 0.03125 0.025
0 0.48046875 0.1375 0.028125 0.021875
0 0.5140625 0.2296875 0.03203125 0.028125
0 0.50625 0.2890625 0.034375 0.028125
0 0.54375 0.340625 0.03203125 0.02734375
0 0.5953125 0.31171875 0.0296875 0.02421875
0 0.58046875 0.3484375 0.0265625 0.02421875
0 0.61171875 0.36796875 0.025 0.0265625
0 0.61796875 0.33984375 0.02734375 0.02734375
0 0.6375 0.32421875 0.025 0.02421875
0 0.65625 0.3109375 0.025 0.025
0 0.65390625 0.3859375 0.02578125 0.025
0 0.64375 0.36328125 0.01484375 0.02265625
0 0.6609375 0.3640625 0.0234375 0.0234375
0 0.66171875 0.34375 0.0296875 0.02109375
0 0.709375 0.390625 0.0265625 0.0234375
0 0.68828125 0.371875 0.0265625 0.02421875
0 0.6953125 0.4140625 0.028125 0.02578125
0 0.6421875 0.446875 0.03125 0.0265625
0 0.6453125 0.47109375 0.0296875 0.02578125
0 0.709375 0.4359375 0.028125 0.02734375
0 0.7265625 0.45546875 0.02890625 0.0265625
0 0.74765625 0.47578125 0.0296875 0.0265625
0 0.8015625 0.496875 0.03125 0.02578125
0 0.78984375 0.46953125 0.03203125 0.02578125
0 0.7921875 0.43984375 0.03125 0.02734375
0 0.7609375 0.4515625 0.0296875 0.0265625
0 0.75390625 0.425 0.03046875 0.0265625
0 0.834375 0.39609375 0.03125 0.0265625
0 0.83359375 0.34375 0.02890625 0.0265625
0 0.85234375 0.3703125 0.0296875 0.025
0 0.9015625 0.3203125 0.02578125 0.02265625
0 0.92109375 0.33046875 0.02734375 0.02265625
0 0.74921875 0.325 0.028125 0.02734375
0 0.73125 0.3390625 0.0265625 0.025
0 0.7078125 0.3328125 0.028125 0.0234375
0 0.69296875 0.31484375 0.025 0.0203125
0 0.6765625 0.29921875 0.025 0.02265625
0 0.67265625 0.32578125 0.0265625 0.0234375
0 0.71953125 0.31484375 0.028125 0.0234375
0 0.70546875 0.29609375 0.0265625 0.021875
0 0.815625 0.28046875 0.02578125 0.01953125
0 0.7578125 0.29375 0.02734375 0.021875
0 0.73203125 0.27421875 0.02734375 0.02421875
0 0.784375 0.26640625 0.0265625 0.021875
0 0.78046875 0.24453125 0.02421875 0.0234375
0 0.74609375 0.25078125 0.02578125 0.0234375
0 0.859375 0.25390625 0.028125 0.025
0 0.84140625 0.2765625 0.0265625 0.02265625
0 0.796875 0.15859375 0.025 0.02265625
0 0.7578125 0.12421875 0.025 0.021875
0 0.59453125 0.11171875 0.0265625 0.0234375
0 0.5328125 0.09765625 0.02578125 0.02109375
0 0.5 0.0921875 0.02265625 0.02109375
0 0.4796875 0.11484375 0.02578125 0.0203125
0 0.5546875 0.08515625 0.02421875 0.02109375
0 0.61328125 0.0640625 0.02578125 0.02421875
0 0.58203125 0.0640625 0.02421875 0.0234375