0 0.3375 0.36484375 0.0234375 0.02578125
0 0.4296875 0.51171875 0.02421875 0.028125
0 0.45234375 0.51171875 0.021875 0.0265625
0 0.4859375 0.5125 0.02421875 0.0296875
0 0.4328125 0.47890625 0.02265625 0.025
0 0.4578125 0.484375 0.02578125 0.02578125
0 0.49609375 0.4828125 0.025 0.028125
0 0.45859375 0.45703125 0.025 0.025
0 0.48203125 0.45859375 0.02578125 0.0265625
0 0.44765625 0.43203125 0.02421875 0.02578125
0 0.48515625 0.43359375 0.025 0.02421875
0 0.49453125 0.409375 0.0234375 0.0234375
0 0.51015625 0.43125 0.02421875 0.02578125
0 0.5203125 0.38984375 0.02578125 0.02578125
0 0.5203125 0.3109375 0.02421875 0.0265625
0 0.53515625 0.33828125 0.025 0.02890625
0 0.56796875 0.2828125 0.0265625 0.02734375
0 0.60703125 0.21796875 0.03125 0.0296875
0 0.53046875 0.20703125 0.02578125 0.03125
0 0.53984375 0.25859375 0.025 0.02734375
0 0.49453125 0.246875 0.02265625 0.0234375
0 0.47890625 0.2671875 0.02578125 0.0234375
0 0.4734375 0.28984375 0.0265625 0.01953125
0 0.48671875 0.30859375 0.02421875 0.02109375
0 0.49453125 0.33046875 0.025 0.02265625
0 0.49140625 0.3546875 0.02421875 0.02421875
0 0.48203125 0.378125 0.021875 0.02421875
0 0.47421875 0.40078125 0.021875 0.0234375
0 0.4484375 0.4078125 0.02421875 0.0234375
0 0.4375 0.3890625 0.02109375 0.0203125
0 0.459375 0.3828125 0.0234375 0.0234375
0 0.4390625 0.365625 0.021875 0.0234375
0 0.46640625 0.35859375 0.0234375 0.02265625
0 0.46640625 0.33515625 0.025 0.02265625
0 0.46328125 0.31171875 0.02109375 0.02265625
0 0.44140625 0.3140625 0.0203125 0.02421875
0 0.4421875 0.3421875 0.021875 0.0234375
0 0.42109375 0.30859375 0.02109375 0.025
0 0.40546875 0.3265625 0.02265625 0.02578125
0 0.41953125 0.3421875 0.02109375 0.02421875
0 0.39609375 0.35703125 0.02109375 0.02734375
0 0.41640625 0.37265625 0.02109375 0.02265625
0 0.41015625 0.3953125 0.0234375 0.025
0 0.42578125 0.415625 0.02109375 0.0234375
0 0.403125 0.41953125 0.0203125 0.025
0 0.4203125 0.44375 0.02265625 0.0234375
0 0.3953125 0.44296875 0.02421875 0.021875
0 0.3359375 0.43203125 0.0234375 0.02578125
0 0.36171875 0.4421875 0.0234375 0.0234375
0 0.38046875 0.45859375 0.02265625 0.02421875
0 0.4078125 0.46484375 0.021875 0.021875
0 0.4109375 0.48828125 0.01953125 0.0234375
0 0.39375 0.50390625 0.02265625 0.02421875
0 0.38828125 0.48046875 0.021875 0.0234375
0 0.359375 0.46875 0.02265625 0.0234375
0 0.3328125 0.4671875 0.0234375 0.0234375
0 0.32578125 0.490625 0.021875 0.02421875
0 0.31953125 0.51796875 0.021875 0.02421875
0 0.34765625 0.49765625 0.02109375 0.025
0 0.37109375 0.49765625 0.021875 0.02265625
0 0.37421875 0.52109375 0.0234375 0.0234375
0 0.3359375 0.53125 0.0234375 0.0234375
0 0.36796875 0.5640625 0.02421875 0.02421875
0 0.3609375 0.5390625 0.02421875 0.0234375
0 0.39296875 0.54765625 0.021875 0.02734375
0 0.4046875 0.52734375 0.02265625 0.025
0 0.41953125 0.54765625 0.021875 0.02578125
0 0.44375 0.5484375 0.02421875 0.02421875
0 0.46484375 0.5390625 0.0234375 0.0265625
0 0.4890625 0.55078125 0.0265625 0.0265625
0 0.4703125 0.57109375 0.02421875 0.02734375
0 0.4453125 0.575 0.025 0.02734375
0 0.4125 0.57109375 0.02265625 0.0234375
0 0.42734375 0.59140625 0.0265625 0.02421875
0 0.43515625 0.61640625 0.02421875 0.02578125
0 0.4046875 0.6171875 0.02265625 0.0265625
0 0.38359375 0.58671875 0.0234375 0.025
0 0.33828125 0.58046875 0.02109375 0.02421875
0 0.35859375 0.596875 0.02265625 0.028125
0 0.37734375 0.61640625 0.021875 0.0265625
0 0.35390625 0.62890625 0.025 0.02578125
0 0.23125 0.47890625 0.0234375 0.02734375
0 0.29296875 0.4921875 0.025 0.028125
0 0.28125 0.5328125 0.0265625 0.02890625
0 0.31484375 0.5421875 0.0234375 0.0234375
0 0.31484375 0.56796875 0.02578125 0.0265625
0 0.31875 0.59609375 0.02421875 0.02421875
0 0.32578125 0.6203125 0.025 0.025
0 0.29375 0.62890625 0.02421875 0.0265625
0 0.32265625 0.6453125 0.025 0.025
0 0.26796875 0.63515625 0.02421875 0.028125
0 0.278125 0.596875 0.02578125 0.02578125
0 0.25703125 0.61328125 0.0234375 0.02421875
0 0.2296875 0.534375 0.02578125 0.02734375
0 0.20390625 0.5984375 0.028125 0.02890625
0 0.16953125 0.56328125 0.021875 0.02734375
0 0.14375 0.58203125 0.021875 0.02578125
0 0.13125 0.6140625 0.021875 0.0265625
0 0.12734375 0.6578125 0.02421875 0.02421875
0 0.27734375 0.69765625 0.025 0.0265625