0 0.03671875 0.3453125 0.0234375 0.025
0 0.05546875 0.33828125 0.021875 0.025
0 0.06953125 0.35078125 0.0265625 0.0234375
0 0.05390625 0.36953125 0.021875 0.025
0 0.07890625 0.40703125 0.028125 0.021875
0 0.06953125 0.4296875 0.025 0.021875
0 0.10546875 0.44453125 0.028125 0.0265625
0 0.17109375 0.57109375 0.0234375 0.025
0 0.18828125 0.60078125 0.03125 0.03125
0 0.1828125 0.55 0.0265625 0.0265625
0 0.19921875 0.5640625 0.025 0.021875
0 0.15390625 0.475 0.025 0.025
0 0.19296875 0.496875 0.025 0.025
0 0.21328125 0.47265625 0.025 0.0265625
0 0.1890625 0.4515625 0.025 0.025
0 0.23984375 0.43515625 0.025 0.0296875
0 0.17734375 0.39296875 0.025 0.0265625
0 0.1875 0.415625 0.025 0.025
0 0.1984375 0.3546875 0.021875 0.0234375
0 0.2 0.38671875 0.025 0.025
0 0.16953125 0.35859375 0.021875 0.0234375
0 0.21328125 0.35078125 0.01875 0.0203125
0 0.1890625 0.36796875 0.021875 0.021875
0 0.21796875 0.39609375 0.0265625 0.021875
0 0.23359375 0.3359375 0.025 0.025
0 0.2703125 0.42265625 0.025 0.025
0 0.2484375 0.2625 0.025 0.0234375
0 0.26328125 0.2875 0.028125 0.021875
0 0.27421875 0.25234375 0.025 0.025
0 0.28984375 0.28671875 0.025 0.021875
0 0.28046875 0.31875 0.0265625 0.021875
0 0.29453125 0.23984375 0.0234375 0.01875
0 0.29765625 0.2625 0.025 0.021875
0 0.3109375 0.2765625 0.028125 0.0203125
0 0.3140625 0.296875 0.028125 0.0234375
0 0.31484375 0.23125 0.028125 0.021875
0 0.3171875 0.2484375 0.0265625 0.021875
0 0.325 0.2640625 0.0203125 0.01875
0 0.35078125 0.29765625 0.025 0.025
0 0.33515625 0.23203125 0.021875 0.025
0 0.3515625 0.25859375 0.025 0.0203125
0 0.33984375 0.275 0.025 0.021875
0 0.37421875 0.290625 0.0265625 0.021875
0 0.35546875 0.22265625 0.0234375 0.01875
0 0.33203125 0.18359375 0.028125 0.0234375
0 0.353125 0.18671875 0.021875 0.01875
0 0.315625 0.14609375 0.025 0.0203125
0 0.3734375 0.15625 0.0265625 0.0234375
0 0.3703125 0.17734375 0.0203125 0.01875
0 0.40859375 0.16328125 0.0234375 0.025
0 0.390625 0.17890625 0.021875 0.025
0 0.3921875 0.14453125 0.025 0.021875
0 0.3953125 0.15859375 0.025 0.015625
0 0.37421875 0.19375 0.025 0.021875
0 0.40234375 0.128125 0.0203125 0.0171875
0 0.415625 0.1390625 0.0234375 0.01875
0 0.428125 0.16171875 0.021875 0.025
0 0.4359375 0.1265625 0.0265625 0.021875
0 0.4359375 0.14609375 0.0234375 0.01875
0 0.44296875 0.22890625 0.028125 0.0234375
0 0.4265625 0.1765625 0.0265625 0.0171875
0 0.4625 0.228125 0.0234375 0.021875
0 0.421875 0.21484375 0.028125 0.0234375
0 0.48515625 0.22578125 0.0265625 0.025
0 0.4734375 0.159375 0.028125 0.0203125
0 0.47421875 0.1796875 0.025 0.025
0 0.5078125 0.2265625 0.025 0.0234375
0 0.42421875 0.3359375 0.0296875 0.0265625
0 0.446875 0.32109375 0.0265625 0.01875
0 0.45234375 0.3421875 0.025 0.025
0 0.46875 0.3125 0.028125 0.0265625
0 0.49921875 0.31796875 0.028125 0.028125
0 0.50546875 0.34140625 0.028125 0.025
0 0.50078125 0.290625 0.021875 0.028125
0 0.525 0.32265625 0.028125 0.0265625
0 0.521875 0.3 0.028125 0.0265625
0 0.53828125 0.1859375 0.0296875 0.021875
0 0.5015625 0.175 0.0234375 0.021875
0 0.52265625 0.1765625 0.025 0.0203125
0 0.55859375 0.17265625 0.028125 0.021875
0 0.5109375 0.19296875 0.01875 0.0171875
0 0.575 0.159375 0.0265625 0.01875
0 0.57890625 0.2046875 0.0265625 0.025
0 0.3265625 0.50625 0.0265625 0.0203125
0 0.32734375 0.525 0.0265625 0.01875
0 0.33203125 0.54609375 0.025 0.028125
0 0.34296875 0.46015625 0.03125 0.0265625
0 0.3578125 0.47578125 0.028125 0.0234375
0 0.353125 0.5296875 0.03125 0.0265625
0 0.3953125 0.48984375 0.03125 0.028125
0 0.4078125 0.43046875 0.028125 0.028125
0 0.44765625 0.51015625 0.03125 0.0265625
0 0.4296875 0.45234375 0.03125 0.0265625
0 0.4578125 0.4875 0.025 0.025
0 0.48125 0.49921875 0.025 0.028125
0 0.46953125 0.4296875 0.03125 0.0265625
0 0.484375 0.45078125 0.03125 0.0265625
0 0.49375 0.4765625 0.03125 0.0234375
0 0.50546875 0.49921875 0.0296875 0.025
0 0.50625 0.43203125 0.0265625 0.028125
0 0.53359375 0.440625 0.0296875 0.0265625
0 0.55859375 0.4546875 0.03125 0.0265625
0 0.49375 0.61796875 0.034375 0.0296875
0 0.48828125 0.653125 0.034375 0.0296875
0 0.51953125 0.653125 0.028125 0.028125
0 0.5703125 0.6265625 0.034375 0.0296875
0 0.5984375 0.6484375 0.03125 0.0296875
0 0.58203125 0.54296875 0.0265625 0.028125
0 0.609375 0.54140625 0.03125 0.028125
0 0.60546875 0.496875 0.028125 0.0234375
0 0.61796875 0.51796875 0.03125 0.0265625
0 0.60703125 0.471875 0.03125 0.028125
0 0.59609375 0.4359375 0.03125 0.028125
0 0.5546875 0.42578125 0.03125 0.025
0 0.57578125 0.44296875 0.0234375 0.021875
0 0.6328125 0.46328125 0.028125 0.025
0 0.653125 0.44453125 0.03125 0.0265625
0 0.6515625 0.5578125 0.03125 0.0296875
0 0.62421875 0.43359375 0.028125 0.0296875
0 0.66171875 0.4234375 0.03125 0.0234375
0 0.73203125 0.44453125 0.034375 0.0296875
0 0.8015625 0.53359375 0.034375 0.0296875
0 0.82265625 0.5515625 0.0359375 0.0328125
0 0.8296875 0.4875 0.034375 0.0296875
0 0.83359375 0.5140625 0.034375 0.0296875
0 0.81640625 0.41640625 0.0328125 0.0296875
0 0.715625 0.103125 0.028125 0.0234375
0 0.7015625 0.0875 0.028125 0.025
0 0.7328125 0.1 0.025 0.021875
0 0.646875 0.16640625 0.03125 0.0265625
0 0.69296875 0.1546875 0.028125 0.025
0 0.66484375 0.146875 0.0296875 0.025
0 0.6859375 0.30625 0.028125 0.025
0 0.71171875 0.334375 0.0296875 0.0234375
0 0.75234375 0.32265625 0.03125 0.0265625
0 0.82109375 0.31875 0.0359375 0.0265625
0 0.646875 0.30546875 0.03125 0.0234375
0 0.659375 0.3265625 0.03125 0.0265625
0 0.58515625 0.3109375 0.0265625 0.025
0 0.6375 0.2859375 0.028125 0.021875
0 0.5796875 0.290625 0.025 0.021875
0 0.61015625 0.309375 0.0265625 0.0234375
0 0.615625 0.334375 0.028125 0.0234375
0 0.57421875 0.3296875 0.0265625 0.025