0 0.29921875 0.05 0.02421875 0.025
0 0.22734375 0.1328125 0.0265625 0.02734375
0 0.2390625 0.1765625 0.02578125 0.02578125
0 0.23359375 0.20390625 0.02578125 0.0265625
0 0.52578125 0.16796875 0.01953125 0.02109375
0 0.50859375 0.1890625 0.02109375 0.0203125
0 0.51171875 0.21015625 0.0203125 0.021875
0 0.434375 0.22109375 0.01875 0.02265625
0 0.4875 0.22421875 0.02109375 0.02265625
0 0.51875 0.25859375 0.01953125 0.02265625
0 0.484375 0.290625 0.0203125 0.02109375
0 0.471875 0.309375 0.01796875 0.02265625
0 0.49765625 0.31171875 0.0203125 0.0234375
0 0.64765625 0.384375 0.01796875 0.021875
0 0.31484375 0.49609375 0.02578125 0.02421875
0 0.33125 0.51796875 0.0234375 0.025
0 0.3328125 0.56640625 0.0234375 0.02421875
0 0.41796875 0.36640625 0.02109375 0.0265625
0 0.465625 0.3671875 0.02109375 0.0234375
0 0.52265625 0.37421875 0.01875 0.0234375
0 0.45390625 0.39375 0.0203125 0.02265625
0 0.4859375 0.39375 0.0203125 0.02109375
0 0.50234375 0.3859375 0.0203125 0.0234375
0 0.5078125 0.4140625 0.01875 0.0234375
0 0.4625 0.44765625 0.0203125 0.02265625
0 0.4265625 0.49765625 0.0203125 0.02109375
0 0.4359375 0.53046875 0.02109375 0.021875
0 0.50859375 0.4625 0.02109375 0.02109375
0 0.62421875 0.4953125 0.01875 0.0203125
0 0.4703125 0.57109375 0.0203125 0.02421875
0 0.51640625 0.51953125 0.01953125 0.0234375
0 0.56015625 0.5234375 0.01875 0.021875
0 0.6078125 0.540625 0.0203125 0.01953125
0 0.59453125 0.559375 0.01953125 0.0203125
0 0.56796875 0.58046875 0.01875 0.01953125
0 0.56015625 0.59765625 0.01796875 0.01875
0 0.56953125 0.640625 0.01953125 0.02109375
0 0.5453125 0.61640625 0.021875 0.021875
0 0.5234375 0.61953125 0.01953125 0.01953125
0 0.51484375 0.6390625 0.01875 0.021875
0 0.53359375 0.63984375 0.0171875 0.02109375
0 0.52265625 0.6609375 0.01796875 0.01953125
0 0.3765625 0.62421875 0.025 0.02734375
0 0.40078125 0.63125 0.02109375 0.021875
0 0.44765625 0.6390625 0.021875 0.02421875
0 0.446875 0.7015625 0.021875 0.0234375
0 0.49296875 0.66875 0.021875 0.02421875
0 0.53828125 0.67734375 0.01875 0.0234375
0 0.5515625 0.659375 0.02109375 0.02109375
0 0.5859375 0.6625 0.0203125 0.01953125
0 0.60703125 0.68671875 0.02109375 0.02109375
0 0.57578125 0.68203125 0.0203125 0.021875
0 0.5546875 0.7 0.01875 0.0203125
0 0.57578125 0.70234375 0.02109375 0.0203125
0 0.57109375 0.72421875 0.02109375 0.021875
0 0.6265625 0.73203125 0.02109375 0.02109375
0 0.60859375 0.74140625 0.01875 0.0203125
0 0.22109375 0.3609375 0.028125 0.025
0 0.2234375 0.39296875 0.028125 0.0265625
0 0.2234375 0.4203125 0.028125 0.02578125
0 0.20078125 0.43359375 0.02578125 0.02578125
0 0.19140625 0.46796875 0.025 0.028125
0 0.15078125 0.49296875 0.02578125 0.02734375
0 0.22109375 0.5 0.02578125 0.025
0 0.24140625 0.51328125 0.02578125 0.02578125
0 0.23515625 0.5390625 0.02578125 0.0265625
0 0.23359375 0.5875 0.02421875 0.02890625
0 0.3125 0.625 0.02265625 0.02578125
0 0.265625 0.6984375 0.02421875 0.02734375
0 0.35859375 0.65234375 0.02265625 0.02265625
0 0.36015625 0.67890625 0.0234375 0.0234375
0 0.384375 0.69140625 0.021875 0.0265625
0 0.3234375 0.7140625 0.0234375 0.025
0 0.34921875 0.703125 0.0234375 0.0234375
0 0.36640625 0.71640625 0.0203125 0.02265625
0 0.428125 0.74765625 0.02265625 0.0234375
0 0.3578125 0.746875 0.025 0.02421875
0 0.38359375 0.75390625 0.0234375 0.025
0 0.334375 0.740625 0.0296875 0.02578125
0 0.334375 0.76484375 0.02578125 0.02265625
0 0.3421875 0.7828125 0.025 0.025
0 0.3671875 0.78203125 0.02265625 0.025
0 0.2515625 0.746875 0.0265625 0.0296875
0 0.2921875 0.76875 0.0265625 0.02421875
0 0.30234375 0.7890625 0.0265625 0.02578125
0 0.26640625 0.8046875 0.025 0.02578125
0 0.31328125 0.8109375 0.025 0.0265625
0 0.265625 0.83671875 0.02421875 0.0265625
0 0.3125 0.84296875 0.02265625 0.025
0 0.45234375 0.8 0.021875 0.02421875
0 0.459375 0.82109375 0.021875 0.0265625
0 0.46328125 0.86015625 0.02109375 0.025
0 0.51171875 0.79375 0.021875 0.021875
0 0.50859375 0.8265625 0.0203125 0.025
0 0.56328125 0.78046875 0.01953125 0.02109375
0 0.58125 0.81015625 0.01875 0.0203125
0 0.5921875 0.82734375 0.01796875 0.02265625
0 0.603125 0.8484375 0.01953125 0.0234375
0 0.58671875 0.8859375 0.01953125 0.021875