0 0.87890625 0.65546875 0.046875 0.046875
0 0.7640625 0.703125 0.040625 0.0390625
0 0.73203125 0.7359375 0.0390625 0.0375
0 0.72890625 0.6671875 0.040625 0.040625
0 0.73125 0.7 0.0375 0.034375
0 0.75546875 0.46015625 0.040625 0.040625
0 0.72578125 0.63359375 0.0375 0.0328125
0 0.69609375 0.6578125 0.0375 0.034375
0 0.7 0.690625 0.0390625 0.0328125
0 0.69921875 0.721875 0.034375 0.0390625
0 0.69296875 0.625 0.0375 0.034375
0 0.6875 0.5703125 0.034375 0.0375
0 0.675 0.59921875 0.0359375 0.034375
0 0.65625 0.6328125 0.034375 0.034375
0 0.6609375 0.66640625 0.034375 0.034375
0 0.66953125 0.69765625 0.034375 0.0375
0 0.66640625 0.73046875 0.034375 0.034375
0 0.63671875 0.725 0.034375 0.034375
0 0.6546875 0.57265625 0.034375 0.034375
0 0.64296875 0.603125 0.0328125 0.03125
0 0.625 0.628125 0.0328125 0.0328125
0 0.63046875 0.65859375 0.03125 0.034375
0 0.6390625 0.6921875 0.0328125 0.034375
0 0.60625 0.7125 0.034375 0.0375
0 0.59921875 0.6453125 0.034375 0.034375
0 0.6109375 0.68046875 0.03125 0.034375
0 0.596875 0.6140625 0.034375 0.0328125
0 0.6265625 0.55703125 0.034375 0.0359375
0 0.61796875 0.58671875 0.03125 0.03125
0 0.62890625 0.525 0.034375 0.034375
0 0.596875 0.54609375 0.0359375 0.0328125
0 0.590625 0.578125 0.034375 0.034375
0 0.5703125 0.6 0.028125 0.0296875
0 0.5734375 0.63125 0.03125 0.03125
0 0.58203125 0.67109375 0.03125 0.034375
0 0.575 0.70546875 0.034375 0.034375
0 0.553125 0.65 0.03125 0.03125
0 0.553125 0.68125 0.0328125 0.0359375
0 0.521875 0.6765625 0.034375 0.034375
0 0.5265625 0.646875 0.0328125 0.034375
0 0.5453125 0.59296875 0.0296875 0.0296875
0 0.540625 0.62109375 0.034375 0.0328125
0 0.5609375 0.571875 0.03125 0.03125
0 0.5765625 0.5171875 0.034375 0.0328125
0 0.55546875 0.540625 0.034375 0.034375
0 0.53515625 0.565625 0.03125 0.03125
0 0.5625 0.49375 0.03125 0.0328125
0 0.5421875 0.5125 0.028125 0.028125
0 0.52890625 0.53828125 0.0296875 0.034375
0 0.51796875 0.590625 0.03125 0.034375
0 0.5109375 0.61953125 0.0296875 0.03125
0 0.55078125 0.42265625 0.034375 0.034375
0 0.53203125 0.453125 0.03125 0.034375
0 0.5375 0.48359375 0.028125 0.0375
0 0.5109375 0.4890625 0.03125 0.03125
0 0.509375 0.51796875 0.028125 0.03125
0 0.49375 0.53984375 0.03125 0.03125
0 0.50234375 0.56796875 0.0296875 0.0296875
0 0.49296875 0.5953125 0.03125 0.03125
0 0.48125 0.621875 0.0328125 0.03125
0 0.4328125 0.6875 0.03125 0.0328125
0 0.45 0.6171875 0.03125 0.03125
0 0.4765625 0.56171875 0.03125 0.03125
0 0.46796875 0.59453125 0.028125 0.03125
0 0.46640625 0.5328125 0.03125 0.03125
0 0.4828125 0.48515625 0.03125 0.0328125
0 0.46328125 0.5078125 0.03125 0.03125
0 0.5015625 0.46015625 0.03125 0.03125
0 0.45 0.5578125 0.028125 0.03125
0 0.44375 0.58671875 0.028125 0.0296875
0 0.41796875 0.58359375 0.028125 0.03125
0 0.43828125 0.5328125 0.0296875 0.03125
0 0.44765625 0.4734375 0.034375 0.0375
0 0.43515625 0.50390625 0.034375 0.028125
0 0.45703125 0.44296875 0.03125 0.034375
0 0.415625 0.5296875 0.0296875 0.0328125
0 0.42421875 0.5546875 0.0265625 0.0296875
0 0.4390625 0.41796875 0.028125 0.0296875
0 0.428125 0.44609375 0.03125 0.034375
0 0.421875 0.4 0.0296875 0.0296875
0 0.4 0.434375 0.028125 0.03125
0 0.3734375 0.434375 0.028125 0.034375
0 0.390625 0.41015625 0.03125 0.03125
0 0.39765625 0.46875 0.03125 0.03125
0 0.38671875 0.4984375 0.025 0.0265625
0 0.390625 0.52578125 0.0265625 0.0296875
0 0.37265625 0.540625 0.028125 0.0296875
0 0.378125 0.565625 0.028125 0.03125
0 0.409375 0.5015625 0.0265625 0.0296875
0 0.39921875 0.55078125 0.028125 0.028125
0 0.384375 0.5921875 0.0265625 0.0296875
0 0.39609375 0.58359375 0.021875 0.028125
0 0.3984375 0.6171875 0.028125 0.03125
0 0.37890625 0.6359375 0.0265625 0.0296875
0 0.3546875 0.6328125 0.0265625 0.0296875
0 0.3640625 0.60546875 0.028125 0.028125
0 0.35625 0.57890625 0.028125 0.028125
0 0.3515625 0.553125 0.0265625 0.0296875
0 0.32578125 0.540625 0.0265625 0.025
0 0.33203125 0.56953125 0.0265625 0.0296875
0 0.325 0.5953125 0.025 0.0265625
0 0.3453125 0.528125 0.0265625 0.0265625
0 0.3609375 0.48828125 0.028125 0.03125
0 0.34921875 0.50078125 0.0265625 0.0265625
0 0.328125 0.48828125 0.025 0.028125
0 0.315625 0.51015625 0.025 0.028125
0 0.30390625 0.53359375 0.0265625 0.0296875
0 0.30703125 0.48515625 0.0234375 0.0296875
0 0.2984375 0.46171875 0.025 0.028125
0 0.28515625 0.51171875 0.0265625 0.0265625
0 0.28359375 0.5390625 0.0234375 0.0296875
0 0.30703125 0.5671875 0.028125 0.03125
0 0.28984375 0.584375 0.025 0.028125
0 0.30546875 0.61328125 0.028125 0.03125
0 0.28984375 0.6375 0.028125 0.028125
0 0.32890625 0.721875 0.03125 0.0328125
0 0.27265625 0.609375 0.025 0.0265625
0 0.271875 0.57265625 0.0265625 0.028125
0 0.2515625 0.565625 0.0265625 0.0265625
0 0.24375 0.59375 0.0265625 0.028125
0 0.22421875 0.58125 0.025 0.0265625
0 0.26171875 0.54453125 0.025 0.03125
0 0.23359375 0.53203125 0.025 0.0265625
0 0.24296875 0.4953125 0.025 0.0296875
0 0.2578125 0.51875 0.025 0.0265625
0 0.24375 0.45546875 0.028125 0.0328125
0 0.24765625 0.41953125 0.025 0.0265625
0 0.24375 0.365625 0.025 0.028125
0 0.24609375 0.39296875 0.0234375 0.0296875
0 0.2046875 0.3265625 0.025 0.0265625
0 0.1875 0.35234375 0.025 0.0265625
0 0.18671875 0.38046875 0.025 0.0265625
0 0.16796875 0.3875 0.028125 0.028125
0 0.14609375 0.384375 0.0203125 0.0234375
0 0.14140625 0.33515625 0.025 0.0265625
0 0.11875 0.3484375 0.0265625 0.0265625
0 0.16640625 0.45703125 0.028125 0.03125
0 0.196875 0.48828125 0.028125 0.03125
0 0.18671875 0.51953125 0.0265625 0.0296875
0 0.18125 0.55078125 0.025 0.0296875
0 0.1859375 0.58828125 0.028125 0.0296875
0 0.1625 0.54921875 0.028125 0.0328125
0 0.13828125 0.55 0.025 0.0296875
0 0.13203125 0.5265625 0.0234375 0.03125