0 0.49921875 0.371875 0.0296875 0.03125
0 0.2125 0.5046875 0.0359375 0.0375
0 0.234375 0.41796875 0.0328125 0.0328125
0 0.2515625 0.38984375 0.0296875 0.0296875
0 0.28046875 0.29609375 0.0296875 0.0296875
0 0.6796875 0.590625 0.0359375 0.0375
0 0.4484375 0.590625 0.0328125 0.0328125
0 0.42578125 0.46015625 0.0296875 0.03125
0 0.5796875 0.353125 0.0296875 0.03125
0 0.84375 0.50703125 0.0375 0.034375
0 0.48671875 0.29296875 0.0296875 0.0296875
0 0.37265625 0.36953125 0.0296875 0.0296875
0 0.29765625 0.40859375 0.0296875 0.0296875
0 0.3078125 0.26015625 0.0296875 0.0296875
0 0.43125 0.2375 0.028125 0.03125
0 0.9078125 0.57890625 0.040625 0.0375
0 0.2796875 0.55703125 0.034375 0.034375
0 0.34140625 0.34921875 0.0296875 0.0296875
0 0.6671875 0.1953125 0.0296875 0.0296875
0 0.64765625 0.66953125 0.0359375 0.0359375
0 0.615625 0.6796875 0.034375 0.0359375
0 0.4203125 0.33125 0.0296875 0.0296875
0 0.60234375 0.39375 0.03125 0.0359375
0 0.465625 0.3421875 0.0296875 0.0296875
0 0.3421875 0.675 0.034375 0.0375
0 0.33671875 0.459375 0.0296875 0.0296875
0 0.4234375 0.62578125 0.034375 0.034375
0 0.3953125 0.70546875 0.034375 0.0359375
0 0.4515625 0.50390625 0.0296875 0.03125
0 0.4734375 0.51640625 0.03125 0.0328125
0 0.365625 0.48125 0.03125 0.0328125
0 0.428125 0.3578125 0.0296875 0.0296875
0 0.646875 0.5515625 0.034375 0.034375
0 0.57890625 0.528125 0.034375 0.034375
0 0.54453125 0.571875 0.03125 0.0328125
0 0.6640625 0.15 0.0296875 0.03125
0 0.47734375 0.43515625 0.0296875 0.0296875
0 0.61015625 0.43203125 0.0328125 0.0328125
0 0.47734375 0.47734375 0.0328125 0.0328125
0 0.2890625 0.5875 0.0328125 0.0328125
0 0.30234375 0.37890625 0.0296875 0.0296875
0 0.53125 0.696875 0.034375 0.0359375
0 0.46484375 0.40078125 0.03125 0.03125
0 0.4296875 0.715625 0.034375 0.0375
0 0.62734375 0.5828125 0.034375 0.034375
0 0.3125 0.65859375 0.034375 0.034375
0 0.6484375 0.525 0.034375 0.034375
0 0.62109375 0.60859375 0.034375 0.034375
0 0.5578125 0.66796875 0.034375 0.0359375
0 0.36640625 0.52109375 0.03125 0.0328125
0 0.3515625 0.5640625 0.0328125 0.0328125
0 0.50078125 0.475 0.034375 0.034375
0 0.6359375 0.484375 0.034375 0.034375
0 0.61875 0.64140625 0.034375 0.0375
0 0.509375 0.4234375 0.03125 0.0328125
0 0.31328125 0.575 0.0328125 0.0328125
0 0.3046875 0.6328125 0.0328125 0.0328125
0 0.51640625 0.38984375 0.034375 0.034375
0 0.3125 0.3671875 0.0296875 0.0265625
0 0.33671875 0.5921875 0.034375 0.034375
0 0.57109375 0.56796875 0.034375 0.034375
0 0.459375 0.715625 0.034375 0.0375
0 0.33359375 0.4859375 0.0296875 0.03125
0 0.60078125 0.50078125 0.034375 0.0359375
0 0.6265625 0.50859375 0.034375 0.034375
0 0.325 0.5203125 0.0328125 0.0328125
0 0.59296875 0.54921875 0.034375 0.0359375
0 0.33828125 0.646875 0.0328125 0.0328125
0 0.42109375 0.6578125 0.034375 0.034375
0 0.503125 0.4484375 0.03125 0.03125
0 0.40078125 0.678125 0.034375 0.034375
0 0.4515625 0.36796875 0.03125 0.0328125
0 0.6171875 0.4640625 0.0328125 0.0328125
0 0.584375 0.47890625 0.034375 0.034375
0 0.58359375 0.5921875 0.034375 0.0359375
0 0.58515625 0.6515625 0.0375 0.0375
0 0.50625 0.6328125 0.0359375 0.0359375
0 0.340625 0.54375 0.03125 0.0328125
0 0.31171875 0.60390625 0.0328125 0.0328125
0 0.44609375 0.64453125 0.034375 0.0375
0 0.428125 0.68671875 0.0328125 0.0328125
0 0.47109375 0.65546875 0.034375 0.034375
0 0.6203125 0.5515625 0.0328125 0.034375
0 0.5921875 0.45546875 0.034375 0.034375
0 0.52421875 0.66953125 0.034375 0.0359375
0 0.48984375 0.3921875 0.03125 0.0328125
0 0.33125 0.621875 0.0328125 0.0328125
0 0.3484375 0.503125 0.0296875 0.03125
0 0.53359375 0.6171875 0.034375 0.034375
0 0.47265625 0.6890625 0.034375 0.0359375
0 0.4515625 0.67265625 0.034375 0.0359375
0 0.55859375 0.60390625 0.034375 0.034375
0 0.315625 0.54609375 0.0328125 0.0328125
0 0.58359375 0.62265625 0.034375 0.034375
0 0.49921875 0.66015625 0.034375 0.0359375
0 0.53203125 0.6453125 0.034375 0.0359375
0 0.4828125 0.36875 0.03125 0.0328125
0 0.55625 0.63046875 0.034375 0.034375
0 0.49921875 0.68828125 0.034375 0.0375