0 0.29375 0.778125 0.0375 0.0390625
0 0.3546875 0.50625 0.040625 0.040625
0 0.41171875 0.5125 0.0421875 0.0421875
0 0.40078125 0.40703125 0.0375 0.040625
0 0.37578125 0.38359375 0.0375 0.0390625
0 0.34921875 0.3453125 0.0375 0.040625
0 0.48515625 0.61328125 0.040625 0.040625
0 0.49375 0.4765625 0.0375 0.0421875
0 0.48046875 0.42578125 0.0375 0.0359375
0 0.48046875 0.44453125 0.0390625 0.034375
0 0.55390625 0.51640625 0.0375 0.040625
0 0.60703125 0.55234375 0.0375 0.0375
0 0.69140625 0.3859375 0.0390625 0.0421875
0 0.61796875 0.29921875 0.0390625 0.0421875
0 0.58671875 0.2890625 0.0375 0.040625
0 0.6265625 0.25703125 0.040625 0.040625
0 0.78515625 0.33828125 0.0421875 0.046875