0 0.48671875 0.459375 0.015625 0.01171875
0 0.49609375 0.4546875 0.0109375 0.009375
0 0.4734375 0.45625 0.01171875 0.009375
0 0.4640625 0.4625 0.01484375 0.0109375
0 0.478125 0.465625 0.01171875 0.01015625
0 0.45390625 0.46875 0.01328125 0.01171875
0 0.46640625 0.47265625 0.0125 0.01015625
0 0.4375 0.471875 0.01328125 0.01015625
0 0.4484375 0.47734375 0.0125 0.00859375
0 0.459375 0.48203125 0.01328125 0.009375
0 0.43125 0.490625 0.01171875 0.009375
0 0.4390625 0.4984375 0.01328125 0.01015625
0 0.434375 0.48125 0.0125 0.00859375
0 0.4453125 0.4859375 0.01171875 0.00859375
0 0.4546875 0.49296875 0.0125 0.00859375
0 0.46484375 0.49765625 0.0125 0.009375
0 0.46328125 0.51484375 0.0140625 0.01015625
0 0.46953125 0.48671875 0.0125 0.01015625
0 0.4453125 0.5140625 0.0140625 0.009375
0 0.4796875 0.49296875 0.01328125 0.01015625
0 0.43515625 0.51015625 0.0140625 0.01015625
0 0.47265625 0.50546875 0.01328125 0.00859375
0 0.42421875 0.5046875 0.01328125 0.01171875
0 0.45078125 0.50390625 0.01328125 0.0109375
0 0.41640625 0.496875 0.0140625 0.01015625
0 0.44296875 0.46015625 0.015625 0.0109375
0 0.46328125 0.45234375 0.01640625 0.01171875
0 0.484375 0.45 0.0140625 0.009375
0 0.49453125 0.44453125 0.0125 0.009375
0 0.5078125 0.446875 0.0140625 0.0109375
0 0.51640625 0.45390625 0.01328125 0.0109375
0 0.5359375 0.459375 0.01484375 0.0109375
0 0.559375 0.45625 0.01640625 0.0078125
0 0.54921875 0.44296875 0.015625 0.01015625
0 0.55859375 0.43125 0.01328125 0.0125
0 0.559375 0.4484375 0.0140625 0.01015625
0 0.56796875 0.4734375 0.01484375 0.01015625
0 0.5484375 0.48828125 0.0125 0.0109375
0 0.58203125 0.46953125 0.015625 0.0109375
0 0.53671875 0.49296875 0.0140625 0.0109375
0 0.54921875 0.503125 0.0125 0.01015625
0 0.52578125 0.48671875 0.01484375 0.01015625
0 0.52890625 0.5046875 0.0140625 0.01171875
0 0.54296875 0.5109375 0.01328125 0.0109375
0 0.55625 0.5078125 0.01328125 0.0109375
0 0.5921875 0.496875 0.01484375 0.0109375
0 0.60546875 0.496875 0.01484375 0.01015625
0 0.61015625 0.5234375 0.01640625 0.01171875
0 0.56328125 0.5296875 0.0140625 0.01171875
0 0.54296875 0.5265625 0.015625 0.0109375
0 0.540625 0.54453125 0.01640625 0.01171875
0 0.55 0.5390625 0.0140625 0.01015625
0 0.5609375 0.54375 0.0140625 0.0109375
0 0.5703125 0.6 0.01171875 0.01015625
0 0.56015625 0.5703125 0.01484375 0.0109375
0 0.57578125 0.59453125 0.0140625 0.0109375
0 0.521875 0.5640625 0.01171875 0.01015625
0 0.534375 0.5671875 0.0140625 0.01171875
0 0.5578125 0.5953125 0.01328125 0.01171875
0 0.51015625 0.5671875 0.01328125 0.01015625
0 0.51328125 0.57734375 0.01484375 0.0109375
0 0.52421875 0.5828125 0.01328125 0.01171875
0 0.540625 0.6171875 0.01328125 0.01171875
0 0.52109375 0.60234375 0.0140625 0.0109375
0 0.3921875 0.4890625 0.01484375 0.01328125
0 0.40703125 0.503125 0.01484375 0.0109375
0 0.42421875 0.5296875 0.0109375 0.01015625
0 0.41484375 0.5125 0.0125 0.009375
0 0.35234375 0.515625 0.0140625 0.01015625
0 0.36875 0.50859375 0.0140625 0.0109375
0 0.41484375 0.521875 0.01328125 0.00859375
0 0.42890625 0.52265625 0.01328125 0.01015625
0 0.49140625 0.603125 0.01484375 0.01015625
0 0.4765625 0.57578125 0.01328125 0.0109375
0 0.4765625 0.5421875 0.0125 0.0109375
0 0.50078125 0.5140625 0.01328125 0.0109375
0 0.45625 0.559375 0.0125 0.01171875
0 0.47109375 0.56171875 0.0140625 0.01171875
0 0.44453125 0.56171875 0.0125 0.0109375
0 0.45625 0.5734375 0.0140625 0.01015625
0 0.41953125 0.53984375 0.0125 0.01015625
0 0.43671875 0.56953125 0.0125 0.01171875
0 0.4265625 0.5484375 0.01328125 0.01015625
0 0.42890625 0.5796875 0.01328125 0.01015625
0 0.4140625 0.55234375 0.0140625 0.009375
0 0.43359375 0.5578125 0.009375 0.00859375
0 0.40859375 0.53203125 0.0125 0.01015625
0 0.41796875 0.56328125 0.0109375 0.009375
0 0.42734375 0.5609375 0.01328125 0.01015625
0 0.4203125 0.59453125 0.0125 0.01171875
0 0.3640625 0.54375 0.01328125 0.01015625
0 0.375 0.53828125 0.015625 0.01015625
0 0.4109375 0.5859375 0.01328125 0.0109375
0 0.41796875 0.60390625 0.01328125 0.0109375
0 0.3640625 0.58125 0.015625 0.01171875
0 0.38203125 0.59140625 0.0125 0.0109375
0 0.4046875 0.60546875 0.0140625 0.01015625
0 0.42109375 0.625 0.0125 0.01171875
0 0.4453125 0.62890625 0.01328125 0.0109375