0 0.57109375 0.49375 0.01875 0.0171875
0 0.49296875 0.5375 0.0171875 0.015625
0 0.625 0.4984375 0.0171875 0.015625
0 0.575 0.54140625 0.0171875 0.0171875
0 0.55546875 0.3609375 0.015625 0.015625
0 0.5140625 0.33828125 0.0171875 0.015625
0 0.50078125 0.31328125 0.015625 0.015625
0 0.565625 0.43671875 0.015625 0.0140625
0 0.59296875 0.51015625 0.015625 0.0140625
0 0.525 0.41171875 0.0171875 0.0140625
0 0.5 0.5609375 0.015625 0.0140625
0 0.45234375 0.296875 0.0171875 0.015625
0 0.4765625 0.54765625 0.015625 0.015625
0 0.5015625 0.39921875 0.015625 0.015625
0 0.5 0.45078125 0.015625 0.0171875
0 0.58828125 0.39375 0.0171875 0.015625
0 0.5125 0.4671875 0.015625 0.0140625
0 0.57421875 0.51171875 0.0171875 0.015625
0 0.478125 0.56171875 0.015625 0.0140625
0 0.41875 0.55703125 0.015625 0.0140625
0 0.4640625 0.31953125 0.015625 0.0171875
0 0.52421875 0.36484375 0.015625 0.0140625
0 0.3375 0.55859375 0.015625 0.0140625
0 0.5796875 0.525 0.015625 0.0140625
0 0.6265625 0.4140625 0.0171875 0.015625
0 0.4703125 0.46171875 0.0140625 0.0140625
0 0.37578125 0.5546875 0.0171875 0.0140625
0 0.415625 0.31875 0.015625 0.0171875
0 0.4453125 0.465625 0.0171875 0.015625
0 0.309375 0.41953125 0.015625 0.0140625
0 0.434375 0.51640625 0.015625 0.0140625
0 0.4125 0.52890625 0.015625 0.0140625
0 0.60234375 0.38515625 0.0171875 0.015625
0 0.51875 0.5578125 0.0171875 0.0140625
0 0.30390625 0.43984375 0.0140625 0.0140625
0 0.4 0.5421875 0.015625 0.0140625
0 0.43671875 0.5640625 0.0140625 0.0140625
0 0.26796875 0.453125 0.015625 0.0140625
0 0.5828125 0.37734375 0.0171875 0.015625
0 0.30703125 0.503125 0.015625 0.0140625
0 0.38125 0.3171875 0.015625 0.015625
0 0.3234375 0.53984375 0.0140625 0.0140625
0 0.61484375 0.39609375 0.0171875 0.015625
0 0.41015625 0.48828125 0.015625 0.0140625
0 0.30625 0.4875 0.0140625 0.0140625
0 0.44765625 0.49765625 0.0140625 0.0140625
0 0.4390625 0.47890625 0.015625 0.0140625
0 0.3984375 0.36796875 0.015625 0.015625
0 0.47265625 0.375 0.0171875 0.015625
0 0.3390625 0.475 0.015625 0.0140625
0 0.38515625 0.415625 0.015625 0.015625
0 0.28046875 0.44296875 0.0171875 0.0140625
0 0.37578125 0.43125 0.015625 0.0140625
0 0.6421875 0.49921875 0.0171875 0.0171875
0 0.4109375 0.50546875 0.015625 0.015625
0 0.25859375 0.42578125 0.015625 0.0140625
0 0.34921875 0.53515625 0.015625 0.0140625
0 0.4171875 0.34375 0.015625 0.0171875
0 0.3921875 0.46875 0.015625 0.0171875
0 0.37890625 0.53125 0.0140625 0.0140625
0 0.4609375 0.43671875 0.015625 0.0140625
0 0.296875 0.46953125 0.015625 0.0140625
0 0.35625 0.50546875 0.015625 0.0140625
0 0.478125 0.415625 0.015625 0.0140625
0 0.27890625 0.42890625 0.015625 0.0171875
0 0.4046875 0.38671875 0.015625 0.015625
0 0.33671875 0.528125 0.015625 0.015625
0 0.459375 0.39453125 0.0171875 0.015625
0 0.33984375 0.49296875 0.015625 0.0140625
0 0.28359375 0.46015625 0.015625 0.0140625
0 0.471875 0.359375 0.0171875 0.015625
0 0.46328125 0.34296875 0.0171875 0.015625
0 0.4453125 0.34609375 0.0171875 0.0171875
0 0.3921875 0.45 0.015625 0.0140625
0 0.43046875 0.36640625 0.0171875 0.0171875
0 0.36484375 0.525 0.015625 0.0140625
0 0.36875 0.51171875 0.015625 0.0140625
0 0.4578125 0.35703125 0.015625 0.015625
0 0.43046875 0.3421875 0.015625 0.015625
0 0.325 0.48515625 0.0171875 0.0140625
0 0.41328125 0.36953125 0.015625 0.015625
0 0.40625 0.44921875 0.015625 0.015625
0 0.46484375 0.409375 0.0171875 0.015625
0 0.43828125 0.384375 0.015625 0.0171875
0 0.3359375 0.509375 0.015625 0.0171875
0 0.43046875 0.4234375 0.015625 0.015625
0 0.4578125 0.421875 0.015625 0.015625
0 0.3890625 0.43359375 0.0140625 0.0140625
0 0.44375 0.43125 0.0171875 0.0140625
0 0.32421875 0.5015625 0.0171875 0.0140625
0 0.40234375 0.415625 0.0171875 0.0171875
0 0.4296875 0.3984375 0.015625 0.0171875
0 0.415625 0.425 0.0140625 0.0140625
0 0.41875 0.4109375 0.015625 0.015625
0 0.44375 0.40078125 0.0140625 0.015625
0 0.41640625 0.39375 0.0171875 0.0171875
0 0.40234375 0.43046875 0.015625 0.015625
0 0.42421875 0.37890625 0.0171875 0.015625
0 0.4453125 0.415625 0.015625 0.015625
0 0.60703125 0.3890625 0.015625 0.0140625