0 0.59140625 0.62890625 0.0171875 0.0203125
0 0.603125 0.59453125 0.01796875 0.0203125
0 0.55234375 0.57734375 0.015625 0.01640625
0 0.5328125 0.58203125 0.01796875 0.0171875
0 0.51484375 0.57421875 0.01640625 0.01640625
0 0.4890625 0.59609375 0.01796875 0.01796875
0 0.4734375 0.6078125 0.015625 0.0171875
0 0.4296875 0.6046875 0.01796875 0.01875
0 0.4265625 0.578125 0.0171875 0.01953125
0 0.40546875 0.55859375 0.0171875 0.01875
0 0.39296875 0.5453125 0.015625 0.01875
0 0.41875 0.51484375 0.01640625 0.01796875
0 0.428125 0.54609375 0.01484375 0.01796875
0 0.44140625 0.5015625 0.0171875 0.01796875
0 0.43828125 0.55703125 0.015625 0.01796875
0 0.4375 0.534375 0.015625 0.015625
0 0.44921875 0.54375 0.01640625 0.0171875
0 0.47734375 0.5875 0.015625 0.01640625
0 0.4734375 0.56015625 0.0171875 0.01640625
0 0.4828125 0.5734375 0.015625 0.01796875
0 0.48828125 0.55625 0.01640625 0.0171875
0 0.4765625 0.5390625 0.01484375 0.01640625
0 0.56875 0.5578125 0.01640625 0.01796875
0 0.55390625 0.54609375 0.01484375 0.0171875
0 0.5359375 0.53515625 0.01640625 0.0171875
0 0.5109375 0.51875 0.0171875 0.01796875
0 0.4953125 0.5125 0.0171875 0.01796875
0 0.484375 0.496875 0.01640625 0.0171875
0 0.50078125 0.490625 0.01640625 0.01640625
0 0.4578125 0.484375 0.01640625 0.01796875