0 0.771875 0.92265625 0.0359375 0.0359375
0 0.765625 0.89140625 0.0359375 0.034375
0 0.71171875 0.8859375 0.0375 0.0375
0 0.6765625 0.90703125 0.0375 0.0375
0 0.63203125 0.89765625 0.034375 0.034375
0 0.6046875 0.9140625 0.034375 0.0359375
0 0.615625 0.9515625 0.034375 0.0375
0 0.57109375 0.90859375 0.0359375 0.04375
0 0.5265625 0.92578125 0.0390625 0.0359375
0 0.5328125 0.89296875 0.0328125 0.034375
0 0.45703125 0.91484375 0.034375 0.0359375
0 0.50390625 0.88125 0.0359375 0.053125
0 0.47109375 0.87109375 0.0375 0.053125
0 0.4953125 0.8484375 0.034375 0.034375
0 0.5546875 0.87109375 0.034375 0.0359375
0 0.525 0.85859375 0.0328125 0.034375
0 0.46640625 0.834375 0.034375 0.034375
0 0.35078125 0.9234375 0.0359375 0.0359375
0 0.2984375 0.8421875 0.0375 0.05
0 0.334375 0.81171875 0.034375 0.034375
0 0.23671875 0.8234375 0.034375 0.034375
0 0.1765625 0.8265625 0.0359375 0.05
0 0.1578125 0.7953125 0.034375 0.034375
0 0.18671875 0.7875 0.034375 0.034375
0 0.215625 0.771875 0.0375 0.034375
0 0.225 0.74375 0.0359375 0.0375
0 0.16953125 0.75859375 0.034375 0.034375
0 0.14453125 0.7140625 0.0375 0.0375
0 0.1828125 0.7109375 0.0359375 0.034375
0 0.22109375 0.7109375 0.0375 0.0359375
0 0.24921875 0.68671875 0.034375 0.034375
0 0.2140625 0.67890625 0.034375 0.0359375
0 0.1828125 0.67421875 0.0359375 0.034375
0 0.15 0.68125 0.0359375 0.0375
0 0.21171875 0.646875 0.0359375 0.0375
0 0.24921875 0.65234375 0.0359375 0.0375
0 0.2796875 0.625 0.0375 0.0375
0 0.246875 0.60703125 0.034375 0.034375
0 0.228125 0.57890625 0.034375 0.034375
0 0.19453125 0.5875 0.0390625 0.0359375
0 0.1984375 0.61796875 0.0359375 0.0359375
0 0.18984375 0.54609375 0.034375 0.034375
0 0.2234375 0.546875 0.034375 0.034375
0 0.2625 0.5734375 0.034375 0.034375
0 0.26328125 0.54375 0.034375 0.034375
0 0.24375 0.521875 0.034375 0.0359375
0 0.29375 0.55390625 0.0375 0.0359375
0 0.29375 0.5234375 0.0359375 0.034375
0 0.3484375 0.59765625 0.0375 0.034375
0 0.34609375 0.53125 0.0359375 0.0359375
0 0.3046875 0.49296875 0.0359375 0.0359375
0 0.34140625 0.49921875 0.034375 0.0359375
0 0.278125 0.48359375 0.034375 0.0359375
0 0.26015625 0.4578125 0.034375 0.034375
0 0.334375 0.4703125 0.0359375 0.0375
0 0.30390625 0.45234375 0.034375 0.0359375
0 0.33203125 0.43671875 0.0359375 0.0359375
0 0.31015625 0.39296875 0.0359375 0.0359375
0 0.27890625 0.39921875 0.034375 0.0375
0 0.334375 0.3734375 0.0359375 0.0375
0 0.34765625 0.40625 0.0359375 0.0359375
0 0.35390625 0.35078125 0.034375 0.0375
0 0.3671875 0.30078125 0.0375 0.0375
0 0.34921875 0.31015625 0.034375 0.0390625
0 0.38515625 0.3359375 0.034375 0.0375
0 0.3984375 0.30625 0.0359375 0.0375
0 0.3921875 0.27265625 0.034375 0.0359375
0 0.3890625 0.365625 0.0375 0.0375
0 0.38046875 0.4 0.0359375 0.0359375
0 0.3671875 0.43125 0.0359375 0.034375
0 0.39765625 0.55546875 0.0359375 0.034375
0 0.3703125 0.484375 0.034375 0.034375
0 0.41015625 0.46171875 0.0359375 0.0375
0 0.40859375 0.42890625 0.0375 0.0375
0 0.41640625 0.3953125 0.034375 0.0359375
0 0.4140625 0.34765625 0.0359375 0.0359375
0 0.42734375 0.31875 0.0359375 0.0375
0 0.43046875 0.284375 0.034375 0.0359375
0 0.4609375 0.28671875 0.0359375 0.0375
0 0.47734375 0.31640625 0.034375 0.0375
0 0.4796875 0.35390625 0.034375 0.0359375
0 0.50546875 0.33203125 0.034375 0.0359375
0 0.51328125 0.36171875 0.034375 0.0359375
0 0.50546875 0.296875 0.034375 0.0375
0 0.4890625 0.384375 0.034375 0.034375
0 0.4828125 0.41328125 0.040625 0.0375
0 0.51953125 0.4046875 0.034375 0.034375
0 0.53203125 0.43359375 0.034375 0.034375
0 0.47734375 0.44453125 0.0375 0.0359375
0 0.45234375 0.42734375 0.034375 0.0359375
0 0.43984375 0.4953125 0.034375 0.0359375
0 0.46640625 0.47109375 0.034375 0.0375
0 0.50234375 0.465625 0.034375 0.034375
0 0.4921875 0.4953125 0.0375 0.0359375
0 0.53046875 0.50234375 0.034375 0.034375
0 0.54609375 0.475 0.034375 0.034375
0 0.540625 0.5375 0.034375 0.034375
0 0.496875 0.52578125 0.034375 0.034375
0 0.4640625 0.51484375 0.034375 0.0359375
0 0.4140625 0.51171875 0.034375 0.034375
0 0.38125 0.51875 0.034375 0.034375
0 0.465625 0.546875 0.0375 0.034375
0 0.4453125 0.609375 0.034375 0.0359375
0 0.49921875 0.590625 0.034375 0.0375
0 0.43046875 0.5390625 0.0359375 0.0359375
0 0.4984375 0.5578125 0.0359375 0.0375
0 0.53203125 0.56796875 0.0375 0.0375
0 0.5296875 0.60703125 0.0359375 0.0359375
0 0.5046875 0.6453125 0.0375 0.0375
0 0.49375 0.6765625 0.034375 0.034375
0 0.4546875 0.759375 0.034375 0.034375
0 0.54609375 0.74609375 0.034375 0.0359375
0 0.54765625 0.6390625 0.034375 0.034375
0 0.53984375 0.69140625 0.034375 0.0375
0 0.66875 0.8703125 0.0359375 0.0359375
0 0.621875 0.86640625 0.034375 0.034375
0 0.68046875 0.815625 0.0375 0.034375
0 0.71015625 0.84609375 0.034375 0.0359375
0 0.740625 0.82734375 0.0359375 0.034375
0 0.7765625 0.834375 0.034375 0.034375
0 0.753125 0.79375 0.034375 0.0359375
0 0.6765625 0.7828125 0.0375 0.034375
0 0.728125 0.753125 0.034375 0.034375
0 0.821875 0.775 0.034375 0.0359375
0 0.76484375 0.7265625 0.0359375 0.034375
0 0.76875 0.69296875 0.034375 0.0375
0 0.809375 0.70390625 0.0375 0.0375
0 0.8671875 0.73203125 0.034375 0.0359375
0 0.89140625 0.69921875 0.0359375 0.034375
0 0.86953125 0.66640625 0.0375 0.0359375
0 0.87421875 0.63515625 0.0359375 0.034375
0 0.8125 0.66015625 0.0359375 0.0359375
0 0.7796875 0.6375 0.034375 0.0375
0 0.74375 0.665625 0.0359375 0.0375
0 0.71953125 0.63125 0.040625 0.034375
0 0.68984375 0.5921875 0.0359375 0.0359375
0 0.6421875 0.63125 0.0359375 0.0375
0 0.59453125 0.63828125 0.034375 0.0359375
0 0.60703125 0.60390625 0.034375 0.034375
0 0.6578125 0.5703125 0.0359375 0.034375
0 0.71484375 0.55078125 0.0359375 0.0375
0 0.76015625 0.5765625 0.0375 0.0375
0 0.76796875 0.6078125 0.0359375 0.034375
0 0.79375 0.5734375 0.034375 0.034375
0 0.8265625 0.56953125 0.0375 0.0359375
0 0.78203125 0.49140625 0.0375 0.0375
0 0.734375 0.50078125 0.0375 0.0375
0 0.69453125 0.4984375 0.0359375 0.0375
0 0.6984375 0.459375 0.0359375 0.0375
0 0.74609375 0.471875 0.0390625 0.0359375
0 0.71484375 0.43359375 0.0375 0.034375
0 0.68125 0.415625 0.0375 0.0359375
0 0.61953125 0.41328125 0.034375 0.034375
0 0.571875 0.39609375 0.0375 0.0375
0 0.59296875 0.36875 0.0359375 0.0359375
0 0.65859375 0.3859375 0.034375 0.0375
0 0.65078125 0.3203125 0.0359375 0.0375
0 0.66171875 0.35078125 0.034375 0.0375
0 0.6875 0.36875 0.034375 0.0375
0 0.75703125 0.384375 0.034375 0.040625
0 0.78203125 0.4203125 0.0390625 0.0375
0 0.80859375 0.39609375 0.0359375 0.0375
0 0.7921875 0.3453125 0.0375 0.0375
0 0.8921875 0.3734375 0.034375 0.0359375
0 0.6828125 0.32109375 0.0359375 0.0375
0 0.603125 0.3109375 0.040625 0.0359375
0 0.6265625 0.284375 0.0359375 0.0375
0 0.66484375 0.28984375 0.034375 0.0375
0 0.70234375 0.28203125 0.0375 0.040625
0 0.7265625 0.23984375 0.0375 0.0375
0 0.703125 0.22109375 0.0359375 0.0375
0 0.6484375 0.25703125 0.034375 0.0375
0 0.61796875 0.18828125 0.0390625 0.04375
0 0.55390625 0.253125 0.034375 0.0375
0 0.4890625 0.23046875 0.034375 0.0375
0 0.4359375 0.24140625 0.0359375 0.0375
0 0.80625 0.23359375 0.0359375 0.0359375
0 0.4203125 0.16875 0.0375 0.040625
0 0.38203125 0.18828125 0.0359375 0.0390625
0 0.3796875 0.1484375 0.034375 0.0375
0 0.45234375 0.3375 0.034375 0.0359375