0 0.63828125 0.625 0.0140625 0.0140625
0 0.6578125 0.546875 0.0171875 0.01875
0 0.6609375 0.51171875 0.0140625 0.0140625
0 0.6484375 0.50625 0.015625 0.015625
0 0.6578125 0.5 0.0140625 0.0140625
0 0.665625 0.490625 0.0140625 0.0140625
0 0.653125 0.48671875 0.0140625 0.0140625
0 0.478125 0.659375 0.01875 0.01875
0 0.465625 0.6875 0.01875 0.01875
0 0.44296875 0.70078125 0.01875 0.0171875
0 0.31953125 0.6359375 0.021875 0.0171875
0 0.3671875 0.56171875 0.01875 0.0171875
0 0.38984375 0.5796875 0.01875 0.01875
0 0.38515625 0.634375 0.0171875 0.015625
0 0.403125 0.5953125 0.0140625 0.0140625
0 0.41796875 0.5984375 0.0171875 0.015625
0 0.41796875 0.6328125 0.015625 0.01875
0 0.4375 0.60078125 0.0171875 0.0171875
0 0.4328125 0.61640625 0.015625 0.015625
0 0.4375 0.63359375 0.01875 0.01875
0 0.44609375 0.61875 0.0140625 0.0140625
0 0.45390625 0.60859375 0.0140625 0.0140625
0 0.46015625 0.59609375 0.0140625 0.0140625
0 0.47265625 0.60625 0.01875 0.01875
0 0.51015625 0.60703125 0.01875 0.0203125
0 0.49296875 0.63359375 0.01875 0.01875
0 0.51875 0.66875 0.01875 0.01875
0 0.54765625 0.65234375 0.01875 0.01875
0 0.5703125 0.63515625 0.0140625 0.0140625
0 0.5546875 0.6359375 0.0140625 0.0140625
0 0.553125 0.6234375 0.0140625 0.0140625
0 0.58125 0.58515625 0.0171875 0.015625
0 0.57109375 0.57109375 0.015625 0.015625
0 0.57890625 0.55390625 0.0140625 0.0140625
0 0.58359375 0.5421875 0.0140625 0.0140625
0 0.56484375 0.5578125 0.0140625 0.0140625
0 0.56875 0.546875 0.0140625 0.0140625
0 0.575 0.5265625 0.015625 0.015625
0 0.5609375 0.53671875 0.015625 0.015625
0 0.553125 0.58125 0.0171875 0.015625
0 0.54296875 0.59609375 0.015625 0.015625
0 0.528125 0.60078125 0.0140625 0.0140625
0 0.53125 0.5890625 0.0140625 0.0140625
0 0.5421875 0.58359375 0.0140625 0.0140625
0 0.54140625 0.5703125 0.015625 0.015625
0 0.525 0.57734375 0.0140625 0.0140625
0 0.52734375 0.56484375 0.0171875 0.015625
0 0.50546875 0.5671875 0.0171875 0.015625
0 0.51015625 0.55390625 0.0171875 0.01875
0 0.52421875 0.55078125 0.0140625 0.0140625
0 0.5453125 0.54453125 0.0140625 0.0140625
0 0.53671875 0.5359375 0.0140625 0.015625
0 0.52421875 0.5359375 0.0140625 0.0140625
0 0.5125 0.54140625 0.0140625 0.0140625
0 0.51875 0.52578125 0.0140625 0.0140625
0 0.50625 0.53046875 0.0140625 0.0140625
0 0.5125 0.5125 0.0171875 0.015625
0 0.49375 0.52734375 0.01875 0.0171875
0 0.478125 0.5390625 0.015625 0.015625
0 0.4640625 0.53671875 0.0171875 0.015625
0 0.45 0.55078125 0.0171875 0.015625
0 0.43515625 0.54765625 0.0140625 0.0140625
0 0.3875 0.53828125 0.0171875 0.0171875
0 0.4 0.5296875 0.0140625 0.0140625
0 0.41015625 0.5203125 0.0140625 0.0140625
0 0.39921875 0.51328125 0.0140625 0.0140625
0 0.44296875 0.53125 0.0171875 0.0171875
0 0.4671875 0.51015625 0.0140625 0.0140625
0 0.46171875 0.5203125 0.0140625 0.0140625
0 0.4765625 0.5140625 0.0125 0.0140625
0 0.45859375 0.50625 0.009375 0.0140625
0 0.553125 0.49765625 0.0171875 0.01875
0 0.54140625 0.49140625 0.015625 0.015625
0 0.528125 0.48984375 0.01875 0.01875
0 0.51015625 0.484375 0.01875 0.0171875
0 0.49453125 0.4921875 0.0171875 0.015625
0 0.48125 0.49453125 0.0140625 0.0140625
0 0.46796875 0.49453125 0.015625 0.0140625
0 0.4671875 0.4828125 0.015625 0.015625
0 0.45234375 0.47578125 0.01875 0.0171875
0 0.459375 0.4625 0.0140625 0.0140625
0 0.4453125 0.4546875 0.0171875 0.015625
0 0.45078125 0.49921875 0.01875 0.01875
0 0.434375 0.496875 0.0171875 0.01875
0 0.42421875 0.484375 0.0171875 0.015625
0 0.4078125 0.48203125 0.0171875 0.01875
0 0.41328125 0.4703125 0.015625 0.015625
0 0.4 0.46328125 0.0171875 0.015625
0 0.403125 0.4515625 0.0171875 0.015625
0 0.415625 0.44765625 0.0171875 0.015625
0 0.40390625 0.43515625 0.01875 0.01875
0 0.4765625 0.3171875 0.015625 0.015625
0 0.46328125 0.31171875 0.01875 0.01875
0 0.51875 0.32890625 0.0203125 0.01875
0 0.5890625 0.434375 0.0140625 0.015625
0 0.57734375 0.42890625 0.015625 0.015625
0 0.55234375 0.434375 0.0171875 0.015625
0 0.540625 0.43828125 0.01875 0.01875
0 0.540625 0.4140625 0.0140625 0.0140625
0 0.534375 0.4015625 0.01875 0.0171875
0 0.515625 0.39453125 0.0171875 0.015625
0 0.4953125 0.4109375 0.015625 0.015625
0 0.49296875 0.3875 0.0171875 0.015625
0 0.55390625 0.4671875 0.0171875 0.0171875
0 0.540625 0.4671875 0.0140625 0.0140625
0 0.5296875 0.46015625 0.0171875 0.015625
0 0.50703125 0.446875 0.0171875 0.015625
0 0.49765625 0.4359375 0.0171875 0.015625
0 0.4859375 0.4265625 0.0140625 0.0140625
0 0.471875 0.4234375 0.0171875 0.015625
0 0.4765625 0.43828125 0.0140625 0.0140625
0 0.4625 0.43046875 0.0171875 0.015625
0 0.45234375 0.40859375 0.0171875 0.015625
0 0.446875 0.4265625 0.015625 0.015625
0 0.44140625 0.41640625 0.0140625 0.0140625
0 0.4296875 0.40859375 0.0171875 0.015625
0 0.43515625 0.396875 0.01875 0.0171875
0 0.41640625 0.3984375 0.0171875 0.0171875
0 0.41953125 0.33046875 0.0203125 0.01875
0 0.4 0.3984375 0.0171875 0.01875
0 0.38515625 0.3953125 0.0171875 0.0171875
0 0.3875 0.41015625 0.0140625 0.0140625
0 0.37265625 0.40625 0.015625 0.015625
0 0.3734375 0.4515625 0.0171875 0.015625
0 0.3671875 0.4921875 0.01875 0.0171875
0 0.3515625 0.515625 0.01875 0.0171875
0 0.3390625 0.5046875 0.0140625 0.0140625
0 0.3453125 0.49296875 0.01875 0.01875
0 0.31328125 0.53984375 0.01875 0.01875
0 0.315625 0.515625 0.01875 0.01875
0 0.3171875 0.4953125 0.01875 0.0171875
0 0.3359375 0.47265625 0.0171875 0.01875
0 0.32265625 0.4671875 0.01875 0.0171875
0 0.346875 0.45546875 0.01875 0.01875
0 0.3546875 0.43046875 0.01875 0.01875
0 0.39140625 0.31640625 0.01875 0.01875
0 0.340625 0.42734375 0.015625 0.015625
0 0.3484375 0.40859375 0.0171875 0.015625
0 0.33359375 0.35 0.01875 0.01875
0 0.31875 0.42890625 0.021875 0.01875
0 0.34921875 0.3640625 0.01875 0.0171875
0 0.321875 0.3671875 0.01875 0.0171875
0 0.43203125 0.4703125 0.0171875 0.015625
0 0.4359375 0.4640625 0.0171875 0.0125