0 0.60390625 0.74765625 0.046875 0.0484375
0 0.80625 0.51171875 0.05625 0.05390625
0 0.6078125 0.334375 0.0515625 0.0484375
0 0.2609375 0.6859375 0.0515625 0.0546875
0 0.1375 0.45078125 0.053125 0.053125
0 0.0734375 0.5203125 0.053125 0.0515625
0 0.49765625 0.6859375 0.0484375 0.046875
0 0.38671875 0.396875 0.04921875 0.04921875
0 0.48828125 0.7328125 0.05546875 0.05
0 0.7125 0.60234375 0.05 0.05
0 0.34140625 0.403125 0.05078125 0.05078125
0 0.3109375 0.6671875 0.0515625 0.053125
0 0.28828125 0.58359375 0.0515625 0.05078125
0 0.58203125 0.3734375 0.0484375 0.05
0 0.44296875 0.4125 0.04921875 0.0453125
0 0.45546875 0.65625 0.053125 0.0484375
0 0.5109375 0.503125 0.04921875 0.04765625
0 0.40546875 0.6609375 0.04921875 0.04921875
0 0.40390625 0.48515625 0.05 0.04609375
0 0.32421875 0.5515625 0.0484375 0.046875
0 0.60234375 0.52890625 0.04609375 0.04609375
0 0.18671875 0.48203125 0.0515625 0.05
0 0.3484375 0.496875 0.053125 0.046875
0 0.18359375 0.43515625 0.0515625 0.05
0 0.48828125 0.3671875 0.0484375 0.0484375
0 0.24609375 0.4125 0.05078125 0.04921875
0 0.2953125 0.4171875 0.0515625 0.0484375
0 0.43671875 0.3671875 0.05078125 0.0484375
0 0.546875 0.34140625 0.04765625 0.0484375
0 0.76328125 0.46171875 0.05 0.046875
0 0.7328125 0.4234375 0.0484375 0.04765625
0 0.23046875 0.45625 0.0515625 0.0484375
0 0.5359375 0.3859375 0.0484375 0.046875
0 0.69921875 0.3890625 0.046875 0.0453125
0 0.4046875 0.709375 0.05 0.05
0 0.6546875 0.4046875 0.0484375 0.04765625
0 0.40546875 0.43984375 0.05 0.046875
0 0.64921875 0.35859375 0.04765625 0.04609375
0 0.496875 0.41328125 0.0484375 0.046875
0 0.11796875 0.54609375 0.0515625 0.0546875
0 0.575 0.5671875 0.05 0.0453125
0 0.5109375 0.45546875 0.04765625 0.0453125
0 0.12265625 0.6203125 0.053125 0.05
0 0.353125 0.68671875 0.05 0.04921875
0 0.5734375 0.709375 0.046875 0.0484375
0 0.34453125 0.4515625 0.05078125 0.0484375
0 0.2984375 0.46484375 0.04921875 0.04765625
0 0.63984375 0.71640625 0.046875 0.046875
0 0.5484375 0.43046875 0.04765625 0.046875
0 0.15625 0.5828125 0.0515625 0.05
0 0.134375 0.49921875 0.05703125 0.0515625
0 0.59609375 0.42265625 0.04609375 0.046875
0 0.71640625 0.51640625 0.0484375 0.0484375
0 0.46484375 0.45546875 0.0484375 0.046875
0 0.7375 0.559375 0.04921875 0.0484375
0 0.703125 0.65078125 0.046875 0.05
0 0.71640625 0.46875 0.04765625 0.04765625
0 0.25625 0.49765625 0.0515625 0.0484375
0 0.190625 0.61640625 0.05 0.04765625
0 0.2046875 0.565625 0.0578125 0.0515625
0 0.30234375 0.5109375 0.05 0.04765625
0 0.421875 0.525 0.0515625 0.046875
0 0.271875 0.634375 0.0515625 0.05078125
0 0.2609375 0.54296875 0.0515625 0.05
0 0.6703125 0.47578125 0.046875 0.046875
0 0.16484375 0.53828125 0.05 0.0515625
0 0.4515625 0.70390625 0.0484375 0.04765625
0 0.5859375 0.46640625 0.0453125 0.0453125
0 0.6609375 0.5234375 0.0484375 0.046875
0 0.66328125 0.67109375 0.0484375 0.0515625
0 0.37265625 0.53671875 0.0484375 0.04609375
0 0.53359375 0.54140625 0.046875 0.0453125
0 0.32421875 0.61484375 0.0515625 0.04921875
0 0.4640625 0.5015625 0.0484375 0.046875
0 0.45078125 0.57578125 0.04765625 0.0453125
0 0.225 0.64921875 0.05078125 0.05078125
0 0.47578125 0.6125 0.046875 0.04609375
0 0.6265625 0.4921875 0.04609375 0.04453125
0 0.56171875 0.50703125 0.04609375 0.0453125
0 0.609375 0.67890625 0.04765625 0.04765625
0 0.55078125 0.6703125 0.04921875 0.0484375
0 0.3609375 0.58359375 0.04921875 0.04921875
0 0.690625 0.559375 0.0484375 0.0484375
0 0.6359375 0.5609375 0.046875 0.0453125
0 0.4859375 0.5421875 0.0484375 0.04609375
0 0.40546875 0.56953125 0.0484375 0.046875
0 0.6859375 0.434375 0.046875 0.046875
0 0.2125 0.51796875 0.0578125 0.05
0 0.5109375 0.58203125 0.04765625 0.0453125
0 0.36640625 0.634375 0.05 0.0484375
0 0.415625 0.61328125 0.0484375 0.0484375
0 0.60859375 0.5984375 0.046875 0.046875
0 0.515625 0.6390625 0.04765625 0.04765625
0 0.634375 0.44375 0.0453125 0.04375
0 0.63359375 0.6375 0.046875 0.04609375
0 0.6609375 0.5984375 0.046875 0.0484375
0 0.5859375 0.6390625 0.04765625 0.046875
0 0.23828125 0.60078125 0.05546875 0.0484375
0 0.5484375 0.60703125 0.04765625 0.04453125