0 0.66171875 0.6859375 0.0234375 0.03125
0 0.82890625 0.6 0.01875 0.025
0 0.8421875 0.5703125 0.0203125 0.0234375
0 0.77890625 0.43984375 0.021875 0.0265625
0 0.73125 0.8421875 0.021875 0.0265625
0 0.746875 0.89609375 0.021875 0.025
0 0.784375 0.8515625 0.01875 0.0234375
0 0.80546875 0.85234375 0.0203125 0.0234375
0 0.7984375 0.8328125 0.0203125 0.021875
0 0.8046875 0.8046875 0.01875 0.021875
0 0.80078125 0.78046875 0.01875 0.021875
0 0.790625 0.8125 0.0171875 0.021875
0 0.7875 0.79140625 0.0171875 0.021875
0 0.77578125 0.81328125 0.01875 0.0234375
0 0.77265625 0.79140625 0.01875 0.0234375
0 0.76015625 0.803125 0.01875 0.0234375
0 0.7453125 0.79921875 0.0203125 0.0234375
0 0.75390625 0.7765625 0.015625 0.0203125
0 0.784375 0.76640625 0.0203125 0.0203125
0 0.78125 0.746875 0.01875 0.0203125
0 0.76953125 0.77109375 0.01875 0.0203125
0 0.76484375 0.7515625 0.021875 0.021875
0 0.746875 0.76171875 0.0203125 0.021875
0 0.7328125 0.7765625 0.0203125 0.021875
0 0.7296875 0.75078125 0.01875 0.0203125
0 0.73671875 0.73046875 0.015625 0.0234375
0 0.75234375 0.734375 0.0203125 0.0234375
0 0.7578125 0.7109375 0.01875 0.025
0 0.74609375 0.69140625 0.0203125 0.0234375
0 0.7421875 0.71171875 0.01875 0.0234375
0 0.721875 0.7328125 0.0203125 0.0234375
0 0.71484375 0.7140625 0.01875 0.0203125
0 0.728125 0.703125 0.0171875 0.021875
0 0.73125 0.68203125 0.0203125 0.0234375
0 0.69609375 0.70234375 0.0203125 0.0265625
0 0.7125 0.6921875 0.021875 0.025
0 0.7140625 0.67109375 0.0203125 0.0234375
0 0.6890625 0.64453125 0.021875 0.025
0 0.70390625 0.6546875 0.0203125 0.0203125
0 0.7203125 0.65234375 0.01875 0.021875
0 0.73125 0.63125 0.021875 0.0234375
0 0.71875 0.6 0.0203125 0.0234375
0 0.71171875 0.61796875 0.01875 0.0234375
0 0.69609375 0.60546875 0.01875 0.0203125
0 0.68515625 0.5828125 0.021875 0.025
0 0.66796875 0.58828125 0.0203125 0.0203125
0 0.6984375 0.6265625 0.01875 0.0234375
0 0.678125 0.60703125 0.021875 0.025
0 0.66953125 0.62734375 0.021875 0.025
0 0.6453125 0.64765625 0.021875 0.025
0 0.65 0.62265625 0.0234375 0.025
0 0.59765625 0.571875 0.021875 0.0265625
0 0.61796875 0.5734375 0.021875 0.0234375
0 0.63515625 0.59609375 0.01875 0.0234375
0 0.65078125 0.58515625 0.01875 0.0234375
0 0.6578125 0.56875 0.01875 0.0234375
0 0.69296875 0.5546875 0.021875 0.025
0 0.696875 0.5234375 0.021875 0.025
0 0.67421875 0.52265625 0.021875 0.025
0 0.6546875 0.51328125 0.0203125 0.0203125
0 0.6421875 0.55 0.021875 0.0234375
0 0.64921875 0.53203125 0.021875 0.0234375
0 0.625 0.55546875 0.01875 0.021875
0 0.6171875 0.5375 0.021875 0.0234375
0 0.63359375 0.525 0.01875 0.0234375
0 0.6390625 0.50546875 0.0203125 0.0234375
0 0.65234375 0.48125 0.0203125 0.0234375
0 0.6734375 0.465625 0.021875 0.0265625
0 0.63125 0.4765625 0.021875 0.0234375
0 0.6421875 0.4515625 0.0203125 0.021875
0 0.6234375 0.496875 0.01875 0.021875
0 0.6109375 0.48046875 0.01875 0.0234375
0 0.6109375 0.5109375 0.01875 0.021875
0 0.59609375 0.50078125 0.0203125 0.0234375
0 0.57421875 0.4765625 0.021875 0.025
0 0.59140625 0.47890625 0.0203125 0.0234375
0 0.6 0.4609375 0.01875 0.0234375
0 0.61640625 0.4609375 0.01875 0.021875
0 0.61015625 0.44140625 0.0203125 0.0234375
0 0.6265625 0.44453125 0.01875 0.0234375
0 0.6296875 0.42421875 0.01875 0.021875
0 0.6109375 0.38828125 0.021875 0.0234375
0 0.615625 0.41171875 0.0203125 0.021875
0 0.60078125 0.42109375 0.0203125 0.0234375
0 0.5625 0.45703125 0.021875 0.025
0 0.55390625 0.43828125 0.021875 0.0265625
0 0.571875 0.43828125 0.01875 0.0234375
0 0.5828125 0.4578125 0.01875 0.0234375
0 0.59296875 0.440625 0.01875 0.0234375
0 0.5828125 0.421875 0.0203125 0.0234375
0 0.5734375 0.403125 0.01875 0.021875
0 0.59921875 0.40078125 0.0203125 0.0203125
0 0.584375 0.38828125 0.021875 0.021875
0 0.56015625 0.4171875 0.021875 0.021875
0 0.54296875 0.40703125 0.021875 0.025
0 0.55703125 0.39453125 0.01875 0.0234375
0 0.56875 0.3765625 0.01875 0.0234375
0 0.596875 0.36796875 0.01875 0.0234375
0 0.58125 0.33828125 0.021875 0.021875
0 0.58046875 0.36328125 0.0203125 0.0234375
0 0.54140625 0.38125 0.021875 0.025
0 0.528125 0.3609375 0.021875 0.025
0 0.5515625 0.3640625 0.01875 0.0234375
0 0.56484375 0.3484375 0.021875 0.025
0 0.540625 0.3453125 0.021875 0.0265625
0 0.5515625 0.3296875 0.021875 0.021875
0 0.56875 0.3234375 0.01875 0.0234375
0 0.571875 0.303125 0.0203125 0.0234375
0 0.58359375 0.2875 0.0234375 0.025
0 0.53359375 0.3203125 0.021875 0.0234375
0 0.53828125 0.29921875 0.01875 0.025
0 0.5234375 0.3375 0.021875 0.025
0 0.50234375 0.30625 0.0234375 0.0296875
0 0.55390625 0.27421875 0.021875 0.028125
0 0.52109375 0.30078125 0.021875 0.025
0 0.5546875 0.296875 0.0203125 0.0234375
0 0.5359375 0.27734375 0.0203125 0.0234375
0 0.51640625 0.27109375 0.0234375 0.0265625
0 0.5359375 0.215625 0.025 0.028125
0 0.534375 0.19140625 0.025 0.025
0 0.63984375 0.87265625 0.025 0.028125
0 0.59921875 0.9109375 0.025 0.028125
0 0.61640625 0.871875 0.0234375 0.028125
0 0.6015625 0.85859375 0.021875 0.028125
0 0.60625 0.83359375 0.025 0.028125
0 0.55546875 0.84453125 0.028125 0.03125
0 0.5703125 0.80703125 0.0265625 0.028125
0 0.653125 0.7765625 0.025 0.028125
0 0.603125 0.71328125 0.021875 0.025
0 0.6125 0.7390625 0.025 0.025
0 0.5890625 0.73203125 0.0234375 0.025
0 0.58359375 0.70859375 0.025 0.025
0 0.5640625 0.72890625 0.025 0.028125
0 0.56640625 0.69609375 0.0265625 0.028125
0 0.525 0.68359375 0.0265625 0.028125
0 0.4875 0.68125 0.025 0.028125
0 0.471875 0.66484375 0.0265625 0.028125
0 0.375 0.38984375 0.0328125 0.034375
0 0.3765625 0.56796875 0.03125 0.03125
0 0.390625 0.59921875 0.028125 0.03125
0 0.421875 0.66015625 0.028125 0.03125
0 0.41015625 0.61953125 0.03125 0.03125
0 0.36484375 0.59296875 0.028125 0.03125
0 0.35546875 0.55390625 0.03125 0.03125