0 0.15234375 0.4953125 0.028125 0.028125
0 0.46796875 0.7546875 0.028125 0.028125
0 0.4765625 0.73203125 0.028125 0.028125
0 0.49375 0.75 0.0296875 0.0296875
0 0.5078125 0.7296875 0.0296875 0.0296875
0 0.4890625 0.71484375 0.028125 0.0265625
0 0.5109375 0.7046875 0.025 0.0265625
0 0.48828125 0.69140625 0.025 0.0265625
0 0.5171875 0.68046875 0.0265625 0.0265625
0 0.5328125 0.6984375 0.025 0.0265625
0 0.55234375 0.675 0.028125 0.028125
0 0.47734375 0.66796875 0.025 0.025
0 0.46015625 0.68046875 0.025 0.025
0 0.44453125 0.69375 0.025 0.025
0 0.46640625 0.70390625 0.0265625 0.025
0 0.4328125 0.71484375 0.025 0.025
0 0.44296875 0.74609375 0.0265625 0.028125
0 0.41953125 0.73671875 0.025 0.025
0 0.4546875 0.72421875 0.0234375 0.025
0 0.4171875 0.76015625 0.0265625 0.025
0 0.39140625 0.75703125 0.0265625 0.028125
0 0.39609375 0.7328125 0.025 0.0265625
0 0.36953125 0.746875 0.025 0.028125
0 0.36796875 0.721875 0.0265625 0.028125
0 0.3859375 0.71484375 0.0234375 0.025
0 0.40859375 0.7125 0.025 0.0265625
0 0.421875 0.6921875 0.025 0.0265625
0 0.37421875 0.69375 0.0234375 0.0265625
0 0.396875 0.69296875 0.0265625 0.028125
0 0.346875 0.71640625 0.025 0.028125
0 0.35390625 0.69453125 0.0234375 0.025
0 0.3328125 0.69609375 0.0234375 0.021875
0 0.321875 0.71484375 0.025 0.025
0 0.31015625 0.6859375 0.025 0.025
0 0.3203125 0.65703125 0.0234375 0.025
0 0.3328125 0.675 0.0234375 0.025
0 0.340625 0.6546875 0.021875 0.021875
0 0.35390625 0.6734375 0.0234375 0.025
0 0.39765625 0.665625 0.025 0.025
0 0.37734375 0.671875 0.021875 0.025
0 0.36171875 0.65234375 0.0234375 0.025
0 0.384375 0.64921875 0.025 0.0265625
0 0.4078125 0.646875 0.0234375 0.0265625
0 0.43046875 0.6484375 0.025 0.025
0 0.41796875 0.66796875 0.021875 0.025
0 0.440625 0.6703125 0.021875 0.025
0 0.4546875 0.65390625 0.025 0.025
0 0.47421875 0.6421875 0.025 0.0265625
0 0.4953125 0.6515625 0.0265625 0.0265625
0 0.5203125 0.65625 0.0265625 0.0265625
0 0.51875 0.628125 0.0265625 0.028125
0 0.48828125 0.6234375 0.025 0.025
0 0.4640625 0.6203125 0.025 0.025
0 0.415625 0.62578125 0.025 0.025
0 0.4453125 0.63203125 0.025 0.025
0 0.39453125 0.625 0.0234375 0.025
0 0.34921875 0.634375 0.021875 0.025
0 0.36953125 0.63203125 0.0234375 0.025
0 0.328125 0.63671875 0.021875 0.021875
0 0.33671875 0.615625 0.021875 0.0265625
0 0.35625 0.61328125 0.021875 0.025
0 0.3765625 0.61015625 0.025 0.025
0 0.4 0.603125 0.0234375 0.025
0 0.421875 0.59296875 0.0234375 0.025
0 0.4328125 0.6125 0.025 0.025
0 0.45078125 0.6015625 0.025 0.025
0 0.471875 0.59921875 0.021875 0.025
0 0.421875 0.56953125 0.025 0.0265625
0 0.440625 0.58125 0.025 0.025
0 0.4 0.57890625 0.025 0.0265625
0 0.3625 0.59140625 0.0234375 0.025
0 0.3796875 0.58359375 0.0234375 0.025
0 0.340625 0.59296875 0.021875 0.025
0 0.3203125 0.603125 0.025 0.0265625
0 0.31015625 0.6234375 0.021875 0.025
0 0.29375 0.66640625 0.0265625 0.0265625
0 0.30078125 0.64453125 0.0265625 0.025
0 0.26875 0.67890625 0.025 0.025
0 0.25 0.66328125 0.028125 0.028125
0 0.27265625 0.65 0.0265625 0.028125
0 0.278125 0.62421875 0.0234375 0.0265625
0 0.24296875 0.59609375 0.0265625 0.0296875
0 0.28046875 0.6015625 0.0234375 0.025
0 0.3015625 0.5921875 0.021875 0.0265625
0 0.28203125 0.5546875 0.0265625 0.028125
0 0.3109375 0.54609375 0.0265625 0.028125
0 0.32421875 0.57890625 0.025 0.025
0 0.34375 0.5703125 0.0234375 0.028125
0 0.3640625 0.5671875 0.025 0.025
0 0.38359375 0.55546875 0.0265625 0.028125
0 0.40625 0.55546875 0.021875 0.025
0 0.421875 0.53984375 0.025 0.025
0 0.43046875 0.51796875 0.028125 0.028125
0 0.44296875 0.55234375 0.0265625 0.028125
0 0.46484375 0.5734375 0.0265625 0.028125
0 0.49140625 0.590625 0.0265625 0.0296875
0 0.51328125 0.59921875 0.028125 0.028125
0 0.52734375 0.57734375 0.0296875 0.0296875
0 0.1078125 0.5375 0.0296875 0.0296875