0 0.5765625 0.78828125 0.0421875 0.034375
0 0.61015625 0.80390625 0.04375 0.046875
0 0.57734375 0.77109375 0.04375 0.05
0 0.59453125 0.74765625 0.046875 0.040625
0 0.62890625 0.76640625 0.0484375 0.046875
0 0.66640625 0.753125 0.040625 0.0421875
0 0.6453125 0.73359375 0.040625 0.0453125
0 0.61328125 0.7125 0.0421875 0.04375
0 0.63984375 0.68671875 0.04375 0.04375
0 0.67578125 0.70390625 0.046875 0.046875
0 0.7109375 0.709375 0.04375 0.0453125
0 0.721875 0.67265625 0.0453125 0.046875
0 0.684375 0.66328125 0.0453125 0.04375
0 0.653125 0.64296875 0.0453125 0.04375
0 0.66796875 0.60703125 0.0484375 0.0421875
0 0.6296875 0.6 0.04375 0.04375
0 0.6609375 0.57109375 0.0421875 0.040625
0 0.61484375 0.646875 0.04375 0.0453125
0 0.57890625 0.65 0.046875 0.0453125
0 0.5828125 0.68828125 0.04375 0.04375
0 0.55625 0.72109375 0.0515625 0.0453125
0 0.5203125 0.7453125 0.046875 0.04375
0 0.50234375 0.77734375 0.0453125 0.0453125
0 0.46015625 0.76953125 0.0453125 0.04375
0 0.48203125 0.73984375 0.04375 0.04375
0 0.4875 0.70234375 0.04375 0.0484375
0 0.5265625 0.7078125 0.046875 0.046875
0 0.54765625 0.67578125 0.04375 0.046875
0 0.51328125 0.66171875 0.04375 0.04375
0 0.54296875 0.6390625 0.04375 0.0421875
0 0.59296875 0.61875 0.046875 0.04375
0 0.4046875 0.7953125 0.04375 0.04375
0 0.4125 0.75703125 0.04375 0.0421875
0 0.44375 0.7359375 0.0453125 0.04375
0 0.45 0.69765625 0.046875 0.046875
0 0.4765625 0.665625 0.04375 0.046875
0 0.375 0.76484375 0.0453125 0.04375
0 0.3734375 0.72734375 0.0453125 0.0421875
0 0.41015625 0.71796875 0.0453125 0.0453125
0 0.32890625 0.73671875 0.0421875 0.04375
0 0.33671875 0.6984375 0.0484375 0.04375
0 0.3796875 0.6890625 0.04375 0.04375
0 0.41640625 0.68203125 0.046875 0.04375
0 0.44140625 0.65703125 0.0453125 0.046875
0 0.35859375 0.65703125 0.046875 0.046875
0 0.321875 0.6640625 0.04375 0.046875
0 0.3 0.63359375 0.046875 0.04375
0 0.3375 0.62734375 0.046875 0.04375
0 0.375 0.621875 0.046875 0.046875
0 0.4078125 0.640625 0.046875 0.05
0 0.4609375 0.6234375 0.04375 0.0484375
0 0.49921875 0.62421875 0.04375 0.046875
0 0.51875 0.59453125 0.04375 0.046875
0 0.55703125 0.60390625 0.0453125 0.0484375
0 0.434375 0.596875 0.046875 0.04375
0 0.4796875 0.584375 0.0453125 0.046875
0 0.5890625 0.58046875 0.046875 0.0453125
0 0.61796875 0.55859375 0.046875 0.046875
0 0.646875 0.528125 0.046875 0.04375
0 0.6828125 0.53828125 0.046875 0.05
0 0.66953125 0.496875 0.046875 0.0453125
0 0.61171875 0.51875 0.046875 0.046875
0 0.58359375 0.54375 0.0453125 0.04375
0 0.54375 0.56640625 0.046875 0.0453125
0 0.51484375 0.54296875 0.046875 0.046875
0 0.2875 0.596875 0.04375 0.046875
0 0.32734375 0.5921875 0.046875 0.04375
0 0.36875 0.58515625 0.0453125 0.0453125
0 0.34140625 0.55859375 0.04375 0.04375
0 0.3015625 0.5609375 0.0484375 0.046875
0 0.25703125 0.57109375 0.046875 0.0453125
0 0.38203125 0.55078125 0.046875 0.0421875
0 0.415625 0.56484375 0.0453125 0.046875
0 0.453125 0.56015625 0.046875 0.04375
0 0.4796875 0.53359375 0.0453125 0.046875
0 0.55703125 0.51953125 0.0453125 0.04375
0 0.521875 0.50625 0.04375 0.046875
0 0.48828125 0.4921875 0.04375 0.046875
0 0.43984375 0.525 0.0421875 0.0453125
0 0.40546875 0.51328125 0.04375 0.0453125
0 0.35703125 0.52421875 0.04375 0.04375
0 0.31953125 0.5296875 0.0453125 0.04375
0 0.27578125 0.5328125 0.04375 0.04375
0 0.253125 0.50390625 0.046875 0.0453125
0 0.2953125 0.503125 0.04375 0.0421875
0 0.334375 0.496875 0.0453125 0.0453125
0 0.37421875 0.49296875 0.04375 0.0453125
0 0.415625 0.478125 0.04375 0.04375
0 0.45234375 0.48515625 0.04375 0.0484375
0 0.5453125 0.47734375 0.04375 0.04375
0 0.51171875 0.4609375 0.04375 0.04375
0 0.475 0.4578125 0.0453125 0.0453125
0 0.54453125 0.440625 0.04375 0.04375
0 0.5796875 0.446875 0.04375 0.04375
0 0.58125 0.490625 0.04375 0.046875
0 0.61953125 0.4828125 0.04375 0.04375
0 0.6515625 0.46484375 0.040625 0.0421875
0 0.61796875 0.44375 0.04375 0.04375
0 0.5796875 0.40859375 0.04375 0.04375
0 0.6234375 0.3828125 0.0453125 0.04375
0 0.56484375 0.375 0.0453125 0.046875
0 0.52734375 0.40703125 0.04375 0.0421875
0 0.49296875 0.4265625 0.0421875 0.0421875
0 0.44296875 0.440625 0.04375 0.04375
0 0.46015625 0.40859375 0.04375 0.04375
0 0.4953125 0.38984375 0.04375 0.04375
0 0.4625 0.3703125 0.04375 0.04375
0 0.42578125 0.3953125 0.04375 0.0453125
0 0.40859375 0.4265625 0.04375 0.0453125
0 0.38671875 0.45625 0.04375 0.04375
0 0.35 0.4625 0.04375 0.04375
0 0.31328125 0.46640625 0.04375 0.04375
0 0.27421875 0.4703125 0.04375 0.04375
0 0.2359375 0.44609375 0.046875 0.0421875
0 0.22734375 0.40859375 0.04375 0.04375
0 0.2125 0.37578125 0.0484375 0.04375
0 0.2546875 0.3734375 0.046875 0.04375
0 0.27265625 0.40859375 0.046875 0.04375
0 0.29296875 0.3765625 0.0453125 0.0453125
0 0.3046875 0.4296875 0.0453125 0.04375
0 0.21875 0.3390625 0.04375 0.04375
0 0.25703125 0.33671875 0.046875 0.0453125
0 0.2953125 0.33359375 0.0453125 0.04375
0 0.27265625 0.3015625 0.046875 0.0453125
0 0.24140625 0.2765625 0.0484375 0.04375
0 0.23671875 0.2390625 0.046875 0.04375
0 0.28125 0.2640625 0.04375 0.0453125
0 0.27421875 0.22578125 0.04375 0.046875
0 0.3125 0.22890625 0.04375 0.046875
0 0.3078125 0.1921875 0.0515625 0.046875
0 0.32109375 0.26640625 0.0453125 0.046875
0 0.31328125 0.30390625 0.04375 0.0421875
0 0.32578125 0.35625 0.0453125 0.04375
0 0.34296875 0.325 0.04375 0.04375
0 0.35078125 0.2890625 0.0453125 0.046875
0 0.3265625 0.39296875 0.04375 0.0453125
0 0.3578125 0.3734375 0.04375 0.04375
0 0.37890625 0.3390625 0.04375 0.046875
0 0.38515625 0.30234375 0.040625 0.0421875
0 0.3796875 0.2578125 0.0453125 0.0453125
0 0.34921875 0.23828125 0.04375 0.0421875
0 0.34765625 0.20078125 0.04375 0.0453125
0 0.34453125 0.16328125 0.0453125 0.046875
0 0.34609375 0.42578125 0.04375 0.0453125
0 0.378125 0.40546875 0.0421875 0.046875
0 0.3953125 0.371875 0.04375 0.046875
0 0.428125 0.35859375 0.0421875 0.04375
0 0.41484375 0.3234375 0.04375 0.04375
0 0.528125 0.371875 0.040625 0.0421875
0 0.4953125 0.35234375 0.0421875 0.04375
0 0.45703125 0.3328125 0.046875 0.04375
0 0.48984375 0.315625 0.04375 0.04375
0 0.44453125 0.2984375 0.0421875 0.040625
0 0.41328125 0.27890625 0.0453125 0.046875
0 0.45 0.26171875 0.046875 0.0453125
0 0.41640625 0.240625 0.046875 0.0453125
0 0.38671875 0.21796875 0.04375 0.04375
0 0.42421875 0.196875 0.046875 0.046875
0 0.45 0.22421875 0.04375 0.0453125
0 0.3796875 0.1828125 0.04375 0.04375
0 0.4125 0.16171875 0.0453125 0.0453125
0 0.37734375 0.14375 0.040625 0.0421875
0 0.409375 0.12421875 0.04375 0.04375
0 0.45078125 0.11640625 0.04375 0.046875
0 0.44921875 0.15625 0.0421875 0.0453125
0 0.465625 0.190625 0.0453125 0.04375
0 0.49921875 0.20625 0.040625 0.040625
0 0.484375 0.2390625 0.0421875 0.04375
0 0.48359375 0.27734375 0.0453125 0.0421875
0 0.52734375 0.33359375 0.04375 0.046875
0 0.521875 0.2953125 0.046875 0.046875
0 0.5234375 0.25859375 0.046875 0.046875
0 0.53359375 0.2203125 0.046875 0.0453125
0 0.56875 0.20625 0.046875 0.046875
0 0.56328125 0.2453125 0.046875 0.0484375
0 0.59921875 0.23046875 0.0484375 0.0515625
0 0.6328125 0.253125 0.0484375 0.053125
0 0.596875 0.27109375 0.046875 0.04375
0 0.56015625 0.284375 0.05 0.046875
0 0.59921875 0.30859375 0.05 0.04375
0 0.5703125 0.33359375 0.04375 0.04375