0 0.6921875 0.6875 0.053125 0.04921875
0 0.71484375 0.6015625 0.04609375 0.05
0 0.5796875 0.5640625 0.04375 0.04140625
0 0.534375 0.58046875 0.0421875 0.04609375
0 0.48828125 0.56171875 0.04453125 0.04765625
0 0.42578125 0.61875 0.046875 0.046875
0 0.3875 0.65234375 0.0421875 0.04296875
0 0.39140625 0.59921875 0.04140625 0.04375
0 0.40625 0.5609375 0.04296875 0.04765625
0 0.37734375 0.52890625 0.0390625 0.0453125
0 0.3859375 0.4734375 0.04375 0.040625
0 0.61953125 0.51015625 0.0453125 0.04921875
0 0.4171875 0.515625 0.04296875 0.04765625
0 0.58125 0.48515625 0.04140625 0.0453125
0 0.5375 0.46015625 0.04375 0.0453125
0 0.46953125 0.4171875 0.04453125 0.0484375
0 0.42890625 0.40390625 0.04375 0.04921875
0 0.4 0.36796875 0.04296875 0.04140625
0 0.33125 0.33828125 0.04375 0.04609375
0 0.4390625 0.34765625 0.046875 0.04453125