0 0.33046875 0.2921875 0.03515625 0.02734375
0 0.36328125 0.30234375 0.03515625 0.03046875
0 0.32421875 0.25390625 0.0359375 0.03515625
0 0.35859375 0.26640625 0.03359375 0.03125
0 0.3890625 0.27890625 0.0375 0.03359375
0 0.39609375 0.23984375 0.0375 0.03125
0 0.41953125 0.26015625 0.03828125 0.0328125
0 0.4171875 0.2109375 0.03828125 0.034375
0 0.45078125 0.22265625 0.03671875 0.0328125
0 0.46171875 0.2546875 0.03828125 0.034375
0 0.515625 0.24375 0.04375 0.03515625
0 0.49140625 0.19140625 0.04296875 0.03359375
0 0.53828125 0.16015625 0.040625 0.0359375
0 0.54375 0.20703125 0.0453125 0.0328125
0 0.5703125 0.23671875 0.04453125 0.0375
0 0.58515625 0.27890625 0.04453125 0.0359375
0 0.5625 0.3171875 0.04296875 0.0359375
0 0.26796875 0.31875 0.0328125 0.02890625
0 0.2796875 0.28984375 0.03125 0.0296875
0 0.30390625 0.31171875 0.0328125 0.0296875
0 0.3390625 0.321875 0.034375 0.03125
0 0.5234375 0.35234375 0.040625 0.03203125
0 0.4859375 0.31328125 0.03828125 0.03046875
0 0.48515625 0.3625 0.0328125 0.02890625
0 0.52421875 0.38984375 0.04140625 0.0359375
0 0.26953125 0.34765625 0.03046875 0.02734375
0 0.30078125 0.34140625 0.03203125 0.02890625
0 0.328125 0.3484375 0.03046875 0.0265625
0 0.2625 0.375 0.028125 0.02734375
0 0.290625 0.36484375 0.028125 0.0234375
0 0.31484375 0.38046875 0.0296875 0.0265625
0 0.3453125 0.3703125 0.03046875 0.0265625
0 0.4234375 0.3578125 0.034375 0.02890625
0 0.44921875 0.38125 0.0359375 0.03359375
0 0.4875 0.4125 0.0375 0.03203125
0 0.53984375 0.4390625 0.03828125 0.03359375
0 0.44140625 0.41953125 0.034375 0.02734375
0 0.2171875 0.4140625 0.03125 0.02265625
0 0.37265625 0.3828125 0.03125 0.03046875
0 0.2421875 0.39375 0.03046875 0.025
0 0.25234375 0.41953125 0.03046875 0.025
0 0.27890625 0.42578125 0.03046875 0.02734375
0 0.28203125 0.3984375 0.03125 0.02890625
0 0.3078125 0.41171875 0.0328125 0.028125
0 0.334375 0.39765625 0.0328125 0.025
0 0.35703125 0.4171875 0.034375 0.02890625
0 0.28671875 0.453125 0.0296875 0.0265625
0 0.31953125 0.44296875 0.040625 0.02890625
0 0.37421875 0.4484375 0.03515625 0.03046875
0 0.40546875 0.43046875 0.03515625 0.03046875
0 0.41796875 0.4609375 0.034375 0.03125
0 0.46015625 0.44921875 0.04609375 0.03203125
0 0.46953125 0.48359375 0.0390625 0.0328125
0 0.41171875 0.521875 0.03828125 0.0296875
0 0.44765625 0.52265625 0.03671875 0.03359375
0 0.371875 0.5375 0.03125 0.02734375
0 0.40546875 0.5546875 0.0359375 0.0328125
0 0.3265625 0.5328125 0.0296875 0.02890625
0 0.35078125 0.56640625 0.0296875 0.02890625
0 0.3828125 0.575 0.03203125 0.02890625
0 0.4171875 0.59140625 0.034375 0.03515625
0 0.3328125 0.59296875 0.03203125 0.03125
0 0.3765625 0.609375 0.03046875 0.02890625
0 0.23125 0.44140625 0.03125 0.028125
0 0.25625 0.4578125 0.0296875 0.02734375
0 0.271875 0.48671875 0.03203125 0.028125
0 0.21875 0.4703125 0.02890625 0.02421875
0 0.24921875 0.51015625 0.0328125 0.02578125
0 0.259375 0.54296875 0.0328125 0.02734375
0 0.271875 0.57890625 0.03359375 0.028125
0 0.303125 0.57890625 0.028125 0.0296875
0 0.29140625 0.60859375 0.03359375 0.03046875
0 0.3390625 0.62265625 0.03515625 0.0296875
0 0.24765625 0.615625 0.0328125 0.0296875
0 0.234375 0.58125 0.03125 0.03046875
0 0.21171875 0.5578125 0.0328125 0.028125
0 0.19453125 0.48828125 0.0328125 0.03046875
0 0.15546875 0.38515625 0.03125 0.03125
0 0.14296875 0.428125 0.03046875 0.03125
0 0.04296875 0.4875 0.028125 0.02578125
0 0.06796875 0.51875 0.0328125 0.02578125
0 0.0734375 0.54921875 0.02734375 0.028125
0 0.21328125 0.60625 0.0296875 0.03046875
0 0.221875 0.6453125 0.03203125 0.0328125
0 0.1671875 0.615625 0.0296875 0.02890625
0 0.1671875 0.6515625 0.0296875 0.02734375
0 0.19453125 0.65859375 0.02734375 0.02890625
0 0.0953125 0.628125 0.03046875 0.0265625
0 0.12265625 0.659375 0.03046875 0.02578125
0 0.15390625 0.6828125 0.02890625 0.02890625
0 0.2671875 0.6703125 0.0375 0.03125
0 0.15546875 0.71015625 0.03203125 0.028125
0 0.19609375 0.69609375 0.03046875 0.0296875
0 0.15546875 0.7546875 0.03203125 0.02890625
0 0.18671875 0.7875 0.03046875 0.034375
0 0.3453125 0.69453125 0.040625 0.03359375
0 0.38671875 0.703125 0.03671875 0.03359375
0 0.4421875 0.665625 0.0390625 0.0375
0 0.49921875 0.78125 0.0453125 0.040625