0 0.52109375 0.03671875 0.0375 0.0375
0 0.56796875 0.028125 0.03984375 0.03203125
0 0.5484375 0.06015625 0.034375 0.03828125
0 0.584375 0.06171875 0.03515625 0.0359375
0 0.5234375 0.10546875 0.03359375 0.0328125
0 0.48828125 0.0609375 0.03359375 0.03515625
0 0.49296875 0.09453125 0.03203125 0.0328125
0 0.52265625 0.07421875 0.03671875 0.03515625
0 0.459375 0.0890625 0.034375 0.03359375
0 0.4234375 0.19296875 0.03984375 0.0421875
0 0.4328125 0.13125 0.03828125 0.03515625
0 0.43984375 0.16484375 0.0359375 0.0359375
0 0.47421875 0.11953125 0.03515625 0.0328125
0 0.47265625 0.15390625 0.03515625 0.03515625
0 0.50546875 0.13203125 0.034375 0.034375
0 0.47734375 0.1875 0.03359375 0.03359375
0 0.6171875 0.071875 0.03359375 0.03203125
0 0.58125 0.0984375 0.03515625 0.0359375
0 0.6125 0.10703125 0.03515625 0.03359375
0 0.65234375 0.1109375 0.0359375 0.0359375
0 0.6890625 0.13828125 0.03515625 0.03828125
0 0.6296875 0.1375 0.0328125 0.0328125
0 0.55625 0.1171875 0.0328125 0.03046875
0 0.5359375 0.14453125 0.03515625 0.03515625
0 0.57109375 0.146875 0.03671875 0.03671875
0 0.60234375 0.1609375 0.034375 0.034375
0 0.63671875 0.16875 0.03203125 0.03359375
0 0.5703125 0.1890625 0.0328125 0.03359375
0 0.6046875 0.19453125 0.03515625 0.0359375
0 0.6609375 0.2296875 0.03515625 0.03671875
0 0.73671875 0.234375 0.03671875 0.03515625
0 0.6265625 0.23359375 0.0359375 0.03828125
0 0.5046875 0.1671875 0.03515625 0.03671875
0 0.53515625 0.1765625 0.034375 0.03125
0 0.5390625 0.2125 0.034375 0.0390625
0 0.50703125 0.2375 0.03984375 0.0390625
0 0.55625 0.2484375 0.0375 0.0375
0 0.64453125 0.35625 0.0375 0.0375
0 0.671875 0.328125 0.04140625 0.0359375
0 0.603125 0.33671875 0.03671875 0.03828125
0 0.5765625 0.28515625 0.0359375 0.0390625
0 0.53515625 0.29921875 0.03828125 0.03671875
0 0.490625 0.32109375 0.0375 0.03828125
0 0.53125 0.34296875 0.03671875 0.0375
0 0.5703125 0.36171875 0.03828125 0.034375
0 0.6078125 0.3765625 0.03671875 0.03828125
0 0.5703125 0.39765625 0.0375 0.0359375
0 0.609375 0.4140625 0.03515625 0.0375
0 0.5265625 0.42890625 0.0359375 0.0359375
0 0.56171875 0.43125 0.03515625 0.03671875
0 0.46484375 0.425 0.0359375 0.03515625
0 0.41484375 0.44921875 0.03515625 0.03828125
0 0.46640625 0.4640625 0.03515625 0.03984375
0 0.49609375 0.44140625 0.03515625 0.0359375
0 0.4984375 0.478125 0.03359375 0.0359375
0 0.5390625 0.4625 0.0359375 0.034375
0 0.6015625 0.45859375 0.034375 0.03515625
0 0.6359375 0.475 0.0375 0.03828125
0 0.5984375 0.49609375 0.0359375 0.0359375
0 0.628125 0.5296875 0.03515625 0.03671875
0 0.55546875 0.496875 0.03203125 0.034375
0 0.48203125 0.509375 0.03671875 0.034375
0 0.5171875 0.5046875 0.03671875 0.03515625
0 0.53671875 0.53203125 0.03515625 0.0359375
0 0.57421875 0.53515625 0.0359375 0.0375
0 0.48828125 0.54453125 0.0375 0.0359375
0 0.51875 0.56015625 0.0375 0.0375
0 0.55390625 0.56171875 0.0375 0.0375
0 0.5984375 0.565625 0.03671875 0.03828125
0 0.6328125 0.57421875 0.03671875 0.0375
0 0.60625 0.603125 0.03515625 0.03828125
0 0.57109375 0.590625 0.0359375 0.0359375
0 0.534375 0.590625 0.034375 0.03828125
0 0.5515625 0.61875 0.0375 0.0375
0 0.5828125 0.640625 0.03828125 0.0390625
0 0.62265625 0.63359375 0.040625 0.03984375
0 0.65703125 0.6609375 0.040625 0.0421875
0 0.6234375 0.67578125 0.03984375 0.040625
0 0.50078125 0.59140625 0.03515625 0.0359375
0 0.51875 0.61875 0.0359375 0.03515625
0 0.46328125 0.58984375 0.03984375 0.0375
0 0.4828125 0.6265625 0.03515625 0.03828125
0 0.50859375 0.65546875 0.034375 0.03984375
0 0.54765625 0.6546875 0.0390625 0.03984375
0 0.57578125 0.678125 0.03671875 0.03828125
0 0.528125 0.68984375 0.0375 0.03984375
0 0.5546875 0.70703125 0.0359375 0.0375
0 0.578125 0.740625 0.03671875 0.03828125
0 0.49296875 0.68984375 0.034375 0.0390625
0 0.49609375 0.72578125 0.0375 0.03828125
0 0.53125 0.73828125 0.0359375 0.03984375
0 0.4984375 0.76171875 0.03984375 0.0421875
0 0.53515625 0.7765625 0.0359375 0.0421875
0 0.56328125 0.796875 0.03671875 0.04140625
0 0.4734375 0.80078125 0.0390625 0.04140625
0 0.45 0.8359375 0.04375 0.046875
0 0.559375 0.83515625 0.040625 0.040625
0 0.57890625 0.8671875 0.0390625 0.03984375
0 0.5484375 0.92578125 0.0390625 0.040625