0 0.34609375 0.35546875 0.028125 0.0265625
0 0.503125 0.42890625 0.03125 0.028125
0 0.50546875 0.4515625 0.0296875 0.025
0 0.5109375 0.484375 0.0328125 0.028125
0 0.47109375 0.4359375 0.028125 0.025
0 0.4796875 0.46015625 0.028125 0.028125
0 0.4828125 0.4984375 0.03125 0.028125
0 0.45234375 0.4640625 0.028125 0.028125
0 0.45703125 0.4875 0.0296875 0.028125
0 0.42578125 0.45625 0.028125 0.028125
0 0.43203125 0.49375 0.028125 0.028125
0 0.409375 0.50546875 0.0265625 0.0265625
0 0.4328125 0.51875 0.028125 0.028125
0 0.39296875 0.53359375 0.028125 0.028125
0 0.31484375 0.54296875 0.0296875 0.028125
0 0.34375 0.5546875 0.03125 0.028125
0 0.29296875 0.59375 0.03125 0.0296875
0 0.2328125 0.640625 0.0328125 0.034375
0 0.21328125 0.565625 0.034375 0.028125
0 0.265625 0.56875 0.03125 0.028125
0 0.2484375 0.52578125 0.0265625 0.025
0 0.26640625 0.5078125 0.0265625 0.028125
0 0.28828125 0.49921875 0.021875 0.028125
0 0.30859375 0.51015625 0.025 0.028125
0 0.33125 0.51484375 0.025 0.028125
0 0.3546875 0.509375 0.028125 0.028125
0 0.3765625 0.496875 0.028125 0.025
0 0.3984375 0.48671875 0.0265625 0.025
0 0.40234375 0.46015625 0.0265625 0.028125
0 0.38203125 0.4515625 0.0234375 0.0234375
0 0.37890625 0.47421875 0.0265625 0.0265625
0 0.359375 0.45625 0.0265625 0.025
0 0.35546875 0.48359375 0.025 0.0265625
0 0.33203125 0.48671875 0.025 0.028125
0 0.30859375 0.48671875 0.025 0.025
0 0.30859375 0.46484375 0.0265625 0.0234375
0 0.3359375 0.46171875 0.0265625 0.025
0 0.30078125 0.4453125 0.028125 0.025
0 0.31640625 0.42734375 0.028125 0.025
0 0.33359375 0.4390625 0.028125 0.025
0 0.3453125 0.4140625 0.03125 0.025
0 0.36328125 0.4328125 0.025 0.025
0 0.38515625 0.4234375 0.028125 0.0265625
0 0.40703125 0.43671875 0.0265625 0.025
0 0.40859375 0.41328125 0.0265625 0.0234375
0 0.434375 0.428125 0.0265625 0.025
0 0.43046875 0.403125 0.025 0.028125
0 0.4125 0.3453125 0.028125 0.0265625
0 0.42578125 0.36953125 0.0265625 0.0265625
0 0.44453125 0.38671875 0.028125 0.025
0 0.45390625 0.4125 0.025 0.025
0 0.47734375 0.41328125 0.025 0.021875
0 0.490625 0.39375 0.028125 0.025
0 0.4671875 0.39140625 0.0265625 0.025
0 0.4515625 0.3640625 0.0265625 0.025
0 0.446875 0.33828125 0.0265625 0.0265625
0 0.46953125 0.328125 0.028125 0.025
0 0.49609375 0.31875 0.028125 0.025
0 0.47890625 0.34921875 0.028125 0.025
0 0.48203125 0.37265625 0.025 0.025
0 0.50546875 0.37265625 0.0265625 0.0265625
0 0.5109375 0.33359375 0.0265625 0.0265625
0 0.54765625 0.3609375 0.028125 0.028125
0 0.521875 0.35703125 0.0265625 0.028125
0 0.534375 0.38828125 0.03125 0.025
0 0.515625 0.40234375 0.028125 0.025
0 0.5375 0.4140625 0.028125 0.025
0 0.54140625 0.43828125 0.028125 0.028125
0 0.534375 0.46015625 0.0296875 0.0265625
0 0.54921875 0.4828125 0.0296875 0.0296875
0 0.5671875 0.46171875 0.03125 0.028125
0 0.56796875 0.43671875 0.03125 0.028125
0 0.56015625 0.4046875 0.0265625 0.025
0 0.58203125 0.41640625 0.028125 0.0296875
0 0.6078125 0.42109375 0.028125 0.028125
0 0.6046875 0.39140625 0.0296875 0.025
0 0.571875 0.37421875 0.028125 0.0265625
0 0.56015625 0.3296875 0.028125 0.025
0 0.57890625 0.34765625 0.03125 0.025
0 0.60078125 0.3640625 0.0296875 0.025
0 0.61015625 0.3390625 0.028125 0.028125
0 0.44609375 0.2359375 0.03125 0.0265625
0 0.4671875 0.2953125 0.03125 0.028125
0 0.50625 0.27890625 0.03125 0.0296875
0 0.51953125 0.3109375 0.0265625 0.0265625
0 0.54453125 0.3078125 0.0296875 0.028125
0 0.5734375 0.30859375 0.028125 0.028125
0 0.5984375 0.3125 0.028125 0.028125
0 0.603125 0.2796875 0.0296875 0.028125
0 0.62265625 0.30625 0.028125 0.028125
0 0.60625 0.253125 0.03125 0.028125
0 0.56875 0.26796875 0.028125 0.028125
0 0.5828125 0.2453125 0.028125 0.0265625
0 0.5015625 0.22734375 0.03125 0.028125
0 0.56171875 0.19375 0.03125 0.03125
0 0.52265625 0.1640625 0.03125 0.025
0 0.53828125 0.13671875 0.028125 0.025
0 0.56796875 0.1203125 0.0296875 0.025
0 0.6109375 0.1109375 0.028125 0.028125
0 0.66875 0.2546875 0.0296875 0.028125