0 0.6 0.08203125 0.04375 0.046875
0 0.46171875 0.3421875 0.040625 0.040625
0 0.6140625 0.63671875 0.04375 0.0421875
0 0.57109375 0.65546875 0.04375 0.040625
0 0.61640625 0.5984375 0.0421875 0.040625
0 0.5625 0.61796875 0.0421875 0.040625
0 0.61171875 0.48828125 0.040625 0.040625
0 0.61484375 0.52578125 0.0421875 0.0375
0 0.6078125 0.56171875 0.040625 0.040625
0 0.57265625 0.54375 0.040625 0.040625
0 0.57421875 0.5828125 0.0390625 0.0375
0 0.53984375 0.56953125 0.040625 0.040625
0 0.5203125 0.6140625 0.040625 0.040625
0 0.50234375 0.58125 0.0421875 0.040625
0 0.52890625 0.53203125 0.040625 0.04375
0 0.58203125 0.46640625 0.040625 0.040625
0 0.565625 0.5046875 0.040625 0.040625
0 0.534375 0.47734375 0.040625 0.0421875
0 0.55859375 0.4375 0.040625 0.040625
0 0.50234375 0.20390625 0.04375 0.046875
0 0.60234375 0.334375 0.0421875 0.04375
0 0.58203125 0.27578125 0.04375 0.04375
0 0.5375 0.29765625 0.04375 0.0421875
0 0.5625 0.33359375 0.04375 0.040625
0 0.5578125 0.390625 0.04375 0.04375
0 0.53046875 0.36484375 0.040625 0.0421875
0 0.49296875 0.365625 0.040625 0.04375
0 0.52109375 0.4359375 0.0421875 0.040625
0 0.49453125 0.46484375 0.040625 0.040625
0 0.503125 0.50703125 0.040625 0.040625
0 0.4953125 0.54609375 0.0375 0.0375
0 0.459375 0.56484375 0.040625 0.040625
0 0.459375 0.52734375 0.040625 0.0375
0 0.42578125 0.54609375 0.040625 0.040625
0 0.45546875 0.48828125 0.040625 0.04375
0 0.42265625 0.5078125 0.0390625 0.040625
0 0.4625 0.44453125 0.0375 0.040625
0 0.425 0.45703125 0.040625 0.040625
0 0.39453125 0.48203125 0.04375 0.040625
0 0.4359375 0.41796875 0.040625 0.040625
0 0.39921875 0.42890625 0.040625 0.040625
0 0.371875 0.453125 0.040625 0.040625
0 0.45546875 0.3828125 0.040625 0.04375
0 0.4203125 0.36796875 0.040625 0.040625
0 0.3875 0.38671875 0.040625 0.040625
0 0.34921875 0.3890625 0.04375 0.04375
0 0.3078125 0.40703125 0.0421875 0.0421875
0 0.33984375 0.43046875 0.040625 0.040625
0 0.325 0.50625 0.040625 0.04375
0 0.33515625 0.46796875 0.040625 0.0390625
0 0.3640625 0.50234375 0.040625 0.04375
0 0.3921875 0.52890625 0.0390625 0.0375
0 0.35703125 0.5453125 0.040625 0.040625
0 0.31796875 0.5515625 0.040625 0.040625
0 0.2921875 0.52421875 0.040625 0.0390625
0 0.25390625 0.53515625 0.04375 0.04375
0 0.5578125 0.809375 0.04375 0.0484375
0 0.57421875 0.76015625 0.040625 0.04375
0 0.53671875 0.775 0.0390625 0.04375
0 0.51796875 0.80859375 0.040625 0.040625
0 0.48359375 0.7953125 0.040625 0.0375
0 0.534375 0.7265625 0.040625 0.04375
0 0.50625 0.75546875 0.040625 0.040625
0 0.46875 0.75703125 0.0421875 0.0453125
0 0.51953125 0.67578125 0.040625 0.04375
0 0.5 0.71640625 0.040625 0.040625
0 0.4609375 0.71953125 0.0375 0.040625
0 0.48125 0.68125 0.0390625 0.0390625
0 0.446875 0.6578125 0.04375 0.04375
0 0.47890625 0.6328125 0.040625 0.0375
0 0.42109375 0.628125 0.040625 0.0390625
0 0.45625 0.60234375 0.04375 0.040625
0 0.41796875 0.590625 0.040625 0.040625
0 0.38828125 0.56875 0.040625 0.04375
0 0.33984375 0.58515625 0.04375 0.046875
0 0.371875 0.603125 0.04375 0.0390625
0 0.32578125 0.63125 0.046875 0.040625
0 0.38515625 0.63828125 0.0375 0.040625
0 0.3515625 0.6625 0.0421875 0.04375
0 0.32109375 0.70625 0.04375 0.04375
0 0.396875 0.70546875 0.040625 0.0421875
0 0.36015625 0.7 0.040625 0.0421875
0 0.40703125 0.66796875 0.0421875 0.040625
0 0.43359375 0.69375 0.040625 0.0390625
0 0.4234375 0.73203125 0.040625 0.040625
0 0.43125 0.771875 0.04375 0.04375
0 0.38125 0.7421875 0.0375 0.0375
0 0.3921875 0.778125 0.0421875 0.0421875
0 0.50078125 0.86484375 0.04375 0.0421875
0 0.5390625 0.8859375 0.046875 0.0453125
0 0.484375 0.8328125 0.0421875 0.040625
0 0.45 0.8125 0.0421875 0.040625
0 0.41171875 0.81171875 0.04375 0.040625
0 0.41796875 0.85078125 0.0421875 0.0421875
0 0.42890625 0.88984375 0.04375 0.040625
0 0.45859375 0.8609375 0.040625 0.040625
0 0.46875 0.9 0.0421875 0.0421875
0 0.45703125 0.94296875 0.0453125 0.046875
0 0.4171875 0.96328125 0.04375 0.0453125