0 0.28828125 0.7609375 0.01875 0.0265625
0 0.2703125 0.746875 0.0203125 0.0265625
0 0.2578125 0.72421875 0.021875 0.025
0 0.23203125 0.675 0.01875 0.025
0 0.23515625 0.63671875 0.01875 0.0265625
0 0.24296875 0.615625 0.01875 0.0265625
0 0.2265625 0.5796875 0.01875 0.0265625
0 0.2578125 0.5953125 0.01875 0.0265625
0 0.26640625 0.55859375 0.021875 0.028125
0 0.3078125 0.63984375 0.0265625 0.034375
0 0.3453125 0.72265625 0.0203125 0.0296875
0 0.35078125 0.68671875 0.01875 0.028125
0 0.38203125 0.725 0.021875 0.0296875
0 0.365625 0.70234375 0.0203125 0.0265625
0 0.39609375 0.70625 0.021875 0.0296875
0 0.39140625 0.67109375 0.025 0.028125
0 0.409375 0.66015625 0.0265625 0.034375
0 0.4625 0.653125 0.0265625 0.0375
0 0.49609375 0.65078125 0.028125 0.0375
0 0.509375 0.5859375 0.0265625 0.0375
0 0.48828125 0.56015625 0.028125 0.0359375
0 0.46640625 0.55078125 0.0265625 0.0375
0 0.43359375 0.56328125 0.0265625 0.034375
0 0.353125 0.58359375 0.0234375 0.03125
0 0.3421875 0.55859375 0.025 0.03125
0 0.32734375 0.5609375 0.0265625 0.034375
0 0.4234375 0.52890625 0.028125 0.0328125
0 0.42578125 0.4875 0.028125 0.034375
0 0.3703125 0.54609375 0.025 0.03125
0 0.371875 0.51484375 0.025 0.0296875
0 0.33671875 0.50390625 0.025 0.0296875
0 0.30625 0.48984375 0.0234375 0.03125
0 0.2859375 0.48125 0.0234375 0.03125
0 0.2375 0.3875 0.0234375 0.0328125
0 0.303125 0.3984375 0.0265625 0.034375
0 0.32578125 0.3984375 0.0265625 0.0375
0 0.36484375 0.40703125 0.0265625 0.034375
0 0.36328125 0.359375 0.025 0.03125
0 0.38671875 0.3296875 0.0265625 0.034375
0 0.42109375 0.33671875 0.0265625 0.034375
0 0.440625 0.3859375 0.0265625 0.034375
0 0.4703125 0.421875 0.0328125 0.04375
0 0.4578125 0.35 0.028125 0.0375
0 0.4734375 0.37109375 0.0265625 0.034375
0 0.48671875 0.4 0.0296875 0.034375
0 0.51484375 0.4046875 0.025 0.034375
0 0.5265625 0.45859375 0.0296875 0.0375
0 0.3359375 0.165625 0.0296875 0.034375
0 0.36484375 0.1609375 0.028125 0.0375
0 0.41328125 0.225 0.03125 0.034375
0 0.390625 0.13046875 0.025 0.0328125
0 0.4 0.18984375 0.0296875 0.034375
0 0.40390625 0.1046875 0.0296875 0.034375
0 0.42734375 0.090625 0.028125 0.0390625
0 0.4375 0.13203125 0.03125 0.034375
0 0.45390625 0.08984375 0.021875 0.0328125
0 0.471875 0.11171875 0.0265625 0.0375
0 0.46953125 0.1453125 0.0296875 0.034375
0 0.46640625 0.18125 0.0328125 0.0375
0 0.48359375 0.08125 0.0234375 0.0375
0 0.496875 0.11796875 0.03125 0.034375
0 0.4984375 0.15234375 0.0328125 0.0375
0 0.54921875 0.1375 0.0328125 0.0390625
0 0.50625 0.2296875 0.0296875 0.03125
0 0.525 0.21171875 0.028125 0.0359375
0 0.565625 0.2265625 0.0328125 0.0390625
0 0.57421875 0.27421875 0.0328125 0.0375
0 0.521875 0.265625 0.0265625 0.034375
0 0.5375 0.29296875 0.0328125 0.0359375
0 0.55703125 0.309375 0.0328125 0.034375
0 0.571875 0.3375 0.0296875 0.034375
0 0.60703125 0.328125 0.0375 0.0453125
0 0.65078125 0.22578125 0.034375 0.040625
0 0.70703125 0.25546875 0.0328125 0.0421875
0 0.77265625 0.36796875 0.0359375 0.04375
0 0.72421875 0.46640625 0.0390625 0.0515625
0 0.62578125 0.409375 0.0328125 0.0390625
0 0.6 0.57890625 0.0328125 0.040625
0 0.62265625 0.6875 0.03125 0.04375
0 0.6140625 0.63828125 0.0296875 0.0375
0 0.63984375 0.665625 0.0328125 0.040625
0 0.6671875 0.6140625 0.0359375 0.0421875
0 0.68671875 0.65625 0.0359375 0.0390625
0 0.6953125 0.725 0.0328125 0.040625
0 0.68125 0.7578125 0.034375 0.040625
0 0.65234375 0.70390625 0.034375 0.0421875
0 0.65625 0.7734375 0.0328125 0.040625
0 0.58515625 0.6875 0.0296875 0.040625
0 0.509375 0.78125 0.0265625 0.0375
0 0.46953125 0.8 0.0265625 0.0375
0 0.4484375 0.79765625 0.025 0.034375
0 0.421875 0.80390625 0.0265625 0.034375
0 0.3828125 0.80625 0.021875 0.0296875
0 0.37734375 0.828125 0.0234375 0.03125
0 0.3421875 0.8515625 0.0234375 0.0328125
0 0.38984375 0.8890625 0.0265625 0.034375
0 0.321875 0.9078125 0.015625 0.028125
0 0.34765625 0.93671875 0.021875 0.0265625
0 0.30859375 0.91875 0.01875 0.028125