0 0.18828125 0.13359375 0.0375 0.0359375
0 0.22421875 0.10625 0.0375 0.034375
0 0.25234375 0.12890625 0.0359375 0.034375
0 0.284375 0.12265625 0.0375 0.034375
0 0.2078125 0.16328125 0.0390625 0.034375
0 0.22265625 0.1390625 0.0359375 0.0359375
0 0.175 0.165625 0.0359375 0.034375
0 0.1671875 0.203125 0.034375 0.040625
0 0.196875 0.19296875 0.0328125 0.034375
0 0.228125 0.1890625 0.034375 0.0328125
0 0.25859375 0.1828125 0.034375 0.03125
0 0.2703125 0.1578125 0.034375 0.034375
0 0.2984375 0.15234375 0.0328125 0.034375
0 0.3296875 0.1390625 0.034375 0.034375
0 0.37109375 0.14453125 0.0359375 0.0375
0 0.3171875 0.19765625 0.0328125 0.03125
0 0.32421875 0.16875 0.034375 0.03125
0 0.28828125 0.2015625 0.0328125 0.0375
0 0.22734375 0.21953125 0.0375 0.0375
0 0.2578125 0.21328125 0.034375 0.0359375
0 0.19453125 0.22265625 0.0375 0.034375
0 0.1640625 0.24921875 0.034375 0.0375
0 0.19296875 0.30390625 0.040625 0.0375
0 0.23203125 0.27421875 0.0359375 0.0359375
0 0.18984375 0.2734375 0.034375 0.0359375
0 0.21171875 0.24921875 0.034375 0.034375
0 0.24453125 0.2453125 0.034375 0.0359375
0 0.30625 0.2359375 0.0328125 0.034375
0 0.3359375 0.225 0.034375 0.03125
0 0.346875 0.1921875 0.034375 0.034375
0 0.45078125 0.203125 0.034375 0.0390625
0 0.39453125 0.22734375 0.0328125 0.0359375
0 0.36953125 0.24609375 0.034375 0.0375
0 0.27578125 0.23984375 0.03125 0.03125
0 0.29375 0.26640625 0.0359375 0.034375
0 0.2828125 0.30078125 0.0328125 0.0375
0 0.325 0.28828125 0.0359375 0.034375
0 0.359375 0.30625 0.0375 0.0328125
0 0.45 0.29765625 0.034375 0.034375
0 0.44140625 0.33203125 0.034375 0.034375
0 0.40546875 0.334375 0.034375 0.034375
0 0.33671875 0.33671875 0.0375 0.0375
0 0.3140625 0.3734375 0.0359375 0.0375
0 0.35625 0.3703125 0.0375 0.0375
0 0.3921875 0.3703125 0.034375 0.034375
0 0.4265625 0.3625 0.03125 0.034375
0 0.41171875 0.39453125 0.034375 0.034375
0 0.44609375 0.390625 0.0328125 0.0328125
0 0.4921875 0.42421875 0.0328125 0.0375
0 0.42109375 0.42578125 0.03125 0.0359375
0 0.46171875 0.428125 0.03125 0.03125
0 0.47578125 0.45546875 0.03125 0.0328125
0 0.51171875 0.465625 0.03125 0.034375
0 0.3765625 0.4640625 0.0328125 0.034375
0 0.39375 0.43828125 0.0328125 0.03125
0 0.41875 0.4609375 0.03125 0.034375
0 0.44921875 0.47734375 0.03125 0.03125
0 0.34375 0.46640625 0.034375 0.034375
0 0.31796875 0.509375 0.034375 0.034375
0 0.365625 0.49453125 0.0328125 0.034375
0 0.3953125 0.48984375 0.0328125 0.034375
0 0.42421875 0.50078125 0.03125 0.034375
0 0.4 0.52265625 0.034375 0.03125
0 0.45078125 0.5109375 0.0296875 0.034375
0 0.4765625 0.4953125 0.03125 0.03125
0 0.50859375 0.50703125 0.03125 0.03125
0 0.5359375 0.496875 0.03125 0.0328125
0 0.49921875 0.53671875 0.03125 0.0328125
0 0.528125 0.53125 0.034375 0.034375
0 0.47578125 0.52421875 0.03125 0.034375
0 0.42109375 0.54375 0.034375 0.034375
0 0.44921875 0.5421875 0.0296875 0.0328125
0 0.4765625 0.5546875 0.03125 0.03125
0 0.50390625 0.565625 0.034375 0.03125
0 0.5328125 0.56640625 0.03125 0.03125
0 0.55390625 0.54375 0.034375 0.034375
0 0.58828125 0.54765625 0.034375 0.0328125
0 0.57421875 0.575 0.03125 0.0375
0 0.4515625 0.571875 0.028125 0.034375
0 0.42578125 0.58671875 0.034375 0.034375
0 0.478125 0.584375 0.0328125 0.03125
0 0.45625 0.60625 0.03125 0.0375
0 0.5125 0.59453125 0.034375 0.034375
0 0.5421875 0.596875 0.03125 0.0328125
0 0.48828125 0.61328125 0.03125 0.034375
0 0.4921875 0.64453125 0.03125 0.034375
0 0.51640625 0.6265625 0.0328125 0.034375
0 0.54296875 0.62578125 0.03125 0.0359375
0 0.57265625 0.6359375 0.0328125 0.034375
0 0.5375 0.659375 0.028125 0.034375
0 0.50859375 0.66875 0.034375 0.034375
0 0.52890625 0.690625 0.034375 0.0359375
0 0.55703125 0.68359375 0.03125 0.0359375
0 0.5859375 0.68359375 0.034375 0.0375
0 0.59921875 0.71171875 0.034375 0.0390625
0 0.6265625 0.72578125 0.034375 0.040625
0 0.53046875 0.73046875 0.0359375 0.0359375
0 0.52890625 0.76796875 0.0359375 0.04375
0 0.63359375 0.77578125 0.03125 0.040625