0 0.6796875 0.73828125 0.03203125 0.03046875
0 0.65 0.74453125 0.0328125 0.03125
0 0.62578125 0.7328125 0.03203125 0.02890625
0 0.59375 0.725 0.03203125 0.0328125
0 0.6171875 0.771875 0.03515625 0.03359375
0 0.58203125 0.83515625 0.03984375 0.03359375
0 0.578125 0.8703125 0.0421875 0.03125
0 0.390625 0.8390625 0.04453125 0.03828125
0 0.34765625 0.81484375 0.0484375 0.0390625
0 0.325 0.7828125 0.0453125 0.03828125
0 0.353125 0.753125 0.04921875 0.0390625
0 0.3109375 0.7375 0.05078125 0.04375
0 0.4703125 0.7046875 0.0421875 0.03671875
0 0.27890625 0.66875 0.05546875 0.03984375
0 0.30390625 0.59296875 0.04765625 0.040625
0 0.23671875 0.55859375 0.05234375 0.0421875
0 0.16015625 0.51328125 0.05234375 0.0421875
0 0.428125 0.6078125 0.04375 0.040625
0 0.41015625 0.55234375 0.040625 0.03671875
0 0.55859375 0.6 0.034375 0.0328125
0 0.52890625 0.5703125 0.0390625 0.0328125
0 0.56328125 0.51484375 0.03671875 0.03359375
0 0.51328125 0.484375 0.0390625 0.034375
0 0.48125 0.46953125 0.0390625 0.03125
0 0.446875 0.47734375 0.03828125 0.0328125
0 0.41484375 0.4578125 0.04296875 0.03203125
0 0.4578125 0.5109375 0.04140625 0.034375
0 0.3609375 0.4796875 0.04609375 0.03515625
0 0.31953125 0.46796875 0.04453125 0.03671875
0 0.325 0.43515625 0.05 0.0375
0 0.275 0.4390625 0.0484375 0.03828125
0 0.29609375 0.4015625 0.0515625 0.03984375
0 0.20390625 0.42578125 0.05703125 0.0390625
0 0.13515625 0.3828125 0.053125 0.04296875
0 0.2875 0.3625 0.0484375 0.0390625
0 0.30546875 0.3296875 0.053125 0.0359375
0 0.23125 0.31328125 0.05625 0.04140625
0 0.246875 0.2328125 0.05078125 0.03828125
0 0.3765625 0.30859375 0.0421875 0.0359375
0 0.3765625 0.34375 0.04140625 0.03203125
0 0.42109375 0.3359375 0.0421875 0.03515625
0 0.35859375 0.38046875 0.0453125 0.034375
0 0.43203125 0.36796875 0.04296875 0.03203125
0 0.39609375 0.37578125 0.03828125 0.03359375
0 0.4390625 0.39921875 0.04140625 0.0328125
0 0.4015625 0.4109375 0.03828125 0.0328125
0 0.43828125 0.43046875 0.0359375 0.0328125
0 0.49609375 0.415625 0.034375 0.0296875
0 0.4734375 0.440625 0.0328125 0.03046875
0 0.5078125 0.44765625 0.0359375 0.03359375
0 0.4734375 0.384375 0.0359375 0.0328125
0 0.4859375 0.353125 0.03671875 0.03125
0 0.50625 0.384375 0.0375 0.03203125
0 0.55859375 0.384375 0.0375 0.03203125
0 0.521875 0.36171875 0.0375 0.0265625
0 0.534375 0.3390625 0.0359375 0.0265625
0 0.49453125 0.31953125 0.0375 0.0328125
0 0.53359375 0.3109375 0.0375 0.0328125
0 0.565625 0.35390625 0.03671875 0.02890625
0 0.6046875 0.36875 0.034375 0.03125
0 0.634375 0.4109375 0.03046875 0.02734375
0 0.609375 0.459375 0.03046875 0.03046875
0 0.578125 0.4671875 0.03359375 0.03203125
0 0.640625 0.48671875 0.0359375 0.03125
0 0.67734375 0.46875 0.03359375 0.0265625
0 0.721875 0.55703125 0.03046875 0.025
0 0.75703125 0.4953125 0.03125 0.02890625
0 0.7 0.58359375 0.034375 0.02734375
0 0.74609375 0.565625 0.028125 0.03046875
0 0.7359375 0.60390625 0.03359375 0.03125
0 0.72734375 0.63828125 0.034375 0.03046875
0 0.7484375 0.459375 0.034375 0.02890625
0 0.73203125 0.42265625 0.0296875 0.03046875
0 0.7046875 0.43671875 0.0328125 0.0296875
0 0.66796875 0.42421875 0.03203125 0.03359375
0 0.75703125 0.3875 0.028125 0.03046875
0 0.7203125 0.37890625 0.0296875 0.02734375
0 0.7125 0.34921875 0.028125 0.02734375
0 0.68984375 0.3515625 0.02890625 0.02890625
0 0.68125 0.325 0.03359375 0.02734375
0 0.73203125 0.33046875 0.03359375 0.028125
0 0.77265625 0.32421875 0.03125 0.028125
0 0.7484375 0.2921875 0.0328125 0.02890625
0 0.725 0.30546875 0.028125 0.02421875
0 0.69453125 0.29140625 0.03203125 0.0265625
0 0.66328125 0.2890625 0.0296875 0.0296875
0 0.63125 0.275 0.03359375 0.02890625
0 0.6828125 0.26640625 0.028125 0.02734375
0 0.6546875 0.25703125 0.03046875 0.0328125
0 0.6921875 0.23828125 0.0296875 0.0296875
0 0.6625 0.22734375 0.0328125 0.03203125
0 0.6359375 0.19765625 0.0359375 0.0328125
0 0.6203125 0.165625 0.034375 0.03046875
0 0.578125 0.18515625 0.03515625 0.0359375
0 0.53515625 0.1765625 0.03828125 0.0359375
0 0.615625 0.13359375 0.0359375 0.03046875
0 0.5921875 0.14609375 0.0296875 0.03125
0 0.55859375 0.13203125 0.03828125 0.03046875
0 0.5640625 0.09453125 0.03671875 0.034375