0 0.678125 0.16953125 0.0421875 0.0453125
0 0.728125 0.20390625 0.0421875 0.0421875
0 0.621875 0.2125 0.0453125 0.04375
0 0.6578125 0.2234375 0.0375 0.0421875
0 0.69140625 0.2078125 0.0390625 0.0421875
0 0.70859375 0.23671875 0.040625 0.0390625
0 0.73984375 0.25546875 0.0390625 0.0390625
0 0.67578125 0.25546875 0.0390625 0.0421875
0 0.70703125 0.27109375 0.0390625 0.0390625
0 0.6359375 0.25390625 0.0421875 0.040625
0 0.5671875 0.265625 0.0421875 0.040625
0 0.60078125 0.25390625 0.040625 0.0421875
0 0.5828125 0.29375 0.0375 0.0390625
0 0.61875 0.284375 0.0390625 0.0375
0 0.65234375 0.284375 0.0390625 0.0390625
0 0.68828125 0.3 0.0390625 0.0390625
0 0.71953125 0.3109375 0.0390625 0.040625
0 0.74296875 0.33046875 0.0421875 0.0375
0 0.69765625 0.33671875 0.0359375 0.0359375
0 0.66484375 0.325 0.0421875 0.0375
0 0.6015625 0.321875 0.040625 0.0359375
0 0.63359375 0.3125 0.0359375 0.0359375
0 0.5609375 0.3203125 0.0390625 0.0390625
0 0.5796875 0.346875 0.0375 0.0375
0 0.62890625 0.3453125 0.040625 0.0359375
0 0.53046875 0.3359375 0.0421875 0.0375
0 0.55078125 0.365625 0.040625 0.0359375
0 0.5875 0.375 0.0390625 0.0328125
0 0.621875 0.3734375 0.0359375 0.0359375
0 0.6578125 0.35625 0.0390625 0.0359375
0 0.6859375 0.36796875 0.0390625 0.034375
0 0.71953125 0.371875 0.0390625 0.034375
0 0.56171875 0.3953125 0.0390625 0.0359375
0 0.59140625 0.403125 0.0359375 0.0328125
0 0.621875 0.403125 0.0328125 0.0328125
0 0.6515625 0.3859375 0.0359375 0.0328125
0 0.678125 0.396875 0.03125 0.0296875
0 0.6484375 0.4140625 0.0359375 0.0328125
0 0.678125 0.42421875 0.0375 0.0328125
0 0.68671875 0.45078125 0.0359375 0.0328125
0 0.53984375 0.4171875 0.0359375 0.0328125
0 0.57109375 0.428125 0.0359375 0.0359375
0 0.60078125 0.42890625 0.034375 0.0328125
0 0.628125 0.43984375 0.0390625 0.0328125
0 0.65546875 0.45078125 0.034375 0.03125
0 0.53125 0.44453125 0.0390625 0.034375
0 0.55234375 0.4640625 0.0328125 0.0328125
0 0.58046875 0.45078125 0.0375 0.0296875
0 0.60390625 0.46484375 0.034375 0.0296875
0 0.63359375 0.47265625 0.034375 0.0296875
0 0.5765625 0.47734375 0.0359375 0.0328125
0 0.6 0.4921875 0.0328125 0.0328125
0 0.61953125 0.50625 0.0359375 0.034375
0 0.5265625 0.4796875 0.0359375 0.0375
0 0.55 0.49140625 0.034375 0.0296875
0 0.57265625 0.50546875 0.0359375 0.0328125
0 0.5953125 0.5203125 0.0359375 0.034375
0 0.61796875 0.534375 0.0359375 0.0328125
0 0.5015625 0.48828125 0.0328125 0.0359375
0 0.52109375 0.509375 0.0390625 0.0328125
0 0.53984375 0.5265625 0.0328125 0.0328125
0 0.56640625 0.5359375 0.03125 0.03125
0 0.5828125 0.55546875 0.0328125 0.0328125
0 0.48984375 0.51171875 0.0359375 0.0359375
0 0.509375 0.53125 0.0390625 0.034375
0 0.52734375 0.54921875 0.03125 0.028125
0 0.5546875 0.55859375 0.03125 0.03125
0 0.48671875 0.5609375 0.034375 0.0296875
0 0.5125 0.5703125 0.03125 0.028125
0 0.5390625 0.57734375 0.028125 0.028125
0 0.565625 0.58359375 0.0328125 0.0328125
0 0.4953125 0.58828125 0.034375 0.03125
0 0.52109375 0.59609375 0.03125 0.0265625
0 0.54453125 0.603125 0.034375 0.0296875
0 0.571875 0.6109375 0.0328125 0.0265625
0 0.46796875 0.59453125 0.0328125 0.03125
0 0.49765625 0.61015625 0.03125 0.0296875
0 0.52109375 0.61796875 0.034375 0.0296875
0 0.54296875 0.6265625 0.0375 0.0296875
0 0.5734375 0.63359375 0.0328125 0.0296875
0 0.5890625 0.653125 0.0328125 0.0296875
0 0.4703125 0.61875 0.03125 0.03125
0 0.4984375 0.63125 0.0296875 0.028125
0 0.521875 0.6375 0.028125 0.028125
0 0.54609375 0.64921875 0.028125 0.025
0 0.56015625 0.66171875 0.028125 0.0234375
0 0.4484375 0.628125 0.03125 0.028125
0 0.4734375 0.64375 0.025 0.021875
0 0.50078125 0.65078125 0.028125 0.025
0 0.52109375 0.6609375 0.028125 0.0265625
0 0.53671875 0.67578125 0.0296875 0.0265625
0 0.5625 0.68125 0.0328125 0.028125
0 0.44765625 0.6515625 0.03125 0.0296875
0 0.47421875 0.6625 0.028125 0.025
0 0.496875 0.67109375 0.028125 0.025
0 0.5125 0.6859375 0.0296875 0.025
0 0.446875 0.67109375 0.03125 0.0265625
0 0.478125 0.68203125 0.028125 0.025
0 0.46796875 0.70625 0.0296875 0.028125
0 0.4921875 0.69921875 0.028125 0.0234375
0 0.5234375 0.703125 0.025 0.0265625
0 0.5484375 0.69921875 0.028125 0.021875
0 0.578125 0.69453125 0.028125 0.025
0 0.58203125 0.71484375 0.03125 0.0265625
0 0.4921875 0.72421875 0.028125 0.025
0 0.521875 0.72421875 0.0296875 0.025
0 0.5546875 0.71484375 0.03125 0.0265625
0 0.5703125 0.73203125 0.028125 0.021875
0 0.58046875 0.74765625 0.028125 0.0234375
0 0.603125 0.75859375 0.028125 0.0234375
0 0.5453125 0.740625 0.0296875 0.025
0 0.565625 0.76328125 0.0296875 0.028125
0 0.59375 0.77890625 0.028125 0.0234375
0 0.53671875 0.7828125 0.0265625 0.021875
0 0.56953125 0.790625 0.0296875 0.025
0 0.48359375 0.7421875 0.028125 0.025
0 0.45234375 0.740625 0.028125 0.025
0 0.4578125 0.7640625 0.0296875 0.0265625
0 0.490625 0.77421875 0.0296875 0.028125
0 0.515625 0.796875 0.028125 0.028125
0 0.41484375 0.803125 0.0296875 0.0234375
0 0.4390625 0.80703125 0.025 0.021875
0 0.4609375 0.809375 0.028125 0.021875
0 0.4875 0.8140625 0.03125 0.0234375
0 0.61328125 0.83515625 0.0328125 0.0234375
0 0.4953125 0.84296875 0.025 0.021875
0 0.4546875 0.82578125 0.025 0.01875
0 0.48125 0.83125 0.028125 0.021875
0 0.4328125 0.82421875 0.028125 0.021875
0 0.4609375 0.83828125 0.0265625 0.0203125
0 0.4765625 0.85 0.0234375 0.01875
0 0.490625 0.8609375 0.0265625 0.0203125
0 0.46484375 0.896875 0.025 0.0203125
0 0.46953125 0.86640625 0.0234375 0.01875
0 0.43671875 0.84140625 0.025 0.021875
0 0.4484375 0.85625 0.0265625 0.01875
0 0.41484375 0.83515625 0.0234375 0.01875
0 0.39921875 0.85 0.0328125 0.0203125
0 0.4234375 0.8515625 0.025 0.021875
0 0.44140625 0.871875 0.021875 0.0203125
0 0.39140625 0.86953125 0.025 0.01875
0 0.41875 0.86640625 0.021875 0.01875
0 0.434375 0.884375 0.0234375 0.01875
0 0.4109375 0.88359375 0.0265625 0.0203125