0 0.625 0.55546875 0.01953125 0.01875
0 0.53359375 0.60546875 0.0171875 0.01875
0 0.51640625 0.5984375 0.01796875 0.01953125
0 0.44296875 0.6078125 0.0171875 0.01796875
0 0.4234375 0.603125 0.0171875 0.0203125
0 0.4109375 0.6125 0.01875 0.01875
0 0.40390625 0.59921875 0.01953125 0.02109375
0 0.428125 0.6203125 0.0203125 0.01796875
0 0.3890625 0.60546875 0.01796875 0.02109375
0 0.36640625 0.6265625 0.01875 0.0203125
0 0.36953125 0.60859375 0.0203125 0.01953125
0 0.34609375 0.6359375 0.01796875 0.0203125
0 0.3515625 0.6171875 0.02109375 0.01953125
0 0.3296875 0.63125 0.01875 0.01953125
0 0.315625 0.63828125 0.0203125 0.01953125
0 0.2703125 0.64453125 0.01953125 0.01953125
0 0.4328125 0.553125 0.0171875 0.01953125
0 0.47734375 0.52265625 0.0171875 0.01796875
0 0.48984375 0.50859375 0.015625 0.0171875
0 0.51640625 0.5140625 0.01640625 0.01875
0 0.5359375 0.5140625 0.01640625 0.01875
0 0.55625 0.50546875 0.0171875 0.01796875
0 0.57421875 0.4953125 0.0171875 0.01796875
0 0.559375 0.48984375 0.01796875 0.0171875
0 0.54140625 0.49765625 0.0171875 0.01640625
0 0.525 0.50078125 0.01796875 0.01796875
0 0.509375 0.49921875 0.015625 0.0171875
0 0.49296875 0.49453125 0.0171875 0.01796875
0 0.5140625 0.48125 0.0171875 0.0203125
0 0.4984375 0.47890625 0.01640625 0.0171875
0 0.4765625 0.48828125 0.0171875 0.01796875
0 0.4828125 0.471875 0.01796875 0.0171875
0 0.46640625 0.471875 0.01875 0.0203125
0 0.45 0.46640625 0.01796875 0.0171875
0 0.496875 0.4625 0.01796875 0.01875
0 0.50859375 0.45234375 0.01796875 0.01953125
0 0.51875 0.43828125 0.01953125 0.02109375
0 0.58828125 0.4640625 0.0171875 0.01796875
0 0.5734375 0.47109375 0.0171875 0.01796875
0 0.55703125 0.4671875 0.01875 0.02109375
0 0.53671875 0.46484375 0.01796875 0.01953125
0 0.378125 0.48359375 0.02109375 0.021875
0 0.5765625 0.359375 0.01875 0.02265625
0 0.59453125 0.35703125 0.01875 0.0234375