0 0.309375 0.06796875 0.02265625 0.0234375
0 0.30859375 0.09140625 0.021875 0.02421875
0 0.32734375 0.10234375 0.02265625 0.021875
0 0.3421875 0.08828125 0.02109375 0.021875
0 0.3921875 0.10859375 0.0234375 0.021875
0 0.4140625 0.09921875 0.0234375 0.02265625
0 0.44140625 0.13359375 0.0234375 0.02421875
0 0.4875 0.18203125 0.0234375 0.02265625
0 0.60078125 0.2125 0.0234375 0.02421875
0 0.66875 0.23515625 0.021875 0.0234375
0 0.60234375 0.23671875 0.01875 0.021875
0 0.63828125 0.2390625 0.021875 0.02265625
0 0.575 0.2234375 0.021875 0.021875
0 0.58203125 0.24375 0.0234375 0.0234375
0 0.56328125 0.2609375 0.01953125 0.0234375
0 0.58359375 0.26484375 0.02109375 0.02421875
0 0.60546875 0.26015625 0.0203125 0.025
0 0.615625 0.278125 0.02265625 0.025
0 0.59375 0.284375 0.01875 0.02421875
0 0.61015625 0.29921875 0.021875 0.0234375
0 0.6453125 0.29609375 0.02421875 0.02265625
0 0.6296875 0.31640625 0.02265625 0.025
0 0.58984375 0.3109375 0.02109375 0.02421875
0 0.53359375 0.2671875 0.0234375 0.02265625
0 0.4546875 0.2515625 0.0203125 0.02109375
0 0.4765625 0.27421875 0.02265625 0.02265625
0 0.51015625 0.29453125 0.02109375 0.025
0 0.53515625 0.29296875 0.02421875 0.025
0 0.540625 0.31875 0.021875 0.025
0 0.48359375 0.3 0.02578125 0.02578125
0 0.525 0.340625 0.02578125 0.0265625
0 0.39140625 0.3140625 0.0203125 0.02578125
0 0.36015625 0.3453125 0.02421875 0.02265625
0 0.32265625 0.3828125 0.0234375 0.02421875
0 0.2875 0.37109375 0.02578125 0.0265625
0 0.3046875 0.39609375 0.02109375 0.02421875
0 0.3328125 0.41015625 0.02421875 0.025
0 0.240625 0.4421875 0.028125 0.025
0 0.2578125 0.41796875 0.0265625 0.0234375
0 0.284375 0.428125 0.02421875 0.02578125
0 0.30703125 0.4296875 0.01953125 0.0234375
0 0.31796875 0.44921875 0.02578125 0.02578125
0 0.315625 0.47265625 0.02421875 0.025
0 0.23515625 0.478125 0.02578125 0.0265625
0 0.22890625 0.5171875 0.02265625 0.028125
0 0.2546875 0.525 0.02578125 0.0234375
0 0.21484375 0.53671875 0.02421875 0.02265625
0 0.23984375 0.54453125 0.02421875 0.0265625
0 0.2265625 0.5796875 0.021875 0.02421875
0 0.24921875 0.5734375 0.0234375 0.02578125
0 0.34375 0.5296875 0.0203125 0.021875
0 0.36328125 0.52890625 0.02109375 0.02265625
0 0.38515625 0.54453125 0.01953125 0.02265625
0 0.36953125 0.5625 0.021875 0.0234375
0 0.3234375 0.5453125 0.02109375 0.0234375
0 0.33359375 0.56953125 0.025 0.025
0 0.30625 0.590625 0.0234375 0.0234375
0 0.32109375 0.63515625 0.025 0.02578125
0 0.325 0.66171875 0.025 0.0234375
0 0.23671875 0.81640625 0.0265625 0.02734375
0 0.21171875 0.80703125 0.02265625 0.025
0 0.23984375 0.834375 0.02265625 0.0203125
0 0.28671875 0.775 0.02421875 0.02265625
0 0.29609375 0.78515625 0.01875 0.01953125
0 0.30078125 0.7578125 0.02578125 0.025
0 0.31328125 0.73671875 0.025 0.02265625
0 0.37109375 0.7625 0.0234375 0.02578125
0 0.40078125 0.74375 0.025 0.02421875
0 0.4234375 0.7328125 0.021875 0.0265625
0 0.41015625 0.596875 0.02578125 0.02421875
0 0.415625 0.6234375 0.025 0.02578125
0 0.421875 0.64921875 0.025 0.02265625
0 0.425 0.671875 0.02578125 0.02578125
0 0.45 0.68203125 0.0234375 0.025
0 0.44921875 0.71484375 0.0234375 0.0265625
0 0.46640625 0.69765625 0.02109375 0.021875
0 0.47265625 0.7234375 0.021875 0.02578125
0 0.46171875 0.74609375 0.02421875 0.0234375
0 0.44765625 0.78828125 0.021875 0.02578125
0 0.48203125 0.79296875 0.02421875 0.028125
0 0.415625 0.81484375 0.02265625 0.02578125
0 0.44140625 0.83125 0.02265625 0.02421875
0 0.465625 0.84921875 0.025 0.025
0 0.3984375 0.4875 0.02734375 0.02421875
0 0.425 0.4890625 0.02421875 0.025
0 0.42109375 0.4609375 0.021875 0.0234375
0 0.42421875 0.44375 0.025 0.0171875
0 0.409375 0.4671875 0.0171875 0.02109375
0 0.43671875 0.4671875 0.01796875 0.0234375
0 0.45703125 0.390625 0.0265625 0.02421875
0 0.43828125 0.42890625 0.025 0.025
0 0.46953125 0.4484375 0.0234375 0.0234375
0 0.4765625 0.4265625 0.021875 0.02421875
0 0.49453125 0.415625 0.021875 0.02265625
0 0.51484375 0.425 0.021875 0.0265625
0 0.5625 0.44921875 0.02265625 0.02734375
0 0.5796875 0.47421875 0.0265625 0.025
0 0.63671875 0.43671875 0.02109375 0.02421875
0 0.625 0.45625 0.02421875 0.021875
0 0.62421875 0.47890625 0.025 0.0234375
0 0.66484375 0.47421875 0.0265625 0.025
0 0.6953125 0.46796875 0.02578125 0.0234375
0 0.71953125 0.47265625 0.02421875 0.025
0 0.73125 0.440625 0.028125 0.025
0 0.83046875 0.44140625 0.02578125 0.02734375
0 0.80625 0.46640625 0.021875 0.02265625
0 0.83515625 0.47109375 0.02578125 0.02421875
0 0.78359375 0.4609375 0.0265625 0.02421875
0 0.7609375 0.4890625 0.02578125 0.02421875
0 0.7875 0.484375 0.02421875 0.0234375
0 0.79765625 0.51015625 0.0234375 0.02421875
0 0.87578125 0.53671875 0.0265625 0.0265625
0 0.828125 0.5296875 0.0234375 0.025
0 0.8203125 0.553125 0.02109375 0.0234375
0 0.83359375 0.578125 0.0234375 0.02265625
0 0.83125 0.6609375 0.02734375 0.0234375
0 0.83046875 0.73828125 0.02578125 0.028125
0 0.5546875 0.575 0.0265625 0.0265625
0 0.54765625 0.596875 0.025 0.02421875
0 0.5515625 0.559375 0.02265625 0.0171875
0 0.5875 0.5765625 0.028125 0.02265625
0 0.61953125 0.5578125 0.0234375 0.028125
0 0.6890625 0.51171875 0.02421875 0.025
0 0.68046875 0.534375 0.02109375 0.0234375
0 0.7109375 0.5390625 0.025 0.025
0 0.690625 0.55234375 0.02265625 0.021875
0 0.696875 0.5734375 0.02265625 0.02265625
0 0.7078125 0.596875 0.021875 0.025
0 0.7265625 0.58984375 0.02109375 0.02421875
0 0.6578125 0.61171875 0.021875 0.025
0 0.66796875 0.63671875 0.02578125 0.02890625
0 0.62890625 0.6703125 0.02421875 0.02421875
0 0.69296875 0.66796875 0.02421875 0.0265625
0 0.6921875 0.7015625 0.021875 0.02578125
0 0.634375 0.70625 0.0234375 0.03046875
0 0.65078125 0.72734375 0.0234375 0.02578125
0 0.675 0.71796875 0.0234375 0.0296875
0 0.62578125 0.72734375 0.025 0.0234375
0 0.6375 0.75390625 0.021875 0.02734375
0 0.6609375 0.753125 0.02109375 0.02421875
0 0.65625 0.778125 0.021875 0.02734375
0 0.675 0.79453125 0.0234375 0.02578125
0 0.64609375 0.7984375 0.025 0.025
0 0.6671875 0.81875 0.025 0.0265625