0 0.40625 0.3390625 0.01328125 0.0125
0 0.48671875 0.3359375 0.015625 0.0140625
0 0.521875 0.33984375 0.0125 0.01328125
0 0.525 0.35390625 0.0140625 0.01328125
0 0.5328125 0.3453125 0.0125 0.01328125
0 0.54375 0.33984375 0.01171875 0.01171875
0 0.54453125 0.353125 0.0109375 0.01328125
0 0.33984375 0.48828125 0.01640625 0.015625
0 0.309375 0.49453125 0.01640625 0.01484375
0 0.29140625 0.5140625 0.0140625 0.01640625
0 0.3296875 0.6484375 0.0140625 0.01796875
0 0.41171875 0.6171875 0.0140625 0.01484375
0 0.39921875 0.59140625 0.015625 0.01484375
0 0.34453125 0.584375 0.01328125 0.015625
0 0.38671875 0.575 0.01328125 0.01328125
0 0.38671875 0.56015625 0.01328125 0.01484375
0 0.353125 0.55234375 0.0171875 0.01328125
0 0.38828125 0.53984375 0.0140625 0.0140625
0 0.371875 0.54140625 0.01328125 0.0140625
0 0.35625 0.53359375 0.01640625 0.01484375
0 0.37265625 0.528125 0.01328125 0.0125
0 0.384375 0.52265625 0.01328125 0.01328125
0 0.39765625 0.51875 0.0125 0.01171875
0 0.390625 0.5046875 0.01484375 0.015625
0 0.39765625 0.46796875 0.0171875 0.01640625
0 0.36796875 0.47890625 0.01484375 0.01484375
0 0.3390625 0.446875 0.015625 0.01484375
0 0.3609375 0.421875 0.01484375 0.015625
0 0.38203125 0.403125 0.01328125 0.01328125
0 0.378125 0.41796875 0.01328125 0.01328125
0 0.390625 0.42265625 0.0109375 0.01328125
0 0.43359375 0.403125 0.01328125 0.015625
0 0.4453125 0.415625 0.0140625 0.0125
0 0.46328125 0.41171875 0.0125 0.0125
0 0.47578125 0.409375 0.0125 0.0125
0 0.45703125 0.42421875 0.01328125 0.0125
0 0.46875 0.4234375 0.0109375 0.01328125
0 0.48984375 0.42109375 0.0140625 0.01328125
0 0.4765625 0.4328125 0.0125 0.0140625
0 0.43125 0.43125 0.01328125 0.01484375
0 0.41484375 0.43828125 0.01171875 0.0140625
0 0.40703125 0.4515625 0.01328125 0.01328125
0 0.41953125 0.45078125 0.01171875 0.01171875
0 0.42734375 0.44140625 0.0125 0.0125
0 0.43984375 0.44453125 0.0140625 0.01328125
0 0.4296875 0.459375 0.01171875 0.01328125
0 0.4421875 0.459375 0.0125 0.01484375
0 0.43515625 0.48046875 0.0125 0.01484375
0 0.44921875 0.47890625 0.015625 0.0140625
0 0.45546875 0.465625 0.0125 0.01328125
0 0.465625 0.44609375 0.01328125 0.0125
0 0.47265625 0.45625 0.0140625 0.0109375
0 0.46953125 0.46875 0.01328125 0.01171875
0 0.4625 0.47890625 0.0109375 0.01328125
0 0.47890625 0.4765625 0.01328125 0.0109375
0 0.471875 0.4875 0.0125 0.01171875
0 0.490625 0.48515625 0.01328125 0.01484375
0 0.471875 0.50078125 0.0140625 0.01484375
0 0.45703125 0.51328125 0.0140625 0.01328125
0 0.45625 0.52734375 0.01328125 0.015625
0 0.43984375 0.53828125 0.01328125 0.01484375
0 0.43984375 0.553125 0.0125 0.01328125
0 0.4390625 0.60234375 0.0140625 0.0140625
0 0.45 0.59140625 0.0125 0.0125
0 0.46171875 0.58359375 0.01328125 0.0125
0 0.465625 0.59609375 0.01328125 0.01328125
0 0.4578125 0.54921875 0.0140625 0.0140625
0 0.48359375 0.5296875 0.0125 0.01171875
0 0.471875 0.5328125 0.01171875 0.01171875
0 0.48125 0.5203125 0.0125 0.00859375
0 0.48515625 0.5390625 0.01328125 0.00546875
0 0.51328125 0.4484375 0.01484375 0.0140625
0 0.5171875 0.4609375 0.0140625 0.01328125
0 0.515625 0.47421875 0.01484375 0.015625
0 0.5171875 0.49296875 0.0140625 0.015625
0 0.50625 0.50703125 0.01328125 0.01484375
0 0.5015625 0.51953125 0.0125 0.01328125
0 0.4984375 0.53203125 0.0109375 0.0140625
0 0.51015625 0.5359375 0.01328125 0.0140625
0 0.5140625 0.5515625 0.0140625 0.01484375
0 0.528125 0.54765625 0.01328125 0.01328125
0 0.5328125 0.56328125 0.01328125 0.015625
0 0.490625 0.5484375 0.01484375 0.015625
0 0.4890625 0.56484375 0.01484375 0.0140625
0 0.49921875 0.57734375 0.01328125 0.01640625
0 0.4984375 0.59375 0.01484375 0.0140625
0 0.5109375 0.590625 0.0125 0.0140625
0 0.51484375 0.60546875 0.0125 0.01640625
0 0.52734375 0.6046875 0.01171875 0.01484375
0 0.53359375 0.59375 0.0125 0.01484375
0 0.54375 0.6078125 0.01484375 0.015625
0 0.67421875 0.5609375 0.01328125 0.0140625
0 0.6765625 0.575 0.01484375 0.015625
0 0.67109375 0.5171875 0.01484375 0.0171875
0 0.5828125 0.4265625 0.0140625 0.0109375
0 0.5859375 0.4390625 0.01328125 0.0140625
0 0.575 0.4625 0.0125 0.01484375
0 0.56875 0.4734375 0.015625 0.01484375
0 0.5921875 0.478125 0.01328125 0.01328125
0 0.603125 0.48671875 0.0140625 0.01484375
0 0.60625 0.50625 0.01328125 0.015625
0 0.5859375 0.5234375 0.0125 0.0140625
0 0.60859375 0.53046875 0.01328125 0.015625
0 0.54296875 0.45390625 0.0140625 0.0140625
0 0.540625 0.4671875 0.01328125 0.01328125
0 0.5453125 0.47890625 0.01328125 0.01484375
0 0.553125 0.50390625 0.01171875 0.015625
0 0.5625 0.515625 0.01328125 0.01484375
0 0.56875 0.52890625 0.01171875 0.01328125
0 0.56875 0.54296875 0.01171875 0.01484375
0 0.55546875 0.5359375 0.0109375 0.01328125
0 0.56015625 0.55078125 0.01328125 0.01484375
0 0.5796875 0.565625 0.01328125 0.01484375
0 0.5609375 0.5671875 0.01328125 0.0140625
0 0.56953125 0.575 0.0125 0.0109375
0 0.575 0.5875 0.01328125 0.01484375
0 0.5875 0.58515625 0.0140625 0.01484375
0 0.58203125 0.603125 0.0140625 0.0140625
0 0.64921875 0.6140625 0.01484375 0.0171875
0 0.57890625 0.61875 0.01484375 0.0140625
0 0.578125 0.634375 0.0140625 0.0140625
0 0.56484375 0.62890625 0.0125 0.01328125
0 0.565625 0.64375 0.0125 0.0140625
0 0.52109375 0.63359375 0.01328125 0.01484375
0 0.48046875 0.63125 0.0140625 0.01484375
0 0.45390625 0.6421875 0.0140625 0.015625
0 0.46171875 0.65625 0.0125 0.01328125
0 0.475 0.653125 0.01484375 0.015625
0 0.421875 0.67421875 0.01484375 0.01484375
0 0.44609375 0.67734375 0.01484375 0.015625
0 0.46640625 0.6796875 0.0140625 0.01640625
0 0.4921875 0.66640625 0.015625 0.0140625
0 0.4953125 0.68046875 0.0140625 0.01640625
0 0.51171875 0.659375 0.01484375 0.01640625
0 0.5375 0.65625 0.01640625 0.015625
0 0.65703125 0.64453125 0.01640625 0.01640625
0 0.53828125 0.67109375 0.0140625 0.01328125
0 0.5578125 0.6671875 0.0125 0.01484375
0 0.6125 0.69375 0.01484375 0.015625
0 0.53203125 0.6921875 0.015625 0.01796875
0 0.6015625 0.67578125 0.0140625 0.01640625
0 0.59296875 0.7015625 0.0140625 0.01640625
0 0.51484375 0.57265625 0.01171875 0.01484375
0 0.521875 0.5703125 0.01015625 0.01484375