0 0.4375 0.4015625 0.01875 0.0203125
0 0.4296875 0.4375 0.01875 0.0203125
0 0.4984375 0.4421875 0.015625 0.01875
0 0.4796875 0.44921875 0.015625 0.0171875
0 0.51640625 0.4484375 0.0171875 0.01875
0 0.5546875 0.4109375 0.015625 0.015625
0 0.53984375 0.425 0.015625 0.0171875
0 0.553125 0.43203125 0.015625 0.0171875
0 0.559375 0.45859375 0.015625 0.015625
0 0.55703125 0.48046875 0.01875 0.0171875
0 0.54921875 0.44765625 0.015625 0.015625
0 0.54453125 0.465625 0.0171875 0.01875
0 0.5796875 0.5328125 0.015625 0.015625
0 0.55390625 0.5234375 0.015625 0.015625
0 0.540625 0.50625 0.015625 0.015625
0 0.5390625 0.5296875 0.01875 0.015625
0 0.525 0.503125 0.0171875 0.01875
0 0.5 0.4890625 0.015625 0.0171875
0 0.48125 0.47890625 0.015625 0.015625
0 0.46796875 0.46953125 0.01875 0.01875