0 0.27421875 0.6890625 0.0203125 0.0234375
0 0.26796875 0.66640625 0.0203125 0.0234375
0 0.27734375 0.6484375 0.021875 0.0234375
0 0.30078125 0.6375 0.0234375 0.025
0 0.29140625 0.6625 0.021875 0.025
0 0.303125 0.684375 0.025 0.0265625
0 0.31171875 0.6609375 0.025 0.0265625
0 0.20546875 0.7671875 0.028125 0.028125
0 0.2203125 0.8421875 0.0265625 0.0296875
0 0.259375 0.8140625 0.025 0.0265625
0 0.24140625 0.784375 0.021875 0.0265625
0 0.2296875 0.7375 0.0234375 0.0265625
0 0.24140625 0.721875 0.021875 0.025
0 0.2578125 0.71875 0.021875 0.025
0 0.27421875 0.71171875 0.0203125 0.0234375
0 0.29296875 0.71640625 0.025 0.0265625
0 0.2734375 0.73515625 0.021875 0.0265625
0 0.28828125 0.74453125 0.021875 0.028125
0 0.27734375 0.771875 0.0203125 0.0234375
0 0.29765625 0.7890625 0.0234375 0.0265625
0 0.30859375 0.74375 0.0203125 0.0234375
0 0.33671875 0.78125 0.025 0.028125
0 0.32734375 0.73828125 0.0203125 0.0234375
0 0.34140625 0.71015625 0.021875 0.025
0 0.3671875 0.7734375 0.0234375 0.0265625
0 0.34609375 0.7328125 0.021875 0.0265625
0 0.35078125 0.7546875 0.025 0.0265625
0 0.37109375 0.7484375 0.0234375 0.0265625
0 0.3578125 0.7015625 0.0234375 0.0265625
0 0.33828125 0.671875 0.0234375 0.0234375
0 0.3640625 0.6484375 0.0265625 0.0265625
0 0.36796875 0.68125 0.0265625 0.025
0 0.3796875 0.70703125 0.025 0.028125
0 0.39296875 0.725 0.0265625 0.0265625
0 0.39296875 0.7484375 0.025 0.028125
0 0.3890625 0.7734375 0.025 0.0265625
0 0.41328125 0.7765625 0.025 0.0265625
0 0.41875 0.7484375 0.028125 0.03125
0 0.44140625 0.77109375 0.0296875 0.03125
0 0.45625 0.7484375 0.028125 0.034375
0 0.4671875 0.79765625 0.03125 0.03125
0 0.4859375 0.76015625 0.028125 0.03125
0 0.4890625 0.7890625 0.028125 0.028125
0 0.5453125 0.75703125 0.028125 0.03125
0 0.51875 0.76640625 0.028125 0.03125
0 0.5296875 0.7328125 0.028125 0.0328125
0 0.5515625 0.72578125 0.0265625 0.03125
0 0.5734375 0.7125 0.03125 0.034375
0 0.1765625 0.3671875 0.0203125 0.0234375
0 0.18203125 0.3375 0.0203125 0.0234375
0 0.2015625 0.34453125 0.025 0.0265625
0 0.2 0.47578125 0.025 0.0265625
0 0.2171875 0.52265625 0.025 0.0265625
0 0.24765625 0.5578125 0.025 0.0296875
0 0.3625 0.59453125 0.025 0.0296875
0 0.2921875 0.56640625 0.0234375 0.0265625
0 0.27578125 0.5203125 0.0234375 0.0265625
0 0.29609375 0.5375 0.0234375 0.0265625
0 0.31640625 0.54765625 0.025 0.028125
0 0.3375 0.5484375 0.0234375 0.0265625
0 0.35703125 0.534375 0.025 0.0265625
0 0.30546875 0.48671875 0.028125 0.028125
0 0.3375 0.49921875 0.025 0.028125
0 0.32265625 0.39296875 0.028125 0.03125
0 0.3515625 0.4625 0.025 0.028125
0 0.36328125 0.50234375 0.025 0.0265625
0 0.37734375 0.52109375 0.025 0.0265625
0 0.4078125 0.50234375 0.028125 0.0296875
0 0.4171875 0.5296875 0.025 0.028125
0 0.41640625 0.62890625 0.025 0.0265625
0 0.44296875 0.615625 0.028125 0.03125
0 0.4703125 0.60390625 0.0296875 0.028125
0 0.475 0.57890625 0.028125 0.028125
0 0.5234375 0.47890625 0.03125 0.0296875
0 0.5328125 0.45078125 0.028125 0.03125
0 0.46953125 0.2046875 0.028125 0.028125
0 0.40625 0.3125 0.0296875 0.028125
0 0.43203125 0.3265625 0.028125 0.0296875
0 0.3921875 0.35390625 0.028125 0.03125
0 0.39375 0.403125 0.025 0.028125
0 0.37578125 0.4140625 0.025 0.0296875
0 0.3765625 0.471875 0.025 0.0265625
0 0.4015625 0.4671875 0.025 0.0265625
0 0.4203125 0.4734375 0.0265625 0.0265625
0 0.40390625 0.4328125 0.025 0.0265625
0 0.425 0.44921875 0.0265625 0.0296875
0 0.4203125 0.409375 0.025 0.0296875
0 0.44296875 0.4390625 0.0265625 0.0265625
0 0.4421875 0.403125 0.028125 0.028125
0 0.4609375 0.42109375 0.028125 0.028125
0 0.52421875 0.31953125 0.03125 0.03125
0 0.5203125 0.34609375 0.03125 0.03125
0 0.49296875 0.36953125 0.028125 0.028125
0 0.5125 0.3796875 0.028125 0.0296875
0 0.54140625 0.38828125 0.03125 0.03125
0 0.571875 0.3140625 0.03125 0.03125
0 0.62109375 0.45703125 0.034375 0.034375
0 0.609375 0.4984375 0.03125 0.03125
0 0.6109375 0.528125 0.03125 0.03125
0 0.6578125 0.66640625 0.034375 0.034375