0 0.225 0.3890625 0.0328125 0.0375
0 0.25625 0.39921875 0.034375 0.03515625
0 0.19296875 0.39140625 0.034375 0.034375
0 0.15234375 0.39140625 0.034375 0.0359375
0 0.12265625 0.40859375 0.03671875 0.03828125
0 0.12578125 0.4671875 0.03828125 0.0375
0 0.15234375 0.525 0.04140625 0.0359375
0 0.76171875 0.5359375 0.040625 0.03359375
0 0.81171875 0.559375 0.03515625 0.03359375
0 0.70390625 0.7609375 0.0296875 0.03203125
0 0.70390625 0.6078125 0.03203125 0.028125
0 0.6703125 0.6140625 0.0328125 0.0296875
0 0.66171875 0.659375 0.03359375 0.02890625
0 0.5734375 0.5703125 0.0328125 0.028125
0 0.575 0.5984375 0.02890625 0.02890625
0 0.61875 0.63125 0.0296875 0.028125
0 0.575 0.66875 0.034375 0.03203125
0 0.5453125 0.60234375 0.0296875 0.0296875
0 0.5375 0.66484375 0.03046875 0.02890625
0 0.51640625 0.5890625 0.03125 0.02890625
0 0.51796875 0.61484375 0.02734375 0.0234375
0 0.525 0.6390625 0.028125 0.02734375
0 0.484375 0.584375 0.03203125 0.02890625
0 0.3421875 0.5 0.03125 0.0328125
0 0.371875 0.54921875 0.03046875 0.03125
0 0.42578125 0.57578125 0.03125 0.0296875
0 0.43046875 0.60703125 0.03046875 0.03046875
0 0.45859375 0.6 0.028125 0.028125
0 0.484375 0.61171875 0.02890625 0.02578125
0 0.49609375 0.6328125 0.028125 0.02421875
0 0.49140625 0.66328125 0.028125 0.02890625
0 0.46796875 0.63671875 0.0296875 0.0265625
0 0.4625 0.6609375 0.028125 0.02421875
0 0.4703125 0.68671875 0.03046875 0.02734375
0 0.4015625 0.66171875 0.03125 0.03046875
0 0.334375 0.6359375 0.03125 0.02734375
0 0.3546875 0.66171875 0.03125 0.03046875
0 0.225 0.6140625 0.03203125 0.02890625
0 0.140625 0.63515625 0.03125 0.02578125
0 0.14296875 0.66171875 0.03125 0.02578125
0 0.2453125 0.68046875 0.03203125 0.02890625
0 0.31015625 0.71484375 0.02890625 0.0296875
0 0.3078125 0.7765625 0.02890625 0.02734375
0 0.26640625 0.8765625 0.02578125 0.02421875
0 0.2796875 0.8609375 0.0234375 0.0234375
0 0.27578125 0.83359375 0.025 0.02265625
0 0.3 0.8328125 0.02265625 0.02265625
0 0.30234375 0.85546875 0.025 0.021875
0 0.32265625 0.84453125 0.0234375 0.02265625
0 0.33828125 0.83203125 0.02578125 0.02109375
0 0.32578125 0.865625 0.0234375 0.02109375
0 0.31171875 0.87890625 0.02578125 0.0234375
0 0.346875 0.878125 0.0265625 0.0234375
0 0.36875 0.84375 0.0265625 0.0203125
0 0.35078125 0.85546875 0.02421875 0.025
0 0.37109375 0.82421875 0.0296875 0.02265625
0 0.396875 0.83359375 0.025 0.025
0 0.40625 0.8796875 0.0265625 0.025
0 0.3828125 0.8609375 0.0265625 0.0234375
0 0.4046875 0.8546875 0.02421875 0.02109375
0 0.421875 0.8390625 0.02578125 0.02265625
0 0.44609375 0.84921875 0.02578125 0.02265625
0 0.453125 0.82734375 0.0265625 0.0234375
0 0.47890625 0.8171875 0.025 0.0234375
0 0.47734375 0.8390625 0.02578125 0.02109375
0 0.49296875 0.78671875 0.0265625 0.02421875
0 0.540625 0.803125 0.02890625 0.02265625
0 0.5859375 0.80234375 0.025 0.02421875
0 0.621875 0.81015625 0.02890625 0.02421875
0 0.5953125 0.8234375 0.02421875 0.0234375
0 0.56640625 0.8171875 0.0265625 0.02109375
0 0.51328125 0.80703125 0.02578125 0.0203125
0 0.50546875 0.82734375 0.025 0.021875
0 0.53046875 0.8234375 0.025 0.0203125
0 0.553125 0.83515625 0.025 0.021875
0 0.61328125 0.83984375 0.0296875 0.02265625
0 0.58046875 0.8390625 0.02734375 0.02265625
0 0.5296875 0.84453125 0.025 0.02109375
0 0.56171875 0.8546875 0.0265625 0.0203125
0 0.58671875 0.85859375 0.0234375 0.02109375
0 0.60703125 0.86875 0.02734375 0.02265625
0 0.5046875 0.84921875 0.0234375 0.0203125
0 0.484375 0.8640625 0.02421875 0.02265625
0 0.50703125 0.875 0.02578125 0.021875
0 0.52890625 0.8640625 0.02578125 0.01796875
0 0.553125 0.8734375 0.02265625 0.02109375
0 0.57734375 0.878125 0.0234375 0.02421875
0 0.59921875 0.8890625 0.025 0.0234375
0 0.55625 0.89296875 0.021875 0.01953125
0 0.53203125 0.88828125 0.025 0.021875
0 0.48359375 0.88671875 0.02421875 0.02109375
0 0.50703125 0.89453125 0.02421875 0.021875
0 0.46328125 0.87578125 0.0234375 0.021875
0 0.459375 0.89765625 0.02421875 0.02265625
0 0.475 0.91796875 0.02734375 0.02578125
0 0.52109375 0.92890625 0.028125 0.025
0 0.553125 0.9140625 0.025 0.021875
0 0.57734375 0.90078125 0.021875 0.02109375
0 0.58359375 0.92265625 0.0265625 0.02265625
0 0.55859375 0.9390625 0.02421875 0.0234375