0 0.525 0.18984375 0.025 0.0234375
0 0.5265625 0.20625 0.0265625 0.028125
0 0.5328125 0.22890625 0.0296875 0.0296875
0 0.496875 0.21953125 0.0359375 0.0359375
0 0.5 0.18515625 0.034375 0.0375
0 0.4890625 0.1578125 0.0328125 0.0359375
0 0.4796875 0.1265625 0.0328125 0.0359375
0 0.48046875 0.24140625 0.0328125 0.034375
0 0.465625 0.14609375 0.0328125 0.0359375
0 0.45390625 0.1171875 0.03125 0.0328125
0 0.38125 0.14921875 0.034375 0.0375
0 0.353125 0.13125 0.0359375 0.0375
0 0.35859375 0.175 0.034375 0.0375
0 0.41875 0.15234375 0.0359375 0.034375
0 0.3703125 0.225 0.0328125 0.0359375
0 0.4078125 0.18671875 0.0359375 0.034375
0 0.353125 0.2484375 0.034375 0.0375
0 0.39765625 0.215625 0.0328125 0.0359375
0 0.359375 0.28046875 0.034375 0.0390625
0 0.38203125 0.25 0.03125 0.0359375
0 0.36484375 0.31015625 0.0328125 0.0328125
0 0.390625 0.2796875 0.0359375 0.0375
0 0.34375 0.33125 0.0328125 0.034375
0 0.38046875 0.33046875 0.03125 0.0328125
0 0.3984375 0.303125 0.034375 0.0328125
0 0.353125 0.37578125 0.0375 0.0390625
0 0.3859375 0.3578125 0.0265625 0.0328125
0 0.40546875 0.334375 0.03125 0.0390625
0 0.38359375 0.39765625 0.0375 0.0390625
0 0.40625 0.37734375 0.0328125 0.034375
0 0.42578125 0.35390625 0.0328125 0.034375
0 0.45078125 0.3359375 0.0328125 0.0359375
0 0.478125 0.3140625 0.0328125 0.0359375
0 0.4078125 0.40859375 0.03125 0.0328125
0 0.43046875 0.38359375 0.03125 0.034375
0 0.45859375 0.37109375 0.034375 0.0375
0 0.478125 0.3484375 0.0328125 0.034375
0 0.4265625 0.43046875 0.034375 0.0390625
0 0.45859375 0.41484375 0.0359375 0.040625
0 0.48046875 0.39140625 0.0328125 0.0359375
0 0.51015625 0.37109375 0.034375 0.0421875
0 0.503125 0.33515625 0.0328125 0.0375
0 0.52734375 0.2546875 0.0328125 0.0359375
0 0.4 0.52265625 0.0390625 0.0484375
0 0.43828125 0.46328125 0.0375 0.04375
0 0.4703125 0.45234375 0.034375 0.0390625
0 0.48984375 0.4296875 0.0359375 0.0390625
0 0.5140625 0.41015625 0.0375 0.0390625
0 0.453125 0.49375 0.0421875 0.0453125
0 0.4890625 0.4765625 0.0359375 0.0390625
0 0.51953125 0.4546875 0.0390625 0.0421875
0 0.44140625 0.596875 0.040625 0.046875
0 0.515625 0.49375 0.0375 0.040625
0 0.45390625 0.6609375 0.0421875 0.05
0 0.52578125 0.5265625 0.0375 0.0421875
0 0.55078125 0.45859375 0.0375 0.04375
0 0.509375 0.62578125 0.040625 0.046875
0 0.54609375 0.64375 0.0421875 0.0484375
0 0.5703125 0.4875 0.0375 0.040625
0 0.60703125 0.515625 0.0359375 0.0421875
0 0.60078125 0.46953125 0.0375 0.0421875
0 0.53515625 0.28828125 0.03125 0.0328125
0 0.55703125 0.26796875 0.0296875 0.0328125
0 0.56015625 0.23984375 0.03125 0.0359375
0 0.57890625 0.22265625 0.0328125 0.0359375
0 0.5640625 0.15546875 0.0328125 0.0359375
0 0.61953125 0.26796875 0.0296875 0.0328125
0 0.61640625 0.2421875 0.0328125 0.0390625
0 0.6328125 0.28828125 0.0296875 0.034375
0 0.6640625 0.29765625 0.0328125 0.0359375
0 0.61640625 0.33515625 0.0328125 0.0296875
0 0.64609375 0.30703125 0.0296875 0.034375
0 0.60390625 0.36171875 0.0328125 0.0328125
0 0.6453125 0.34140625 0.0359375 0.0328125
0 0.6796875 0.3421875 0.0296875 0.0265625
0 0.64296875 0.39140625 0.0328125 0.0359375
0 0.66796875 0.36171875 0.0328125 0.0359375
0 0.65 0.5015625 0.04375 0.05
0 0.6390625 0.4671875 0.040625 0.040625
0 0.6421875 0.4328125 0.0359375 0.0421875
0 0.671875 0.4265625 0.0359375 0.034375
0 0.6671875 0.40390625 0.0296875 0.0296875
0 0.68203125 0.38828125 0.0328125 0.0359375
0 0.74765625 0.35703125 0.0359375 0.0390625
0 0.7546875 0.3203125 0.0359375 0.0359375
0 0.725 0.24140625 0.0328125 0.0390625
0 0.81171875 0.23203125 0.034375 0.0359375
0 0.6953125 0.51640625 0.040625 0.04375
0 0.696875 0.475 0.0453125 0.046875
0 0.71875 0.4203125 0.0390625 0.0453125
0 0.69140625 0.55625 0.0375 0.0421875
0 0.72109375 0.55078125 0.0375 0.04375
0 0.76171875 0.55390625 0.0421875 0.046875
0 0.653125 0.6828125 0.0421875 0.053125
0 0.70390625 0.64453125 0.0453125 0.046875
0 0.77421875 0.61171875 0.04375 0.05
0 0.80625 0.5671875 0.0421875 0.046875
0 0.83671875 0.525 0.0421875 0.0484375