0 0.203125 0.1890625 0.0515625 0.040625
0 0.77421875 0.25 0.0390625 0.0296875
0 0.7453125 0.2671875 0.0328125 0.0265625
0 0.78984375 0.3125 0.0328125 0.028125
0 0.42578125 0.11953125 0.0375 0.03125
0 0.4453125 0.146875 0.04375 0.034375
0 0.38984375 0.109375 0.0453125 0.034375
0 0.325 0.1265625 0.046875 0.0359375
0 0.2890625 0.15390625 0.04375 0.0328125
0 0.3484375 0.19453125 0.0453125 0.0328125
0 0.39296875 0.1671875 0.0421875 0.0328125
0 0.51484375 0.184375 0.0296875 0.028125
0 0.528125 0.2125 0.0375 0.0296875
0 0.59296875 0.27890625 0.0359375 0.0296875
0 0.61015625 0.340625 0.0328125 0.0296875
0 0.67109375 0.359375 0.0328125 0.03125
0 0.55078125 0.31875 0.0390625 0.0328125
0 0.5703125 0.35859375 0.0375 0.0328125
0 0.4078125 0.25703125 0.040625 0.0359375
0 0.3734375 0.26328125 0.040625 0.0328125
0 0.39296875 0.29375 0.0484375 0.0328125
0 0.22109375 0.2734375 0.053125 0.0359375
0 0.27265625 0.253125 0.0421875 0.0328125
0 0.3109375 0.27265625 0.0421875 0.0375
0 0.3359375 0.30390625 0.040625 0.0359375
0 0.45703125 0.32890625 0.0390625 0.0328125
0 0.38671875 0.3234375 0.0359375 0.0359375
0 0.42109375 0.33515625 0.040625 0.0328125
0 0.3578125 0.3390625 0.040625 0.0328125
0 0.39765625 0.35703125 0.0359375 0.0328125
0 0.4359375 0.36328125 0.0375 0.0296875
0 0.46796875 0.3609375 0.0359375 0.0328125
0 0.5 0.36640625 0.0359375 0.03125
0 0.5328125 0.3828125 0.0359375 0.03125
0 0.55390625 0.41015625 0.0328125 0.0328125
0 0.48984375 0.4046875 0.0328125 0.03125
0 0.5203125 0.409375 0.0359375 0.0296875
0 0.45859375 0.3953125 0.0359375 0.03125
0 0.41328125 0.38515625 0.0421875 0.0296875
0 0.4328125 0.41171875 0.0390625 0.0296875
0 0.2953125 0.30859375 0.0484375 0.034375
0 0.28828125 0.34140625 0.046875 0.0390625
0 0.33828125 0.3703125 0.0484375 0.0375
0 0.33359375 0.4 0.0453125 0.0328125
0 0.3671875 0.4234375 0.04375 0.03125
0 0.4046875 0.4734375 0.0421875 0.0328125
0 0.37578125 0.49765625 0.0421875 0.0390625
0 0.371875 0.45234375 0.0421875 0.0328125
0 0.4109375 0.4421875 0.0390625 0.0296875
0 0.44296875 0.45859375 0.040625 0.0296875
0 0.459375 0.42734375 0.0359375 0.0296875
0 0.49296875 0.43125 0.0359375 0.0296875
0 0.525 0.440625 0.0359375 0.0296875
0 0.58046875 0.45703125 0.040625 0.0328125
0 0.48046875 0.45703125 0.0328125 0.0296875
0 0.51171875 0.46796875 0.0359375 0.0296875
0 0.5421875 0.48203125 0.0375 0.0296875
0 0.4375 0.48828125 0.0390625 0.0296875
0 0.4640625 0.5109375 0.0390625 0.0296875
0 0.47421875 0.484375 0.0359375 0.0265625
0 0.51484375 0.49609375 0.0328125 0.0265625
0 0.5375 0.521875 0.0359375 0.0296875
0 0.4984375 0.51484375 0.0359375 0.0296875
0 0.43046875 0.5234375 0.0359375 0.0328125
0 0.4796875 0.5390625 0.0359375 0.0296875
0 0.4328125 0.58828125 0.0421875 0.0390625
0 0.41875 0.5546875 0.0375 0.0328125
0 0.45546875 0.559375 0.0328125 0.0328125
0 0.49453125 0.56875 0.0390625 0.0328125
0 0.5203125 0.54375 0.0359375 0.0328125
0 0.553125 0.5484375 0.0328125 0.0296875
0 0.58515625 0.54921875 0.0359375 0.0296875
0 0.575 0.57421875 0.0265625 0.0265625
0 0.59609375 0.5921875 0.0328125 0.0265625
0 0.5546875 0.58203125 0.0265625 0.0296875
0 0.56953125 0.60703125 0.0328125 0.0296875
0 0.596875 0.621875 0.0375 0.034375
0 0.5296875 0.62890625 0.0328125 0.0328125
0 0.56171875 0.63359375 0.0359375 0.0296875
0 0.48515625 0.62734375 0.0421875 0.0375
0 0.5015625 0.66484375 0.0421875 0.0328125
0 0.53828125 0.6703125 0.0359375 0.034375
0 0.57109375 0.66328125 0.0375 0.0359375
0 0.621875 0.684375 0.0390625 0.034375
0 0.56875 0.696875 0.0328125 0.0296875
0 0.58359375 0.721875 0.0390625 0.0328125
0 0.61953125 0.71875 0.0390625 0.0328125
0 0.6140625 0.75078125 0.0359375 0.0328125
0 0.6484375 0.7421875 0.0359375 0.0328125
0 0.57890625 0.75234375 0.0359375 0.0328125
0 0.5 0.73203125 0.0421875 0.0359375
0 0.53828125 0.7546875 0.0390625 0.0390625
0 0.540625 0.81328125 0.0390625 0.0359375
0 0.56953125 0.7828125 0.040625 0.0359375
0 0.63984375 0.7703125 0.0390625 0.0296875
0 0.66640625 0.79765625 0.0375 0.0359375
0 0.61015625 0.790625 0.0359375 0.03125
0 0.63828125 0.81796875 0.0359375 0.0328125
0 0.62890625 0.85390625 0.0359375 0.0328125