0 0.96484375 0.64765625 0.0515625 0.0546875
0 0.9140625 0.62421875 0.0515625 0.05625
0 0.8953125 0.57890625 0.0515625 0.059375
0 0.87578125 0.66328125 0.0484375 0.05625
0 0.88671875 0.7578125 0.046875 0.0515625
0 0.85390625 0.71640625 0.046875 0.053125
0 0.78359375 0.78828125 0.04375 0.0484375
0 0.81484375 0.74921875 0.04375 0.0453125
0 0.81875 0.6953125 0.0421875 0.0484375
0 0.8515625 0.61640625 0.046875 0.05
0 0.81328125 0.6 0.05 0.05
0 0.81953125 0.65 0.046875 0.0515625
0 0.78125 0.68671875 0.046875 0.046875
0 0.778125 0.63984375 0.046875 0.053125
0 0.746875 0.7015625 0.04375 0.0515625
0 0.7359375 0.62734375 0.0453125 0.0515625
0 0.70546875 0.6953125 0.0421875 0.05
0 0.7140625 0.73828125 0.040625 0.046875
0 0.70703125 0.78046875 0.040625 0.0484375
0 0.6671875 0.784375 0.0421875 0.0453125
0 0.66640625 0.7359375 0.0390625 0.046875
0 0.671875 0.696875 0.0390625 0.0484375
0 0.65546875 0.64921875 0.040625 0.0484375
0 0.63515625 0.68125 0.040625 0.0484375
0 0.61796875 0.64140625 0.040625 0.0484375
0 0.6078125 0.69921875 0.0375 0.040625
0 0.5984375 0.6671875 0.0375 0.0453125
0 0.5671875 0.65078125 0.0375 0.0453125
0 0.5703125 0.6890625 0.0390625 0.04375
0 0.54140625 0.7046875 0.0375 0.0453125
0 0.45859375 0.63984375 0.0390625 0.0453125
0 0.49765625 0.69375 0.0375 0.04375
0 0.48828125 0.72578125 0.0328125 0.040625
0 0.51875 0.72578125 0.0375 0.0453125
0 0.54296875 0.74921875 0.0359375 0.0421875
0 0.56953125 0.73046875 0.0375 0.046875
0 0.56953125 0.778125 0.034375 0.04375
0 0.60078125 0.76484375 0.0375 0.0484375
0 0.59609375 0.80546875 0.0375 0.04375
0 0.62890625 0.83515625 0.0390625 0.0453125
0 0.59375 0.84296875 0.0375 0.0421875
0 0.54296875 0.7890625 0.0375 0.0421875
0 0.56015625 0.82421875 0.034375 0.0390625
0 0.54140625 0.871875 0.0375 0.0421875
0 0.52421875 0.8125 0.034375 0.0421875
0 0.51484375 0.7703125 0.0359375 0.0421875
0 0.48515625 0.75859375 0.0328125 0.040625
0 0.453125 0.7046875 0.034375 0.04375
0 0.4125 0.66640625 0.0359375 0.0421875
0 0.42265625 0.70625 0.034375 0.0390625
0 0.3890625 0.6875 0.0359375 0.0390625
0 0.5125 0.840625 0.034375 0.04375
0 0.49453125 0.803125 0.0375 0.04375
0 0.50078125 0.8703125 0.03125 0.0390625
0 0.484375 0.8296875 0.034375 0.0421875
0 0.45859375 0.77734375 0.0328125 0.0390625
0 0.4515625 0.74375 0.034375 0.04375
0 0.4234375 0.73984375 0.03125 0.0390625
0 0.38125 0.7234375 0.034375 0.0421875
0 0.42421875 0.7765625 0.034375 0.0421875
0 0.4484375 0.80546875 0.034375 0.04375
0 0.475 0.86953125 0.0328125 0.040625
0 0.4609375 0.8953125 0.0296875 0.0390625
0 0.43125 0.88203125 0.034375 0.04375
0 0.42734375 0.8203125 0.03125 0.040625
0 0.4 0.79296875 0.0296875 0.0375
0 0.38515625 0.75859375 0.03125 0.0390625
0 0.40234375 0.8296875 0.0296875 0.0375
0 0.37734375 0.80390625 0.0375 0.0421875
0 0.35703125 0.76796875 0.034375 0.0421875
0 0.375 0.8328125 0.028125 0.034375
0 0.39921875 0.8640625 0.0328125 0.0359375
0 0.41875 0.91484375 0.0328125 0.040625
0 0.38984375 0.903125 0.0328125 0.0390625
0 0.3484375 0.825 0.034375 0.0421875
0 0.3734375 0.87578125 0.0296875 0.0390625
0 0.3765625 0.9515625 0.0265625 0.0359375
0 0.3484375 0.9140625 0.028125 0.0359375
0 0.35234375 0.8890625 0.03125 0.034375
0 0.32578125 0.8359375 0.03125 0.040625
0 0.30859375 0.80390625 0.03125 0.04375
0 0.3171875 0.9515625 0.034375 0.04375
0 0.2734375 0.84921875 0.03125 0.04375
0 0.2625 0.8875 0.0328125 0.0375
0 0.22578125 0.85078125 0.0375 0.04375
0 0.23125 0.80703125 0.034375 0.0421875
0 0.34765625 0.63671875 0.0375 0.0484375
0 0.309375 0.6515625 0.0390625 0.0421875
0 0.309375 0.57890625 0.0375 0.0484375
0 0.3015625 0.4859375 0.0421875 0.05
0 0.2453125 0.59296875 0.03125 0.04375
0 0.18671875 0.67734375 0.0296875 0.0375
0 0.17421875 0.76640625 0.0265625 0.0375
0 0.18203125 0.796875 0.0265625 0.0390625
0 0.18828125 0.75078125 0.03125 0.040625
0 0.2125 0.6703125 0.034375 0.04375
0 0.16484375 0.2625 0.0421875 0.0515625
0 0.13984375 0.34375 0.040625 0.0453125
0 0.09375 0.28828125 0.040625 0.0515625