0 0.37578125 0.22578125 0.02109375 0.01796875
0 0.32734375 0.2984375 0.0171875 0.01796875
0 0.2265625 0.31484375 0.01640625 0.0171875
0 0.19140625 0.3296875 0.01640625 0.01875
0 0.43125 0.41484375 0.01640625 0.0171875
0 0.68125 0.32890625 0.01640625 0.0171875
0 0.58125 0.265625 0.0171875 0.0171875
0 0.67734375 0.30546875 0.0171875 0.0171875
0 0.665625 0.51875 0.01796875 0.0171875
0 0.365625 0.20234375 0.01875 0.0171875
0 0.30703125 0.3015625 0.01640625 0.01875
0 0.56328125 0.284375 0.015625 0.01640625
0 0.81171875 0.36484375 0.0171875 0.0171875
0 0.4625 0.36484375 0.01640625 0.0171875
0 0.81328125 0.328125 0.0171875 0.0171875
0 0.24765625 0.30234375 0.01640625 0.01796875
0 0.440625 0.4796875 0.0171875 0.0171875
0 0.265625 0.66484375 0.01875 0.0171875
0 0.3875 0.6140625 0.0171875 0.0171875
0 0.26640625 0.63359375 0.0171875 0.01796875
0 0.32265625 0.43828125 0.01875 0.01796875
0 0.68671875 0.50078125 0.0171875 0.0171875
0 0.16640625 0.3609375 0.01953125 0.02265625
0 0.4796875 0.4625 0.01640625 0.0171875
0 0.64765625 0.23203125 0.01640625 0.0171875
0 0.58671875 0.515625 0.0171875 0.0171875
0 0.58203125 0.33359375 0.01640625 0.0171875
0 0.60703125 0.3375 0.01875 0.01796875
0 0.26484375 0.37265625 0.0171875 0.01875
0 0.6609375 0.259375 0.01640625 0.0171875
0 0.41796875 0.49921875 0.01640625 0.01640625
0 0.60234375 0.49296875 0.01875 0.01796875
0 0.73828125 0.51640625 0.01796875 0.01796875
0 0.6828125 0.4 0.0171875 0.01796875
0 0.68203125 0.59609375 0.0171875 0.01796875
0 0.134375 0.57890625 0.01953125 0.01953125
0 0.63828125 0.7 0.0171875 0.01796875
0 0.334375 0.6671875 0.01875 0.01796875
0 0.21484375 0.46171875 0.01640625 0.0171875
0 0.68984375 0.69375 0.01796875 0.01875
0 0.8109375 0.3078125 0.01640625 0.0171875
0 0.4859375 0.5671875 0.0171875 0.01796875
0 0.49609375 0.64921875 0.01796875 0.01953125
0 0.4484375 0.6 0.0203125 0.01953125
0 0.28515625 0.4125 0.01640625 0.01796875
0 0.315625 0.759375 0.01796875 0.01875
0 0.671875 0.67421875 0.01796875 0.01953125
0 0.30078125 0.73828125 0.01875 0.01875
0 0.203125 0.4484375 0.01875 0.01796875
0 0.15 0.63671875 0.01875 0.01953125
0 0.62734375 0.72890625 0.0171875 0.01875
0 0.36015625 0.73515625 0.01796875 0.0203125
0 0.52734375 0.4625 0.0171875 0.01640625
0 0.24765625 0.4109375 0.0171875 0.0203125
0 0.1890625 0.58671875 0.01875 0.01796875
0 0.47890625 0.3453125 0.01640625 0.0171875
0 0.6546875 0.31640625 0.0171875 0.0171875
0 0.50546875 0.68828125 0.0171875 0.01796875
0 0.496875 0.23125 0.01640625 0.0171875
0 0.40703125 0.7734375 0.01875 0.01875
0 0.49140625 0.4015625 0.01640625 0.0171875
0 0.4203125 0.21796875 0.01640625 0.0171875
0 0.46640625 0.76171875 0.01640625 0.01796875
0 0.55390625 0.6921875 0.0171875 0.01875
0 0.4578125 0.7078125 0.01796875 0.01953125
0 0.23203125 0.2890625 0.0171875 0.01796875
0 0.4328125 0.665625 0.01796875 0.01796875
0 0.346875 0.55078125 0.01640625 0.0171875
0 0.35703125 0.78046875 0.01875 0.01953125
0 0.40390625 0.32578125 0.01640625 0.01796875
0 0.809375 0.290625 0.01640625 0.0171875
0 0.6734375 0.640625 0.01953125 0.01796875
0 0.43359375 0.6234375 0.01953125 0.01796875
0 0.53046875 0.2875 0.01640625 0.01796875
0 0.4140625 0.2015625 0.01640625 0.0171875
0 0.49296875 0.3203125 0.01640625 0.0171875
0 0.43359375 0.646875 0.01796875 0.01796875
0 0.56328125 0.35859375 0.01640625 0.01875
0 0.65 0.7640625 0.01796875 0.01953125
0 0.309375 0.596875 0.0171875 0.01640625
0 0.43359375 0.31328125 0.0171875 0.0171875
0 0.6390625 0.41640625 0.01640625 0.0171875
0 0.22890625 0.36484375 0.0171875 0.01796875
0 0.24375 0.371875 0.0171875 0.01796875
0 0.6140625 0.62421875 0.01875 0.0171875
0 0.6234375 0.459375 0.0171875 0.01640625
0 0.52265625 0.703125 0.02109375 0.01875
0 0.1890625 0.53203125 0.01796875 0.0203125
0 0.4625 0.325 0.0171875 0.01796875
0 0.60703125 0.609375 0.0171875 0.01796875
0 0.48203125 0.74375 0.01796875 0.0203125
0 0.4515625 0.33984375 0.01796875 0.0171875
0 0.3890625 0.1609375 0.0171875 0.01796875
0 0.64375 0.28203125 0.01796875 0.01796875
0 0.5359375 0.58515625 0.0171875 0.0171875
0 0.39609375 0.175 0.0171875 0.01796875
0 0.6609375 0.28125 0.01875 0.01875
0 0.27578125 0.39375 0.0171875 0.01796875
0 0.7359375 0.4765625 0.01796875 0.01640625
0 0.4828125 0.3015625 0.01640625 0.0171875
0 0.54453125 0.42421875 0.01640625 0.0171875
0 0.76953125 0.53046875 0.0171875 0.01796875
0 0.36796875 0.54453125 0.01875 0.01796875
0 0.7515625 0.6203125 0.01875 0.01796875
0 0.59296875 0.6578125 0.01875 0.01796875
0 0.3984375 0.803125 0.01875 0.01953125
0 0.403125 0.18984375 0.01640625 0.0171875
0 0.5765625 0.6515625 0.0171875 0.01796875
0 0.52109375 0.4203125 0.0171875 0.01640625
0 0.3265625 0.4640625 0.0171875 0.0171875
0 0.746875 0.4625 0.0171875 0.01875
0 0.5671875 0.44375 0.0171875 0.01640625
0 0.4421875 0.696875 0.01953125 0.01875
0 0.6921875 0.446875 0.01640625 0.0171875
0 0.50546875 0.24453125 0.01640625 0.0171875
0 0.5328125 0.43984375 0.01640625 0.0171875
0 0.36875 0.48515625 0.0171875 0.01875
0 0.778125 0.6375 0.01796875 0.01796875
0 0.75625 0.5921875 0.01953125 0.01796875
0 0.51015625 0.3125 0.01640625 0.0171875
0 0.71640625 0.4484375 0.0171875 0.01640625
0 0.6609375 0.421875 0.0171875 0.0171875
0 0.49453125 0.2578125 0.01640625 0.0171875
0 0.809375 0.43515625 0.01796875 0.01796875
0 0.571875 0.459375 0.01640625 0.01640625
0 0.57265625 0.68828125 0.01796875 0.01796875
0 0.7484375 0.44140625 0.01796875 0.01875
0 0.52265625 0.55546875 0.01796875 0.01875
0 0.29921875 0.58125 0.01875 0.01796875
0 0.7421875 0.42734375 0.01875 0.01875
0 0.6765625 0.42109375 0.0171875 0.0171875
0 0.18828125 0.55078125 0.01953125 0.01875
0 0.6921875 0.428125 0.01640625 0.0171875
0 0.728125 0.4609375 0.0171875 0.0171875
0 0.66328125 0.609375 0.01875 0.0171875
0 0.4203125 0.321875 0.01640625 0.0171875
0 0.37265625 0.5828125 0.01875 0.01640625
0 0.43046875 0.5578125 0.0203125 0.01796875
0 0.3875 0.575 0.01796875 0.01875
0 0.5484375 0.453125 0.01796875 0.01796875
0 0.7921875 0.44609375 0.01796875 0.0171875
0 0.53359375 0.56875 0.0171875 0.0171875
0 0.2890625 0.521875 0.0203125 0.01796875
0 0.33046875 0.53671875 0.01796875 0.0171875
0 0.646875 0.3015625 0.0171875 0.01875
0 0.51640625 0.27578125 0.01640625 0.0171875
0 0.41953125 0.60078125 0.01796875 0.0171875
0 0.3890625 0.51796875 0.01875 0.0171875
0 0.51484375 0.571875 0.0171875 0.0171875
0 0.50546875 0.353125 0.0171875 0.0171875
0 0.32890625 0.565625 0.01796875 0.01796875
0 0.5640625 0.671875 0.0171875 0.01796875
0 0.51015625 0.26015625 0.01640625 0.0171875
0 0.5796875 0.6703125 0.0171875 0.01796875
0 0.76171875 0.4296875 0.0171875 0.01875
0 0.51171875 0.290625 0.01640625 0.0171875
0 0.3484375 0.47421875 0.01796875 0.01875
0 0.378125 0.53125 0.01875 0.01796875
0 0.76875 0.6234375 0.01875 0.01796875
0 0.6 0.41171875 0.0171875 0.01640625
0 0.77109375 0.5609375 0.01875 0.01875
0 0.50234375 0.36875 0.01640625 0.0171875
0 0.6125 0.42109375 0.01796875 0.01796875
0 0.32890625 0.5015625 0.01875 0.01796875
0 0.5453125 0.39921875 0.0171875 0.01796875
0 0.5453125 0.365625 0.0171875 0.0171875
0 0.66796875 0.62421875 0.01875 0.0171875
0 0.7640625 0.57734375 0.01953125 0.01875
0 0.5203125 0.39609375 0.01640625 0.01640625
0 0.4984375 0.3 0.01640625 0.01875
0 0.6015625 0.39609375 0.01796875 0.01796875
0 0.53046875 0.40703125 0.0171875 0.0171875
0 0.3109375 0.503125 0.01875 0.01875
0 0.31875 0.48828125 0.01875 0.01796875
0 0.746875 0.5765625 0.01796875 0.01875
0 0.50234375 0.5609375 0.0171875 0.01796875
0 0.54765625 0.38203125 0.0171875 0.01796875
0 0.3703125 0.5171875 0.01875 0.01875
0 0.5125 0.38203125 0.01640625 0.01640625
0 0.2890625 0.54765625 0.0171875 0.0171875
0 0.7625 0.5453125 0.01953125 0.01796875
0 0.7765625 0.43515625 0.01640625 0.01796875
0 0.4046875 0.59609375 0.01796875 0.0171875
0 0.62421875 0.43203125 0.01796875 0.0171875
0 0.41015625 0.58125 0.01796875 0.0171875
0 0.52109375 0.36328125 0.01640625 0.01796875
0 0.3015625 0.53359375 0.01875 0.0171875
0 0.37265625 0.565625 0.0171875 0.015625
0 0.75390625 0.5578125 0.01875 0.01875
0 0.4265625 0.58671875 0.0171875 0.0171875
0 0.18984375 0.5671875 0.01796875 0.01875
0 0.41328125 0.56484375 0.01796875 0.0171875
0 0.3125 0.56875 0.01640625 0.0171875
0 0.35625 0.5046875 0.01796875 0.0171875
0 0.3265625 0.546875 0.01953125 0.01875
0 0.53125 0.375 0.0171875 0.0171875
0 0.31015625 0.5203125 0.01953125 0.0171875
0 0.30703125 0.55 0.01796875 0.01796875
0 0.615625 0.44453125 0.0171875 0.0171875
0 0.6171875 0.40546875 0.0140625 0.0171875
0 0.29609375 0.5640625 0.01875 0.0171875
0 0.37109375 0.503125 0.0171875 0.0171875
0 0.35 0.48984375 0.0171875 0.01796875
0 0.3328125 0.47890625 0.01875 0.01875
0 0.7953125 0.42734375 0.01796875 0.01640625