0 0.66875 0.534375 0.01875 0.021875
0 0.65390625 0.52734375 0.0265625 0.028125
0 0.58125 0.421875 0.0328125 0.0296875
0 0.55703125 0.50234375 0.0265625 0.0265625
0 0.6296875 0.70546875 0.028125 0.0296875
0 0.53203125 0.55 0.028125 0.0265625
0 0.5765625 0.45078125 0.0265625 0.0265625
0 0.53359375 0.52578125 0.028125 0.028125
0 0.27265625 0.75390625 0.0296875 0.0296875
0 0.5984375 0.5625 0.0265625 0.0265625
0 0.3546875 0.653125 0.0296875 0.0296875
0 0.2984375 0.72578125 0.0296875 0.0296875
0 0.45703125 0.47109375 0.0265625 0.028125
0 0.678125 0.41328125 0.028125 0.0265625
0 0.375 0.6234375 0.028125 0.0296875
0 0.48984375 0.7140625 0.028125 0.028125
0 0.64453125 0.81875 0.0265625 0.028125
0 0.70390625 0.73671875 0.0296875 0.0265625
0 0.4140625 0.65703125 0.0296875 0.03125
0 0.46328125 0.690625 0.028125 0.028125
0 0.53984375 0.6875 0.0265625 0.0296875
0 0.49921875 0.69296875 0.0296875 0.028125
0 0.528125 0.70625 0.0296875 0.0296875
0 0.63984375 0.428125 0.028125 0.0265625
0 0.440625 0.684375 0.028125 0.0265625
0 0.62109375 0.6296875 0.0265625 0.0265625
0 0.26796875 0.80625 0.0328125 0.0296875
0 0.70703125 0.76015625 0.028125 0.0265625
0 0.17578125 0.54140625 0.0296875 0.0296875
0 0.51015625 0.725 0.0296875 0.0265625
0 0.69609375 0.78984375 0.0296875 0.028125
0 0.59375 0.46484375 0.0296875 0.0296875
0 0.25234375 0.48671875 0.0296875 0.028125
0 0.1453125 0.53828125 0.0296875 0.0296875
0 0.51953125 0.59765625 0.0265625 0.0296875
0 0.34375 0.80859375 0.0296875 0.0296875
0 0.4046875 0.75546875 0.0296875 0.03125
0 0.2140625 0.61953125 0.0296875 0.03125
0 0.24140625 0.3375 0.0296875 0.028125
0 0.559375 0.53046875 0.03125 0.0265625
0 0.68125 0.64140625 0.0265625 0.0265625
0 0.57109375 0.5828125 0.028125 0.0296875
0 0.89453125 0.5390625 0.028125 0.0265625
0 0.74296875 0.465625 0.0265625 0.0265625
0 0.659375 0.6953125 0.0296875 0.0265625
0 0.40546875 0.47734375 0.028125 0.028125
0 0.28359375 0.58203125 0.0296875 0.028125
0 0.72265625 0.61796875 0.0265625 0.0265625
0 0.24140625 0.58125 0.0296875 0.0296875
0 0.3 0.64375 0.0296875 0.0296875
0 0.25703125 0.60234375 0.0296875 0.028125
0 0.90078125 0.50078125 0.025 0.025
0 0.8734375 0.5296875 0.028125 0.0265625
0 0.88046875 0.49375 0.0296875 0.0265625
0 0.721875 0.45859375 0.028125 0.0265625
0 0.33671875 0.5765625 0.0296875 0.028125
0 0.1171875 0.48984375 0.0296875 0.0296875
0 0.29296875 0.49296875 0.028125 0.0296875
0 0.303125 0.60390625 0.0296875 0.03125
0 0.890625 0.6015625 0.028125 0.0265625
0 0.1296875 0.509375 0.0296875 0.0296875
0 0.70078125 0.5015625 0.028125 0.0265625
0 0.73515625 0.76015625 0.028125 0.0265625
0 0.19453125 0.321875 0.03125 0.0296875
0 0.31953125 0.6203125 0.0296875 0.0296875
0 0.12578125 0.44375 0.0296875 0.0265625
0 0.7375 0.63984375 0.028125 0.0265625
0 0.23046875 0.53203125 0.0296875 0.0296875
0 0.15078125 0.45546875 0.0296875 0.03125
0 0.43203125 0.428125 0.0296875 0.0296875
0 0.6390625 0.475 0.0296875 0.0265625
0 0.76171875 0.56953125 0.0296875 0.0265625
0 0.65625 0.653125 0.0265625 0.0265625
0 0.6609375 0.63046875 0.028125 0.0265625
0 0.32578125 0.45859375 0.0296875 0.0296875
0 0.703125 0.44609375 0.028125 0.0265625
0 0.19375 0.38515625 0.0296875 0.0296875
0 0.70390625 0.66015625 0.028125 0.0265625
0 0.6859375 0.68671875 0.028125 0.0265625
0 0.8546875 0.73828125 0.0265625 0.0265625
0 0.38046875 0.55078125 0.0265625 0.0296875
0 0.32421875 0.55625 0.0296875 0.0296875
0 0.1734375 0.33125 0.0296875 0.028125
0 0.28515625 0.6203125 0.0296875 0.028125
0 0.73984375 0.66328125 0.0296875 0.028125
0 0.42734375 0.5421875 0.0296875 0.0296875
0 0.23203125 0.50234375 0.028125 0.028125
0 0.23125 0.60234375 0.0296875 0.028125
0 0.65078125 0.5078125 0.025 0.025
0 0.14453125 0.40625 0.0296875 0.0296875
0 0.62265625 0.56953125 0.028125 0.0265625
0 0.40859375 0.5015625 0.028125 0.028125
0 0.88828125 0.5171875 0.025 0.0234375
0 0.353125 0.36796875 0.028125 0.0265625
0 0.63984375 0.5375 0.0265625 0.0265625
0 0.68359375 0.66328125 0.0265625 0.0265625
0 0.628125 0.60625 0.028125 0.0296875
0 0.4125 0.37890625 0.0265625 0.028125
0 0.18203125 0.35546875 0.0296875 0.0265625
0 0.1609375 0.37578125 0.0296875 0.028125
0 0.203125 0.3421875 0.0296875 0.0265625
0 0.24609375 0.359375 0.028125 0.0265625
0 0.17265625 0.4 0.0296875 0.028125
0 0.403125 0.3578125 0.028125 0.028125
0 0.68515625 0.484375 0.0265625 0.0265625
0 0.34609375 0.43203125 0.0296875 0.03125
0 0.7078125 0.56328125 0.0296875 0.028125
0 0.66328125 0.4390625 0.0265625 0.0265625
0 0.13671875 0.3828125 0.0296875 0.028125
0 0.65078125 0.45703125 0.0265625 0.0265625
0 0.6640625 0.67421875 0.028125 0.0265625
0 0.26875 0.35390625 0.0265625 0.0265625
0 0.746875 0.61015625 0.028125 0.0265625
0 0.72890625 0.596875 0.028125 0.0265625
0 0.7375 0.5765625 0.0296875 0.0265625
0 0.31640625 0.49140625 0.0296875 0.0296875
0 0.4125 0.5234375 0.028125 0.0265625
0 0.30390625 0.54296875 0.028125 0.0296875
0 0.64921875 0.603125 0.0265625 0.0265625
0 0.29296875 0.35859375 0.028125 0.0296875
0 0.68515625 0.43359375 0.0265625 0.0265625
0 0.3796875 0.5 0.028125 0.028125
0 0.33671875 0.525 0.028125 0.028125
0 0.3140625 0.3671875 0.028125 0.0296875
0 0.75859375 0.590625 0.0265625 0.0265625
0 0.4125 0.41015625 0.0296875 0.0296875
0 0.34375 0.46015625 0.028125 0.0296875
0 0.690625 0.4640625 0.0296875 0.0265625
0 0.4046875 0.5515625 0.0296875 0.0296875
0 0.3234375 0.3875 0.0296875 0.028125
0 0.66953125 0.5015625 0.0296875 0.0296875
0 0.3828125 0.3671875 0.028125 0.0265625
0 0.66328125 0.55703125 0.0265625 0.0265625
0 0.3484375 0.38984375 0.0265625 0.0265625
0 0.684375 0.55703125 0.028125 0.0265625
0 0.27265625 0.5171875 0.028125 0.0296875
0 0.38515625 0.52109375 0.028125 0.028125
0 0.33515625 0.40859375 0.0296875 0.028125
0 0.64296875 0.5609375 0.0265625 0.0265625
0 0.6578125 0.5765625 0.0265625 0.0265625
0 0.6796875 0.57734375 0.0265625 0.0265625
0 0.28046875 0.5390625 0.0296875 0.028125
0 0.36953125 0.38515625 0.0296875 0.0296875
0 0.25234375 0.5125 0.028125 0.0296875
0 0.25390625 0.53515625 0.028125 0.0296875
0 0.4109375 0.434375 0.028125 0.0296875
0 0.378125 0.46015625 0.028125 0.028125
0 0.63828125 0.58359375 0.0265625 0.0265625
0 0.29609375 0.521875 0.028125 0.028125
0 0.3375 0.50390625 0.028125 0.028125
0 0.66171875 0.475 0.0265625 0.0265625
0 0.34140625 0.48125 0.0265625 0.0265625
0 0.3890625 0.4296875 0.0296875 0.0296875
0 0.3921875 0.38828125 0.0265625 0.028125
0 0.69921875 0.5859375 0.0296875 0.03125
0 0.3609375 0.47578125 0.0265625 0.028125
0 0.3625 0.40625 0.0296875 0.028125
0 0.31484375 0.51328125 0.0296875 0.028125
0 0.38515625 0.40859375 0.028125 0.0265625
0 0.3671875 0.42734375 0.028125 0.0265625
0 0.3609375 0.4546875 0.0265625 0.0265625