0 0.63984375 0.79140625 0.0375 0.040625
0 0.690625 0.71796875 0.0375 0.0359375
0 0.6734375 0.68828125 0.0375 0.0375
0 0.44375 0.90625 0.0390625 0.034375
0 0.4140625 0.91875 0.034375 0.034375
0 0.3703125 0.89921875 0.0390625 0.040625
0 0.48046875 0.734375 0.0375 0.0375
0 0.44296875 0.74921875 0.0359375 0.0375
0 0.3734375 0.75625 0.040625 0.0375
0 0.3390625 0.76875 0.0375 0.040625
0 0.36015625 0.66640625 0.0375 0.0359375
0 0.453125 0.66328125 0.034375 0.0375
0 0.45859375 0.5953125 0.034375 0.034375
0 0.44453125 0.578125 0.0375 0.0390625
0 0.40078125 0.6015625 0.0375 0.0359375
0 0.41796875 0.5328125 0.0375 0.034375
0 0.47421875 0.51796875 0.034375 0.034375
0 0.47421875 0.4984375 0.040625 0.03125
0 0.39609375 0.48125 0.034375 0.034375
0 0.36875 0.46328125 0.0375 0.0390625
0 0.3390625 0.575 0.0375 0.0359375
0 0.33125 0.64140625 0.0375 0.0359375
0 0.5796875 0.4359375 0.0375 0.0375
0 0.5734375 0.41640625 0.034375 0.034375
0 0.5765625 0.37734375 0.0375 0.034375
0 0.54453125 0.39609375 0.0375 0.034375
0 0.52421875 0.33828125 0.0359375 0.034375
0 0.48828125 0.32578125 0.034375 0.0359375
0 0.4953125 0.290625 0.0328125 0.0375
0 0.509375 0.25859375 0.034375 0.0328125
0 0.51484375 0.221875 0.0375 0.034375
0 0.45703125 0.31015625 0.0375 0.034375
0 0.471875 0.26640625 0.034375 0.034375
0 0.465625 0.234375 0.040625 0.034375
0 0.45703125 0.2 0.0375 0.034375
0 0.4890625 0.165625 0.0359375 0.034375
0 0.5203125 0.11640625 0.0375 0.034375
0 0.5390625 0.08359375 0.0359375 0.0375
0 0.52734375 0.05546875 0.034375 0.0390625
0 0.50703125 0.084375 0.0375 0.0359375
0 0.409375 0.39921875 0.0375 0.034375
0 0.421875 0.32578125 0.034375 0.03125
0 0.40625 0.29609375 0.034375 0.0375
0 0.43203125 0.2671875 0.0375 0.0359375
0 0.396875 0.253125 0.0375 0.0359375
0 0.3828125 0.21796875 0.0375 0.0390625
0 0.36640625 0.24140625 0.034375 0.0375
0 0.3640625 0.27734375 0.0375 0.034375
0 0.321875 0.2296875 0.0390625 0.0375
0 0.3296875 0.290625 0.034375 0.034375
0 0.3640625 0.31875 0.040625 0.034375
0 0.3875 0.33671875 0.034375 0.034375
0 0.384375 0.3734375 0.0375 0.0375
0 0.26015625 0.4953125 0.040625 0.0375
0 0.259375 0.47109375 0.0390625 0.040625
0 0.29375 0.3921875 0.0375 0.0359375
0 0.25859375 0.390625 0.040625 0.0390625
0 0.2671875 0.35390625 0.0390625 0.0375
0 0.2796875 0.31484375 0.0390625 0.0375
0 0.2875 0.2703125 0.0375 0.0375
0 0.22109375 0.23671875 0.0390625 0.0375