0 0.57265625 0.253125 0.0328125 0.0296875
0 0.56796875 0.3046875 0.0296875 0.0328125
0 0.559375 0.3640625 0.0328125 0.0328125
0 0.56328125 0.2765625 0.03125 0.0328125
0 0.571875 0.2265625 0.0296875 0.0328125
0 0.54921875 0.321875 0.03125 0.0328125
0 0.565625 0.3390625 0.0296875 0.0328125
0 0.55 0.2390625 0.03125 0.0328125
0 0.54140625 0.346875 0.0296875 0.0328125
0 0.55 0.38828125 0.0296875 0.03125
0 0.51875 0.24765625 0.0296875 0.0328125
0 0.5390625 0.2625 0.0296875 0.0328125
0 0.4671875 0.33203125 0.0296875 0.03125
0 0.5109375 0.35625 0.0296875 0.0328125
0 0.525 0.31015625 0.0296875 0.0328125
0 0.50078125 0.26796875 0.0296875 0.0328125
0 0.503125 0.22265625 0.0296875 0.0328125
0 0.50390625 0.296875 0.0296875 0.03125
0 0.52421875 0.28046875 0.03125 0.03125
0 0.490625 0.24296875 0.0296875 0.0328125
0 0.49765625 0.40703125 0.0296875 0.0296875
0 0.5265625 0.4234375 0.0296875 0.0296875
0 0.46953125 0.409375 0.0296875 0.0328125
0 0.49296875 0.3390625 0.0296875 0.03125
0 0.56328125 0.18828125 0.0296875 0.0328125
0 0.4625 0.3734375 0.0296875 0.0328125
0 0.528125 0.39765625 0.03125 0.0328125
0 0.48671875 0.31328125 0.0296875 0.0328125
0 0.5296875 0.37109375 0.03125 0.03125
0 0.509375 0.43984375 0.03125 0.0296875
0 0.5390625 0.18984375 0.0296875 0.0328125
0 0.54453125 0.29453125 0.0296875 0.03125
0 0.478125 0.278125 0.0296875 0.0328125
0 0.50625 0.38125 0.0296875 0.0328125
0 0.48515625 0.3640625 0.0296875 0.0328125
0 0.5140625 0.19140625 0.0296875 0.03125
0 0.5109375 0.46953125 0.03125 0.0328125
0 0.52890625 0.22421875 0.0296875 0.0296875
0 0.48046875 0.49609375 0.0296875 0.03125
0 0.4640625 0.30546875 0.0296875 0.0296875
0 0.45 0.35078125 0.0296875 0.0296875
0 0.44609375 0.45859375 0.0296875 0.03125
0 0.46328125 0.47890625 0.0296875 0.03125
0 0.48359375 0.46328125 0.0296875 0.0296875
0 0.46640625 0.44375 0.0296875 0.0296875
0 0.4859375 0.43046875 0.0296875 0.0296875
0 0.484375 0.38671875 0.0296875 0.03125
0 0.49140625 0.20078125 0.0296875 0.03125
0 0.45859375 0.5484375 0.0296875 0.0328125
0 0.50546875 0.49609375 0.0296875 0.0296875
0 0.46484375 0.52109375 0.0296875 0.03125
0 0.43984375 0.3859375 0.0328125 0.0328125
0 0.53203125 0.1640625 0.0296875 0.03125
0 0.42109375 0.58125 0.0328125 0.0328125
0 0.48203125 0.5390625 0.0296875 0.0328125
0 0.44765625 0.57265625 0.0296875 0.03125
0 0.58828125 0.18984375 0.0296875 0.0328125
0 0.4375 0.421875 0.03125 0.03125
0 0.4 0.60390625 0.03125 0.0296875
0 0.50703125 0.16640625 0.0296875 0.0296875
0 0.446875 0.6203125 0.0296875 0.0328125
0 0.42265625 0.47890625 0.0296875 0.0328125
0 0.3828125 0.58671875 0.0296875 0.03125
0 0.46875 0.18671875 0.0296875 0.0328125
0 0.47109375 0.5921875 0.0296875 0.0328125
0 0.409375 0.709375 0.0328125 0.03125
0 0.49765625 0.57734375 0.0296875 0.0328125
0 0.6234375 0.63359375 0.0328125 0.0328125
0 0.43125 0.68828125 0.0328125 0.0328125
0 0.55703125 0.15625 0.0296875 0.03125
0 0.525 0.51015625 0.0328125 0.0328125
0 0.4265625 0.640625 0.0296875 0.03125
0 0.41875 0.665625 0.0296875 0.0296875
0 0.8375 0.43203125 0.0296875 0.0328125
0 0.4015625 0.646875 0.0328125 0.0328125
0 0.6203125 0.6609375 0.0328125 0.0328125
0 0.42890625 0.5515625 0.0296875 0.03125
0 0.59765625 0.64921875 0.03125 0.0328125
0 0.43359375 0.7140625 0.0328125 0.0328125
0 0.40625 0.74765625 0.0328125 0.0328125
0 0.4265625 0.60546875 0.03125 0.0328125
0 0.3734375 0.84375 0.0328125 0.0328125
0 0.81953125 0.41328125 0.0296875 0.0296875
0 0.371875 0.81796875 0.03125 0.0328125
0 0.35 0.853125 0.03125 0.0328125
0 0.8140625 0.446875 0.0296875 0.0328125
0 0.40234375 0.78984375 0.0328125 0.0328125
0 0.375 0.70625 0.0328125 0.0328125
0 0.34453125 0.821875 0.03125 0.0328125
0 0.38828125 0.48828125 0.03125 0.03125
0 0.51640625 0.33359375 0.0296875 0.0328125
0 0.353125 0.88046875 0.03125 0.0328125
0 0.63984375 0.6140625 0.03125 0.0328125
0 0.39140625 0.8140625 0.0296875 0.0328125
0 0.83515625 0.3953125 0.0296875 0.0328125
0 0.38984375 0.72578125 0.03125 0.03125
0 0.37734375 0.871875 0.03125 0.0328125
0 0.42578125 0.76640625 0.0328125 0.03125
0 0.434375 0.7390625 0.0328125 0.0328125
0 0.3984375 0.84765625 0.0328125 0.0359375
0 0.36953125 0.78984375 0.0328125 0.0328125
0 0.4046875 0.52265625 0.034375 0.0328125
0 0.4609375 0.690625 0.03125 0.0328125
0 0.55 0.50078125 0.0296875 0.0328125
0 0.8 0.47265625 0.03125 0.0328125
0 0.3734375 0.6296875 0.03125 0.03125
0 0.5140625 0.60234375 0.0296875 0.0328125
0 0.6546875 0.8 0.03125 0.0328125
0 0.74375 0.53984375 0.0296875 0.03125
0 0.4296875 0.796875 0.0359375 0.034375
0 0.3234375 0.85 0.0328125 0.034375
0 0.40078125 0.41171875 0.03125 0.0328125
0 0.640625 0.82421875 0.0296875 0.0328125
0 0.65625 0.64453125 0.03125 0.0328125
0 0.39453125 0.6859375 0.03125 0.0328125
0 0.41953125 0.83203125 0.0328125 0.034375
0 0.34296875 0.796875 0.0328125 0.0328125
0 0.3265625 0.88125 0.0328125 0.034375
0 0.59375 0.68125 0.03125 0.0328125
0 0.6390625 0.7765625 0.0296875 0.0328125
0 0.384375 0.76328125 0.03125 0.0328125
0 0.73125 0.56171875 0.03125 0.0359375
0 0.79921875 0.5140625 0.03125 0.0328125
0 0.3515625 0.91171875 0.0328125 0.0328125
0 0.38125 0.92265625 0.0328125 0.034375
0 0.51328125 0.1015625 0.0296875 0.0296875
0 0.67734375 0.72734375 0.0296875 0.0328125
0 0.50546875 0.07734375 0.0328125 0.03125
0 0.70703125 0.75859375 0.0296875 0.0328125
0 0.55078125 0.21015625 0.0296875 0.0328125
0 0.60859375 0.83984375 0.0328125 0.0328125
0 0.365625 0.7375 0.0328125 0.0359375
0 0.55234375 0.74375 0.03125 0.0328125
0 0.4625 0.87109375 0.03125 0.0328125
0 0.6765625 0.85234375 0.0328125 0.0359375
0 0.18984375 0.64765625 0.034375 0.0328125
0 0.68828125 0.5796875 0.0296875 0.034375
0 0.34765625 0.93984375 0.0328125 0.0359375
0 0.14765625 0.621875 0.0359375 0.0328125
0 0.21328125 0.42421875 0.03125 0.0328125
0 0.50546875 0.65 0.0296875 0.034375
0 0.459375 0.94375 0.03125 0.034375
0 0.50625 0.54140625 0.0296875 0.0328125
0 0.76640625 0.246875 0.03125 0.034375