0 0.50859375 0.959375 0.04375 0.0453125
0 0.596875 0.875 0.04375 0.046875
0 0.65 0.8453125 0.0453125 0.0453125
0 0.64375 0.78828125 0.0453125 0.0453125
0 0.60390625 0.81015625 0.0453125 0.0453125
0 0.5734375 0.82890625 0.0453125 0.0453125
0 0.5484375 0.8515625 0.0453125 0.0453125
0 0.5171875 0.8203125 0.046875 0.0484375
0 0.440625 0.8640625 0.0453125 0.0453125
0 0.56171875 0.77734375 0.04375 0.0453125
0 0.59765625 0.740625 0.046875 0.0453125
0 0.640625 0.72265625 0.046875 0.0484375
0 0.71796875 0.6765625 0.0453125 0.0453125
0 0.68828125 0.696875 0.0453125 0.0453125
0 0.7734375 0.665625 0.0453125 0.046875
0 0.77265625 0.6265625 0.0453125 0.0453125
0 0.7921875 0.58671875 0.0515625 0.046875
0 0.7671875 0.4953125 0.0546875 0.05
0 0.74921875 0.56015625 0.0453125 0.0453125
0 0.75859375 0.453125 0.0453125 0.0453125
0 0.7296875 0.52265625 0.05 0.046875
0 0.82578125 0.4140625 0.0484375 0.0484375
0 0.8140625 0.3578125 0.0453125 0.0453125
0 0.78046875 0.3234375 0.0484375 0.046875
0 0.76640625 0.2421875 0.0484375 0.046875
0 0.8109375 0.17734375 0.0453125 0.0453125
0 0.746875 0.2 0.0453125 0.0453125
0 0.7078125 0.21953125 0.0453125 0.0453125
0 0.67890625 0.16875 0.0453125 0.0453125
0 0.721875 0.3953125 0.053125 0.046875
0 0.70078125 0.3046875 0.0453125 0.0453125
0 0.66640625 0.2890625 0.0484375 0.0453125
0 0.684375 0.36640625 0.0453125 0.04375
0 0.68984375 0.42890625 0.0453125 0.04375
0 0.7203125 0.4546875 0.0453125 0.0453125
0 0.68984375 0.51875 0.046875 0.0453125
0 0.7 0.4828125 0.053125 0.046875
0 0.6640625 0.5515625 0.0484375 0.0484375
0 0.70078125 0.5890625 0.0453125 0.0453125
0 0.64921875 0.490625 0.0515625 0.046875
0 0.6375 0.37265625 0.0453125 0.04375
0 0.65 0.45 0.0453125 0.0453125
0 0.64609375 0.4078125 0.0453125 0.0453125
0 0.65703125 0.33046875 0.0453125 0.0453125
0 0.64453125 0.25078125 0.0453125 0.0453125
0 0.6296875 0.1921875 0.05 0.046875
0 0.6 0.159375 0.0484375 0.046875
0 0.61640625 0.28359375 0.0453125 0.04375
0 0.61796875 0.328125 0.0453125 0.04375
0 0.58671875 0.36015625 0.0453125 0.0453125
0 0.60390625 0.39765625 0.0515625 0.046875
0 0.6125 0.43359375 0.0453125 0.0453125
0 0.5765625 0.43984375 0.0453125 0.0453125
0 0.575 0.478125 0.0453125 0.0453125
0 0.58046875 0.51640625 0.0453125 0.0453125
0 0.61015625 0.5390625 0.0453125 0.0453125
0 0.61328125 0.62890625 0.0453125 0.0453125
0 0.61796875 0.5828125 0.046875 0.0453125
0 0.64296875 0.65859375 0.04375 0.0453125
0 0.590625 0.69609375 0.046875 0.0484375
0 0.55703125 0.68046875 0.04375 0.046875
0 0.52890625 0.7296875 0.0453125 0.0453125
0 0.49140625 0.734375 0.046875 0.0515625
0 0.5203125 0.68203125 0.0453125 0.0453125
0 0.49296875 0.65859375 0.0453125 0.04375
0 0.48515625 0.69296875 0.04375 0.0421875
0 0.46015625 0.6671875 0.04375 0.0453125
0 0.44296875 0.7734375 0.0453125 0.0453125
0 0.44140625 0.7125 0.0484375 0.046875
0 0.4015625 0.696875 0.0453125 0.0453125
0 0.37734375 0.6703125 0.0453125 0.04375
0 0.3453125 0.70078125 0.04375 0.0453125
0 0.34453125 0.7625 0.046875 0.0453125
0 0.28828125 0.7234375 0.0453125 0.046875
0 0.2359375 0.746875 0.0453125 0.0453125
0 0.21484375 0.82890625 0.0484375 0.0453125
0 0.23984375 0.69375 0.0453125 0.0453125
0 0.29296875 0.67890625 0.0453125 0.046875
0 0.234375 0.64921875 0.046875 0.0453125
0 0.27421875 0.63984375 0.046875 0.0484375
0 0.24921875 0.609375 0.0453125 0.04375
0 0.215625 0.60703125 0.0453125 0.0453125
0 0.1890625 0.5828125 0.046875 0.0484375
0 0.20703125 0.54453125 0.0453125 0.0453125
0 0.1546875 0.59453125 0.0453125 0.04375
0 0.1390625 0.496875 0.0453125 0.0453125
0 0.1765625 0.5078125 0.0453125 0.0453125
0 0.20625 0.490625 0.0453125 0.04375
0 0.19765625 0.4375 0.0453125 0.0453125
0 0.1671875 0.315625 0.04375 0.0453125
0 0.18203125 0.353125 0.0453125 0.04375
0 0.19375 0.29375 0.04375 0.0453125
0 0.225 0.325 0.0453125 0.0453125
0 0.240625 0.259375 0.0453125 0.046875
0 0.22578125 0.375 0.04375 0.0453125
0 0.25546875 0.35859375 0.0453125 0.0453125
0 0.2625 0.31875 0.0453125 0.04375
0 0.29609375 0.29453125 0.04375 0.0453125
0 0.29296875 0.36484375 0.0484375 0.046875
0 0.26796875 0.40859375 0.04375 0.04375
0 0.23203125 0.4265625 0.0421875 0.04375
0 0.30390625 0.4390625 0.0453125 0.04375
0 0.27265625 0.46171875 0.046875 0.0484375
0 0.24296875 0.47734375 0.046875 0.0484375
0 0.27421875 0.5046875 0.0453125 0.04375
0 0.3109375 0.47734375 0.0453125 0.04375
0 0.23515625 0.51328125 0.0453125 0.0421875
0 0.24921875 0.553125 0.0453125 0.04375
0 0.27578125 0.57578125 0.04375 0.04375
0 0.2953125 0.53359375 0.0453125 0.0453125
0 0.31015625 0.58984375 0.046875 0.0453125
0 0.36796875 0.521875 0.0453125 0.0453125
0 0.3359375 0.66015625 0.0453125 0.0453125
0 0.40390625 0.509375 0.0453125 0.04375
0 0.39609375 0.46796875 0.04375 0.04375
0 0.35703125 0.62890625 0.0453125 0.0453125
0 0.3484375 0.5828125 0.0453125 0.0453125
0 0.31796875 0.6234375 0.0453125 0.04375
0 0.34609375 0.48515625 0.0453125 0.04375
0 0.32890625 0.5453125 0.0453125 0.0453125
0 0.40078125 0.546875 0.0453125 0.04375
0 0.38984375 0.6015625 0.0453125 0.04375
0 0.3921875 0.63515625 0.046875 0.0453125
0 0.42421875 0.65390625 0.04375 0.0453125
0 0.42421875 0.6109375 0.04375 0.0453125
0 0.5046875 0.62265625 0.0453125 0.0453125
0 0.4671875 0.63203125 0.0453125 0.0453125
0 0.478125 0.59296875 0.04375 0.0421875
0 0.446875 0.56484375 0.0421875 0.04375
0 0.5140625 0.58046875 0.0453125 0.0453125
0 0.51484375 0.54140625 0.0453125 0.0453125
0 0.48359375 0.55859375 0.0453125 0.0453125
0 0.575 0.61640625 0.0453125 0.0453125
0 0.54375 0.6015625 0.04375 0.04375
0 0.53359375 0.6421875 0.0421875 0.0453125
0 0.54375 0.56171875 0.0453125 0.0453125
0 0.58046875 0.56484375 0.0453125 0.0453125
0 0.54375 0.51484375 0.04375 0.0453125
0 0.48671875 0.4796875 0.04375 0.04375
0 0.5109375 0.50390625 0.04375 0.0421875
0 0.4796875 0.52265625 0.0453125 0.04375
0 0.44453125 0.51640625 0.0453125 0.0453125
0 0.45234375 0.4765625 0.04375 0.04375
0 0.38984375 0.42890625 0.04375 0.0421875
0 0.3125 0.20625 0.04375 0.046875
0 0.346875 0.28203125 0.046875 0.0453125
0 0.359375 0.4078125 0.0421875 0.0421875
0 0.35859375 0.3640625 0.04375 0.0453125
0 0.39453125 0.38359375 0.0453125 0.04375
0 0.43359375 0.39921875 0.0421875 0.0421875
0 0.43203125 0.44765625 0.0453125 0.0453125
0 0.4671875 0.40390625 0.0453125 0.04375
0 0.475 0.4453125 0.0453125 0.0453125
0 0.55234375 0.40625 0.0453125 0.04375
0 0.52578125 0.38125 0.04375 0.04375
0 0.540625 0.471875 0.0453125 0.0453125
0 0.51953125 0.4453125 0.04375 0.0453125
0 0.48984375 0.3703125 0.0453125 0.0453125
0 0.47890625 0.33125 0.0453125 0.04375
0 0.453125 0.36953125 0.046875 0.0453125
0 0.4359375 0.3359375 0.0421875 0.0453125
0 0.36328125 0.2234375 0.0453125 0.0453125
0 0.4234375 0.2703125 0.04375 0.0453125
0 0.3828125 0.27890625 0.0453125 0.0453125
0 0.45390625 0.20078125 0.0453125 0.0453125
0 0.41796875 0.18984375 0.04375 0.0453125
0 0.43828125 0.15625 0.0453125 0.0453125
0 0.52578125 0.10234375 0.0453125 0.0453125
0 0.4875 0.09375 0.0484375 0.046875
0 0.47578125 0.15078125 0.0453125 0.0453125
0 0.515625 0.16015625 0.0453125 0.046875
0 0.528125 0.2234375 0.0453125 0.0453125
0 0.5140625 0.2625 0.0453125 0.0453125
0 0.47265625 0.26171875 0.04375 0.0453125
0 0.528125 0.303125 0.0640625 0.05
0 0.40859375 0.1046875 0.046875 0.0453125
0 0.546875 0.35 0.04375 0.0453125
0 0.57890625 0.29921875 0.04375 0.04375
0 0.5015625 0.4125 0.0453125 0.04375
0 0.5640625 0.25390625 0.0453125 0.0453125
0 0.615625 0.47109375 0.0484375 0.046875
0 0.07890625 0.43125 0.0484375 0.046875