0 0.30234375 0.31796875 0.053125 0.05625
0 0.3875 0.290625 0.053125 0.05
0 0.43203125 0.4234375 0.0421875 0.0453125
0 0.41796875 0.46953125 0.0484375 0.0453125
0 0.4390625 0.51484375 0.0484375 0.046875
0 0.38515625 0.58046875 0.05 0.05
0 0.35390625 0.6203125 0.0453125 0.04375
0 0.40625 0.61328125 0.0453125 0.0421875
0 0.44375 0.596875 0.0484375 0.046875
0 0.47734375 0.62421875 0.046875 0.040625
0 0.5328125 0.6125 0.0421875 0.0453125
0 0.48359375 0.38125 0.0515625 0.0484375
0 0.4890625 0.58359375 0.0484375 0.046875
0 0.5109375 0.41796875 0.046875 0.0421875
0 0.5375 0.46015625 0.046875 0.0453125
0 0.584375 0.52578125 0.05 0.046875
0 0.6 0.565625 0.0515625 0.046875
0 0.63671875 0.59296875 0.0421875 0.0453125
0 0.6703125 0.66015625 0.0484375 0.046875
0 0.65546875 0.553125 0.046875 0.0484375