0 0.484375 0.4578125 0.015625 0.0171875
0 0.4828125 0.4453125 0.0140625 0.0140625
0 0.67734375 0.28984375 0.01875 0.01875
0 0.6703125 0.3 0.015625 0.015625
0 0.67109375 0.3125 0.0140625 0.0140625
0 0.69609375 0.33046875 0.01875 0.0171875
0 0.67734375 0.3421875 0.0171875 0.01875
0 0.6796875 0.33125 0.0171875 0.015625
0 0.68984375 0.35234375 0.0140625 0.0140625
0 0.67890625 0.38359375 0.0140625 0.0140625
0 0.71484375 0.39921875 0.0140625 0.0140625
0 0.7296875 0.3859375 0.0171875 0.0171875
0 0.67421875 0.36171875 0.0140625 0.0140625
0 0.69609375 0.41484375 0.0171875 0.0171875
0 0.71640625 0.42265625 0.0140625 0.0140625
0 0.7578125 0.4203125 0.015625 0.015625
0 0.76953125 0.43515625 0.0140625 0.0140625
0 0.7703125 0.415625 0.0140625 0.0140625
0 0.7546875 0.45078125 0.0171875 0.01875
0 0.80625 0.47734375 0.01875 0.0171875
0 0.79375 0.45234375 0.015625 0.015625
0 0.76796875 0.459375 0.015625 0.015625
0 0.74453125 0.47265625 0.0171875 0.01875
0 0.7265625 0.459375 0.0171875 0.0203125
0 0.69296875 0.453125 0.01875 0.0171875
0 0.6921875 0.440625 0.015625 0.015625
0 0.703125 0.43203125 0.0171875 0.0171875
0 0.75859375 0.53203125 0.01875 0.0171875
0 0.7765625 0.53359375 0.01875 0.01875
0 0.77109375 0.54609375 0.015625 0.015625
0 0.7453125 0.546875 0.0171875 0.01875
0 0.740625 0.5609375 0.015625 0.0203125
0 0.75546875 0.565625 0.01875 0.01875
0 0.7328125 0.55078125 0.015625 0.0203125
0 0.7375 0.58125 0.0171875 0.0203125
0 0.72109375 0.575 0.015625 0.015625
0 0.709375 0.56953125 0.015625 0.0171875
0 0.77421875 0.61484375 0.01875 0.01875
0 0.79375 0.646875 0.01875 0.01875
0 0.7203125 0.6140625 0.015625 0.015625
0 0.7109375 0.60625 0.0171875 0.021875
0 0.7046875 0.5921875 0.0203125 0.025
0 0.6984375 0.6203125 0.0171875 0.01875
0 0.7109375 0.63125 0.0171875 0.01875
0 0.71875 0.5953125 0.015625 0.015625
0 0.684375 0.59140625 0.0140625 0.0140625
0 0.6828125 0.5796875 0.0171875 0.0171875
0 0.67421875 0.56015625 0.0171875 0.0171875
0 0.6953125 0.5171875 0.0171875 0.0171875
0 0.69921875 0.503125 0.0140625 0.0140625
0 0.709375 0.5015625 0.01875 0.0171875
0 0.690625 0.47890625 0.01875 0.01875
0 0.6796875 0.46953125 0.015625 0.015625
0 0.65546875 0.4828125 0.01875 0.01875
0 0.67421875 0.5125 0.015625 0.015625
0 0.678125 0.5 0.0171875 0.01875
0 0.65703125 0.5296875 0.015625 0.015625
0 0.5796875 0.759375 0.0171875 0.0171875
0 0.60625 0.7546875 0.0171875 0.01875
0 0.60234375 0.76875 0.0171875 0.01875
0 0.56640625 0.76015625 0.015625 0.0171875
0 0.628125 0.7734375 0.01875 0.01875
0 0.63828125 0.7671875 0.0171875 0.01875
0 0.65390625 0.75859375 0.0140625 0.0140625
0 0.65625 0.74140625 0.0171875 0.0171875
0 0.6328125 0.709375 0.015625 0.015625
0 0.65078125 0.71015625 0.0171875 0.01875
0 0.6546875 0.6828125 0.015625 0.015625
0 0.6484375 0.66875 0.01875 0.01875
0 0.67578125 0.70546875 0.01875 0.0171875
0 0.69921875 0.71953125 0.01875 0.0171875
0 0.68828125 0.6953125 0.0171875 0.0171875
0 0.678125 0.67890625 0.0171875 0.0171875
0 0.71328125 0.67421875 0.0171875 0.01875
0 0.6984375 0.6796875 0.0171875 0.01875
0 0.675 0.65234375 0.0171875 0.01875
0 0.6546875 0.65078125 0.01875 0.01875
0 0.77265625 0.6875 0.01875 0.01875
0 0.6359375 0.6703125 0.015625 0.0171875
0 0.60390625 0.665625 0.0171875 0.01875
0 0.6328125 0.65859375 0.015625 0.015625
0 0.6234375 0.6671875 0.015625 0.0171875
0 0.575 0.6671875 0.01875 0.0203125
0 0.578125 0.6796875 0.01875 0.0171875
0 0.59140625 0.6984375 0.01875 0.01875
0 0.565625 0.69609375 0.015625 0.015625
0 0.57109375 0.72109375 0.0171875 0.0171875
0 0.5625 0.65546875 0.015625 0.015625
0 0.5375 0.73046875 0.0140625 0.0140625
0 0.52734375 0.709375 0.0171875 0.0171875
0 0.5203125 0.69296875 0.015625 0.015625
0 0.50546875 0.6796875 0.0171875 0.0171875
0 0.496875 0.6625 0.0171875 0.0171875
0 0.5046875 0.64921875 0.01875 0.01875
0 0.51953125 0.6640625 0.0171875 0.0171875
0 0.5578125 0.64375 0.0171875 0.0171875
0 0.53515625 0.653125 0.01875 0.01875
0 0.5375 0.66484375 0.0171875 0.0171875
0 0.546875 0.64765625 0.0140625 0.0140625
0 0.5484375 0.6125 0.0171875 0.01875
0 0.5640625 0.61796875 0.01875 0.0171875
0 0.565625 0.60546875 0.0171875 0.01875
0 0.55390625 0.59375 0.015625 0.015625
0 0.58203125 0.57578125 0.015625 0.015625
0 0.57109375 0.57265625 0.0140625 0.0140625
0 0.5875 0.559375 0.021875 0.021875
0 0.59296875 0.56796875 0.01875 0.01875
0 0.6125 0.57109375 0.01875 0.0171875
0 0.61875 0.55625 0.01875 0.0171875
0 0.56796875 0.54921875 0.015625 0.015625
0 0.55625 0.5546875 0.0171875 0.0171875
0 0.5453125 0.54375 0.01875 0.0171875
0 0.51015625 0.578125 0.01875 0.01875
0 0.51796875 0.56953125 0.0140625 0.0140625
0 0.49921875 0.565625 0.0140625 0.0140625
0 0.4890625 0.57578125 0.0140625 0.0140625
0 0.49765625 0.55390625 0.0171875 0.01875
0 0.4953125 0.5390625 0.015625 0.015625
0 0.4890625 0.5140625 0.01875 0.01875
0 0.478125 0.52890625 0.01875 0.0171875
0 0.46484375 0.52109375 0.015625 0.015625
0 0.44921875 0.5359375 0.0140625 0.0140625
0 0.5578125 0.53046875 0.0171875 0.015625
0 0.5703125 0.52734375 0.015625 0.0171875
0 0.5609375 0.51953125 0.01875 0.0171875
0 0.5703125 0.50703125 0.015625 0.0171875
0 0.56015625 0.50703125 0.0171875 0.0171875
0 0.5640625 0.49296875 0.0140625 0.0140625
0 0.64140625 0.52109375 0.0140625 0.0140625
0 0.6546875 0.51640625 0.015625 0.015625
0 0.64609375 0.5078125 0.015625 0.015625
0 0.50703125 0.453125 0.0171875 0.0171875
0 0.52578125 0.44453125 0.01875 0.01875
0 0.5375 0.45546875 0.0171875 0.0171875
0 0.5484375 0.4609375 0.015625 0.015625
0 0.52109375 0.43359375 0.0171875 0.0171875
0 0.5203125 0.41875 0.015625 0.015625
0 0.5265625 0.403125 0.0140625 0.0140625
0 0.53984375 0.4265625 0.015625 0.015625
0 0.55546875 0.42578125 0.015625 0.015625
0 0.55546875 0.4109375 0.0171875 0.0171875
0 0.58828125 0.421875 0.015625 0.015625
0 0.58671875 0.4109375 0.015625 0.015625
0 0.56328125 0.3921875 0.015625 0.015625
0 0.55546875 0.36953125 0.0171875 0.0203125
0 0.58359375 0.3671875 0.0171875 0.0171875
0 0.6046875 0.35546875 0.015625 0.015625
0 0.5921875 0.3390625 0.0140625 0.0140625
0 0.565625 0.33671875 0.015625 0.015625
0 0.56640625 0.35 0.0140625 0.0140625
0 0.65390625 0.40859375 0.0140625 0.0140625
0 0.64296875 0.434375 0.0171875 0.01875
0 0.6484375 0.42109375 0.0140625 0.0140625
0 0.63359375 0.428125 0.0140625 0.0140625
0 0.63125 0.44609375 0.015625 0.0171875
0 0.65 0.44375 0.015625 0.015625
0 0.525 0.371875 0.0140625 0.0140625
0 0.52109375 0.359375 0.01875 0.0171875
0 0.55625 0.34609375 0.0171875 0.01875
0 0.53359375 0.325 0.0140625 0.0140625
0 0.50390625 0.3421875 0.0140625 0.0140625
0 0.50078125 0.33046875 0.0140625 0.0140625
0 0.48203125 0.35625 0.01875 0.0171875
0 0.471875 0.34765625 0.015625 0.015625
0 0.45234375 0.34296875 0.015625 0.0203125
0 0.44765625 0.325 0.01875 0.0171875
0 0.4546875 0.365625 0.015625 0.015625
0 0.46484375 0.44375 0.0140625 0.0140625
0 0.46875 0.45625 0.0171875 0.0171875
0 0.46953125 0.47421875 0.015625 0.015625
0 0.42421875 0.4703125 0.0140625 0.0140625
0 0.43984375 0.47265625 0.0171875 0.01875
0 0.4390625 0.45625 0.0140625 0.0140625
0 0.44765625 0.4640625 0.015625 0.015625
0 0.38984375 0.51796875 0.0140625 0.0140625
0 0.46171875 0.46640625 0.015625 0.015625
0 0.4546875 0.45625 0.015625 0.015625
0 0.409375 0.43515625 0.01875 0.0171875
0 0.37421875 0.43203125 0.015625 0.015625
0 0.39375 0.40703125 0.01875 0.0171875
0 0.35546875 0.40234375 0.0203125 0.01875
0 0.340625 0.43359375 0.01875 0.0171875
0 0.34453125 0.45390625 0.0171875 0.0171875
0 0.3515625 0.4703125 0.015625 0.015625
0 0.3171875 0.4125 0.015625 0.015625
0 0.29296875 0.40390625 0.01875 0.01875
0 0.3359375 0.3921875 0.0171875 0.0171875
0 0.2765625 0.43359375 0.0140625 0.0140625
0 0.28828125 0.46640625 0.0171875 0.0171875
0 0.271875 0.47109375 0.0171875 0.01875
0 0.24765625 0.46875 0.01875 0.01875
0 0.259375 0.46015625 0.0171875 0.0171875
0 0.26328125 0.49921875 0.01875 0.01875
0 0.2734375 0.51875 0.015625 0.015625
0 0.26953125 0.53671875 0.0171875 0.0171875
0 0.2828125 0.5453125 0.0171875 0.0171875
0 0.2109375 0.5625 0.015625 0.0171875
0 0.2890625 0.55546875 0.0171875 0.0171875
0 0.30703125 0.5484375 0.01875 0.01875
0 0.33515625 0.60234375 0.01875 0.0171875
0 0.3609375 0.603125 0.01875 0.01875
0 0.3625 0.58828125 0.01875 0.01875
0 0.3546875 0.62265625 0.01875 0.01875
0 0.37734375 0.61875 0.01875 0.01875
0 0.3234375 0.5953125 0.01875 0.0203125
0 0.30546875 0.58125 0.0171875 0.0203125
0 0.40625 0.70234375 0.015625 0.0171875
0 0.36484375 0.353125 0.01875 0.01875
0 0.41875 0.7109375 0.015625 0.015625
0 0.38828125 0.659375 0.015625 0.015625
0 0.31640625 0.68671875 0.0171875 0.0171875
0 0.3265625 0.709375 0.0171875 0.01875
0 0.409375 0.6671875 0.0140625 0.0140625
0 0.34609375 0.378125 0.01875 0.01875
0 0.4546875 0.67109375 0.0171875 0.01875
0 0.346875 0.72109375 0.0140625 0.0140625
0 0.28046875 0.70234375 0.0171875 0.01875
0 0.746875 0.43984375 0.0140625 0.0140625
0 0.73828125 0.45234375 0.0140625 0.0140625
0 0.73203125 0.471875 0.0140625 0.0140625
0 0.7109375 0.4765625 0.0140625 0.0140625
0 0.72265625 0.48203125 0.0140625 0.0140625
0 0.71796875 0.46640625 0.0171875 0.015625
0 0.71171875 0.4890625 0.0140625 0.0140625
0 0.69765625 0.46953125 0.015625 0.015625
0 0.70546875 0.46015625 0.015625 0.0171875
0 0.71640625 0.44140625 0.0171875 0.01875
0 0.7265625 0.44375 0.0140625 0.0140625
0 0.7375 0.4359375 0.0140625 0.0140625
0 0.73984375 0.42421875 0.0140625 0.0140625
0 0.73125 0.4125 0.0171875 0.01875
0 0.7453125 0.41171875 0.0140625 0.0140625
0 0.76171875 0.5546875 0.015625 0.015625
0 0.696875 0.59765625 0.0171875 0.01875
0 0.69765625 0.61171875 0.01875 0.0171875
0 0.6984375 0.65703125 0.0171875 0.01875
0 0.6421875 0.68671875 0.0140625 0.0140625
0 0.68359375 0.6625 0.0140625 0.0140625
0 0.63984375 0.69921875 0.015625 0.015625
0 0.653125 0.696875 0.0140625 0.0140625
0 0.6875 0.709375 0.0140625 0.0140625
0 0.5640625 0.7453125 0.0140625 0.0140625
0 0.56328125 0.71015625 0.0140625 0.0140625
0 0.55 0.7328125 0.015625 0.015625
0 0.56328125 0.7296875 0.015625 0.0171875
0 0.55078125 0.7015625 0.015625 0.0171875
0 0.5546875 0.71953125 0.01875 0.01875
0 0.534375 0.69921875 0.015625 0.0171875
0 0.54296875 0.7140625 0.0171875 0.01875
0 0.55703125 0.68515625 0.015625 0.0171875
0 0.52421875 0.67890625 0.015625 0.015625
0 0.55625 0.67109375 0.0171875 0.01875
0 0.5859375 0.65859375 0.0140625 0.0140625
0 0.55 0.659375 0.0171875 0.0171875
0 0.6015625 0.68046875 0.0140625 0.0140625
0 0.571875 0.64609375 0.0171875 0.01875
0 0.5875 0.6453125 0.0171875 0.0171875
0 0.58984375 0.67109375 0.015625 0.015625
0 0.58984375 0.684375 0.01875 0.01875
0 0.55703125 0.58203125 0.0171875 0.0171875
0 0.51015625 0.55859375 0.015625 0.015625
0 0.5578125 0.54296875 0.0140625 0.0140625
0 0.57265625 0.5390625 0.0171875 0.015625
0 0.54453125 0.53046875 0.015625 0.0171875
0 0.51484375 0.5296875 0.015625 0.0171875
0 0.53359375 0.53125 0.015625 0.015625
0 0.6703125 0.5265625 0.01875 0.0171875
0 0.66015625 0.50234375 0.015625 0.0171875
0 0.646875 0.4953125 0.0171875 0.015625
0 0.66875 0.49296875 0.015625 0.0171875
0 0.503125 0.5203125 0.015625 0.0171875
0 0.53046875 0.51953125 0.015625 0.015625
0 0.54453125 0.51875 0.0140625 0.0140625
0 0.5203125 0.5109375 0.015625 0.015625
0 0.53828125 0.50859375 0.015625 0.015625
0 0.5125 0.50234375 0.0140625 0.0140625
0 0.52421875 0.4984375 0.0140625 0.0140625
0 0.53359375 0.49296875 0.0171875 0.0171875
0 0.49921875 0.4984375 0.0171875 0.01875
0 0.51171875 0.49140625 0.015625 0.015625
0 0.5203125 0.4828125 0.0171875 0.01875
0 0.4875 0.4953125 0.015625 0.0171875
0 0.5578125 0.48203125 0.0171875 0.01875
0 0.48203125 0.48203125 0.015625 0.015625
0 0.49453125 0.478125 0.0140625 0.0140625
0 0.48125 0.46953125 0.015625 0.015625
0 0.409375 0.4484375 0.01875 0.01875
0 0.3921875 0.44609375 0.0171875 0.01875
0 0.3578125 0.44609375 0.0171875 0.01875
0 0.39453125 0.4296875 0.0171875 0.01875
0 0.54453125 0.4453125 0.015625 0.0171875
0 0.55625 0.44453125 0.0171875 0.0171875
0 0.565625 0.43515625 0.0171875 0.0171875
0 0.54921875 0.434375 0.015625 0.0171875
0 0.559375 0.3828125 0.01875 0.01875
0 0.5671875 0.371875 0.0140625 0.0140625
0 0.52109375 0.390625 0.0171875 0.01875
0 0.515625 0.37890625 0.015625 0.015625
0 0.4921875 0.346875 0.015625 0.015625
0 0.51640625 0.34453125 0.015625 0.0171875
0 0.5265625 0.34921875 0.0140625 0.0140625
0 0.51328125 0.33203125 0.015625 0.0171875
0 0.52734375 0.33671875 0.0140625 0.0140625
0 0.52109375 0.3234375 0.0171875 0.01875
0 0.40390625 0.71953125 0.0171875 0.01875
0 0.2703125 0.69765625 0.0171875 0.01875
0 0.33984375 0.703125 0.0140625 0.0140625
0 0.3296875 0.69296875 0.0171875 0.0171875
0 0.3453125 0.69140625 0.01875 0.0171875
0 0.35390625 0.71328125 0.01875 0.01875
0 0.35546875 0.6984375 0.01875 0.01875
0 0.36640625 0.7078125 0.0171875 0.0171875
0 0.3765625 0.71640625 0.015625 0.015625
0 0.39296875 0.71328125 0.015625 0.0171875
0 0.38203125 0.703125 0.0140625 0.0140625
0 0.3921875 0.69609375 0.0140625 0.0140625
0 0.37265625 0.696875 0.0140625 0.0140625
0 0.3734375 0.6828125 0.015625 0.0171875
0 0.38671875 0.6796875 0.0140625 0.0140625
0 0.3953125 0.66875 0.0140625 0.0140625
0 0.39921875 0.65234375 0.015625 0.0171875
0 0.4109375 0.65390625 0.0140625 0.0140625
0 0.41953125 0.6953125 0.0171875 0.01875
0 0.42734375 0.68359375 0.015625 0.0171875
0 0.4265625 0.66875 0.015625 0.015625
0 0.42265625 0.65625 0.0171875 0.0171875
0 0.4375 0.6625 0.015625 0.015625
0 0.43515625 0.64921875 0.0140625 0.0140625
0 0.4578125 0.6578125 0.0171875 0.01875
0 0.45390625 0.64375 0.015625 0.015625
0 0.4203125 0.6421875 0.0140625 0.0140625
0 0.43125 0.6359375 0.015625 0.015625
0 0.40859375 0.64140625 0.0140625 0.0140625
0 0.44375 0.6328125 0.015625 0.015625
0 0.39609375 0.63984375 0.0140625 0.0140625
0 0.4140625 0.62890625 0.0140625 0.0140625
0 0.40078125 0.62734375 0.0140625 0.015625
0 0.43515625 0.6234375 0.0140625 0.0140625
0 0.415625 0.615625 0.0140625 0.0140625
0 0.4015625 0.61484375 0.0140625 0.0140625
0 0.42109375 0.603125 0.0140625 0.0140625
0 0.43203125 0.61015625 0.015625 0.015625
0 0.4390625 0.6 0.0171875 0.01875
0 0.43984375 0.58671875 0.015625 0.015625
0 0.41484375 0.5875 0.0140625 0.0140625
0 0.42578125 0.58515625 0.0140625 0.0140625
0 0.41171875 0.57421875 0.015625 0.015625
0 0.39765625 0.60390625 0.0140625 0.0140625
0 0.3875 0.6296875 0.0140625 0.0140625
0 0.3875 0.5953125 0.01875 0.0171875
0 0.3859375 0.6125 0.015625 0.015625
0 0.3765625 0.63125 0.01875 0.01875
0 0.38515625 0.64296875 0.0171875 0.01875
0 0.3640625 0.61328125 0.015625 0.0171875
0 0.37578125 0.60390625 0.0140625 0.0140625
0 0.39296875 0.58515625 0.015625 0.015625
0 0.3984375 0.5734375 0.0140625 0.0140625
0 0.38203125 0.57734375 0.015625 0.015625
0 0.3421875 0.5671875 0.015625 0.015625
0 0.35078125 0.57734375 0.01875 0.01875
0 0.3546875 0.5640625 0.0140625 0.0140625
0 0.3671875 0.5671875 0.01875 0.01875
0 0.32578125 0.5578125 0.0171875 0.015625
0 0.31953125 0.57890625 0.0265625 0.0265625
0 0.3046875 0.5703125 0.021875 0.01875
0 0.31328125 0.56171875 0.01875 0.01875
0 0.31953125 0.546875 0.0171875 0.01875
0 0.275 0.5 0.0171875 0.0171875
0 0.284375 0.49375 0.0171875 0.01875
0 0.2734375 0.4828125 0.01875 0.01875
0 0.29140625 0.453125 0.015625 0.015625
0 0.28828125 0.43984375 0.015625 0.015625
0 0.28984375 0.42578125 0.01875 0.01875
0 0.31953125 0.3984375 0.0171875 0.01875
0 0.33203125 0.40859375 0.01875 0.0171875
0 0.3484375 0.425 0.015625 0.015625
0 0.34609375 0.4125 0.015625 0.015625
0 0.3609375 0.41484375 0.01875 0.01875
0 0.3828125 0.42421875 0.015625 0.015625
0 0.38515625 0.3984375 0.01875 0.01875
0 0.384375 0.3859375 0.01875 0.0171875
0 0.3921875 0.37421875 0.015625 0.015625
0 0.39453125 0.3609375 0.0140625 0.0140625
0 0.37890625 0.3734375 0.0140625 0.0140625
0 0.39921875 0.35 0.015625 0.015625
0 0.384375 0.35546875 0.01875 0.01875
0 0.3578125 0.371875 0.0171875 0.01875
0 0.3671875 0.37734375 0.01875 0.01875
0 0.375 0.3640625 0.0171875 0.0171875
0 0.37109375 0.38828125 0.01875 0.01875
0 0.3484375 0.35859375 0.01875 0.0171875
0 0.40546875 0.33671875 0.01875 0.01875
0 0.3390625 0.36796875 0.01875 0.01875