0 0.43984375 0.3984375 0.01328125 0.009375
0 0.43828125 0.4078125 0.0125 0.00859375
0 0.453125 0.40625 0.0109375 0.00859375
0 0.4609375 0.4 0.0109375 0.009375
0 0.4625 0.41171875 0.0125 0.00859375
0 0.4734375 0.41953125 0.01171875 0.009375
0 0.428125 0.425 0.01171875 0.01015625
0 0.44140625 0.42265625 0.01171875 0.00859375
0 0.5265625 0.471875 0.01171875 0.0078125
0 0.51875 0.44921875 0.01328125 0.00859375
0 0.5296875 0.45390625 0.01171875 0.00859375
0 0.53046875 0.46328125 0.0109375 0.00859375
0 0.53984375 0.44609375 0.0125 0.00859375
0 0.5484375 0.4578125 0.01171875 0.00859375
0 0.5109375 0.4421875 0.01171875 0.00859375
0 0.48203125 0.4421875 0.01171875 0.0078125
0 0.5078125 0.4328125 0.0109375 0.00859375
0 0.47890625 0.43359375 0.01015625 0.00859375
0 0.4734375 0.4484375 0.0109375 0.00859375
0 0.496875 0.45 0.0125 0.00859375
0 0.503125 0.465625 0.0125 0.00859375
0 0.5015625 0.47421875 0.0109375 0.009375
0 0.52734375 0.48125 0.0109375 0.0078125
0 0.5390625 0.48203125 0.0109375 0.01015625
0 0.53125 0.4953125 0.0109375 0.009375
0 0.51796875 0.503125 0.0125 0.00859375
0 0.528125 0.50859375 0.0125 0.00859375
0 0.50703125 0.5 0.01171875 0.00859375
0 0.5140625 0.5125 0.01171875 0.009375
0 0.45390625 0.51484375 0.0125 0.01015625
0 0.46875 0.51640625 0.0125 0.009375
0 0.46796875 0.5265625 0.0125 0.009375
0 0.52734375 0.5265625 0.01328125 0.01015625
0 0.50703125 0.5515625 0.01171875 0.01015625
0 0.5203125 0.546875 0.0125 0.009375
0 0.4953125 0.55625 0.01171875 0.009375
0 0.5171875 0.56171875 0.0109375 0.009375
0 0.52578125 0.56953125 0.0125 0.00859375
0 0.52890625 0.596875 0.0125 0.01015625
0 0.43046875 0.53671875 0.0109375 0.009375
0 0.44140625 0.54921875 0.0125 0.009375
0 0.45078125 0.55703125 0.0140625 0.00859375
0 0.48203125 0.603125 0.0125 0.00859375
0 0.45 0.5984375 0.01171875 0.01015625
0 0.4640625 0.60390625 0.0125 0.009375
0 0.4734375 0.61015625 0.01328125 0.00859375
0 0.434375 0.63828125 0.01171875 0.009375
0 0.4453125 0.64453125 0.0125 0.01015625
0 0.36875 0.63359375 0.0140625 0.01171875
0 0.34765625 0.615625 0.01171875 0.009375
0 0.3578125 0.621875 0.0125 0.009375
0 0.3375 0.60703125 0.0140625 0.009375
0 0.35625 0.6078125 0.01171875 0.009375
0 0.32578125 0.5875 0.0125 0.00859375
0 0.3875 0.59765625 0.0125 0.009375
0 0.4234375 0.4890625 0.01015625 0.00859375
0 0.4359375 0.4921875 0.0125 0.0078125
0 0.43828125 0.50078125 0.0125 0.009375
0 0.4125 0.48359375 0.01171875 0.00859375
0 0.4125 0.49296875 0.0109375 0.00859375
0 0.39765625 0.48125 0.01171875 0.00859375
0 0.4 0.4890625 0.01171875 0.00859375
0 0.40390625 0.4984375 0.01171875 0.00859375
0 0.42421875 0.50078125 0.01015625 0.00859375
0 0.41640625 0.51171875 0.01171875 0.00859375
0 0.3890625 0.50078125 0.0109375 0.00859375
0 0.4 0.50703125 0.01171875 0.00859375
0 0.40703125 0.5328125 0.01171875 0.00859375
0 0.38125 0.5640625 0.01328125 0.009375
0 0.31484375 0.5546875 0.01171875 0.009375
0 0.3390625 0.56640625 0.0125 0.009375
0 0.371875 0.55234375 0.01171875 0.01015625
0 0.38671875 0.53671875 0.0109375 0.0078125
0 0.39765625 0.52578125 0.0109375 0.009375
0 0.3734375 0.52109375 0.0125 0.01015625
0 0.38203125 0.51328125 0.0109375 0.00859375
0 0.38515625 0.5265625 0.01015625 0.009375
0 0.36953125 0.5125 0.01015625 0.009375
0 0.37890625 0.5046875 0.0109375 0.00859375
0 0.3625 0.52421875 0.01171875 0.009375
0 0.31640625 0.534375 0.0109375 0.009375
0 0.35078125 0.525 0.0109375 0.009375
0 0.33671875 0.5171875 0.01171875 0.009375
0 0.3515625 0.5046875 0.0125 0.00859375
0 0.3515625 0.51484375 0.009375 0.0078125
0 0.35859375 0.51328125 0.00859375 0.0078125
0 0.325 0.5125 0.01171875 0.009375
0 0.3359375 0.50703125 0.0125 0.00859375
0 0.33984375 0.4984375 0.01171875 0.00859375
0 0.31328125 0.50078125 0.0125 0.00859375
0 0.3265625 0.50078125 0.01171875 0.0078125
0 0.33125 0.4921875 0.01171875 0.00859375
0 0.340625 0.4578125 0.01328125 0.009375
0 0.32890625 0.4828125 0.0125 0.00859375
0 0.375 0.4765625 0.0125 0.00859375
0 0.36875 0.48515625 0.0125 0.009375
0 0.38125 0.48671875 0.01328125 0.0078125
0 0.38515625 0.48203125 0.01171875 0.00546875
0 0.378125 0.49296875 0.009375 0.00703125