0 0.4875 0.771875 0.0296875 0.025
0 0.37109375 0.7890625 0.0296875 0.025
0 0.3453125 0.78984375 0.028125 0.0265625
0 0.359375 0.76875 0.0328125 0.028125
0 0.3359375 0.765625 0.0265625 0.0265625
0 0.321875 0.78125 0.0265625 0.0234375
0 0.2578125 0.7875 0.0296875 0.028125
0 0.2828125 0.76953125 0.0296875 0.0265625
0 0.3125 0.75859375 0.028125 0.028125
0 0.22734375 0.725 0.0296875 0.0265625
0 0.196875 0.671875 0.0328125 0.03125
0 0.2109375 0.7 0.03125 0.0265625
0 0.2375 0.7046875 0.0296875 0.025
0 0.253125 0.721875 0.028125 0.025
0 0.26171875 0.74296875 0.0296875 0.0265625
0 0.28046875 0.7203125 0.0296875 0.028125
0 0.2640625 0.69453125 0.0296875 0.025
0 0.290625 0.69765625 0.0328125 0.028125
0 0.37421875 0.7421875 0.03125 0.0265625
0 0.3796875 0.7203125 0.0296875 0.028125
0 0.346875 0.7375 0.0296875 0.028125
0 0.35390625 0.71640625 0.0265625 0.0234375
0 0.378125 0.69921875 0.0296875 0.025
0 0.353125 0.6953125 0.0296875 0.0265625
0 0.31796875 0.68984375 0.0296875 0.028125
0 0.34140625 0.675 0.0296875 0.0265625
0 0.28203125 0.65859375 0.03125 0.028125
0 0.3109375 0.66640625 0.0328125 0.03125
0 0.365625 0.634375 0.0296875 0.028125
0 0.35859375 0.66015625 0.0296875 0.0265625
0 0.3734375 0.67890625 0.0296875 0.028125
0 0.39921875 0.67421875 0.028125 0.0265625
0 0.409375 0.69375 0.0265625 0.028125
0 0.44296875 0.70390625 0.0328125 0.028125
0 0.44453125 0.73203125 0.028125 0.0265625
0 0.46171875 0.71796875 0.0265625 0.0203125
0 0.47890625 0.70390625 0.0265625 0.0296875
0 0.4890625 0.72109375 0.0296875 0.0265625
0 0.49296875 0.7515625 0.028125 0.0234375
0 0.5078125 0.734375 0.028125 0.0265625
0 0.5140625 0.71640625 0.028125 0.0265625
0 0.515625 0.69453125 0.0296875 0.028125
0 0.53828125 0.7078125 0.0296875 0.0265625
0 0.42890625 0.67421875 0.0296875 0.028125
0 0.46015625 0.6859375 0.03125 0.0265625
0 0.4953125 0.68203125 0.028125 0.028125
0 0.5171875 0.67265625 0.0296875 0.0296875
0 0.54140625 0.6609375 0.0328125 0.03125
0 0.4578125 0.66328125 0.0296875 0.0265625
0 0.46171875 0.64140625 0.0328125 0.0328125
0 0.48125 0.62421875 0.03125 0.0328125
0 0.509375 0.62734375 0.03125 0.0328125
0 0.5359375 0.63828125 0.028125 0.0296875
0 0.4390625 0.5875 0.0296875 0.03125
0 0.46953125 0.5953125 0.03125 0.0328125
0 0.50234375 0.59921875 0.0296875 0.0296875
0 0.52890625 0.6046875 0.03125 0.03125
0 0.58359375 0.6203125 0.0328125 0.03125
0 0.66953125 0.63203125 0.03125 0.0328125
0 0.5609375 0.55625 0.0296875 0.0296875
0 0.5703125 0.5796875 0.034375 0.034375
0 0.53046875 0.57109375 0.0296875 0.0296875
0 0.415625 0.571875 0.0296875 0.03125
0 0.340625 0.603125 0.034375 0.03125
0 0.3921875 0.5953125 0.0328125 0.0328125
0 0.37421875 0.56484375 0.0328125 0.03125
0 0.30859375 0.5515625 0.034375 0.0375
0 0.178125 0.56328125 0.034375 0.034375
0 0.20390625 0.5765625 0.0359375 0.0328125
0 0.15 0.5484375 0.034375 0.03125
0 0.18828125 0.53203125 0.0359375 0.034375
0 0.090625 0.42578125 0.0390625 0.034375
0 0.15078125 0.5234375 0.0375 0.034375
0 0.1875 0.49140625 0.0359375 0.0328125
0 0.18984375 0.45625 0.034375 0.034375
0 0.2203125 0.428125 0.040625 0.0375
0 0.26015625 0.3765625 0.0359375 0.0375
0 0.321875 0.4203125 0.0328125 0.0328125
0 0.3421875 0.44921875 0.034375 0.0359375
0 0.37421875 0.471875 0.03125 0.028125
0 0.384375 0.4453125 0.0328125 0.0328125
0 0.40078125 0.48125 0.0296875 0.0296875
0 0.409375 0.50234375 0.0328125 0.028125
0 0.4390625 0.48828125 0.0328125 0.0328125
0 0.5625 0.53203125 0.0375 0.034375
0 0.52734375 0.50859375 0.0328125 0.0328125
0 0.5 0.4953125 0.03125 0.0296875
0 0.45546875 0.53359375 0.03125 0.03125
0 0.47109375 0.490625 0.0328125 0.0328125
0 0.47734375 0.46328125 0.034375 0.034375
0 0.50390625 0.46796875 0.03125 0.03125
0 0.52109375 0.4421875 0.0375 0.0375
0 0.5328125 0.47734375 0.034375 0.034375
0 0.61171875 0.52421875 0.0375 0.034375
0 0.69140625 0.5734375 0.0328125 0.0328125
0 0.7078125 0.55390625 0.0359375 0.028125
0 0.72109375 0.53828125 0.034375 0.0375
0 0.634375 0.45625 0.0375 0.0375
0 0.671875 0.44765625 0.0359375 0.0390625
0 0.70546875 0.47578125 0.0359375 0.0359375
0 0.71640625 0.5046875 0.0375 0.0375
0 0.8296875 0.47890625 0.0359375 0.0375
0 0.7421875 0.4046875 0.0375 0.040625
0 0.5875 0.421875 0.0375 0.0375
0 0.53671875 0.38671875 0.0375 0.0375
0 0.578125 0.34375 0.0390625 0.0375
0 0.43203125 0.37578125 0.0375 0.0375
0 0.37109375 0.34140625 0.0375 0.040625
0 0.4171875 0.33046875 0.040625 0.0390625
0 0.44296875 0.35 0.0375 0.0359375
0 0.4921875 0.3546875 0.0390625 0.0375
0 0.51484375 0.32890625 0.0375 0.040625
0 0.3015625 0.25 0.040625 0.040625
0 0.36484375 0.253125 0.04375 0.0421875
0 0.4171875 0.2578125 0.040625 0.040625
0 0.4890625 0.26953125 0.0421875 0.04375
0 0.58359375 0.30390625 0.0390625 0.040625
0 0.64375 0.3375 0.0375 0.0390625
0 0.7296875 0.328125 0.040625 0.0390625
0 0.0671875 0.68671875 0.0359375 0.0328125
0 0.17421875 0.7421875 0.03125 0.0265625
0 0.11171875 0.73828125 0.0328125 0.0296875
0 0.14609375 0.74609375 0.0296875 0.0265625
0 0.15234375 0.77265625 0.03125 0.028125
0 0.19296875 0.8734375 0.0296875 0.0265625
0 0.346875 0.8984375 0.0296875 0.0265625
0 0.43671875 0.89453125 0.0234375 0.0234375
0 0.41171875 0.90234375 0.028125 0.025
0 0.4203125 0.8828125 0.0265625 0.025
0 0.45390625 0.90546875 0.021875 0.0203125
0 0.46171875 0.88828125 0.0265625 0.0265625