0 0.2765625 0.67890625 0.06875 0.0609375
0 0.32890625 0.4859375 0.065625 0.0703125
0 0.43125 0.55703125 0.0640625 0.0671875
0 0.53828125 0.6703125 0.0640625 0.0609375
0 0.50390625 0.51484375 0.0625 0.0640625
0 0.54140625 0.55546875 0.05625 0.0578125
0 0.5984375 0.53359375 0.0640625 0.0640625
0 0.603125 0.45625 0.059375 0.0578125
0 0.59921875 0.3953125 0.0609375 0.0640625
0 0.64921875 0.25546875 0.0625 0.0671875
0 0.6953125 0.22890625 0.0609375 0.0703125
0 0.67578125 0.35546875 0.0640625 0.0609375
0 0.66328125 0.42578125 0.0609375 0.0609375
0 0.6625 0.515625 0.0640625 0.0640625
0 0.64765625 0.67265625 0.0671875 0.0625
0 0.69765625 0.61171875 0.0609375 0.0609375
0 0.7328125 0.54453125 0.059375 0.0609375
0 0.7140625 0.446875 0.0578125 0.059375
0 0.728125 0.3921875 0.0609375 0.059375
0 0.72734375 0.32890625 0.0625 0.0625
0 0.77578125 0.25625 0.0609375 0.0609375
0 0.78046875 0.41875 0.0671875 0.0640625
0 0.78125 0.47578125 0.0640625 0.0640625
0 0.840625 0.4703125 0.0625 0.0640625
0 0.86484375 0.34453125 0.0609375 0.0640625
0 0.88515625 0.5109375 0.0609375 0.0671875
0 0.88671875 0.60703125 0.0671875 0.0578125