0 0.51640625 0.97265625 0.025 0.02578125
0 0.515625 0.9484375 0.025 0.0234375
0 0.49140625 0.896875 0.0234375 0.0265625
0 0.4859375 0.8390625 0.025 0.02734375
0 0.52109375 0.7921875 0.0234375 0.02890625
0 0.49375 0.75625 0.02265625 0.02734375
0 0.5171875 0.7609375 0.0234375 0.0265625
0 0.5390625 0.76640625 0.021875 0.0265625
0 0.71484375 0.83515625 0.02578125 0.02578125
0 0.67578125 0.7484375 0.0265625 0.02890625
0 0.53984375 0.73203125 0.025 0.02890625
0 0.53359375 0.70390625 0.025 0.025
0 0.50703125 0.7109375 0.025 0.0296875
0 0.565625 0.7296875 0.0234375 0.02890625
0 0.58828125 0.71875 0.02578125 0.03046875
0 0.74765625 0.771875 0.025 0.025
0 0.73359375 0.7484375 0.02421875 0.02578125
0 0.71640625 0.7265625 0.0265625 0.0265625
0 0.7796875 0.77109375 0.02421875 0.02734375
0 0.759375 0.75 0.025 0.02421875
0 0.7484375 0.7296875 0.02421875 0.02734375
0 0.78515625 0.74140625 0.0234375 0.02890625
0 0.81015625 0.69375 0.02734375 0.02890625
0 0.81328125 0.6375 0.025 0.02734375
0 0.84296875 0.6671875 0.02421875 0.02578125
0 0.83515625 0.64375 0.021875 0.02578125
0 0.65859375 0.64609375 0.02421875 0.0265625
0 0.67421875 0.6234375 0.028125 0.0296875
0 0.69765625 0.6015625 0.025 0.02734375
0 0.47890625 0.69765625 0.025 0.02734375
0 0.446875 0.68046875 0.02421875 0.0265625
0 0.475 0.671875 0.02421875 0.025
0 0.46796875 0.6375 0.02421875 0.02578125
0 0.49296875 0.6375 0.0234375 0.02578125
0 0.5125 0.63046875 0.02421875 0.02734375
0 0.53671875 0.63515625 0.0234375 0.0265625
0 0.5203125 0.609375 0.02421875 0.025
0 0.55546875 0.6234375 0.025 0.0265625
0 0.54453125 0.60390625 0.0234375 0.02890625
0 0.475 0.6109375 0.025 0.028125
0 0.46171875 0.56328125 0.025 0.0265625
0 0.4859375 0.590625 0.02578125 0.02421875
0 0.49375 0.5703125 0.0234375 0.02578125
0 0.5734375 0.5921875 0.0234375 0.02265625
0 0.55078125 0.58046875 0.0234375 0.02265625
0 0.525 0.57578125 0.021875 0.0234375
0 0.5421875 0.5546875 0.02265625 0.0234375
0 0.521875 0.5421875 0.021875 0.0234375
0 0.49921875 0.54609375 0.0234375 0.0234375
0 0.47109375 0.54296875 0.025 0.02421875
0 0.4859375 0.5265625 0.02265625 0.0234375
0 0.46875 0.5125 0.0234375 0.0234375
0 0.5078125 0.52109375 0.02421875 0.0234375
0 0.53125 0.51171875 0.02421875 0.0234375
0 0.4921875 0.50234375 0.0234375 0.02265625
0 0.49765625 0.48125 0.025 0.02109375
0 0.48515625 0.46328125 0.02578125 0.0234375
0 0.44453125 0.4890625 0.021875 0.025
0 0.421875 0.49453125 0.02265625 0.02265625
0 0.4265625 0.51796875 0.025 0.025
0 0.4125 0.465625 0.021875 0.025
0 0.46796875 0.446875 0.02265625 0.02421875
0 0.478125 0.425 0.025 0.02421875
0 0.421875 0.42578125 0.0234375 0.02421875
0 0.38203125 0.3984375 0.02734375 0.025
0 0.43671875 0.40859375 0.02265625 0.025
0 0.40546875 0.3921875 0.021875 0.025
0 0.428125 0.3890625 0.0234375 0.0234375
0 0.45 0.3984375 0.02265625 0.0234375
0 0.47265625 0.40390625 0.02265625 0.02265625
0 0.47578125 0.38125 0.0234375 0.0203125
0 0.46640625 0.36171875 0.0234375 0.02578125
0 0.49921875 0.3765625 0.025 0.025
0 0.52421875 0.4625 0.02578125 0.02421875
0 0.57734375 0.46484375 0.02421875 0.02421875
0 0.603125 0.528125 0.0234375 0.02421875
0 0.6046875 0.503125 0.02421875 0.0234375
0 0.62578125 0.5453125 0.025 0.02421875
0 0.62109375 0.48125 0.02265625 0.025
0 0.60390625 0.465625 0.0234375 0.0234375
0 0.62109375 0.44609375 0.025 0.025
0 0.70390625 0.5203125 0.0234375 0.02421875
0 0.6875 0.48203125 0.02265625 0.02421875
0 0.6890625 0.45859375 0.02578125 0.025
0 0.725 0.4765625 0.02265625 0.025
0 0.74453125 0.459375 0.02421875 0.02421875
0 0.4890625 0.3421875 0.0234375 0.02421875
0 0.50859375 0.353125 0.02265625 0.02421875
0 0.51796875 0.3296875 0.02265625 0.025
0 0.540625 0.35390625 0.02421875 0.02421875
0 0.54140625 0.328125 0.02421875 0.02578125
0 0.559375 0.365625 0.0234375 0.025
0 0.58046875 0.340625 0.02265625 0.02421875
0 0.584375 0.36640625 0.0234375 0.02578125
0 0.6015625 0.34765625 0.0234375 0.02421875
0 0.68203125 0.3609375 0.02265625 0.02734375
0 0.690625 0.33203125 0.0234375 0.02578125
0 0.66328125 0.3203125 0.02421875 0.02421875
0 0.63203125 0.32578125 0.0265625 0.02421875
0 0.6921875 0.28359375 0.025 0.025
0 0.76484375 0.28125 0.0234375 0.025
0 0.78125 0.24296875 0.025 0.02890625
0 0.7328125 0.22734375 0.02421875 0.0265625
0 0.33203125 0.35390625 0.025 0.025
0 0.328125 0.325 0.02734375 0.025
0 0.36015625 0.3 0.0234375 0.02421875
0 0.3875 0.29296875 0.02578125 0.025
0 0.48515625 0.2703125 0.02421875 0.02578125
0 0.55546875 0.2515625 0.02265625 0.02265625
0 0.5828125 0.23984375 0.02265625 0.02421875
0 0.63125 0.23671875 0.02421875 0.0234375
0 0.61015625 0.21875 0.02109375 0.021875
0 0.571875 0.20625 0.0234375 0.02421875
0 0.55078125 0.1984375 0.0234375 0.0234375
0 0.4734375 0.23828125 0.0265625 0.02734375
0 0.6328125 0.2140625 0.025 0.02421875
0 0.65625 0.19375 0.02578125 0.02578125
0 0.68828125 0.175 0.025 0.028125
0 0.64609375 0.1640625 0.025 0.025
0 0.66171875 0.14609375 0.0234375 0.02578125
0 0.66796875 0.12421875 0.0234375 0.025
0 0.66796875 0.0953125 0.02578125 0.0265625
0 0.7515625 0.0921875 0.025 0.0265625
0 0.521875 0.165625 0.025 0.0265625
0 0.5453125 0.16484375 0.02421875 0.025
0 0.534375 0.13046875 0.0234375 0.02578125
0 0.559375 0.146875 0.02421875 0.02578125
0 0.56875 0.121875 0.021875 0.02421875
0 0.54921875 0.109375 0.0265625 0.02265625
0 0.459375 0.15859375 0.02578125 0.0265625
0 0.446875 0.128125 0.0234375 0.02265625
0 0.403125 0.08984375 0.02421875 0.0265625
0 0.38515625 0.09609375 0.0203125 0.02421875
0 0.36484375 0.09921875 0.02421875 0.02578125
0 0.33828125 0.0984375 0.02265625 0.0234375
0 0.31640625 0.1046875 0.02421875 0.02578125
0 0.26953125 0.12734375 0.0296875 0.02578125
0 0.33125 0.13046875 0.0265625 0.025
0 0.321875 0.17890625 0.0265625 0.02578125
0 0.34140625 0.1984375 0.02265625 0.0234375
0 0.38515625 0.203125 0.02734375 0.02578125
0 0.375 0.22421875 0.02578125 0.02421875
0 0.365625 0.24375 0.0265625 0.0234375
0 0.33046875 0.02578125 0.03046875 0.03125