0 0.88359375 0.51640625 0.0375 0.034375
0 0.759375 0.690625 0.0328125 0.0328125
0 0.8265625 0.4859375 0.034375 0.03125
0 0.8484375 0.4484375 0.034375 0.0328125
0 0.684375 0.56796875 0.03125 0.03125
0 0.67578125 0.628125 0.03125 0.03125
0 0.64296875 0.5359375 0.03125 0.03125
0 0.76015625 0.50859375 0.034375 0.03125
0 0.85546875 0.48046875 0.0359375 0.034375
0 0.65859375 0.64921875 0.0296875 0.028125
0 0.63359375 0.61640625 0.03125 0.0328125
0 0.56328125 0.59765625 0.03125 0.0296875
0 0.74453125 0.53125 0.0328125 0.03125
0 0.6640625 0.5875 0.03125 0.03125
0 0.5375 0.5328125 0.03125 0.03125
0 0.5765625 0.565625 0.03125 0.03125
0 0.78984375 0.465625 0.034375 0.03125
0 0.490625 0.55546875 0.0296875 0.0296875
0 0.73203125 0.50234375 0.034375 0.03125
0 0.59765625 0.525 0.03125 0.03125
0 0.521875 0.553125 0.03125 0.028125
0 0.7625 0.48046875 0.0328125 0.0296875
0 0.51015625 0.57421875 0.028125 0.028125
0 0.59921875 0.5921875 0.03125 0.03125
0 0.8171875 0.46015625 0.034375 0.03125
0 0.815625 0.51875 0.034375 0.0328125
0 0.609375 0.62734375 0.03125 0.03125
0 0.540625 0.58984375 0.0296875 0.0296875
0 0.7015625 0.4828125 0.03125 0.0296875
0 0.7328125 0.47421875 0.034375 0.03125
0 0.57265625 0.534375 0.03125 0.028125
0 0.82265625 0.42734375 0.0328125 0.03125
0 0.4765625 0.578125 0.028125 0.028125
0 0.45546875 0.53203125 0.028125 0.028125
0 0.51796875 0.59921875 0.028125 0.028125
0 0.778125 0.44140625 0.034375 0.03125
0 0.46484375 0.553125 0.028125 0.028125
0 0.51953125 0.5171875 0.03125 0.028125
0 0.69609375 0.45703125 0.03125 0.03125
0 0.803125 0.546875 0.034375 0.034375
0 0.49375 0.59609375 0.028125 0.028125
0 0.70546875 0.509375 0.03125 0.03125
0 0.75390625 0.45546875 0.03125 0.0296875
0 0.4515625 0.57890625 0.028125 0.028125
0 0.49453125 0.5140625 0.03125 0.028125
0 0.46875 0.51171875 0.028125 0.028125
0 0.628125 0.6578125 0.03125 0.034375
0 0.56015625 0.625 0.03125 0.03125
0 0.43984375 0.553125 0.028125 0.028125
0 0.5484375 0.5109375 0.0296875 0.028125
0 0.39921875 0.565625 0.03125 0.028125
0 0.41640625 0.5515625 0.028125 0.028125
0 0.7828125 0.5265625 0.034375 0.03125
0 0.7921875 0.49609375 0.034375 0.034375
0 0.37890625 0.57578125 0.028125 0.028125
0 0.271875 0.6203125 0.028125 0.028125
0 0.31484375 0.60703125 0.028125 0.028125
0 0.390625 0.54375 0.028125 0.028125
0 0.63125 0.50078125 0.03125 0.034375
0 0.2625 0.5765625 0.0234375 0.025
0 0.24453125 0.58828125 0.025 0.0234375
0 0.32734375 0.58671875 0.0265625 0.0265625
0 0.33203125 0.54453125 0.028125 0.028125
0 0.53515625 0.61640625 0.03125 0.0296875
0 0.5046875 0.53671875 0.0296875 0.028125
0 0.4828125 0.61875 0.0296875 0.028125
0 0.1015625 0.62265625 0.0234375 0.0234375
0 0.2296875 0.63046875 0.028125 0.028125
0 0.76640625 0.54921875 0.0359375 0.0328125
0 0.409375 0.52890625 0.028125 0.028125
0 0.43515625 0.59765625 0.028125 0.028125
0 0.54609375 0.565625 0.0296875 0.028125
0 0.42578125 0.57578125 0.028125 0.028125
0 0.30390625 0.5859375 0.028125 0.028125
0 0.28046875 0.64375 0.028125 0.028125
0 0.20234375 0.609375 0.0234375 0.025
0 0.32890625 0.6265625 0.028125 0.028125
0 0.35390625 0.62734375 0.028125 0.028125
0 0.2625 0.59921875 0.025 0.025
0 0.34140625 0.60625 0.028125 0.028125
0 0.503125 0.490625 0.0296875 0.0296875
0 0.37109375 0.55234375 0.028125 0.028125
0 0.1890625 0.63046875 0.025 0.0265625
0 0.2578125 0.6578125 0.028125 0.028125
0 0.3765625 0.60078125 0.03125 0.028125
0 0.453125 0.4890625 0.028125 0.028125
0 0.29765625 0.6296875 0.028125 0.028125
0 0.2515625 0.634375 0.0265625 0.0265625
0 0.1296875 0.6140625 0.0234375 0.025
0 0.47890625 0.534375 0.028125 0.028125
0 0.584375 0.6140625 0.028125 0.028125
0 0.17890625 0.66796875 0.025 0.0265625
0 0.334375 0.52109375 0.028125 0.028125
0 0.7171875 0.53515625 0.03125 0.03125
0 0.27890625 0.66796875 0.028125 0.028125
0 0.1875 0.58828125 0.0234375 0.025
0 0.3171875 0.56640625 0.0234375 0.0234375
0 0.440625 0.51015625 0.028125 0.028125
0 0.47890625 0.4890625 0.0296875 0.028125
0 0.5953125 0.4953125 0.0296875 0.03125
0 0.315625 0.52890625 0.0265625 0.0265625
0 0.34921875 0.56171875 0.028125 0.028125
0 0.1203125 0.63359375 0.0234375 0.0234375
0 0.2078125 0.63125 0.028125 0.028125
0 0.41640625 0.50546875 0.028125 0.028125
0 0.165625 0.596875 0.0234375 0.0234375
0 0.29375 0.60625 0.0234375 0.0234375
0 0.28203125 0.58515625 0.025 0.025
0 0.12578125 0.5921875 0.0234375 0.025
0 0.190625 0.6875 0.0265625 0.0265625
0 0.353125 0.53828125 0.025 0.0265625
0 0.1546875 0.65234375 0.0234375 0.0234375
0 0.2390625 0.6515625 0.0234375 0.025
0 0.11875 0.65625 0.0234375 0.025
0 0.15 0.58203125 0.0234375 0.025
0 0.17421875 0.64453125 0.0265625 0.0265625
0 0.4296875 0.53203125 0.0296875 0.028125
0 0.1984375 0.540625 0.0234375 0.025
0 0.2046875 0.575 0.0234375 0.025
0 0.14609375 0.671875 0.0234375 0.025
0 0.27734375 0.55 0.0234375 0.025
0 0.14609375 0.6046875 0.025 0.0234375
0 0.21796875 0.55703125 0.0234375 0.025
0 0.1890625 0.5609375 0.025 0.025
0 0.38125 0.51875 0.0296875 0.028125
0 0.2375 0.565625 0.0234375 0.025
0 0.21796875 0.653125 0.025 0.025
0 0.14765625 0.63203125 0.0234375 0.021875
0 0.16640625 0.6203125 0.0234375 0.0234375
0 0.25703125 0.553125 0.0234375 0.025
0 0.1359375 0.6484375 0.0234375 0.0234375
0 0.18203125 0.609375 0.0234375 0.0234375
0 0.3046875 0.54609375 0.025 0.025
0 0.1546875 0.56015625 0.0265625 0.0265625
0 0.2234375 0.60703125 0.0265625 0.0265625
0 0.35703125 0.58515625 0.0234375 0.025
0 0.19765625 0.6578125 0.0265625 0.0265625
0 0.22265625 0.58359375 0.025 0.0265625
0 0.24375 0.6125 0.025 0.0234375
0 0.2203125 0.678125 0.028125 0.028125
0 0.40703125 0.590625 0.0265625 0.0265625
0 0.17109375 0.57421875 0.025 0.0234375
0 0.29375 0.565625 0.0234375 0.0234375
0 0.45859375 0.603125 0.0296875 0.03125