0 0.70625 0.77734375 0.05234375 0.03671875
0 0.696875 0.67421875 0.05 0.0390625
0 0.66328125 0.6453125 0.05 0.03828125
0 0.58125 0.61953125 0.0453125 0.040625
0 0.675 0.590625 0.0484375 0.04296875
0 0.62578125 0.60078125 0.05078125 0.040625
0 0.53828125 0.78046875 0.04296875 0.03671875
0 0.50546875 0.80390625 0.0484375 0.03671875
0 0.47890625 0.77734375 0.046875 0.0359375
0 0.43359375 0.75703125 0.04609375 0.0390625
0 0.415625 0.903125 0.046875 0.03671875
0 0.38203125 0.87734375 0.0421875 0.034375
0 0.20078125 0.83515625 0.040625 0.03046875
0 0.24921875 0.7328125 0.04609375 0.03515625
0 0.171875 0.79375 0.0390625 0.0328125
0 0.16875 0.75625 0.0359375 0.0328125
0 0.14453125 0.775 0.03828125 0.03046875
0 0.121875 0.74609375 0.0421875 0.03125
0 0.096875 0.68671875 0.03828125 0.0328125
0 0.2296875 0.6265625 0.0453125 0.03359375
0 0.12109375 0.62421875 0.0390625 0.03359375
0 0.20390625 0.5859375 0.0390625 0.03515625
0 0.065625 0.58828125 0.03828125 0.034375
0 0.0671875 0.52734375 0.0359375 0.034375
0 0.4328125 0.61328125 0.04609375 0.034375
0 0.41015625 0.5828125 0.04296875 0.03359375
0 0.375 0.540625 0.0421875 0.03671875
0 0.30234375 0.525 0.0421875 0.03359375
0 0.2453125 0.5390625 0.0375 0.0375
0 0.27421875 0.503125 0.04296875 0.03125
0 0.23828125 0.50390625 0.0390625 0.03125
0 0.209375 0.48671875 0.040625 0.0328125
0 0.178125 0.49765625 0.03984375 0.0328125
0 0.14296875 0.50078125 0.0359375 0.0328125
0 0.1671875 0.4625 0.02734375 0.03203125
0 0.1453125 0.4671875 0.03203125 0.03046875
0 0.146875 0.43671875 0.03828125 0.028125
0 0.1078125 0.44375 0.03671875 0.0296875
0 0.0828125 0.4625 0.03359375 0.0296875
0 0.0828125 0.42265625 0.0328125 0.0296875
0 0.1109375 0.47421875 0.03046875 0.034375
0 0.0546875 0.425 0.03203125 0.03046875
0 0.11875 0.415625 0.03359375 0.02890625
0 0.09765625 0.39609375 0.0359375 0.028125
0 0.0921875 0.3671875 0.0390625 0.02890625
0 0.1171875 0.28671875 0.04140625 0.0328125
0 0.23046875 0.46328125 0.040625 0.0296875
0 0.19375 0.459375 0.0375 0.03046875
0 0.25234375 0.4203125 0.0375 0.03046875
0 0.221875 0.43359375 0.04140625 0.03046875
0 0.3328125 0.45859375 0.046875 0.040625
0 0.2796875 0.440625 0.0375 0.03046875
0 0.2890625 0.41171875 0.04140625 0.03203125
0 0.278125 0.38125 0.040625 0.028125
0 0.23828125 0.35703125 0.03828125 0.0265625
0 0.225 0.36953125 0.03671875 0.0203125
0 0.22109375 0.39140625 0.03984375 0.03203125
0 0.19296875 0.3703125 0.0328125 0.02734375
0 0.209375 0.3421875 0.0421875 0.03203125
0 0.271875 0.3515625 0.0390625 0.03203125
0 0.31875 0.390625 0.03828125 0.03046875
0 0.35390625 0.4171875 0.04296875 0.03828125
0 0.31796875 0.35859375 0.0421875 0.0328125
0 0.38984375 0.3875 0.0453125 0.0375
0 0.35078125 0.37578125 0.0390625 0.03359375
0 0.39765625 0.41875 0.04609375 0.03671875
0 0.490625 0.50546875 0.0484375 0.0375
0 0.49453125 0.4703125 0.04921875 0.0375
0 0.44453125 0.46796875 0.04609375 0.0359375
0 0.70234375 0.50859375 0.05390625 0.0390625
0 0.65390625 0.45546875 0.0515625 0.0421875
0 0.6265625 0.41015625 0.04609375 0.04453125
0 0.70625 0.43828125 0.0484375 0.0390625
0 0.66953125 0.41796875 0.04453125 0.0359375
0 0.72265625 0.38828125 0.05 0.040625
0 0.75546875 0.3328125 0.05234375 0.0421875
0 0.70703125 0.32890625 0.05234375 0.03984375
0 0.7078125 0.290625 0.05234375 0.03984375
0 0.6109375 0.31015625 0.0515625 0.03984375
0 0.615625 0.271875 0.04921875 0.03828125
0 0.72421875 0.25625 0.0546875 0.0375
0 0.7953125 0.23203125 0.059375 0.04453125
0 0.75859375 0.1859375 0.05546875 0.0421875
0 0.71796875 0.21875 0.04765625 0.0375
0 0.6765625 0.20703125 0.04765625 0.0390625
0 0.6484375 0.18125 0.04921875 0.03828125
0 0.63515625 0.1453125 0.04921875 0.03671875
0 0.59765625 0.21875 0.05 0.0390625
0 0.51015625 0.21953125 0.0484375 0.0390625
0 0.5328125 0.15859375 0.05078125 0.03515625
0 0.53984375 0.19375 0.0484375 0.03828125
0 0.51328125 0.1125 0.04609375 0.03984375
0 0.478125 0.0875 0.046875 0.03671875
0 0.4421875 0.07109375 0.0453125 0.03671875
0 0.40546875 0.1359375 0.04453125 0.0328125
0 0.365625 0.1515625 0.046875 0.0359375
0 0.39140625 0.084375 0.04375 0.0390625
0 0.46953125 0.0421875 0.04921875 0.0375
0 0.39921875 0.0515625 0.0453125 0.03984375