0 0.0875 0.3609375 0.040625 0.0390625
0 0.12109375 0.3703125 0.040625 0.0390625
0 0.19453125 0.36171875 0.04375 0.0390625
0 0.271875 0.3796875 0.040625 0.0390625
0 0.1953125 0.646875 0.040625 0.0390625
0 0.31484375 0.4359375 0.0375 0.034375
0 0.31015625 0.62265625 0.0375 0.0359375
0 0.259375 0.6984375 0.0375 0.0328125
0 0.24921875 0.7359375 0.0375 0.0359375
0 0.2796875 0.715625 0.034375 0.034375
0 0.290625 0.684375 0.0375 0.0359375
0 0.32109375 0.67265625 0.0375 0.0359375
0 0.3078125 0.70703125 0.0359375 0.034375
0 0.28125 0.7484375 0.0375 0.0359375
0 0.3359375 0.4640625 0.034375 0.0375
0 0.35234375 0.44140625 0.034375 0.034375
0 0.3609375 0.415625 0.0359375 0.03125
0 0.36875 0.50390625 0.0375 0.034375
0 0.37265625 0.47578125 0.0375 0.034375
0 0.3734375 0.534375 0.034375 0.03125
0 0.4046875 0.4765625 0.034375 0.0359375
0 0.40546875 0.44609375 0.034375 0.034375
0 0.42890625 0.41953125 0.0359375 0.034375
0 0.4578125 0.42421875 0.0328125 0.034375
0 0.45703125 0.3890625 0.034375 0.0359375
0 0.4921875 0.4265625 0.0296875 0.0296875
0 0.48671875 0.453125 0.0296875 0.0296875
0 0.475 0.50078125 0.0296875 0.03125
0 0.4859375 0.478125 0.03125 0.03125
0 0.47890625 0.52578125 0.0296875 0.0296875
0 0.503125 0.51953125 0.028125 0.0296875
0 0.50546875 0.4921875 0.0265625 0.0296875
0 0.5046875 0.5515625 0.0296875 0.0296875
0 0.521875 0.53125 0.0265625 0.0265625
0 0.534375 0.50625 0.0265625 0.0265625
0 0.51640625 0.44296875 0.0265625 0.0296875
0 0.5328125 0.46015625 0.028125 0.0265625
0 0.55 0.475 0.0265625 0.0296875
0 0.5703125 0.48828125 0.0265625 0.0265625
0 0.5671875 0.4453125 0.0296875 0.0296875
0 0.58359375 0.459375 0.0265625 0.0265625
0 0.5921875 0.4796875 0.025 0.0265625
0 0.61015625 0.4671875 0.0265625 0.0265625
0 0.59140625 0.50234375 0.0265625 0.0296875
0 0.59140625 0.5296875 0.0265625 0.028125
0 0.56640625 0.51171875 0.025 0.0296875
0 0.55 0.53046875 0.0265625 0.0296875
0 0.61875 0.42265625 0.028125 0.03125
0 0.6421875 0.425 0.0265625 0.0296875
0 0.6390625 0.4484375 0.0296875 0.0265625
0 0.6703125 0.4234375 0.028125 0.0296875
0 0.69921875 0.4453125 0.0296875 0.028125
0 0.66875 0.48515625 0.0265625 0.028125
0 0.65 0.49609375 0.0234375 0.025
0 0.6296875 0.503125 0.025 0.0296875
0 0.6125 0.4921875 0.0265625 0.028125
0 0.63828125 0.534375 0.028125 0.03125
0 0.68359375 0.5 0.025 0.028125
0 0.71015625 0.46484375 0.0265625 0.0265625
0 0.73515625 0.41328125 0.025 0.0265625
0 0.7328125 0.43828125 0.025 0.025
0 0.72734375 0.46015625 0.0265625 0.0265625
0 0.7140625 0.48046875 0.0265625 0.025
0 0.703125 0.5 0.0234375 0.025
0 0.71953125 0.5078125 0.025 0.0265625
0 0.7375 0.5046875 0.0234375 0.025
0 0.7171875 0.53046875 0.0265625 0.0265625
0 0.7453125 0.5296875 0.025 0.0265625
0 0.73125 0.54765625 0.0265625 0.028125
0 0.74609375 0.56171875 0.0265625 0.0265625
0 0.7203125 0.57578125 0.0265625 0.0265625
0 0.740625 0.584375 0.025 0.0265625
0 0.7046875 0.5921875 0.0296875 0.0265625
0 0.72109375 0.6171875 0.0265625 0.028125
0 0.6984375 0.61640625 0.0265625 0.028125
0 0.709375 0.6359375 0.0265625 0.0265625
0 0.71796875 0.66796875 0.028125 0.0296875
0 0.7125 0.696875 0.0265625 0.0265625
0 0.6734375 0.7078125 0.0296875 0.0296875
0 0.6953125 0.72265625 0.025 0.028125
0 0.7328125 0.73125 0.0265625 0.0265625
0 0.32734375 0.78359375 0.0359375 0.0359375
0 0.34609375 0.82109375 0.03125 0.0328125
0 0.37109375 0.81796875 0.028125 0.0296875
0 0.38515625 0.79453125 0.034375 0.0328125
0 0.42578125 0.6265625 0.0328125 0.03125
0 0.4421875 0.65 0.0328125 0.03125
0 0.45859375 0.678125 0.0296875 0.028125
0 0.53125 0.70078125 0.03125 0.03125
0 0.5703125 0.69296875 0.0296875 0.0296875
0 0.5640625 0.7296875 0.0265625 0.0296875
0 0.590625 0.69765625 0.0265625 0.0296875
0 0.57265625 0.753125 0.0296875 0.0296875
0 0.5328125 0.61796875 0.0296875 0.0296875
0 0.5546875 0.59765625 0.0296875 0.0296875
0 0.5765625 0.60546875 0.0265625 0.0296875
0 0.590625 0.6265625 0.0265625 0.0265625
0 0.609375 0.6125 0.0265625 0.0296875
0 0.61875 0.5875 0.0265625 0.028125
0 0.621875 0.63515625 0.0265625 0.0296875
0 0.7140625 0.79765625 0.0265625 0.0265625
0 0.7390625 0.81640625 0.0265625 0.028125
0 0.76328125 0.77421875 0.0265625 0.0265625
0 0.78203125 0.6828125 0.0265625 0.0265625
0 0.80234375 0.66796875 0.025 0.0265625
0 0.796875 0.63984375 0.0234375 0.025
0 0.79453125 0.61171875 0.0265625 0.0265625
0 0.79921875 0.6890625 0.0265625 0.0265625
0 0.80703125 0.71328125 0.028125 0.03125
0 0.81171875 0.74375 0.0265625 0.0265625
0 0.83125 0.7078125 0.0234375 0.025
0 0.83828125 0.7234375 0.0265625 0.025
0 0.85078125 0.73359375 0.0234375 0.0265625
0 0.87109375 0.7390625 0.0265625 0.0328125
0 0.853125 0.80859375 0.028125 0.0296875
0 0.821875 0.63671875 0.0265625 0.0265625
0 0.83359375 0.6171875 0.0265625 0.0265625
0 0.86328125 0.59921875 0.0265625 0.0265625
0 0.8578125 0.6203125 0.0265625 0.0265625
0 0.865625 0.634375 0.0265625 0.0265625
0 0.878125 0.64921875 0.0234375 0.025
0 0.89375 0.63359375 0.0234375 0.025
0 0.88359375 0.61640625 0.025 0.0234375
0 0.80078125 0.54375 0.0234375 0.025
0 0.8265625 0.53984375 0.0265625 0.0265625
0 0.81328125 0.446875 0.028125 0.0296875
0 0.8140625 0.421875 0.025 0.0296875
0 0.784375 0.3765625 0.0265625 0.0296875
0 0.80625 0.38515625 0.0265625 0.0296875
0 0.85234375 0.43984375 0.028125 0.0265625
0 0.86484375 0.45625 0.0234375 0.025
0 0.87734375 0.46875 0.0265625 0.0265625
0 0.8921875 0.43203125 0.0234375 0.0234375
0 0.9109375 0.41953125 0.0265625 0.0265625
0 0.93984375 0.43984375 0.0234375 0.025
0 0.96171875 0.4359375 0.0234375 0.025
0 0.95859375 0.3890625 0.025 0.0265625
0 0.9578125 0.45546875 0.025 0.025
0 0.95 0.47734375 0.0234375 0.025
0 0.946875 0.5125 0.0234375 0.0234375
0 0.94609375 0.49609375 0.021875 0.0203125
0 0.99375 0.46640625 0.0125 0.0328125
0 0.884375 0.54453125 0.0265625 0.028125
0 0.9078125 0.53984375 0.0265625 0.0296875