0 0.54765625 0.27734375 0.0328125 0.03125
0 0.56484375 0.25078125 0.0296875 0.0296875
0 0.53671875 0.23984375 0.0265625 0.028125
0 0.48828125 0.24296875 0.0296875 0.0296875
0 0.471875 0.215625 0.0296875 0.0296875
0 0.45 0.309375 0.0265625 0.0265625
0 0.4265625 0.30078125 0.0296875 0.0296875
0 0.3984375 0.2703125 0.03125 0.0296875
0 0.41328125 0.33984375 0.0265625 0.0296875
0 0.4109375 0.315625 0.0296875 0.025
0 0.40234375 0.35859375 0.028125 0.0328125
0 0.38125 0.35703125 0.0265625 0.0296875
0 0.35546875 0.3640625 0.0296875 0.028125
0 0.43984375 0.39140625 0.0265625 0.028125
0 0.4203125 0.39765625 0.0203125 0.021875
0 0.40078125 0.3953125 0.028125 0.028125
0 0.375 0.38671875 0.0265625 0.0296875
0 0.33828125 0.378125 0.0296875 0.0296875
0 0.51171875 0.5578125 0.0265625 0.0296875
0 0.48671875 0.56171875 0.0265625 0.0265625
0 0.48671875 0.5390625 0.0296875 0.0265625
0 0.4609375 0.56328125 0.0265625 0.0265625
0 0.41171875 0.55 0.028125 0.025
0 0.44140625 0.5171875 0.025 0.0234375
0 0.4265625 0.56953125 0.028125 0.0265625
0 0.43984375 0.5421875 0.0265625 0.028125
0 0.4171875 0.52734375 0.0296875 0.0265625
0 0.43046875 0.41796875 0.028125 0.0296875
0 0.45234375 0.41796875 0.0265625 0.0265625
0 0.4734375 0.434375 0.0265625 0.0296875
0 0.5046875 0.4515625 0.0265625 0.0265625
0 0.49921875 0.42421875 0.0296875 0.0265625
0 0.5 0.37421875 0.025 0.0234375
0 0.51796875 0.3828125 0.0265625 0.0265625
0 0.50234375 0.3953125 0.0296875 0.028125
0 0.53359375 0.39921875 0.0296875 0.0265625
0 0.5515625 0.38515625 0.028125 0.0265625
0 0.5609375 0.47578125 0.028125 0.0296875
0 0.54765625 0.44296875 0.0296875 0.0296875
0 0.5890625 0.42578125 0.028125 0.028125
0 0.6171875 0.45078125 0.0296875 0.0265625
0 0.62734375 0.4703125 0.0265625 0.0265625
0 0.66171875 0.41953125 0.0234375 0.01875
0 0.63984375 0.4046875 0.0296875 0.028125
0 0.6546875 0.43515625 0.0265625 0.0265625
0 0.6640625 0.4015625 0.0265625 0.0265625
0 0.8046875 0.4015625 0.028125 0.0296875
0 0.815625 0.43671875 0.0265625 0.028125
0 0.79765625 0.4546875 0.0265625 0.0265625
0 0.78671875 0.434375 0.0296875 0.0265625
0 0.88515625 0.725 0.0265625 0.028125
0 0.86484375 0.7234375 0.025 0.0265625
0 0.8546875 0.70390625 0.0265625 0.0265625
0 0.87265625 0.690625 0.025 0.025
0 0.8609375 0.6375 0.0234375 0.0265625
0 0.875 0.61875 0.025 0.0296875
0 0.84453125 0.5859375 0.0265625 0.0265625
0 0.803125 0.53515625 0.0296875 0.0296875
0 0.77265625 0.49765625 0.028125 0.0296875
0 0.74609375 0.5125 0.0234375 0.025
0 0.68046875 0.5375 0.028125 0.0296875
0 0.7109375 0.5390625 0.028125 0.025
0 0.7640625 0.546875 0.0265625 0.0265625
0 0.75703125 0.6046875 0.0265625 0.0265625
0 0.7546875 0.5828125 0.0265625 0.0234375
0 0.7359375 0.6046875 0.021875 0.021875
0 0.72265625 0.5875 0.0265625 0.0296875
0 0.75546875 0.646875 0.025 0.0265625
0 0.74140625 0.63125 0.01875 0.021875
0 0.72578125 0.6359375 0.0234375 0.025
0 0.70859375 0.63359375 0.0171875 0.0234375
0 0.68671875 0.64296875 0.0296875 0.0265625
0 0.6484375 0.7140625 0.0296875 0.0265625
0 0.6421875 0.67890625 0.0296875 0.028125
0 0.63515625 0.6375 0.0265625 0.0265625
0 0.61796875 0.6671875 0.025 0.0234375
0 0.5984375 0.6453125 0.0265625 0.0296875
0 0.6 0.6890625 0.0265625 0.025
0 0.5953125 0.66640625 0.0265625 0.0265625
0 0.6203125 0.71328125 0.0265625 0.0296875
0 0.596875 0.71328125 0.0265625 0.0265625
0 0.578125 0.69609375 0.025 0.0234375
0 0.57421875 0.67265625 0.025 0.0265625
0 0.57265625 0.715625 0.0265625 0.0265625
0 0.55390625 0.703125 0.025 0.0265625
0 0.53125 0.70625 0.025 0.0265625
0 0.55 0.66875 0.0296875 0.028125
0 0.56484375 0.653125 0.025 0.0234375
0 0.56328125 0.62734375 0.0296875 0.0265625
0 0.540625 0.6234375 0.0265625 0.028125
0 0.53984375 0.80546875 0.0265625 0.0265625
0 0.5390625 0.76015625 0.0265625 0.028125
0 0.521875 0.7453125 0.0265625 0.025
0 0.49921875 0.746875 0.025 0.025
0 0.5046875 0.725 0.028125 0.025
0 0.48046875 0.73671875 0.0234375 0.0234375
0 0.490625 0.76796875 0.025 0.0265625
0 0.46640625 0.7703125 0.0234375 0.0234375
0 0.46875 0.7546875 0.025 0.0140625
0 0.45078125 0.784375 0.025 0.0234375
0 0.44296875 0.7640625 0.0234375 0.0234375
0 0.459375 0.7421875 0.0234375 0.0234375
0 0.44140625 0.73046875 0.025 0.0234375
0 0.4484375 0.71796875 0.021875 0.01875
0 0.41953125 0.76953125 0.0265625 0.028125
0 0.42734375 0.746875 0.0265625 0.025
0 0.46796875 0.68125 0.0265625 0.028125
0 0.45546875 0.65546875 0.0265625 0.0265625
0 0.43359375 0.64609375 0.028125 0.0234375
0 0.4125 0.63984375 0.0265625 0.0265625
0 0.39375 0.628125 0.0265625 0.0265625
0 0.39765625 0.7171875 0.028125 0.0234375
0 0.4046875 0.68984375 0.0265625 0.0296875
0 0.38046875 0.684375 0.0265625 0.0265625
0 0.36328125 0.66796875 0.0234375 0.025
0 0.37890625 0.66328125 0.015625 0.01875
0 0.34921875 0.6578125 0.0234375 0.025
0 0.328125 0.6625 0.0265625 0.0265625
0 0.30625 0.66640625 0.028125 0.0265625
0 0.3234375 0.61953125 0.028125 0.0296875
0 0.359375 0.534375 0.0265625 0.0265625
0 0.36015625 0.5125 0.0265625 0.025
0 0.378125 0.5015625 0.028125 0.025
0 0.34140625 0.50234375 0.0296875 0.025
0 0.34296875 0.4796875 0.0296875 0.028125
0 0.3078125 0.5140625 0.028125 0.0265625
0 0.30859375 0.4921875 0.0296875 0.028125
0 0.30546875 0.46875 0.028125 0.025
0 0.2734375 0.475 0.0296875 0.025
0 0.265625 0.440625 0.03125 0.028125
0 0.22734375 0.43515625 0.0265625 0.0265625
0 0.2953125 0.3375 0.0265625 0.028125
0 0.26484375 0.21875 0.028125 0.028125
0 0.24296875 0.2453125 0.03125 0.025
0 0.278125 0.240625 0.028125 0.0265625
0 0.2359375 0.26328125 0.0296875 0.0265625
0 0.215625 0.33125 0.025 0.028125
0 0.171875 0.41171875 0.0296875 0.028125
0 0.24765625 0.62734375 0.0296875 0.0296875
0 0.2234375 0.63828125 0.0296875 0.0296875
0 0.20078125 0.61875 0.028125 0.0265625
0 0.1578125 0.66015625 0.0296875 0.0265625
0 0.1625 0.6859375 0.0296875 0.0265625
0 0.140625 0.65546875 0.01875 0.0265625