0 0.38359375 0.5046875 0.0375 0.03125
0 0.3109375 0.5390625 0.0390625 0.0328125
0 0.30078125 0.49375 0.040625 0.0359375
0 0.2640625 0.58515625 0.0453125 0.034375
0 0.24140625 0.6078125 0.04375 0.0375
0 0.30625 0.56796875 0.0421875 0.0359375
0 0.3484375 0.528125 0.04375 0.0375
0 0.3421875 0.56875 0.0390625 0.034375
0 0.3890625 0.53125 0.0453125 0.0328125
0 0.38046875 0.56484375 0.040625 0.0359375
0 0.43203125 0.53125 0.04375 0.0390625
0 0.40078125 0.5890625 0.040625 0.0359375
0 0.33671875 0.609375 0.0453125 0.0359375
0 0.24609375 0.64453125 0.040625 0.0359375
0 0.29609375 0.65859375 0.0390625 0.034375
0 0.26640625 0.67890625 0.040625 0.0328125
0 0.2625 0.71875 0.0421875 0.0359375
0 0.3484375 0.66796875 0.0421875 0.0359375
0 0.353125 0.69609375 0.0390625 0.034375
0 0.30703125 0.7078125 0.0421875 0.0375
0 0.38125 0.71875 0.0390625 0.034375
0 0.4109375 0.7015625 0.0390625 0.0328125
0 0.3890625 0.675 0.0390625 0.034375
0 0.4515625 0.69296875 0.0359375 0.03125
0 0.4234375 0.67421875 0.0375 0.03125
0 0.484375 0.65078125 0.0390625 0.03125
0 0.4546875 0.65859375 0.0390625 0.0328125
0 0.50234375 0.6296875 0.0390625 0.0328125
0 0.53046875 0.64765625 0.0390625 0.0328125
0 0.5171875 0.67109375 0.0421875 0.0328125
0 0.48515625 0.678125 0.040625 0.034375
0 0.48359375 0.715625 0.040625 0.0359375
0 0.54140625 0.7 0.0421875 0.0359375
0 0.56171875 0.678125 0.0421875 0.03125
0 0.56796875 0.65078125 0.040625 0.034375
0 0.5796875 0.6265625 0.0390625 0.0328125
0 0.54609375 0.62578125 0.0359375 0.03125
0 0.50234375 0.58125 0.0390625 0.034375
0 0.5640625 0.6015625 0.0390625 0.034375
0 0.53671875 0.57890625 0.0390625 0.034375
0 0.5234375 0.60546875 0.0328125 0.03125
0 0.4875 0.6046875 0.0359375 0.0296875
0 0.46171875 0.5859375 0.0390625 0.034375
0 0.4828125 0.559375 0.0390625 0.034375
0 0.5703125 0.575 0.0359375 0.03125
0 0.609375 0.6140625 0.040625 0.0359375
0 0.60234375 0.58828125 0.0421875 0.0328125
0 0.60546875 0.5515625 0.0390625 0.034375
0 0.6421875 0.6046875 0.040625 0.0328125
0 0.634375 0.575 0.040625 0.0328125
0 0.653125 0.55 0.0390625 0.034375
0 0.72109375 0.659375 0.046875 0.0375
0 0.75 0.6203125 0.0421875 0.0359375
0 0.68984375 0.53984375 0.04375 0.0390625
0 0.62265625 0.503125 0.0421875 0.0328125
0 0.615625 0.46953125 0.0421875 0.0359375
0 0.59296875 0.521875 0.0421875 0.0328125
0 0.56953125 0.546875 0.0421875 0.0359375
0 0.5265625 0.546875 0.0421875 0.0359375
0 0.46875 0.52578125 0.04375 0.0359375
0 0.425 0.503125 0.0390625 0.034375
0 0.378125 0.475 0.0453125 0.0359375
0 0.44296875 0.453125 0.0453125 0.0375
0 0.40625 0.44453125 0.040625 0.0359375
0 0.48671875 0.45 0.040625 0.0328125
0 0.4515625 0.425 0.0421875 0.0359375
0 0.53359375 0.4609375 0.0421875 0.0359375
0 0.51015625 0.42421875 0.0421875 0.034375
0 0.4796875 0.4109375 0.040625 0.0359375
0 0.4453125 0.3921875 0.04375 0.0375
0 0.4921875 0.3828125 0.0421875 0.0390625
0 0.571875 0.425 0.0421875 0.0359375
0 0.53515625 0.40703125 0.0421875 0.0359375
0 0.65078125 0.43828125 0.0421875 0.0359375
0 0.60625 0.43046875 0.0453125 0.0359375
0 0.678125 0.46640625 0.04375 0.0359375
0 0.68359375 0.41875 0.046875 0.0390625
0 0.64453125 0.4015625 0.0453125 0.0359375
0 0.5875 0.4015625 0.0421875 0.0359375
0 0.53203125 0.37734375 0.040625 0.0359375
0 0.921875 0.59765625 0.046875 0.0375
0 0.8890625 0.5515625 0.0453125 0.0359375
0 0.88828125 0.51640625 0.0453125 0.0359375
0 0.4984375 0.30078125 0.04375 0.040625
0 0.43359375 0.3234375 0.0515625 0.040625
0 0.39296875 0.21875 0.05 0.04375
0 0.54140625 0.31328125 0.0390625 0.0375
0 0.68515625 0.37890625 0.04375 0.0390625
0 0.63203125 0.35 0.046875 0.0390625
0 0.76328125 0.38359375 0.0421875 0.0421875
0 0.7265625 0.371875 0.046875 0.0390625
0 0.759375 0.42109375 0.046875 0.0421875
0 0.7890625 0.35625 0.04375 0.0375
0 0.8703125 0.425 0.0484375 0.04375
0 0.834375 0.38515625 0.0453125 0.040625
0 0.7984375 0.32421875 0.046875 0.040625
0 0.73125 0.33359375 0.0484375 0.040625
0 0.80078125 0.2796875 0.046875 0.0421875
0 0.7640625 0.2421875 0.053125 0.0421875