0 0.72734375 0.35625 0.0625 0.059375
0 0.73125 0.4453125 0.05625 0.059375
0 0.59140625 0.45390625 0.0515625 0.0484375
0 0.55 0.428125 0.0515625 0.0546875
0 0.5015625 0.4375 0.053125 0.0546875
0 0.45234375 0.36875 0.05625 0.05625
0 0.421875 0.32734375 0.05 0.0515625
0 0.4140625 0.38046875 0.0484375 0.0515625
0 0.42109375 0.42109375 0.053125 0.0546875
0 0.3859375 0.44609375 0.046875 0.053125
0 0.3828125 0.50234375 0.0515625 0.0484375
0 0.61875 0.51484375 0.0546875 0.0578125
0 0.421875 0.4671875 0.053125 0.0546875
0 0.5765625 0.53125 0.0484375 0.053125
0 0.528125 0.546875 0.0515625 0.053125
0 0.453125 0.575 0.053125 0.05625
0 0.41015625 0.57890625 0.053125 0.0578125
0 0.375 0.60859375 0.0515625 0.0484375
0 0.3015625 0.6234375 0.053125 0.0546875
0 0.40859375 0.63671875 0.0546875 0.053125