0 0.5296875 0.625 0.025 0.0265625
0 0.77890625 0.43046875 0.0296875 0.03125
0 0.77734375 0.5203125 0.0265625 0.02734375
0 0.7671875 0.5515625 0.02578125 0.02578125
0 0.759375 0.64921875 0.02421875 0.025
0 0.3046875 0.45234375 0.0296875 0.03203125
0 0.5296875 0.4 0.0265625 0.028125
0 0.58125 0.521875 0.02578125 0.0265625
0 0.45546875 0.6609375 0.02421875 0.0265625
0 0.16328125 0.5703125 0.03046875 0.02890625
0 0.559375 0.6984375 0.02421875 0.025
0 0.653125 0.5984375 0.025 0.025
0 0.71796875 0.54375 0.025 0.02578125
0 0.74140625 0.690625 0.02421875 0.02421875
0 0.62578125 0.740625 0.0234375 0.0265625
0 0.08515625 0.51484375 0.034375 0.03046875
0 0.7015625 0.3953125 0.028125 0.028125
0 0.68828125 0.6109375 0.02421875 0.02578125
0 0.40546875 0.834375 0.02578125 0.025
0 0.31796875 0.36796875 0.0296875 0.0296875
0 0.346875 0.35078125 0.02890625 0.0296875
0 0.615625 0.646875 0.02421875 0.025
0 0.42421875 0.6265625 0.02578125 0.03046875
0 0.56875 0.64609375 0.025 0.025
0 0.6140625 0.29375 0.02734375 0.03125
0 0.66796875 0.503125 0.025 0.02578125
0 0.54609375 0.36015625 0.02734375 0.02890625
0 0.55546875 0.2765625 0.02890625 0.0296875
0 0.54609375 0.48515625 0.02578125 0.0265625
0 0.521875 0.478125 0.02578125 0.028125
0 0.63515625 0.48828125 0.02578125 0.02734375
0 0.60234375 0.62265625 0.025 0.02578125
0 0.3453125 0.4828125 0.02890625 0.02890625
0 0.4171875 0.490625 0.02734375 0.028125
0 0.440625 0.43984375 0.02578125 0.028125
0 0.41875 0.878125 0.025 0.0265625
0 0.53671875 0.5578125 0.02578125 0.02578125
0 0.4078125 0.59140625 0.0265625 0.028125
0 0.52734375 0.5171875 0.0265625 0.02734375
0 0.6859375 0.3671875 0.0265625 0.028125
0 0.71953125 0.5734375 0.02578125 0.02578125
0 0.425 0.315625 0.02890625 0.0296875
0 0.55625 0.5890625 0.0265625 0.0265625
0 0.5203125 0.27421875 0.028125 0.03125
0 0.35703125 0.44765625 0.028125 0.02890625
0 0.646875 0.303125 0.02734375 0.02890625
0 0.35 0.50859375 0.028125 0.02890625
0 0.3578125 0.42109375 0.02890625 0.02890625
0 0.40625 0.34921875 0.028125 0.0296875
0 0.62578125 0.44921875 0.02578125 0.02734375
0 0.63046875 0.40390625 0.0265625 0.02890625
0 0.5046875 0.52421875 0.02734375 0.02890625
0 0.37109375 0.54609375 0.02734375 0.028125
0 0.35234375 0.3890625 0.02890625 0.03046875
0 0.5078125 0.5765625 0.02578125 0.02734375
0 0.66484375 0.38515625 0.0265625 0.028125
0 0.66015625 0.3265625 0.0265625 0.02890625
0 0.50859375 0.6109375 0.02734375 0.02890625
0 0.7125 0.5875 0.025 0.02265625
0 0.63828125 0.3734375 0.02734375 0.02890625
0 0.415625 0.45 0.02734375 0.02890625
0 0.49140625 0.28046875 0.028125 0.03125
0 0.665625 0.4765625 0.02578125 0.0265625
0 0.4015625 0.521875 0.02734375 0.0296875
0 0.375 0.5203125 0.02734375 0.02734375
0 0.665625 0.440625 0.0265625 0.02890625
0 0.3984375 0.47265625 0.02734375 0.0296875
0 0.62421875 0.3203125 0.0265625 0.02890625
0 0.54140625 0.328125 0.02734375 0.02890625
0 0.50859375 0.55078125 0.0265625 0.0265625
0 0.55625 0.30390625 0.028125 0.02890625
0 0.5765625 0.61796875 0.02578125 0.02734375
0 0.39375 0.56171875 0.0265625 0.02890625
0 0.42265625 0.53984375 0.02734375 0.028125
0 0.39765625 0.42890625 0.028125 0.0296875
0 0.3828125 0.371875 0.03125 0.03125
0 0.4640625 0.371875 0.0296875 0.0296875
0 0.6453125 0.421875 0.02578125 0.02734375
0 0.66015625 0.35625 0.0265625 0.02890625
0 0.5203125 0.346875 0.02734375 0.03125
0 0.528125 0.3015625 0.0265625 0.028125
0 0.49296875 0.3421875 0.02734375 0.02890625
0 0.37109375 0.4765625 0.0265625 0.0296875
0 0.4203125 0.5640625 0.02734375 0.02734375
0 0.43828125 0.340625 0.028125 0.0296875
0 0.534375 0.60234375 0.02578125 0.02734375
0 0.63671875 0.34296875 0.0265625 0.02890625
0 0.646875 0.46328125 0.02578125 0.0265625
0 0.440625 0.39375 0.02734375 0.028125
0 0.484375 0.309375 0.02734375 0.0296875
0 0.50859375 0.32109375 0.028125 0.0296875
0 0.41953125 0.41171875 0.02734375 0.02890625
0 0.66953125 0.41328125 0.0265625 0.028125
0 0.390625 0.39921875 0.02890625 0.02890625
0 0.46484375 0.34375 0.028125 0.0296875
0 0.4359375 0.365625 0.028125 0.0296875
0 0.54609375 0.62421875 0.02421875 0.02734375
0 0.415625 0.3859375 0.02734375 0.028125
0 0.45859375 0.31640625 0.02890625 0.03125