0 0.65859375 0.33828125 0.03125 0.0328125
0 0.72265625 0.2171875 0.03125 0.0328125
0 0.75390625 0.34375 0.028125 0.0328125
0 0.684375 0.3234375 0.03125 0.0328125
0 0.6296875 0.35 0.03125 0.0328125
0 0.68203125 0.25390625 0.03125 0.0328125
0 0.60546875 0.359375 0.03125 0.0328125
0 0.70625 0.30078125 0.03125 0.0328125
0 0.75859375 0.3125 0.03125 0.0328125
0 0.7515625 0.19375 0.03125 0.0328125
0 0.76015625 0.284375 0.028125 0.03125
0 0.74921875 0.2359375 0.028125 0.0328125
0 0.6578125 0.30625 0.03125 0.0328125
0 0.70703125 0.24140625 0.03125 0.0328125
0 0.61171875 0.271875 0.0328125 0.0359375
0 0.78203125 0.1828125 0.0296875 0.0328125
0 0.809375 0.28671875 0.028125 0.0328125
0 0.55078125 0.3796875 0.034375 0.0359375
0 0.63515625 0.28828125 0.03125 0.0328125
0 0.6328125 0.31875 0.0328125 0.034375
0 0.69375 0.2125 0.03125 0.0328125
0 0.725 0.1859375 0.03125 0.0328125
0 0.59140625 0.30078125 0.034375 0.0359375
0 0.7140625 0.27265625 0.03125 0.0328125
0 0.65859375 0.2765625 0.0296875 0.0328125
0 0.634375 0.228125 0.0328125 0.0359375
0 0.5421875 0.31640625 0.034375 0.0359375
0 0.66328125 0.4234375 0.03125 0.034375
0 0.834375 0.2421875 0.028125 0.0328125
0 0.75390625 0.3734375 0.028125 0.0328125
0 0.84765625 0.26875 0.028125 0.0328125
0 0.78046875 0.303125 0.028125 0.03125
0 0.78125 0.3359375 0.028125 0.0328125
0 0.63515625 0.38203125 0.03125 0.0328125
0 0.6078125 0.390625 0.03125 0.0328125
0 0.659375 0.23984375 0.03125 0.034375
0 0.82109375 0.346875 0.028125 0.03125
0 0.74140625 0.265625 0.03125 0.0328125
0 0.78359375 0.23125 0.028125 0.0328125
0 0.81171875 0.25546875 0.028125 0.03125
0 0.6609375 0.2109375 0.03125 0.0328125
0 0.696875 0.1828125 0.03125 0.0328125
0 0.5265625 0.3484375 0.034375 0.0359375
0 0.8015625 0.31328125 0.028125 0.03125
0 0.5765625 0.4140625 0.034375 0.0375
0 0.8375 0.36484375 0.028125 0.0296875
0 0.78046875 0.409375 0.03125 0.03125
0 0.58125 0.3796875 0.034375 0.0359375
0 0.84140625 0.32890625 0.028125 0.03125
0 0.7421875 0.14921875 0.03125 0.0328125
0 0.76875 0.2578125 0.028125 0.03125
0 0.7125 0.14921875 0.03125 0.0328125
0 0.7265625 0.38515625 0.03125 0.0328125
0 0.778125 0.36796875 0.028125 0.03125
0 0.6859375 0.40703125 0.03125 0.0328125
0 0.76640625 0.159375 0.0296875 0.0328125
0 0.68359375 0.44609375 0.03125 0.034375
0 0.81640625 0.21484375 0.028125 0.03125
0 0.60625 0.2359375 0.034375 0.0375
0 0.50703125 0.325 0.034375 0.0375
0 0.809375 0.3828125 0.028125 0.0296875
0 0.60859375 0.328125 0.03125 0.0328125
0 0.60390625 0.42890625 0.034375 0.0375
0 0.79765625 0.35703125 0.0265625 0.0296875
0 0.80625 0.18359375 0.028125 0.03125
0 0.46953125 0.4 0.034375 0.0375
0 0.865625 0.2859375 0.0265625 0.03125
0 0.628125 0.4484375 0.03125 0.0328125
0 0.4578125 0.36796875 0.0375 0.0375
0 0.55390625 0.346875 0.034375 0.0359375
0 0.7234375 0.3265625 0.0328125 0.0328125
0 0.58359375 0.33984375 0.0328125 0.0359375
0 0.846875 0.21328125 0.0296875 0.0328125
0 0.67578125 0.36953125 0.03125 0.0328125
0 0.440625 0.42578125 0.0359375 0.0375
0 0.86875 0.31953125 0.0265625 0.0328125
0 0.6578125 0.45234375 0.03125 0.034375
0 0.64765625 0.18046875 0.03125 0.0328125
0 0.6828125 0.28671875 0.03125 0.0328125
0 0.5546875 0.4421875 0.034375 0.0359375
0 0.54453125 0.49765625 0.034375 0.0375
0 0.73671875 0.29765625 0.03125 0.0328125
0 0.8546875 0.38359375 0.028125 0.0296875
0 0.49140625 0.36796875 0.0375 0.0375
0 0.4734375 0.33828125 0.034375 0.0375
0 0.4734375 0.4984375 0.0359375 0.0390625
0 0.52265625 0.3796875 0.0375 0.0375
0 0.703125 0.3453125 0.03125 0.034375
0 0.4359375 0.390625 0.0359375 0.0375
0 0.53359375 0.28515625 0.0375 0.0375
0 0.42890625 0.46171875 0.0375 0.0375
0 0.50703125 0.4921875 0.034375 0.0375
0 0.7109375 0.44140625 0.0296875 0.0328125
0 0.6609375 0.39296875 0.03125 0.0328125
0 0.89453125 0.2734375 0.028125 0.0328125
0 0.7453125 0.4015625 0.028125 0.0328125
0 0.49765625 0.41640625 0.0359375 0.0375
0 0.71328125 0.41171875 0.03125 0.0328125
0 0.5359375 0.465625 0.034375 0.0375
0 0.58671875 0.49765625 0.034375 0.0390625
0 0.48125 0.3015625 0.0375 0.0375
0 0.915625 0.26640625 0.025 0.0296875
0 0.82421875 0.309375 0.0265625 0.03125
0 0.41796875 0.35625 0.0375 0.0375
0 0.909375 0.29375 0.028125 0.0296875
0 0.5640625 0.471875 0.034375 0.0375
0 0.7 0.38359375 0.03125 0.0328125
0 0.684375 0.146875 0.03125 0.0359375
0 0.46953125 0.440625 0.0359375 0.0375
0 0.759375 0.42734375 0.028125 0.0328125
0 0.88671875 0.19453125 0.03125 0.03125
0 0.88828125 0.23671875 0.0265625 0.0296875
0 0.8015625 0.14296875 0.03125 0.03125
0 0.4953125 0.4609375 0.0375 0.040625
0 0.73515625 0.43984375 0.028125 0.0328125
0 0.409375 0.42265625 0.0375 0.040625
0 0.5703125 0.2203125 0.0375 0.0390625
0 0.86875 0.40703125 0.028125 0.0296875
0 0.59140625 0.46015625 0.0328125 0.0375
0 0.440625 0.33359375 0.0375 0.0375
0 0.73203125 0.35390625 0.028125 0.0296875
0 0.39296875 0.390625 0.0390625 0.0375
0 0.38359375 0.45 0.0375 0.0375
0 0.52421875 0.4328125 0.034375 0.0375
0 0.6125 0.48046875 0.03125 0.0359375
0 0.39609375 0.48203125 0.0390625 0.0375
0 0.7296875 0.1109375 0.034375 0.034375
0 0.5421875 0.40859375 0.034375 0.0375
0 0.8046875 0.41171875 0.028125 0.0296875
0 0.878125 0.16484375 0.028125 0.0296875
0 0.9265625 0.23203125 0.025 0.0296875
0 0.46015625 0.46796875 0.0359375 0.0375
0 0.58203125 0.259375 0.034375 0.0375
0 0.403125 0.51953125 0.0375 0.0375
0 0.63125 0.41796875 0.034375 0.0359375
0 0.94921875 0.28828125 0.0296875 0.0296875
0 0.5640625 0.15625 0.0359375 0.04375
0 0.3421875 0.42734375 0.0390625 0.0390625
0 0.4953125 0.9265625 0.034375 0.0375
0 0.52578125 0.925 0.034375 0.0375
0 0.97109375 0.1671875 0.028125 0.0296875
0 0.68125 0.03046875 0.034375 0.0359375