0 0.1484375 0.76875 0.04140625 0.0296875
0 0.18515625 0.76484375 0.0359375 0.03046875
0 0.12265625 0.7484375 0.0421875 0.0296875
0 0.19296875 0.73203125 0.0375 0.03203125
0 0.12265625 0.71875 0.04140625 0.02890625
0 0.0921875 0.69921875 0.04296875 0.03046875
0 0.1625 0.71796875 0.03828125 0.03125
0 0.190625 0.7 0.03828125 0.034375
0 0.0765625 0.65859375 0.0390625 0.028125
0 0.1 0.63359375 0.0421875 0.03046875
0 0.246875 0.64921875 0.03671875 0.028125
0 0.27265625 0.63125 0.040625 0.0296875
0 0.2171875 0.6265625 0.03984375 0.0265625
0 0.253125 0.60546875 0.0421875 0.03046875
0 0.17734375 0.63671875 0.0375 0.03046875
0 0.12578125 0.5875 0.04375 0.02890625
0 0.1140625 0.54765625 0.0421875 0.03203125
0 0.34375 0.6421875 0.03984375 0.02734375
0 0.365625 0.61640625 0.03203125 0.0296875
0 0.3859375 0.6375 0.03828125 0.02890625
0 0.3375 0.6015625 0.03359375 0.02890625
0 0.29765625 0.60234375 0.03671875 0.02890625
0 0.315625 0.625 0.03828125 0.0296875
0 0.2734375 0.58515625 0.040625 0.03125
0 0.3171875 0.57734375 0.03828125 0.028125
0 0.3703125 0.58671875 0.0375 0.03046875
0 0.45625 0.63828125 0.04140625 0.03203125
0 0.4046875 0.6 0.03671875 0.03203125
0 0.34375 0.5578125 0.040625 0.028125
0 0.2796875 0.534375 0.040625 0.02890625
0 0.38828125 0.5609375 0.0375 0.0296875
0 0.4625 0.57265625 0.0390625 0.03046875
0 0.3765625 0.5328125 0.03828125 0.02890625
0 0.425 0.56640625 0.0375 0.02890625
0 0.47421875 0.54609375 0.034375 0.02578125
0 0.53046875 0.5421875 0.03359375 0.02734375
0 0.56171875 0.55625 0.0328125 0.02734375
0 0.5046875 0.56328125 0.034375 0.02890625
0 0.43984375 0.5390625 0.03515625 0.02734375
0 0.46015625 0.51875 0.03515625 0.02734375
0 0.5015625 0.53046875 0.0390625 0.028125
0 0.4484375 0.49140625 0.03984375 0.02890625
0 0.48984375 0.50390625 0.03828125 0.03046875
0 0.52578125 0.5109375 0.03515625 0.02890625
0 0.55703125 0.52734375 0.03828125 0.02734375
0 0.64140625 0.6171875 0.0390625 0.02890625
0 0.58984375 0.5359375 0.0359375 0.02734375
0 0.56640625 0.4796875 0.034375 0.02890625
0 0.57890625 0.50625 0.03828125 0.0265625
0 0.53203125 0.4828125 0.03671875 0.028125
0 0.56328125 0.45390625 0.034375 0.02890625
0 0.5265625 0.4171875 0.02578125 0.02421875
0 0.553125 0.42890625 0.0359375 0.02890625
0 0.6203125 0.24609375 0.03984375 0.034375
0 0.6359375 0.31953125 0.0359375 0.03203125
0 0.6296875 0.52109375 0.03828125 0.028125
0 0.61953125 0.47578125 0.034375 0.0265625
0 0.65234375 0.49375 0.0375 0.0296875
0 0.68671875 0.49296875 0.0359375 0.03046875
0 0.83125 0.50390625 0.03828125 0.02890625
0 0.790625 0.50703125 0.034375 0.0296875
0 0.72578125 0.49765625 0.03671875 0.03046875
0 0.76015625 0.49140625 0.03359375 0.02734375
0 0.790625 0.48046875 0.034375 0.028125
0 0.70546875 0.4671875 0.03359375 0.0203125
0 0.659375 0.46171875 0.03515625 0.02734375
0 0.69296875 0.4515625 0.03515625 0.02578125
0 0.67421875 0.4328125 0.034375 0.0296875
0 0.71015625 0.4328125 0.03125 0.0234375
0 0.73515625 0.45390625 0.0328125 0.028125
0 0.7765625 0.45625 0.03203125 0.02734375
0 0.9640625 0.3875 0.03359375 0.02890625
0 0.98515625 0.4125 0.0296875 0.02890625
0 0.9296875 0.38046875 0.034375 0.03046875
0 0.94296875 0.415625 0.0359375 0.02578125
0 0.915625 0.4328125 0.03828125 0.0296875
0 0.81328125 0.4515625 0.034375 0.02890625
0 0.7734375 0.42890625 0.03046875 0.0296875
0 0.73984375 0.421875 0.03671875 0.02734375
0 0.678125 0.375 0.04296875 0.03046875
0 0.73828125 0.390625 0.03671875 0.028125
0 0.79140625 0.4140625 0.03125 0.025
0 0.9015625 0.39453125 0.03359375 0.02734375
0 0.89375 0.41796875 0.028125 0.0265625
0 0.7734375 0.31875 0.03828125 0.028125
0 0.77109375 0.3484375 0.0359375 0.028125
0 0.80625 0.33671875 0.03515625 0.02734375
0 0.8828125 0.3671875 0.034375 0.0296875
0 0.85859375 0.4203125 0.03359375 0.028125
0 0.8015625 0.36171875 0.03125 0.02421875
0 0.82578125 0.41328125 0.03046875 0.02734375
0 0.77421875 0.3890625 0.0328125 0.02890625
0 0.80546875 0.3921875 0.02734375 0.02265625
0 0.85625 0.396875 0.03203125 0.0234375
0 0.84140625 0.36484375 0.034375 0.015625
0 0.8140625 0.38046875 0.028125 0.02578125
0 0.8453125 0.38046875 0.02734375 0.02421875