0 0.25390625 0.4921875 0.04375 0.034375
0 0.21171875 0.50625 0.0453125 0.0375
0 0.1609375 0.4796875 0.0484375 0.040625
0 0.2515625 0.5234375 0.0453125 0.0359375
0 0.31171875 0.49140625 0.0375 0.0328125
0 0.2921875 0.51875 0.0453125 0.0375
0 0.340625 0.471875 0.04375 0.0359375
0 0.284375 0.47109375 0.04375 0.0359375
0 0.1953125 0.45625 0.0453125 0.0375
0 0.26875 0.4421875 0.0421875 0.0375
0 0.23984375 0.46328125 0.0421875 0.0359375
0 0.30546875 0.43125 0.0421875 0.0359375
0 0.23046875 0.41171875 0.0421875 0.0390625
0 0.303125 0.40078125 0.04375 0.0328125
0 0.26328125 0.39296875 0.0453125 0.0375
0 0.19140625 0.39921875 0.0484375 0.040625
0 0.15859375 0.36953125 0.05 0.0421875
0 0.28203125 0.36484375 0.0390625 0.0359375
0 0.2453125 0.35078125 0.0453125 0.0359375
0 0.3140625 0.3515625 0.040625 0.0375
0 0.340625 0.44296875 0.0359375 0.0328125
0 0.33984375 0.4140625 0.0375 0.03125
0 0.33203125 0.38125 0.040625 0.0359375
0 0.3515625 0.35078125 0.0421875 0.0359375
0 0.4 0.35546875 0.0375 0.034375
0 0.3640625 0.3171875 0.0390625 0.034375
0 0.4109375 0.26484375 0.0375 0.0359375
0 0.4 0.303125 0.040625 0.0328125
0 0.44453125 0.25625 0.040625 0.0359375
0 0.43359375 0.33984375 0.040625 0.0328125
0 0.48046875 0.28046875 0.0421875 0.0359375
0 0.471875 0.34765625 0.0421875 0.0328125
0 0.515625 0.28046875 0.034375 0.03125
0 0.47890625 0.2484375 0.0359375 0.03125
0 0.5234375 0.309375 0.0375 0.034375
0 0.53828125 0.340625 0.0375 0.0296875
0 0.53359375 0.36796875 0.0375 0.0296875
0 0.46953125 0.378125 0.040625 0.0328125
0 0.37890625 0.446875 0.0421875 0.0359375
0 0.37109375 0.48828125 0.040625 0.034375
0 0.34375 0.5109375 0.0421875 0.03125
0 0.33046875 0.53984375 0.0484375 0.040625
0 0.41328125 0.4671875 0.0421875 0.0328125
0 0.56015625 0.38359375 0.034375 0.0328125
0 0.51953125 0.39921875 0.0390625 0.0328125
0 0.45234375 0.46015625 0.0421875 0.0359375
0 0.43203125 0.49453125 0.0421875 0.0359375
0 0.525 0.4671875 0.0359375 0.0328125
0 0.49375 0.49375 0.0375 0.0328125
0 0.56640625 0.44921875 0.0375 0.0328125
0 0.5609375 0.484375 0.034375 0.0296875
0 0.53046875 0.4984375 0.0375 0.0296875
0 0.35078125 0.57890625 0.0453125 0.0390625
0 0.634375 0.484375 0.03125 0.03125
0 0.60546875 0.4953125 0.034375 0.0328125
0 0.58125 0.50625 0.034375 0.0328125
0 0.54921875 0.51796875 0.034375 0.034375
0 0.66171875 0.490625 0.0328125 0.028125
0 0.6328125 0.5109375 0.034375 0.0296875
0 0.6078125 0.525 0.0359375 0.0296875
0 0.59140625 0.54765625 0.0359375 0.0328125
0 0.684375 0.50625 0.0328125 0.028125
0 0.65859375 0.52109375 0.03125 0.028125
0 0.6328125 0.53984375 0.034375 0.0328125
0 0.728125 0.5140625 0.034375 0.0296875
0 0.70234375 0.52734375 0.03125 0.028125
0 0.67578125 0.540625 0.0375 0.03125
0 0.75703125 0.50546875 0.03125 0.028125
0 0.728125 0.4890625 0.0328125 0.03125
0 0.6609375 0.465625 0.0375 0.0296875
0 0.78359375 0.51484375 0.0296875 0.028125
0 0.7765625 0.5390625 0.0296875 0.028125
0 0.75 0.5359375 0.03125 0.03125
0 0.72734375 0.553125 0.034375 0.03125
0 0.80234375 0.53359375 0.0296875 0.028125
0 0.79609375 0.55703125 0.03125 0.025
0 0.7609375 0.559375 0.0328125 0.028125
0 0.75390625 0.5859375 0.03125 0.03125
0 0.82578125 0.553125 0.028125 0.0296875
0 0.7828125 0.57890625 0.0328125 0.03125
0 0.83203125 0.528125 0.0296875 0.0265625
0 0.81328125 0.51015625 0.028125 0.0265625
0 0.84765625 0.56640625 0.0296875 0.028125
0 0.8578125 0.540625 0.03125 0.028125
0 0.79453125 0.471875 0.03125 0.03125
0 0.884375 0.54140625 0.028125 0.03125
0 0.9 0.49296875 0.03125 0.0296875
0 0.928125 0.52421875 0.0296875 0.028125
0 0.89765625 0.4578125 0.028125 0.028125
0 0.94609375 0.540625 0.028125 0.0265625
0 0.9171875 0.603125 0.0265625 0.0265625
0 0.8953125 0.59609375 0.03125 0.0265625
0 0.95 0.5734375 0.028125 0.0265625
0 0.93984375 0.596875 0.025 0.025
0 0.90234375 0.62265625 0.03125 0.025
0 0.9484375 0.61875 0.0265625 0.0234375
0 0.940625 0.640625 0.025 0.025
0 0.915625 0.64921875 0.0296875 0.028125