0 0.30546875 0.88046875 0.0265625 0.025
0 0.35859375 0.85859375 0.025 0.0234375
0 0.21953125 0.52265625 0.0296875 0.0265625
0 0.221875 0.54375 0.0296875 0.0265625
0 0.2234375 0.56796875 0.0328125 0.0265625
0 0.24296875 0.5515625 0.0296875 0.0265625
0 0.2671875 0.5453125 0.0296875 0.0265625
0 0.23203125 0.603125 0.0296875 0.0265625
0 0.240625 0.5859375 0.028125 0.0234375
0 0.2546875 0.571875 0.0296875 0.0265625
0 0.23125 0.628125 0.028125 0.0234375
0 0.25703125 0.609375 0.0296875 0.025
0 0.26875 0.5953125 0.028125 0.025
0 0.284375 0.5734375 0.0328125 0.0265625
0 0.253125 0.64921875 0.028125 0.025
0 0.2578125 0.63046875 0.028125 0.0234375
0 0.27734375 0.62265625 0.0265625 0.0234375
0 0.29140625 0.60625 0.028125 0.0234375
0 0.3 0.6328125 0.028125 0.0234375
0 0.31796875 0.6234375 0.028125 0.0234375
0 0.31796875 0.60390625 0.0296875 0.0265625
0 0.2640625 0.74609375 0.0296875 0.0265625
0 0.24609375 0.7109375 0.0265625 0.025
0 0.26875 0.6953125 0.03125 0.0265625
0 0.2890625 0.68046875 0.028125 0.025
0 0.2859375 0.65859375 0.028125 0.025
0 0.3125 0.6625 0.028125 0.025
0 0.2859375 0.72890625 0.028125 0.0234375
0 0.31328125 0.775 0.028125 0.025
0 0.3046875 0.71953125 0.0265625 0.0234375
0 0.31328125 0.6875 0.0265625 0.0234375
0 0.32734375 0.71875 0.0265625 0.0234375
0 0.33515625 0.6765625 0.028125 0.025
0 0.3453125 0.7484375 0.025 0.021875
0 0.35234375 0.7296875 0.025 0.0234375
0 0.34921875 0.7015625 0.028125 0.0234375
0 0.36796875 0.684375 0.0265625 0.025
0 0.371875 0.74765625 0.0265625 0.0234375
0 0.3734375 0.7234375 0.0265625 0.025
0 0.3859375 0.70859375 0.028125 0.0234375
0 0.390625 0.6765625 0.0296875 0.0265625
0 0.39609375 0.73359375 0.028125 0.0234375
0 0.4125 0.7171875 0.0296875 0.0234375
0 0.40859375 0.69609375 0.025 0.0234375
0 0.43828125 0.71640625 0.0296875 0.0265625
0 0.4734375 0.75703125 0.034375 0.0265625
0 0.40234375 0.5984375 0.0265625 0.0265625
0 0.37890625 0.59609375 0.0296875 0.028125
0 0.3765625 0.57421875 0.0328125 0.0265625
0 0.346875 0.56171875 0.0328125 0.028125
0 0.3203125 0.54296875 0.0328125 0.0296875
0 0.2484375 0.4953125 0.0328125 0.0296875
0 0.259375 0.4734375 0.0328125 0.0265625
0 0.2484375 0.51953125 0.0328125 0.0265625
0 0.271875 0.5046875 0.0296875 0.0265625
0 0.2890625 0.5234375 0.03125 0.0296875
0 0.2984375 0.50078125 0.0328125 0.0265625
0 0.2875 0.45390625 0.0328125 0.0328125
0 0.31328125 0.4828125 0.0296875 0.0296875
0 0.3390625 0.4875 0.0296875 0.0296875
0 0.36328125 0.50078125 0.0296875 0.028125
0 0.35859375 0.5265625 0.0296875 0.0265625
0 0.38671875 0.51875 0.0328125 0.0265625
0 0.409375 0.5421875 0.0328125 0.0296875
0 0.428125 0.51484375 0.0328125 0.0296875
0 0.43125 0.56015625 0.0328125 0.0296875
0 0.45234375 0.53203125 0.0328125 0.0296875
0 0.4421875 0.5859375 0.0328125 0.0296875
0 0.41328125 0.63671875 0.028125 0.025
0 0.425 0.603125 0.0296875 0.0265625
0 0.46015625 0.60859375 0.03125 0.028125
0 0.44453125 0.64375 0.0296875 0.0265625
0 0.4703125 0.65859375 0.03125 0.0265625
0 0.49375 0.621875 0.0296875 0.0296875
0 0.49765625 0.675 0.0265625 0.0265625
0 0.50234375 0.65546875 0.0265625 0.0234375
0 0.5109375 0.69921875 0.025 0.0234375
0 0.525 0.684375 0.0296875 0.0265625
0 0.33515625 0.39453125 0.0359375 0.0328125
0 0.38359375 0.4046875 0.0359375 0.034375
0 0.45625 0.30859375 0.0390625 0.034375
0 0.52265625 0.62578125 0.0328125 0.028125
0 0.553125 0.61875 0.03125 0.028125
0 0.5390625 0.596875 0.034375 0.03125
0 0.59765625 0.67734375 0.0328125 0.0265625
0 0.59375 0.6328125 0.034375 0.028125
0 0.559375 0.56875 0.03125 0.0296875
0 0.584375 0.56015625 0.0328125 0.0296875
0 0.55078125 0.5390625 0.0359375 0.03125
0 0.55390625 0.43125 0.0328125 0.0328125
0 0.5796875 0.44375 0.0328125 0.0296875
0 0.5375 0.46796875 0.0359375 0.03125
0 0.5265625 0.41171875 0.0375 0.0359375
0 0.58359375 0.5375 0.0328125 0.0296875
0 0.58515625 0.46875 0.0328125 0.0328125
0 0.66953125 0.45390625 0.0359375 0.034375
0 0.67265625 0.64453125 0.0328125 0.028125
0 0.65625 0.82265625 0.028125 0.025
0 0.70546875 0.81953125 0.0296875 0.0265625