0 0.19765625 0.5234375 0.0390625 0.04296875
0 0.17890625 0.68515625 0.02734375 0.02578125
0 0.14375 0.5890625 0.03046875 0.028125
0 0.16015625 0.209375 0.03046875 0.02734375
0 0.3125 0.2734375 0.0265625 0.02734375
0 0.83515625 0.64140625 0.0234375 0.021875
0 0.4484375 0.4859375 0.02578125 0.025
0 0.3953125 0.49296875 0.025 0.025
0 0.69375 0.5578125 0.0203125 0.025
0 0.67265625 0.49375 0.0203125 0.02265625
0 0.30234375 0.196875 0.02578125 0.02734375
0 0.63203125 0.15703125 0.02109375 0.02265625
0 0.29375 0.46171875 0.025 0.028125
0 0.7171875 0.61328125 0.0203125 0.0234375
0 0.25078125 0.1109375 0.02578125 0.02734375
0 0.275 0.1546875 0.025 0.02578125
0 0.24609375 0.1453125 0.02578125 0.02734375
0 0.41640625 0.82265625 0.025 0.025
0 0.509375 0.80546875 0.0234375 0.025
0 0.20625 0.15 0.02578125 0.0296875
0 0.3171875 0.66953125 0.02578125 0.0265625
0 0.38125 0.4578125 0.0234375 0.02421875
0 0.81640625 0.52109375 0.01953125 0.021875
0 0.33203125 0.7703125 0.028125 0.02578125
0 0.41875 0.43046875 0.02578125 0.02734375
0 0.6734375 0.75546875 0.0203125 0.02265625
0 0.8 0.25234375 0.01875 0.02109375
0 0.5859375 0.41953125 0.02109375 0.025
0 0.44296875 0.634375 0.0265625 0.0234375
0 0.6625 0.66875 0.02109375 0.0234375
0 0.79140625 0.29296875 0.021875 0.021875
0 0.2625 0.42578125 0.0265625 0.0265625
0 0.25546875 0.3984375 0.0265625 0.02578125
0 0.41484375 0.8578125 0.0234375 0.025
0 0.51640625 0.8859375 0.02265625 0.025
0 0.85078125 0.575 0.01875 0.02265625
0 0.3890625 0.68828125 0.02421875 0.025
0 0.821875 0.38984375 0.01953125 0.02265625
0 0.3546875 0.4359375 0.0234375 0.02578125
0 0.31328125 0.4 0.02578125 0.0265625
0 0.49609375 0.29140625 0.021875 0.025
0 0.2921875 0.41796875 0.0265625 0.02734375
0 0.71015625 0.25390625 0.01953125 0.02109375
0 0.32734375 0.45 0.0234375 0.02421875
0 0.3484375 0.68515625 0.02421875 0.028125
0 0.5078125 0.85703125 0.025 0.02421875
0 0.40390625 0.63203125 0.02421875 0.02421875
0 0.68203125 0.70390625 0.0203125 0.02421875
0 0.2890625 0.3859375 0.0265625 0.02578125
0 0.528125 0.31875 0.02109375 0.02421875
0 0.59296875 0.328125 0.0234375 0.02421875
0 0.35546875 0.6375 0.025 0.02578125
0 0.696875 0.30703125 0.0203125 0.025
0 0.62734375 0.640625 0.0234375 0.025
0 0.3875 0.7421875 0.02578125 0.02578125
0 0.36171875 0.721875 0.02421875 0.0265625
0 0.59609375 0.49140625 0.02265625 0.02265625
0 0.56953125 0.534375 0.02109375 0.02265625
0 0.38046875 0.65234375 0.0265625 0.02578125
0 0.659375 0.715625 0.02109375 0.02265625
0 0.453125 0.31796875 0.0234375 0.02421875
0 0.4640625 0.89296875 0.02421875 0.02421875
0 0.44453125 0.8765625 0.025 0.025
0 0.41640625 0.30546875 0.0234375 0.02578125
0 0.56171875 0.59453125 0.02421875 0.0234375
0 0.65703125 0.815625 0.02265625 0.02578125
0 0.4546875 0.290625 0.025 0.025
0 0.8703125 0.55546875 0.01875 0.0203125
0 0.73671875 0.44140625 0.01953125 0.0203125
0 0.4703125 0.76171875 0.0234375 0.025
0 0.43984375 0.26875 0.02265625 0.02421875
0 0.6859375 0.34140625 0.021875 0.0234375
0 0.425 0.3609375 0.02265625 0.02421875
0 0.5796875 0.23671875 0.02109375 0.0234375
0 0.36171875 0.75078125 0.0234375 0.025
0 0.5515625 0.496875 0.021875 0.02265625
0 0.5890625 0.8140625 0.021875 0.02421875
0 0.87109375 0.5328125 0.01875 0.0203125
0 0.7859375 0.3375 0.01953125 0.01875
0 0.55625 0.23203125 0.02265625 0.02421875
0 0.74140625 0.27734375 0.0203125 0.02265625
0 0.4359375 0.759375 0.02421875 0.02421875
0 0.78203125 0.43515625 0.02265625 0.021875
0 0.3859375 0.33671875 0.0234375 0.02421875
0 0.6453125 0.29609375 0.0203125 0.02265625
0 0.5390625 0.2609375 0.0203125 0.02265625
0 0.6125 0.3078125 0.02265625 0.02265625
0 0.75859375 0.33984375 0.0203125 0.02109375
0 0.46015625 0.7125 0.02421875 0.025
0 0.6390625 0.4 0.0203125 0.021875
0 0.56953125 0.83515625 0.021875 0.0234375
0 0.4125 0.33828125 0.0234375 0.025
0 0.79765625 0.3734375 0.01953125 0.02109375
0 0.471875 0.44609375 0.02265625 0.0234375
0 0.59296875 0.85078125 0.02109375 0.02265625
0 0.58125 0.51015625 0.021875 0.02265625
0 0.390625 0.309375 0.02421875 0.02578125
0 0.6421875 0.8390625 0.0203125 0.021875
0 0.4859375 0.65390625 0.02265625 0.02265625
0 0.634375 0.80546875 0.02109375 0.02265625
0 0.6359375 0.35703125 0.021875 0.02265625
0 0.72265625 0.28828125 0.0203125 0.0265625
0 0.6046875 0.6546875 0.02109375 0.02265625
0 0.58125 0.87734375 0.02109375 0.0234375
0 0.4484375 0.675 0.02421875 0.025
0 0.43671875 0.703125 0.0234375 0.025
0 0.58203125 0.60859375 0.021875 0.0234375
0 0.8515625 0.5265625 0.01875 0.0203125
0 0.5296875 0.7125 0.021875 0.02265625
0 0.61875 0.82734375 0.0203125 0.02265625
0 0.571875 0.68828125 0.02265625 0.02421875
0 0.59296875 0.359375 0.0203125 0.021875
0 0.56328125 0.25625 0.02109375 0.0234375
0 0.56015625 0.8671875 0.02265625 0.02265625
0 0.70234375 0.4109375 0.0203125 0.021875
0 0.8515625 0.5484375 0.01953125 0.02109375
0 0.54375 0.46640625 0.021875 0.025
0 0.72734375 0.4171875 0.0203125 0.02265625
0 0.7765625 0.4109375 0.01953125 0.0203125
0 0.446875 0.38359375 0.025 0.0234375
0 0.60859375 0.259375 0.0203125 0.025
0 0.46015625 0.73828125 0.025 0.02421875
0 0.525 0.490625 0.0203125 0.02109375
0 0.6 0.68515625 0.02109375 0.02421875
0 0.534375 0.38671875 0.021875 0.0234375
0 0.70625 0.384375 0.01953125 0.021875
0 0.621875 0.3828125 0.021875 0.02265625
0 0.47421875 0.35625 0.021875 0.02421875
0 0.475 0.68046875 0.02421875 0.02578125
0 0.51953125 0.40859375 0.02109375 0.02265625
0 0.4359375 0.7328125 0.0234375 0.0234375
0 0.57109375 0.71328125 0.0203125 0.02265625
0 0.5015625 0.35 0.02109375 0.02265625
0 0.5453125 0.63203125 0.02265625 0.025
0 0.62890625 0.278125 0.021875 0.0234375
0 0.5046875 0.47578125 0.02109375 0.021875
0 0.7546875 0.415625 0.0203125 0.0203125
0 0.56953125 0.6296875 0.021875 0.02265625
0 0.67578125 0.39765625 0.0203125 0.02421875
0 0.7640625 0.3828125 0.0203125 0.021875
0 0.48828125 0.37890625 0.021875 0.02421875
0 0.584375 0.66328125 0.021875 0.02265625
0 0.5515625 0.36953125 0.02109375 0.021875
0 0.47578125 0.4203125 0.02109375 0.02265625
0 0.6875 0.36875 0.021875 0.02265625
0 0.65703125 0.38125 0.021875 0.02265625
0 0.509375 0.4296875 0.02109375 0.02265625
0 0.5296875 0.36015625 0.021875 0.0234375
0 0.521875 0.67890625 0.02265625 0.02421875
0 0.47109375 0.39609375 0.02265625 0.0234375
0 0.52421875 0.4515625 0.02109375 0.02265625
0 0.49765625 0.6765625 0.021875 0.025
0 0.78359375 0.35625 0.01953125 0.0203125
0 0.74609375 0.3921875 0.02109375 0.02109375
0 0.4953125 0.40234375 0.021875 0.02421875
0 0.56953125 0.35390625 0.02265625 0.02421875
0 0.55078125 0.70234375 0.0203125 0.0234375
0 0.53203125 0.6546875 0.021875 0.02265625
0 0.4953125 0.45078125 0.0203125 0.021875
0 0.5453125 0.678125 0.02109375 0.02421875
0 0.5609375 0.6578125 0.021875 0.0234375