0 0.446875 0.11171875 0.0328125 0.0328125
0 0.39453125 0.18828125 0.0328125 0.0328125
0 0.3640625 0.209375 0.0328125 0.0328125
0 0.36796875 0.23984375 0.0328125 0.0328125
0 0.41953125 0.22421875 0.0328125 0.0328125
0 0.3921875 0.2171875 0.0265625 0.0296875
0 0.39609375 0.24453125 0.0296875 0.0296875
0 0.44375 0.23359375 0.0296875 0.0328125
0 0.42109375 0.25546875 0.0296875 0.0296875
0 0.35703125 0.265625 0.028125 0.0296875
0 0.3859375 0.26953125 0.0296875 0.028125
0 0.41015625 0.28125 0.028125 0.03125
0 0.3859375 0.29765625 0.028125 0.0296875
0 0.35859375 0.2953125 0.0296875 0.0296875
0 0.36328125 0.3234375 0.0296875 0.0296875
0 0.41171875 0.31015625 0.0265625 0.0296875
0 0.390625 0.32578125 0.028125 0.0296875
0 0.43359375 0.2953125 0.0265625 0.028125
0 0.4453125 0.26328125 0.028125 0.0296875
0 0.46171875 0.284375 0.0296875 0.0296875
0 0.45546875 0.309375 0.0296875 0.03125
0 0.4875 0.27578125 0.0265625 0.03125
0 0.48046875 0.3046875 0.0265625 0.028125
0 0.4890625 0.33046875 0.0265625 0.028125
0 0.4640625 0.334375 0.0265625 0.0296875
0 0.51328125 0.33359375 0.0265625 0.0296875
0 0.49453125 0.35859375 0.0265625 0.0296875
0 0.4703125 0.3609375 0.0265625 0.028125
0 0.44140625 0.34921875 0.0265625 0.0296875
0 0.4171875 0.34140625 0.025 0.0296875
0 0.39609375 0.353125 0.0296875 0.0296875
0 0.36328125 0.35546875 0.0296875 0.03125
0 0.38125 0.37890625 0.028125 0.0296875
0 0.42578125 0.3671875 0.0265625 0.0296875
0 0.44921875 0.375 0.0265625 0.028125
0 0.40703125 0.384375 0.0265625 0.0296875
0 0.4734375 0.38828125 0.0265625 0.028125
0 0.453125 0.4015625 0.025 0.0296875
0 0.4296875 0.403125 0.025 0.0296875
0 0.40546875 0.4125 0.0265625 0.0296875
0 0.37890625 0.4109375 0.0265625 0.0296875
0 0.51484375 0.38125 0.0265625 0.0296875
0 0.49609375 0.39765625 0.0265625 0.0328125
0 0.47265625 0.415625 0.0265625 0.0296875
0 0.4515625 0.42734375 0.0265625 0.028125
0 0.42578125 0.43203125 0.028125 0.0296875
0 0.4203125 0.46171875 0.0265625 0.0296875
0 0.44375 0.453125 0.025 0.0296875
0 0.49296875 0.425 0.021875 0.025
0 0.46796875 0.44609375 0.025 0.0296875
0 0.43359375 0.321875 0.0265625 0.0296875
0 0.56796875 0.240625 0.0265625 0.0296875
0 0.58046875 0.4171875 0.0265625 0.0296875
0 0.5328125 0.3984375 0.0234375 0.025
0 0.51484375 0.41640625 0.0234375 0.025
0 0.5375 0.4234375 0.0265625 0.0265625
0 0.559375 0.43203125 0.0234375 0.025
0 0.50859375 0.4453125 0.025 0.028125
0 0.4890625 0.4578125 0.025 0.0265625
0 0.53046875 0.45 0.0234375 0.025
0 0.53203125 0.475 0.0265625 0.028125
0 0.5515625 0.4609375 0.0265625 0.028125
0 0.46953125 0.4734375 0.0265625 0.028125
0 0.4421875 0.4796875 0.0265625 0.0265625
0 0.42109375 0.49453125 0.028125 0.0296875
0 0.4453125 0.50546875 0.0265625 0.028125
0 0.4703125 0.50078125 0.0265625 0.028125
0 0.4921875 0.4859375 0.025 0.028125
0 0.51328125 0.49296875 0.0265625 0.0296875
0 0.490625 0.515625 0.025 0.0296875
0 0.46875 0.5296875 0.0234375 0.025
0 0.44453125 0.53203125 0.0296875 0.0296875
0 0.4875 0.54296875 0.0265625 0.0265625
0 0.51171875 0.5234375 0.025 0.0296875
0 0.51171875 0.55078125 0.0265625 0.0265625
0 0.46953125 0.5578125 0.0265625 0.0265625
0 0.4328125 0.5703125 0.0265625 0.025
0 0.4109375 0.55234375 0.028125 0.0296875
0 0.43984375 0.55703125 0.025 0.0234375
0 0.39296875 0.57265625 0.0265625 0.0296875
0 0.45390625 0.58046875 0.0265625 0.028125
0 0.48984375 0.56875 0.0265625 0.028125
0 0.475 0.5890625 0.0265625 0.0296875
0 0.5109375 0.5765625 0.0265625 0.0265625
0 0.41796875 0.59296875 0.0265625 0.028125
0 0.38984375 0.60078125 0.0296875 0.0296875
0 0.43984375 0.6046875 0.0265625 0.0296875
0 0.46171875 0.6140625 0.0265625 0.0265625
0 0.4828125 0.62109375 0.0265625 0.0296875
0 0.51796875 0.60625 0.0265625 0.028125
0 0.50625 0.61953125 0.025 0.0296875
0 0.3546875 0.5046875 0.0328125 0.0328125
0 0.29921875 0.62578125 0.0296875 0.0328125
0 0.41875 0.64140625 0.028125 0.0296875
0 0.44296875 0.6359375 0.028125 0.0296875
0 0.46875 0.64453125 0.0265625 0.0296875
0 0.5140625 0.64296875 0.0265625 0.028125
0 0.49375 0.65859375 0.0234375 0.025
0 0.53671875 0.56640625 0.025 0.028125
0 0.53828125 0.51484375 0.0265625 0.028125
0 0.55859375 0.5390625 0.0296875 0.0265625
0 0.56171875 0.50859375 0.025 0.0296875
0 0.57890625 0.52890625 0.0234375 0.025
0 0.5921875 0.54921875 0.0265625 0.0296875
0 0.5625 0.56875 0.0265625 0.028125
0 0.56328125 0.59609375 0.0265625 0.0296875
0 0.58515625 0.58046875 0.0265625 0.0296875
0 0.44296875 0.66484375 0.0296875 0.03125
0 0.4015625 0.665625 0.0296875 0.03125
0 0.37421875 0.68359375 0.03125 0.0328125
0 0.3984375 0.709375 0.0296875 0.0328125
0 0.425 0.68515625 0.0296875 0.0296875
0 0.47421875 0.67109375 0.03125 0.0296875
0 0.515625 0.66953125 0.0265625 0.0296875
0 0.5359375 0.68359375 0.028125 0.0328125
0 0.490625 0.69765625 0.028125 0.0296875
0 0.4640625 0.696875 0.0265625 0.028125
0 0.459375 0.7234375 0.028125 0.0296875
0 0.43203125 0.7109375 0.0296875 0.0296875
0 0.4078125 0.746875 0.0296875 0.0328125
0 0.4171875 0.77421875 0.0296875 0.0296875
0 0.43515625 0.73828125 0.03125 0.028125
0 0.4796875 0.73046875 0.0265625 0.0328125
0 0.46640625 0.76015625 0.0296875 0.0296875
0 0.49921875 0.7515625 0.0296875 0.0296875
0 0.534375 0.7515625 0.0296875 0.0296875
0 0.565625 0.746875 0.0265625 0.0296875
0 0.609375 0.75390625 0.028125 0.0296875
0 0.5859375 0.75078125 0.025 0.0296875
0 0.640625 0.80703125 0.025 0.0265625
0 0.61875 0.82890625 0.0234375 0.025
0 0.59375 0.82890625 0.0265625 0.0296875
0 0.58828125 0.8546875 0.025 0.0296875
0 0.5890625 0.88359375 0.028125 0.03125
0 0.63359375 0.89140625 0.025 0.0296875
0 0.61953125 0.921875 0.0265625 0.0296875
0 0.52734375 0.8578125 0.03125 0.0328125
0 0.50078125 0.8140625 0.0296875 0.0328125
0 0.47109375 0.828125 0.0296875 0.0296875
0 0.43828125 0.83515625 0.0296875 0.0328125
0 0.4390625 0.86328125 0.034375 0.0296875
0 0.40390625 0.83125 0.0328125 0.0328125
0 0.43359375 0.89609375 0.0328125 0.034375
0 0.45625 0.90703125 0.0328125 0.034375