0 0.94296875 0.53671875 0.0421875 0.0375
0 0.91875 0.36953125 0.0328125 0.025
0 0.89609375 0.30703125 0.028125 0.025
0 0.8640625 0.30234375 0.0265625 0.0234375
0 0.875 0.28671875 0.025 0.021875
0 0.88359375 0.2671875 0.028125 0.0203125
0 0.85703125 0.26484375 0.028125 0.021875
0 0.75390625 0.421875 0.028125 0.028125
0 0.75703125 0.39765625 0.0296875 0.0234375
0 0.75078125 0.37265625 0.028125 0.021875
0 0.78515625 0.48203125 0.0375 0.028125
0 0.7515625 0.46171875 0.0328125 0.0265625
0 0.8015625 0.596875 0.034375 0.03125
0 0.765625 0.64453125 0.0359375 0.03125
0 0.7671875 0.60703125 0.034375 0.03125
0 0.74921875 0.57734375 0.03125 0.028125
0 0.7078125 0.7 0.034375 0.034375
0 0.71875 0.48984375 0.03125 0.03125
0 0.7046875 0.5265625 0.03125 0.028125
0 0.69453125 0.4984375 0.028125 0.025
0 0.68359375 0.47265625 0.0296875 0.025
0 0.67734375 0.5453125 0.03125 0.0265625
0 0.675 0.51875 0.028125 0.028125
0 0.64453125 0.56328125 0.0296875 0.0296875
0 0.6546875 0.49453125 0.028125 0.025
0 0.65234375 0.46875 0.0296875 0.028125
0 0.60546875 0.48359375 0.03125 0.028125
0 0.60703125 0.45625 0.03125 0.0265625
0 0.63203125 0.44609375 0.0296875 0.025
0 0.72578125 0.43515625 0.028125 0.021875
0 0.72734375 0.41171875 0.028125 0.021875
0 0.728125 0.38828125 0.0328125 0.025
0 0.68671875 0.4078125 0.03125 0.025
0 0.6859375 0.38203125 0.03125 0.025
0 0.65625 0.38203125 0.028125 0.025
0 0.63203125 0.3875 0.028125 0.0234375
0 0.65703125 0.40703125 0.025 0.025
0 0.63203125 0.4125 0.025 0.0234375
0 0.60625 0.39765625 0.0265625 0.021875
0 0.609375 0.425 0.025 0.028125
0 0.58515625 0.4140625 0.025 0.0234375
0 0.65390625 0.321875 0.028125 0.0234375
0 0.69296875 0.2765625 0.025 0.021875
0 0.66640625 0.275 0.021875 0.021875
0 0.6421875 0.26875 0.025 0.021875
0 0.6296875 0.28828125 0.0296875 0.021875
0 0.6171875 0.2671875 0.025 0.021875
0 0.60078125 0.24921875 0.028125 0.0203125
0 0.590625 0.2734375 0.025 0.021875
0 0.63046875 0.309375 0.025 0.0203125
0 0.60703125 0.3015625 0.028125 0.01875
0 0.61953125 0.33046875 0.025 0.021875
0 0.59375 0.31953125 0.028125 0.0234375
0 0.5953125 0.3765625 0.028125 0.0203125
0 0.6125 0.36015625 0.025 0.0234375
0 0.62734375 0.36015625 0.0125 0.021875
0 0.58671875 0.3484375 0.025 0.0234375
0 0.603125 0.340625 0.0234375 0.01875
0 0.565625 0.328125 0.028125 0.025
0 0.5828125 0.29296875 0.025 0.0203125
0 0.56484375 0.27578125 0.028125 0.021875
0 0.54765625 0.259375 0.025 0.021875
0 0.52421875 0.26953125 0.03125 0.021875
0 0.51875 0.29296875 0.028125 0.0265625
0 0.5421875 0.33203125 0.025 0.021875
0 0.51796875 0.31796875 0.028125 0.0234375
0 0.5546875 0.41328125 0.0265625 0.028125
0 0.528125 0.44296875 0.03125 0.025
0 0.50625 0.40078125 0.03125 0.025
0 0.47421875 0.421875 0.0296875 0.0265625
0 0.47265625 0.38515625 0.0328125 0.025
0 0.48828125 0.36328125 0.028125 0.0234375
0 0.490625 0.33359375 0.028125 0.025
0 0.48671875 0.309375 0.028125 0.021875
0 0.4890625 0.284375 0.025 0.025
0 0.49609375 0.23984375 0.028125 0.021875
0 0.48984375 0.171875 0.028125 0.021875
0 0.4515625 0.259375 0.028125 0.021875
0 0.4515625 0.29296875 0.0265625 0.021875
0 0.4328125 0.271875 0.025 0.0234375
0 0.38359375 0.15625 0.0265625 0.01875
0 0.42421875 0.1703125 0.025 0.021875
0 0.40234375 0.16484375 0.01875 0.01875
0 0.35390625 0.171875 0.0265625 0.025
0 0.31796875 0.10625 0.028125 0.021875
0 0.33125 0.1875 0.028125 0.021875
0 0.2625 0.18203125 0.0296875 0.025
0 0.30390625 0.2171875 0.03125 0.0234375
0 0.403125 0.27578125 0.0296875 0.021875
0 0.3890625 0.23984375 0.028125 0.0234375
0 0.31953125 0.240625 0.028125 0.021875
0 0.38828125 0.30703125 0.028125 0.025
0 0.37734375 0.3328125 0.025 0.0234375
0 0.425 0.36015625 0.028125 0.025
0 0.378125 0.3546875 0.028125 0.025
0 0.38203125 0.38203125 0.0265625 0.025
0 0.4 0.4046875 0.0265625 0.0234375
0 0.38046875 0.41328125 0.028125 0.01875
0 0.37265625 0.43671875 0.028125 0.0265625
0 0.35703125 0.46796875 0.03125 0.0265625
0 0.34609375 0.43515625 0.0265625 0.025
0 0.47265625 0.4765625 0.03125 0.028125
0 0.51484375 0.5953125 0.034375 0.028125
0 0.52265625 0.57109375 0.0328125 0.0296875
0 0.503125 0.625 0.028125 0.028125
0 0.47421875 0.58984375 0.0359375 0.03125
0 0.47109375 0.62734375 0.034375 0.028125
0 0.36953125 0.696875 0.0359375 0.0359375
0 0.428125 0.59453125 0.0328125 0.028125
0 0.38984375 0.59765625 0.03125 0.0296875
0 0.353125 0.57421875 0.034375 0.03125
0 0.33046875 0.48984375 0.028125 0.028125
0 0.29609375 0.546875 0.03125 0.028125
0 0.3484375 0.33359375 0.025 0.021875
0 0.35390625 0.31171875 0.028125 0.021875
0 0.35 0.35703125 0.028125 0.025
0 0.3234375 0.3265625 0.0265625 0.025
0 0.29375 0.2828125 0.028125 0.025
0 0.26796875 0.3265625 0.028125 0.025
0 0.27421875 0.409375 0.028125 0.025
0 0.24453125 0.4046875 0.028125 0.025
0 0.24453125 0.365625 0.028125 0.028125
0 0.23046875 0.428125 0.03125 0.025
0 0.24609375 0.4625 0.0328125 0.028125
0 0.16953125 0.5296875 0.0328125 0.0296875
0 0.16640625 0.48125 0.034375 0.028125
0 0.16640625 0.4390625 0.0296875 0.0265625
0 0.1703125 0.38515625 0.03125 0.025
0 0.190625 0.3109375 0.028125 0.025
0 0.21796875 0.35625 0.028125 0.025
0 0.22578125 0.30625 0.028125 0.025
0 0.21328125 0.2625 0.028125 0.021875
0 0.19921875 0.20703125 0.0296875 0.0234375