0 0.6671875 0.525 0.04375 0.0453125
0 0.6375 0.4828125 0.046875 0.0453125
0 0.615625 0.5140625 0.04375 0.0421875
0 0.57734375 0.4984375 0.04375 0.04375
0 0.6546875 0.634375 0.046875 0.046875
0 0.5453125 0.521875 0.04375 0.040625
0 0.58515625 0.63671875 0.046875 0.04375
0 0.53671875 0.60546875 0.0484375 0.04375
0 0.5359375 0.4828125 0.0484375 0.0453125
0 0.5359375 0.68984375 0.04375 0.05
0 0.5015625 0.7203125 0.0484375 0.046875
0 0.50546875 0.63203125 0.046875 0.04375
0 0.5046875 0.58046875 0.046875 0.0453125
0 0.47890625 0.6046875 0.04375 0.0484375
0 0.49140625 0.51015625 0.04375 0.0453125
0 0.42734375 0.6515625 0.046875 0.04375
0 0.396875 0.5921875 0.046875 0.046875
0 0.353125 0.5484375 0.04375 0.04375
0 0.44453125 0.421875 0.04375 0.04375
0 0.43046875 0.4609375 0.046875 0.0421875
0 0.38828125 0.48671875 0.04375 0.0421875
0 0.37578125 0.4453125 0.0453125 0.046875
0 0.73203125 0.225 0.0515625 0.053125
0 0.64921875 0.19296875 0.053125 0.05
0 0.59765625 0.325 0.0515625 0.04375
0 0.61015625 0.371875 0.05 0.04375
0 0.58828125 0.41796875 0.0453125 0.04375
0 0.55 0.28125 0.053125 0.05
0 0.52265625 0.31640625 0.05 0.0453125
0 0.49140625 0.36015625 0.0453125 0.0421875