0 0.00546875 0.59765625 0.0109375 0.0359375
0 0.0375 0.4375 0.03125 0.0296875
0 0.06484375 0.3765625 0.03125 0.028125
0 0.0953125 0.3765625 0.03125 0.03125
0 0.0859375 0.35703125 0.03125 0.025
0 0.0796875 0.3359375 0.028125 0.028125
0 0.10703125 0.3390625 0.03125 0.0265625
0 0.378125 0.67890625 0.034375 0.0328125
0 0.38359375 0.70625 0.0375 0.0328125
0 0.3921875 0.73515625 0.0328125 0.034375
0 0.42265625 0.73203125 0.034375 0.0328125
0 0.42109375 0.703125 0.034375 0.0328125
0 0.465625 0.715625 0.0421875 0.0359375
0 0.5015625 0.81640625 0.0359375 0.0390625
0 0.55234375 0.8859375 0.0375 0.0390625
0 0.65234375 0.87265625 0.0375 0.0375
0 0.16640625 0.56640625 0.0359375 0.0296875
0 0.1796875 0.54375 0.03125 0.028125
0 0.184375 0.484375 0.03125 0.028125
0 0.1921875 0.4609375 0.03125 0.0296875
0 0.18671875 0.50859375 0.028125 0.03125
0 0.21015625 0.5265625 0.03125 0.028125
0 0.2140625 0.503125 0.03125 0.025
0 0.21328125 0.47890625 0.0328125 0.03125
0 0.19296875 0.7828125 0.0359375 0.0421875
0 0.11796875 0.6734375 0.034375 0.0328125
0 0.14765625 0.725 0.0375 0.0328125
0 0.15078125 0.6875 0.034375 0.0328125
0 0.1671875 0.6625 0.034375 0.0328125
0 0.20703125 0.578125 0.03125 0.03125
0 0.2140625 0.6140625 0.03125 0.0296875
0 0.2671875 0.6609375 0.0359375 0.0359375
0 0.23984375 0.63515625 0.034375 0.03125
0 0.24453125 0.61015625 0.03125 0.028125
0 0.22890625 0.5921875 0.028125 0.0265625
0 0.24296875 0.56875 0.03125 0.0296875
0 0.265625 0.5921875 0.028125 0.028125
0 0.26875 0.56640625 0.034375 0.0328125
0 0.2203125 0.4109375 0.028125 0.0296875
0 0.2421875 0.3953125 0.028125 0.025
0 0.26015625 0.371875 0.028125 0.0265625
0 0.25625 0.4109375 0.0296875 0.028125
0 0.26953125 0.390625 0.03125 0.025
0 0.28515625 0.37109375 0.028125 0.028125
0 0.26015625 0.44453125 0.03125 0.0296875
0 0.26171875 0.49921875 0.034375 0.034375
0 0.27890625 0.4734375 0.03125 0.0296875
0 0.2859375 0.4390625 0.028125 0.028125
0 0.3109375 0.428125 0.0296875 0.028125
0 0.29375 0.4953125 0.028125 0.0265625
0 0.30625 0.47265625 0.028125 0.025
0 0.31796875 0.45078125 0.028125 0.0265625
0 0.29609375 0.5421875 0.03125 0.028125
0 0.3140625 0.58125 0.03125 0.028125
0 0.3171875 0.55390625 0.03125 0.03125
0 0.315625 0.52109375 0.0296875 0.028125
0 0.33671875 0.50078125 0.03125 0.028125
0 0.334375 0.4765625 0.0296875 0.025
0 0.3421875 0.453125 0.0296875 0.028125
0 0.33828125 0.42890625 0.0265625 0.028125
0 0.309375 0.375 0.0265625 0.025
0 0.32890625 0.39375 0.03125 0.028125
0 0.3484375 0.40859375 0.0296875 0.028125
0 0.35390625 0.35546875 0.0328125 0.028125
0 0.36015625 0.4734375 0.028125 0.0265625
0 0.37109375 0.521875 0.028125 0.028125
0 0.36796875 0.49765625 0.028125 0.0265625
0 0.384375 0.47578125 0.028125 0.028125
0 0.39609375 0.38984375 0.0296875 0.0296875
0 0.4484375 0.3953125 0.028125 0.03125
0 0.41953125 0.4375 0.03125 0.028125
0 0.43984375 0.42265625 0.028125 0.028125
0 0.39140625 0.553125 0.03125 0.03125
0 0.42890625 0.50234375 0.034375 0.0328125
0 0.44609375 0.47578125 0.028125 0.028125
0 0.49453125 0.4625 0.034375 0.0328125
0 0.5234375 0.42578125 0.028125 0.0296875
0 0.53046875 0.4515625 0.028125 0.025
0 0.49609375 0.51484375 0.0296875 0.028125
0 0.51328125 0.4984375 0.028125 0.0265625
0 0.45546875 0.53515625 0.028125 0.0296875
0 0.48125 0.534375 0.0296875 0.0296875
0 0.49921875 0.54921875 0.0296875 0.028125
0 0.51875 0.5296875 0.028125 0.0265625
0 0.5328125 0.54921875 0.0296875 0.028125
0 0.53828125 0.49921875 0.028125 0.028125
0 0.55078125 0.52265625 0.03125 0.028125
0 0.5625 0.47578125 0.028125 0.025
0 0.565625 0.453125 0.028125 0.025
0 0.5640625 0.49921875 0.028125 0.028125
0 0.5625 0.54765625 0.0296875 0.03125
0 0.58515625 0.5375 0.028125 0.028125
0 0.5859375 0.5140625 0.028125 0.025
0 0.6421875 0.4265625 0.028125 0.025
0 0.65625 0.41015625 0.028125 0.025
0 0.65546875 0.44453125 0.025 0.025
0 0.67109375 0.428125 0.028125 0.025
0 0.59765625 0.4953125 0.028125 0.025
0 0.6078125 0.46875 0.028125 0.028125
0 0.63046875 0.4734375 0.025 0.028125
0 0.62265625 0.5015625 0.028125 0.028125
0 0.64609375 0.49453125 0.0265625 0.025
0 0.65703125 0.47421875 0.028125 0.025
0 0.6609375 0.525 0.03125 0.028125
0 0.6703125 0.50078125 0.028125 0.025
0 0.6796875 0.45390625 0.03125 0.025
0 0.70078125 0.4453125 0.028125 0.025
0 0.6921875 0.47890625 0.0296875 0.0265625
0 0.69140625 0.51953125 0.028125 0.025
0 0.71796875 0.52890625 0.028125 0.0265625
0 0.68828125 0.5421875 0.0296875 0.0265625
0 0.71328125 0.5515625 0.028125 0.025
0 0.68203125 0.57421875 0.028125 0.028125
0 0.70859375 0.57578125 0.03125 0.0265625
0 0.64609375 0.64609375 0.028125 0.03125
0 0.6671875 0.628125 0.028125 0.0265625
0 0.69453125 0.61796875 0.0296875 0.028125
0 0.70859375 0.6 0.03125 0.0265625
0 0.6625 0.73671875 0.0328125 0.03125
0 0.65 0.7015625 0.0328125 0.03125
0 0.67265625 0.68984375 0.0328125 0.03125
0 0.68828125 0.7171875 0.03125 0.03125
0 0.7015625 0.675 0.03125 0.0296875
0 0.725 0.70859375 0.0296875 0.0296875
0 0.7640625 0.7453125 0.03125 0.03125
0 0.7515625 0.71953125 0.03125 0.028125
0 0.7484375 0.69140625 0.03125 0.0296875
0 0.71953125 0.63125 0.0296875 0.028125
0 0.73359375 0.609375 0.028125 0.028125
0 0.7484375 0.63828125 0.028125 0.028125
0 0.75859375 0.61484375 0.028125 0.028125
0 0.77421875 0.6453125 0.03125 0.028125
0 0.78359375 0.6125 0.028125 0.028125
0 0.753125 0.5640625 0.028125 0.0265625
0 0.7484375 0.53984375 0.03125 0.025
0 0.73671875 0.5171875 0.028125 0.0265625
0 0.7125 0.50625 0.028125 0.025
0 0.71640625 0.4828125 0.028125 0.025
0 0.7359375 0.46796875 0.028125 0.025
0 0.740625 0.49375 0.0296875 0.025
0 0.76015625 0.509375 0.0296875 0.025
0 0.7625 0.4484375 0.028125 0.028125
0 0.78671875 0.45390625 0.028125 0.025
0 0.81015625 0.46796875 0.028125 0.025
0 0.821875 0.45 0.028125 0.0265625
0 0.8296875 0.67734375 0.03125 0.0296875
0 0.86328125 0.6859375 0.03125 0.025
0 0.88671875 0.66171875 0.03125 0.0296875
0 0.90546875 0.64765625 0.03125 0.0265625
0 0.83203125 0.58515625 0.03125 0.028125
0 0.8796875 0.5984375 0.03125 0.0265625
0 0.90703125 0.596875 0.0296875 0.028125
0 0.8578125 0.46796875 0.028125 0.025
0 0.871875 0.45390625 0.028125 0.025
0 0.8734375 0.4875 0.028125 0.028125
0 0.890625 0.4703125 0.028125 0.025
0 0.85546875 0.5125 0.03125 0.0265625
0 0.8703125 0.53515625 0.0296875 0.0265625
0 0.88984375 0.5171875 0.0296875 0.025
0 0.8984375 0.55234375 0.028125 0.025
0 0.91171875 0.5328125 0.0296875 0.0265625