0 0.6765625 0.44453125 0.0359375 0.0359375
0 0.59765625 0.36171875 0.034375 0.0375
0 0.946875 0.1453125 0.0453125 0.0453125
0 0.77578125 0.1671875 0.0421875 0.05
0 0.92109375 0.62109375 0.0453125 0.0453125
0 0.85078125 0.28515625 0.04375 0.046875
0 0.88203125 0.30703125 0.0421875 0.0453125
0 0.83125 0.2140625 0.040625 0.040625
0 0.85703125 0.42578125 0.04375 0.0453125
0 0.71328125 0.71796875 0.046875 0.0421875
0 0.1109375 0.55625 0.028125 0.0328125
0 0.8015625 0.271875 0.040625 0.0390625
0 0.74765625 0.228125 0.040625 0.0421875
0 0.76171875 0.25546875 0.0453125 0.04375
0 0.6921875 0.2875 0.0453125 0.0453125
0 0.7296875 0.3 0.040625 0.040625
0 0.10703125 0.5828125 0.028125 0.0328125
0 0.784375 0.225 0.040625 0.040625
0 0.60078125 0.27265625 0.0375 0.0390625
0 0.80234375 0.34375 0.040625 0.040625
0 0.84921875 0.53671875 0.0453125 0.046875
0 0.61875 0.29765625 0.0375 0.040625
0 0.4078125 0.84140625 0.0359375 0.040625
0 0.8125 0.4109375 0.0421875 0.0421875
0 0.76171875 0.35390625 0.04375 0.04375
0 0.73984375 0.33046875 0.04375 0.0421875
0 0.6953125 0.52421875 0.0390625 0.040625
0 0.784375 0.58203125 0.046875 0.0421875
0 0.65390625 0.68828125 0.0421875 0.04375
0 0.78203125 0.3875 0.04375 0.0453125
0 0.62890625 0.3265625 0.0375 0.0390625
0 0.6703125 0.325 0.0375 0.040625
0 0.7328125 0.38671875 0.040625 0.040625
0 0.74375 0.4296875 0.040625 0.040625
0 0.8125 0.5078125 0.0453125 0.04375
0 0.81484375 0.471875 0.0453125 0.04375
0 0.79609375 0.54609375 0.0453125 0.04375
0 0.68828125 0.47421875 0.040625 0.040625
0 0.73125 0.61328125 0.040625 0.0390625
0 0.35546875 0.76171875 0.034375 0.0375
0 0.796875 0.4453125 0.04375 0.0453125
0 0.63984375 0.35078125 0.0375 0.0375
0 0.72109375 0.47421875 0.040625 0.040625
0 0.76328125 0.51875 0.04375 0.04375
0 0.62109375 0.38125 0.0375 0.0390625
0 0.68125 0.3546875 0.0375 0.0390625
0 0.6 0.4046875 0.0375 0.0390625
0 0.75078125 0.5546875 0.040625 0.040625
0 0.72734375 0.51328125 0.040625 0.040625
0 0.709375 0.44296875 0.040625 0.040625
0 0.56328125 0.465625 0.0359375 0.0375
0 0.56953125 0.36171875 0.0375 0.0390625
0 0.66640625 0.41640625 0.040625 0.040625
0 0.65625 0.64453125 0.040625 0.040625
0 0.6515625 0.47265625 0.0390625 0.040625
0 0.5609375 0.39140625 0.0375 0.0390625
0 0.66796875 0.50625 0.040625 0.0390625
0 0.621875 0.6640625 0.0375 0.040625
0 0.55546875 0.43671875 0.0359375 0.0375
0 0.69765625 0.38203125 0.040625 0.0421875
0 0.6140625 0.44140625 0.0375 0.0375
0 0.51796875 0.440625 0.034375 0.0390625
0 0.634375 0.40703125 0.0390625 0.0375
0 0.66640625 0.384375 0.040625 0.040625
0 0.60390625 0.53046875 0.0375 0.0390625
0 0.53359375 0.47265625 0.0359375 0.0375
0 0.63515625 0.50859375 0.0375 0.0390625
0 0.53828125 0.4125 0.0359375 0.0375
0 0.58515625 0.43359375 0.0375 0.0375
0 0.52890625 0.50625 0.0359375 0.0375
0 0.5953125 0.46484375 0.0375 0.0375
0 0.70546875 0.58828125 0.040625 0.040625
0 0.38125 0.778125 0.034375 0.0390625
0 0.675 0.615625 0.040625 0.040625
0 0.71875 0.55078125 0.040625 0.040625
0 0.76796875 0.4828125 0.0421875 0.0421875
0 0.55546875 0.49609375 0.0375 0.0375
0 0.590625 0.50234375 0.0390625 0.0390625
0 0.50546875 0.46875 0.0375 0.0375
0 0.63984375 0.54140625 0.0390625 0.040625
0 0.67265625 0.55078125 0.040625 0.040625
0 0.5578125 0.52734375 0.0375 0.0375
0 0.5796875 0.55703125 0.0375 0.0390625
0 0.62265625 0.62578125 0.0375 0.0390625
0 0.646875 0.44140625 0.0390625 0.0390625
0 0.4015625 0.8 0.034375 0.0390625
0 0.6734375 0.58359375 0.040625 0.040625
0 0.57890625 0.709375 0.0375 0.040625
0 0.61328125 0.48203125 0.040625 0.0390625
0 0.56953125 0.6140625 0.0375 0.0375
0 0.51484375 0.59765625 0.0359375 0.0375
0 0.61796875 0.59609375 0.0375 0.0375
0 0.53125 0.5390625 0.0375 0.0375
0 0.609375 0.56640625 0.0375 0.0375
0 0.47265625 0.559375 0.034375 0.0390625
0 0.48046875 0.590625 0.0375 0.0390625
0 0.49296875 0.49765625 0.0359375 0.0375
0 0.53125 0.56875 0.0359375 0.0375
0 0.58828125 0.64140625 0.0375 0.0390625
0 0.63828125 0.57265625 0.040625 0.040625
0 0.559375 0.58359375 0.0375 0.0375
0 0.55625 0.68828125 0.0375 0.040625
0 0.49921875 0.56640625 0.034375 0.0390625
0 0.50625 0.5265625 0.0375 0.0390625
0 0.55078125 0.63671875 0.0359375 0.0375
0 0.4859375 0.6234375 0.0375 0.0375
0 0.4203125 0.59296875 0.0375 0.0375
0 0.478125 0.5265625 0.0375 0.0375
0 0.45234375 0.59609375 0.0375 0.0375
0 0.5171875 0.62890625 0.0375 0.0375
0 0.45546875 0.6390625 0.034375 0.0375
0 0.4828125 0.7984375 0.0375 0.040625
0 0.534375 0.66640625 0.0359375 0.0390625
0 0.5875 0.5890625 0.0375 0.0375
0 0.45 0.80859375 0.0359375 0.040625
0 0.43984375 0.56953125 0.0359375 0.0375
0 0.434375 0.6203125 0.0375 0.0375
0 0.43125 0.65078125 0.034375 0.0375
0 0.5078125 0.6609375 0.0375 0.0390625
0 0.4796875 0.66015625 0.0375 0.040625
0 0.5359375 0.7234375 0.0375 0.040625
0 0.52421875 0.69453125 0.0359375 0.0375
0 0.50859375 0.78359375 0.0390625 0.04375
0 0.453125 0.671875 0.034375 0.0375
0 0.4078125 0.63203125 0.034375 0.0390625
0 0.546875 0.75390625 0.0390625 0.0421875
0 0.496875 0.721875 0.0359375 0.040625
0 0.54140625 0.6078125 0.0359375 0.0375
0 0.4015625 0.67265625 0.0359375 0.0375
0 0.4640625 0.73359375 0.034375 0.0375
0 0.4953125 0.68984375 0.034375 0.0390625
0 0.459375 0.70234375 0.0375 0.040625
0 0.42265625 0.69296875 0.0375 0.040625
0 0.3890625 0.70390625 0.0359375 0.0375
0 0.5140625 0.75 0.0375 0.0390625
0 0.40546875 0.75390625 0.034375 0.0375
0 0.40703125 0.72265625 0.0359375 0.0390625
0 0.43515625 0.75546875 0.0359375 0.0390625
0 0.428125 0.78671875 0.0375 0.040625
0 0.4609375 0.7703125 0.0359375 0.040625
0 0.4859375 0.75625 0.0359375 0.0390625
0 0.43125 0.72421875 0.034375 0.0375