0 0.8109375 0.840625 0.0265625 0.028125
0 0.23046875 0.85546875 0.0265625 0.025
0 0.17109375 0.94609375 0.025 0.0265625
0 0.84765625 0.74765625 0.025 0.025
0 0.69765625 0.840625 0.0265625 0.028125
0 0.825 0.47734375 0.025 0.025
0 0.8296875 0.40703125 0.025 0.025
0 0.20390625 0.75703125 0.025 0.025
0 0.31484375 0.76640625 0.025 0.025
0 0.13359375 0.64765625 0.025 0.025
0 0.79453125 0.7265625 0.025 0.025
0 0.61015625 0.56640625 0.025 0.025
0 0.33203125 0.82734375 0.025 0.025
0 0.78046875 0.42265625 0.025 0.025
0 0.6265625 0.90703125 0.025 0.028125
0 0.2515625 0.5875 0.025 0.025
0 0.38046875 0.4453125 0.025 0.025
0 0.24609375 0.7515625 0.025 0.025
0 0.6703125 0.3765625 0.025 0.025
0 0.82421875 0.73359375 0.025 0.0265625
0 0.6375 0.8375 0.028125 0.028125
0 0.40390625 0.69375 0.025 0.025
0 0.7265625 0.48515625 0.025 0.025
0 0.17890625 0.615625 0.028125 0.025
0 0.31484375 0.73984375 0.0265625 0.0265625
0 0.74765625 0.43671875 0.025 0.028125
0 0.19609375 0.73046875 0.025 0.025
0 0.7875 0.34140625 0.025 0.025
0 0.37421875 0.51640625 0.025 0.025
0 0.2859375 0.72890625 0.025 0.025
0 0.7765625 0.525 0.025 0.025
0 0.7328125 0.76015625 0.025 0.0265625
0 0.54765625 0.4890625 0.025 0.028125
0 0.45390625 0.8734375 0.025 0.028125
0 0.3828125 0.85 0.025 0.025
0 0.690625 0.49453125 0.025 0.025
0 0.7375 0.7015625 0.025 0.0265625
0 0.3625 0.81875 0.025 0.025
0 0.40390625 0.8515625 0.025 0.025
0 0.796875 0.66953125 0.025 0.028125
0 0.721875 0.52421875 0.025 0.025
0 0.7515625 0.54140625 0.025 0.028125
0 0.17578125 0.67734375 0.028125 0.025
0 0.69609375 0.803125 0.025 0.0265625
0 0.2359375 0.646875 0.025 0.0265625
0 0.5 0.85859375 0.0234375 0.025
0 0.78359375 0.64296875 0.025 0.0265625
0 0.3703125 0.79296875 0.025 0.028125
0 0.6703125 0.4984375 0.028125 0.025
0 0.18984375 0.65546875 0.025 0.025
0 0.70625 0.7140625 0.025 0.025
0 0.3921875 0.81015625 0.025 0.025
0 0.47421875 0.55234375 0.025 0.0265625
0 0.62421875 0.78671875 0.025 0.0265625
0 0.2390625 0.70859375 0.025 0.025
0 0.25859375 0.7140625 0.028125 0.0265625
0 0.53671875 0.8484375 0.025 0.028125
0 0.2234375 0.67734375 0.025 0.025
0 0.60546875 0.62421875 0.025 0.025
0 0.67578125 0.7984375 0.025 0.028125
0 0.72890625 0.553125 0.025 0.025
0 0.7078125 0.7671875 0.025 0.028125
0 0.72265625 0.57578125 0.025 0.025
0 0.2609375 0.690625 0.025 0.025
0 0.66640625 0.7390625 0.025 0.0265625
0 0.55625 0.54921875 0.025 0.025
0 0.75546875 0.6171875 0.025 0.0265625
0 0.421875 0.79609375 0.025 0.0265625
0 0.60546875 0.80703125 0.025 0.0265625
0 0.5171875 0.62734375 0.025 0.025
0 0.24453125 0.67109375 0.025 0.025
0 0.68203125 0.70390625 0.025 0.025
0 0.7515625 0.675 0.025 0.025
0 0.421875 0.8296875 0.025 0.028125
0 0.6609375 0.7703125 0.0234375 0.025
0 0.69140625 0.65 0.025 0.0265625
0 0.5171875 0.53125 0.025 0.028125
0 0.7484375 0.6421875 0.025 0.025
0 0.3625 0.65234375 0.025 0.028125
0 0.396875 0.53359375 0.025 0.025
0 0.58046875 0.675 0.025 0.025
0 0.590625 0.78046875 0.025 0.0265625
0 0.45 0.26796875 0.025 0.025
0 0.65 0.63515625 0.025 0.025
0 0.596875 0.29453125 0.0265625 0.0265625
0 0.54140625 0.5265625 0.025 0.025
0 0.58515625 0.828125 0.025 0.0265625
0 0.68515625 0.7625 0.025 0.028125
0 0.71328125 0.68203125 0.025 0.025
0 0.58515625 0.64765625 0.028125 0.028125
0 0.77109375 0.66640625 0.025 0.028125
0 0.72578125 0.6640625 0.0265625 0.028125
0 0.3234375 0.59765625 0.025 0.0265625
0 0.70859375 0.59609375 0.025 0.025
0 0.5171875 0.56640625 0.028125 0.025
0 0.60703125 0.75 0.025 0.0265625
0 0.48359375 0.67734375 0.025 0.0265625
0 0.60703125 0.68515625 0.025 0.025
0 0.70703125 0.61953125 0.025 0.025
0 0.534375 0.671875 0.025 0.0265625
0 0.465625 0.72109375 0.025 0.028125
0 0.39140625 0.565625 0.025 0.025
0 0.65390625 0.69453125 0.025 0.025
0 0.72890625 0.62421875 0.025 0.025
0 0.3984375 0.6453125 0.025 0.028125
0 0.6796875 0.68125 0.025 0.0265625
0 0.43671875 0.678125 0.025 0.025
0 0.49453125 0.6421875 0.025 0.025
0 0.4625 0.74921875 0.025 0.0265625
0 0.590625 0.71328125 0.025 0.0265625
0 0.62421875 0.6421875 0.025 0.028125
0 0.453125 0.78359375 0.025 0.028125
0 0.65546875 0.6703125 0.025 0.0265625
0 0.621875 0.73046875 0.025 0.028125
0 0.45859375 0.678125 0.025 0.025
0 0.6265625 0.67265625 0.025 0.0265625
0 0.6390625 0.71640625 0.025 0.0265625
0 0.7296875 0.6015625 0.025 0.0265625
0 0.35078125 0.62890625 0.025 0.025
0 0.4453125 0.8046875 0.0234375 0.025
0 0.5703125 0.7203125 0.025 0.0265625
0 0.3390625 0.5734375 0.025 0.0265625
0 0.5703125 0.80546875 0.025 0.0265625
0 0.490625 0.73359375 0.025 0.0265625
0 0.490625 0.59296875 0.025 0.0265625
0 0.48515625 0.84375 0.0234375 0.025
0 0.4765625 0.80234375 0.025 0.0265625
0 0.37734375 0.5421875 0.025 0.028125
0 0.3578125 0.56171875 0.025 0.0265625
0 0.446875 0.828125 0.0234375 0.025
0 0.49296875 0.82109375 0.025 0.025
0 0.534375 0.553125 0.025 0.025
0 0.56875 0.74375 0.0265625 0.0265625
0 0.66875 0.6484375 0.025 0.025
0 0.5015625 0.703125 0.025 0.0265625
0 0.5125 0.8375 0.025 0.0265625
0 0.45546875 0.58046875 0.0265625 0.0265625
0 0.5125 0.18203125 0.025 0.0265625
0 0.56328125 0.7796875 0.025 0.025
0 0.53984375 0.69453125 0.025 0.025
0 0.44921875 0.240625 0.025 0.0265625
0 0.53359375 0.8234375 0.025 0.025
0 0.371875 0.62109375 0.025 0.025
0 0.50546875 0.78359375 0.025 0.025
0 0.5421875 0.7734375 0.025 0.028125
0 0.4625 0.84921875 0.025 0.025
0 0.478125 0.61953125 0.025 0.0265625
0 0.54375 0.74296875 0.025 0.0265625
0 0.47890625 0.7734375 0.025 0.0265625
0 0.55625 0.8265625 0.0265625 0.0265625
0 0.36015625 0.59453125 0.025 0.025
0 0.39453125 0.615625 0.025 0.025
0 0.51796875 0.7640625 0.025 0.028125
0 0.46875 0.82890625 0.025 0.0265625
0 0.5234375 0.71015625 0.025 0.028125
0 0.38125 0.59375 0.025 0.025
0 0.51171875 0.221875 0.025 0.025
0 0.515625 0.81328125 0.025 0.025
0 0.41015625 0.59609375 0.025 0.028125
0 0.50703125 0.1140625 0.025 0.025
0 0.5421875 0.721875 0.025 0.0265625
0 0.5484375 0.80546875 0.025 0.025
0 0.43671875 0.21796875 0.025 0.0265625
0 0.51796875 0.73515625 0.025 0.028125
0 0.4703125 0.1109375 0.025 0.025
0 0.4546875 0.65546875 0.025 0.025
0 0.34453125 0.6078125 0.025 0.025
0 0.496875 0.75625 0.025 0.0265625
0 0.5328125 0.17734375 0.0265625 0.025
0 0.5296875 0.140625 0.025 0.025
0 0.5296875 0.790625 0.025 0.0265625
0 0.509375 0.203125 0.0234375 0.025
0 0.45234375 0.61484375 0.025 0.025
0 0.46953125 0.5984375 0.025 0.025
0 0.43359375 0.6546875 0.025 0.025
0 0.42734375 0.63515625 0.0265625 0.0265625
0 0.42578125 0.6140625 0.025 0.025
0 0.4609375 0.63515625 0.025 0.0265625
0 0.56171875 0.1875 0.025 0.0265625
0 0.46875 0.23046875 0.025 0.0296875
0 0.43984375 0.596875 0.0265625 0.028125