0 0.49375 0.71171875 0.0171875 0.0203125
0 0.5140625 0.71015625 0.0171875 0.0203125
0 0.50703125 0.69140625 0.0171875 0.0203125
0 0.5140625 0.665625 0.0171875 0.01875
0 0.4984375 0.65234375 0.0171875 0.0203125
0 0.446875 0.6796875 0.0171875 0.01875
0 0.41484375 0.75390625 0.01875 0.0171875
0 0.359375 0.79140625 0.0171875 0.01875
0 0.346875 0.73984375 0.0171875 0.0171875
0 0.29921875 0.7546875 0.015625 0.0171875
0 0.2890625 0.76796875 0.0140625 0.015625
0 0.28515625 0.75390625 0.015625 0.015625
0 0.26953125 0.76484375 0.0140625 0.015625
0 0.2734375 0.78125 0.0140625 0.0171875
0 0.2375 0.78125 0.0140625 0.0140625
0 0.23828125 0.7671875 0.0140625 0.0171875
0 0.25 0.765625 0.0125 0.015625
0 0.246875 0.75078125 0.0140625 0.0140625
0 0.2609375 0.75078125 0.0140625 0.015625
0 0.2765625 0.73671875 0.0140625 0.015625
0 0.2546875 0.7203125 0.015625 0.015625
0 0.2890625 0.73515625 0.0140625 0.0171875
0 0.2609375 0.70546875 0.0140625 0.015625
0 0.2 0.77109375 0.0140625 0.0171875
0 0.1921875 0.79140625 0.0140625 0.0140625
0 0.4109375 0.69609375 0.0140625 0.0171875
0 0.43515625 0.7015625 0.0140625 0.015625
0 0.425 0.6921875 0.0140625 0.015625
0 0.41875 0.6765625 0.0171875 0.0171875
0 0.40546875 0.66171875 0.015625 0.0171875
0 0.34375 0.64921875 0.0140625 0.0171875
0 0.40625 0.6359375 0.015625 0.0203125
0 0.41015625 0.61796875 0.015625 0.01875
0 0.425 0.62265625 0.0140625 0.0171875
0 0.42265625 0.60625 0.0171875 0.0171875
0 0.434375 0.61328125 0.0171875 0.0171875
0 0.4828125 0.62890625 0.0140625 0.0203125
0 0.29765625 0.671875 0.0140625 0.0171875
0 0.2625 0.65 0.0171875 0.0171875
0 0.20703125 0.61796875 0.015625 0.0140625
0 0.175 0.61484375 0.0171875 0.0171875
0 0.1546875 0.6171875 0.0140625 0.0171875
0 0.1484375 0.58828125 0.0140625 0.0171875
0 0.1703125 0.59375 0.0140625 0.0171875
0 0.19140625 0.58984375 0.015625 0.0171875
0 0.265625 0.58984375 0.015625 0.0171875
0 0.3 0.5953125 0.0140625 0.015625
0 0.3125 0.59296875 0.0125 0.0171875
0 0.31796875 0.58203125 0.0140625 0.015625
0 0.32734375 0.5890625 0.0140625 0.0171875
0 0.32578125 0.57265625 0.0140625 0.0140625
0 0.33515625 0.57890625 0.0140625 0.0171875
0 0.3453125 0.60078125 0.015625 0.0171875
0 0.3453125 0.58515625 0.0140625 0.0171875
0 0.3578125 0.5859375 0.0125 0.0109375
0 0.35625 0.578125 0.0125 0.0140625
0 0.35703125 0.6 0.0125 0.0171875
0 0.36875 0.596875 0.0125 0.0140625
0 0.37109375 0.58359375 0.0140625 0.0140625
0 0.384375 0.59921875 0.0140625 0.0171875
0 0.38359375 0.584375 0.015625 0.015625
0 0.378125 0.57265625 0.0140625 0.0140625
0 0.40234375 0.578125 0.0140625 0.0171875
0 0.39921875 0.559375 0.0140625 0.0171875
0 0.38984375 0.56796875 0.0140625 0.0171875
0 0.384375 0.55390625 0.0140625 0.0171875
0 0.37421875 0.56015625 0.015625 0.0171875
0 0.36328125 0.56796875 0.0140625 0.0140625
0 0.353125 0.5609375 0.0140625 0.0140625
0 0.34375 0.5703125 0.0125 0.0140625
0 0.33359375 0.5625 0.0140625 0.0140625
0 0.31875 0.55625 0.0140625 0.0171875
0 0.3421875 0.553125 0.0140625 0.015625
0 0.35234375 0.546875 0.0140625 0.0171875
0 0.371875 0.54375 0.0140625 0.0171875
0 0.384375 0.53046875 0.0140625 0.015625
0 0.3796875 0.51484375 0.0140625 0.0171875
0 0.39765625 0.5046875 0.0140625 0.015625
0 0.39296875 0.51640625 0.0140625 0.0171875
0 0.38125 0.4984375 0.0140625 0.015625
0 0.36640625 0.5015625 0.0140625 0.0171875
0 0.3546875 0.5015625 0.0125 0.0171875
0 0.340625 0.50546875 0.0171875 0.0140625
0 0.33359375 0.49765625 0.0140625 0.015625
0 0.353125 0.4859375 0.0140625 0.0140625
0 0.37890625 0.4828125 0.0140625 0.015625
0 0.38984375 0.4875 0.0140625 0.015625
0 0.34765625 0.47890625 0.0140625 0.0140625
0 0.33671875 0.48125 0.0140625 0.0140625
0 0.32578125 0.4890625 0.0140625 0.0140625
0 0.31640625 0.49609375 0.0140625 0.015625
0 0.3046875 0.50078125 0.0140625 0.015625
0 0.3125 0.5125 0.0140625 0.015625
0 0.2921875 0.5015625 0.0140625 0.0171875
0 0.27265625 0.5171875 0.0140625 0.0171875
0 0.2671875 0.503125 0.015625 0.015625
0 0.25234375 0.5171875 0.0140625 0.015625
0 0.24296875 0.5015625 0.0140625 0.0171875
0 0.21953125 0.5140625 0.0171875 0.0171875
0 0.19453125 0.546875 0.0171875 0.015625
0 0.27265625 0.5421875 0.0171875 0.0171875
0 0.30703125 0.48828125 0.0140625 0.0140625
0 0.30390625 0.47578125 0.0140625 0.0140625
0 0.29453125 0.46875 0.0140625 0.0140625
0 0.28359375 0.4671875 0.0171875 0.0171875
0 0.2953125 0.453125 0.015625 0.0140625
0 0.3078125 0.46015625 0.0140625 0.0140625
0 0.31640625 0.465625 0.015625 0.0140625
0 0.31796875 0.478125 0.0140625 0.015625
0 0.32890625 0.471875 0.0140625 0.015625
0 0.32890625 0.459375 0.0140625 0.015625
0 0.3234375 0.44765625 0.0140625 0.0140625
0 0.30859375 0.44609375 0.0140625 0.0140625
0 0.3078125 0.43359375 0.0140625 0.015625
0 0.296875 0.43359375 0.0140625 0.0171875
0 0.29765625 0.41953125 0.0140625 0.0140625
0 0.31953125 0.41640625 0.0140625 0.0171875
0 0.3359375 0.41484375 0.0140625 0.015625
0 0.32734375 0.428125 0.0140625 0.0171875
0 0.31796875 0.43671875 0.0140625 0.0140625
0 0.33515625 0.44140625 0.0140625 0.015625
0 0.3578125 0.44375 0.0140625 0.0171875
0 0.34921875 0.45234375 0.0171875 0.015625
0 0.3390625 0.4609375 0.0140625 0.015625
0 0.35 0.465625 0.0140625 0.0171875
0 0.35390625 0.40703125 0.015625 0.0140625
0 0.36875 0.4015625 0.0140625 0.0140625
0 0.39453125 0.3890625 0.0171875 0.0171875
0 0.38203125 0.39609375 0.0140625 0.015625
0 0.33359375 0.3828125 0.0171875 0.015625
0 0.31796875 0.3828125 0.0140625 0.0171875
0 0.30390625 0.38515625 0.0140625 0.015625
0 0.2890625 0.39453125 0.0140625 0.0171875
0 0.30078125 0.371875 0.0171875 0.0171875
0 0.2984375 0.3578125 0.0171875 0.0140625
0 0.30703125 0.346875 0.0171875 0.01875
0 0.34296875 0.3546875 0.0171875 0.01875
0 0.40859375 0.35390625 0.0171875 0.01875
0 0.39453125 0.34765625 0.015625 0.0171875
0 0.38046875 0.353125 0.0171875 0.015625
0 0.37578125 0.34140625 0.0171875 0.015625
0 0.37421875 0.325 0.0171875 0.0171875
0 0.39765625 0.30859375 0.0171875 0.0171875
0 0.3875 0.2953125 0.0171875 0.0171875