0 0.853125 0.39765625 0.0328125 0.02890625
0 0.81953125 0.41015625 0.03125 0.0265625
0 0.53671875 0.37734375 0.03671875 0.02890625
0 0.55703125 0.44609375 0.04140625 0.03203125
0 0.621875 0.46171875 0.03984375 0.02890625
0 0.5625 0.48046875 0.03515625 0.02734375
0 0.54765625 0.5046875 0.0375 0.02734375
0 0.55390625 0.5328125 0.0375 0.0296875
0 0.496875 0.48203125 0.03984375 0.028125
0 0.49453125 0.5109375 0.034375 0.02734375
0 0.46953125 0.465625 0.0359375 0.03125
0 0.4203125 0.43828125 0.0390625 0.03046875
0 0.415625 0.46796875 0.034375 0.02890625
0 0.38046875 0.4796875 0.03828125 0.02890625
0 0.40078125 0.50703125 0.03984375 0.02890625
0 0.43671875 0.49296875 0.0359375 0.02578125
0 0.459375 0.515625 0.034375 0.02578125
0 0.44765625 0.5421875 0.03203125 0.02890625
0 0.48515625 0.5390625 0.03515625 0.02890625
0 0.51875 0.5375 0.03828125 0.028125
0 0.54453125 0.55859375 0.0359375 0.0265625
0 0.32109375 0.48984375 0.03671875 0.02890625
0 0.35859375 0.5015625 0.0375 0.0296875
0 0.371875 0.53203125 0.040625 0.028125
0 0.41015625 0.5359375 0.0359375 0.02734375
0 0.42265625 0.565625 0.03515625 0.03046875
0 0.471875 0.5671875 0.03125 0.028125
0 0.45234375 0.57421875 0.01875 0.02421875
0 0.5046875 0.5703125 0.03203125 0.02734375
0 0.5125 0.60546875 0.034375 0.0265625
0 0.48046875 0.5953125 0.03671875 0.02578125
0 0.57578125 0.590625 0.0359375 0.02734375
0 0.53671875 0.58515625 0.03359375 0.02734375
0 0.5796875 0.56171875 0.03359375 0.025
0 0.59375 0.53359375 0.034375 0.02890625
0 0.640625 0.534375 0.03671875 0.02578125
0 0.72734375 0.603125 0.0328125 0.03203125
0 0.57421875 0.61796875 0.03515625 0.02578125
0 0.21875 0.51015625 0.04375 0.03515625
0 0.34609375 0.55703125 0.03828125 0.03046875
0 0.3828125 0.5671875 0.040625 0.028125
0 0.40390625 0.5921875 0.03828125 0.03125
0 0.44140625 0.596875 0.034375 0.0234375
0 0.36796875 0.6015625 0.03984375 0.03046875
0 0.23984375 0.57265625 0.04296875 0.028125
0 0.2890625 0.56875 0.03828125 0.0328125
0 0.328125 0.59140625 0.03828125 0.0328125
0 0.2453125 0.60625 0.0421875 0.03125
0 0.2859375 0.60078125 0.04140625 0.0328125
0 0.32265625 0.62890625 0.0375 0.03046875
0 0.39765625 0.62265625 0.03515625 0.028125
0 0.35546875 0.640625 0.0375 0.028125
0 0.3953125 0.65078125 0.0375 0.03046875
0 0.43203125 0.6359375 0.03515625 0.0296875
0 0.4625 0.6203125 0.0359375 0.028125
0 0.496875 0.63203125 0.0390625 0.02890625
0 0.53203125 0.625 0.03125 0.02578125
0 0.55859375 0.64375 0.0328125 0.0265625
0 0.59140625 0.65 0.03046875 0.02890625
0 0.51953125 0.65390625 0.034375 0.0296875
0 0.5453125 0.67109375 0.03125 0.0265625
0 0.578125 0.68203125 0.0390625 0.03125
0 0.48125 0.6640625 0.03046875 0.02890625
0 0.51328125 0.68203125 0.03515625 0.02734375
0 0.4796875 0.69765625 0.0328125 0.03125
0 0.51640625 0.7125 0.0359375 0.02734375
0 0.571875 0.71015625 0.0328125 0.0265625
0 0.46796875 0.72421875 0.03125 0.02734375
0 0.50078125 0.73828125 0.0359375 0.02890625
0 0.53046875 0.75078125 0.03671875 0.028125
0 0.56953125 0.753125 0.0359375 0.0265625
0 0.6046875 0.76953125 0.03828125 0.028125
0 0.359375 0.67265625 0.0359375 0.03359375
0 0.2765625 0.63671875 0.03671875 0.0296875
0 0.31796875 0.675 0.0359375 0.03125
0 0.24765625 0.7 0.03984375 0.03671875
0 0.28515625 0.715625 0.04375 0.03203125
0 0.25546875 0.7484375 0.03828125 0.0328125
0 0.31171875 0.74140625 0.0421875 0.03359375
0 0.33828125 0.7109375 0.04140625 0.03203125
0 0.3890625 0.709375 0.0390625 0.03203125
0 0.296875 0.809375 0.04453125 0.03359375
0 0.4640625 0.77265625 0.03671875 0.03359375
0 0.509375 0.7765625 0.0375 0.03046875
0 0.55234375 0.7859375 0.03671875 0.0296875
0 0.57734375 0.8046875 0.0328125 0.0296875
0 0.61171875 0.81875 0.0375 0.034375
0 0.49296875 0.8078125 0.03984375 0.0328125
0 0.5375 0.8140625 0.0390625 0.028125
0 0.56015625 0.83828125 0.0390625 0.03046875
0 0.4609375 0.82734375 0.03828125 0.03203125
0 0.553125 0.86875 0.03828125 0.03125
0 0.41953125 0.75625 0.0375 0.03046875
0 0.43046875 0.72734375 0.03671875 0.028125
0 0.4375 0.684375 0.03515625 0.03046875
0 0.446875 0.6609375 0.0359375 0.02265625
0 0.40859375 0.68125 0.028125 0.02890625
0 0.44140625 0.703125 0.03671875 0.01875
0 0.84765625 0.36796875 0.03359375 0.02734375