0 0.57109375 0.8953125 0.034375 0.0328125
0 0.65625 0.80234375 0.034375 0.0359375
0 0.66328125 0.84140625 0.0390625 0.0390625
0 0.575 0.86171875 0.03125 0.0390625
0 0.57265625 0.74375 0.0296875 0.0328125
0 0.634375 0.68515625 0.0328125 0.0390625
0 0.6078125 0.71015625 0.0328125 0.0390625
0 0.6140625 0.74765625 0.0328125 0.0390625
0 0.5734375 0.6859375 0.034375 0.0421875
0 0.55 0.72421875 0.0328125 0.0390625
0 0.55546875 0.76484375 0.034375 0.0328125
0 0.49921875 0.7171875 0.0328125 0.0390625
0 0.4875 0.771875 0.0359375 0.040625
0 0.49453125 0.890625 0.0359375 0.0375
0 0.46015625 0.73203125 0.034375 0.0359375
0 0.44609375 0.759375 0.0328125 0.0359375
0 0.44296875 0.70390625 0.034375 0.0375
0 0.71328125 0.7875 0.0296875 0.0421875
0 0.759375 0.7625 0.0328125 0.0359375
0 0.73671875 0.79765625 0.0265625 0.0375
0 0.79375 0.79453125 0.03125 0.0390625
0 0.7140625 0.72265625 0.0359375 0.040625
0 0.7875 0.615625 0.034375 0.0390625
0 0.76953125 0.65 0.034375 0.0375
0 0.74140625 0.66953125 0.0328125 0.0390625
0 0.771875 0.57734375 0.0328125 0.0421875
0 0.75546875 0.615625 0.034375 0.040625
0 0.7796875 0.515625 0.0359375 0.0421875
0 0.75625 0.54765625 0.034375 0.0359375
0 0.7421875 0.58515625 0.0328125 0.0390625
0 0.740625 0.5171875 0.0328125 0.0453125
0 0.72578125 0.5546875 0.0359375 0.0390625
0 0.76328125 0.4453125 0.0375 0.0453125
0 0.728125 0.478125 0.0359375 0.040625
0 0.70703125 0.51796875 0.0359375 0.0453125
0 0.725 0.42578125 0.0328125 0.0421875
0 0.69921875 0.45859375 0.0328125 0.04375
0 0.67578125 0.49140625 0.0359375 0.04375
0 0.65703125 0.52109375 0.0375 0.0390625
0 0.6296875 0.54765625 0.0328125 0.0390625
0 0.55390625 0.6078125 0.034375 0.040625
0 0.690625 0.41015625 0.0359375 0.04375
0 0.66796875 0.44453125 0.0328125 0.0390625
0 0.64453125 0.4703125 0.0328125 0.0421875
0 0.62265625 0.50625 0.0328125 0.0390625
0 0.58984375 0.52734375 0.0359375 0.0421875
0 0.66171875 0.4 0.0328125 0.040625
0 0.6265625 0.4234375 0.0359375 0.0421875
0 0.6078125 0.46015625 0.0359375 0.04375
0 0.565625 0.49296875 0.0375 0.0484375
0 0.57109375 0.44140625 0.0375 0.0484375
0 0.6125 0.36796875 0.034375 0.0484375
0 0.59140625 0.4078125 0.0359375 0.046875
0 0.6453125 0.34921875 0.0359375 0.0453125
0 0.690625 0.2609375 0.040625 0.0515625
0 0.62734375 0.30859375 0.0375 0.0484375
0 0.59140625 0.3375 0.0390625 0.0453125
0 0.52578125 0.3625 0.0328125 0.046875
0 0.55625 0.32734375 0.0375 0.0484375
0 0.4890625 0.34453125 0.0375 0.0421875
0 0.55234375 0.3796875 0.0296875 0.04375
0 0.52109375 0.30546875 0.0390625 0.0484375
0 0.44921875 0.31953125 0.0359375 0.0453125
0 0.45703125 0.3640625 0.0359375 0.0453125
0 0.46953125 0.5234375 0.0359375 0.0421875
0 0.42265625 0.38671875 0.0359375 0.03125
0 0.4125 0.33125 0.0421875 0.034375
0 0.415625 0.36484375 0.034375 0.0390625
0 0.409375 0.41796875 0.0390625 0.04375
0 0.4125 0.46015625 0.0359375 0.0453125
0 0.40859375 0.50234375 0.0359375 0.04375
0 0.38203125 0.61796875 0.0328125 0.0453125
0 0.390625 0.6515625 0.0328125 0.0390625
0 0.37890625 0.6828125 0.0328125 0.0359375
0 0.34921875 0.62265625 0.034375 0.0421875
0 0.32890625 0.64921875 0.034375 0.0421875
0 0.3640625 0.74921875 0.0328125 0.0453125
0 0.296875 0.77890625 0.0265625 0.0375
0 0.2921875 0.7328125 0.0328125 0.0390625
0 0.27734375 0.76796875 0.028125 0.0390625
0 0.60390625 0.09375 0.046875 0.053125
0 0.628125 0.1609375 0.046875 0.059375
0 0.4921875 0.1375 0.0484375 0.0515625
0 0.51015625 0.17734375 0.040625 0.0546875
0 0.3484375 0.36328125 0.0390625 0.0515625
0 0.38359375 0.39296875 0.0390625 0.0546875
0 0.3703125 0.45546875 0.040625 0.0484375
0 0.2984375 0.328125 0.0421875 0.0515625
0 0.3578125 0.51796875 0.0390625 0.046875
0 0.33125 0.2953125 0.040625 0.0515625
0 0.2640625 0.3171875 0.040625 0.0515625
0 0.35546875 0.11953125 0.04375 0.0546875
0 0.3109375 0.1875 0.046875 0.0546875
0 0.26484375 0.26640625 0.04375 0.0515625
0 0.19453125 0.31328125 0.0421875 0.046875
0 0.184375 0.4 0.040625 0.0484375
0 0.26875 0.5515625 0.0375 0.0484375
0 0.26796875 0.634375 0.0375 0.0453125
0 0.22578125 0.6796875 0.0359375 0.0390625