0 0.59453125 0.5859375 0.0390625 0.0390625
0 0.540625 0.553125 0.0328125 0.034375
0 0.60625 0.55546875 0.0359375 0.0359375
0 0.334375 0.46953125 0.0390625 0.0359375
0 0.28671875 0.6640625 0.0359375 0.0359375
0 0.35078125 0.49765625 0.034375 0.034375
0 0.4921875 0.740625 0.0359375 0.0359375
0 0.48828125 0.5390625 0.034375 0.034375
0 0.575 0.52109375 0.034375 0.034375
0 0.41640625 0.6859375 0.0328125 0.0328125
0 0.44375 0.5015625 0.034375 0.034375
0 0.58671875 0.62734375 0.0359375 0.0359375
0 0.30078125 0.61875 0.0359375 0.0359375
0 0.55546875 0.6703125 0.0328125 0.0328125
0 0.553125 0.64140625 0.0359375 0.0359375
0 0.52578125 0.659375 0.0359375 0.0359375
0 0.64453125 0.63984375 0.034375 0.034375
0 0.41875 0.57890625 0.0359375 0.0359375
0 0.29765625 0.74296875 0.040625 0.0359375
0 0.6296875 0.56015625 0.028125 0.0328125
0 0.4265625 0.5453125 0.034375 0.034375
0 0.30078125 0.5890625 0.0359375 0.0359375
0 0.31640625 0.6515625 0.034375 0.034375
0 0.6140625 0.6359375 0.0359375 0.0359375
0 0.496875 0.490625 0.034375 0.034375
0 0.51484375 0.609375 0.0359375 0.0359375
0 0.51953125 0.509375 0.034375 0.034375
0 0.56953125 0.45390625 0.0328125 0.0328125
0 0.4171875 0.28671875 0.0359375 0.0375
0 0.3484375 0.65546875 0.0359375 0.0359375
0 0.3828125 0.66328125 0.0328125 0.0328125
0 0.3390625 0.58046875 0.0359375 0.0359375
0 0.5203125 0.540625 0.0359375 0.0359375
0 0.4703125 0.71328125 0.0359375 0.0359375
0 0.51328125 0.57890625 0.03125 0.03125
0 0.46171875 0.47578125 0.0328125 0.034375
0 0.3796875 0.50234375 0.0328125 0.0328125
0 0.46875 0.7578125 0.0359375 0.0359375
0 0.5 0.7125 0.0359375 0.0359375
0 0.34921875 0.609375 0.0359375 0.0359375
0 0.54921875 0.5078125 0.034375 0.034375
0 0.4390625 0.6296875 0.034375 0.0328125
0 0.44609375 0.68125 0.0328125 0.0328125
0 0.36171875 0.56015625 0.03125 0.0328125
0 0.3859375 0.53203125 0.0328125 0.034375
0 0.54296875 0.39609375 0.0359375 0.0359375
0 0.48359375 0.5765625 0.0328125 0.034375
0 0.4765625 0.65703125 0.0328125 0.034375
0 0.525 0.48125 0.0359375 0.0359375
0 0.45078125 0.56171875 0.03125 0.0328125
0 0.36875 0.63203125 0.0359375 0.0359375
0 0.36328125 0.3203125 0.0390625 0.0359375
0 0.39609375 0.8 0.0359375 0.0375
0 0.521875 0.37109375 0.0359375 0.0375
0 0.4875 0.453125 0.034375 0.034375
0 0.5328125 0.4234375 0.0359375 0.0359375
0 0.38984375 0.61015625 0.034375 0.0328125
0 0.39765625 0.22890625 0.0390625 0.0390625
0 0.55390625 0.47890625 0.0359375 0.0359375
0 0.51328125 0.68671875 0.0359375 0.0359375
0 0.3984375 0.47890625 0.034375 0.034375
0 0.34140625 0.75234375 0.034375 0.034375
0 0.45859375 0.8265625 0.0359375 0.0359375
0 0.45234375 0.44765625 0.034375 0.034375
0 0.3359375 0.78125 0.0359375 0.0359375
0 0.38125 0.58125 0.03125 0.03125
0 0.47734375 0.2765625 0.0359375 0.0375
0 0.34609375 0.41953125 0.0359375 0.0359375
0 0.40234375 0.19609375 0.034375 0.0375
0 0.4796875 0.6078125 0.03125 0.0328125
0 0.4421875 0.7296875 0.034375 0.034375
0 0.60625 0.5375 0.0328125 0.0296875
0 0.3984375 0.5578125 0.0328125 0.0328125
0 0.4828125 0.6859375 0.0328125 0.034375
0 0.40546875 0.634375 0.03125 0.03125
0 0.4171875 0.453125 0.0328125 0.0328125
0 0.3984375 0.3171875 0.0359375 0.0359375
0 0.38359375 0.28984375 0.0375 0.0359375
0 0.40703125 0.26171875 0.0359375 0.0375
0 0.503125 0.2421875 0.0359375 0.0359375
0 0.4328125 0.8125 0.034375 0.034375
0 0.35078125 0.8265625 0.03125 0.0328125
0 0.46953125 0.246875 0.0359375 0.0359375
0 0.4390625 0.84921875 0.0359375 0.0359375
0 0.365625 0.775 0.0359375 0.0390625
0 0.38515625 0.34453125 0.0328125 0.0328125
0 0.490625 0.30703125 0.0359375 0.0359375
0 0.50703125 0.27421875 0.0359375 0.0390625
0 0.45078125 0.60546875 0.0359375 0.0359375
0 0.43515625 0.75859375 0.034375 0.034375
0 0.4671875 0.41796875 0.0359375 0.0359375
0 0.35859375 0.446875 0.03125 0.03125
0 0.4390625 0.16640625 0.034375 0.034375
0 0.4203125 0.609375 0.0328125 0.0328125
0 0.36875 0.7421875 0.0328125 0.034375
0 0.39609375 0.7703125 0.0359375 0.0359375
0 0.41171875 0.74140625 0.0296875 0.03125
0 0.46796875 0.153125 0.0359375 0.0359375
0 0.3703125 0.475 0.0328125 0.03125
0 0.48359375 0.334375 0.0359375 0.0359375
0 0.45703125 0.21875 0.0359375 0.0359375
0 0.5015625 0.42734375 0.0328125 0.0328125
0 0.359375 0.3953125 0.0359375 0.0359375
0 0.434375 0.196875 0.034375 0.034375
0 0.41796875 0.78671875 0.0359375 0.0359375
0 0.3875 0.8640625 0.034375 0.0375
0 0.38046875 0.83359375 0.034375 0.034375
0 0.50859375 0.39921875 0.034375 0.034375
0 0.4375 0.25625 0.034375 0.034375
0 0.49296875 0.365625 0.0359375 0.0359375
0 0.46328125 0.36640625 0.0359375 0.0359375
0 0.38828125 0.44921875 0.0328125 0.0328125
0 0.4203125 0.396875 0.0359375 0.0359375
0 0.4109375 0.84140625 0.034375 0.034375
0 0.40625 0.42421875 0.0359375 0.0359375
0 0.38828125 0.7375 0.03125 0.0328125
0 0.41015625 0.8703125 0.034375 0.034375
0 0.4796875 0.390625 0.034375 0.034375
0 0.44765625 0.2875 0.0359375 0.0359375
0 0.40234375 0.36953125 0.0359375 0.0359375
0 0.365625 0.803125 0.0328125 0.034375
0 0.478125 0.1953125 0.0359375 0.0421875
0 0.46171875 0.31484375 0.0359375 0.0359375
0 0.43125 0.31484375 0.0359375 0.0375
0 0.390625 0.39609375 0.034375 0.034375
0 0.3765625 0.421875 0.0328125 0.0328125
0 0.4171875 0.3421875 0.034375 0.034375
0 0.4328125 0.36640625 0.0328125 0.0328125
0 0.3875 0.89375 0.03125 0.0328125
0 0.45 0.39296875 0.0359375 0.0359375
0 0.45078125 0.78359375 0.0359375 0.0359375
0 0.4265625 0.2265625 0.0375 0.0375
0 0.41640625 0.9015625 0.0328125 0.034375
0 0.3734375 0.37421875 0.0328125 0.0328125
0 0.40234375 0.81328125 0.03125 0.03125
0 0.43671875 0.421875 0.0328125 0.0328125
0 0.48515625 0.12265625 0.0421875 0.0390625
0 0.3234375 0.73359375 0.0359375 0.0375
0 0.45 0.33984375 0.04375 0.0328125
0 0.51328125 0.340625 0.0328125 0.034375
0 0.53828125 0.45234375 0.0375 0.034375