0 0.53046875 0.65703125 0.04296875 0.04375
0 0.4515625 0.5890625 0.04375 0.04140625
0 0.5359375 0.4609375 0.04375 0.04296875
0 0.259375 0.5265625 0.046875 0.04453125
0 0.44375 0.63046875 0.04375 0.04296875
0 0.615625 0.65703125 0.04375 0.04296875
0 0.50078125 0.68828125 0.0421875 0.04140625
0 0.56953125 0.65 0.0421875 0.04296875
0 0.40078125 0.42890625 0.04453125 0.04296875
0 0.5609375 0.73984375 0.04296875 0.04375
0 0.5015625 0.57890625 0.04375 0.04140625
0 0.4171875 0.5640625 0.04375 0.0421875
0 0.4078125 0.60625 0.04453125 0.04296875
0 0.40703125 0.521875 0.04453125 0.0421875
0 0.3328125 0.53203125 0.04453125 0.04296875
0 0.56875 0.53984375 0.04375 0.04296875
0 0.43984375 0.44375 0.04375 0.0421875
0 0.55078125 0.77890625 0.04296875 0.04296875
0 0.4703125 0.5515625 0.04453125 0.04140625
0 0.20234375 0.39609375 0.046875 0.0453125
0 0.22578125 0.43125 0.046875 0.04453125
0 0.5125 0.803125 0.0421875 0.0421875
0 0.46796875 0.7140625 0.04296875 0.0421875
0 0.36328125 0.40703125 0.0453125 0.04375
0 0.56953125 0.4234375 0.04375 0.04453125
0 0.5421875 0.5703125 0.04375 0.04296875
0 0.60546875 0.73125 0.04296875 0.04375
0 0.528125 0.33359375 0.04375 0.0453125
0 0.16171875 0.3765625 0.046875 0.04609375
0 0.65703125 0.55546875 0.04375 0.04296875
0 0.4484375 0.51640625 0.0453125 0.0421875
0 0.6265625 0.5859375 0.04375 0.04296875
0 0.52734375 0.41953125 0.04453125 0.04453125
0 0.5015625 0.7640625 0.04453125 0.04453125
0 0.44921875 0.678125 0.04296875 0.04375
0 0.45 0.7515625 0.04453125 0.04453125
0 0.465625 0.48046875 0.04453125 0.04296875
0 0.21015625 0.4734375 0.04765625 0.04453125
0 0.30859375 0.68828125 0.04453125 0.04296875
0 0.728125 0.56484375 0.0453125 0.0453125
0 0.50703125 0.49453125 0.04296875 0.04296875
0 0.50859375 0.6203125 0.04296875 0.04375
0 0.578125 0.88984375 0.04296875 0.04375
0 0.54296875 0.8296875 0.04140625 0.04296875
0 0.31875 0.4140625 0.0453125 0.04375
0 0.2609375 0.66640625 0.04453125 0.04375
0 0.59296875 0.5046875 0.04375 0.04375
0 0.25234375 0.46640625 0.046875 0.0453125
0 0.24765625 0.3875 0.04765625 0.0453125
0 0.253125 0.625 0.04453125 0.04375
0 0.24921875 0.584375 0.04453125 0.04296875
0 0.346875 0.44609375 0.04765625 0.04453125
0 0.5140625 0.53828125 0.04296875 0.0421875
0 0.66171875 0.659375 0.0421875 0.04140625
0 0.62109375 0.475 0.04453125 0.04453125
0 0.36953125 0.63046875 0.04375 0.0421875
0 0.51640625 0.72578125 0.04453125 0.04296875
0 0.42734375 0.715625 0.04296875 0.04296875
0 0.66328125 0.459375 0.04453125 0.046875
0 0.48359375 0.40546875 0.04375 0.0421875
0 0.646875 0.7203125 0.04296875 0.04375
0 0.47421875 0.82890625 0.04296875 0.04375
0 0.29140625 0.60234375 0.04453125 0.0453125
0 0.4359375 0.4046875 0.0453125 0.04453125
0 0.18359375 0.4390625 0.046875 0.04453125
0 0.57109375 0.36171875 0.04453125 0.0453125
0 0.36640625 0.590625 0.046875 0.04375
0 0.59296875 0.69140625 0.04375 0.04375
0 0.55 0.61171875 0.04140625 0.04140625
0 0.3671875 0.50625 0.04453125 0.0421875
0 0.290625 0.3796875 0.04609375 0.04453125
0 0.6703125 0.59453125 0.0421875 0.0421875
0 0.2578125 0.30234375 0.04609375 0.04609375
0 0.684375 0.52421875 0.04453125 0.04140625
0 0.1265625 0.47734375 0.04609375 0.04453125
0 0.596875 0.77265625 0.04296875 0.04453125
0 0.284375 0.49375 0.04609375 0.04453125
0 0.36796875 0.3484375 0.04609375 0.04375
0 0.4390625 0.29296875 0.0453125 0.0453125
0 0.70390625 0.44296875 0.0453125 0.04609375
0 0.5796875 0.46484375 0.04453125 0.04375
0 0.5796875 0.809375 0.04296875 0.04375
0 0.3109375 0.16796875 0.046875 0.04765625
0 0.4953125 0.4484375 0.0421875 0.04453125
0 0.4921875 0.35625 0.04375 0.04609375
0 0.259375 0.2171875 0.046875 0.0453125
0 0.48203125 0.6515625 0.04375 0.0421875
0 0.37265625 0.55 0.0453125 0.04375
0 0.28515625 0.56015625 0.04609375 0.0453125
0 0.309375 0.21640625 0.04609375 0.0453125
0 0.12578125 0.39609375 0.04609375 0.04453125
0 0.30703125 0.33828125 0.04609375 0.04609375
0 0.57109375 0.31875 0.0453125 0.04453125
0 0.4359375 0.875 0.04296875 0.04140625
0 0.47578125 0.31484375 0.04375 0.04375
0 0.303125 0.4546875 0.0453125 0.04453125
0 0.5296875 0.375 0.0453125 0.0453125
0 0.353125 0.70703125 0.04375 0.0453125
0 0.746875 0.47421875 0.04453125 0.04296875
0 0.28046875 0.25703125 0.0453125 0.04609375
0 0.6984375 0.4859375 0.04765625 0.0453125
0 0.64296875 0.51484375 0.04453125 0.0453125
0 0.296875 0.64453125 0.0453125 0.04609375
0 0.55078125 0.7 0.04296875 0.04453125
0 0.2671875 0.175 0.04765625 0.04609375
0 0.3515625 0.18984375 0.04765625 0.0453125
0 0.51796875 0.86796875 0.0421875 0.04453125
0 0.6921875 0.63125 0.04296875 0.04453125
0 0.584375 0.84921875 0.04375 0.0453125
0 0.46015625 0.22734375 0.0453125 0.04453125
0 0.28203125 0.13125 0.046875 0.046875
0 0.48203125 0.16171875 0.0453125 0.04609375
0 0.21328125 0.309375 0.04609375 0.04765625
0 0.4421875 0.1875 0.0453125 0.04609375
0 0.30390625 0.296875 0.0453125 0.0453125
0 0.11171875 0.51640625 0.04609375 0.0453125
0 0.7296875 0.5171875 0.05078125 0.0453125
0 0.49609375 0.203125 0.0453125 0.04609375
0 0.5390625 0.90546875 0.04140625 0.04140625
0 0.4203125 0.4828125 0.04609375 0.04375
0 0.59765625 0.61796875 0.04453125 0.04375
0 0.33125 0.615625 0.046875 0.04453125
0 0.49765625 0.90234375 0.0421875 0.0421875
0 0.275 0.42265625 0.046875 0.04453125
0 0.3234375 0.11484375 0.0453125 0.046875
0 0.58203125 0.57734375 0.0421875 0.04140625
0 0.60078125 0.3921875 0.046875 0.04453125
0 0.54921875 0.4984375 0.04375 0.04453125
0 0.32734375 0.49140625 0.0453125 0.04375
0 0.390625 0.171875 0.04609375 0.04609375
0 0.46171875 0.36875 0.04453125 0.046875
0 0.5390625 0.190625 0.04453125 0.0453125
0 0.64140625 0.62421875 0.04375 0.04296875
0 0.42578125 0.14375 0.046875 0.046875
0 0.38125 0.465625 0.04375 0.04453125
0 0.44375 0.0984375 0.04609375 0.04921875
0 0.328125 0.5734375 0.0453125 0.04453125
0 0.40546875 0.21328125 0.04609375 0.04453125
0 0.559375 0.2328125 0.04375 0.04609375
0 0.4765625 0.86796875 0.04375 0.04375
0 0.3375 0.6578125 0.04609375 0.0453125
0 0.1375 0.43671875 0.04921875 0.0453125
0 0.65390625 0.41171875 0.04765625 0.05546875
0 0.65 0.37421875 0.04609375 0.0453125
0 0.61484375 0.2046875 0.04765625 0.046875
0 0.40703125 0.64921875 0.0453125 0.04453125
0 0.603125 0.246875 0.04765625 0.04609375
0 0.3640625 0.23515625 0.046875 0.04609375
0 0.33359375 0.375 0.0453125 0.04375
0 0.2171875 0.22265625 0.0453125 0.04765625
0 0.21875 0.35390625 0.04609375 0.04609375
0 0.2375 0.2625 0.046875 0.04609375
0 0.68203125 0.69765625 0.04453125 0.04453125
0 0.6359375 0.7625 0.04453125 0.046875
0 0.36171875 0.13671875 0.0484375 0.046875
0 0.6125 0.34765625 0.04765625 0.0453125
0 0.60859375 0.54375 0.046875 0.04375
0 0.4234375 0.34765625 0.0453125 0.046875
0 0.4 0.38125 0.04765625 0.0421875
0 0.478125 0.2703125 0.04609375 0.046875
0 0.68046875 0.29296875 0.04453125 0.04453125
0 0.46640625 0.78828125 0.04375 0.04296875
0 0.56171875 0.27578125 0.04609375 0.04453125
0 0.6390625 0.315625 0.04296875 0.0453125
0 0.64140625 0.2671875 0.0453125 0.04453125
0 0.4984375 0.94296875 0.04296875 0.04765625
0 0.39609375 0.31015625 0.0484375 0.04453125
0 0.16796875 0.4828125 0.04609375 0.046875
0 0.36796875 0.27578125 0.05 0.04453125
0 0.3921875 0.6890625 0.04375 0.04453125
0 0.171875 0.6078125 0.04609375 0.0453125
0 0.19453125 0.26875 0.04609375 0.0453125
0 0.51640625 0.29140625 0.046875 0.04609375
0 0.51953125 0.2453125 0.04453125 0.0453125
0 0.26171875 0.346875 0.046875 0.04609375
0 0.221875 0.54609375 0.04609375 0.0484375
0 0.325 0.2578125 0.04609375 0.0453125
0 0.41640625 0.2546875 0.04921875 0.04453125
0 0.6109375 0.434375 0.04609375 0.0453125
0 0.603125 0.290625 0.04453125 0.04453125
0 0.40703125 0.75703125 0.04453125 0.05078125
0 0.340625 0.30703125 0.046875 0.046875