0 0.78203125 0.3953125 0.0203125 0.0234375
0 0.71328125 0.3421875 0.0203125 0.01875
0 0.70390625 0.23984375 0.01875 0.0171875
0 0.69140625 0.20390625 0.0203125 0.0171875
0 0.58984375 0.4375 0.01875 0.0171875
0 0.6578125 0.69296875 0.01875 0.0171875
0 0.728125 0.59765625 0.01875 0.01875
0 0.68203125 0.690625 0.01875 0.01875
0 0.46953125 0.6640625 0.01875 0.0203125
0 0.80625 0.38671875 0.01875 0.0203125
0 0.71171875 0.32109375 0.0203125 0.0171875
0 0.7109375 0.578125 0.0171875 0.0171875
0 0.61328125 0.8203125 0.01875 0.01875
0 0.6375 0.471875 0.01875 0.0171875
0 0.64921875 0.82421875 0.01875 0.01875
0 0.71484375 0.26171875 0.0203125 0.0171875
0 0.52421875 0.4421875 0.01875 0.01875
0 0.3515625 0.2546875 0.01875 0.0203125
0 0.39375 0.3796875 0.01875 0.01875
0 0.3828125 0.2578125 0.0203125 0.01875
0 0.57421875 0.32734375 0.0203125 0.0203125
0 0.4859375 0.6859375 0.01875 0.01875
0 0.66171875 0.1765625 0.0234375 0.0203125
0 0.5390625 0.48203125 0.01875 0.0171875
0 0.75703125 0.665625 0.01875 0.0171875
0 0.478125 0.58515625 0.01875 0.01875
0 0.66015625 0.59375 0.01875 0.0171875
0 0.6546875 0.61796875 0.0203125 0.0203125
0 0.64375 0.27421875 0.0203125 0.01875
0 0.72890625 0.67734375 0.01875 0.0171875
0 0.50625 0.41796875 0.0171875 0.0171875
0 0.5 0.60234375 0.0203125 0.0203125
0 0.4671875 0.73671875 0.0203125 0.0203125
0 0.58671875 0.6890625 0.0203125 0.01875
0 0.39140625 0.675 0.0203125 0.01875
0 0.446875 0.1296875 0.0203125 0.0203125
0 0.290625 0.62421875 0.0203125 0.01875
0 0.34453125 0.3234375 0.0203125 0.0203125
0 0.5578125 0.21796875 0.01875 0.0171875
0 0.29375 0.67578125 0.0203125 0.0203125
0 0.6703125 0.8234375 0.01875 0.0171875
0 0.43359375 0.48125 0.0203125 0.01875
0 0.3515625 0.4859375 0.0203125 0.0203125
0 0.40390625 0.44140625 0.0203125 0.021875
0 0.60234375 0.29140625 0.0203125 0.0171875
0 0.25390625 0.29765625 0.0203125 0.0203125
0 0.3140625 0.659375 0.0203125 0.0203125
0 0.2765625 0.284375 0.0203125 0.0203125
0 0.571875 0.2078125 0.0203125 0.0203125
0 0.38828125 0.14140625 0.0203125 0.0203125
0 0.2625 0.6109375 0.0203125 0.01875
0 0.275 0.34375 0.021875 0.0203125
0 0.53515625 0.5296875 0.0171875 0.01875
0 0.60625 0.2546875 0.021875 0.01875
0 0.43515625 0.18359375 0.0203125 0.0203125
0 0.65546875 0.48984375 0.01875 0.0171875
0 0.67265625 0.6671875 0.01875 0.01875
0 0.31171875 0.4921875 0.0203125 0.01875
0 0.76796875 0.515625 0.01875 0.0171875
0 0.23359375 0.38828125 0.0203125 0.0203125
0 0.5984375 0.4984375 0.01875 0.0171875
0 0.78671875 0.43984375 0.01875 0.0171875
0 0.24140625 0.4484375 0.0203125 0.0171875
0 0.3046875 0.540625 0.0203125 0.01875
0 0.2953125 0.44375 0.0203125 0.0203125
0 0.72890625 0.24765625 0.0203125 0.01875
0 0.33984375 0.42109375 0.0203125 0.0203125
0 0.46015625 0.34375 0.01875 0.0171875
0 0.23046875 0.3375 0.0203125 0.0203125
0 0.68046875 0.41640625 0.0203125 0.0171875
0 0.6875 0.8234375 0.01875 0.0171875
0 0.34765625 0.66328125 0.0203125 0.0203125
0 0.38125 0.425 0.0203125 0.0203125
0 0.71015625 0.5453125 0.0203125 0.0171875
0 0.80390625 0.43515625 0.01875 0.0171875
0 0.6796875 0.50546875 0.01875 0.0171875
0 0.3578125 0.4234375 0.0203125 0.0203125
0 0.63671875 0.57265625 0.0203125 0.0171875
0 0.22578125 0.63125 0.0203125 0.0203125
0 0.41640625 0.303125 0.0171875 0.01875
0 0.690625 0.446875 0.01875 0.01875
0 0.5734375 0.64453125 0.01875 0.0171875
0 0.65390625 0.2390625 0.0203125 0.01875
0 0.6453125 0.253125 0.0203125 0.01875
0 0.36796875 0.60546875 0.01875 0.0203125
0 0.53203125 0.62578125 0.0171875 0.01875
0 0.29609375 0.50859375 0.0203125 0.0234375
0 0.48984375 0.1875 0.021875 0.0203125
0 0.67734375 0.475 0.0203125 0.01875
0 0.38359375 0.59921875 0.0203125 0.01875
0 0.2578125 0.46484375 0.021875 0.0203125
0 0.66328125 0.4625 0.01875 0.0203125
0 0.84609375 0.41328125 0.0203125 0.01875
0 0.70703125 0.65859375 0.0203125 0.0203125
0 0.4125 0.5296875 0.01875 0.01875
0 0.83125 0.41875 0.0203125 0.01875
0 0.70703125 0.67578125 0.0203125 0.0203125
0 0.621875 0.28359375 0.0203125 0.01875
0 0.50703125 0.73671875 0.0171875 0.0203125
0 0.69921875 0.496875 0.01875 0.0171875
0 0.57265625 0.55 0.01875 0.0171875
0 0.45078125 0.76640625 0.0203125 0.01875
0 0.46484375 0.36484375 0.0203125 0.0203125
0 0.3625 0.7421875 0.0203125 0.0203125
0 0.3359375 0.58203125 0.0203125 0.0203125
0 0.2046875 0.37734375 0.0203125 0.0203125
0 0.81640625 0.425 0.01875 0.0171875
0 0.34375 0.565625 0.0203125 0.01875
0 0.578125 0.5265625 0.0171875 0.01875
0 0.54765625 0.3296875 0.01875 0.01875
0 0.5203125 0.74921875 0.0203125 0.01875
0 0.5515625 0.57109375 0.0171875 0.01875
0 0.3078125 0.42890625 0.0203125 0.0203125
0 0.53984375 0.6953125 0.01875 0.0171875
0 0.7546875 0.5234375 0.01875 0.0171875
0 0.5578125 0.53671875 0.01875 0.0171875
0 0.52421875 0.3703125 0.0203125 0.01875
0 0.34375 0.76796875 0.0203125 0.0203125
0 0.38984375 0.74921875 0.0203125 0.0203125
0 0.68671875 0.5234375 0.01875 0.0171875
0 0.53671875 0.71953125 0.0171875 0.01875
0 0.56640625 0.665625 0.01875 0.01875
0 0.7421875 0.51171875 0.01875 0.0171875
0 0.54296875 0.81328125 0.0203125 0.0203125
0 0.53515625 0.57421875 0.0171875 0.0171875
0 0.30703125 0.559375 0.0203125 0.0203125
0 0.54140625 0.7515625 0.0203125 0.0203125
0 0.44296875 0.51875 0.0203125 0.0203125
0 0.4328125 0.29375 0.0203125 0.0203125
0 0.55546875 0.746875 0.0203125 0.0203125
0 0.56640625 0.68125 0.01875 0.01875
0 0.47109375 0.18515625 0.0203125 0.0203125
0 0.55859375 0.696875 0.01875 0.0171875
0 0.5234375 0.73046875 0.01875 0.01875
0 0.3796875 0.65546875 0.01875 0.0203125
0 0.68359375 0.4328125 0.01875 0.0171875
0 0.4265625 0.3671875 0.0171875 0.0203125
0 0.446875 0.4265625 0.0203125 0.021875
0 0.4328125 0.3828125 0.0203125 0.0203125
0 0.54375 0.5515625 0.0203125 0.0203125
0 0.53359375 0.7953125 0.01875 0.0203125
0 0.42890625 0.52890625 0.01875 0.01875
0 0.49296875 0.28828125 0.0203125 0.021875
0 0.475 0.328125 0.01875 0.0203125
0 0.6875 0.66015625 0.0203125 0.01875
0 0.72265625 0.53203125 0.01875 0.0171875
0 0.4046875 0.4125 0.01875 0.0203125
0 0.48984375 0.38828125 0.01875 0.0203125
0 0.42734375 0.51015625 0.01875 0.01875
0 0.64609375 0.515625 0.01875 0.01875
0 0.44609375 0.325 0.0203125 0.0203125
0 0.32421875 0.5515625 0.0203125 0.01875
0 0.73828125 0.5265625 0.01875 0.0171875
0 0.32421875 0.56796875 0.0203125 0.01875
0 0.5515625 0.765625 0.0203125 0.01875
0 0.7078125 0.5265625 0.01875 0.0171875
0 0.5359375 0.35078125 0.0203125 0.0203125
0 0.47734375 0.3765625 0.0203125 0.0203125
0 0.3578125 0.759375 0.0203125 0.0203125
0 0.58125 0.60625 0.0171875 0.01875
0 0.4203125 0.76640625 0.0203125 0.0203125
0 0.63046875 0.51171875 0.01875 0.0171875
0 0.57109375 0.61796875 0.0203125 0.0203125
0 0.51015625 0.32890625 0.0203125 0.0203125
0 0.59765625 0.55234375 0.0203125 0.01875
0 0.63125 0.5546875 0.01875 0.01875
0 0.3640625 0.65859375 0.01875 0.0203125
0 0.4046875 0.7578125 0.0203125 0.0203125
0 0.60234375 0.52734375 0.0171875 0.0171875
0 0.7 0.5125 0.0203125 0.0171875
0 0.596875 0.60859375 0.0203125 0.0203125
0 0.590625 0.53671875 0.01875 0.01875
0 0.51015625 0.3109375 0.0203125 0.0203125
0 0.52421875 0.3203125 0.0203125 0.0203125
0 0.40625 0.740625 0.0203125 0.0203125
0 0.4390625 0.4984375 0.0203125 0.01875
0 0.6140625 0.55546875 0.0203125 0.01875
0 0.4921875 0.36953125 0.0203125 0.0203125
0 0.6171875 0.5203125 0.0171875 0.0171875
0 0.4671875 0.2859375 0.01875 0.01875
0 0.43671875 0.75859375 0.0203125 0.0203125
0 0.5453125 0.78046875 0.0203125 0.0171875
0 0.4109375 0.3984375 0.01875 0.0203125
0 0.559375 0.62890625 0.01875 0.0203125
0 0.425 0.4046875 0.01875 0.0203125
0 0.63515625 0.53046875 0.0203125 0.0171875
0 0.48046875 0.3 0.01875 0.0203125
0 0.44375 0.36875 0.0171875 0.01875
0 0.425 0.74921875 0.0203125 0.0203125
0 0.41875 0.4203125 0.01875 0.01875
0 0.4546875 0.1859375 0.0203125 0.0203125
0 0.44140625 0.40859375 0.01875 0.0203125
0 0.44453125 0.3078125 0.01875 0.0171875
0 0.50546875 0.35625 0.01875 0.0203125
0 0.465625 0.3234375 0.0203125 0.0203125
0 0.62265625 0.53984375 0.01875 0.01875
0 0.49296875 0.309375 0.01875 0.0203125
0 0.46328125 0.30390625 0.0203125 0.0203125
0 0.54765625 0.61953125 0.01875 0.01875
0 0.5859375 0.6234375 0.01875 0.015625
0 0.45 0.2921875 0.01875 0.0203125
0 0.50625 0.37109375 0.01875 0.01875
0 0.5203125 0.35078125 0.0203125 0.01875
0 0.5328125 0.334375 0.0203125 0.0203125
0 0.5515625 0.8 0.0171875 0.0203125