0 0.35390625 0.2140625 0.03125 0.03203125
0 0.403125 0.20078125 0.02734375 0.03125
0 0.43125 0.23203125 0.03125 0.0328125
0 0.103125 0.23828125 0.03828125 0.03671875
0 0.178125 0.325 0.03515625 0.040625
0 0.3234375 0.2765625 0.0296875 0.03671875
0 0.3890625 0.246875 0.03203125 0.03125
0 0.40546875 0.2734375 0.0265625 0.03125
0 0.40625 0.33125 0.02734375 0.02890625
0 0.41328125 0.30078125 0.028125 0.03203125
0 0.37578125 0.31953125 0.02734375 0.03125
0 0.3859375 0.35 0.0265625 0.03125
0 0.4 0.48046875 0.03046875 0.03359375
0 0.41171875 0.38515625 0.028125 0.034375
0 0.421875 0.35625 0.0265625 0.02890625
0 0.4421875 0.37109375 0.028125 0.0296875
0 0.43828125 0.39921875 0.02734375 0.03046875
0 0.44609375 0.4296875 0.02890625 0.03046875
0 0.4640625 0.39765625 0.02734375 0.0296875
0 0.440625 0.328125 0.0265625 0.03125
0 0.4703125 0.3515625 0.02734375 0.02890625
0 0.4859375 0.378125 0.02578125 0.03125
0 0.45703125 0.25859375 0.02578125 0.03125
0 0.4515625 0.28671875 0.02734375 0.03125
0 0.471875 0.315625 0.0265625 0.03046875
0 0.48125 0.25859375 0.0265625 0.02890625
0 0.48203125 0.2875 0.0265625 0.03125
0 0.4875 0.22265625 0.0234375 0.02890625
0 0.53359375 0.234375 0.0234375 0.02578125
0 0.509375 0.23125 0.021875 0.02578125
0 0.52265625 0.25546875 0.02578125 0.0265625
0 0.50625 0.20390625 0.02421875 0.02890625
0 0.53515625 0.20859375 0.02421875 0.02734375
0 0.59609375 0.209375 0.0234375 0.02578125
0 0.6171875 0.21328125 0.0234375 0.028125
0 0.5703125 0.20625 0.02109375 0.0265625
0 0.575 0.2390625 0.021875 0.0265625
0 0.5953125 0.23359375 0.02265625 0.02734375
0 0.55703125 0.22265625 0.02109375 0.02890625
0 0.553125 0.25078125 0.025 0.0265625
0 0.546875 0.2734375 0.02421875 0.028125
0 0.5171875 0.2796875 0.02421875 0.02734375
0 0.5328125 0.30078125 0.02265625 0.03125
0 0.55625 0.30234375 0.02265625 0.03125
0 0.578125 0.26875 0.02265625 0.02890625
0 0.6046875 0.25703125 0.02578125 0.028125
0 0.62734375 0.2421875 0.025 0.02890625
0 0.6515625 0.2453125 0.02265625 0.025
0 0.6453125 0.26875 0.021875 0.02578125
0 0.67109375 0.25859375 0.0234375 0.02578125
0 0.62890625 0.28125 0.0234375 0.02578125
0 0.740625 0.334375 0.0234375 0.0265625
0 0.68984375 0.28671875 0.025 0.028125
0 0.65078125 0.29296875 0.02265625 0.0265625
0 0.67109375 0.3078125 0.025 0.02421875
0 0.6734375 0.33125 0.02421875 0.0234375
0 0.6640625 0.353125 0.02578125 0.02421875
0 0.6171875 0.309375 0.02578125 0.0265625
0 0.6390625 0.34765625 0.02421875 0.028125
0 0.65078125 0.3734375 0.02265625 0.0265625
0 0.60234375 0.334375 0.021875 0.02578125
0 0.634375 0.3953125 0.0234375 0.02578125
0 0.59609375 0.36328125 0.021875 0.02890625
0 0.62109375 0.41640625 0.02265625 0.03046875
0 0.5734375 0.3640625 0.02265625 0.0265625
0 0.5984375 0.4296875 0.02421875 0.02890625
0 0.5765625 0.3890625 0.025 0.02421875
0 0.57578125 0.41328125 0.0234375 0.02734375
0 0.578125 0.45 0.0265625 0.02890625
0 0.53984375 0.40234375 0.02578125 0.0296875
0 0.5390625 0.43515625 0.025 0.02890625
0 0.528125 0.4625 0.02578125 0.028125
0 0.4890625 0.5125 0.02890625 0.0296875
0 0.5140625 0.49296875 0.02578125 0.02890625
0 0.53828125 0.49609375 0.025 0.0296875
0 0.57421875 0.48203125 0.0265625 0.0265625
0 0.65 0.4359375 0.0234375 0.0296875
0 0.6625 0.41015625 0.02265625 0.028125
0 0.7390625 0.371875 0.0234375 0.028125
0 0.81171875 0.4296875 0.02109375 0.02890625
0 0.74453125 0.5375 0.02109375 0.025
0 0.7578125 0.49140625 0.01953125 0.02734375
0 0.746875 0.515625 0.01953125 0.0234375
0 0.72109375 0.50390625 0.02109375 0.025
0 0.7265625 0.54609375 0.0203125 0.0265625
0 0.51015625 0.52578125 0.02578125 0.03046875
0 0.57421875 0.51171875 0.02421875 0.028125
0 0.58671875 0.54140625 0.0234375 0.028125
0 0.60703125 0.52578125 0.02421875 0.028125
0 0.63671875 0.53828125 0.0234375 0.02578125
0 0.66328125 0.5265625 0.025 0.0265625
0 0.65 0.5609375 0.021875 0.02578125
0 0.671875 0.55703125 0.0234375 0.025
0 0.75 0.61015625 0.0234375 0.02734375
0 0.58359375 0.58359375 0.02578125 0.02734375
0 0.5328125 0.6 0.0265625 0.02890625
0 0.58671875 0.66484375 0.025 0.02734375
0 0.35625 0.715625 0.03046875 0.03125
0 0.3765625 0.77265625 0.03125 0.03359375