0 0.33203125 0.0140625 0.0328125 0.028125
0 0.49765625 0.03359375 0.0265625 0.02890625
0 0.56171875 0.0515625 0.025 0.02734375
0 0.565625 0.08203125 0.02734375 0.028125
0 0.58359375 0.0703125 0.021875 0.02734375
0 0.60390625 0.0609375 0.025 0.02578125
0 0.6046875 0.08828125 0.0234375 0.028125
0 0.30546875 0.40390625 0.028125 0.03125
0 0.2796875 0.41328125 0.028125 0.03359375
0 0.25234375 0.42578125 0.03046875 0.02734375
0 0.259375 0.45546875 0.028125 0.03046875
0 0.2875 0.45 0.02890625 0.03203125
0 0.28203125 0.49609375 0.03046875 0.03671875
0 0.18671875 0.5453125 0.034375 0.03125
0 0.125 0.60546875 0.03359375 0.0328125
0 0.15234375 0.70234375 0.0328125 0.0328125
0 0.3875 0.17890625 0.02578125 0.0328125
0 0.4125 0.1890625 0.02578125 0.02890625
0 0.471875 0.18515625 0.025 0.02734375
0 0.49609375 0.18984375 0.0265625 0.02890625
0 0.44765625 0.190625 0.02734375 0.02421875
0 0.43359375 0.21640625 0.025 0.02734375
0 0.45703125 0.2171875 0.02265625 0.028125
0 0.48125 0.21328125 0.02734375 0.0296875
0 0.17734375 0.23515625 0.03671875 0.03125
0 0.275 0.14609375 0.028125 0.03046875
0 0.228125 0.18203125 0.02890625 0.034375
0 0.265625 0.18046875 0.028125 0.03125
0 0.29296875 0.19296875 0.02890625 0.03125
0 0.38203125 0.22109375 0.028125 0.02734375
0 0.346875 0.2328125 0.0265625 0.02890625
0 0.30859375 0.2921875 0.03125 0.03203125
0 0.3296875 0.2609375 0.0265625 0.03203125
0 0.35546875 0.2625 0.025 0.028125
0 0.37109375 0.24453125 0.0234375 0.02578125
0 0.39609375 0.2546875 0.0265625 0.02734375
0 0.37578125 0.28046875 0.02421875 0.02578125
0 0.40234375 0.28046875 0.02890625 0.03046875
0 0.54921875 0.2109375 0.0265625 0.025
0 0.56796875 0.23046875 0.02265625 0.02578125
0 0.59375 0.24453125 0.0234375 0.02578125
0 0.55390625 0.24609375 0.025 0.0265625
0 0.5765625 0.25625 0.02265625 0.02734375
0 0.59765625 0.26953125 0.02421875 0.02421875
0 0.521875 0.2546875 0.0265625 0.02734375
0 0.46796875 0.2640625 0.03125 0.0296875
0 0.4953125 0.27734375 0.0265625 0.02890625
0 0.53046875 0.2796875 0.025 0.02578125
0 0.54453125 0.303125 0.025 0.0265625
0 0.47578125 0.2953125 0.0234375 0.02578125
0 0.5 0.3046875 0.02265625 0.025
0 0.5234375 0.3125 0.0234375 0.025
0 0.4296875 0.30390625 0.025 0.028125
0 0.39375 0.32734375 0.02578125 0.02890625
0 0.42109375 0.3265625 0.02734375 0.028125
0 0.453125 0.3203125 0.02578125 0.0265625
0 0.4765625 0.33828125 0.02578125 0.028125
0 0.5 0.3328125 0.021875 0.0265625
0 0.52421875 0.3375 0.02578125 0.0265625
0 0.54765625 0.3296875 0.02578125 0.0234375
0 0.596875 0.29375 0.02265625 0.0234375
0 0.58125 0.315625 0.02421875 0.028125
0 0.56953125 0.3375 0.025 0.0265625
0 0.62265625 0.33515625 0.02421875 0.0296875
0 0.50703125 0.3578125 0.0234375 0.02421875
0 0.46015625 0.37578125 0.025 0.02578125
0 0.48359375 0.36875 0.0234375 0.025
0 0.5078125 0.38203125 0.025 0.02578125
0 0.59453125 0.38203125 0.0265625 0.0265625
0 0.596875 0.434375 0.02734375 0.02578125
0 0.55078125 0.41171875 0.025 0.02734375
0 0.56796875 0.4296875 0.025 0.02421875
0 0.43203125 0.4 0.028125 0.028125
0 0.4875 0.4296875 0.028125 0.03125
0 0.51640625 0.44296875 0.02578125 0.02578125
0 0.53671875 0.4890625 0.028125 0.03125
0 0.5765625 0.51328125 0.0265625 0.02578125
0 0.55234375 0.5234375 0.02265625 0.02421875
0 0.48515625 0.4984375 0.02421875 0.0265625
0 0.503125 0.51328125 0.0234375 0.02578125
0 0.459375 0.4609375 0.0265625 0.02421875
0 0.46328125 0.4859375 0.0265625 0.0265625
0 0.4515625 0.50625 0.02421875 0.0265625
0 0.4734375 0.52265625 0.0234375 0.02578125
0 0.45546875 0.5390625 0.025 0.0265625
0 0.50625 0.5375 0.02578125 0.02421875
0 0.484375 0.553125 0.02578125 0.02734375
0 0.5328125 0.55859375 0.021875 0.02421875
0 0.55546875 0.55859375 0.02109375 0.025
0 0.509375 0.56328125 0.02421875 0.02421875
0 0.46171875 0.56875 0.02734375 0.0265625
0 0.475 0.58984375 0.02421875 0.02578125
0 0.49765625 0.58671875 0.021875 0.025
0 0.5921875 0.63046875 0.021875 0.025
0 0.6109375 0.6421875 0.02109375 0.02578125
0 0.5765625 0.64609375 0.021875 0.02265625
0 0.5953125 0.659375 0.02265625 0.02421875
0 0.51796875 0.59609375 0.021875 0.025
0 0.54609375 0.60234375 0.02421875 0.02421875
0 0.54453125 0.62578125 0.02578125 0.02265625
0 0.515625 0.621875 0.02421875 0.025
0 0.52578125 0.64375 0.02265625 0.0234375
0 0.54765625 0.6515625 0.021875 0.02578125
0 0.49765625 0.6625 0.025 0.02890625
0 0.52265625 0.66875 0.02265625 0.02421875
0 0.5703125 0.671875 0.02265625 0.02890625
0 0.58203125 0.69140625 0.02265625 0.02578125
0 0.54765625 0.6875 0.0234375 0.0265625
0 0.50703125 0.6921875 0.02265625 0.025
0 0.5015625 0.71953125 0.0234375 0.025
0 0.484375 0.6921875 0.0234375 0.0265625
0 0.47890625 0.71796875 0.02265625 0.025
0 0.4515625 0.690625 0.02578125 0.02578125
0 0.45390625 0.7171875 0.0234375 0.02734375
0 0.37578125 0.66484375 0.02734375 0.02578125
0 0.39609375 0.68359375 0.0234375 0.02578125
0 0.41015625 0.709375 0.02421875 0.0265625
0 0.4296875 0.7203125 0.0234375 0.02734375
0 0.28828125 0.69375 0.028125 0.0296875
0 0.32109375 0.6765625 0.028125 0.0296875
0 0.3359375 0.69765625 0.02890625 0.0296875
0 0.3109375 0.71640625 0.028125 0.02890625
0 0.3546875 0.72421875 0.0265625 0.02890625
0 0.325 0.7515625 0.0265625 0.0265625
0 0.29375 0.7953125 0.02734375 0.02734375
0 0.31796875 0.7796875 0.025 0.02734375
0 0.3453125 0.77265625 0.0265625 0.02890625
0 0.40078125 0.7359375 0.02578125 0.0265625
0 0.42421875 0.746875 0.02421875 0.025
0 0.39765625 0.765625 0.02421875 0.025
0 0.421875 0.771875 0.02421875 0.025
0 0.39453125 0.79140625 0.02578125 0.02734375
0 0.428125 0.79609375 0.02421875 0.02578125
0 0.471875 0.759375 0.0234375 0.02578125
0 0.4953125 0.7515625 0.021875 0.028125
0 0.515625 0.73671875 0.0234375 0.025
0 0.5234375 0.7109375 0.02265625 0.02421875
0 0.546875 0.71171875 0.02109375 0.02421875
0 0.56484375 0.72890625 0.021875 0.025
0 0.53984375 0.7375 0.02109375 0.0265625
0 0.5265625 0.75859375 0.02265625 0.0265625
0 0.5875 0.753125 0.025 0.02578125
0 0.58515625 0.77734375 0.02265625 0.025
0 0.575 0.80234375 0.02109375 0.025
0 0.59453125 0.81171875 0.0234375 0.02578125
0 0.3703125 0.85078125 0.02578125 0.02890625
0 0.36640625 0.8859375 0.021875 0.02734375
0 0.39375 0.90546875 0.0265625 0.028125
0 0.41015625 0.921875 0.02265625 0.02734375
0 0.46171875 0.840625 0.025 0.028125
0 0.45546875 0.88984375 0.0234375 0.028125
0 0.4609375 0.91640625 0.025 0.0265625
0 0.58125 0.85 0.02109375 0.025
0 0.59765625 0.86171875 0.02109375 0.02421875
0 0.5640625 0.86796875 0.025 0.025
0 0.58359375 0.8828125 0.021875 0.025
0 0.5375 0.85390625 0.0234375 0.02734375
0 0.51640625 0.871875 0.0234375 0.0265625
0 0.5375 0.88828125 0.021875 0.0265625
0 0.50390625 0.9015625 0.02265625 0.025
0 0.525 0.9125 0.0234375 0.0265625