0 0.78359375 0.70859375 0.028125 0.0265625
0 0.80390625 0.6875 0.02890625 0.0265625
0 0.7859375 0.63515625 0.0265625 0.028125
0 0.77890625 0.60859375 0.02734375 0.02578125
0 0.77421875 0.58203125 0.0265625 0.02734375
0 0.78359375 0.5546875 0.028125 0.02578125
0 0.771875 0.53203125 0.02734375 0.0234375
0 0.76328125 0.509375 0.0265625 0.02578125
0 0.7890625 0.48984375 0.03046875 0.02578125
0 0.69609375 0.53359375 0.0234375 0.02578125
0 0.68359375 0.51171875 0.0265625 0.0265625
0 0.665625 0.58203125 0.025 0.0265625
0 0.64296875 0.56328125 0.025 0.025
0 0.6359375 0.59609375 0.02421875 0.021875
0 0.6125 0.59453125 0.0234375 0.02421875
0 0.60234375 0.62578125 0.0234375 0.02578125
0 0.6234375 0.6171875 0.02265625 0.02578125
0 0.56484375 0.63984375 0.02734375 0.02578125
0 0.5390625 0.61953125 0.0265625 0.0265625
0 0.503125 0.7 0.0234375 0.028125
0 0.46875 0.65078125 0.02578125 0.028125
0 0.48828125 0.728125 0.0265625 0.0265625
0 0.43984375 0.63359375 0.0265625 0.02890625
0 0.4375 0.596875 0.02734375 0.0265625
0 0.43984375 0.56796875 0.0265625 0.025
0 0.43671875 0.5359375 0.0296875 0.025
0 0.52734375 0.55703125 0.02734375 0.028125
0 0.46484375 0.5 0.03203125 0.03046875
0 0.41484375 0.50546875 0.02578125 0.0265625
0 0.39140625 0.4984375 0.025 0.02421875
0 0.3703125 0.52421875 0.02578125 0.0265625
0 0.425 0.47890625 0.02421875 0.02578125
0 0.4015625 0.4765625 0.02421875 0.0234375
0 0.40625 0.453125 0.02578125 0.02421875
0 0.43203125 0.4421875 0.0296875 0.02734375
0 0.3703125 0.46796875 0.02578125 0.028125
0 0.34375 0.465625 0.028125 0.0265625
0 0.340625 0.44140625 0.02734375 0.02421875
0 0.3359375 0.41875 0.025 0.021875
0 0.35390625 0.4046875 0.02578125 0.025
0 0.32109375 0.40234375 0.0234375 0.02421875
0 0.33984375 0.3859375 0.02578125 0.02421875
0 0.31640625 0.37734375 0.02421875 0.025
0 0.34296875 0.36328125 0.028125 0.025
0 0.29140625 0.37265625 0.0265625 0.02578125
0 0.29921875 0.42578125 0.02421875 0.02734375
0 0.29765625 0.39609375 0.02421875 0.02421875
0 0.30546875 0.45546875 0.028125 0.0265625
0 0.2796875 0.446875 0.025 0.025
0 0.2703125 0.49453125 0.02890625 0.02578125
0 0.2796875 0.4703125 0.0265625 0.02421875
0 0.2515625 0.43359375 0.025 0.02578125
0 0.27421875 0.42109375 0.025 0.0234375
0 0.25 0.40625 0.025 0.02421875
0 0.26484375 0.390625 0.028125 0.0265625
0 0.26328125 0.3640625 0.025 0.02265625
0 0.22734375 0.39375 0.02890625 0.0265625
0 0.27265625 0.3390625 0.02578125 0.02421875
0 0.28203125 0.3125 0.0265625 0.02578125
0 0.27109375 0.29140625 0.02421875 0.02265625
0 0.31953125 0.309375 0.02890625 0.02421875
0 0.30703125 0.33046875 0.02578125 0.02421875
0 0.3328125 0.33828125 0.0265625 0.0265625
0 0.31015625 0.3546875 0.02734375 0.02421875
0 0.4125 0.3609375 0.02890625 0.02734375
0 0.3953125 0.340625 0.02578125 0.025
0 0.2921875 0.59921875 0.0296875 0.03125
0 0.57734375 0.47578125 0.025 0.02734375
0 0.56953125 0.45390625 0.02265625 0.02421875
0 0.56015625 0.43046875 0.0265625 0.02265625
0 0.5375 0.44296875 0.0265625 0.02421875
0 0.5109375 0.44609375 0.02421875 0.0265625
0 0.51484375 0.40390625 0.028125 0.02421875
0 0.5984375 0.37578125 0.025 0.0265625
0 0.61171875 0.34375 0.03046875 0.0265625
0 0.5828125 0.31015625 0.02265625 0.0234375
0 0.5578125 0.30625 0.02734375 0.0265625
0 0.5703125 0.28046875 0.0265625 0.02421875
0 0.56171875 0.25625 0.02734375 0.025
0 0.484375 0.26953125 0.028125 0.0265625
0 0.4078125 0.2390625 0.02734375 0.028125
0 0.1171875 0.30859375 0.02890625 0.02890625
0 0.1140625 0.28203125 0.02578125 0.025
0 0.79609375 0.34140625 0.03359375 0.040625