0 0.27578125 0.7875 0.0375 0.03125
0 0.31171875 0.81953125 0.0390625 0.03125
0 0.378125 0.79453125 0.0375 0.0296875
0 0.3765625 0.8515625 0.034375 0.0265625
0 0.41640625 0.84921875 0.040625 0.0265625
0 0.43828125 0.8265625 0.034375 0.028125
0 0.5171875 0.80234375 0.0359375 0.028125
0 0.528125 0.7734375 0.0375 0.0296875
0 0.60625 0.71796875 0.040625 0.03125
0 0.696875 0.64453125 0.040625 0.0296875
0 0.61796875 0.65703125 0.0375 0.028125
0 0.546875 0.66953125 0.034375 0.028125
0 0.56328125 0.6328125 0.0328125 0.028125
0 0.33359375 0.76015625 0.0390625 0.03125
0 0.19921875 0.74296875 0.0390625 0.028125
0 0.38984375 0.70859375 0.034375 0.028125
0 0.353125 0.69921875 0.0359375 0.025
0 0.3703125 0.67109375 0.0390625 0.03125
0 0.51328125 0.603125 0.0390625 0.028125
0 0.434375 0.65078125 0.0359375 0.03125
0 0.3640625 0.6453125 0.03125 0.028125
0 0.396875 0.6390625 0.0375 0.028125
0 0.41171875 0.6140625 0.03125 0.0265625
0 0.44609375 0.6203125 0.0375 0.028125
0 0.48125 0.61796875 0.034375 0.028125
0 0.5 0.5765625 0.03125 0.028125
0 0.53671875 0.578125 0.0359375 0.028125
0 0.25703125 0.69453125 0.0375 0.0296875
0 0.29140625 0.68359375 0.0375 0.0296875
0 0.2140625 0.671875 0.0390625 0.03125
0 0.265625 0.61953125 0.04375 0.028125
0 0.2765625 0.6484375 0.0390625 0.028125
0 0.3140625 0.6578125 0.0359375 0.028125
0 0.33359375 0.628125 0.0375 0.028125
0 0.36953125 0.6171875 0.034375 0.0265625
0 0.38359375 0.5921875 0.0359375 0.028125
0 0.40234375 0.56875 0.0359375 0.025
0 0.43046875 0.5875 0.0328125 0.028125
0 0.46484375 0.58046875 0.03125 0.025
0 0.4671875 0.553125 0.03125 0.025
0 0.503125 0.54765625 0.0359375 0.0265625
0 0.43203125 0.55390625 0.034375 0.0265625
0 0.3125 0.6 0.040625 0.028125
0 0.303125 0.5734375 0.0375 0.025
0 0.334375 0.55546875 0.034375 0.025
0 0.36875 0.5140625 0.034375 0.0265625
0 0.33984375 0.528125 0.0375 0.0265625
0 0.3796875 0.540625 0.0375 0.028125
0 0.409375 0.528125 0.034375 0.028125
0 0.4515625 0.52890625 0.03125 0.028125
0 0.48359375 0.5203125 0.034375 0.025
0 0.5640625 0.534375 0.0375 0.028125
0 0.340625 0.49140625 0.0390625 0.028125
0 0.403125 0.5 0.0375 0.0265625
0 0.440625 0.50390625 0.034375 0.028125
0 0.48671875 0.4953125 0.03125 0.025
0 0.51796875 0.5078125 0.034375 0.025
0 0.42578125 0.48046875 0.034375 0.0265625
0 0.4640625 0.4765625 0.0328125 0.0296875
0 0.396875 0.46796875 0.034375 0.03125
0 0.4421875 0.45546875 0.0328125 0.028125
0 0.3796875 0.44140625 0.034375 0.028125
0 0.38671875 0.4125 0.040625 0.0296875
0 0.41484375 0.43828125 0.0375 0.028125
0 0.45625 0.42890625 0.0375 0.028125
0 0.4875 0.45078125 0.034375 0.0296875
0 0.5109375 0.47265625 0.03125 0.025
0 0.52421875 0.44609375 0.034375 0.0265625
0 0.55859375 0.44609375 0.03125 0.0296875
0 0.521875 0.41796875 0.03125 0.028125
0 0.5484375 0.42109375 0.028125 0.025
0 0.56953125 0.40625 0.0328125 0.025
0 0.53671875 0.39453125 0.03125 0.025
0 0.56484375 0.37734375 0.034375 0.03125
0 0.4890625 0.3734375 0.034375 0.03125
0 0.525 0.3671875 0.034375 0.03125
0 0.4421875 0.3765625 0.0375 0.028125
0 0.45234375 0.34453125 0.0375 0.028125
0 0.4921875 0.3375 0.03125 0.03125
0 0.53046875 0.3390625 0.0375 0.028125
0 0.578125 0.2875 0.034375 0.03125
0 0.52265625 0.31171875 0.034375 0.021875
0 0.58671875 0.3171875 0.0359375 0.03125
0 0.53984375 0.2875 0.0328125 0.028125
0 0.56875 0.259375 0.034375 0.028125
0 0.61171875 0.26484375 0.034375 0.028125
0 0.53046875 0.2609375 0.034375 0.028125
0 0.44765625 0.2859375 0.034375 0.0296875
0 0.4828125 0.2625 0.0375 0.0296875
0 0.5171875 0.234375 0.0375 0.028125
0 0.59765625 0.2375 0.034375 0.03125
0 0.48203125 0.2125 0.0375 0.03125
0 0.628125 0.21015625 0.04375 0.0296875
0 0.5609375 0.2203125 0.034375 0.028125
0 0.59140625 0.19453125 0.034375 0.0296875
0 0.575 0.16484375 0.0375 0.028125