0 0.21484375 0.10625 0.02890625 0.03203125
0 0.446875 0.03515625 0.02578125 0.028125
0 0.55 0.07109375 0.03046875 0.028125
0 0.56015625 0.178125 0.02734375 0.02890625
0 0.41328125 0.11640625 0.03203125 0.0296875
0 0.3375 0.15703125 0.02734375 0.02890625
0 0.36875 0.1609375 0.02734375 0.0265625
0 0.3765625 0.13515625 0.0265625 0.025
0 0.40390625 0.140625 0.025 0.0265625
0 0.4171875 0.1703125 0.028125 0.028125
0 0.3328125 0.215625 0.0296875 0.0296875
0 0.39375 0.1921875 0.02890625 0.025
0 0.415625 0.20859375 0.028125 0.0265625
0 0.43046875 0.2328125 0.0296875 0.03046875
0 0.4328125 0.2703125 0.02734375 0.028125
0 0.3359375 0.2671875 0.028125 0.028125
0 0.35625 0.2875 0.03046875 0.02890625
0 0.3109375 0.2921875 0.02890625 0.0296875
0 0.33046875 0.31875 0.02890625 0.0296875
0 0.26328125 0.3828125 0.0296875 0.028125
0 0.278125 0.3609375 0.0296875 0.02578125
0 0.396875 0.36875 0.028125 0.0296875
0 0.3171875 0.35078125 0.0296875 0.0296875
0 0.346875 0.35703125 0.02734375 0.02890625
0 0.371875 0.34609375 0.02578125 0.028125
0 0.40078125 0.32421875 0.02734375 0.03046875
0 0.44609375 0.31640625 0.03203125 0.03125
0 0.45 0.209375 0.02890625 0.02890625
0 0.48046875 0.21796875 0.02734375 0.028125
0 0.48359375 0.246875 0.028125 0.028125
0 0.57578125 0.2734375 0.02734375 0.02734375
0 0.603125 0.26484375 0.028125 0.03046875
0 0.71171875 0.2296875 0.02734375 0.02890625
0 0.7328125 0.23046875 0.025 0.02734375
0 0.71796875 0.25546875 0.02734375 0.02578125
0 0.69609375 0.27109375 0.02578125 0.0265625
0 0.76484375 0.2671875 0.028125 0.028125
0 0.7640625 0.309375 0.02890625 0.02890625
0 0.709375 0.31015625 0.0265625 0.028125
0 0.62421875 0.334375 0.02734375 0.02890625
0 0.68671875 0.340625 0.02734375 0.02734375
0 0.71171875 0.36171875 0.028125 0.028125
0 0.61328125 0.3984375 0.028125 0.02890625
0 0.6859375 0.421875 0.02734375 0.0296875
0 0.7984375 0.45234375 0.028125 0.03046875
0 0.72265625 0.4640625 0.02890625 0.03046875
0 0.728125 0.49375 0.02890625 0.028125
0 0.425 0.63671875 0.028125 0.028125
0 0.37734375 0.6375 0.02890625 0.028125
0 0.3953125 0.6109375 0.02734375 0.028125
0 0.43046875 0.60703125 0.0296875 0.02890625
0 0.453125 0.6234375 0.03125 0.028125
0 0.49453125 0.6171875 0.028125 0.02890625
0 0.478125 0.59453125 0.02734375 0.02890625
0 0.50625 0.54765625 0.02890625 0.02890625
0 0.47421875 0.55234375 0.028125 0.028125
0 0.4734375 0.521875 0.028125 0.02734375
0 0.50234375 0.51953125 0.0265625 0.02734375
0 0.51484375 0.4140625 0.025 0.028125
0 0.54375 0.41015625 0.028125 0.0265625
0 0.55 0.4375 0.028125 0.0265625
0 0.51953125 0.43984375 0.028125 0.025
0 0.47578125 0.440625 0.0265625 0.02578125
0 0.49765625 0.4578125 0.02734375 0.0265625
0 0.52421875 0.4921875 0.02734375 0.02890625
0 0.47265625 0.48671875 0.02734375 0.028125
0 0.5046875 0.484375 0.02578125 0.0265625
0 0.528125 0.46484375 0.02734375 0.0265625
0 0.55546875 0.46328125 0.025 0.02734375
0 0.58359375 0.48515625 0.02421875 0.02578125
0 0.58046875 0.46484375 0.02578125 0.01953125
0 0.60625 0.4859375 0.021875 0.028125
0 0.5765625 0.51328125 0.028125 0.03125
0 0.603125 0.55859375 0.02578125 0.03046875
0 0.63046875 0.5578125 0.02890625 0.028125
0 0.57578125 0.55390625 0.02734375 0.03125
0 0.54765625 0.5671875 0.028125 0.02890625
0 0.5234375 0.58203125 0.028125 0.028125
0 0.55625 0.59375 0.02578125 0.02734375
0 0.59296875 0.6421875 0.028125 0.0296875
0 0.5328125 0.609375 0.02734375 0.02734375
0 0.5640625 0.6203125 0.028125 0.0265625
0 0.565625 0.64921875 0.028125 0.02890625
0 0.734375 0.78671875 0.02890625 0.03203125
0 0.7125 0.775 0.02734375 0.0296875
0 0.76953125 0.79609375 0.028125 0.03125
0 0.73046875 0.81875 0.0296875 0.0296875
0 0.765625 0.83203125 0.02890625 0.03046875
0 0.34453125 0.46484375 0.03203125 0.03359375
0 0.3046875 0.47265625 0.02890625 0.03125
0 0.23359375 0.440625 0.0296875 0.0296875
0 0.21484375 0.46953125 0.03046875 0.02890625
0 0.24453125 0.4671875 0.03046875 0.02734375
0 0.25234375 0.49453125 0.02890625 0.03046875
0 0.25859375 0.52421875 0.03046875 0.02890625
0 0.29140625 0.540625 0.03203125 0.02890625
0 0.2609375 0.5515625 0.0296875 0.02890625
0 0.2875 0.5734375 0.0265625 0.02890625
0 0.31171875 0.5953125 0.02890625 0.02890625
0 0.25234375 0.59375 0.028125 0.03125
0 0.28046875 0.60078125 0.02734375 0.02890625
0 0.3 0.621875 0.02734375 0.02734375
0 0.3265625 0.63203125 0.028125 0.02890625
0 0.3375 0.66015625 0.02890625 0.028125
0 0.30078125 0.6515625 0.0265625 0.02890625
0 0.24296875 0.62265625 0.02578125 0.028125
0 0.271875 0.6296875 0.02734375 0.028125
0 0.1828125 0.51875 0.02890625 0.02734375
0 0.13671875 0.5421875 0.028125 0.028125
0 0.16171875 0.5625 0.03125 0.0296875
0 0.12109375 0.57421875 0.02890625 0.02890625
0 0.1421875 0.59296875 0.02890625 0.02734375
0 0.16171875 0.615625 0.0265625 0.0296875
0 0.1875 0.6390625 0.0296875 0.02890625
0 0.21953125 0.640625 0.028125 0.0265625
0 0.2421875 0.66015625 0.0296875 0.0296875
0 0.271875 0.6578125 0.028125 0.02734375
0 0.27890625 0.6875 0.0296875 0.03046875
0 0.31875 0.68203125 0.02890625 0.03125
0 0.334375 0.72578125 0.02734375 0.03046875
0 0.3109375 0.71875 0.02578125 0.03046875
0 0.4578125 0.84609375 0.02734375 0.03046875
0 0.428125 0.8390625 0.02890625 0.03125
0 0.384375 0.778125 0.03046875 0.03359375
0 0.3984375 0.6984375 0.02734375 0.03203125
0 0.415625 0.66953125 0.02890625 0.02890625
0 0.49140625 0.675 0.028125 0.02890625
0 0.53046875 0.73515625 0.02734375 0.03203125
0 0.48984375 0.70625 0.03046875 0.02890625
0 0.5171875 0.7140625 0.02734375 0.0265625
0 0.6015625 0.75390625 0.03046875 0.03203125
0 0.55859375 0.75390625 0.02890625 0.03203125
0 0.5109375 0.7671875 0.0296875 0.03125
0 0.5984375 0.79609375 0.02890625 0.03125
0 0.61015625 0.83515625 0.02890625 0.03125
0 0.578125 0.84140625 0.03046875 0.0296875
0 0.59375 0.86484375 0.02890625 0.02890625
0 0.57890625 0.8953125 0.028125 0.03046875
0 0.61875 0.928125 0.0296875 0.03046875
0 0.5765625 0.94609375 0.028125 0.03046875
0 0.55390625 0.95390625 0.02734375 0.03046875