0 0.50078125 0.48125 0.0296875 0.0296875
0 0.60234375 0.5 0.0296875 0.0296875
0 0.54765625 0.39453125 0.03125 0.03125
0 0.64921875 0.36640625 0.0328125 0.0328125
0 0.46875 0.4765625 0.0296875 0.0296875
0 0.53515625 0.528125 0.0296875 0.0296875
0 0.56015625 0.33125 0.03125 0.03125
0 0.6359375 0.34296875 0.03125 0.03125
0 0.5703125 0.36875 0.03125 0.03125
0 0.5296875 0.46875 0.0296875 0.0296875
0 0.65078125 0.315625 0.03125 0.0328125
0 0.5546875 0.5140625 0.0296875 0.0296875
0 0.6265625 0.46171875 0.0296875 0.0296875
0 0.684375 0.40390625 0.0328125 0.0328125
0 0.56015625 0.4375 0.0296875 0.0296875
0 0.69296875 0.33984375 0.03125 0.0328125
0 0.65 0.56171875 0.0328125 0.0328125
0 0.54453125 0.4921875 0.0296875 0.0296875
0 0.50625 0.4546875 0.0296875 0.0296875
0 0.66796875 0.5359375 0.0296875 0.0296875
0 0.65078125 0.4890625 0.0296875 0.0296875
0 0.66328125 0.38828125 0.03125 0.03125
0 0.68125 0.58046875 0.0296875 0.0296875
0 0.48828125 0.50234375 0.0296875 0.0296875
0 0.53359375 0.2796875 0.03125 0.03125
0 0.64296875 0.7484375 0.0296875 0.0296875
0 0.6453125 0.40859375 0.0296875 0.0296875
0 0.50703125 0.40625 0.0296875 0.0296875
0 0.646875 0.771875 0.0296875 0.0296875
0 0.54765625 0.35390625 0.0296875 0.0296875
0 0.54296875 0.41875 0.0296875 0.0296875
0 0.66328125 0.434375 0.03125 0.03125
0 0.62890625 0.5125 0.0296875 0.0296875
0 0.67109375 0.45703125 0.034375 0.034375
0 0.71484375 0.50703125 0.0296875 0.0296875
0 0.53046875 0.3734375 0.03125 0.03125
0 0.68515625 0.6046875 0.0296875 0.0296875
0 0.6921875 0.3796875 0.03125 0.03125
0 0.67421875 0.51171875 0.0296875 0.0296875
0 0.6171875 0.4171875 0.03125 0.03125
0 0.465625 0.4515625 0.0296875 0.0296875
0 0.56171875 0.54609375 0.0296875 0.0296875
0 0.584375 0.340625 0.03125 0.0328125
0 0.60859375 0.540625 0.03125 0.03125
0 0.42265625 0.57109375 0.028125 0.0296875
0 0.67421875 0.36015625 0.03125 0.03125
0 0.69296875 0.55078125 0.0296875 0.0296875
0 0.71171875 0.21015625 0.0328125 0.0359375
0 0.7046875 0.58984375 0.0296875 0.0296875
0 0.59375 0.44609375 0.0296875 0.0296875
0 0.69375 0.6453125 0.03125 0.03125
0 0.44375 0.55234375 0.0296875 0.0296875
0 0.65546875 0.6484375 0.03125 0.0328125
0 0.50546875 0.52578125 0.0296875 0.0296875
0 0.71875 0.5390625 0.0328125 0.0328125
0 0.7171875 0.565625 0.0296875 0.0296875
0 0.58125 0.4765625 0.0296875 0.0296875
0 0.63046875 0.25234375 0.03125 0.0328125
0 0.46875 0.5484375 0.0296875 0.0296875
0 0.5296875 0.44375 0.0296875 0.0296875
0 0.4609375 0.36171875 0.0296875 0.0296875
0 0.48671875 0.425 0.0296875 0.0296875
0 0.6921875 0.30390625 0.0328125 0.034375
0 0.41171875 0.33125 0.03125 0.03125
0 0.60234375 0.325 0.0328125 0.034375
0 0.478125 0.52578125 0.0296875 0.0296875
0 0.50625 0.57421875 0.0296875 0.0296875
0 0.4046875 0.35859375 0.03125 0.03125
0 0.59765625 0.36640625 0.0328125 0.0328125
0 0.45078125 0.5234375 0.0296875 0.0296875
0 0.3359375 0.20703125 0.03125 0.03125
0 0.58203125 0.5921875 0.0328125 0.03125
0 0.6671875 0.78671875 0.0296875 0.0296875
0 0.64140625 0.6734375 0.0296875 0.0296875
0 0.4296875 0.3109375 0.03125 0.0328125
0 0.45234375 0.49921875 0.0296875 0.0296875
0 0.3890625 0.3375 0.03125 0.0328125
0 0.403125 0.3046875 0.0296875 0.0296875
0 0.38828125 0.52890625 0.0296875 0.0296875
0 0.38203125 0.37265625 0.03125 0.03125
0 0.5328125 0.7484375 0.0296875 0.0296875
0 0.74765625 0.57109375 0.0296875 0.0296875
0 0.45078125 0.6125 0.0296875 0.0296875
0 0.64921875 0.70546875 0.0296875 0.0296875
0 0.73984375 0.49765625 0.0296875 0.0296875
0 0.203125 0.65234375 0.0296875 0.0296875
0 0.7234375 0.32734375 0.03125 0.0328125
0 0.22421875 0.515625 0.0296875 0.0296875
0 0.23828125 0.28671875 0.0296875 0.0296875
0 0.6359375 0.72578125 0.0296875 0.0296875
0 0.7140625 0.6265625 0.0296875 0.0296875
0 0.584375 0.52421875 0.03125 0.03125
0 0.38984375 0.55546875 0.0296875 0.0296875
0 0.35234375 0.378125 0.03125 0.03125
0 0.64296875 0.80546875 0.0296875 0.0296875
0 0.18203125 0.71640625 0.0296875 0.0296875
0 0.68125 0.26171875 0.03125 0.0328125
0 0.44921875 0.5875 0.0296875 0.0296875
0 0.70546875 0.42890625 0.03125 0.03125
0 0.72421875 0.6703125 0.0296875 0.0296875
0 0.4703125 0.3859375 0.03125 0.03125
0 0.42109375 0.78828125 0.028125 0.0296875
0 0.51640625 0.5046875 0.0296875 0.0296875
0 0.16484375 0.5546875 0.0296875 0.0296875
0 0.734375 0.23125 0.03125 0.0328125
0 0.453125 0.2625 0.03125 0.03125
0 0.6046875 0.78125 0.0296875 0.0296875
0 0.76640625 0.1984375 0.0328125 0.034375
0 0.42734375 0.3890625 0.0296875 0.0296875
0 0.4625 0.28984375 0.03125 0.0328125
0 0.29296875 0.32578125 0.03125 0.03125
0 0.18359375 0.48203125 0.0296875 0.0296875
0 0.25390625 0.509375 0.0296875 0.0296875
0 0.49609375 0.82265625 0.0296875 0.0296875
0 0.30625 0.3515625 0.034375 0.0328125
0 0.26953125 0.48984375 0.0296875 0.0296875
0 0.18671875 0.596875 0.03125 0.03125
0 0.2890625 0.40234375 0.03125 0.0328125
0 0.2609375 0.45703125 0.0296875 0.0296875
0 0.42578125 0.2859375 0.03125 0.0328125
0 0.35703125 0.40078125 0.0296875 0.0296875
0 0.50859375 0.215625 0.03125 0.0359375
0 0.15390625 0.52421875 0.0296875 0.0296875
0 0.21484375 0.5484375 0.0328125 0.03125
0 0.459375 0.67890625 0.0296875 0.0296875
0 0.35546875 0.5375 0.03125 0.03125
0 0.6890625 0.74375 0.0296875 0.0296875
0 0.24921875 0.54921875 0.0296875 0.0296875
0 0.178125 0.50625 0.0296875 0.0296875
0 0.19765625 0.6953125 0.0296875 0.0296875
0 0.39453125 0.64765625 0.0296875 0.0296875
0 0.32109375 0.3984375 0.0328125 0.03125
0 0.425 0.21875 0.03125 0.0328125
0 0.24140625 0.5765625 0.0296875 0.0296875
0 0.5546875 0.77734375 0.03125 0.03125
0 0.31796875 0.29296875 0.03125 0.03125
0 0.23828125 0.446875 0.0296875 0.0296875
0 0.33359375 0.33046875 0.03125 0.0328125
0 0.70234375 0.47734375 0.0296875 0.0296875
0 0.2921875 0.77734375 0.0296875 0.0296875
0 0.2328125 0.6546875 0.0296875 0.0296875
0 0.4078125 0.7328125 0.028125 0.0296875
0 0.3515625 0.43125 0.03125 0.03125
0 0.40078125 0.27109375 0.03125 0.0328125
0 0.33671875 0.75703125 0.028125 0.0296875
0 0.7515625 0.671875 0.03125 0.0328125
0 0.3828125 0.73359375 0.0265625 0.0296875
0 0.27421875 0.53671875 0.03125 0.03125
0 0.35625 0.734375 0.0265625 0.0296875
0 0.4 0.228125 0.03125 0.03125
0 0.29140625 0.734375 0.028125 0.0296875
0 0.39140625 0.75546875 0.0296875 0.03125
0 0.62890625 0.62890625 0.034375 0.0328125
0 0.25 0.67578125 0.0296875 0.0296875
0 0.296875 0.5203125 0.0328125 0.03125
0 0.67578125 0.671875 0.0296875 0.0296875
0 0.28359375 0.46953125 0.0296875 0.0296875
0 0.36875 0.75625 0.0296875 0.0296875
0 0.4328125 0.7296875 0.0296875 0.0296875
0 0.31953125 0.421875 0.0296875 0.0296875
0 0.7015625 0.6984375 0.0296875 0.0296875
0 0.86875 0.3765625 0.034375 0.034375
0 0.321875 0.4640625 0.03125 0.0328125
0 0.41953125 0.7546875 0.0296875 0.03125
0 0.278125 0.66328125 0.03125 0.03125
0 0.30703125 0.753125 0.0296875 0.0296875
0 0.33125 0.50078125 0.034375 0.034375
0 0.36484375 0.7796875 0.03125 0.03125
0 0.71796875 0.7171875 0.034375 0.034375
0 0.23203125 0.62734375 0.03125 0.03125
0 0.31015625 0.71328125 0.028125 0.0296875
0 0.4671875 0.31640625 0.034375 0.0328125
0 0.259375 0.7296875 0.0296875 0.0296875
0 0.2375 0.70546875 0.034375 0.034375
0 0.36015625 0.490625 0.0296875 0.0296875
0 0.2625 0.60546875 0.0296875 0.0296875
0 0.6734375 0.3265625 0.03125 0.0328125
0 0.41171875 0.6125 0.03125 0.0328125
0 0.7328125 0.590625 0.03125 0.03125
0 0.2734375 0.70546875 0.0296875 0.0296875
0 0.28984375 0.63984375 0.03125 0.03125