0 0.52734375 0.67890625 0.01640625 0.01640625
0 0.52734375 0.65390625 0.01640625 0.01640625
0 0.52734375 0.6234375 0.015625 0.01640625
0 0.48359375 0.621875 0.015625 0.01640625
0 0.54140625 0.6109375 0.0171875 0.01640625
0 0.528125 0.603125 0.015625 0.015625
0 0.51875 0.584375 0.015625 0.01484375
0 0.53828125 0.57109375 0.01640625 0.0171875
0 0.52265625 0.5765625 0.01484375 0.0125
0 0.5328125 0.58828125 0.01796875 0.01640625
0 0.56328125 0.58984375 0.01875 0.0171875
0 0.6 0.590625 0.01796875 0.01640625
0 0.58125 0.59609375 0.01640625 0.0171875
0 0.64921875 0.60625 0.01953125 0.01796875
0 0.63984375 0.63828125 0.01875 0.01796875
0 0.61484375 0.57109375 0.01640625 0.0171875
0 0.6 0.5609375 0.015625 0.015625
0 0.58203125 0.55078125 0.015625 0.0171875
0 0.5578125 0.53515625 0.0171875 0.0171875
0 0.52578125 0.55546875 0.015625 0.0171875
0 0.54296875 0.53125 0.01640625 0.0171875
0 0.53046875 0.515625 0.01640625 0.015625
0 0.5 0.5625 0.01640625 0.0171875
0 0.54609375 0.50859375 0.0171875 0.0171875
0 0.48046875 0.5953125 0.01796875 0.0171875
0 0.490625 0.575 0.01640625 0.01796875
0 0.4796875 0.56484375 0.015625 0.0171875
0 0.4875 0.553125 0.01796875 0.0171875
0 0.415625 0.67265625 0.01640625 0.0171875
0 0.38515625 0.6671875 0.01796875 0.0171875
0 0.4203125 0.65703125 0.0171875 0.01796875
0 0.38828125 0.653125 0.01875 0.01640625
0 0.4359375 0.65859375 0.0171875 0.0171875
0 0.4078125 0.62421875 0.01796875 0.01640625
0 0.45 0.65 0.01796875 0.0171875
0 0.428125 0.62890625 0.0171875 0.01640625
0 0.453125 0.62421875 0.0171875 0.01796875
0 0.44375 0.634375 0.015625 0.0171875
0 0.38125 0.63203125 0.01640625 0.0171875
0 0.34296875 0.6609375 0.01796875 0.01875
0 0.39609375 0.62578125 0.01484375 0.0171875
0 0.390625 0.6140625 0.01796875 0.0171875
0 0.39921875 0.59140625 0.0171875 0.0171875
0 0.3578125 0.60703125 0.0171875 0.01796875
0 0.390625 0.59921875 0.01640625 0.01640625
0 0.41484375 0.5875 0.0171875 0.01953125
0 0.43359375 0.58046875 0.01640625 0.01640625
0 0.4578125 0.57734375 0.0171875 0.0171875
0 0.45390625 0.596875 0.01484375 0.0171875
0 0.33515625 0.62109375 0.01640625 0.01640625
0 0.3234375 0.61171875 0.015625 0.01484375
0 0.3078125 0.6140625 0.01640625 0.0171875
0 0.26328125 0.615625 0.0171875 0.01796875
0 0.3109375 0.59609375 0.015625 0.0171875
0 0.29453125 0.58359375 0.01796875 0.0171875
0 0.275 0.5703125 0.01640625 0.0171875
0 0.3375 0.60078125 0.01640625 0.015625
0 0.34375 0.58359375 0.01640625 0.01484375
0 0.37421875 0.5765625 0.0171875 0.015625
0 0.3515625 0.59296875 0.0140625 0.015625
0 0.3796875 0.58984375 0.015625 0.01640625
0 0.346875 0.5703125 0.01640625 0.0171875
0 0.33515625 0.56015625 0.0171875 0.01640625
0 0.31171875 0.54921875 0.015625 0.0171875
0 0.28203125 0.54609375 0.01875 0.01796875
0 0.303125 0.5359375 0.01640625 0.01640625
0 0.32265625 0.53515625 0.01796875 0.0171875
0 0.31328125 0.5203125 0.01796875 0.0171875
0 0.3546875 0.51875 0.015625 0.01640625
0 0.32421875 0.49375 0.0171875 0.015625
0 0.3609375 0.54375 0.0171875 0.0171875
0 0.38359375 0.54140625 0.0171875 0.01484375
0 0.36484375 0.53046875 0.015625 0.01640625
0 0.3828125 0.55703125 0.01796875 0.01640625
0 0.403125 0.5703125 0.01640625 0.015625
0 0.41171875 0.54375 0.01484375 0.01875
0 0.41875 0.5640625 0.01640625 0.015625
0 0.44609375 0.565625 0.01484375 0.01640625
0 0.43984375 0.59140625 0.0140625 0.0140625
0 0.40546875 0.63828125 0.0171875 0.01640625
0 0.46953125 0.53515625 0.015625 0.015625
0 0.49140625 0.521875 0.01640625 0.01640625
0 0.50625 0.50390625 0.01640625 0.015625
0 0.465625 0.51796875 0.015625 0.015625
0 0.44765625 0.5203125 0.015625 0.015625
0 0.42421875 0.52109375 0.015625 0.015625
0 0.4359375 0.51171875 0.0140625 0.01484375
0 0.44765625 0.50234375 0.01484375 0.015625
0 0.44921875 0.48671875 0.015625 0.015625
0 0.42265625 0.503125 0.01640625 0.0171875
0 0.4625 0.4984375 0.0171875 0.01640625
0 0.41015625 0.49453125 0.015625 0.01484375
0 0.38359375 0.48515625 0.01953125 0.01796875
0 0.39296875 0.46953125 0.0171875 0.01484375
0 0.375 0.47421875 0.01796875 0.01640625
0 0.36484375 0.4609375 0.0171875 0.0171875
0 0.35 0.47421875 0.01796875 0.01640625
0 0.43984375 0.4609375 0.01640625 0.015625
0 0.4578125 0.4546875 0.015625 0.01640625
0 0.42734375 0.42578125 0.01875 0.01640625