0 0.7171875 0.22734375 0.02421875 0.025
0 0.73515625 0.215625 0.02578125 0.0203125
0 0.73515625 0.24453125 0.025 0.021875
0 0.6984375 0.215625 0.0171875 0.025
0 0.7171875 0.2609375 0.02421875 0.025
0 0.675 0.21640625 0.02578125 0.021875
0 0.69296875 0.23828125 0.02265625 0.01953125
0 0.646875 0.21875 0.0234375 0.025
0 0.60546875 0.2390625 0.02734375 0.0234375
0 0.62265625 0.20859375 0.0265625 0.02109375
0 0.66171875 0.19140625 0.02890625 0.0265625
0 0.59453125 0.2140625 0.02890625 0.0265625
0 0.5703125 0.159375 0.015625 0.0296875
0 0.5890625 0.16171875 0.025 0.02578125
0 0.63671875 0.18046875 0.02578125 0.025
0 0.5953125 0.13984375 0.0234375 0.02421875
0 0.62421875 0.14921875 0.0296875 0.02734375
0 0.56796875 0.1328125 0.0296875 0.025
0 0.54609375 0.15625 0.028125 0.01953125
0 0.54453125 0.20859375 0.0265625 0.0234375
0 0.54765625 0.18046875 0.0328125 0.02578125
0 0.53671875 0.24453125 0.028125 0.025
0 0.55625 0.23203125 0.028125 0.0234375
0 0.57421875 0.25859375 0.025 0.0265625
0 0.7015625 0.27734375 0.0265625 0.021875
0 0.7140625 0.296875 0.0234375 0.02109375
0 0.73984375 0.30078125 0.0234375 0.02265625
0 0.78671875 0.29453125 0.028125 0.02109375
0 0.76171875 0.35859375 0.02265625 0.02265625
0 0.80625 0.37265625 0.02265625 0.01953125
0 0.77734375 0.3421875 0.025 0.01953125
0 0.7625 0.315625 0.021875 0.01796875
0 0.7796875 0.37578125 0.0234375 0.025
0 0.81328125 0.35390625 0.02578125 0.01953125
0 0.85390625 0.33828125 0.02578125 0.02421875
0 0.890625 0.3453125 0.02265625 0.0203125
0 0.91015625 0.45078125 0.02421875 0.02109375
0 0.86953125 0.39140625 0.02578125 0.021875
0 0.8765625 0.425 0.02265625 0.02265625
0 0.9109375 0.4765625 0.02109375 0.0234375
0 0.690625 0.296875 0.025 0.02109375
0 0.72421875 0.3203125 0.025 0.0234375
0 0.734375 0.346875 0.028125 0.021875
0 0.7828125 0.41953125 0.02421875 0.021875
0 0.74296875 0.3671875 0.02265625 0.01953125
0 0.68671875 0.32578125 0.021875 0.02265625
0 0.6421875 0.30625 0.03203125 0.028125
0 0.66796875 0.33828125 0.028125 0.02421875
0 0.72734375 0.38515625 0.0328125 0.025
0 0.55 0.30390625 0.03046875 0.0296875
0 0.61640625 0.3484375 0.03515625 0.0296875
0 0.4765625 0.3296875 0.0296875 0.03359375
0 0.35859375 0.37578125 0.04296875 0.02890625
0 0.18515625 0.3546875 0.040625 0.0328125
0 0.19140625 0.3921875 0.04140625 0.0328125
0 0.1703125 0.43671875 0.04375 0.0359375
0 0.14609375 0.46171875 0.03984375 0.03125
0 0.24765625 0.4421875 0.0390625 0.034375
0 0.17265625 0.509375 0.0421875 0.03125
0 0.209375 0.53671875 0.040625 0.03046875
0 0.59453125 0.41796875 0.0359375 0.028125
0 0.55703125 0.4296875 0.02890625 0.028125
0 0.58125 0.45625 0.03203125 0.0265625
0 0.68359375 0.51796875 0.03125 0.02421875
0 0.6859375 0.46484375 0.0328125 0.02890625
0 0.65390625 0.521875 0.02734375 0.0234375
0 0.6859375 0.5421875 0.02578125 0.025
0 0.65390625 0.55234375 0.028125 0.02265625
0 0.5296875 0.50625 0.0328125 0.021875
0 0.44921875 0.48046875 0.0359375 0.02890625
0 0.48671875 0.49453125 0.03125 0.0265625
0 0.5296875 0.528125 0.03515625 0.021875
0 0.56015625 0.55 0.028125 0.025
0 0.48984375 0.52578125 0.03125 0.0265625
0 0.53359375 0.5515625 0.0265625 0.0265625
0 0.56953125 0.5703125 0.02578125 0.0234375
0 0.65703125 0.5828125 0.03125 0.03125
0 0.54140625 0.5734375 0.028125 0.025
0 0.5796875 0.5921875 0.0296875 0.0265625
0 0.5078125 0.54609375 0.02890625 0.02421875
0 0.546875 0.59609375 0.0296875 0.02734375
0 0.4375 0.55234375 0.0359375 0.03046875
0 0.49375 0.5890625 0.03671875 0.03203125
0 0.23203125 0.565625 0.040625 0.0359375
0 0.3 0.56796875 0.04140625 0.03203125
0 0.28984375 0.6046875 0.04609375 0.03125
0 0.35 0.6265625 0.0390625 0.03046875
0 0.4421875 0.68203125 0.03671875 0.028125
0 0.475 0.68046875 0.03359375 0.02890625
0 0.86484375 0.6140625 0.02734375 0.02109375
0 0.87421875 0.63203125 0.028125 0.021875
0 0.7671875 0.5921875 0.03125 0.02421875
0 0.7765625 0.61015625 0.02890625 0.02265625
0 0.85390625 0.5625 0.02734375 0.0265625
0 0.765625 0.62890625 0.025 0.02578125
0 0.85234375 0.64296875 0.0265625 0.021875
0 0.66796875 0.6890625 0.03125 0.028125
0 0.8765625 0.66953125 0.0234375 0.02421875
0 0.8546875 0.7125 0.02734375 0.02421875