0 0.3046875 0.52109375 0.01328125 0.0125
0 0.3296875 0.546875 0.01328125 0.01484375
0 0.41171875 0.59609375 0.01171875 0.01328125
0 0.43125 0.57578125 0.01171875 0.0125
0 0.428125 0.5640625 0.0109375 0.01328125
0 0.4390625 0.56171875 0.0109375 0.0109375
0 0.41796875 0.55859375 0.0109375 0.0125
0 0.4296875 0.55234375 0.01015625 0.01171875
0 0.4484375 0.553125 0.01171875 0.01171875
0 0.4203125 0.546875 0.01015625 0.01015625
0 0.40546875 0.546875 0.0109375 0.0109375
0 0.4140625 0.53828125 0.0109375 0.0109375
0 0.44296875 0.54296875 0.01171875 0.01171875
0 0.4015625 0.534375 0.01171875 0.01171875
0 0.43046875 0.53515625 0.01015625 0.0109375
0 0.415625 0.515625 0.0109375 0.0109375
0 0.41796875 0.5265625 0.01171875 0.01171875
0 0.3828125 0.52109375 0.0125 0.01328125
0 0.39375 0.49609375 0.0125 0.0125
0 0.4078125 0.50703125 0.01015625 0.01171875
0 0.434375 0.51953125 0.0109375 0.01328125
0 0.44375 0.52890625 0.01171875 0.01171875
0 0.44921875 0.5171875 0.01328125 0.01171875
0 0.425 0.4984375 0.0109375 0.0109375
0 0.4359375 0.50703125 0.0125 0.01171875
0 0.446875 0.50546875 0.0109375 0.01171875
0 0.4140625 0.48828125 0.01171875 0.01015625
0 0.45 0.490625 0.0109375 0.01171875
0 0.45859375 0.48125 0.0109375 0.0125
0 0.47265625 0.48125 0.0109375 0.0125
0 0.50234375 0.4765625 0.01015625 0.0125
0 0.5125 0.47578125 0.009375 0.0109375
0 0.4890625 0.47734375 0.01015625 0.01015625
0 0.50078125 0.48671875 0.01015625 0.01015625
0 0.48203125 0.484375 0.009375 0.0109375
0 0.49140625 0.49140625 0.0109375 0.01015625
0 0.459375 0.49296875 0.009375 0.009375
0 0.47109375 0.49140625 0.01171875 0.009375
0 0.48046875 0.49765625 0.0109375 0.01015625
0 0.46640625 0.50078125 0.0109375 0.01015625
0 0.47734375 0.5078125 0.01171875 0.0125
0 0.4640625 0.5109375 0.0109375 0.0109375
0 0.47109375 0.51875 0.01015625 0.0109375
0 0.48125 0.51796875 0.0109375 0.0109375
0 0.4921875 0.503125 0.01171875 0.0109375
0 0.50546875 0.4953125 0.0109375 0.01015625
0 0.5171875 0.4875 0.01015625 0.0125
0 0.52890625 0.48828125 0.0125 0.0125
0 0.53984375 0.4921875 0.0125 0.01171875
0 0.5796875 0.5203125 0.0125 0.01171875
0 0.55 0.50234375 0.01015625 0.0125
0 0.5265625 0.4984375 0.01015625 0.0109375
0 0.5296875 0.5078125 0.0109375 0.0109375
0 0.53984375 0.51328125 0.01015625 0.01171875
0 0.51875 0.50390625 0.0109375 0.0109375
0 0.53984375 0.5234375 0.01171875 0.0109375
0 0.5109375 0.5171875 0.0109375 0.01171875
0 0.53671875 0.53359375 0.01171875 0.0125
0 0.5046875 0.52890625 0.0109375 0.0109375
0 0.5234375 0.53203125 0.01015625 0.0109375
0 0.5015625 0.540625 0.01171875 0.0125
0 0.4921875 0.553125 0.01015625 0.01015625
0 0.48984375 0.54296875 0.01171875 0.0109375
0 0.49140625 0.56328125 0.01171875 0.009375
0 0.47265625 0.56015625 0.0125 0.0125
0 0.47265625 0.5734375 0.01015625 0.01171875
0 0.58046875 0.5375 0.01328125 0.01171875
0 0.52109375 0.55390625 0.01171875 0.01328125
0 0.5296875 0.54375 0.0109375 0.01328125
0 0.51484375 0.56328125 0.0109375 0.0140625
0 0.5359375 0.55859375 0.01171875 0.0109375
0 0.50234375 0.56875 0.01171875 0.0125
0 0.5296875 0.5703125 0.01171875 0.01328125
0 0.4921875 0.578125 0.0109375 0.0125
0 0.46796875 0.5859375 0.0109375 0.0109375
0 0.44921875 0.60625 0.0109375 0.0109375
0 0.459375 0.61171875 0.0109375 0.0109375
0 0.46171875 0.5984375 0.01171875 0.01171875
0 0.47265625 0.59921875 0.0109375 0.01171875
0 0.48984375 0.59296875 0.01171875 0.0125
0 0.490625 0.60546875 0.0109375 0.0125
0 0.496875 0.61796875 0.01171875 0.0125
0 0.50703125 0.61015625 0.01171875 0.01171875
0 0.52265625 0.615625 0.01015625 0.01171875
0 0.52890625 0.625 0.0109375 0.01171875
0 0.5359375 0.609375 0.01171875 0.0125
0 0.53984375 0.62265625 0.0109375 0.01328125
0 0.62265625 0.56171875 0.01171875 0.0125
0 0.5703125 0.61796875 0.01171875 0.01328125
0 0.58125 0.6140625 0.0125 0.0125
0 0.5671875 0.59921875 0.0109375 0.01171875
0 0.5828125 0.603125 0.0125 0.0109375
0 0.58984375 0.59140625 0.01328125 0.0125
0 0.584375 0.64765625 0.0125 0.0140625
0 0.4953125 0.63515625 0.01171875 0.01171875
0 0.47109375 0.64296875 0.0125 0.01328125
0 0.496875 0.67109375 0.01171875 0.01328125
0 0.39453125 0.6859375 0.01171875 0.01171875
0 0.40234375 0.70703125 0.0125 0.01328125