0 0.55 0.07734375 0.025 0.028125
0 0.5671875 0.0921875 0.0234375 0.025
0 0.5859375 0.07578125 0.025 0.025
0 0.58359375 0.05234375 0.0265625 0.025
0 0.475 0.096875 0.0265625 0.025
0 0.49921875 0.10625 0.025 0.028125
0 0.4515625 0.13671875 0.0265625 0.025
0 0.40703125 0.1953125 0.0265625 0.025
0 0.296875 0.23984375 0.021875 0.025
0 0.321875 0.24765625 0.0234375 0.021875
0 0.296875 0.2640625 0.0203125 0.021875
0 0.31640625 0.26953125 0.021875 0.021875
0 0.26171875 0.26875 0.025 0.0234375
0 0.23359375 0.26640625 0.021875 0.028125
0 0.29453125 0.2875 0.0234375 0.0234375
0 0.315625 0.29453125 0.021875 0.025
0 0.33359375 0.284375 0.0234375 0.025
0 0.28671875 0.3140625 0.021875 0.025
0 0.3078125 0.31484375 0.025 0.025
0 0.26328125 0.33125 0.0203125 0.025
0 0.28515625 0.3359375 0.0234375 0.0234375
0 0.26875 0.37265625 0.021875 0.021875
0 0.28984375 0.37265625 0.0203125 0.025
0 0.3109375 0.3828125 0.025 0.0234375
0 0.27109375 0.39375 0.021875 0.021875
0 0.29296875 0.3953125 0.021875 0.021875
0 0.21015625 0.39921875 0.021875 0.0265625
0 0.22890625 0.3875 0.01875 0.0234375
0 0.22890625 0.41640625 0.0234375 0.025
0 0.26640625 0.4421875 0.025 0.0265625
0 0.28359375 0.421875 0.0203125 0.025
0 0.19765625 0.484375 0.021875 0.028125
0 0.190625 0.534375 0.021875 0.025
0 0.18984375 0.509375 0.025 0.0265625
0 0.22734375 0.5375 0.0171875 0.021875
0 0.2546875 0.53203125 0.01875 0.025
0 0.2375 0.53125 0.01875 0.021875
0 0.2515625 0.50390625 0.025 0.028125
0 0.28984375 0.5234375 0.0203125 0.01875
0 0.28125 0.5140625 0.021875 0.025
0 0.290625 0.49296875 0.01875 0.021875
0 0.30390625 0.5015625 0.0234375 0.021875
0 0.33203125 0.5390625 0.021875 0.0265625
0 0.35078125 0.553125 0.0203125 0.025
0 0.37109375 0.54921875 0.025 0.021875
0 0.375 0.57109375 0.021875 0.021875
0 0.35234375 0.6171875 0.0109375 0.0234375
0 0.38984375 0.6171875 0.021875 0.0234375
0 0.36875 0.61484375 0.021875 0.0265625
0 0.36796875 0.5921875 0.021875 0.01875
0 0.3796875 0.65078125 0.025 0.0234375
0 0.35703125 0.64453125 0.021875 0.025
0 0.36484375 0.66640625 0.021875 0.021875
0 0.3375 0.68359375 0.0265625 0.021875
0 0.2328125 0.5703125 0.025 0.025
0 0.18203125 0.59375 0.021875 0.025
0 0.23046875 0.59453125 0.025 0.021875
0 0.2203125 0.65078125 0.021875 0.021875
0 0.23515625 0.66875 0.025 0.0234375
0 0.25625 0.6578125 0.021875 0.025
0 0.20546875 0.69140625 0.021875 0.0125
0 0.20390625 0.67890625 0.0234375 0.021875
0 0.23203125 0.6984375 0.0234375 0.025
0 0.19921875 0.73046875 0.0234375 0.025
0 0.2171875 0.715625 0.021875 0.021875
0 0.2515625 0.721875 0.025 0.021875
0 0.25703125 0.69921875 0.025 0.025
0 0.27421875 0.728125 0.021875 0.021875
0 0.29453125 0.75 0.021875 0.025
0 0.3125 0.73828125 0.021875 0.028125
0 0.25234375 0.74375 0.021875 0.0234375
0 0.2734375 0.75078125 0.021875 0.025
0 0.2421875 0.7640625 0.0203125 0.025
0 0.2609375 0.76796875 0.021875 0.0234375
0 0.290625 0.77578125 0.025 0.0234375
0 0.31875 0.80234375 0.025 0.0234375
0 0.33125 0.82109375 0.021875 0.021875
0 0.31015625 0.9265625 0.021875 0.0265625
0 0.45546875 0.86875 0.0234375 0.025
0 0.47265625 0.8453125 0.021875 0.025
0 0.54453125 0.78671875 0.025 0.028125
0 0.6015625 0.76171875 0.025 0.025
0 0.61484375 0.7828125 0.025 0.025
0 0.62265625 0.80859375 0.021875 0.01875
0 0.634375 0.8 0.0140625 0.015625
0 0.68046875 0.86328125 0.025 0.015625
0 0.70703125 0.8359375 0.025 0.025
0 0.67890625 0.84375 0.0296875 0.03125
0 0.4515625 0.72734375 0.021875 0.021875
0 0.42421875 0.6984375 0.021875 0.021875
0 0.4453125 0.703125 0.021875 0.021875
0 0.4296875 0.71953125 0.021875 0.0234375
0 0.47109375 0.69140625 0.01875 0.025
0 0.45 0.68125 0.021875 0.021875
0 0.43515625 0.66640625 0.0203125 0.0234375
0 0.4640625 0.66796875 0.01875 0.025
0 0.459375 0.64453125 0.021875 0.021875
0 0.43984375 0.63125 0.021875 0.021875
0 0.4796875 0.653125 0.021875 0.01875
0 0.475 0.6265625 0.021875 0.028125
0 0.49453125 0.634375 0.0265625 0.021875
0 0.45625 0.615625 0.0203125 0.021875
0 0.4375 0.596875 0.021875 0.021875
0 0.50625 0.615625 0.0234375 0.025
0 0.51796875 0.6328125 0.021875 0.0234375
0 0.51015625 0.59296875 0.0234375 0.025
0 0.51015625 0.5703125 0.021875 0.021875
0 0.53203125 0.58125 0.021875 0.025
0 0.53046875 0.5578125 0.021875 0.021875
0 0.55078125 0.55546875 0.021875 0.0234375
0 0.525 0.5359375 0.021875 0.025
0 0.54375 0.52578125 0.0203125 0.021875
0 0.5625 0.5328125 0.021875 0.021875
0 0.5171875 0.515625 0.0296875 0.025
0 0.540625 0.503125 0.025 0.028125
0 0.59375 0.58203125 0.025 0.025
0 0.45859375 0.55703125 0.025 0.025
0 0.48046875 0.5578125 0.0234375 0.025
0 0.475 0.53515625 0.0234375 0.021875
0 0.4671875 0.5140625 0.021875 0.0203125
0 0.4578125 0.49375 0.021875 0.025
0 0.43125 0.4984375 0.021875 0.0265625
0 0.44296875 0.5171875 0.0203125 0.025
0 0.38046875 0.52578125 0.021875 0.025
0 0.38203125 0.50234375 0.025 0.025
0 0.653125 0.478125 0.028125 0.028125
0 0.5640625 0.4765625 0.028125 0.025
0 0.5625 0.453125 0.028125 0.028125
0 0.6046875 0.4578125 0.03125 0.025
0 0.61015625 0.43125 0.028125 0.028125
0 0.5828125 0.42734375 0.025 0.0296875
0 0.59921875 0.39453125 0.025 0.028125
0 0.5625 0.41328125 0.025 0.025
0 0.49453125 0.446875 0.025 0.028125
0 0.5125 0.37109375 0.028125 0.028125
0 0.378125 0.41953125 0.025 0.021875
0 0.3703125 0.39765625 0.021875 0.021875
0 0.378125 0.440625 0.021875 0.0234375
0 0.3484375 0.41015625 0.021875 0.0234375
0 0.35625 0.38125 0.025 0.021875
0 0.37734375 0.36484375 0.021875 0.025
0 0.37578125 0.3390625 0.025 0.025
0 0.39609375 0.31796875 0.025 0.025