0 0.428125 0.10859375 0.0453125 0.0328125
0 0.45859375 0.125 0.0421875 0.0296875
0 0.3390625 0.2125 0.0421875 0.03125
0 0.3671875 0.2328125 0.04375 0.03125
0 0.41015625 0.24609375 0.0421875 0.0359375
0 0.31015625 0.23828125 0.0421875 0.0359375
0 0.16328125 0.26015625 0.04375 0.0328125
0 0.17265625 0.34765625 0.0421875 0.034375
0 0.19921875 0.3671875 0.0421875 0.0328125
0 0.26796875 0.38359375 0.0453125 0.0359375
0 0.190625 0.41640625 0.0453125 0.034375
0 0.2296875 0.403125 0.0453125 0.034375
0 0.66328125 0.13203125 0.0453125 0.034375
0 0.61171875 0.24296875 0.0421875 0.0328125
0 0.70078125 0.16796875 0.0453125 0.0328125
0 0.70625 0.2078125 0.0421875 0.0328125
0 0.73515625 0.18203125 0.0390625 0.0328125
0 0.765625 0.21015625 0.0453125 0.0328125
0 0.8046875 0.26953125 0.04375 0.0359375
0 0.76875 0.33671875 0.0421875 0.0359375
0 0.846875 0.37265625 0.046875 0.0375
0 0.84375 0.43828125 0.0453125 0.034375
0 0.6328125 0.3484375 0.0421875 0.0328125
0 0.66484375 0.38671875 0.0453125 0.0328125
0 0.4140625 0.3796875 0.0421875 0.0328125
0 0.440625 0.4046875 0.04375 0.0328125
0 0.47734375 0.44296875 0.04375 0.034375
0 0.55234375 0.4546875 0.0421875 0.0328125
0 0.61796875 0.43671875 0.0421875 0.034375
0 0.5828125 0.47265625 0.0453125 0.0328125
0 0.62578125 0.471875 0.0421875 0.0328125
0 0.659375 0.48671875 0.0421875 0.0359375
0 0.696875 0.47734375 0.0453125 0.0328125
0 0.73671875 0.47109375 0.0453125 0.034375
0 0.70859375 0.5109375 0.028125 0.0328125
0 0.7328125 0.50546875 0.0421875 0.03125
0 0.78203125 0.5 0.0453125 0.0328125
0 0.82265625 0.509375 0.0421875 0.0296875
0 0.82109375 0.55078125 0.0421875 0.034375
0 0.8625 0.54921875 0.04375 0.034375
0 0.78984375 0.5296875 0.0390625 0.03125
0 0.77578125 0.5578125 0.0421875 0.0296875
0 0.8046875 0.58046875 0.04375 0.0328125
0 0.81328125 0.6109375 0.0453125 0.0328125
0 0.73671875 0.53671875 0.0453125 0.034375
0 0.675 0.515625 0.0421875 0.0328125
0 0.64609375 0.540625 0.04375 0.0328125
0 0.5796875 0.5359375 0.0421875 0.0328125
0 0.63515625 0.5125 0.0421875 0.0296875
0 0.52265625 0.52109375 0.0421875 0.0375
0 0.6109375 0.55546875 0.040625 0.03125
0 0.49921875 0.5578125 0.0421875 0.0328125
0 0.56796875 0.565625 0.0453125 0.0359375
0 0.57890625 0.59453125 0.0390625 0.0328125
0 0.65078125 0.58203125 0.0421875 0.0265625
0 0.62890625 0.621875 0.0421875 0.0234375
0 0.6421875 0.6 0.0421875 0.0296875
0 0.68203125 0.60625 0.0421875 0.034375
0 0.6640625 0.634375 0.0421875 0.0328125
0 0.58828125 0.6234375 0.040625 0.0328125
0 0.53828125 0.58515625 0.0390625 0.0328125
0 0.53828125 0.61640625 0.0421875 0.0328125
0 0.46171875 0.5890625 0.0390625 0.0328125
0 0.5015625 0.596875 0.040625 0.0328125
0 0.4515625 0.559375 0.0421875 0.034375
0 0.35625 0.51328125 0.04375 0.0328125
0 0.4015625 0.51484375 0.0453125 0.034375
0 0.3546875 0.4796875 0.0453125 0.0328125
0 0.1671875 0.4859375 0.0421875 0.0328125
0 0.20859375 0.53125 0.0421875 0.0328125
0 0.23046875 0.56953125 0.0421875 0.0296875
0 0.1609375 0.54375 0.04375 0.0328125
0 0.1953125 0.56328125 0.0390625 0.0296875
0 0.14921875 0.58828125 0.0453125 0.034375
0 0.12265625 0.63359375 0.0421875 0.0328125
0 0.1640625 0.6375 0.0453125 0.034375
0 0.165625 0.66875 0.04375 0.0328125
0 0.24609375 0.65625 0.0453125 0.0328125
0 0.2421875 0.6890625 0.04375 0.03125
0 0.1515625 0.69765625 0.046875 0.03125
0 0.090625 0.715625 0.0453125 0.0359375
0 0.15546875 0.728125 0.0421875 0.034375
0 0.11953125 0.75546875 0.0453125 0.0328125
0 0.18984375 0.740625 0.0421875 0.0328125
0 0.21484375 0.76640625 0.040625 0.0328125
0 0.22421875 0.79765625 0.0390625 0.0359375
0 0.26171875 0.7375 0.0484375 0.0375
0 0.31171875 0.76328125 0.046875 0.0328125
0 0.3390625 0.73984375 0.0484375 0.034375
0 0.32109375 0.79375 0.04375 0.0296875
0 0.34140625 0.83984375 0.0453125 0.0359375
0 0.37578125 0.8671875 0.04375 0.0328125
0 0.38125 0.909375 0.0421875 0.0328125
0 0.40859375 0.88671875 0.040625 0.0328125
0 0.44609375 0.8296875 0.0421875 0.0328125
0 0.4859375 0.81953125 0.0421875 0.0328125
0 0.45859375 0.8796875 0.0421875 0.0328125
0 0.4515625 0.91015625 0.0453125 0.0328125
0 0.778125 0.69609375 0.0453125 0.0375