0 0.24453125 0.51015625 0.021875 0.01796875
0 0.28984375 0.54296875 0.0203125 0.021875
0 0.559375 0.38515625 0.01640625 0.01796875
0 0.578125 0.39140625 0.015625 0.0171875
0 0.5640625 0.40078125 0.01640625 0.015625
0 0.58671875 0.4046875 0.015625 0.015625
0 0.571875 0.41328125 0.015625 0.01640625
0 0.5859375 0.421875 0.01484375 0.015625
0 0.60078125 0.42734375 0.01484375 0.015625
0 0.61171875 0.4453125 0.015625 0.015625
0 0.5234375 0.37421875 0.01796875 0.015625
0 0.52421875 0.3921875 0.0171875 0.015625
0 0.5421875 0.3875 0.01640625 0.015625
0 0.54765625 0.40390625 0.0140625 0.01484375
0 0.5546875 0.41796875 0.015625 0.01484375
0 0.5703125 0.4296875 0.01484375 0.01484375
0 0.5890625 0.43828125 0.01484375 0.015625
0 0.58984375 0.4546875 0.015625 0.0140625
0 0.5859375 0.47109375 0.01484375 0.01640625
0 0.5609375 0.44375 0.015625 0.01484375
0 0.571875 0.4546875 0.015625 0.015625
0 0.55 0.43359375 0.01484375 0.015625
0 0.53125 0.4078125 0.01484375 0.015625
0 0.5390625 0.42265625 0.0140625 0.0140625
0 0.534375 0.4375 0.0140625 0.01484375
0 0.56484375 0.47265625 0.015625 0.01484375
0 0.54375 0.45 0.015625 0.01484375
0 0.55625 0.46015625 0.01328125 0.01484375
0 0.52578125 0.45234375 0.01484375 0.015625
0 0.51796875 0.43828125 0.01484375 0.015625
0 0.521875 0.42265625 0.015625 0.015625
0 0.51328125 0.40703125 0.015625 0.015625
0 0.50625 0.39140625 0.01640625 0.015625
0 0.50234375 0.37421875 0.01484375 0.01640625
0 0.4859375 0.37890625 0.01640625 0.01640625
0 0.4828125 0.396875 0.0140625 0.01796875
0 0.49609375 0.4046875 0.015625 0.015625
0 0.50234375 0.41953125 0.015625 0.015625
0 0.4859375 0.4171875 0.01484375 0.01484375
0 0.48671875 0.43203125 0.0171875 0.01484375
0 0.50234375 0.4375 0.0140625 0.01484375
0 0.48984375 0.4484375 0.0140625 0.015625
0 0.50703125 0.4515625 0.015625 0.01484375
0 0.49765625 0.46484375 0.015625 0.015625
0 0.51328125 0.46640625 0.015625 0.01484375
0 0.53515625 0.4640625 0.01484375 0.0140625
0 0.525 0.47578125 0.0140625 0.0140625
0 0.54765625 0.47265625 0.01328125 0.01484375
0 0.5515625 0.4875 0.01484375 0.0140625
0 0.5375 0.48515625 0.015625 0.0140625
0 0.5140625 0.5046875 0.015625 0.01640625
0 0.51484375 0.4875 0.015625 0.01484375
0 0.5 0.496875 0.01484375 0.01484375
0 0.50078125 0.48125 0.015625 0.0140625
0 0.48203125 0.47421875 0.015625 0.015625
0 0.47890625 0.45859375 0.01640625 0.015625
0 0.4734375 0.44296875 0.015625 0.01484375
0 0.46875 0.42890625 0.0171875 0.01484375
0 0.4703125 0.4140625 0.015625 0.01640625
0 0.465625 0.39765625 0.01796875 0.01796875
0 0.44609375 0.39609375 0.015625 0.01640625
0 0.4546875 0.4109375 0.01484375 0.01484375
0 0.4515625 0.42578125 0.01484375 0.01640625
0 0.45703125 0.44140625 0.0140625 0.015625
0 0.46328125 0.45546875 0.015625 0.01484375
0 0.4671875 0.47109375 0.015625 0.0140625
0 0.46953125 0.48515625 0.015625 0.01484375
0 0.45390625 0.4828125 0.0140625 0.01484375
0 0.446875 0.45234375 0.01640625 0.0140625
0 0.45234375 0.4671875 0.01484375 0.015625
0 0.440625 0.43828125 0.01484375 0.01484375
0 0.434375 0.41640625 0.015625 0.015625
0 0.42578125 0.44453125 0.015625 0.01484375
0 0.42109375 0.42890625 0.01640625 0.01640625
0 0.4 0.41640625 0.015625 0.015625
0 0.3828125 0.42734375 0.01640625 0.0171875
0 0.40234375 0.4390625 0.01484375 0.0171875
0 0.3734375 0.475 0.0171875 0.0171875
0 0.40546875 0.45703125 0.015625 0.015625
0 0.40625 0.4734375 0.01484375 0.01640625
0 0.4328125 0.4609375 0.01484375 0.01484375
0 0.4375 0.47578125 0.01484375 0.015625
0 0.42265625 0.48125 0.01484375 0.015625
0 0.4046875 0.50625 0.015625 0.015625
0 0.42734375 0.51328125 0.015625 0.015625
0 0.440625 0.49375 0.01484375 0.01640625
0 0.45546875 0.49921875 0.0140625 0.015625
0 0.47109375 0.50234375 0.01484375 0.01640625
0 0.484375 0.49296875 0.01484375 0.01484375
0 0.48515625 0.51171875 0.01484375 0.015625
0 0.5015625 0.51171875 0.0140625 0.01484375
0 0.5125 0.5234375 0.01484375 0.015625
0 0.5171875 0.5375 0.0171875 0.01484375
0 0.528125 0.51484375 0.0140625 0.01640625
0 0.52890625 0.49765625 0.01484375 0.015625
0 0.5453125 0.50390625 0.01484375 0.015625
0 0.565625 0.49453125 0.015625 0.01640625
0 0.58046875 0.4890625 0.01640625 0.015625
0 0.5890625 0.50546875 0.01640625 0.0171875