0 0.87109375 0.4828125 0.0875 0.090625
0 0.8140625 0.52265625 0.084375 0.075
0 0.81171875 0.46171875 0.0796875 0.0734375
0 0.73828125 0.5265625 0.0796875 0.0765625
0 0.74453125 0.4640625 0.075 0.0734375
0 0.65859375 0.52734375 0.075 0.075
0 0.68203125 0.5875 0.0890625 0.084375
0 0.60234375 0.60859375 0.084375 0.0796875
0 0.59609375 0.54375 0.078125 0.0734375
0 0.609375 0.48125 0.071875 0.071875
0 0.67734375 0.46484375 0.071875 0.071875
0 0.68671875 0.40546875 0.0734375 0.06875
0 0.65234375 0.36171875 0.065625 0.0703125
0 0.625 0.42421875 0.075 0.071875
0 0.54140625 0.39140625 0.0671875 0.0671875
0 0.54609375 0.5125 0.0640625 0.06875
0 0.55703125 0.45078125 0.071875 0.0734375
0 0.528125 0.60625 0.0796875 0.0796875
0 0.5 0.5453125 0.075 0.0765625
0 0.49609375 0.4734375 0.06875 0.0703125
0 0.490625 0.4203125 0.065625 0.0609375
0 0.4390625 0.49375 0.0734375 0.06875
0 0.42109375 0.44453125 0.071875 0.0625
0 0.43515625 0.55625 0.078125 0.0734375
0 0.359375 0.5765625 0.0765625 0.0703125
0 0.38125 0.51953125 0.0734375 0.0640625
0 0.3609375 0.471875 0.0734375 0.065625
0 0.2375 0.484375 0.0859375 0.075
0 0.3 0.515625 0.08125 0.075
0 0.16328125 0.54375 0.0859375 0.0796875
0 0.09140625 0.521875 0.08125 0.075
0 0.16484375 0.4640625 0.0765625 0.071875
0 0.1640625 0.35 0.0734375 0.065625
0 0.04296875 0.36953125 0.08125 0.0765625
0 0.1671875 0.403125 0.071875 0.06875
0 0.2453125 0.42890625 0.078125 0.0671875
0 0.3109375 0.4375 0.0703125 0.06875
0 0.36953125 0.41640625 0.0703125 0.065625
0 0.4296875 0.39296875 0.065625 0.0609375
0 0.48671875 0.36640625 0.06875 0.0671875
0 0.43671875 0.3421875 0.0703125 0.065625
0 0.32265625 0.3875 0.071875 0.0640625
0 0.38515625 0.36484375 0.065625 0.0609375
0 0.33515625 0.3359375 0.065625 0.059375
0 0.27890625 0.3203125 0.0703125 0.0625
0 0.26640625 0.36875 0.0703125 0.0671875
0 0.21875 0.31484375 0.0703125 0.065625
0 0.1453125 0.2515625 0.071875 0.0625
0 0.22421875 0.215625 0.06875 0.0640625
0 0.278125 0.2640625 0.065625 0.0609375
0 0.37734375 0.2171875 0.071875 0.059375
0 0.384375 0.31328125 0.0625 0.0578125
0 0.33046875 0.28828125 0.065625 0.059375
0 0.32578125 0.2375 0.06875 0.059375
0 0.38359375 0.26484375 0.0609375 0.0546875
0 0.4390625 0.28984375 0.065625 0.0609375
0 0.496875 0.309375 0.0703125 0.065625
0 0.54453125 0.340625 0.071875 0.0625
0 0.596875 0.37265625 0.0703125 0.0671875
0 0.609375 0.3234375 0.0703125 0.06875
0 0.55390625 0.2890625 0.06875 0.065625
0 0.634375 0.28125 0.06875 0.0640625
0 0.6796875 0.31640625 0.06875 0.0640625
0 0.7140625 0.3625 0.065625 0.059375
0 0.75234375 0.40859375 0.06875 0.0671875
0 0.8875 0.4265625 0.0765625 0.0703125
0 0.8234375 0.41015625 0.0734375 0.065625
0 0.796875 0.3609375 0.0734375 0.0671875
0 0.7484375 0.32265625 0.071875 0.0640625
0 0.86328125 0.37265625 0.0703125 0.06875
0 0.853125 0.31640625 0.0734375 0.065625
0 0.9109375 0.33828125 0.0765625 0.06875
0 0.9234375 0.2796875 0.071875 0.06875
0 0.83515625 0.26484375 0.06875 0.0625
0 0.7734375 0.28046875 0.0671875 0.0625
0 0.7125 0.275 0.06875 0.0625
0 0.6703125 0.24453125 0.065625 0.0578125
0 0.58828125 0.253125 0.065625 0.0609375
0 0.54140625 0.22734375 0.0671875 0.0625
0 0.80234375 0.221875 0.0703125 0.06875
0 0.73125 0.23203125 0.0671875 0.0625
0 0.76640625 0.1734375 0.0640625 0.0609375
0 0.77578125 0.1265625 0.0671875 0.0625
0 0.67109375 0.196875 0.065625 0.0578125
0 0.71171875 0.16875 0.0640625 0.0640625
0 0.62109375 0.21875 0.065625 0.0609375
0 0.63203125 0.16015625 0.0609375 0.0578125
0 0.5828125 0.190625 0.065625 0.0578125
0 0.496875 0.25625 0.065625 0.0609375
0 0.43125 0.23515625 0.0640625 0.0578125
0 0.48046875 0.21171875 0.065625 0.05625
0 0.52578125 0.18046875 0.0625 0.0609375
0 0.56328125 0.1421875 0.0640625 0.059375
0 0.425 0.18203125 0.065625 0.059375
0 0.478125 0.16484375 0.059375 0.05625
0 0.5046875 0.1328125 0.059375 0.0546875
0 0.51015625 0.08671875 0.065625 0.059375