0 0.45390625 0.7875 0.034375 0.034375
0 0.5171875 0.7640625 0.034375 0.034375
0 0.478125 0.77421875 0.034375 0.034375
0 0.4359375 0.9625 0.0375 0.0375
0 0.5953125 0.703125 0.034375 0.034375
0 0.55859375 0.746875 0.0359375 0.0359375
0 0.5734375 0.8125 0.0359375 0.0359375
0 0.4875 0.9296875 0.034375 0.034375
0 0.51875 0.671875 0.034375 0.034375
0 0.5953125 0.74296875 0.034375 0.0375
0 0.571875 0.7203125 0.034375 0.034375
0 0.65390625 0.70625 0.034375 0.034375
0 0.4265625 0.80234375 0.034375 0.034375
0 0.4359375 0.8859375 0.0328125 0.034375
0 0.678125 0.78515625 0.034375 0.034375
0 0.465625 0.875 0.034375 0.034375
0 0.62265625 0.7078125 0.034375 0.034375
0 0.41484375 0.60625 0.034375 0.0359375
0 0.540625 0.6515625 0.034375 0.034375
0 0.4359375 0.584375 0.034375 0.0359375
0 0.459375 0.98515625 0.034375 0.0296875
0 0.61640625 0.60625 0.034375 0.034375
0 0.52265625 0.559375 0.034375 0.034375
0 0.60859375 0.81171875 0.0375 0.0375
0 0.58203125 0.6796875 0.034375 0.034375
0 0.5421875 0.609375 0.034375 0.0359375
0 0.40234375 0.87421875 0.034375 0.034375
0 0.56484375 0.59296875 0.034375 0.034375
0 0.49921875 0.5734375 0.034375 0.034375
0 0.44296875 0.6140625 0.034375 0.034375
0 0.6515625 0.73515625 0.034375 0.0359375
0 0.4796875 0.89921875 0.034375 0.034375
0 0.5546875 0.6890625 0.034375 0.0359375
0 0.51328125 0.64453125 0.034375 0.034375
0 0.65078125 0.83359375 0.0359375 0.034375
0 0.58828125 0.609375 0.034375 0.034375
0 0.61953125 0.65390625 0.034375 0.0359375
0 0.509375 0.50390625 0.034375 0.034375
0 0.53671875 0.5125 0.034375 0.034375
0 0.5640625 0.62890625 0.034375 0.034375
0 0.73203125 0.55390625 0.0375 0.0359375
0 0.5 0.475 0.034375 0.0359375
0 0.553125 0.453125 0.034375 0.034375
0 0.66484375 0.8640625 0.034375 0.0359375
0 0.62734375 0.53125 0.034375 0.0359375
0 0.6546875 0.66484375 0.034375 0.034375
0 0.5640625 0.50625 0.034375 0.034375
0 0.49375 0.54765625 0.034375 0.0359375
0 0.43359375 0.55 0.0375 0.0359375
0 0.51640625 0.61640625 0.034375 0.0359375
0 0.39453125 0.57421875 0.034375 0.0359375
0 0.5546875 0.86953125 0.0359375 0.040625
0 0.64296875 0.80625 0.0359375 0.034375
0 0.67109375 0.63203125 0.0375 0.0375
0 0.58671875 0.540625 0.034375 0.034375
0 0.46953125 0.43671875 0.034375 0.0359375
0 0.55625 0.48046875 0.034375 0.0359375
0 0.5453125 0.428125 0.034375 0.034375
0 0.5640625 0.55625 0.034375 0.0375
0 0.64140625 0.62421875 0.034375 0.0375
0 0.60390625 0.515625 0.034375 0.034375
0 0.52890625 0.40390625 0.034375 0.0359375
0 0.49609375 0.4453125 0.034375 0.034375
0 0.4859375 0.5203125 0.034375 0.0375
0 0.52734375 0.48359375 0.034375 0.0359375
0 0.4453125 0.44765625 0.034375 0.0375
0 0.63671875 0.55859375 0.034375 0.0359375
0 0.46875 0.575 0.034375 0.0375
0 0.56796875 0.65703125 0.034375 0.0359375
0 0.60546875 0.559375 0.034375 0.034375
0 0.421875 0.46484375 0.034375 0.0359375
0 0.64375 0.8859375 0.0375 0.0375
0 0.62109375 0.67890625 0.0390625 0.0375
0 0.51640625 0.42734375 0.034375 0.0359375
0 0.571875 0.43046875 0.034375 0.0359375
0 0.47734375 0.48984375 0.034375 0.0359375
0 0.596875 0.63828125 0.034375 0.0375
0 0.40625 0.54921875 0.034375 0.034375
0 0.575 0.53125 0.034375 0.0328125
0 0.52109375 0.45546875 0.034375 0.0359375
0 0.43046875 0.421875 0.034375 0.0359375
0 0.5203125 0.32109375 0.034375 0.0375
0 0.51796875 0.35 0.0359375 0.0375
0 0.56796875 0.35078125 0.034375 0.0375
0 0.45 0.475 0.034375 0.034375
0 0.52265625 0.2921875 0.034375 0.0359375
0 0.5484375 0.3734375 0.034375 0.0375
0 0.57421875 0.3171875 0.034375 0.0375
0 0.58671875 0.578125 0.034375 0.034375
0 0.54296875 0.5421875 0.034375 0.034375
0 0.40546875 0.4375 0.034375 0.034375
0 0.34140625 0.23203125 0.0359375 0.0375
0 0.4921875 0.3390625 0.034375 0.0375
0 0.496875 0.36796875 0.034375 0.0375
0 0.55859375 0.4015625 0.034375 0.0375
0 0.45 0.2546875 0.0359375 0.0390625
0 0.45390625 0.40859375 0.034375 0.0359375
0 0.65390625 0.45546875 0.0390625 0.0359375
0 0.5703125 0.2890625 0.034375 0.0359375
0 0.59453125 0.3390625 0.0359375 0.0375
0 0.52265625 0.37734375 0.034375 0.0375
0 0.5421875 0.33671875 0.0359375 0.0375
0 0.421875 0.5203125 0.034375 0.034375
0 0.45078125 0.51796875 0.034375 0.0375
0 0.43515625 0.321875 0.034375 0.0359375
0 0.4828125 0.4109375 0.034375 0.0375
0 0.5703125 0.25859375 0.034375 0.0359375
0 0.4734375 0.38359375 0.034375 0.0375
0 0.5796875 0.4625 0.034375 0.0359375
0 0.53359375 0.15390625 0.034375 0.0375
0 0.56328125 0.23125 0.034375 0.0375
0 0.540625 0.24921875 0.034375 0.0375
0 0.51640625 0.26484375 0.034375 0.0359375
0 0.5453125 0.57578125 0.03125 0.03125
0 0.4453125 0.37265625 0.034375 0.0375
0 0.50078125 0.69296875 0.034375 0.0375
0 0.5453125 0.27421875 0.034375 0.0375
0 0.465625 0.28515625 0.034375 0.0375
0 0.4921875 0.20546875 0.034375 0.0375
0 0.5171875 0.53125 0.034375 0.034375
0 0.54765625 0.309375 0.034375 0.0359375
0 0.60390625 0.3703125 0.034375 0.0359375
0 0.50078125 0.60625 0.034375 0.0359375
0 0.49375 0.28203125 0.034375 0.0375
0 0.52109375 0.221875 0.034375 0.0375
0 0.54609375 0.20859375 0.034375 0.0375
0 0.46328125 0.31328125 0.034375 0.0375
0 0.5734375 0.2 0.034375 0.0375
0 0.4953125 0.23359375 0.0359375 0.0375
0 0.46328125 0.34296875 0.0359375 0.040625
0 0.5765625 0.37734375 0.034375 0.0375
0 0.590625 0.22265625 0.034375 0.0375
0 0.37421875 0.42734375 0.0359375 0.0359375
0 0.428125 0.39375 0.034375 0.0375
0 0.48125 0.26015625 0.0359375 0.0375
0 0.60625 0.3125 0.0359375 0.0375
0 0.56953125 0.16953125 0.0359375 0.0375
0 0.5984375 0.28046875 0.0375 0.0375
0 0.59765625 0.25078125 0.0375 0.0375
0 0.5421875 0.18046875 0.034375 0.0375
0 0.515625 0.19140625 0.034375 0.0375
0 0.45859375 0.0828125 0.0359375 0.0375
0 0.496875 0.321875 0.0234375 0.0203125