0 0.21953125 0.5671875 0.01875 0.0171875
0 0.22734375 0.57890625 0.015625 0.015625
0 0.2234375 0.54296875 0.0171875 0.015625
0 0.23984375 0.54609375 0.0203125 0.0171875
0 0.2375 0.59453125 0.0171875 0.015625
0 0.25546875 0.59609375 0.01875 0.01875
0 0.23203125 0.50390625 0.0171875 0.015625
0 0.2328125 0.51796875 0.01875 0.01875
0 0.24609375 0.5 0.01875 0.01875
0 0.2578125 0.4875 0.01875 0.0171875
0 0.26171875 0.4984375 0.0171875 0.015625
0 0.259375 0.47265625 0.01875 0.01875
0 0.27265625 0.490625 0.01875 0.0171875
0 0.271875 0.509375 0.01875 0.0171875
0 0.275 0.47890625 0.0171875 0.015625
0 0.2828125 0.5 0.015625 0.015625
0 0.28046875 0.4625 0.01875 0.01875
0 0.2890625 0.484375 0.01875 0.0171875
0 0.296875 0.5015625 0.01875 0.01875
0 0.2921875 0.4703125 0.01875 0.01875
0 0.30703125 0.49375 0.0171875 0.015625
0 0.29765625 0.45625 0.01875 0.01875
0 0.3109375 0.4578125 0.0171875 0.0171875
0 0.31015625 0.4390625 0.01875 0.0171875
0 0.32734375 0.453125 0.01875 0.0171875
0 0.32734375 0.471875 0.0171875 0.015625
0 0.33984375 0.46796875 0.0140625 0.0140625
0 0.321875 0.48984375 0.015625 0.015625
0 0.3328125 0.48359375 0.0171875 0.01875
0 0.34453125 0.47890625 0.015625 0.015625
0 0.3375 0.49921875 0.0171875 0.0171875
0 0.35 0.49140625 0.015625 0.015625
0 0.3265625 0.50859375 0.01875 0.01875
0 0.31484375 0.51328125 0.0171875 0.0171875
0 0.34765625 0.50625 0.015625 0.015625
0 0.29609375 0.52734375 0.0171875 0.015625
0 0.31015625 0.525 0.015625 0.015625
0 0.3234375 0.52421875 0.015625 0.015625
0 0.3359375 0.51953125 0.0140625 0.0140625
0 0.34921875 0.51953125 0.015625 0.015625
0 0.31328125 0.53671875 0.015625 0.015625
0 0.32890625 0.5390625 0.01875 0.0171875
0 0.3296875 0.55859375 0.01875 0.01875
0 0.3265625 0.57265625 0.01875 0.01875
0 0.3390625 0.5671875 0.0140625 0.0140625
0 0.2859375 0.5703125 0.01875 0.0171875
0 0.28515625 0.58828125 0.0171875 0.015625
0 0.296875 0.5765625 0.015625 0.015625
0 0.2984375 0.58984375 0.0171875 0.015625
0 0.31015625 0.57890625 0.0171875 0.01875
0 0.31328125 0.59140625 0.015625 0.015625
0 0.328125 0.58515625 0.0171875 0.0171875
0 0.34765625 0.58984375 0.0171875 0.0171875
0 0.2796875 0.63828125 0.01875 0.01875
0 0.28828125 0.62578125 0.015625 0.015625
0 0.29375 0.6125 0.01875 0.0171875
0 0.303125 0.6265625 0.01875 0.0171875
0 0.31953125 0.61484375 0.01875 0.01875
0 0.31953125 0.63515625 0.01875 0.0171875
0 0.3265625 0.65078125 0.01875 0.0171875
0 0.33671875 0.61875 0.0171875 0.0171875
0 0.34765625 0.61171875 0.0171875 0.01875
0 0.34296875 0.63359375 0.0171875 0.0171875
0 0.32890625 0.42890625 0.01875 0.01875
0 0.33671875 0.41484375 0.01875 0.0171875
0 0.340625 0.43671875 0.01875 0.01875
0 0.36171875 0.40859375 0.01875 0.0171875
0 0.39375 0.40546875 0.01875 0.0171875
0 0.415625 0.41796875 0.015625 0.015625
0 0.4140625 0.4375 0.0171875 0.015625
0 0.4265625 0.428125 0.0171875 0.0171875
0 0.4234375 0.44765625 0.0171875 0.015625
0 0.4390625 0.42578125 0.01875 0.01875
0 0.4328125 0.4390625 0.0171875 0.015625
0 0.453125 0.4234375 0.01875 0.01875
0 0.38203125 0.48046875 0.0171875 0.015625
0 0.37578125 0.49609375 0.01875 0.0171875
0 0.38984375 0.49765625 0.01875 0.0171875
0 0.39921875 0.484375 0.01875 0.0171875
0 0.4125 0.4875 0.01875 0.0171875
0 0.425 0.50078125 0.0171875 0.015625
0 0.41953125 0.51328125 0.015625 0.015625
0 0.428125 0.52578125 0.015625 0.015625
0 0.4265625 0.5453125 0.01875 0.01875
0 0.4375 0.5171875 0.01875 0.015625
0 0.44296875 0.54921875 0.01875 0.01875
0 0.43984375 0.4859375 0.015625 0.015625
0 0.4515625 0.4734375 0.0171875 0.015625
0 0.453125 0.48671875 0.0140625 0.0140625
0 0.4625 0.4609375 0.015625 0.015625
0 0.44453125 0.49765625 0.0140625 0.0140625
0 0.45625 0.50078125 0.0171875 0.0171875
0 0.46484375 0.4859375 0.0171875 0.0171875
0 0.46875 0.49921875 0.0140625 0.0140625
0 0.46328125 0.4734375 0.015625 0.015625
0 0.47578125 0.47265625 0.01875 0.0171875
0 0.4765625 0.4890625 0.015625 0.015625
0 0.48984375 0.48671875 0.0171875 0.015625
0 0.4890625 0.49921875 0.015625 0.015625
0 0.5046875 0.490625 0.01875 0.0171875
0 0.51484375 0.48515625 0.0171875 0.0171875
0 0.47578125 0.45703125 0.015625 0.015625
0 0.48515625 0.46484375 0.01875 0.0171875
0 0.46484375 0.4421875 0.01875 0.0171875
0 0.46171875 0.4046875 0.01875 0.01875
0 0.47890625 0.40078125 0.0171875 0.015625
0 0.47734375 0.41484375 0.0171875 0.01875
0 0.4734375 0.43046875 0.01875 0.0171875
0 0.4828125 0.4484375 0.015625 0.015625
0 0.490625 0.43828125 0.0171875 0.015625
0 0.4953125 0.45 0.015625 0.015625
0 0.50234375 0.46015625 0.01875 0.0171875
0 0.49453125 0.425 0.015625 0.015625
0 0.503125 0.4375 0.0171875 0.015625
0 0.5125 0.44609375 0.0171875 0.015625
0 0.49765625 0.4125 0.015625 0.015625
0 0.5109375 0.40703125 0.0171875 0.015625
0 0.51640625 0.41953125 0.015625 0.015625
0 0.51796875 0.39453125 0.0171875 0.01875
0 0.5234375 0.40546875 0.0140625 0.0140625
0 0.53515625 0.4078125 0.0140625 0.0140625
0 0.5453125 0.3921875 0.0171875 0.015625
0 0.546875 0.4046875 0.015625 0.015625
0 0.559375 0.396875 0.015625 0.015625
0 0.553125 0.41640625 0.0140625 0.0140625
0 0.540625 0.43046875 0.0171875 0.015625
0 0.57265625 0.3890625 0.0171875 0.015625
0 0.5390625 0.46171875 0.0140625 0.0140625
0 0.53515625 0.47421875 0.0171875 0.015625
0 0.55078125 0.45078125 0.01875 0.0171875
0 0.56171875 0.4453125 0.015625 0.015625
0 0.57578125 0.44296875 0.01875 0.0171875
0 0.55078125 0.46953125 0.0171875 0.015625
0 0.56953125 0.4625 0.015625 0.015625
0 0.56171875 0.4734375 0.015625 0.015625
0 0.55234375 0.48125 0.015625 0.015625
0 0.56328125 0.49140625 0.0171875 0.015625
0 0.571875 0.48046875 0.01875 0.0171875
0 0.58671875 0.47890625 0.0171875 0.01875
0 0.5921875 0.44921875 0.01875 0.0171875
0 0.60625 0.44296875 0.01875 0.0171875
0 0.6171875 0.43671875 0.015625 0.015625
0 0.625 0.446875 0.015625 0.015625
0 0.6375 0.440625 0.0171875 0.015625
0 0.646875 0.44765625 0.0171875 0.015625
0 0.6484375 0.41171875 0.015625 0.015625
0 0.65390625 0.4234375 0.0171875 0.015625
0 0.65234375 0.43515625 0.0171875 0.015625
0 0.66484375 0.41953125 0.015625 0.015625
0 0.6640625 0.43203125 0.0140625 0.0140625
0 0.6609375 0.4453125 0.015625 0.015625
0 0.6734375 0.43828125 0.015625 0.015625
0 0.67109375 0.45234375 0.015625 0.015625
0 0.6046875 0.4875 0.015625 0.015625
0 0.6171875 0.48203125 0.01875 0.01875
0 0.62890625 0.47578125 0.0140625 0.0140625
0 0.6265625 0.48828125 0.015625 0.015625
0 0.5765625 0.51328125 0.015625 0.015625
0 0.5890625 0.509375 0.015625 0.015625
0 0.63046875 0.5046875 0.01875 0.01875
0 0.64765625 0.48828125 0.0140625 0.0140625
0 0.64453125 0.52578125 0.01875 0.0171875
0 0.653125 0.475 0.01875 0.01875
0 0.6609375 0.48515625 0.015625 0.015625
0 0.6609375 0.51328125 0.015625 0.015625
0 0.67578125 0.359375 0.01875 0.01875
0 0.6265625 0.37265625 0.01875 0.0171875
0 0.31640625 0.7125 0.01875 0.01875
0 0.35859375 0.73203125 0.01875 0.01875
0 0.37109375 0.646875 0.01875 0.015625
0 0.3890625 0.65546875 0.0171875 0.015625
0 0.378125 0.6359375 0.015625 0.015625
0 0.39765625 0.6453125 0.0171875 0.015625
0 0.40234375 0.62890625 0.0140625 0.0140625
0 0.38984375 0.63046875 0.015625 0.0171875
0 0.40859375 0.61796875 0.01875 0.0171875
0 0.41015625 0.63828125 0.0171875 0.015625
0 0.40859375 0.65234375 0.0171875 0.015625
0 0.390625 0.71015625 0.01875 0.01875
0 0.421875 0.61484375 0.01875 0.0171875
0 0.440625 0.60546875 0.01875 0.0171875
0 0.434375 0.6421875 0.0171875 0.015625
0 0.428125 0.65390625 0.01875 0.0171875
0 0.42265625 0.66953125 0.021875 0.0171875
0 0.4421875 0.6734375 0.01875 0.01875
0 0.43984375 0.6875 0.0171875 0.015625
0 0.45390625 0.66484375 0.01875 0.01875
0 0.45859375 0.67734375 0.015625 0.015625
0 0.45078125 0.69375 0.015625 0.015625
0 0.459375 0.70390625 0.015625 0.015625
0 0.475 0.68984375 0.01875 0.0171875
0 0.47265625 0.7078125 0.0171875 0.015625
0 0.47109375 0.58671875 0.015625 0.015625
0 0.4765625 0.6 0.015625 0.015625
0 0.4796875 0.57265625 0.015625 0.015625
0 0.484375 0.584375 0.0140625 0.0140625
0 0.4890625 0.60234375 0.0140625 0.0140625
0 0.49296875 0.575 0.0140625 0.0140625
0 0.49921875 0.58828125 0.0140625 0.0140625
0 0.5015625 0.6078125 0.0171875 0.015625
0 0.4859375 0.62578125 0.015625 0.015625
0 0.50546875 0.5765625 0.01875 0.0171875
0 0.509375 0.5953125 0.01875 0.01875
0 0.51953125 0.58203125 0.01875 0.0171875
0 0.5 0.6265625 0.0140625 0.0140625
0 0.50234375 0.63984375 0.015625 0.015625
0 0.51484375 0.63984375 0.015625 0.015625
0 0.52421875 0.6171875 0.0171875 0.01875
0 0.534375 0.625 0.0171875 0.01875
0 0.53359375 0.6078125 0.0171875 0.015625
0 0.528125 0.6390625 0.015625 0.015625
0 0.52265625 0.6515625 0.0171875 0.015625
0 0.53203125 0.659375 0.015625 0.015625
0 0.53359375 0.6734375 0.01875 0.01875
0 0.53828125 0.6453125 0.01875 0.01875
0 0.55 0.61875 0.01875 0.0171875
0 0.5453125 0.63359375 0.0171875 0.015625
0 0.5453125 0.6546875 0.015625 0.015625
0 0.553125 0.66640625 0.01875 0.0171875
0 0.56328125 0.6421875 0.0171875 0.015625
0 0.56328125 0.61875 0.0171875 0.015625
0 0.5734375 0.6296875 0.0171875 0.015625
0 0.56171875 0.653125 0.0171875 0.015625
0 0.54765625 0.69609375 0.0171875 0.015625
0 0.5328125 0.734375 0.01875 0.01875
0 0.525 0.7390625 0.0140625 0.0140625
0 0.55703125 0.72109375 0.01875 0.01875
0 0.55625 0.6828125 0.0171875 0.015625
0 0.5828125 0.6421875 0.0171875 0.015625
0 0.58984375 0.62109375 0.01875 0.0171875
0 0.5703125 0.66171875 0.015625 0.015625
0 0.56640625 0.671875 0.0171875 0.015625
0 0.5828125 0.66640625 0.0140625 0.0140625
0 0.57421875 0.6953125 0.0171875 0.015625
0 0.5953125 0.67109375 0.0171875 0.015625
0 0.58671875 0.68359375 0.01875 0.01875
0 0.59296875 0.69609375 0.015625 0.0171875
0 0.59375 0.65546875 0.01875 0.01875
0 0.60625 0.6390625 0.01875 0.0171875
0 0.6203125 0.65390625 0.0203125 0.0171875
0 0.55390625 0.55703125 0.0171875 0.015625
0 0.5578125 0.5765625 0.0171875 0.015625
0 0.5671875 0.56875 0.0171875 0.015625
0 0.58203125 0.57421875 0.0171875 0.0171875
0 0.5953125 0.578125 0.0171875 0.0171875
0 0.57421875 0.55859375 0.01875 0.0171875
0 0.61953125 0.6015625 0.015625 0.015625
0 0.6421875 0.5953125 0.015625 0.015625
0 0.6515625 0.6125 0.0140625 0.0140625
0 0.6625 0.5984375 0.0171875 0.015625
0 0.67421875 0.60078125 0.0140625 0.0140625
0 0.6734375 0.61640625 0.01875 0.01875
0 0.69140625 0.59140625 0.015625 0.015625
0 0.7046875 0.58984375 0.0171875 0.0203125
0 0.71484375 0.59609375 0.0171875 0.01875