0 0.5171875 0.2671875 0.01875 0.021875
0 0.5234375 0.29296875 0.015625 0.0171875
0 0.5078125 0.3109375 0.01875 0.01875
0 0.54921875 0.28125 0.0171875 0.01875
0 0.5296875 0.2796875 0.0171875 0.01875
0 0.53984375 0.2921875 0.015625 0.0203125
0 0.53359375 0.3078125 0.015625 0.0171875
0 0.5203125 0.3171875 0.015625 0.01875
0 0.54765625 0.30703125 0.0171875 0.01875
0 0.54375 0.321875 0.01875 0.01875
0 0.56015625 0.29921875 0.015625 0.01875
0 0.5640625 0.315625 0.01875 0.0171875
0 0.5609375 0.33125 0.01875 0.0171875
0 0.54375 0.340625 0.01875 0.01875
0 0.53203125 0.33046875 0.015625 0.0171875
0 0.5875 0.30390625 0.015625 0.0171875
0 0.58984375 0.3234375 0.0171875 0.01875
0 0.59765625 0.33828125 0.015625 0.015625
0 0.609375 0.3578125 0.015625 0.01875
0 0.58828125 0.35390625 0.0171875 0.021875
0 0.57421875 0.346875 0.01875 0.0203125
0 0.57265625 0.3671875 0.015625 0.0171875
0 0.5578125 0.359375 0.01875 0.0203125
0 0.54296875 0.3578125 0.01875 0.01875
0 0.54296875 0.37109375 0.01875 0.01875
0 0.5296875 0.35 0.0171875 0.021875
0 0.51953125 0.33828125 0.0171875 0.0203125
0 0.50625 0.34765625 0.0171875 0.01875
0 0.49453125 0.35546875 0.0171875 0.021875
0 0.503125 0.36953125 0.021875 0.021875
0 0.4859375 0.371875 0.01875 0.01875
0 0.453125 0.36328125 0.0203125 0.01875
0 0.44453125 0.38046875 0.01875 0.01875
0 0.446875 0.40234375 0.01875 0.021875
0 0.44453125 0.41953125 0.01875 0.01875
0 0.46328125 0.4265625 0.0171875 0.021875
0 0.47890625 0.43984375 0.015625 0.0171875
0 0.46484375 0.4484375 0.01875 0.0203125
0 0.4921875 0.45078125 0.01875 0.0203125
0 0.51875 0.43671875 0.01875 0.01875
0 0.509375 0.43359375 0.0171875 0.01875
0 0.54375 0.44296875 0.01875 0.021875
0 0.52421875 0.4171875 0.01875 0.0203125
0 0.528125 0.4359375 0.015625 0.0203125
0 0.55234375 0.425 0.01875 0.021875
0 0.53828125 0.421875 0.01875 0.0203125
0 0.5625 0.41484375 0.01875 0.0234375
0 0.6 0.434375 0.021875 0.021875
0 0.50703125 0.44921875 0.0171875 0.01875
0 0.6140625 0.43046875 0.0203125 0.021875
0 0.4875 0.46640625 0.0203125 0.0203125
0 0.50546875 0.46796875 0.01875 0.0203125
0 0.49453125 0.48203125 0.01875 0.01875
0 0.48125 0.48828125 0.01875 0.0234375
0 0.4484375 0.5015625 0.021875 0.021875
0 0.50703125 0.49296875 0.01875 0.021875
0 0.4953125 0.4984375 0.01875 0.021875
0 0.4953125 0.515625 0.0234375 0.021875
0 0.525 0.51015625 0.01875 0.021875
0 0.51484375 0.52578125 0.0203125 0.0203125
0 0.5390625 0.5078125 0.0203125 0.021875
0 0.5296875 0.53984375 0.01875 0.021875
0 0.55234375 0.51796875 0.021875 0.021875
0 0.54296875 0.53203125 0.01875 0.0203125
0 0.5453125 0.54609375 0.01875 0.01875
0 0.5453125 0.56328125 0.021875 0.021875
0 0.55859375 0.5359375 0.01875 0.0203125
0 0.5734375 0.52109375 0.0203125 0.0203125
0 0.5921875 0.50078125 0.01875 0.021875
0 0.59609375 0.515625 0.01875 0.0203125
0 0.5890625 0.5296875 0.01875 0.0203125
0 0.58046875 0.54921875 0.0171875 0.021875
0 0.56484375 0.55546875 0.0203125 0.021875
0 0.60703125 0.48828125 0.01875 0.021875
0 0.61640625 0.5046875 0.01875 0.01875
0 0.61015625 0.521875 0.01875 0.01875
0 0.6140625 0.5375 0.015625 0.01875
0 0.59921875 0.54140625 0.0171875 0.021875
0 0.625 0.51640625 0.01875 0.0234375
0 0.6265625 0.5375 0.01875 0.021875
0 0.640625 0.5125 0.01875 0.0203125
0 0.63515625 0.528125 0.01875 0.01875
0 0.64921875 0.528125 0.0171875 0.01875
0 0.4765625 0.6 0.01875 0.021875
0 0.46171875 0.59609375 0.0171875 0.021875
0 0.44765625 0.59453125 0.0171875 0.01875
0 0.44140625 0.61015625 0.015625 0.0171875
0 0.4671875 0.621875 0.01875 0.021875
0 0.4625 0.640625 0.01875 0.01875
0 0.48359375 0.634375 0.0171875 0.01875
0 0.50078125 0.64609375 0.0171875 0.021875
0 0.51484375 0.63359375 0.0171875 0.01875
0 0.51875 0.653125 0.0171875 0.01875
0 0.6046875 0.6109375 0.015625 0.0171875
0 0.5828125 0.63359375 0.015625 0.0203125
0 0.5734375 0.65625 0.015625 0.0203125
0 0.5765625 0.67265625 0.0171875 0.0203125
0 0.5921875 0.66015625 0.015625 0.0203125
0 0.61328125 0.6296875 0.0171875 0.01875
0 0.60703125 0.64296875 0.0171875 0.01875
0 0.6125 0.65859375 0.015625 0.0171875
0 0.59765625 0.67734375 0.0171875 0.0203125
0 0.6015625 0.69453125 0.0171875 0.0203125
0 0.61328125 0.6796875 0.0171875 0.021875
0 0.61640625 0.69765625 0.015625 0.01875
0 0.60625 0.72109375 0.01875 0.0203125
0 0.68671875 0.56796875 0.0171875 0.01875
0 0.671875 0.5875 0.015625 0.0171875
0 0.684375 0.5984375 0.0171875 0.01875
0 0.66015625 0.603125 0.0171875 0.01875
0 0.6453125 0.59609375 0.0171875 0.021875
0 0.63828125 0.61328125 0.015625 0.0171875
0 0.6484375 0.62421875 0.0171875 0.01875
0 0.63046875 0.62890625 0.0171875 0.021875
0 0.62578125 0.64765625 0.015625 0.0171875
0 0.6296875 0.6640625 0.01875 0.01875
0 0.6484375 0.67421875 0.0171875 0.01875
0 0.6390625 0.64296875 0.0171875 0.01875
0 0.6453125 0.65703125 0.0171875 0.01875
0 0.65703125 0.6875 0.015625 0.01875
0 0.646875 0.70625 0.0140625 0.0140625
0 0.64921875 0.721875 0.0171875 0.01875
0 0.67109375 0.70859375 0.01875 0.0203125
0 0.66171875 0.72109375 0.015625 0.0203125
0 0.68828125 0.7171875 0.015625 0.01875
0 0.67265625 0.73828125 0.015625 0.0203125
0 0.62734375 0.6859375 0.015625 0.0203125
0 0.6796875 0.63984375 0.015625 0.0171875
0 0.6921875 0.65078125 0.01875 0.01875
0 0.70546875 0.64140625 0.015625 0.0171875
0 0.6921875 0.63046875 0.015625 0.0171875
0 0.70546875 0.6640625 0.01875 0.0203125
0 0.7015625 0.67890625 0.015625 0.0171875
0 0.69140625 0.68984375 0.015625 0.0171875
0 0.7515625 0.6796875 0.015625 0.0203125
0 0.621875 0.71328125 0.01875 0.01875
0 0.628125 0.73515625 0.0171875 0.0203125
0 0.61328125 0.7375 0.0203125 0.01875
0 0.621875 0.7578125 0.0171875 0.0203125
0 0.640625 0.74765625 0.01875 0.01875
0 0.63515625 0.76484375 0.0171875 0.0203125
0 0.659375 0.7765625 0.0203125 0.021875
0 0.69609375 0.75703125 0.01875 0.01875
0 0.67578125 0.76875 0.015625 0.0171875