0 0.50234375 0.1328125 0.02890625 0.028125
0 0.41328125 0.1 0.02734375 0.02578125
0 0.38046875 0.16640625 0.03125 0.02421875
0 0.346875 0.18125 0.02578125 0.0234375
0 0.31328125 0.1984375 0.02734375 0.02578125
0 0.37265625 0.18828125 0.0234375 0.02421875
0 0.3390625 0.203125 0.02578125 0.0234375
0 0.3828125 0.21328125 0.025 0.0265625
0 0.36015625 0.23125 0.025 0.02421875
0 0.30703125 0.2484375 0.0265625 0.028125
0 0.4109375 0.2484375 0.0265625 0.02734375
0 0.38125 0.24609375 0.0265625 0.025
0 0.4390625 0.25703125 0.0265625 0.02578125
0 0.3921875 0.2671875 0.0265625 0.025
0 0.4390625 0.28203125 0.02734375 0.02578125
0 0.3921875 0.30078125 0.02734375 0.028125
0 0.3265625 0.3125 0.03046875 0.02734375
0 0.3078125 0.2953125 0.0265625 0.028125
0 0.28359375 0.315625 0.03046875 0.028125
0 0.303125 0.3390625 0.025 0.02734375
0 0.28828125 0.36640625 0.02734375 0.025
0 0.253125 0.37421875 0.02734375 0.025
0 0.240625 0.39296875 0.0296875 0.02734375
0 0.315625 0.371875 0.02890625 0.028125
0 0.359375 0.384375 0.02734375 0.02734375
0 0.3375 0.36328125 0.02421875 0.0265625
0 0.3640625 0.34609375 0.02734375 0.02890625
0 0.40390625 0.340625 0.03203125 0.03125
0 0.20546875 0.1515625 0.0296875 0.03046875
0 0.50859375 0.225 0.0265625 0.0265625
0 0.5453125 0.30234375 0.025 0.03046875
0 0.52109375 0.309375 0.02578125 0.0265625
0 0.6390625 0.2734375 0.02265625 0.02265625
0 0.6578125 0.27578125 0.02265625 0.02578125
0 0.64453125 0.2984375 0.0234375 0.02421875
0 0.62578125 0.31171875 0.02578125 0.02578125
0 0.68515625 0.30859375 0.025 0.02578125
0 0.68515625 0.34453125 0.025 0.02734375
0 0.6359375 0.34375 0.025 0.02578125
0 0.63671875 0.38984375 0.0265625 0.02890625
0 0.61484375 0.3703125 0.028125 0.02734375
0 0.56171875 0.36328125 0.0265625 0.028125
0 0.55234375 0.41875 0.02734375 0.02734375
0 0.61328125 0.440625 0.0265625 0.028125
0 0.64296875 0.4765625 0.028125 0.0265625
0 0.64921875 0.5046875 0.02734375 0.02890625
0 0.71171875 0.46953125 0.028125 0.028125
0 0.31015625 0.46640625 0.03125 0.02890625
0 0.27265625 0.47421875 0.02734375 0.02890625
0 0.2109375 0.44296875 0.03046875 0.028125
0 0.190625 0.46875 0.02890625 0.028125
0 0.21796875 0.46640625 0.0296875 0.02734375
0 0.22578125 0.4921875 0.02734375 0.0265625
0 0.2578125 0.53359375 0.02890625 0.03203125
0 0.22734375 0.5171875 0.02890625 0.02578125
0 0.253125 0.5625 0.0265625 0.028125
0 0.2296875 0.54296875 0.03203125 0.028125
0 0.27421875 0.5828125 0.0265625 0.02734375
0 0.2203125 0.5796875 0.02734375 0.03046875
0 0.24453125 0.58671875 0.028125 0.0265625
0 0.1625 0.5109375 0.028125 0.02734375
0 0.11796875 0.53046875 0.02890625 0.028125
0 0.10234375 0.5578125 0.028125 0.028125
0 0.13984375 0.54921875 0.02890625 0.0296875
0 0.12109375 0.57734375 0.02890625 0.02890625
0 0.16015625 0.61875 0.0296875 0.02890625
0 0.13828125 0.596875 0.028125 0.03046875
0 0.1890625 0.62109375 0.02890625 0.0265625
0 0.21171875 0.60625 0.02734375 0.0265625
0 0.20859375 0.63828125 0.0296875 0.02890625
0 0.23515625 0.6109375 0.02890625 0.025
0 0.23515625 0.63671875 0.03125 0.0265625
0 0.26171875 0.6328125 0.0265625 0.02578125
0 0.2421875 0.66484375 0.02890625 0.02890625
0 0.2625 0.60625 0.028125 0.02734375
0 0.28515625 0.61640625 0.0265625 0.02890625
0 0.2765625 0.6609375 0.02734375 0.0296875
0 0.29375 0.64140625 0.02890625 0.0265625
0 0.26875 0.6921875 0.028125 0.02734375
0 0.28828125 0.7 0.028125 0.02734375
0 0.35 0.6765625 0.028125 0.02734375
0 0.36484375 0.65234375 0.028125 0.028125
0 0.33203125 0.62265625 0.028125 0.028125
0 0.34921875 0.59921875 0.02890625 0.02734375
0 0.40234375 0.61328125 0.02734375 0.0296875
0 0.38046875 0.596875 0.02734375 0.02734375
0 0.37578125 0.6234375 0.0265625 0.025
0 0.396875 0.8140625 0.02734375 0.03046875
0 0.36875 0.80703125 0.02734375 0.03046875
0 0.3328125 0.74921875 0.028125 0.0296875
0 0.446875 0.7421875 0.03125 0.03046875
0 0.45546875 0.696875 0.0265625 0.02890625
0 0.43125 0.68671875 0.03046875 0.0265625
0 0.4671875 0.7140625 0.028125 0.03125
0 0.43359375 0.65859375 0.03125 0.02734375
0 0.4921875 0.73125 0.028125 0.02890625
0 0.53046875 0.73359375 0.03046875 0.03125
0 0.525 0.77109375 0.02890625 0.03125
0 0.50703125 0.81171875 0.0296875 0.02890625
0 0.5359375 0.8078125 0.0296875 0.03046875
0 0.5203125 0.834375 0.02734375 0.02890625
0 0.5046875 0.8640625 0.02734375 0.03359375
0 0.54140625 0.89453125 0.02890625 0.03125
0 0.503125 0.91015625 0.025 0.03359375
0 0.48359375 0.91640625 0.02734375 0.0328125
0 0.6453125 0.7953125 0.028125 0.0296875
0 0.628125 0.753125 0.028125 0.02421875
0 0.646875 0.76640625 0.0296875 0.028125
0 0.6796875 0.77578125 0.0296875 0.03046875
0 0.67578125 0.809375 0.02890625 0.02890625
0 0.5265625 0.63359375 0.0265625 0.0296875
0 0.5015625 0.63828125 0.0265625 0.02734375
0 0.5015625 0.61171875 0.02734375 0.025
0 0.47265625 0.6015625 0.02734375 0.02578125
0 0.4234375 0.58671875 0.02578125 0.0265625
0 0.4375 0.60703125 0.0265625 0.0265625
0 0.465625 0.5765625 0.028125 0.02578125
0 0.4875 0.5640625 0.02578125 0.0265625
0 0.49453125 0.5875 0.0265625 0.02890625
0 0.4515625 0.5453125 0.025 0.02578125
0 0.421875 0.54921875 0.0265625 0.02734375
0 0.4484375 0.5203125 0.02578125 0.02578125
0 0.42265625 0.52265625 0.02578125 0.0265625
0 0.4515625 0.48828125 0.025 0.02421875
0 0.421875 0.48984375 0.02734375 0.02734375
0 0.46875 0.49765625 0.02578125 0.028125
0 0.4734375 0.47265625 0.025 0.025
0 0.44609375 0.46484375 0.02578125 0.0234375
0 0.42734375 0.4515625 0.0265625 0.028125
0 0.4640625 0.45234375 0.02578125 0.0265625
0 0.49609375 0.4734375 0.025 0.02578125
0 0.49375 0.45 0.0265625 0.02578125
0 0.48984375 0.42578125 0.0265625 0.025
0 0.4640625 0.42734375 0.02890625 0.02421875
0 0.521875 0.4921875 0.0203125 0.0234375
0 0.51640625 0.51796875 0.02890625 0.02890625
0 0.54140625 0.4953125 0.02734375 0.02734375
0 0.52109375 0.4734375 0.0234375 0.01875
0 0.5609375 0.55859375 0.02734375 0.028125
0 0.53671875 0.559375 0.025 0.02734375
0 0.5125 0.553125 0.025 0.03046875