0 0.32265625 0.4015625 0.01875 0.01953125
0 0.32265625 0.38515625 0.01953125 0.0171875
0 0.596875 0.7203125 0.01953125 0.0203125
0 0.5921875 0.67421875 0.01796875 0.02109375
0 0.584375 0.65859375 0.01796875 0.01875
0 0.590625 0.64453125 0.01953125 0.01875
0 0.57109375 0.6359375 0.01796875 0.01875
0 0.58359375 0.6234375 0.01875 0.01796875
0 0.56328125 0.61875 0.01953125 0.0203125
0 0.5625 0.5984375 0.01796875 0.02109375
0 0.553125 0.584375 0.01640625 0.01953125
0 0.5703125 0.578125 0.0171875 0.01953125
0 0.56015625 0.56328125 0.0171875 0.01953125
0 0.578125 0.56015625 0.01796875 0.01875
0 0.56640625 0.546875 0.01875 0.01796875
0 0.51015625 0.553125 0.01796875 0.01796875
0 0.4375 0.60390625 0.01953125 0.02109375
0 0.425 0.5328125 0.01875 0.01875
0 0.43046875 0.51640625 0.01640625 0.01640625
0 0.44765625 0.50703125 0.0171875 0.01796875
0 0.43125 0.49921875 0.01640625 0.0171875
0 0.48125 0.5078125 0.0171875 0.01875
0 0.46875 0.49453125 0.0171875 0.01796875
0 0.45390625 0.49140625 0.01640625 0.0171875
0 0.43828125 0.48515625 0.01796875 0.01796875
0 0.421875 0.48515625 0.0171875 0.0171875
0 0.41328125 0.47265625 0.01796875 0.01875
0 0.3984375 0.46484375 0.01875 0.0171875
0 0.4421875 0.4703125 0.01953125 0.0171875
0 0.4265625 0.44609375 0.01640625 0.01796875
0 0.459375 0.47421875 0.01640625 0.01640625
0 0.475 0.46796875 0.015625 0.01640625
0 0.4625 0.46015625 0.01796875 0.01796875
0 0.4765625 0.44765625 0.01640625 0.01875
0 0.4609375 0.44296875 0.015625 0.015625
0 0.46875 0.428125 0.0171875 0.0171875
0 0.453125 0.42421875 0.0171875 0.01640625
0 0.42890625 0.42734375 0.0171875 0.01796875
0 0.459375 0.409375 0.01875 0.01875
0 0.434375 0.40859375 0.01640625 0.0171875
0 0.42890625 0.39375 0.0171875 0.01875
0 0.56015625 0.4703125 0.01796875 0.01796875
0 0.56875 0.4546875 0.01796875 0.01875
0 0.52109375 0.36015625 0.01796875 0.01953125