0 0.228125 0.103125 0.034375 0.0328125
0 0.2671875 0.0796875 0.034375 0.03203125
0 0.2921875 0.1046875 0.0328125 0.03203125
0 0.325 0.10234375 0.03359375 0.03046875
0 0.24453125 0.134375 0.0359375 0.03125
0 0.26171875 0.11171875 0.0328125 0.0328125
0 0.21171875 0.13359375 0.0328125 0.03046875
0 0.2 0.1703125 0.03203125 0.0375
0 0.23046875 0.16328125 0.0296875 0.03046875
0 0.26171875 0.1625 0.03125 0.0296875
0 0.29296875 0.159375 0.03203125 0.02890625
0 0.30703125 0.1359375 0.03046875 0.03203125
0 0.3359375 0.1328125 0.0296875 0.03046875
0 0.36796875 0.1234375 0.03125 0.03046875
0 0.40859375 0.1328125 0.03203125 0.03359375
0 0.35 0.18046875 0.0296875 0.02890625
0 0.36015625 0.15234375 0.03046875 0.028125
0 0.3203125 0.18125 0.0296875 0.03359375
0 0.2578125 0.1921875 0.03359375 0.03359375
0 0.2890625 0.18984375 0.03125 0.0328125
0 0.225 0.1921875 0.03359375 0.03203125
0 0.1921875 0.215625 0.03203125 0.03359375
0 0.21484375 0.27265625 0.03828125 0.03515625
0 0.25703125 0.24765625 0.0328125 0.0328125
0 0.21484375 0.2421875 0.03203125 0.0328125
0 0.23984375 0.2203125 0.03046875 0.03046875
0 0.27265625 0.2203125 0.03046875 0.0328125
0 0.33515625 0.2171875 0.0296875 0.03046875
0 0.365625 0.209375 0.03046875 0.02890625
0 0.3796875 0.178125 0.03046875 0.03046875
0 0.48203125 0.19921875 0.03125 0.0359375
0 0.4234375 0.21796875 0.0296875 0.0328125
0 0.396875 0.23359375 0.03125 0.03359375
0 0.30390625 0.21796875 0.028125 0.02890625
0 0.31953125 0.24609375 0.0328125 0.03125
0 0.3046875 0.27890625 0.0296875 0.03359375
0 0.3484375 0.27109375 0.0328125 0.03125
0 0.38046875 0.29296875 0.03359375 0.0296875
0 0.47109375 0.29375 0.03203125 0.03125
0 0.459375 0.3265625 0.03125 0.03125
0 0.4234375 0.32578125 0.03046875 0.03203125
0 0.3546875 0.3203125 0.03359375 0.03359375
0 0.328125 0.3546875 0.0328125 0.03515625
0 0.3703125 0.35625 0.034375 0.03515625
0 0.40625 0.359375 0.03046875 0.03046875
0 0.44140625 0.35546875 0.02890625 0.03046875
0 0.4234375 0.3859375 0.03203125 0.03203125
0 0.4578125 0.3859375 0.0296875 0.0296875
0 0.5 0.4234375 0.0296875 0.03359375
0 0.42890625 0.41796875 0.02890625 0.0328125
0 0.46953125 0.42421875 0.028125 0.02890625
0 0.48046875 0.453125 0.028125 0.0296875
0 0.51484375 0.4671875 0.02890625 0.03046875
0 0.38125 0.4515625 0.0296875 0.03046875
0 0.40078125 0.42734375 0.0296875 0.028125
0 0.4234375 0.45234375 0.02734375 0.03046875
0 0.4515625 0.471875 0.02734375 0.028125
0 0.3484375 0.45 0.03046875 0.03125
0 0.31796875 0.490625 0.03203125 0.03046875
0 0.3671875 0.48046875 0.0296875 0.03203125
0 0.396875 0.47890625 0.0296875 0.03125
0 0.42421875 0.49296875 0.028125 0.03125
0 0.3984375 0.51171875 0.03046875 0.02890625
0 0.45 0.50546875 0.0265625 0.03125
0 0.47734375 0.49296875 0.028125 0.028125
0 0.5078125 0.5078125 0.02890625 0.02734375
0 0.5359375 0.50078125 0.028125 0.0296875
0 0.4953125 0.53671875 0.028125 0.0296875
0 0.525 0.534375 0.03203125 0.03046875
0 0.4734375 0.521875 0.02734375 0.03046875
0 0.4171875 0.53515625 0.03046875 0.03125
0 0.4453125 0.53671875 0.0265625 0.0296875
0 0.47109375 0.5515625 0.02890625 0.02890625
0 0.496875 0.565625 0.03046875 0.02890625
0 0.52578125 0.56953125 0.02734375 0.02890625
0 0.54921875 0.54921875 0.03125 0.03203125
0 0.5828125 0.55625 0.03125 0.0296875
0 0.565625 0.58203125 0.02734375 0.034375
0 0.44453125 0.56640625 0.02578125 0.03046875
0 0.4171875 0.578125 0.03125 0.03203125
0 0.46953125 0.58125 0.0296875 0.02890625
0 0.4453125 0.60078125 0.02890625 0.03359375
0 0.50234375 0.5953125 0.03046875 0.03046875
0 0.53203125 0.60078125 0.02734375 0.0296875
0 0.4765625 0.61171875 0.02890625 0.03125
0 0.47734375 0.64296875 0.02890625 0.03046875
0 0.503125 0.62734375 0.0296875 0.03125
0 0.5296875 0.6296875 0.02734375 0.0328125
0 0.5578125 0.64296875 0.0296875 0.03125
0 0.5203125 0.6625 0.02578125 0.03125
0 0.490625 0.66875 0.03125 0.03125
0 0.50859375 0.6921875 0.03125 0.0328125
0 0.5375 0.68828125 0.02734375 0.0328125
0 0.56640625 0.69140625 0.03046875 0.03359375
0 0.5765625 0.72109375 0.03046875 0.0359375
0 0.60234375 0.7375 0.03203125 0.0375
0 0.50625 0.73203125 0.0328125 0.0328125
0 0.50078125 0.76953125 0.03046875 0.03984375
0 0.60390625 0.78828125 0.02890625 0.03671875