0 0.83984375 0.34296875 0.0328125 0.03125
0 0.565625 0.46953125 0.0296875 0.0296875
0 0.8703125 0.41640625 0.0296875 0.0296875
0 0.496875 0.42421875 0.0296875 0.0296875
0 0.5625 0.371875 0.0296875 0.0296875
0 0.3984375 0.440625 0.03125 0.0296875
0 0.778125 0.31953125 0.03125 0.0296875
0 0.80234375 0.34453125 0.0328125 0.0328125
0 0.365625 0.39765625 0.0328125 0.0328125
0 0.59140625 0.44765625 0.03125 0.0296875
0 0.45078125 0.340625 0.03125 0.0328125
0 0.5625 0.4 0.0296875 0.0296875
0 0.81953125 0.48046875 0.0296875 0.0296875
0 0.32265625 0.40078125 0.0328125 0.03125
0 0.3640625 0.48359375 0.03125 0.03125
0 0.4234375 0.50390625 0.03125 0.0296875
0 0.78359375 0.41484375 0.0328125 0.0328125
0 0.51640625 0.4453125 0.0328125 0.03125
0 0.56171875 0.49765625 0.03125 0.0296875
0 0.3015625 0.38203125 0.0328125 0.03125
0 0.42109375 0.38828125 0.03125 0.03125
0 0.60546875 0.4046875 0.0328125 0.03125
0 0.5046875 0.35703125 0.0296875 0.0328125
0 0.38671875 0.46640625 0.0296875 0.03125
0 0.41484375 0.36015625 0.03125 0.0296875
0 0.84921875 0.38359375 0.0328125 0.0328125
0 0.82578125 0.4421875 0.0328125 0.0296875
0 0.390625 0.34375 0.0328125 0.03125
0 0.75 0.45546875 0.0296875 0.0296875
0 0.46953125 0.37890625 0.0296875 0.03125
0 0.753125 0.33203125 0.0328125 0.03125
0 0.3609375 0.4546875 0.0328125 0.03125
0 0.33359375 0.44765625 0.03125 0.0296875
0 0.3734375 0.42734375 0.0328125 0.0328125
0 0.690625 0.334375 0.0296875 0.0296875
0 0.41328125 0.478125 0.0296875 0.03125
0 0.47109375 0.43359375 0.03125 0.03125
0 0.5375 0.38671875 0.03125 0.03125
0 0.53515625 0.48828125 0.03125 0.0296875
0 0.634375 0.40390625 0.0328125 0.0328125
0 0.63984375 0.34765625 0.03125 0.0328125
0 0.54140625 0.4578125 0.028125 0.0296875
0 0.44140625 0.36953125 0.03125 0.0296875
0 0.42421875 0.33203125 0.0328125 0.0328125
0 0.31171875 0.42890625 0.0328125 0.0296875
0 0.334375 0.4765625 0.0328125 0.0328125
0 0.5875 0.38203125 0.03125 0.03125
0 0.5171875 0.40625 0.03125 0.0296875
0 0.88984375 0.49921875 0.0296875 0.0296875
0 0.4515625 0.50703125 0.03125 0.0328125
0 0.4171875 0.53203125 0.0328125 0.0296875
0 0.62109375 0.42890625 0.0328125 0.03125
0 0.40703125 0.31015625 0.0328125 0.0328125
0 0.78046875 0.44453125 0.0328125 0.03125
0 0.92421875 0.53359375 0.03125 0.0296875
0 0.46640625 0.484375 0.03125 0.0296875
0 0.85 0.53828125 0.0296875 0.03125
0 0.33984375 0.37734375 0.0328125 0.0328125
0 0.64609375 0.375 0.0328125 0.0328125
0 0.7578125 0.428125 0.0296875 0.0296875
0 0.53203125 0.33125 0.03125 0.0328125
0 0.77421875 0.5078125 0.0296875 0.0296875
0 0.79375 0.4703125 0.0328125 0.0296875
0 0.5390625 0.4265625 0.03125 0.0328125
0 0.89765625 0.43203125 0.0328125 0.0296875
0 0.91640625 0.4875 0.0328125 0.0296875
0 0.58203125 0.51796875 0.0296875 0.0296875
0 0.4953125 0.49453125 0.0328125 0.0296875
0 0.3890625 0.371875 0.0296875 0.0296875
0 0.609375 0.46953125 0.0328125 0.0328125
0 0.3453125 0.42109375 0.0328125 0.0296875
0 0.6671875 0.4125 0.03125 0.0296875
0 0.7421875 0.40546875 0.03125 0.0296875
0 0.44453125 0.43125 0.03125 0.0296875
0 0.45 0.3125 0.0328125 0.03125
0 0.4890625 0.45546875 0.03125 0.03125
0 0.89453125 0.52890625 0.0328125 0.03125
0 0.3078125 0.47578125 0.0328125 0.03125
0 0.76640625 0.478125 0.0296875 0.0296875
0 0.51171875 0.47265625 0.0328125 0.03125
0 0.88671875 0.4703125 0.0296875 0.0296875
0 0.5140625 0.51796875 0.03125 0.0296875
0 0.70703125 0.44765625 0.0328125 0.03125
0 0.453125 0.45625 0.0296875 0.0296875
0 0.38515625 0.5265625 0.0328125 0.0328125
0 0.41796875 0.41640625 0.0328125 0.0296875
0 0.58984375 0.490625 0.03125 0.0296875
0 0.5046875 0.32578125 0.0328125 0.0328125
0 0.49765625 0.38828125 0.03125 0.0328125
0 0.77421875 0.35078125 0.0328125 0.0328125
0 0.71015625 0.31015625 0.03125 0.0296875
0 0.546875 0.28125 0.03125 0.0296875
0 0.55625 0.31328125 0.03125 0.0296875
0 0.58203125 0.42109375 0.0328125 0.0296875
0 0.4765625 0.3234375 0.0328125 0.0328125
0 0.81640625 0.3015625 0.034375 0.03125
0 0.69765625 0.3625 0.0296875 0.0296875
0 0.82265625 0.5328125 0.0296875 0.0296875
0 0.24765625 0.44765625 0.0328125 0.03125
0 0.63671875 0.31953125 0.0328125 0.0328125
0 0.3625 0.359375 0.0328125 0.03125
0 0.2953125 0.44921875 0.0328125 0.0328125
0 0.534375 0.3578125 0.03125 0.03125
0 0.57421875 0.290625 0.03125 0.0296875
0 0.63671875 0.52734375 0.0296875 0.0296875
0 0.9359375 0.50859375 0.0296875 0.0296875
0 0.740625 0.35859375 0.0296875 0.0296875
0 0.39453125 0.40078125 0.03125 0.03125
0 0.4453125 0.40234375 0.03125 0.0296875
0 0.58359375 0.3546875 0.0328125 0.03125
0 0.27109375 0.43046875 0.034375 0.03125
0 0.6546875 0.2953125 0.03125 0.0328125
0 0.6734375 0.38203125 0.03125 0.03125
0 0.25625 0.49609375 0.034375 0.03125
0 0.35859375 0.51171875 0.03125 0.03125
0 0.7484375 0.54765625 0.03125 0.0328125
0 0.26796875 0.46953125 0.0328125 0.0296875
0 0.665625 0.32265625 0.0328125 0.0328125
0 0.74765625 0.30390625 0.0328125 0.0296875
0 0.62578125 0.29453125 0.0328125 0.0328125
0 0.65234375 0.56328125 0.0328125 0.03125
0 0.87109375 0.51640625 0.0328125 0.0328125
0 0.2265625 0.5 0.0328125 0.0328125
0 0.71328125 0.49921875 0.0296875 0.0296875
0 0.39296875 0.49921875 0.03125 0.0296875
0 0.6234375 0.553125 0.03125 0.03125
0 0.28828125 0.4078125 0.034375 0.03125
0 0.4734375 0.53203125 0.03125 0.0328125
0 0.42890625 0.55859375 0.03125 0.0296875
0 0.42578125 0.453125 0.0296875 0.03125
0 0.5984375 0.5390625 0.0296875 0.0296875
0 0.2328125 0.471875 0.03125 0.0296875
0 0.83359375 0.5046875 0.0296875 0.0296875
0 0.19609375 0.49375 0.034375 0.0328125
0 0.73046875 0.47578125 0.03125 0.0296875
0 0.73046875 0.525 0.03125 0.0296875
0 0.72109375 0.37890625 0.03125 0.03125
0 0.4578125 0.559375 0.0296875 0.0328125
0 0.58203125 0.3265625 0.0328125 0.0328125
0 0.378125 0.31640625 0.0328125 0.0328125
0 0.89140625 0.39453125 0.0328125 0.0296875
0 0.68125 0.496875 0.0296875 0.0296875
0 0.64375 0.4953125 0.0328125 0.0328125
0 0.5265625 0.3015625 0.0328125 0.03125
0 0.61640625 0.50703125 0.0328125 0.0296875
0 0.696875 0.47421875 0.0328125 0.03125
0 0.33359375 0.3484375 0.0328125 0.0328125
0 0.7578125 0.38125 0.03125 0.03125
0 0.6921875 0.5265625 0.0296875 0.0296875
0 0.2296875 0.5296875 0.0328125 0.0328125
0 0.67578125 0.4578125 0.03125 0.0296875
0 0.6625 0.51875 0.0296875 0.0296875
0 0.2875 0.49609375 0.0328125 0.0328125
0 0.6765625 0.55078125 0.0296875 0.0296875
0 0.5546875 0.52578125 0.03125 0.0296875
0 0.60078125 0.27265625 0.0328125 0.03125
0 0.9109375 0.45625 0.0328125 0.0328125
0 0.5953125 0.30390625 0.0296875 0.0296875
0 0.37734375 0.55625 0.0328125 0.03125
0 0.4921875 0.3 0.0328125 0.0328125
0 0.42734375 0.58671875 0.034375 0.03125
0 0.7125 0.42109375 0.034375 0.0296875
0 0.696875 0.5703125 0.03125 0.0328125
0 0.478125 0.353125 0.0296875 0.0328125
0 0.8453125 0.46640625 0.0328125 0.03125
0 0.9390625 0.45625 0.0296875 0.0296875
0 0.7 0.396875 0.034375 0.0296875
0 0.93125 0.42890625 0.0296875 0.0296875
0 0.9484375 0.48359375 0.0328125 0.0296875
0 0.66640625 0.35390625 0.0328125 0.03125
0 0.7140625 0.5484375 0.03125 0.0296875
0 0.8640625 0.48671875 0.0328125 0.0296875
0 0.04765625 0.484375 0.034375 0.0328125
0 0.61015625 0.3296875 0.0265625 0.03125
0 0.61328125 0.3578125 0.0265625 0.0296875
0 0.5578125 0.34296875 0.0296875 0.0328125
0 0.5625 0.440625 0.0296875 0.0328125
0 0.4765625 0.4078125 0.03125 0.0328125
0 0.43984375 0.48046875 0.0328125 0.0296875
0 0.74765625 0.5015625 0.0296875 0.0328125
0 0.72265625 0.33671875 0.0296875 0.0296875