0 0.671875 0.50859375 0.046875 0.053125
0 0.69140625 0.5453125 0.05 0.05
0 0.72421875 0.559375 0.046875 0.053125
0 0.75078125 0.53671875 0.046875 0.0484375
0 0.77734375 0.5765625 0.0484375 0.05625
0 0.79296875 0.40703125 0.04375 0.0484375
0 0.753125 0.4875 0.046875 0.05
0 0.71328125 0.49609375 0.046875 0.05
0 0.75390625 0.44140625 0.046875 0.053125
0 0.74453125 0.396875 0.04375 0.0484375
0 0.715625 0.44921875 0.0453125 0.05
0 0.684375 0.46875 0.04375 0.046875
0 0.76484375 0.36484375 0.04375 0.0453125
0 0.72890625 0.35078125 0.0453125 0.0515625
0 0.72578125 0.30546875 0.046875 0.053125
0 0.69609375 0.3328125 0.0484375 0.05
0 0.6984375 0.37578125 0.04375 0.0453125
0 0.6890625 0.42109375 0.0421875 0.05
0 0.653125 0.44453125 0.046875 0.05
0 0.625 0.41328125 0.0484375 0.05
0 0.65625 0.39765625 0.046875 0.046875
0 0.62734375 0.36796875 0.046875 0.053125
0 0.7 0.26796875 0.040625 0.04375
0 0.675 0.29609375 0.04375 0.046875
0 0.6609375 0.3484375 0.04375 0.0484375
0 0.659375 0.25234375 0.05 0.05625
0 0.61640625 0.2671875 0.046875 0.0578125
0 0.63828125 0.3109375 0.046875 0.0515625
0 0.60390625 0.325 0.0515625 0.0546875
0 0.5875 0.371875 0.053125 0.053125
0 0.58515625 0.41875 0.0484375 0.053125
0 0.60859375 0.46015625 0.05 0.053125
0 0.640625 0.4875 0.05 0.053125
0 0.62109375 0.5265625 0.05 0.0515625
0 0.65546875 0.54609375 0.0453125 0.05
0 0.68203125 0.5984375 0.04375 0.0515625
0 0.640625 0.58984375 0.0453125 0.0546875
0 0.65078125 0.64296875 0.05 0.059375
0 0.6125 0.615625 0.0484375 0.059375
0 0.603125 0.56796875 0.0453125 0.05625
0 0.58828125 0.503125 0.053125 0.05625
0 0.56875 0.46328125 0.05 0.0515625
0 0.546875 0.42109375 0.046875 0.053125
0 0.53828125 0.36875 0.053125 0.059375
0 0.57578125 0.28046875 0.05 0.059375
0 0.559375 0.32734375 0.0515625 0.0546875
0 0.56875 0.2328125 0.0515625 0.05625
0 0.5328125 0.2828125 0.0515625 0.0515625
0 0.51796875 0.32421875 0.05 0.0515625
0 0.496875 0.36015625 0.0484375 0.0546875
0 0.50546875 0.409375 0.0546875 0.05625
0 0.52265625 0.45859375 0.05 0.05625
0 0.55 0.50390625 0.0578125 0.059375
0 0.5640625 0.55546875 0.053125 0.053125
0 0.5703125 0.6046875 0.053125 0.05625
0 0.584375 0.64921875 0.0453125 0.053125
0 0.61484375 0.675 0.046875 0.053125
0 0.6359375 0.71640625 0.0546875 0.05625
0 0.478125 0.3015625 0.0546875 0.0578125
0 0.5171875 0.23359375 0.0546875 0.0578125
0 0.47421875 0.24765625 0.0546875 0.0640625
0 0.434375 0.309375 0.0578125 0.0640625
0 0.45234375 0.3609375 0.0578125 0.0609375
0 0.45703125 0.409375 0.059375 0.0546875
0 0.4765625 0.4515625 0.0578125 0.059375
0 0.4984375 0.49921875 0.0515625 0.0546875
0 0.5171875 0.54140625 0.0515625 0.05625
0 0.53125 0.5984375 0.05625 0.05625
0 0.546875 0.65390625 0.0578125 0.0609375
0 0.49765625 0.63828125 0.0578125 0.0609375
0 0.48828125 0.5875 0.053125 0.0546875
0 0.453125 0.49375 0.0578125 0.0578125
0 0.475 0.53984375 0.053125 0.05625
0 0.43125 0.45078125 0.0515625 0.053125
0 0.37421875 0.31171875 0.0578125 0.0640625
0 0.4046875 0.35859375 0.0609375 0.0609375
0 0.40625 0.4046875 0.0578125 0.0578125
0 0.38203125 0.44765625 0.0609375 0.0578125
0 0.40625 0.49375 0.059375 0.0546875
0 0.42734375 0.5390625 0.0578125 0.059375
0 0.44375 0.5875 0.0578125 0.0578125
0 0.4546875 0.640625 0.0578125 0.065625
0 0.40859375 0.63125 0.059375 0.0625
0 0.39140625 0.57421875 0.0546875 0.0640625
0 0.34765625 0.596875 0.0625 0.0671875
0 0.36875 0.52734375 0.0625 0.06875
0 0.33671875 0.478125 0.065625 0.0640625
0 0.34921875 0.3796875 0.0640625 0.0640625
0 0.31640625 0.425 0.0640625 0.065625
0 0.23984375 0.39296875 0.06875 0.06875
0 0.18515625 0.4359375 0.0765625 0.071875
0 0.26015625 0.46796875 0.0703125 0.071875
0 0.28046875 0.52890625 0.0640625 0.0625
0 0.2921875 0.5859375 0.06875 0.0671875
0 0.38125 0.7078125 0.0671875 0.065625
0 0.30078125 0.70546875 0.0734375 0.065625
0 0.18046875 0.6140625 0.075 0.0734375