0 0.515625 0.725 0.0171875 0.0171875
0 0.52890625 0.71484375 0.0171875 0.01875
0 0.50625 0.7109375 0.0171875 0.0203125
0 0.51875 0.69765625 0.0171875 0.0171875
0 0.50625 0.68828125 0.0171875 0.01875
0 0.475 0.7125 0.0171875 0.0171875
0 0.48828125 0.7015625 0.0171875 0.0171875
0 0.47578125 0.690625 0.0171875 0.01875
0 0.5578125 0.71953125 0.0203125 0.0203125
0 0.4640625 0.70078125 0.0171875 0.01875
0 0.559375 0.70078125 0.0171875 0.01875
0 0.58828125 0.71640625 0.01875 0.01875
0 0.59921875 0.7046875 0.0171875 0.0171875
0 0.61328125 0.68984375 0.01875 0.01875
0 0.61015625 0.66953125 0.01875 0.01875
0 0.5546875 0.67265625 0.01875 0.01875
0 0.465625 0.66796875 0.0171875 0.0171875
0 0.4796875 0.66015625 0.0171875 0.0171875
0 0.471875 0.64609375 0.0171875 0.0171875
0 0.4703125 0.6296875 0.0171875 0.0171875
0 0.484375 0.6125 0.0171875 0.0171875
0 0.5015625 0.615625 0.0171875 0.0171875
0 0.51015625 0.628125 0.0171875 0.0171875
0 0.5171875 0.6140625 0.0171875 0.0171875
0 0.53125 0.6203125 0.0171875 0.0171875
0 0.5453125 0.6234375 0.0171875 0.0171875
0 0.57421875 0.64140625 0.0171875 0.0171875
0 0.57734375 0.6265625 0.0171875 0.0171875
0 0.59453125 0.6359375 0.0171875 0.0203125
0 0.590625 0.6203125 0.015625 0.015625
0 0.57578125 0.6109375 0.015625 0.015625
0 0.58828125 0.60390625 0.015625 0.015625
0 0.58359375 0.5890625 0.0171875 0.0171875
0 0.55625 0.59609375 0.0171875 0.0171875
0 0.571875 0.5953125 0.0171875 0.0171875
0 0.54140625 0.59921875 0.0140625 0.015625
0 0.5125 0.59921875 0.0171875 0.0171875
0 0.5265625 0.6015625 0.015625 0.015625
0 0.496875 0.60078125 0.015625 0.015625
0 0.49609375 0.5859375 0.0171875 0.0171875
0 0.521875 0.5859375 0.0171875 0.0171875
0 0.53671875 0.584375 0.0171875 0.0171875
0 0.5578125 0.58046875 0.0171875 0.0171875
0 0.59140625 0.571875 0.01875 0.0171875
0 0.60234375 0.56015625 0.0171875 0.0171875
0 0.621875 0.6203125 0.0171875 0.0171875
0 0.63828125 0.621875 0.015625 0.015625
0 0.653125 0.6296875 0.01875 0.0171875
0 0.6328125 0.60546875 0.0171875 0.0171875
0 0.61484375 0.5921875 0.0171875 0.01875
0 0.640625 0.58515625 0.0171875 0.0171875
0 0.62578125 0.57578125 0.0171875 0.0171875
0 0.63359375 0.5625 0.0171875 0.0171875
0 0.6515625 0.57109375 0.0171875 0.0171875
0 0.7265625 0.5671875 0.0171875 0.01875
0 0.7359375 0.51328125 0.0171875 0.0171875
0 0.70234375 0.48359375 0.0171875 0.01875
0 0.65078125 0.46015625 0.0171875 0.0203125
0 0.6609375 0.43671875 0.0171875 0.0171875
0 0.6640625 0.4203125 0.0171875 0.0171875
0 0.64609375 0.43359375 0.0171875 0.01875
0 0.65 0.4125 0.0171875 0.0171875
0 0.63515625 0.409375 0.0171875 0.0171875
0 0.471875 0.58984375 0.0171875 0.0171875
0 0.4796875 0.5765625 0.015625 0.015625
0 0.47421875 0.5625 0.015625 0.015625
0 0.4625 0.571875 0.0140625 0.015625
0 0.45 0.5609375 0.015625 0.015625
0 0.46328125 0.55390625 0.015625 0.015625
0 0.49296875 0.56484375 0.0171875 0.0171875
0 0.51171875 0.571875 0.0171875 0.0171875
0 0.52734375 0.56796875 0.0171875 0.0171875
0 0.5078125 0.55859375 0.0171875 0.0171875
0 0.49453125 0.5484375 0.0171875 0.0171875
0 0.49453125 0.53359375 0.015625 0.015625
0 0.5140625 0.54375 0.0171875 0.0171875
0 0.5125 0.5296875 0.015625 0.015625
0 0.52421875 0.52109375 0.0140625 0.015625
0 0.53984375 0.521875 0.0171875 0.0171875
0 0.54765625 0.509375 0.015625 0.015625
0 0.5328125 0.5 0.0171875 0.0171875
0 0.5171875 0.5078125 0.0171875 0.0171875
0 0.50078125 0.50625 0.0171875 0.0171875
0 0.51796875 0.49140625 0.015625 0.015625
0 0.48671875 0.50703125 0.0171875 0.0171875
0 0.4875 0.48515625 0.0171875 0.0171875
0 0.471875 0.48046875 0.0171875 0.0171875
0 0.49765625 0.46328125 0.0171875 0.0171875
0 0.51953125 0.4765625 0.0171875 0.0171875
0 0.53203125 0.46796875 0.0171875 0.0171875
0 0.53828125 0.48125 0.0171875 0.0171875
0 0.54921875 0.49140625 0.0171875 0.0171875
0 0.5515625 0.471875 0.0171875 0.0171875
0 0.54375 0.45859375 0.0171875 0.0171875
0 0.5453125 0.44453125 0.0171875 0.0171875
0 0.509375 0.434375 0.0171875 0.0171875
0 0.52734375 0.4265625 0.0171875 0.0203125
0 0.56171875 0.40859375 0.0171875 0.0171875
0 0.54296875 0.39453125 0.0171875 0.0171875
0 0.51328125 0.3984375 0.015625 0.015625
0 0.528125 0.39140625 0.0171875 0.0171875
0 0.5125 0.38359375 0.015625 0.015625
0 0.47578125 0.42734375 0.0171875 0.0171875
0 0.4859375 0.4171875 0.01875 0.01875
0 0.45546875 0.43203125 0.0171875 0.01875
0 0.45546875 0.4 0.0171875 0.01875
0 0.47109375 0.371875 0.0171875 0.0171875
0 0.4859375 0.3671875 0.0171875 0.0171875
0 0.50078125 0.37109375 0.0171875 0.0171875
0 0.5171875 0.36875 0.0171875 0.0171875
0 0.53359375 0.37265625 0.0171875 0.0171875
0 0.5453125 0.3625 0.01875 0.0171875
0 0.56640625 0.365625 0.01875 0.0203125
0 0.58203125 0.365625 0.0171875 0.01875
0 0.559375 0.353125 0.01875 0.0203125
0 0.57578125 0.340625 0.0171875 0.0171875
0 0.59140625 0.33984375 0.0171875 0.01875
0 0.603125 0.33046875 0.015625 0.015625
0 0.6296875 0.34609375 0.0203125 0.0203125
0 0.6171875 0.3296875 0.015625 0.0171875
0 0.59296875 0.31875 0.0171875 0.01875
0 0.6078125 0.31328125 0.0171875 0.0171875
0 0.57890625 0.32421875 0.0171875 0.01875
0 0.5859375 0.30703125 0.0171875 0.0171875
0 0.43515625 0.36953125 0.0171875 0.01875
0 0.4640625 0.3578125 0.0171875 0.0171875
0 0.45234375 0.34609375 0.0171875 0.0171875
0 0.4875 0.3515625 0.0171875 0.0203125
0 0.5015625 0.35703125 0.0171875 0.0171875
0 0.51640625 0.353125 0.0171875 0.01875
0 0.53125 0.346875 0.015625 0.0171875
0 0.51875 0.33671875 0.0203125 0.0171875
0 0.53515625 0.32890625 0.0171875 0.0203125
0 0.49609375 0.33828125 0.0171875 0.0171875
0 0.50078125 0.32265625 0.0171875 0.0171875
0 0.45234375 0.33046875 0.0171875 0.0171875
0 0.46640625 0.3234375 0.0171875 0.01875
0 0.48125 0.31875 0.0171875 0.01875
0 0.4546875 0.31484375 0.0171875 0.0171875
0 0.47109375 0.3078125 0.0171875 0.0171875
0 0.48203125 0.29765625 0.01875 0.0171875
0 0.5265625 0.3 0.0171875 0.0171875
0 0.5171875 0.28515625 0.0171875 0.0171875
0 0.53203125 0.2828125 0.0171875 0.0171875
0 0.54609375 0.28828125 0.0171875 0.0171875
0 0.55546875 0.30234375 0.0171875 0.0171875
0 0.540625 0.303125 0.0171875 0.0171875
0 0.56640625 0.2890625 0.0171875 0.0171875
0 0.58203125 0.2828125 0.0171875 0.0203125
0 0.7 0.3171875 0.0203125 0.01875
0 0.6359375 0.29375 0.0171875 0.0203125
0 0.65078125 0.2859375 0.0171875 0.01875
0 0.671875 0.28828125 0.01875 0.0203125
0 0.64609375 0.2671875 0.01875 0.0171875
0 0.609375 0.19140625 0.0203125 0.0203125
0 0.5125 0.19375 0.0203125 0.0203125
0 0.46953125 0.21953125 0.0171875 0.01875
0 0.47109375 0.20078125 0.0171875 0.0203125
0 0.4421875 0.203125 0.0171875 0.01875
0 0.4578125 0.21015625 0.0171875 0.01875
0 0.4421875 0.2203125 0.0171875 0.0203125