0 0.3484375 0.8390625 0.0421875 0.0359375
0 0.3796875 0.83125 0.040625 0.0359375
0 0.56796875 0.88125 0.05 0.040625
0 0.6125 0.8546875 0.04375 0.0421875
0 0.65078125 0.8484375 0.046875 0.040625
0 0.625 0.8125 0.046875 0.0421875
0 0.690625 0.8296875 0.053125 0.04375
0 0.53671875 0.75078125 0.0484375 0.0421875
0 0.74296875 0.7734375 0.053125 0.04375
0 0.7171875 0.68984375 0.053125 0.04375
0 0.8109375 0.66796875 0.059375 0.0484375
0 0.81796875 0.59453125 0.0546875 0.04375
0 0.57578125 0.646875 0.05 0.04375
0 0.61328125 0.61328125 0.053125 0.04375
0 0.575 0.5515625 0.046875 0.0421875
0 0.378125 0.57421875 0.04375 0.0390625
0 0.40703125 0.55234375 0.046875 0.0390625
0 0.44296875 0.52265625 0.04375 0.0390625
0 0.51640625 0.5234375 0.0453125 0.0375
0 0.5453125 0.50703125 0.0484375 0.0390625
0 0.58671875 0.5171875 0.05 0.040625
0 0.62734375 0.50625 0.0453125 0.0390625
0 0.6609375 0.5234375 0.05 0.0390625
0 0.7015625 0.53671875 0.05 0.0421875
0 0.68359375 0.48828125 0.0390625 0.0375
0 0.7 0.496875 0.046875 0.0390625
0 0.7125 0.465625 0.05 0.0421875
0 0.76875 0.48125 0.05625 0.04375
0 0.80390625 0.50859375 0.0546875 0.0421875
0 0.7578125 0.51328125 0.05 0.0453125
0 0.76015625 0.44765625 0.05 0.040625
0 0.80859375 0.46171875 0.0546875 0.040625
0 0.86015625 0.47109375 0.05625 0.04375
0 0.79765625 0.42578125 0.053125 0.0453125
0 0.81328125 0.3921875 0.05625 0.046875
0 0.65390625 0.35 0.046875 0.0390625
0 0.66640625 0.3828125 0.053125 0.04375
0 0.61640625 0.35859375 0.04375 0.0328125
0 0.63046875 0.40234375 0.040625 0.0375
0 0.621875 0.3828125 0.0515625 0.040625
0 0.5765625 0.35390625 0.05 0.040625
0 0.528125 0.35546875 0.0453125 0.0390625
0 0.5625 0.38359375 0.046875 0.0390625
0 0.49296875 0.3703125 0.0453125 0.0359375
0 0.52421875 0.3875 0.0453125 0.0375
0 0.45390625 0.3765625 0.0421875 0.0390625
0 0.4828125 0.41015625 0.046875 0.0390625
0 0.440625 0.40390625 0.0453125 0.0359375
0 0.50078125 0.4484375 0.046875 0.0390625
0 0.546875 0.4109375 0.04375 0.0390625
0 0.58671875 0.428125 0.0421875 0.0375
0 0.62109375 0.4484375 0.05 0.0421875
0 0.55390625 0.4421875 0.04375 0.0390625
0 0.60390625 0.475 0.05 0.0390625
0 0.64609375 0.478125 0.04375 0.0390625
0 0.34296875 0.46796875 0.0453125 0.0375
0 0.34921875 0.4359375 0.04375 0.0390625
0 0.38984375 0.44140625 0.0453125 0.0421875
0 0.1828125 0.56484375 0.0390625 0.03125
0 0.2046875 0.54765625 0.0390625 0.03125
0 0.20703125 0.5015625 0.0390625 0.0328125
0 0.234375 0.52265625 0.0421875 0.0375
0 0.25859375 0.54453125 0.0453125 0.0359375
0 0.165625 0.6375 0.05 0.0390625
0 0.27265625 0.6890625 0.04375 0.0390625
0 0.2921875 0.71796875 0.0390625 0.0359375
0 0.31796875 0.70390625 0.04375 0.0390625
0 0.35703125 0.703125 0.0453125 0.0390625
0 0.1984375 0.4390625 0.0421875 0.0359375
0 0.23515625 0.4015625 0.0390625 0.0328125
0 0.20390625 0.38515625 0.0359375 0.03125
0 0.22890625 0.3734375 0.0359375 0.03125
0 0.25859375 0.36953125 0.0390625 0.0359375
0 0.2 0.34609375 0.0390625 0.034375
0 0.184375 0.30078125 0.0375 0.03125
0 0.2171875 0.3 0.0359375 0.03125
0 0.2203125 0.27265625 0.0421875 0.034375
0 0.2828125 0.28984375 0.04375 0.0359375
0 0.28515625 0.2609375 0.0484375 0.0375
0 0.21640625 0.24609375 0.040625 0.034375
0 0.17109375 0.2265625 0.0359375 0.034375
0 0.221875 0.21796875 0.0359375 0.034375
0 0.25078125 0.209375 0.0421875 0.0359375
0 0.19765625 0.19296875 0.0390625 0.034375
0 0.271875 0.1890625 0.0421875 0.0375
0 0.30546875 0.21640625 0.0390625 0.034375
0 0.3484375 0.19296875 0.04375 0.0390625
0 0.36796875 0.21640625 0.046875 0.0390625
0 0.3609375 0.165625 0.0453125 0.0375
0 0.2859375 0.159375 0.0453125 0.0390625
0 0.38515625 0.12265625 0.046875 0.0390625
0 0.4171875 0.09765625 0.046875 0.0390625
0 0.475 0.1359375 0.0421875 0.0375
0 0.5125 0.14765625 0.04375 0.0421875
0 0.45 0.07890625 0.04375 0.040625
0 0.42890625 0.05703125 0.04375 0.040625
0 0.49375 0.08671875 0.05 0.0421875
0 0.49140625 0.05546875 0.05 0.04375
0 0.78671875 0.2921875 0.053125 0.0453125