0 0.89375 0.60859375 0.0328125 0.034375
0 0.3484375 0.59453125 0.0328125 0.0328125
0 0.390625 0.45078125 0.0328125 0.0359375
0 0.48203125 0.4265625 0.0328125 0.034375
0 0.496875 0.51875 0.03125 0.03125
0 0.5171875 0.5 0.03125 0.0296875
0 0.41796875 0.44453125 0.0328125 0.0328125
0 0.49765625 0.45078125 0.0296875 0.03125
0 0.55703125 0.46796875 0.0296875 0.0296875
0 0.54609375 0.35078125 0.0328125 0.03125
0 0.240625 0.28828125 0.0359375 0.0328125
0 0.52265625 0.328125 0.0328125 0.0328125
0 0.19375 0.27109375 0.034375 0.0328125
0 0.58359375 0.41328125 0.0328125 0.034375
0 0.60078125 0.49296875 0.0296875 0.0296875
0 0.5484375 0.44453125 0.03125 0.0328125
0 0.50625 0.6171875 0.0328125 0.0328125
0 0.46953125 0.51796875 0.0328125 0.0328125
0 0.6109375 0.51953125 0.0328125 0.0296875
0 0.58125 0.359375 0.0328125 0.0328125
0 0.45625 0.490625 0.0328125 0.03125
0 0.47734375 0.58828125 0.0328125 0.03125
0 0.49921875 0.23984375 0.0328125 0.0328125
0 0.63125 0.55 0.03125 0.0296875
0 0.7359375 0.8828125 0.0296875 0.03125
0 0.509375 0.65625 0.0328125 0.0328125
0 0.53828125 0.4859375 0.0328125 0.0328125
0 0.5453125 0.85625 0.0359375 0.0328125
0 0.7546875 0.4265625 0.03125 0.03125
0 0.52421875 0.453125 0.03125 0.03125
0 0.48203125 0.6375 0.0328125 0.03125
0 0.7671875 0.3859375 0.03125 0.03125
0 0.9015625 0.42890625 0.03125 0.0328125
0 0.5265625 0.63359375 0.03125 0.0296875
0 0.4828125 0.47109375 0.03125 0.03125
0 0.45859375 0.46015625 0.0328125 0.03125
0 0.43359375 0.4 0.0328125 0.0328125
0 0.63046875 0.11640625 0.0328125 0.034375
0 0.4734375 0.23828125 0.0328125 0.034375
0 0.7109375 0.5140625 0.0328125 0.03125
0 0.58046875 0.171875 0.0328125 0.0359375
0 0.8140625 0.48671875 0.03125 0.0296875
0 0.8171875 0.29140625 0.0296875 0.0296875
0 0.734375 0.2609375 0.0328125 0.0328125
0 0.42578125 0.61875 0.0328125 0.0328125
0 0.81484375 0.31640625 0.03125 0.0328125
0 0.39765625 0.64375 0.0328125 0.0328125
0 0.53125 0.29921875 0.0328125 0.0328125
0 0.39765625 0.49375 0.0328125 0.0328125
0 0.56171875 0.76640625 0.0328125 0.03125
0 0.771875 0.578125 0.0328125 0.0328125
0 0.50859375 0.47578125 0.0328125 0.0328125
0 0.53671875 0.76015625 0.0328125 0.0328125
0 0.53984375 0.265625 0.0359375 0.0328125
0 0.56171875 0.49765625 0.03125 0.0296875
0 0.471875 0.69765625 0.0328125 0.0328125
0 0.89453125 0.334375 0.0296875 0.03125
0 0.36640625 0.4390625 0.0328125 0.0328125
0 0.63046875 0.6546875 0.03125 0.03125
0 0.58359375 0.4734375 0.03125 0.0296875
0 0.45859375 0.4078125 0.0328125 0.0328125
0 0.42890625 0.37265625 0.0328125 0.0328125
0 0.55859375 0.734375 0.0328125 0.0328125
0 0.784375 0.52734375 0.0328125 0.03125
0 0.5203125 0.715625 0.0328125 0.0328125
0 0.284375 0.309375 0.034375 0.034375
0 0.340625 0.56796875 0.034375 0.0359375
0 0.76796875 0.32578125 0.0328125 0.0328125
0 0.75546875 0.2875 0.034375 0.03125
0 0.4015625 0.4078125 0.0328125 0.0328125
0 0.50234375 0.6953125 0.0328125 0.03125
0 0.71171875 0.88984375 0.03125 0.03125
0 0.36875 0.57265625 0.0328125 0.0328125
0 0.5390625 0.57109375 0.0328125 0.0328125
0 0.56171875 0.79453125 0.0328125 0.0328125
0 0.42734375 0.52421875 0.0328125 0.0328125
0 0.7453125 0.49140625 0.0328125 0.03125
0 0.7796875 0.553125 0.03125 0.03125
0 0.5328125 0.675 0.0328125 0.03125
0 0.8078125 0.54140625 0.0328125 0.03125
0 0.77890625 0.434375 0.0296875 0.0296875
0 0.78984375 0.484375 0.03125 0.0296875
0 0.528125 0.78515625 0.0328125 0.0328125
0 0.74765625 0.51640625 0.0296875 0.0296875
0 0.6140625 0.56953125 0.0328125 0.0328125
0 0.71328125 0.30078125 0.0328125 0.0328125
0 0.721875 0.13671875 0.0328125 0.0328125
0 0.52265625 0.8296875 0.0328125 0.0328125
0 0.46640625 0.271875 0.0328125 0.0328125
0 0.37734375 0.6234375 0.0328125 0.0328125
0 0.803125 0.39375 0.03125 0.0296875
0 0.4109375 0.778125 0.0328125 0.0328125
0 0.7640625 0.475 0.03125 0.03125
0 0.4828125 0.54140625 0.03125 0.03125
0 0.790625 0.29609375 0.0328125 0.0296875
0 0.2296875 0.2609375 0.0359375 0.0328125
0 0.8421875 0.3609375 0.0296875 0.0296875
0 0.94375 0.48671875 0.03125 0.0296875
0 0.43359375 0.8375 0.034375 0.0359375
0 0.48203125 0.821875 0.0328125 0.0328125
0 0.77734375 0.409375 0.0328125 0.0328125
0 0.80546875 0.51015625 0.0328125 0.0328125
0 0.7734375 0.503125 0.03125 0.0296875
0 0.72421875 0.86015625 0.0296875 0.03125
0 0.38125 0.74375 0.0328125 0.0328125
0 0.48125 0.7875 0.0328125 0.03125
0 0.54765625 0.70546875 0.0328125 0.03125
0 0.4703125 0.56328125 0.034375 0.0328125
0 0.72890625 0.53515625 0.0328125 0.0328125
0 0.58828125 0.79765625 0.0328125 0.0359375
0 0.84609375 0.62890625 0.03125 0.03125
0 0.68671875 0.8234375 0.0328125 0.0328125
0 0.8203125 0.4625 0.0296875 0.0296875
0 0.5796875 0.51640625 0.0328125 0.03125
0 0.26796875 0.66875 0.0328125 0.0328125
0 0.78984375 0.37109375 0.03125 0.03125
0 0.3703125 0.5453125 0.0328125 0.0296875
0 0.76328125 0.68515625 0.0328125 0.0328125
0 0.58671875 0.740625 0.03125 0.0328125
0 0.81875 0.82265625 0.0328125 0.0359375
0 0.41875 0.65859375 0.0328125 0.03125
0 0.7265625 0.3875 0.0328125 0.034375
0 0.85234375 0.6015625 0.0328125 0.03125
0 0.828125 0.26328125 0.0296875 0.0328125
0 0.8296875 0.50703125 0.03125 0.0296875
0 0.3609375 0.309375 0.034375 0.0328125
0 0.80703125 0.61328125 0.0328125 0.0296875
0 0.828125 0.390625 0.0296875 0.0296875
0 0.71640625 0.3484375 0.0328125 0.0328125
0 0.96953125 0.37109375 0.03125 0.0328125
0 0.23125 0.22265625 0.0359375 0.0328125
0 0.73125 0.32421875 0.0328125 0.0328125
0 0.7 0.86640625 0.0328125 0.03125
0 0.4015625 0.38125 0.0359375 0.0328125
0 0.85234375 0.3953125 0.03125 0.0328125
0 0.753125 0.85390625 0.0328125 0.0328125
0 0.525 0.390625 0.034375 0.0359375
0 0.49765625 0.2703125 0.0328125 0.0328125
0 0.43671875 0.71796875 0.0359375 0.0328125
0 0.653125 0.53359375 0.03125 0.0296875
0 0.81796875 0.36640625 0.0296875 0.0296875
0 0.94921875 0.5390625 0.0296875 0.0296875
0 0.92578125 0.32890625 0.03125 0.0296875
0 0.9296875 0.51015625 0.0328125 0.03125
0 0.9484375 0.58046875 0.0328125 0.0328125
0 0.9671875 0.5609375 0.0296875 0.0296875
0 0.96484375 0.50703125 0.0296875 0.0296875
0 0.95 0.3546875 0.03125 0.03125
0 0.44453125 0.5921875 0.034375 0.0359375
0 0.284375 0.175 0.0328125 0.0359375
0 0.94765625 0.41953125 0.0328125 0.0328125
0 0.70078125 0.66796875 0.0359375 0.0328125
0 0.97734375 0.425 0.03125 0.0296875
0 0.503125 0.8140625 0.0296875 0.0328125
0 0.3890625 0.85859375 0.0328125 0.0328125
0 0.42109375 0.75390625 0.0359375 0.034375
0 0.98515625 0.49140625 0.0296875 0.0296875
0 0.971875 0.47109375 0.0296875 0.03125
0 0.784375 0.459375 0.03125 0.0296875
0 0.48125 0.29296875 0.0328125 0.0328125
0 0.9328125 0.56015625 0.0328125 0.0296875
0 0.22890625 0.29375 0.0125 0.0171875
0 0.36171875 0.625 0.0109375 0.0140625