0 0.7921875 0.6453125 0.0328125 0.028125
0 0.80703125 0.675 0.03125 0.03125
0 0.76328125 0.64765625 0.0296875 0.0265625
0 0.77890625 0.6265625 0.0359375 0.028125
0 0.8265625 0.65 0.03125 0.03125
0 0.74609375 0.61640625 0.028125 0.0265625
0 0.69921875 0.625 0.03125 0.03125
0 0.70234375 0.65546875 0.0328125 0.0328125
0 0.67265625 0.6234375 0.028125 0.0265625
0 0.60390625 0.64296875 0.0296875 0.0265625
0 0.6421875 0.61171875 0.034375 0.0296875
0 0.590625 0.621875 0.0296875 0.0265625
0 0.596875 0.5984375 0.03125 0.025
0 0.52734375 0.6171875 0.03125 0.028125
0 0.54921875 0.5953125 0.03125 0.0296875
0 0.67734375 0.58203125 0.0328125 0.028125
0 0.8328125 0.590625 0.028125 0.0265625
0 0.7953125 0.603125 0.0328125 0.028125
0 0.8328125 0.565625 0.03125 0.0265625
0 0.88671875 0.59140625 0.0390625 0.0328125
0 0.853125 0.54296875 0.0296875 0.0296875
0 0.67109375 0.5578125 0.025 0.025
0 0.68984375 0.5390625 0.028125 0.0265625
0 0.70390625 0.559375 0.03125 0.028125
0 0.73671875 0.509375 0.0296875 0.0328125
0 0.7015625 0.51953125 0.03125 0.0265625
0 0.71796875 0.4984375 0.0296875 0.0328125
0 0.52109375 0.8328125 0.028125 0.0234375
0 0.52734375 0.81328125 0.025 0.021875
0 0.56328125 0.81796875 0.028125 0.028125
0 0.590625 0.8265625 0.03125 0.028125
0 0.4953125 0.81796875 0.028125 0.0265625
0 0.50703125 0.8046875 0.025 0.01875
0 0.53125 0.79609375 0.025 0.021875
0 0.546875 0.78125 0.025 0.0234375
0 0.58125 0.77109375 0.028125 0.028125
0 0.5109375 0.7859375 0.025 0.021875
0 0.52734375 0.771875 0.025 0.021875
0 0.546875 0.76171875 0.025 0.025
0 0.56875 0.7515625 0.0265625 0.0265625
0 0.48984375 0.78671875 0.0234375 0.021875
0 0.5265625 0.74921875 0.0234375 0.021875
0 0.2171875 0.89609375 0.025 0.0234375
0 0.2171875 0.87890625 0.028125 0.0234375
0 0.2375 0.87265625 0.0265625 0.025
0 0.25078125 0.88671875 0.025 0.0203125
0 0.3 0.8796875 0.025 0.021875
0 0.321875 0.8921875 0.0296875 0.028125
0 0.35078125 0.86796875 0.0265625 0.0265625
0 0.40078125 0.8359375 0.028125 0.0234375
0 0.46328125 0.77578125 0.03125 0.0296875
0 0.46875 0.7546875 0.0265625 0.0234375
0 0.47890625 0.7296875 0.028125 0.0234375
0 0.4046875 0.7609375 0.028125 0.0234375
0 0.4421875 0.7484375 0.0265625 0.0265625
0 0.38046875 0.7734375 0.028125 0.0265625
0 0.41328125 0.73984375 0.028125 0.0265625
0 0.46328125 0.7078125 0.0296875 0.025
0 0.46875 0.63125 0.0234375 0.025
0 0.44765625 0.634375 0.025 0.025
0 0.43046875 0.62265625 0.025 0.025
0 0.403125 0.6515625 0.028125 0.0265625
0 0.3890625 0.61171875 0.028125 0.025
0 0.425 0.5984375 0.028125 0.0265625
0 0.378125 0.59140625 0.025 0.021875
0 0.39296875 0.57421875 0.021875 0.025
0 0.36171875 0.5703125 0.0203125 0.025
0 0.3828125 0.5515625 0.0296875 0.0296875
0 0.35234375 0.54765625 0.0296875 0.028125
0 0.37578125 0.578125 0.0265625 0.0265625
0 0.32421875 0.70859375 0.025 0.025
0 0.25859375 0.634375 0.028125 0.0265625
0 0.29453125 0.67421875 0.028125 0.0265625
0 0.24375 0.61640625 0.0265625 0.0265625
0 0.2734375 0.60859375 0.0265625 0.0265625
0 0.22421875 0.63828125 0.03125 0.0265625
0 0.25 0.58828125 0.0265625 0.0234375
0 0.2640625 0.56953125 0.03125 0.0265625
0 0.22421875 0.58359375 0.0296875 0.0296875
0 0.26328125 0.546875 0.028125 0.0265625
0 0.17890625 0.56171875 0.03125 0.0265625
0 0.19375 0.58828125 0.028125 0.0265625
0 0.1765625 0.5234375 0.03125 0.0265625
0 0.53515625 0.50546875 0.028125 0.0203125
0 0.54296875 0.4921875 0.0296875 0.0265625
0 0.58203125 0.4953125 0.028125 0.0328125
0 0.61171875 0.52109375 0.0328125 0.0296875
0 0.53984375 0.465625 0.0296875 0.0328125
0 0.3515625 0.48671875 0.0265625 0.028125
0 0.3 0.49453125 0.021875 0.025
0 0.31953125 0.5015625 0.0296875 0.0328125
0 0.33359375 0.46875 0.0296875 0.0296875
0 0.28125 0.47421875 0.028125 0.0265625
0 0.29609375 0.453125 0.03125 0.0296875
0 0.1734375 0.4859375 0.0296875 0.0296875
0 0.20390625 0.48046875 0.0296875 0.03125
0 0.15859375 0.46015625 0.025 0.021875
0 0.1875 0.459375 0.0328125 0.028125
0 0.17734375 0.41796875 0.0328125 0.0296875
0 0.20234375 0.43203125 0.028125 0.028125
0 0.26640625 0.421875 0.0328125 0.0296875
0 0.28828125 0.38046875 0.034375 0.0296875
0 0.29921875 0.35078125 0.0328125 0.0296875
0 0.221875 0.1265625 0.0375 0.0265625
0 0.184375 0.15546875 0.0328125 0.0390625
0 0.28125 0.2015625 0.028125 0.0296875
0 0.21484375 0.15234375 0.0328125 0.034375
0 0.26640625 0.21328125 0.0328125 0.03125
0 0.28203125 0.2359375 0.0359375 0.0328125
0 0.2953125 0.2625 0.0328125 0.0328125
0 0.39609375 0.4140625 0.0296875 0.0296875
0 0.38359375 0.43828125 0.0328125 0.0328125
0 0.40703125 0.3859375 0.0328125 0.0296875
0 0.41328125 0.359375 0.0328125 0.0328125
0 0.44453125 0.35390625 0.0265625 0.028125
0 0.4671875 0.33984375 0.0328125 0.0328125
0 0.36640625 0.2453125 0.0375 0.0390625
0 0.40078125 0.2703125 0.034375 0.0359375
0 0.45 0.315625 0.0296875 0.03125
0 0.4796875 0.3140625 0.0328125 0.0328125
0 0.42421875 0.2921875 0.0328125 0.034375
0 0.4703125 0.2828125 0.0328125 0.0359375
0 0.46484375 0.2296875 0.0359375 0.0359375
0 0.503125 0.23359375 0.0359375 0.0390625
0 0.4296875 0.1921875 0.034375 0.0359375
0 0.465625 0.17578125 0.0328125 0.0296875
0 0.49765625 0.1609375 0.034375 0.0390625
0 0.66640625 0.47109375 0.0328125 0.0296875
0 0.68515625 0.44921875 0.034375 0.0328125
0 0.7234375 0.42109375 0.0328125 0.0359375
0 0.6640625 0.36796875 0.0328125 0.0359375
0 0.64921875 0.4046875 0.034375 0.028125
0 0.6609375 0.340625 0.0328125 0.0328125
0 0.6859375 0.34609375 0.03125 0.0328125
0 0.7140625 0.3625 0.0328125 0.0359375
0 0.73125 0.38125 0.0375 0.03125
0 0.71015625 0.28671875 0.0375 0.0328125
0 0.70703125 0.31875 0.0296875 0.0328125
0 0.73359375 0.24140625 0.0390625 0.040625
0 0.6796875 0.31171875 0.0296875 0.034375
0 0.70546875 0.26171875 0.0328125 0.0359375
0 0.73828125 0.2734375 0.0359375 0.0328125
0 0.87734375 0.45625 0.0328125 0.0296875
0 0.90234375 0.36875 0.0375 0.0421875