0 0.5921875 0.22734375 0.028125 0.0421875
0 0.5828125 0.078125 0.03125 0.0390625
0 0.53828125 0.11640625 0.03125 0.0375
0 0.546875 0.05546875 0.03125 0.0390625
0 0.45546875 0.08125 0.03125 0.0328125
0 0.52578125 0.0328125 0.03125 0.0375
0 0.48125 0.0515625 0.028125 0.0375
0 0.4296875 0.09453125 0.03125 0.0359375
0 0.3890625 0.1390625 0.028125 0.0390625
0 0.4203125 0.153125 0.03125 0.0359375
0 0.359375 0.20078125 0.028125 0.0328125
0 0.8296875 0.471875 0.028125 0.034375
0 0.821875 0.50234375 0.0296875 0.0328125
0 0.80234375 0.44765625 0.0296875 0.0328125
0 0.8015625 0.47734375 0.03125 0.0359375
0 0.7859375 0.55078125 0.03125 0.0359375
0 0.77578125 0.584375 0.0328125 0.034375
0 0.8140625 0.53671875 0.0328125 0.0359375
0 0.78125 0.44296875 0.0296875 0.0328125
0 0.7296875 0.45 0.03125 0.0328125
0 0.70078125 0.46796875 0.028125 0.0359375
0 0.71484375 0.43046875 0.03125 0.0390625
0 0.75 0.440625 0.028125 0.0359375
0 0.7484375 0.5 0.025 0.0359375
0 0.72578125 0.50859375 0.0296875 0.040625
0 0.75625 0.5328125 0.03125 0.0328125
0 0.74453125 0.56171875 0.0265625 0.0359375
0 0.7515625 0.63125 0.028125 0.0328125
0 0.75234375 0.6828125 0.0265625 0.0328125
0 0.74140625 0.6578125 0.0265625 0.0265625
0 0.72109375 0.678125 0.03125 0.0390625
0 0.7515625 0.6 0.028125 0.034375
0 0.7265625 0.62421875 0.028125 0.0359375
0 0.70390625 0.65234375 0.025 0.0359375
0 0.68359375 0.634375 0.025 0.034375
0 0.63125 0.35390625 0.03125 0.034375
0 0.65625 0.44140625 0.0296875 0.0359375
0 0.61171875 0.515625 0.028125 0.0359375
0 0.65625 0.55 0.0296875 0.034375
0 0.61953125 0.57890625 0.028125 0.0328125
0 0.63203125 0.6015625 0.028125 0.0359375
0 0.6640625 0.61640625 0.0265625 0.0328125
0 0.66171875 0.64765625 0.025 0.0296875
0 0.665625 0.75390625 0.034375 0.0375
0 0.65703125 0.68203125 0.03125 0.03125
0 0.64453125 0.7125 0.03125 0.0328125
0 0.61328125 0.73359375 0.028125 0.03125
0 0.59921875 0.78359375 0.028125 0.0359375
0 0.609375 0.6703125 0.025 0.0328125
0 0.63828125 0.65859375 0.028125 0.03125
0 0.5671875 0.65625 0.028125 0.0328125
0 0.58671875 0.6828125 0.025 0.0359375
0 0.59453125 0.71171875 0.025 0.0296875
0 0.57734375 0.73359375 0.028125 0.034375
0 0.578125 0.77265625 0.0296875 0.0328125
0 0.61640625 0.846875 0.03125 0.03125
0 0.60625 0.90859375 0.03125 0.03125
0 0.553125 0.8671875 0.03125 0.0328125
0 0.5234375 0.73828125 0.03125 0.0359375
0 0.5125 0.8796875 0.0296875 0.0375
0 0.48046875 0.9328125 0.0265625 0.0328125
0 0.44453125 0.9375 0.03125 0.0359375
0 0.540625 0.4828125 0.0296875 0.0359375
0 0.5296875 0.43671875 0.028125 0.0296875
0 0.50234375 0.4625 0.028125 0.034375
0 0.42109375 0.29296875 0.03125 0.0375
0 0.48515625 0.3109375 0.03125 0.0328125
0 0.453125 0.4 0.025 0.0359375
0 0.46953125 0.35 0.03125 0.0359375
0 0.434375 0.39765625 0.028125 0.034375
0 0.43984375 0.3515625 0.028125 0.03125
0 0.41015625 0.40078125 0.0265625 0.0296875
0 0.40546875 0.43203125 0.0265625 0.028125
0 0.41796875 0.37265625 0.028125 0.0328125
0 0.38671875 0.409375 0.0265625 0.0328125
0 0.384375 0.4421875 0.025 0.0328125
0 0.37578125 0.35546875 0.0328125 0.034375
0 0.29296875 0.28671875 0.028125 0.03125
0 0.2875 0.32109375 0.0296875 0.034375
0 0.3625 0.41328125 0.028125 0.03125
0 0.36171875 0.4515625 0.028125 0.0359375
0 0.39921875 0.5921875 0.0296875 0.0359375
0 0.425 0.59140625 0.0296875 0.0328125
0 0.48359375 0.59921875 0.03125 0.0390625
0 0.39140625 0.55078125 0.0296875 0.0390625
0 0.425 0.5546875 0.028125 0.0390625
0 0.35859375 0.546875 0.0296875 0.0328125
0 0.2390625 0.553125 0.03125 0.0328125
0 0.30703125 0.71484375 0.03125 0.0375
0 0.28671875 0.7 0.0296875 0.0328125
0 0.32890625 0.70234375 0.0265625 0.0359375
0 0.26015625 0.85859375 0.028125 0.0328125
0 0.28515625 0.8484375 0.03125 0.0359375
0 0.346875 0.83671875 0.034375 0.040625
0 0.25 0.8296875 0.028125 0.0328125
0 0.2140625 0.86015625 0.0328125 0.0359375
0 0.165625 0.821875 0.03125 0.0390625
0 0.61328125 0.0765625 0.034375 0.0453125