0 0.728125 0.553125 0.0359375 0.034375
0 0.73671875 0.58671875 0.0328125 0.03125
0 0.73515625 0.62578125 0.034375 0.034375
0 0.70390625 0.59296875 0.034375 0.0328125
0 0.70234375 0.62734375 0.0328125 0.0328125
0 0.71171875 0.66171875 0.0359375 0.0328125
0 0.71875 0.70078125 0.0328125 0.0328125
0 0.68671875 0.71015625 0.0328125 0.03125
0 0.70546875 0.73515625 0.0328125 0.0328125
0 0.67890625 0.67734375 0.0328125 0.0296875
0 0.671875 0.6453125 0.03125 0.0328125
0 0.6734375 0.61015625 0.0296875 0.0328125
0 0.69140625 0.5171875 0.0359375 0.0328125
0 0.69296875 0.54765625 0.0359375 0.03125
0 0.67890625 0.57734375 0.0328125 0.0328125
0 0.653125 0.5546875 0.0328125 0.0328125
0 0.646875 0.58828125 0.0359375 0.0328125
0 0.64140625 0.62734375 0.0328125 0.0328125
0 0.575 0.5125 0.0328125 0.03125
0 0.6921875 0.47578125 0.0328125 0.0328125
0 0.66328125 0.4921875 0.0328125 0.0328125
0 0.65859375 0.525 0.034375 0.0328125
0 0.62734375 0.52265625 0.0328125 0.0375
0 0.62109375 0.55859375 0.0328125 0.03125
0 0.6109375 0.58828125 0.034375 0.0328125
0 0.609375 0.6203125 0.0328125 0.0328125
0 0.58203125 0.6 0.0328125 0.0328125
0 0.58125 0.63515625 0.0328125 0.0328125
0 0.609375 0.65078125 0.03125 0.03125
0 0.640625 0.65859375 0.034375 0.0328125
0 0.678125 0.75234375 0.0328125 0.034375
0 0.66015625 0.72578125 0.034375 0.034375
0 0.65078125 0.690625 0.0328125 0.0328125
0 0.61796875 0.6828125 0.0359375 0.034375
0 0.59921875 0.70703125 0.034375 0.034375
0 0.5859375 0.6734375 0.0328125 0.0328125
0 0.55859375 0.65625 0.0328125 0.0328125
0 0.5390625 0.6828125 0.0328125 0.0328125
0 0.56484375 0.696875 0.034375 0.0328125
0 0.57578125 0.728125 0.0328125 0.0359375
0 0.53984375 0.71796875 0.0359375 0.034375
0 0.63046875 0.78515625 0.034375 0.0359375
0 0.62890625 0.7234375 0.0328125 0.034375
0 0.64453125 0.75390625 0.0328125 0.0328125
0 0.6109375 0.76328125 0.0328125 0.0328125
0 0.596875 0.81015625 0.034375 0.0359375
0 0.57734375 0.76484375 0.0359375 0.0359375
0 0.54296875 0.7609375 0.034375 0.034375
0 0.50546875 0.75078125 0.034375 0.0359375
0 0.634375 0.490625 0.0328125 0.0328125
0 0.65390625 0.45625 0.0359375 0.0328125
0 0.63046875 0.42890625 0.0359375 0.0359375
0 0.59765625 0.43671875 0.0328125 0.0359375
0 0.61015625 0.46875 0.034375 0.0328125
0 0.60390625 0.5 0.0328125 0.0328125
0 0.59765625 0.53359375 0.0328125 0.034375
0 0.58984375 0.56640625 0.0359375 0.0328125
0 0.55546875 0.58046875 0.0359375 0.0328125
0 0.55234375 0.61328125 0.0328125 0.034375
0 0.5328125 0.6359375 0.0328125 0.0328125
0 0.515625 0.66328125 0.0328125 0.0328125
0 0.509375 0.69296875 0.03125 0.03125
0 0.4953125 0.721875 0.03125 0.0328125
0 0.47421875 0.76953125 0.034375 0.0328125
0 0.51953125 0.4953125 0.034375 0.0328125
0 0.51328125 0.528125 0.0328125 0.0296875
0 0.4984375 0.55703125 0.034375 0.0328125
0 0.48984375 0.58671875 0.0328125 0.03125
0 0.56796875 0.54375 0.03125 0.0296875
0 0.58125 0.48125 0.0328125 0.0328125
0 0.55078125 0.49140625 0.034375 0.0328125
0 0.54296875 0.52109375 0.0328125 0.0328125
0 0.5359375 0.55234375 0.0359375 0.0328125
0 0.5234375 0.5875 0.0328125 0.0359375
0 0.50859375 0.6171875 0.03125 0.03125
0 0.490625 0.64609375 0.0328125 0.0359375
0 0.475 0.68046875 0.0359375 0.034375
0 0.475 0.6171875 0.0359375 0.0328125
0 0.45078125 0.646875 0.0328125 0.0328125
0 0.4578125 0.59140625 0.0328125 0.0328125
0 0.434375 0.61328125 0.0328125 0.0328125
0 0.40390625 0.6265625 0.0328125 0.034375
0 0.46015625 0.56015625 0.034375 0.034375
0 0.4796875 0.5296875 0.0359375 0.0359375
0 0.4859375 0.49765625 0.0359375 0.034375
0 0.49921875 0.46953125 0.0328125 0.034375
0 0.534375 0.46328125 0.0359375 0.0328125
0 0.56484375 0.4515625 0.0359375 0.0359375
0 0.65234375 0.3875 0.0359375 0.0359375
0 0.63359375 0.35390625 0.0375 0.0390625
0 0.60859375 0.39375 0.0421875 0.0359375
0 0.5359375 0.334375 0.040625 0.0390625
0 0.571875 0.39921875 0.034375 0.0359375
0 0.53828125 0.40078125 0.0359375 0.0359375
0 0.52265625 0.4328125 0.0375 0.0328125
0 0.4703125 0.39765625 0.0359375 0.0359375
0 0.4546875 0.44375 0.0390625 0.0359375
0 0.39453125 0.16328125 0.040625 0.0421875
0 0.4640625 0.08046875 0.040625 0.04375