0 0.23984375 0.88046875 0.0234375 0.02421875
0 0.81640625 0.81484375 0.0234375 0.02265625
0 0.8875 0.89609375 0.021875 0.0234375
0 0.18984375 0.79375 0.02109375 0.02265625
0 0.3515625 0.86484375 0.02265625 0.025
0 0.175 0.52265625 0.02109375 0.02265625
0 0.1609375 0.45390625 0.021875 0.02265625
0 0.82890625 0.71328125 0.021875 0.021875
0 0.7203125 0.73828125 0.021875 0.021875
0 0.88359375 0.5953125 0.021875 0.021875
0 0.23984375 0.765625 0.021875 0.02265625
0 0.4 0.58125 0.02109375 0.02265625
0 0.71171875 0.80078125 0.02109375 0.02265625
0 0.21171875 0.4625 0.021875 0.02265625
0 0.43125 0.9203125 0.021875 0.02421875
0 0.75859375 0.55234375 0.021875 0.021875
0 0.6109375 0.42890625 0.021875 0.021875
0 0.78671875 0.7140625 0.021875 0.02265625
0 0.3140625 0.4015625 0.021875 0.021875
0 0.21171875 0.7765625 0.02109375 0.0234375
0 0.4109375 0.853125 0.025 0.025
0 0.621875 0.67890625 0.021875 0.02265625
0 0.2734375 0.5171875 0.021875 0.021875
0 0.834375 0.56953125 0.025 0.021875
0 0.71640625 0.71171875 0.0234375 0.0234375
0 0.24609375 0.471875 0.02265625 0.02421875
0 0.8328125 0.6859375 0.021875 0.02265625
0 0.19296875 0.3828125 0.02109375 0.021875
0 0.6265625 0.4984375 0.021875 0.02265625
0 0.74375 0.696875 0.021875 0.02265625
0 0.2296875 0.56328125 0.021875 0.02265625
0 0.30546875 0.78984375 0.021875 0.0234375
0 0.4515625 0.49609375 0.021875 0.02578125
0 0.59765625 0.86328125 0.02109375 0.02421875
0 0.66484375 0.83046875 0.021875 0.02265625
0 0.31015625 0.52109375 0.02265625 0.021875
0 0.29296875 0.7328125 0.021875 0.0234375
0 0.68046875 0.796875 0.02109375 0.021875
0 0.64375 0.83515625 0.02109375 0.021875
0 0.2296875 0.709375 0.02265625 0.025
0 0.28359375 0.5546875 0.02265625 0.02265625
0 0.25625 0.57578125 0.02265625 0.02421875
0 0.84609375 0.63046875 0.02421875 0.02265625
0 0.34765625 0.82734375 0.02109375 0.0234375
0 0.78203125 0.60859375 0.021875 0.0234375
0 0.55 0.85546875 0.0203125 0.021875
0 0.2390625 0.68125 0.021875 0.0234375
0 0.66953125 0.771875 0.021875 0.025
0 0.33125 0.521875 0.02421875 0.02265625
0 0.82890625 0.6109375 0.02265625 0.02265625
0 0.32578125 0.740625 0.021875 0.02265625
0 0.65 0.7921875 0.021875 0.02265625
0 0.5328125 0.5484375 0.021875 0.0234375
0 0.4171875 0.8015625 0.021875 0.0234375
0 0.7875 0.6703125 0.02109375 0.021875
0 0.76875 0.678125 0.025 0.0234375
0 0.5125 0.85 0.02265625 0.02421875
0 0.7984375 0.6375 0.02265625 0.02265625
0 0.4125 0.6375 0.02265625 0.02265625
0 0.3671875 0.8203125 0.021875 0.02578125
0 0.28046875 0.584375 0.021875 0.02265625
0 0.33125 0.79375 0.02265625 0.02421875
0 0.28984375 0.60625 0.02265625 0.02265625
0 0.76328125 0.65546875 0.021875 0.02265625
0 0.36875 0.76015625 0.02265625 0.0234375
0 0.45078125 0.55625 0.021875 0.02265625
0 0.26328125 0.6515625 0.021875 0.0234375
0 0.61875 0.78203125 0.021875 0.0234375
0 0.43828125 0.81875 0.021875 0.0234375
0 0.50078125 0.628125 0.02109375 0.02265625
0 0.7765625 0.63359375 0.021875 0.02265625
0 0.3484375 0.72734375 0.02109375 0.02265625
0 0.275 0.70859375 0.021875 0.021875
0 0.6234375 0.815625 0.021875 0.02421875
0 0.378125 0.78984375 0.0203125 0.02265625
0 0.33125 0.675 0.021875 0.0234375
0 0.4875 0.53359375 0.02265625 0.02421875
0 0.2734375 0.67578125 0.02265625 0.02265625
0 0.65703125 0.63203125 0.021875 0.02421875
0 0.60703125 0.51875 0.02109375 0.02265625
0 0.44453125 0.684375 0.02109375 0.021875
0 0.44921875 0.790625 0.02109375 0.0234375
0 0.5171875 0.26328125 0.02109375 0.021875
0 0.3703125 0.6546875 0.021875 0.02265625
0 0.37578125 0.31015625 0.0234375 0.0234375
0 0.4625 0.53203125 0.02109375 0.02265625
0 0.46171875 0.83671875 0.021875 0.0234375
0 0.353125 0.7859375 0.021875 0.025
0 0.3140625 0.71015625 0.021875 0.02265625
0 0.4359375 0.6578125 0.025 0.02421875
0 0.2546875 0.70234375 0.02265625 0.02421875
0 0.29921875 0.69375 0.0234375 0.025
0 0.68828125 0.571875 0.02265625 0.0234375
0 0.30703125 0.62421875 0.02265625 0.02265625
0 0.4921875 0.56796875 0.02421875 0.02265625
0 0.42890625 0.7625 0.021875 0.0234375
0 0.540625 0.6734375 0.02109375 0.0234375
0 0.41953125 0.6984375 0.02109375 0.02265625
0 0.31171875 0.646875 0.021875 0.02265625
0 0.48984375 0.675 0.02265625 0.0234375
0 0.56484375 0.7140625 0.02265625 0.02421875
0 0.61640625 0.55 0.021875 0.02265625
0 0.375 0.7140625 0.021875 0.02265625
0 0.290625 0.6546875 0.02265625 0.02265625
0 0.62109375 0.6296875 0.02109375 0.02421875
0 0.34765625 0.7046875 0.021875 0.0234375
0 0.5875 0.6671875 0.021875 0.02265625
0 0.525 0.63984375 0.02109375 0.02265625
0 0.571875 0.74140625 0.02265625 0.0234375
0 0.43984375 0.72421875 0.021875 0.0234375
0 0.396875 0.6578125 0.021875 0.025
0 0.5859375 0.77421875 0.021875 0.02421875
0 0.36953125 0.690625 0.021875 0.0234375
0 0.41171875 0.7453125 0.021875 0.02421875
0 0.565625 0.6703125 0.02109375 0.02265625
0 0.3984375 0.68828125 0.02265625 0.0234375
0 0.3921875 0.73359375 0.021875 0.0234375
0 0.28671875 0.6328125 0.02265625 0.0234375
0 0.665625 0.60703125 0.02109375 0.021875
0 0.596875 0.79375 0.02109375 0.02265625
0 0.4609375 0.728125 0.02265625 0.0234375
0 0.66953125 0.55 0.021875 0.0234375
0 0.47265625 0.8125 0.02265625 0.0234375
0 0.54140625 0.7296875 0.021875 0.0234375
0 0.521875 0.590625 0.02109375 0.0234375
0 0.5625 0.83828125 0.0203125 0.02265625
0 0.565625 0.79609375 0.021875 0.0234375
0 0.62734375 0.525 0.021875 0.02421875
0 0.64921875 0.54140625 0.021875 0.0234375
0 0.5984375 0.8171875 0.02109375 0.02265625
0 0.5515625 0.8171875 0.02109375 0.02265625
0 0.4734375 0.55703125 0.02109375 0.021875
0 0.465625 0.75078125 0.0234375 0.0234375
0 0.35390625 0.6703125 0.021875 0.02265625
0 0.5265625 0.7015625 0.02109375 0.0234375
0 0.534375 0.8359375 0.02109375 0.0234375
0 0.55546875 0.5734375 0.0234375 0.0234375
0 0.44296875 0.18671875 0.021875 0.0234375
0 0.4765625 0.7859375 0.021875 0.02265625
0 0.4875 0.6984375 0.02265625 0.02265625
0 0.5140625 0.2359375 0.02109375 0.0234375
0 0.51171875 0.825 0.02109375 0.02265625
0 0.64375 0.60234375 0.021875 0.02265625
0 0.534375 0.78125 0.02109375 0.02265625
0 0.49609375 0.7765625 0.02265625 0.02421875
0 0.5859375 0.840625 0.02109375 0.021875
0 0.53828125 0.615625 0.021875 0.0234375
0 0.490625 0.746875 0.021875 0.0234375
0 0.55859375 0.76796875 0.021875 0.0234375
0 0.48984375 0.83125 0.0234375 0.0234375
0 0.6515625 0.57421875 0.021875 0.02265625
0 0.6203125 0.6 0.021875 0.02265625
0 0.51875 0.7640625 0.021875 0.02421875
0 0.5765625 0.82109375 0.021875 0.0234375
0 0.50625 0.71171875 0.021875 0.02421875
0 0.63046875 0.5765625 0.021875 0.02265625
0 0.45 0.2265625 0.02109375 0.02109375
0 0.528125 0.8125 0.021875 0.02265625
0 0.60234375 0.5828125 0.021875 0.02421875
0 0.4390625 0.11875 0.02109375 0.021875
0 0.4890625 0.72578125 0.02265625 0.0234375
0 0.49453125 0.809375 0.02109375 0.02265625
0 0.5234375 0.21171875 0.02109375 0.0234375
0 0.51484375 0.73515625 0.021875 0.02421875
0 0.475 0.1109375 0.02109375 0.02265625
0 0.56640625 0.64765625 0.02109375 0.02265625
0 0.66875 0.58515625 0.021875 0.021875
0 0.5390625 0.753125 0.021875 0.0234375
0 0.42265625 0.18515625 0.0234375 0.02265625
0 0.4203125 0.1484375 0.02109375 0.021875
0 0.5109375 0.7921875 0.02265625 0.0234375
0 0.44921875 0.20703125 0.0203125 0.021875
0 0.56328125 0.60703125 0.021875 0.02265625
0 0.54375 0.59296875 0.021875 0.02265625
0 0.5875 0.64375 0.021875 0.02265625
0 0.590625 0.6234375 0.0234375 0.0234375
0 0.5890625 0.60234375 0.021875 0.02265625
0 0.5578125 0.628125 0.021875 0.0234375
0 0.3953125 0.19921875 0.02265625 0.0234375
0 0.49375 0.22890625 0.02265625 0.0265625
0 0.5734375 0.5875 0.0234375 0.025