0 0.00390625 0.58125 0.0078125 0.0375
0 0.040625 0.42109375 0.0328125 0.03125
0 0.06875 0.36171875 0.0328125 0.0296875
0 0.1 0.3625 0.0328125 0.0328125
0 0.09140625 0.34296875 0.03125 0.0265625
0 0.0859375 0.32109375 0.0296875 0.0296875
0 0.1125 0.32578125 0.03125 0.028125
0 0.371875 0.675 0.0359375 0.0328125
0 0.3765625 0.7015625 0.0390625 0.034375
0 0.38359375 0.73125 0.0328125 0.0359375
0 0.4140625 0.72890625 0.0359375 0.0328125
0 0.4140625 0.70078125 0.0359375 0.0328125
0 0.45859375 0.7140625 0.0421875 0.0375
0 0.48984375 0.81640625 0.0375 0.0390625
0 0.5390625 0.8875 0.0390625 0.0390625
0 0.6390625 0.87734375 0.0375 0.0375
0 0.1640625 0.5546875 0.0359375 0.0296875
0 0.17890625 0.53203125 0.0328125 0.0296875
0 0.18515625 0.47265625 0.0328125 0.0296875
0 0.19375 0.45 0.0328125 0.03125
0 0.1859375 0.49765625 0.0296875 0.0328125
0 0.209375 0.51640625 0.0328125 0.0296875
0 0.2140625 0.49296875 0.03125 0.0265625
0 0.2140625 0.46875 0.034375 0.0328125
0 0.1828125 0.771875 0.0375 0.0421875
0 0.1125 0.66015625 0.0359375 0.0328125
0 0.13984375 0.7125 0.0390625 0.034375
0 0.14453125 0.675 0.0359375 0.0328125
0 0.16171875 0.65078125 0.0359375 0.0328125
0 0.2046875 0.56796875 0.0328125 0.0328125
0 0.21015625 0.6046875 0.0328125 0.03125
0 0.26171875 0.65234375 0.0359375 0.0359375
0 0.23515625 0.6265625 0.0359375 0.03125
0 0.240625 0.60078125 0.0328125 0.0296875
0 0.22578125 0.5828125 0.028125 0.028125
0 0.240625 0.559375 0.0328125 0.03125
0 0.2625 0.584375 0.0296875 0.0296875
0 0.2671875 0.5578125 0.0359375 0.0328125
0 0.22421875 0.4015625 0.0296875 0.03125
0 0.24609375 0.3859375 0.028125 0.0265625
0 0.26484375 0.36328125 0.028125 0.028125
0 0.259375 0.403125 0.03125 0.0296875
0 0.2734375 0.38203125 0.03125 0.0265625
0 0.28984375 0.3640625 0.0296875 0.0296875
0 0.2625 0.4359375 0.0328125 0.03125
0 0.26171875 0.490625 0.034375 0.0359375
0 0.2796875 0.465625 0.0328125 0.03125
0 0.28828125 0.43203125 0.0296875 0.0296875
0 0.3140625 0.421875 0.03125 0.0296875
0 0.29453125 0.48828125 0.028125 0.028125
0 0.3078125 0.46640625 0.028125 0.0265625
0 0.31953125 0.44453125 0.028125 0.028125
0 0.29453125 0.53515625 0.0328125 0.0296875
0 0.31171875 0.575 0.0328125 0.0296875
0 0.315625 0.54765625 0.0328125 0.0328125
0 0.31484375 0.51484375 0.03125 0.0296875
0 0.33671875 0.4953125 0.0328125 0.0296875
0 0.33515625 0.47109375 0.0296875 0.0265625
0 0.34453125 0.44765625 0.03125 0.0296875
0 0.340625 0.4234375 0.028125 0.028125
0 0.3140625 0.36875 0.0265625 0.025
0 0.3328125 0.38828125 0.0328125 0.0296875
0 0.35234375 0.403125 0.03125 0.0296875
0 0.35859375 0.35078125 0.0328125 0.0296875
0 0.3609375 0.46875 0.028125 0.028125
0 0.37109375 0.51796875 0.0296875 0.0296875
0 0.36796875 0.49375 0.028125 0.028125
0 0.38515625 0.471875 0.0296875 0.0296875
0 0.4 0.38671875 0.03125 0.03125
0 0.45234375 0.39296875 0.0296875 0.0328125
0 0.421875 0.434375 0.0328125 0.0296875
0 0.4421875 0.42109375 0.0296875 0.0296875
0 0.38984375 0.54921875 0.0328125 0.0328125
0 0.42890625 0.5 0.0359375 0.0328125
0 0.446875 0.47421875 0.0296875 0.0296875
0 0.4953125 0.46171875 0.0359375 0.0328125
0 0.5265625 0.4265625 0.0296875 0.03125
0 0.53203125 0.45234375 0.028125 0.0265625
0 0.49609375 0.5140625 0.03125 0.0296875
0 0.51328125 0.49921875 0.028125 0.028125
0 0.4546875 0.53359375 0.0296875 0.03125
0 0.4796875 0.53359375 0.03125 0.03125
0 0.49765625 0.5484375 0.03125 0.0296875
0 0.51796875 0.53046875 0.028125 0.028125
0 0.53046875 0.55078125 0.03125 0.0296875
0 0.53828125 0.5 0.0296875 0.0296875
0 0.54921875 0.525 0.0328125 0.0296875
0 0.56328125 0.478125 0.028125 0.0265625
0 0.5671875 0.45546875 0.028125 0.0265625
0 0.5640625 0.5015625 0.0296875 0.0296875
0 0.5609375 0.55 0.03125 0.0328125
0 0.584375 0.53984375 0.0296875 0.0296875
0 0.58515625 0.5171875 0.028125 0.0265625
0 0.64453125 0.43203125 0.028125 0.0265625
0 0.659375 0.415625 0.028125 0.0265625
0 0.65703125 0.45 0.025 0.025
0 0.6734375 0.43359375 0.028125 0.0265625
0 0.59765625 0.49921875 0.028125 0.0265625
0 0.60859375 0.47265625 0.0296875 0.0296875
0 0.63125 0.478125 0.0265625 0.028125
0 0.62265625 0.50546875 0.0296875 0.0296875
0 0.64609375 0.49921875 0.0265625 0.025
0 0.6578125 0.4796875 0.028125 0.0265625
0 0.659375 0.53046875 0.0328125 0.0296875
0 0.6703125 0.50703125 0.028125 0.0265625
0 0.68125 0.4609375 0.03125 0.0265625
0 0.703125 0.45234375 0.028125 0.0265625
0 0.69296875 0.4859375 0.0296875 0.028125
0 0.690625 0.5265625 0.028125 0.0265625
0 0.71640625 0.53671875 0.028125 0.028125
0 0.68671875 0.5484375 0.0296875 0.028125
0 0.7109375 0.55859375 0.028125 0.0265625
0 0.6796875 0.58046875 0.0296875 0.0296875
0 0.70625 0.5828125 0.03125 0.028125
0 0.640625 0.65078125 0.0296875 0.0328125
0 0.6625 0.634375 0.028125 0.028125
0 0.690625 0.625 0.03125 0.0296875
0 0.7046875 0.6078125 0.03125 0.028125
0 0.65390625 0.7421875 0.034375 0.0328125
0 0.64296875 0.70703125 0.034375 0.0328125
0 0.66640625 0.69609375 0.034375 0.0328125
0 0.68046875 0.7234375 0.0328125 0.0328125
0 0.6953125 0.68203125 0.0328125 0.03125
0 0.7171875 0.71640625 0.03125 0.03125
0 0.7546875 0.7546875 0.0328125 0.0328125
0 0.74375 0.728125 0.0328125 0.0296875
0 0.74140625 0.7 0.0328125 0.03125
0 0.71484375 0.6390625 0.03125 0.0296875
0 0.7296875 0.6171875 0.0296875 0.0296875
0 0.74375 0.646875 0.0296875 0.0296875
0 0.75390625 0.62421875 0.0296875 0.0296875
0 0.76875 0.6546875 0.0328125 0.0296875
0 0.77890625 0.621875 0.0296875 0.0296875
0 0.75078125 0.57265625 0.028125 0.028125
0 0.746875 0.5484375 0.03125 0.0265625
0 0.7359375 0.52578125 0.028125 0.028125
0 0.71171875 0.51328125 0.028125 0.0265625
0 0.71640625 0.490625 0.028125 0.0265625
0 0.73671875 0.47578125 0.028125 0.0265625
0 0.740625 0.50234375 0.0296875 0.0265625
0 0.759375 0.51875 0.0296875 0.0265625
0 0.76484375 0.4578125 0.0296875 0.0296875
0 0.78828125 0.4640625 0.028125 0.0265625
0 0.8109375 0.47890625 0.028125 0.0265625
0 0.8234375 0.4609375 0.028125 0.028125
0 0.82265625 0.68828125 0.0328125 0.03125
0 0.85703125 0.6984375 0.03125 0.0265625
0 0.88046875 0.675 0.0328125 0.03125
0 0.9 0.66171875 0.03125 0.028125
0 0.82890625 0.596875 0.0328125 0.0296875
0 0.8765625 0.61171875 0.03125 0.028125
0 0.903125 0.6109375 0.03125 0.0296875
0 0.85859375 0.48046875 0.028125 0.0265625
0 0.8734375 0.46640625 0.028125 0.0265625
0 0.8734375 0.50078125 0.0296875 0.0296875
0 0.89140625 0.484375 0.028125 0.0265625
0 0.8546875 0.52421875 0.03125 0.028125
0 0.86875 0.5484375 0.0296875 0.028125
0 0.8890625 0.53046875 0.0296875 0.0265625
0 0.89609375 0.565625 0.028125 0.0265625
0 0.9109375 0.546875 0.0296875 0.028125