0 0.60546875 0.1046875 0.02109375 0.01796875
0 0.60625 0.1234375 0.021875 0.01875
0 0.5859375 0.1125 0.02265625 0.01953125
0 0.5671875 0.1 0.025 0.01875
0 0.5703125 0.12109375 0.02421875 0.01875
0 0.5078125 0.08984375 0.025 0.0203125
0 0.36640625 0.08203125 0.0234375 0.02265625
0 0.3078125 0.16640625 0.021875 0.01953125
0 0.403125 0.1875 0.021875 0.0234375
0 0.4265625 0.196875 0.02421875 0.0171875
0 0.48046875 0.1921875 0.02265625 0.01875
0 0.459375 0.19609375 0.02265625 0.01796875
0 0.4453125 0.2140625 0.025 0.021875
0 0.4671875 0.2140625 0.02109375 0.021875
0 0.48984375 0.2125 0.021875 0.0234375
0 0.50390625 0.1953125 0.02265625 0.0203125
0 0.21796875 0.225 0.02578125 0.02265625
0 0.26484375 0.18984375 0.02578125 0.0234375
0 0.296875 0.18828125 0.02421875 0.01953125
0 0.3203125 0.196875 0.02265625 0.0203125
0 0.38671875 0.23359375 0.021875 0.01953125
0 0.396875 0.21640625 0.0234375 0.01953125
0 0.3640625 0.225 0.021875 0.0203125
0 0.325 0.26796875 0.02734375 0.02265625
0 0.34609375 0.24453125 0.02265625 0.021875
0 0.36953125 0.246875 0.0234375 0.0203125
0 0.38828125 0.2609375 0.021875 0.01953125
0 0.4078125 0.23984375 0.02421875 0.0203125
0 0.41171875 0.26171875 0.02578125 0.02421875
0 0.4015625 0.29609375 0.02421875 0.021875
0 0.43671875 0.278125 0.0234375 0.0203125
0 0.4265625 0.296875 0.02578125 0.02421875
0 0.459375 0.2921875 0.0234375 0.02109375
0 0.48046875 0.3078125 0.0234375 0.021875
0 0.47578125 0.2484375 0.02578125 0.02421875
0 0.4828125 0.27265625 0.02265625 0.02265625
0 0.50234375 0.259375 0.02421875 0.0203125
0 0.50546875 0.28125 0.02265625 0.02265625
0 0.53046875 0.24375 0.02578125 0.02109375
0 0.5375 0.26171875 0.0265625 0.01953125
0 0.528125 0.2859375 0.02265625 0.01875
0 0.55078125 0.2796875 0.02421875 0.021875
0 0.5546875 0.21171875 0.0234375 0.02109375
0 0.571875 0.22578125 0.02265625 0.0203125
0 0.559375 0.23828125 0.025 0.02109375
0 0.58046875 0.2453125 0.025 0.021875
0 0.59921875 0.23671875 0.025 0.01953125
0 0.60390625 0.25546875 0.021875 0.01875
0 0.60546875 0.275 0.02421875 0.01953125
0 0.58828125 0.290625 0.0265625 0.021875
0 0.63203125 0.3078125 0.02421875 0.02265625
0 0.60546875 0.3484375 0.02734375 0.025
0 0.57734375 0.309375 0.0234375 0.02421875
0 0.50390625 0.303125 0.02265625 0.0203125
0 0.5296875 0.30546875 0.025 0.02265625
0 0.5546875 0.30234375 0.02265625 0.02265625
0 0.5125 0.3234375 0.025 0.02265625
0 0.4890625 0.3328125 0.02421875 0.01875
0 0.51171875 0.34375 0.025 0.02109375
0 0.4640625 0.3359375 0.0234375 0.0234375
0 0.43359375 0.35546875 0.028125 0.0234375
0 0.490625 0.38359375 0.02421875 0.0234375
0 0.51953125 0.3953125 0.025 0.021875
0 0.5578125 0.3703125 0.025 0.0234375
0 0.57421875 0.38671875 0.025 0.02265625
0 0.6078125 0.39375 0.025 0.021875
0 0.540625 0.4375 0.0265625 0.02734375
0 0.584375 0.465625 0.02734375 0.02578125
0 0.559375 0.47265625 0.025 0.0234375
0 0.5625 0.50625 0.02734375 0.0265625
0 0.51015625 0.50625 0.02890625 0.0265625
0 0.53671875 0.50390625 0.02421875 0.025
0 0.5078125 0.48125 0.0265625 0.0234375
0 0.50390625 0.4578125 0.0265625 0.025
0 0.4828125 0.44296875 0.0234375 0.025
0 0.45859375 0.40703125 0.025 0.0203125
0 0.4625 0.42890625 0.0265625 0.02265625
0 0.45 0.44921875 0.02578125 0.025
0 0.4734375 0.4640625 0.02578125 0.025
0 0.48359375 0.49296875 0.0265625 0.02578125
0 0.4515625 0.478125 0.02421875 0.0234375
0 0.4578125 0.50703125 0.02578125 0.02734375
0 0.47109375 0.52890625 0.0265625 0.02890625
0 0.496875 0.528125 0.02734375 0.025
0 0.51953125 0.540625 0.02890625 0.02421875
0 0.5515625 0.54921875 0.02890625 0.025
0 0.54921875 0.57421875 0.02734375 0.025
0 0.515625 0.56484375 0.03203125 0.025
0 0.5296875 0.58828125 0.02578125 0.02421875
0 0.4953125 0.60625 0.0296875 0.0296875
0 0.5234375 0.6140625 0.02734375 0.02578125
0 0.5546875 0.6 0.02734375 0.0265625
0 0.60703125 0.58359375 0.02578125 0.0265625
0 0.6328125 0.5984375 0.02578125 0.02734375
0 0.5875 0.59921875 0.02734375 0.025
0 0.61171875 0.615625 0.02734375 0.028125
0 0.58046875 0.621875 0.02578125 0.02890625
0 0.553125 0.640625 0.02890625 0.02890625
0 0.596875 0.6484375 0.02734375 0.02734375
0 0.3125 0.35234375 0.02421875 0.02578125
0 0.28828125 0.35703125 0.02578125 0.02421875
0 0.2625 0.36640625 0.028125 0.02109375
0 0.265625 0.390625 0.02578125 0.025
0 0.29140625 0.38828125 0.02578125 0.02578125
0 0.2828125 0.42734375 0.0265625 0.0265625
0 0.18671875 0.46015625 0.0296875 0.0265625
0 0.12109375 0.5078125 0.0296875 0.02890625
0 0.12734375 0.60078125 0.0328125 0.0328125
0 0.2640625 0.609375 0.02890625 0.0296875
0 0.3015625 0.5953125 0.02890625 0.028125
0 0.31328125 0.61875 0.03125 0.03125
0 0.28671875 0.6359375 0.02890625 0.03203125
0 0.29609375 0.6734375 0.0296875 0.03125
0 0.2578125 0.71953125 0.03203125 0.034375
0 0.2859375 0.7046875 0.03203125 0.03046875
0 0.315625 0.70078125 0.03203125 0.03203125
0 0.33125 0.65 0.02890625 0.0296875
0 0.3578125 0.5921875 0.02734375 0.02734375
0 0.38046875 0.61328125 0.02890625 0.028125
0 0.44140625 0.62890625 0.02890625 0.02734375
0 0.478125 0.634375 0.028125 0.0265625
0 0.50546875 0.6390625 0.028125 0.028125
0 0.52421875 0.66171875 0.028125 0.02734375
0 0.553125 0.6671875 0.02578125 0.02734375
0 0.4984375 0.6671875 0.02421875 0.02734375
0 0.47109375 0.66328125 0.0265625 0.03125
0 0.41484375 0.65703125 0.02734375 0.0296875
0 0.44375 0.65625 0.02734375 0.03046875
0 0.3921875 0.6421875 0.02890625 0.028125
0 0.38125 0.6703125 0.02734375 0.02890625
0 0.40625 0.68515625 0.02734375 0.0296875
0 0.37578125 0.7015625 0.02734375 0.028125
0 0.4015625 0.7125 0.028125 0.02890625
0 0.36796875 0.73046875 0.0296875 0.03203125
0 0.4078125 0.7421875 0.03046875 0.03125
0 0.4625 0.7078125 0.03046875 0.03203125
0 0.4890625 0.7015625 0.0296875 0.03046875
0 0.51484375 0.68828125 0.02890625 0.03046875
0 0.52890625 0.7171875 0.03125 0.0328125
0 0.5453125 0.69296875 0.02890625 0.0296875
0 0.57734375 0.6890625 0.03125 0.03046875
0 0.60390625 0.71953125 0.03125 0.03046875
0 0.60234375 0.75078125 0.0296875 0.03203125
0 0.590625 0.77734375 0.0296875 0.03203125
0 0.615625 0.7953125 0.0296875 0.03359375
0 0.6234375 0.8609375 0.03046875 0.03515625
0 0.6 0.8421875 0.0359375 0.03515625
0 0.57421875 0.8625 0.03125 0.0328125
0 0.603125 0.884375 0.03359375 0.03671875
0 0.540625 0.88359375 0.03203125 0.0328125
0 0.53984375 0.8359375 0.02890625 0.03671875
0 0.5140625 0.85703125 0.03046875 0.03359375
0 0.44609375 0.8015625 0.03046875 0.034375
0 0.33671875 0.7953125 0.03125 0.0328125
0 0.32734375 0.83828125 0.02890625 0.034375
0 0.35625 0.86796875 0.0328125 0.034375
0 0.37734375 0.8921875 0.0328125 0.03359375
0 0.4359375 0.86328125 0.03671875 0.0328125
0 0.440625 0.89921875 0.03125 0.034375
0 0.49609375 0.8921875 0.03125 0.03125
0 0.5234375 0.9109375 0.0328125 0.03671875