0 0.2796875 0.36796875 0.0390625 0.03125
0 0.3046875 0.38515625 0.034375 0.0296875
0 0.20234375 0.371875 0.04375 0.03125
0 0.33828125 0.38046875 0.0375 0.028125
0 0.25546875 0.4140625 0.034375 0.03125
0 0.2234375 0.3984375 0.0359375 0.03125
0 0.28515625 0.40625 0.0375 0.03125
0 0.53125 0.31328125 0.0375 0.028125
0 0.4921875 0.31796875 0.040625 0.03125
0 0.4515625 0.31796875 0.040625 0.03125
0 0.43046875 0.3546875 0.040625 0.0328125
0 0.390625 0.359375 0.04375 0.0328125
0 0.37109375 0.3859375 0.0375 0.028125
0 0.34375 0.40546875 0.0375 0.028125
0 0.22421875 0.4421875 0.040625 0.028125
0 0.31484375 0.4203125 0.034375 0.028125
0 0.25390625 0.45625 0.0375 0.028125
0 0.1890625 0.453125 0.0390625 0.0296875
0 0.2796875 0.44375 0.03125 0.03125
0 0.2265625 0.48046875 0.0375 0.028125
0 0.2890625 0.4671875 0.034375 0.028125
0 0.2609375 0.47734375 0.0375 0.028125
0 0.415625 0.39921875 0.0375 0.03125
0 0.55625 0.353125 0.0421875 0.0328125
0 0.55703125 0.38125 0.040625 0.03125
0 0.490625 0.4046875 0.0375 0.028125
0 0.4515625 0.39296875 0.040625 0.028125
0 0.31171875 0.44375 0.0375 0.028125
0 0.56015625 0.41484375 0.0375 0.028125
0 0.4765625 0.43125 0.0375 0.03125
0 0.3484375 0.4359375 0.0375 0.028125
0 0.5453125 0.4375 0.0359375 0.025
0 0.33984375 0.45859375 0.0375 0.0296875
0 0.56953125 0.45390625 0.0375 0.028125
0 0.33515625 0.47890625 0.0328125 0.025
0 0.52109375 0.46171875 0.0375 0.028125
0 0.30859375 0.48671875 0.034375 0.028125
0 0.37421875 0.4671875 0.0375 0.028125
0 0.28671875 0.50234375 0.034375 0.0265625
0 0.35625 0.496875 0.034375 0.028125
0 0.25234375 0.49921875 0.040625 0.028125
0 0.4 0.490625 0.0296875 0.025
0 0.33125 0.5046875 0.0296875 0.025
0 0.434375 0.49375 0.0375 0.028125
0 0.31484375 0.5234375 0.0359375 0.025
0 0.41015625 0.51484375 0.0375 0.028125
0 0.32265625 0.5546875 0.0328125 0.0265625
0 0.46640625 0.5265625 0.0359375 0.0265625
0 0.50078125 0.5140625 0.034375 0.028125
0 0.49765625 0.53828125 0.0328125 0.0265625
0 0.5484375 0.5109375 0.0328125 0.0265625
0 0.5296875 0.53671875 0.0328125 0.025
0 0.51171875 0.559375 0.0328125 0.025
0 0.540625 0.55703125 0.0328125 0.025
0 0.53984375 0.5875 0.0375 0.028125
0 0.571875 0.553125 0.03125 0.028125
0 0.5609375 0.5765625 0.03125 0.025
0 0.60390625 0.55078125 0.0359375 0.025
0 0.59375 0.57109375 0.0328125 0.025
0 0.640625 0.54921875 0.0359375 0.025
0 0.63203125 0.5671875 0.0328125 0.021875
0 0.61328125 0.5875 0.0328125 0.021875
0 0.58359375 0.59375 0.03125 0.0265625
0 0.64609375 0.5828125 0.03125 0.0234375
0 0.62421875 0.60625 0.03125 0.025
0 0.690625 0.60234375 0.034375 0.0265625
0 0.65625 0.6046875 0.0328125 0.0265625
0 0.70390625 0.584375 0.0328125 0.025
0 0.6734375 0.62890625 0.0328125 0.028125
0 0.70390625 0.62265625 0.03125 0.025
0 0.73125 0.603125 0.0328125 0.025
0 0.703125 0.64375 0.0296875 0.025
0 0.6828125 0.659375 0.0296875 0.0265625
0 0.71953125 0.6640625 0.0390625 0.025
0 0.73125 0.6328125 0.034375 0.0234375
0 0.7515625 0.61796875 0.0328125 0.025
0 0.78671875 0.5890625 0.0375 0.028125
0 0.78671875 0.62421875 0.0296875 0.021875
0 0.7640625 0.63671875 0.03125 0.025
0 0.74375 0.65546875 0.0328125 0.0265625
0 0.80234375 0.64140625 0.03125 0.0234375
0 0.778125 0.65859375 0.0328125 0.025
0 0.825 0.65859375 0.0296875 0.021875
0 0.79765625 0.671875 0.0328125 0.025
0 0.859375 0.66640625 0.0359375 0.025
0 0.92734375 0.6078125 0.0390625 0.028125
0 0.83671875 0.70703125 0.0296875 0.025
0 0.8296875 0.72890625 0.0328125 0.0234375
0 0.9109375 0.63671875 0.0359375 0.0265625
0 0.8578125 0.721875 0.0296875 0.025
0 0.92421875 0.66796875 0.0328125 0.025
0 0.88515625 0.72265625 0.0328125 0.025
0 0.9359375 0.68828125 0.0359375 0.021875
0 0.91640625 0.71171875 0.034375 0.025
0 0.88203125 0.7421875 0.0328125 0.021875
0 0.85859375 0.753125 0.0296875 0.025
0 0.83046875 0.74921875 0.028125 0.0234375
0 0.5109375 0.3484375 0.034375 0.034375
0 0.52890625 0.346875 0.025 0.0296875