0 0.5453125 0.4390625 0.0140625 0.01015625
0 0.55234375 0.446875 0.01328125 0.009375
0 0.5765625 0.453125 0.015625 0.01015625
0 0.578125 0.465625 0.01328125 0.01015625
0 0.59375 0.4640625 0.0140625 0.0109375
0 0.55859375 0.4765625 0.0125 0.0109375
0 0.56953125 0.48203125 0.01484375 0.009375
0 0.53828125 0.446875 0.0125 0.00859375
0 0.4984375 0.4171875 0.0125 0.0109375
0 0.503125 0.44140625 0.015625 0.0109375
0 0.50859375 0.4578125 0.01171875 0.01015625
0 0.50078125 0.4671875 0.01328125 0.00859375
0 0.49765625 0.4765625 0.01171875 0.01015625
0 0.48828125 0.48203125 0.01171875 0.01015625
0 0.478125 0.4875 0.0109375 0.00859375
0 0.465625 0.47265625 0.0125 0.009375
0 0.46640625 0.484375 0.01171875 0.0109375
0 0.4796875 0.5 0.01328125 0.01015625
0 0.49296875 0.51015625 0.01328125 0.009375
0 0.49765625 0.5203125 0.0125 0.01015625
0 0.5484375 0.4984375 0.01328125 0.0109375
0 0.559375 0.5265625 0.01328125 0.01171875
0 0.57421875 0.53984375 0.01328125 0.009375
0 0.61328125 0.53203125 0.0140625 0.0109375
0 0.3296875 0.515625 0.01484375 0.01171875
0 0.33125 0.528125 0.0125 0.01015625
0 0.31484375 0.5515625 0.01328125 0.01015625
0 0.32265625 0.54375 0.01171875 0.009375
0 0.34765625 0.54375 0.0125 0.01015625
0 0.35859375 0.55078125 0.0109375 0.009375
0 0.36484375 0.56015625 0.01171875 0.009375
0 0.35078125 0.565625 0.0125 0.009375
0 0.31953125 0.56328125 0.0109375 0.00859375
0 0.34140625 0.5703125 0.0109375 0.00859375
0 0.35234375 0.57578125 0.0109375 0.00859375
0 0.32890625 0.57109375 0.0125 0.0078125
0 0.32890625 0.58046875 0.01171875 0.009375
0 0.33671875 0.5875 0.01171875 0.009375
0 0.3484375 0.58671875 0.0109375 0.01015625
0 0.42734375 0.4875 0.01484375 0.01015625
0 0.428125 0.4984375 0.01328125 0.009375
0 0.41796875 0.5140625 0.0125 0.01015625
0 0.43203125 0.51953125 0.0125 0.009375
0 0.440625 0.5125 0.01328125 0.01015625
0 0.45390625 0.53203125 0.01171875 0.009375
0 0.4703125 0.5421875 0.0125 0.00859375
0 0.4453125 0.54375 0.0125 0.01015625
0 0.4609375 0.546875 0.01171875 0.009375
0 0.38984375 0.53203125 0.01171875 0.0078125
0 0.37734375 0.5296875 0.0125 0.0078125
0 0.37890625 0.51875 0.0125 0.009375
0 0.3796875 0.53828125 0.01171875 0.00859375
0 0.3921875 0.54140625 0.0109375 0.0078125
0 0.40078125 0.55 0.0109375 0.00859375
0 0.39375 0.5484375 0.01015625 0.00859375
0 0.41015625 0.5578125 0.01171875 0.00859375
0 0.3828125 0.5828125 0.01328125 0.00859375
0 0.3921875 0.5765625 0.01328125 0.01015625
0 0.4015625 0.5828125 0.0125 0.00859375
0 0.4078125 0.590625 0.01171875 0.009375
0 0.4203125 0.58984375 0.01328125 0.00859375
0 0.44375 0.57734375 0.01171875 0.009375
0 0.43203125 0.57421875 0.0125 0.00859375
0 0.4375 0.5671875 0.0125 0.009375
0 0.446875 0.565625 0.009375 0.00625
0 0.4515625 0.56796875 0.0109375 0.00703125
0 0.46484375 0.565625 0.0109375 0.009375
0 0.484375 0.5703125 0.0125 0.009375
0 0.490625 0.57890625 0.0125 0.00859375
0 0.5078125 0.540625 0.00859375 0.0078125
0 0.50234375 0.5328125 0.0109375 0.009375
0 0.4953125 0.5453125 0.0109375 0.00859375
0 0.50078125 0.53984375 0.0109375 0.0078125
0 0.48515625 0.55390625 0.01171875 0.01015625
0 0.5109375 0.5578125 0.00703125 0.00859375
0 0.503125 0.55859375 0.0078125 0.0078125
0 0.4953125 0.56015625 0.0125 0.00859375
0 0.51484375 0.5484375 0.01171875 0.00859375
0 0.51953125 0.559375 0.01171875 0.009375
0 0.53203125 0.55703125 0.0109375 0.00859375
0 0.5484375 0.5578125 0.009375 0.00859375
0 0.55703125 0.56015625 0.01171875 0.00859375
0 0.57890625 0.5703125 0.0125 0.009375
0 0.55078125 0.56953125 0.0109375 0.00859375
0 0.5125 0.56796875 0.01015625 0.0078125
0 0.52890625 0.5703125 0.0109375 0.0078125
0 0.54296875 0.57734375 0.01171875 0.00703125
0 0.52265625 0.5734375 0.01171875 0.0078125
0 0.53984375 0.57109375 0.01015625 0.0078125
0 0.5140625 0.5796875 0.01171875 0.009375
0 0.53125 0.58046875 0.0109375 0.0078125
0 0.54375 0.58515625 0.01171875 0.0078125
0 0.5296875 0.58984375 0.0125 0.00859375
0 0.56015625 0.59296875 0.01328125 0.01015625
0 0.521875 0.59765625 0.01171875 0.01015625
0 0.5390625 0.61328125 0.01171875 0.0109375
0 0.45234375 0.6375 0.01328125 0.009375
0 0.4578125 0.628125 0.0109375 0.009375