0 0.565625 0.7859375 0.0265625 0.0265625
0 0.5578125 0.76328125 0.0234375 0.025
0 0.6 0.7640625 0.0203125 0.0234375
0 0.6125 0.7890625 0.0203125 0.0234375
0 0.6015625 0.80859375 0.025 0.0234375
0 0.58671875 0.79375 0.0234375 0.0203125
0 0.57734375 0.75703125 0.021875 0.0234375
0 0.58671875 0.778125 0.0234375 0.0140625
0 0.63359375 0.7984375 0.025 0.0234375
0 0.62109375 0.75703125 0.0234375 0.025
0 0.62890625 0.7734375 0.021875 0.0234375
0 0.61015625 0.7453125 0.0203125 0.0203125
0 0.6609375 0.7484375 0.0234375 0.0234375
0 0.65859375 0.72109375 0.0265625 0.0234375
0 0.68515625 0.71953125 0.0234375 0.0234375
0 0.75390625 0.7140625 0.021875 0.0234375
0 0.73515625 0.70390625 0.0234375 0.0265625
0 0.70546875 0.70703125 0.0234375 0.0265625
0 0.6890625 0.69765625 0.0171875 0.0234375
0 0.715625 0.69453125 0.0171875 0.0265625
0 0.884375 0.7265625 0.0203125 0.0265625
0 0.878125 0.75 0.021875 0.021875
0 0.90078125 0.72421875 0.015625 0.0265625
0 0.853125 0.6796875 0.025 0.0265625
0 0.83046875 0.6984375 0.0203125 0.021875
0 0.8125 0.6828125 0.0265625 0.0234375
0 0.74375 0.66328125 0.025 0.0234375
0 0.67734375 0.65859375 0.0234375 0.0265625
0 0.65859375 0.66953125 0.0203125 0.0265625
0 0.6375 0.67109375 0.0234375 0.0265625
0 0.61640625 0.67734375 0.021875 0.0265625
0 0.59921875 0.70078125 0.0234375 0.0296875
0 0.5578125 0.73984375 0.0234375 0.025
0 0.53671875 0.7578125 0.0234375 0.0234375
0 0.51953125 0.7703125 0.025 0.0234375
0 0.50703125 0.8203125 0.0234375 0.0265625
0 0.53515625 0.7140625 0.021875 0.025
0 0.5125 0.71015625 0.0234375 0.0265625
0 0.521875 0.67578125 0.0234375 0.0265625
0 0.50703125 0.65703125 0.0296875 0.025
0 0.53984375 0.63203125 0.0265625 0.0265625
0 0.51640625 0.63046875 0.0234375 0.0265625
0 0.478125 0.64296875 0.0265625 0.0234375
0 0.478125 0.66640625 0.0234375 0.0234375
0 0.4984375 0.67734375 0.0203125 0.0265625
0 0.490625 0.69609375 0.0234375 0.021875
0 0.46953125 0.68671875 0.0265625 0.025
0 0.49140625 0.71953125 0.021875 0.025
0 0.46796875 0.7125 0.0234375 0.0265625
0 0.4453125 0.709375 0.0234375 0.0265625
0 0.415625 0.70546875 0.0265625 0.0265625
0 0.45390625 0.66171875 0.025 0.025
0 0.4296875 0.66875 0.0265625 0.0234375
0 0.4421875 0.62890625 0.0265625 0.0234375
0 0.38984375 0.628125 0.0234375 0.025
0 0.18984375 0.68125 0.0265625 0.0265625
0 0.16328125 0.67890625 0.0265625 0.028125
0 0.203125 0.6609375 0.025 0.025
0 0.1859375 0.64375 0.0234375 0.0234375
0 0.2109375 0.59296875 0.0265625 0.025
0 0.2 0.5671875 0.025 0.0265625
0 0.23984375 0.54140625 0.0265625 0.0234375
0 0.3546875 0.61171875 0.0234375 0.025
0 0.3375 0.60546875 0.0140625 0.0265625
0 0.36796875 0.61484375 0.0140625 0.0234375
0 0.321875 0.61953125 0.0234375 0.021875
0 0.35078125 0.578125 0.025 0.025
0 0.3265625 0.575 0.0234375 0.021875
0 0.365625 0.5640625 0.0234375 0.0234375
0 0.33203125 0.5515625 0.0234375 0.0234375
0 0.33046875 0.5140625 0.0265625 0.0234375
0 0.29296875 0.49296875 0.025 0.0265625
0 0.4171875 0.5234375 0.0234375 0.025
0 0.38515625 0.51640625 0.0265625 0.025
0 0.35703125 0.484375 0.0234375 0.0234375
0 0.33125 0.46328125 0.0265625 0.0234375
0 0.48046875 0.465625 0.0234375 0.021875
0 0.54375 0.4859375 0.0203125 0.0265625
0 0.49296875 0.4484375 0.0234375 0.021875
0 0.56015625 0.453125 0.0234375 0.0234375
0 0.5203125 0.43203125 0.0234375 0.025
0 0.459375 0.390625 0.0234375 0.0203125
0 0.47734375 0.4015625 0.0265625 0.0234375
0 0.46015625 0.42734375 0.0265625 0.021875
0 0.45703125 0.4125 0.0234375 0.0203125
0 0.31640625 0.41640625 0.0234375 0.025
0 0.3015625 0.39921875 0.025 0.0234375
0 0.3296875 0.4 0.0265625 0.0265625
0 0.31640625 0.36484375 0.028125 0.0265625
0 0.59765625 0.46953125 0.0234375 0.0265625
0 0.5984375 0.58046875 0.0203125 0.0234375
0 0.57578125 0.571875 0.025 0.0234375
0 0.62265625 0.58671875 0.025 0.0234375
0 0.6015625 0.55859375 0.0234375 0.0234375
0 0.64609375 0.5703125 0.0234375 0.0234375
0 0.6546875 0.5984375 0.025 0.0234375
0 0.6703125 0.5828125 0.0234375 0.0203125
0 0.66953125 0.559375 0.0234375 0.0234375
0 0.646875 0.54453125 0.0234375 0.021875
0 0.7234375 0.57734375 0.021875 0.0234375
0 0.72421875 0.5546875 0.0234375 0.0203125
0 0.71015625 0.540625 0.025 0.0265625
0 0.7421875 0.55078125 0.0234375 0.0234375
0 0.74140625 0.52734375 0.0265625 0.0265625
0 0.77109375 0.56640625 0.025 0.021875
0 0.7765625 0.5453125 0.0234375 0.025
0 0.8046875 0.53359375 0.0234375 0.0234375
0 0.78046875 0.52265625 0.021875 0.0203125
0 0.615625 0.4015625 0.0234375 0.0234375
0 0.5953125 0.40625 0.0234375 0.021875
0 0.57890625 0.41796875 0.0234375 0.021875
0 0.56484375 0.39921875 0.0265625 0.0234375
0 0.609375 0.42109375 0.021875 0.0203125
0 0.63046875 0.4625 0.0234375 0.0203125
0 0.6078125 0.44765625 0.025 0.021875
0 0.67109375 0.45546875 0.0234375 0.0265625
0 0.6515625 0.4484375 0.0203125 0.021875
0 0.7015625 0.43828125 0.0171875 0.0234375
0 0.6859375 0.43359375 0.0171875 0.0234375
0 0.6671875 0.43046875 0.0203125 0.0234375
0 0.72578125 0.43515625 0.025 0.0265625
0 0.7578125 0.43515625 0.0265625 0.0265625
0 0.74609375 0.4171875 0.021875 0.0234375
0 0.70546875 0.40546875 0.0203125 0.0234375
0 0.69921875 0.38203125 0.021875 0.0234375
0 0.7265625 0.4078125 0.0203125 0.0234375
0 0.7046875 0.36484375 0.0203125 0.0234375
0 0.6921875 0.34609375 0.0203125 0.0234375
0 0.67109375 0.34921875 0.0234375 0.0265625
0 0.7203125 0.32421875 0.0234375 0.0265625
0 0.81796875 0.50390625 0.0203125 0.025
0 0.85078125 0.50546875 0.0203125 0.021875
0 0.803125 0.4046875 0.0234375 0.025
0 0.89921875 0.49296875 0.0234375 0.021875
0 0.87109375 0.4125 0.0234375 0.0234375
0 0.85859375 0.3328125 0.0203125 0.0203125
0 0.83046875 0.32265625 0.0234375 0.0234375
0 0.8625 0.35234375 0.0234375 0.0234375
0 0.84140625 0.30625 0.0203125 0.0234375
0 0.6625 0.2625 0.021875 0.025
0 0.64609375 0.28203125 0.025 0.0265625
0 0.59921875 0.26953125 0.0234375 0.0234375
0 0.584375 0.30078125 0.0234375 0.0234375
0 0.575 0.27421875 0.0234375 0.0265625