0 0.87109375 0.58828125 0.021875 0.0265625
0 0.8625 0.6125 0.0203125 0.0265625
0 0.8453125 0.57265625 0.0234375 0.028125
0 0.83828125 0.64375 0.0203125 0.0265625
0 0.84140625 0.6140625 0.0234375 0.0265625
0 0.8171875 0.64296875 0.0234375 0.0296875
0 0.82890625 0.590625 0.021875 0.0265625
0 0.82109375 0.6171875 0.0234375 0.0265625
0 0.79609375 0.63125 0.0234375 0.0296875
0 0.80234375 0.6 0.025 0.0296875
0 0.8109375 0.57265625 0.025 0.028125
0 0.81953125 0.5421875 0.0234375 0.0296875
0 0.79765625 0.53203125 0.0265625 0.0296875
0 0.790625 0.559375 0.025 0.028125
0 0.778125 0.61640625 0.025 0.028125
0 0.78046875 0.58671875 0.0265625 0.0296875
0 0.7625 0.56953125 0.0234375 0.028125
0 0.771875 0.54140625 0.0234375 0.0296875
0 0.75703125 0.59921875 0.025 0.0296875
0 0.77109375 0.6484375 0.0265625 0.03125
0 0.753125 0.628125 0.021875 0.028125
0 0.73359375 0.60859375 0.0234375 0.034375
0 0.73984375 0.57890625 0.0265625 0.0328125
0 0.74921875 0.54296875 0.025 0.0296875
0 0.74921875 0.5125 0.0265625 0.0296875
0 0.72734375 0.49765625 0.0265625 0.0328125
0 0.7265625 0.528125 0.0265625 0.028125
0 0.728125 0.6390625 0.028125 0.0265625
0 0.71171875 0.6171875 0.025 0.0265625
0 0.69140625 0.59609375 0.0265625 0.0296875
0 0.703125 0.64921875 0.0234375 0.03125
0 0.66328125 0.6390625 0.0296875 0.0296875
0 0.7421875 0.66484375 0.0296875 0.0328125
0 0.68203125 0.66015625 0.025 0.0296875
0 0.6875 0.62890625 0.0234375 0.0265625
0 0.66015625 0.67265625 0.0265625 0.0359375
0 0.6359375 0.653125 0.0296875 0.0296875
0 0.61640625 0.671875 0.0265625 0.0296875
0 0.61640625 0.6375 0.0265625 0.03125
0 0.640625 0.61953125 0.028125 0.0328125
0 0.66640625 0.60703125 0.0296875 0.028125
0 0.71640625 0.590625 0.0265625 0.0265625
0 0.72265625 0.55859375 0.025 0.0265625
0 0.70625 0.534375 0.0265625 0.0296875
0 0.70234375 0.50625 0.028125 0.0265625
0 0.7109375 0.47265625 0.0296875 0.0296875
0 0.68125 0.54609375 0.0296875 0.0296875
0 0.590625 0.6546875 0.0296875 0.0296875
0 0.59375 0.62265625 0.028125 0.03125
0 0.61796875 0.6046875 0.025 0.0296875
0 0.64296875 0.5890625 0.0296875 0.0296875
0 0.67265625 0.57578125 0.0234375 0.0296875
0 0.6984375 0.56796875 0.0265625 0.0265625
0 0.65234375 0.55546875 0.0265625 0.0265625
0 0.678125 0.51015625 0.0265625 0.0328125
0 0.68828125 0.478125 0.025 0.03125
0 0.65390625 0.5171875 0.025 0.0328125
0 0.66484375 0.46796875 0.0265625 0.0296875
0 0.66875 0.4328125 0.0296875 0.03125
0 0.6375 0.47265625 0.025 0.0265625
0 0.64296875 0.44296875 0.0328125 0.0328125
0 0.6296875 0.5390625 0.0296875 0.0296875
0 0.62421875 0.50078125 0.028125 0.028125
0 0.609375 0.4703125 0.0296875 0.0328125
0 0.61796875 0.43828125 0.0296875 0.0359375
0 0.60390625 0.55234375 0.034375 0.0390625
0 0.56015625 0.5640625 0.0328125 0.0328125
0 0.56640625 0.6125 0.0296875 0.03125
0 0.54375 0.59140625 0.03125 0.0328125
0 0.525 0.5625 0.0328125 0.0359375
0 0.5359375 0.6328125 0.03125 0.0359375
0 0.5171875 0.60703125 0.03125 0.028125
0 0.49140625 0.59296875 0.03125 0.034375
0 0.51171875 0.65390625 0.0296875 0.0296875
0 0.48359375 0.63828125 0.0328125 0.0328125
0 0.496875 0.69609375 0.0375 0.0390625
0 0.4671875 0.6921875 0.040625 0.040625
0 0.41328125 0.703125 0.04375 0.040625
0 0.43359375 0.66875 0.0359375 0.0359375
0 0.43671875 0.63125 0.0390625 0.04375
0 0.4328125 0.5875 0.0328125 0.034375
0 0.465625 0.6140625 0.034375 0.0390625
0 0.46796875 0.56796875 0.0328125 0.034375
0 0.49921875 0.5578125 0.0265625 0.034375
0 0.48203125 0.53046875 0.0390625 0.0375
0 0.5109375 0.490625 0.0328125 0.034375
0 0.55 0.5328125 0.034375 0.0359375
0 0.5109375 0.52421875 0.0296875 0.03125
0 0.540625 0.4953125 0.0296875 0.0328125
0 0.515625 0.4515625 0.034375 0.0359375
0 0.578125 0.43671875 0.0359375 0.03125
0 0.57578125 0.4953125 0.03125 0.0328125
0 0.54609375 0.46015625 0.0296875 0.028125
0 0.58359375 0.46171875 0.0296875 0.0265625
0 0.61171875 0.4109375 0.0296875 0.0296875
0 0.59140625 0.36640625 0.0296875 0.0328125
0 0.6078125 0.37421875 0.0203125 0.0296875
0 0.5875 0.33984375 0.0328125 0.0328125
0 0.5109375 0.29921875 0.040625 0.0421875
0 0.55859375 0.3703125 0.0359375 0.0359375
0 0.5125 0.3328125 0.0359375 0.0296875
0 0.49609375 0.40078125 0.0328125 0.03125
0 0.51484375 0.365625 0.0390625 0.0390625
0 0.46953125 0.428125 0.0296875 0.0359375
0 0.4640625 0.38828125 0.0375 0.0390625
0 0.415625 0.54375 0.0390625 0.0375
0 0.43203125 0.50859375 0.0375 0.0390625
0 0.46171875 0.4828125 0.03125 0.0359375
0 0.4328125 0.46796875 0.0296875 0.0296875
0 0.409375 0.44140625 0.03125 0.0359375
0 0.440625 0.43203125 0.034375 0.0375
0 0.40078125 0.478125 0.0328125 0.0296875
0 0.371875 0.440625 0.040625 0.040625
0 0.37734375 0.503125 0.0375 0.0390625
0 0.34140625 0.50703125 0.0390625 0.0421875
0 0.35078125 0.46640625 0.0390625 0.0375
0 0.35859375 0.56484375 0.0359375 0.034375
0 0.35390625 0.5359375 0.0421875 0.028125
0 0.34765625 0.646875 0.0328125 0.0359375
0 0.3265625 0.6765625 0.0421875 0.0375
0 0.328125 0.621875 0.034375 0.0328125
0 0.3453125 0.59140625 0.0390625 0.03125
0 0.30625 0.58671875 0.040625 0.040625
0 0.31953125 0.55078125 0.0359375 0.034375
0 0.30625 0.5171875 0.0359375 0.0328125
0 0.3125 0.47890625 0.0421875 0.040625
0 0.2859375 0.62421875 0.04375 0.04375
0 0.26875 0.57890625 0.0390625 0.040625
0 0.28671875 0.54296875 0.0296875 0.0359375
0 0.26484375 0.53359375 0.034375 0.0390625
0 0.27421875 0.49453125 0.04375 0.0390625
0 0.2640625 0.45859375 0.040625 0.04375
0 0.23125 0.5953125 0.04375 0.040625
0 0.23203125 0.5546875 0.0390625 0.0375
0 0.2328125 0.515625 0.040625 0.0390625
0 0.22734375 0.475 0.046875 0.040625
0 0.19296875 0.54140625 0.0453125 0.0375
0 0.19296875 0.50546875 0.0453125 0.040625
0 0.1515625 0.53203125 0.04375 0.04375
0 0.146875 0.4890625 0.05 0.046875