0 0.1546875 0.29921875 0.04375 0.03359375
0 0.503125 0.08828125 0.03828125 0.03515625
0 0.5734375 0.11171875 0.05 0.0359375
0 0.50625 0.12578125 0.05078125 0.03046875
0 0.540625 0.12890625 0.0421875 0.02890625
0 0.58125 0.14296875 0.04140625 0.03125
0 0.46953125 0.18046875 0.04296875 0.03125
0 0.52578125 0.1765625 0.0421875 0.0328125
0 0.603125 0.17421875 0.04921875 0.03203125
0 0.646875 0.2 0.040625 0.034375
0 0.68828125 0.2046875 0.0390625 0.03671875
0 0.63203125 0.23671875 0.040625 0.0390625
0 0.675 0.2375 0.0375 0.03125
0 0.603125 0.2640625 0.04765625 0.03359375
0 0.65 0.26640625 0.04375 0.03359375
0 0.69453125 0.26640625 0.04296875 0.03359375
0 0.74296875 0.2734375 0.040625 0.0296875
0 0.77890625 0.2515625 0.040625 0.034375
0 0.8234375 0.28671875 0.04453125 0.03125
0 0.7515625 0.303125 0.04453125 0.03125
0 0.67421875 0.30546875 0.0390625 0.028125
0 0.68984375 0.3328125 0.05 0.03125
0 0.72421875 0.32890625 0.0390625 0.03515625
0 0.73359375 0.35859375 0.04140625 0.03203125
0 0.79765625 0.359375 0.040625 0.0359375
0 0.753125 0.40859375 0.040625 0.0328125
0 0.7859375 0.44921875 0.040625 0.03203125
0 0.80078125 0.48828125 0.04375 0.03203125
0 0.61484375 0.4890625 0.04296875 0.034375
0 0.67109375 0.46640625 0.04296875 0.0328125
0 0.71171875 0.4265625 0.04609375 0.0296875
0 0.65078125 0.415625 0.04375 0.034375
0 0.575 0.4671875 0.04296875 0.0328125
0 0.6078125 0.4109375 0.0390625 0.0359375
0 0.5671875 0.36796875 0.04140625 0.034375
0 0.5140625 0.35859375 0.04296875 0.03046875
0 0.4734375 0.34921875 0.04609375 0.0265625
0 0.50546875 0.3921875 0.04375 0.03359375
0 0.4703125 0.31796875 0.040625 0.0296875
0 0.45625 0.375 0.03671875 0.03046875
0 0.425 0.33515625 0.03984375 0.03125
0 0.43828125 0.4 0.0390625 0.034375
0 0.41328125 0.3703125 0.0375 0.03046875
0 0.39921875 0.40390625 0.0421875 0.03125
0 0.33671875 0.36328125 0.0359375 0.03046875
0 0.35234375 0.39296875 0.046875 0.0296875
0 0.2859375 0.34375 0.03984375 0.03046875
0 0.2875 0.3765625 0.03984375 0.0328125
0 0.3109375 0.4046875 0.0375 0.034375
0 0.3625 0.421875 0.040625 0.03359375
0 0.36328125 0.453125 0.04765625 0.034375
0 0.44140625 0.4625 0.0359375 0.03203125
0 0.53359375 0.4734375 0.0421875 0.0328125
0 0.428125 0.43203125 0.0359375 0.028125
0 0.4109375 0.4890625 0.040625 0.03046875
0 0.45234375 0.4984375 0.04140625 0.03515625
0 0.4 0.459375 0.040625 0.03359375
0 0.3203125 0.4375 0.04453125 0.034375
0 0.27109375 0.415625 0.0421875 0.03359375
0 0.146875 0.371875 0.04765625 0.0390625
0 0.2140625 0.37734375 0.0453125 0.03515625
0 0.20078125 0.40703125 0.046875 0.03359375
0 0.20859375 0.44140625 0.046875 0.0375
0 0.06796875 0.4390625 0.046875 0.0375
0 0.12890625 0.46875 0.0484375 0.034375
0 0.19296875 0.475 0.04765625 0.0328125
0 0.2375 0.46796875 0.040625 0.0328125
0 0.2359375 0.5 0.04375 0.03359375
0 0.278125 0.50546875 0.0453125 0.03671875
0 0.3359375 0.48046875 0.04296875 0.03203125
0 0.375 0.49765625 0.040625 0.03125
0 0.38671875 0.528125 0.03984375 0.0375
0 0.33515625 0.56953125 0.04609375 0.03671875
0 0.35859375 0.6203125 0.04140625 0.0375
0 0.096875 0.54375 0.04296875 0.03359375
0 0.1609375 0.5796875 0.04609375 0.03671875
0 0.23046875 0.60859375 0.04375 0.03515625
0 0.2078125 0.675 0.04453125 0.040625
0 0.2828125 0.74921875 0.040625 0.03515625
0 0.23984375 0.734375 0.046875 0.03671875
0 0.25234375 0.775 0.0421875 0.034375
0 0.27890625 0.80546875 0.04453125 0.03515625
0 0.32421875 0.83125 0.0453125 0.0359375
0 0.4078125 0.7109375 0.04296875 0.034375
0 0.5125 0.525 0.040625 0.034375
0 0.475 0.58203125 0.04375 0.034375
0 0.51171875 0.61171875 0.04765625 0.0359375
0 0.73359375 0.56171875 0.0421875 0.034375
0 0.77734375 0.571875 0.04296875 0.03671875
0 0.7046875 0.59375 0.040625 0.0359375
0 0.76171875 0.61328125 0.04296875 0.03125
0 0.74921875 0.65390625 0.04453125 0.03828125
0 0.68125 0.76171875 0.04765625 0.03984375
0 0.5984375 0.74921875 0.040625 0.03359375
0 0.63671875 0.76484375 0.04140625 0.03671875
0 0.559375 0.73984375 0.03671875 0.03359375
0 0.5921875 0.78828125 0.0421875 0.03125
0 0.54765625 0.8484375 0.04296875 0.03359375
0 0.5453125 0.884375 0.0453125 0.034375