0 0.359375 0.35390625 0.0234375 0.0234375
0 0.34296875 0.35859375 0.021875 0.021875
0 0.7375 0.53671875 0.025 0.0234375
0 0.6921875 0.54375 0.0265625 0.0234375
0 0.675 0.540625 0.0234375 0.0234375
0 0.66328125 0.55 0.0234375 0.0234375
0 0.65 0.53359375 0.0234375 0.0234375
0 0.640625 0.5484375 0.0234375 0.0234375
0 0.63125 0.53046875 0.025 0.0234375
0 0.6109375 0.53515625 0.0265625 0.0234375
0 0.5953125 0.5296875 0.021875 0.0203125
0 0.59375 0.54765625 0.021875 0.021875
0 0.5765625 0.54140625 0.021875 0.021875
0 0.578125 0.56015625 0.0234375 0.0234375
0 0.5625 0.55234375 0.0234375 0.0234375
0 0.55390625 0.49609375 0.0234375 0.0234375
0 0.584375 0.4125 0.0265625 0.0234375
0 0.5125 0.41875 0.0234375 0.0234375
0 0.49765625 0.42890625 0.01875 0.01875
0 0.49296875 0.44765625 0.021875 0.021875
0 0.48125 0.43359375 0.0203125 0.0203125
0 0.50234375 0.4796875 0.021875 0.021875
0 0.48671875 0.47109375 0.021875 0.021875
0 0.4796875 0.4578125 0.0203125 0.0203125
0 0.46953125 0.44453125 0.0234375 0.0234375
0 0.465625 0.428125 0.0203125 0.0203125
0 0.45078125 0.4234375 0.0234375 0.0234375
0 0.43984375 0.4109375 0.021875 0.021875
0 0.45625 0.4515625 0.021875 0.021875
0 0.42890625 0.44296875 0.021875 0.0203125
0 0.46484375 0.4671875 0.01875 0.01875
0 0.4625 0.484375 0.01875 0.01875
0 0.4515625 0.47421875 0.0234375 0.0234375
0 0.44375 0.490625 0.021875 0.0203125
0 0.43515625 0.47734375 0.01875 0.01875
0 0.42265625 0.48828125 0.0203125 0.0203125
0 0.41484375 0.47421875 0.0203125 0.0203125
0 0.41171875 0.45 0.021875 0.021875
0 0.4015625 0.484375 0.0234375 0.0234375
0 0.39453125 0.46015625 0.0203125 0.0203125
0 0.37890625 0.45859375 0.021875 0.021875
0 0.48671875 0.565625 0.0234375 0.0234375
0 0.47421875 0.578125 0.0234375 0.0234375
0 0.3703125 0.55625 0.0234375 0.0234375