0 0.41953125 0.22265625 0.021875 0.0203125
0 0.52734375 0.21015625 0.021875 0.01796875
0 0.39609375 0.33046875 0.02421875 0.01953125
0 0.46640625 0.28203125 0.021875 0.01953125
0 0.3546875 0.26875 0.02265625 0.01953125
0 0.37109375 0.15703125 0.02109375 0.0171875
0 0.58515625 0.21875 0.021875 0.01796875
0 0.41640625 0.3578125 0.0234375 0.01953125
0 0.503125 0.31953125 0.02421875 0.0203125
0 0.57890625 0.2390625 0.021875 0.01875
0 0.38203125 0.171875 0.0234375 0.0171875
0 0.29609375 0.15703125 0.02265625 0.01796875
0 0.53671875 0.22578125 0.02109375 0.0171875
0 0.3671875 0.29375 0.02265625 0.01875
0 0.5515625 0.14140625 0.02109375 0.0171875
0 0.4125 0.30859375 0.02265625 0.01953125
0 0.3328125 0.11875 0.01875 0.015625
0 0.3125 0.1265625 0.02265625 0.01640625
0 0.53671875 0.1328125 0.0203125 0.01640625
0 0.3765625 0.2546875 0.02265625 0.01953125
0 0.48125 0.30234375 0.02265625 0.01953125
0 0.29609375 0.1421875 0.02109375 0.01640625
0 0.5609375 0.23046875 0.021875 0.01796875
0 0.54453125 0.15546875 0.0203125 0.01640625
0 0.39765625 0.2546875 0.021875 0.01796875
0 0.334375 0.14296875 0.02109375 0.0171875
0 0.39609375 0.228125 0.02265625 0.01796875
0 0.3796875 0.2796875 0.021875 0.01875
0 0.55234375 0.21640625 0.021875 0.0171875
0 0.3953125 0.2140625 0.02265625 0.0171875
0 0.4265625 0.290625 0.02421875 0.01953125
0 0.44765625 0.321875 0.02265625 0.01953125
0 0.35390625 0.15078125 0.02109375 0.01640625
0 0.58359375 0.1734375 0.0203125 0.0171875
0 0.3484375 0.22578125 0.02109375 0.0171875
0 0.30703125 0.11484375 0.0203125 0.015625
0 0.36015625 0.178125 0.0234375 0.01796875
0 0.33671875 0.1828125 0.02265625 0.01796875
0 0.640625 0.54765625 0.02734375 0.0265625
0 0.4625 0.23828125 0.02109375 0.01953125
0 0.3921875 0.20078125 0.02421875 0.0171875
0 0.40078125 0.27421875 0.02265625 0.01953125
0 0.484375 0.18203125 0.02109375 0.0171875
0 0.6 0.15546875 0.0203125 0.01640625
0 0.3140625 0.18125 0.02109375 0.01796875
0 0.47734375 0.2640625 0.0234375 0.01953125
0 0.36875 0.23359375 0.02265625 0.01796875
0 0.3984375 0.13359375 0.0203125 0.01640625
0 0.51015625 0.1296875 0.02109375 0.01640625
0 0.4 0.28984375 0.02265625 0.01953125
0 0.665625 0.2546875 0.021875 0.01875
0 0.475 0.35859375 0.02421875 0.0203125
0 0.49765625 0.34921875 0.025 0.0203125
0 0.440625 0.3671875 0.0234375 0.02109375
0 0.3828125 0.1875 0.021875 0.01640625
0 0.61640625 0.55625 0.02734375 0.02578125
0 0.74921875 0.29765625 0.0234375 0.0203125
0 0.50859375 0.49453125 0.028125 0.025
0 0.79609375 0.31796875 0.025 0.02109375
0 0.33828125 0.2109375 0.02265625 0.01796875
0 0.61953125 0.58671875 0.0265625 0.02421875
0 0.4421875 0.27578125 0.021875 0.01953125
0 0.503125 0.3703125 0.025 0.02109375
0 0.76953125 0.31171875 0.02421875 0.02109375
0 0.68125 0.26640625 0.0234375 0.01875
0 0.4671875 0.33515625 0.02421875 0.0203125
0 0.315625 0.1546875 0.02109375 0.01796875
0 0.3328125 0.15390625 0.01875 0.0140625
0 0.58828125 0.45625 0.02578125 0.0234375
0 0.6265625 0.25 0.021875 0.01953125
0 0.47265625 0.39765625 0.025 0.021875
0 0.36953125 0.20078125 0.02109375 0.01796875
0 0.384375 0.35546875 0.02421875 0.0203125
0 0.315625 0.140625 0.02109375 0.01640625
0 0.55859375 0.115625 0.0203125 0.01640625
0 0.5765625 0.43046875 0.025 0.02109375
0 0.35859375 0.2109375 0.0234375 0.01796875
0 0.4171875 0.2625 0.0203125 0.01875
0 0.7859375 0.3328125 0.02421875 0.021875
0 0.73515625 0.2734375 0.0234375 0.01953125
0 0.6140625 0.5203125 0.025 0.02578125
0 0.37421875 0.21875 0.02265625 0.01953125
0 0.54609375 0.4609375 0.02578125 0.02265625
0 0.6078125 0.4984375 0.02734375 0.02421875
0 0.48671875 0.47890625 0.025 0.02109375
0 0.44921875 0.41953125 0.02578125 0.021875
0 0.5515625 0.39765625 0.02421875 0.0203125
0 0.48359375 0.38046875 0.02421875 0.021875
0 0.51875 0.578125 0.02890625 0.0265625
0 0.4625 0.371875 0.02421875 0.02109375
0 0.528125 0.4765625 0.025 0.021875
0 0.43984375 0.39296875 0.025 0.021875
0 0.5375 0.56015625 0.02734375 0.0234375
0 0.5 0.3953125 0.02578125 0.02265625
0 0.49609375 0.428125 0.025 0.021875
0 0.51171875 0.41171875 0.02421875 0.0203125
0 0.5484375 0.5390625 0.028125 0.025
0 0.5953125 0.53515625 0.028125 0.025
0 0.5375 0.4140625 0.02578125 0.021875
0 0.565625 0.446875 0.025 0.02109375
0 0.3875 0.1015625 0.01953125 0.015625
0 0.38828125 0.240625 0.02109375 0.01640625
0 0.50703125 0.46640625 0.025 0.02265625
0 0.55078125 0.484375 0.02578125 0.02265625
0 0.5265625 0.5234375 0.0265625 0.0234375
0 0.5640625 0.56328125 0.02734375 0.025
0 0.5328125 0.4453125 0.02578125 0.02109375
0 0.5671875 0.4140625 0.0234375 0.02109375
0 0.59140625 0.4796875 0.02578125 0.02421875
0 0.40703125 0.4078125 0.025 0.0234375
0 0.47265625 0.425 0.0234375 0.02109375
0 0.8078125 0.3421875 0.025 0.0234375
0 0.35 0.1953125 0.02265625 0.01640625
0 0.5265625 0.32109375 0.02265625 0.021875
0 0.4640625 0.44375 0.025 0.021875
0 0.52265625 0.37890625 0.02421875 0.02109375
0 0.4859375 0.4546875 0.02578125 0.02265625
0 0.58828125 0.64921875 0.0296875 0.028125
0 0.53203125 0.503125 0.0265625 0.0234375
0 0.5640625 0.5890625 0.028125 0.0234375
0 0.590625 0.559375 0.0265625 0.02421875
0 0.49140625 0.4109375 0.0265625 0.02109375
0 0.4609375 0.30625 0.021875 0.0203125
0 0.55234375 0.43203125 0.02421875 0.0203125
0 0.50859375 0.44921875 0.02578125 0.0234375
0 0.16171875 0.30390625 0.02578125 0.01875
0 0.19765625 0.28125 0.0234375 0.01875
0 0.453125 0.35 0.02265625 0.02109375
0 0.4375 0.30625 0.021875 0.01796875
0 0.55078125 0.51484375 0.0265625 0.02421875
0 0.57109375 0.53203125 0.0265625 0.0234375
0 0.59140625 0.584375 0.0265625 0.0234375
0 0.5875 0.67890625 0.0328125 0.03046875
0 0.56875 0.46796875 0.025 0.02109375
0 0.5234375 0.428125 0.02578125 0.02265625
0 0.5296875 0.39375 0.025 0.02109375
0 0.59375 0.5125 0.02890625 0.02421875
0 0.4890625 0.3328125 0.02421875 0.01953125
0 0.571875 0.49609375 0.0265625 0.0234375
0 0.2265625 0.425 0.025 0.02578125
0 0.8 0.4640625 0.02890625 0.02578125
0 0.3515625 0.16796875 0.01484375 0.01328125
0 0.33515625 0.16796875 0.01953125 0.01328125
0 0.31328125 0.16875 0.01953125 0.0109375