0 0.42578125 0.859375 0.034375 0.034375
0 0.33203125 0.8734375 0.0328125 0.0296875
0 0.3140625 0.8015625 0.0359375 0.03125
0 0.28359375 0.7796875 0.0296875 0.028125
0 0.2546875 0.75625 0.0328125 0.0296875
0 0.3109375 0.778125 0.028125 0.0296875
0 0.28046875 0.75703125 0.0296875 0.028125
0 0.32578125 0.75625 0.0296875 0.03125
0 0.30703125 0.73359375 0.0296875 0.0296875
0 0.25859375 0.70625 0.03125 0.0328125
0 0.3609375 0.72734375 0.03125 0.0328125
0 0.33125 0.7234375 0.03125 0.0296875
0 0.38984375 0.725 0.03125 0.0296875
0 0.34609375 0.70546875 0.03125 0.0296875
0 0.3953125 0.70078125 0.0328125 0.0296875
0 0.353125 0.67265625 0.03125 0.0328125
0 0.29140625 0.64765625 0.0359375 0.034375
0 0.26953125 0.66015625 0.03125 0.0328125
0 0.25 0.63515625 0.0359375 0.034375
0 0.27421875 0.61640625 0.0296875 0.0328125
0 0.26484375 0.58671875 0.0328125 0.0296875
0 0.23203125 0.571875 0.0328125 0.0296875
0 0.22421875 0.55078125 0.034375 0.034375
0 0.29296875 0.58671875 0.0328125 0.0328125
0 0.33828125 0.58359375 0.0328125 0.0328125
0 0.3125 0.6 0.0296875 0.03125
0 0.33515625 0.62265625 0.0328125 0.0328125
0 0.37265625 0.6359375 0.0375 0.0375
0 0.13984375 0.7796875 0.0359375 0.0375
0 0.4515625 0.77109375 0.03125 0.03125
0 0.503125 0.703125 0.03125 0.0359375
0 0.48125 0.690625 0.0296875 0.03125
0 0.5890625 0.75078125 0.0265625 0.0265625
0 0.6078125 0.75234375 0.0265625 0.0296875
0 0.59921875 0.72734375 0.028125 0.0296875
0 0.58359375 0.71015625 0.0296875 0.0296875
0 0.64140625 0.72578125 0.0296875 0.0296875
0 0.6484375 0.690625 0.0296875 0.0328125
0 0.60078125 0.68125 0.0296875 0.0296875
0 0.6109375 0.6359375 0.03125 0.0328125
0 0.58515625 0.65078125 0.0328125 0.0328125
0 0.53203125 0.646875 0.03125 0.0328125
0 0.534375 0.590625 0.0328125 0.0328125
0 0.5984375 0.58125 0.03125 0.0328125
0 0.63515625 0.55234375 0.0328125 0.03125
0 0.646875 0.5265625 0.0328125 0.0328125
0 0.70078125 0.5734375 0.0328125 0.0328125
0 0.30703125 0.49375 0.0359375 0.034375
0 0.271875 0.478125 0.0328125 0.0328125
0 0.20546875 0.4953125 0.0359375 0.034375
0 0.190625 0.46640625 0.0328125 0.0328125
0 0.2171875 0.47421875 0.034375 0.034375
0 0.23046875 0.45078125 0.0328125 0.03125
0 0.2703125 0.41640625 0.034375 0.0359375
0 0.23671875 0.4265625 0.0328125 0.0296875
0 0.271875 0.3875 0.03125 0.0328125
0 0.24453125 0.4015625 0.0359375 0.034375
0 0.29609375 0.371875 0.03125 0.0328125
0 0.24296875 0.3640625 0.034375 0.0359375
0 0.26796875 0.36171875 0.0328125 0.03125
0 0.171875 0.41875 0.0328125 0.0328125
0 0.1328125 0.390625 0.0328125 0.0328125
0 0.1234375 0.3609375 0.0328125 0.0328125
0 0.1578125 0.37734375 0.034375 0.034375
0 0.1453125 0.3453125 0.034375 0.034375
0 0.1921875 0.31328125 0.034375 0.034375
0 0.16640625 0.3296875 0.034375 0.0359375
0 0.22109375 0.3171875 0.034375 0.0328125
0 0.23984375 0.3359375 0.0328125 0.03125
0 0.24375 0.30390625 0.034375 0.034375
0 0.2640625 0.33671875 0.0328125 0.0296875
0 0.26953125 0.3109375 0.0359375 0.0328125
0 0.29453125 0.3203125 0.03125 0.0296875
0 0.28203125 0.28515625 0.0328125 0.0328125
0 0.28984375 0.346875 0.0328125 0.0328125
0 0.3140625 0.34140625 0.03125 0.0328125
0 0.31484375 0.29609375 0.034375 0.034375
0 0.32734375 0.31875 0.0328125 0.03125
0 0.3140625 0.2640625 0.0328125 0.0328125
0 0.334375 0.26015625 0.0328125 0.0328125
0 0.38984375 0.29609375 0.0328125 0.0328125
0 0.39921875 0.32265625 0.0328125 0.0328125
0 0.3609375 0.3453125 0.0328125 0.0328125
0 0.3734375 0.371875 0.0328125 0.0328125
0 0.428125 0.36875 0.034375 0.034375
0 0.403125 0.38046875 0.0328125 0.0328125
0 0.40390625 0.353125 0.03125 0.0296875
0 0.4640625 0.17109375 0.034375 0.0359375
0 0.43515625 0.17265625 0.034375 0.0359375
0 0.38828125 0.22109375 0.034375 0.034375
0 0.4984375 0.25234375 0.0375 0.0375
0 0.49765625 0.2984375 0.03125 0.0328125
0 0.471875 0.303125 0.0359375 0.0328125
0 0.5125 0.28359375 0.034375 0.0359375
0 0.46796875 0.33125 0.0359375 0.034375
0 0.540625 0.271875 0.0328125 0.0328125
0 0.578125 0.278125 0.0375 0.0375
0 0.58046875 0.23984375 0.034375 0.0359375
0 0.571875 0.196875 0.034375 0.034375
0 0.59921875 0.20625 0.0359375 0.0375
0 0.5890625 0.17734375 0.0328125 0.0328125
0 0.58046875 0.14453125 0.034375 0.0390625
0 0.62265625 0.12265625 0.034375 0.0359375
0 0.58828125 0.09921875 0.03125 0.0390625
0 0.5703125 0.0890625 0.034375 0.0375
0 0.70390625 0.24140625 0.034375 0.034375
0 0.678125 0.27890625 0.0328125 0.0296875
0 0.69921875 0.2703125 0.034375 0.034375
0 0.7328125 0.26796875 0.0359375 0.0375
0 0.7359375 0.23359375 0.0328125 0.0328125
0 0.55390625 0.375 0.0328125 0.034375
0 0.53046875 0.36484375 0.03125 0.0328125
0 0.525 0.39140625 0.0328125 0.0296875
0 0.49453125 0.3953125 0.0328125 0.0296875
0 0.44296875 0.39921875 0.0296875 0.03125
0 0.4609375 0.38203125 0.03125 0.03125
0 0.48203125 0.41796875 0.0328125 0.0296875
0 0.50078125 0.434375 0.0296875 0.03125
0 0.5125 0.41328125 0.03125 0.0328125
0 0.46171875 0.4453125 0.0296875 0.0296875
0 0.43359375 0.4359375 0.03125 0.0328125
0 0.45390625 0.46953125 0.0296875 0.0296875
0 0.42890625 0.46171875 0.0296875 0.03125
0 0.45 0.5015625 0.0296875 0.0296875
0 0.42109375 0.49375 0.0328125 0.0328125
0 0.46875 0.49609375 0.0296875 0.0328125
0 0.46796875 0.52109375 0.0296875 0.0296875
0 0.43984375 0.5234375 0.0296875 0.028125
0 0.41875 0.53203125 0.03125 0.0328125
0 0.4546875 0.5390625 0.0296875 0.03125
0 0.490625 0.525 0.0296875 0.0296875
0 0.48359375 0.54765625 0.03125 0.0296875
0 0.475 0.5703125 0.03125 0.0296875
0 0.45 0.56328125 0.0328125 0.0296875
0 0.51953125 0.5125 0.025 0.0265625
0 0.51953125 0.4859375 0.0328125 0.0328125
0 0.53984375 0.51328125 0.0328125 0.0328125
0 0.51484375 0.53046875 0.0265625 0.0234375
0 0.571875 0.45546875 0.0328125 0.0328125
0 0.5484375 0.44921875 0.0296875 0.0328125
0 0.5234375 0.45078125 0.03125 0.0359375