0 0.3875 0.53359375 0.025 0.0234375
0 0.4203125 0.55 0.025 0.0234375
0 0.44375 0.48515625 0.021875 0.0203125
0 0.4453125 0.50546875 0.0203125 0.01875
0 0.4546875 0.4703125 0.021875 0.021875
0 0.4296875 0.42265625 0.01875 0.01875
0 0.4390625 0.44140625 0.0203125 0.01875
0 0.44921875 0.43046875 0.0203125 0.01875
0 0.4765625 0.43125 0.01875 0.01875
0 0.49765625 0.43984375 0.021875 0.021875
0 0.46328125 0.43828125 0.01875 0.01875
0 0.4796875 0.44765625 0.021875 0.021875
0 0.55390625 0.4328125 0.01875 0.01875
0 0.5375 0.4546875 0.01875 0.01875
0 0.5171875 0.4625 0.01875 0.01875
0 0.53984375 0.4703125 0.0203125 0.021875
0 0.51015625 0.4765625 0.021875 0.021875
0 0.4890625 0.49765625 0.0203125 0.01875
0 0.47421875 0.5125 0.01875 0.01875
0 0.4625 0.52265625 0.0234375 0.0234375