0 0.69453125 0.84765625 0.05 0.05625
0 0.52265625 0.85078125 0.0375 0.0453125
0 0.6796875 0.76328125 0.046875 0.0546875
0 0.653125 0.81171875 0.046875 0.053125
0 0.54140625 0.809375 0.040625 0.0453125
0 0.5546875 0.86328125 0.04375 0.0484375
0 0.6015625 0.80078125 0.0421875 0.046875
0 0.61171875 0.7328125 0.04375 0.0515625
0 0.50859375 0.7890625 0.0421875 0.0484375
0 0.67265625 0.62890625 0.046875 0.053125
0 0.65703125 0.67265625 0.040625 0.0515625
0 0.61953125 0.684375 0.040625 0.0484375
0 0.49609375 0.734375 0.0359375 0.0453125
0 0.63359375 0.621875 0.040625 0.0453125
0 0.465625 0.72421875 0.0390625 0.0375
0 0.65859375 0.57109375 0.04375 0.0515625
0 0.46015625 0.7 0.0375 0.0421875
0 0.64609375 0.52578125 0.0421875 0.05
0 0.4953125 0.68515625 0.0375 0.046875
0 0.6203125 0.578125 0.0421875 0.0515625
0 0.45234375 0.66484375 0.0375 0.0390625
0 0.41875 0.78515625 0.0421875 0.0484375
0 0.45859375 0.6203125 0.0375 0.0453125
0 0.5140625 0.640625 0.0375 0.0515625
0 0.625 0.49609375 0.0421875 0.0484375
0 0.60703125 0.53515625 0.0390625 0.046875
0 0.61328125 0.45 0.0390625 0.0484375
0 0.59140625 0.4921875 0.0390625 0.0484375
0 0.65 0.41953125 0.04375 0.0546875
0 0.66953125 0.4921875 0.0421875 0.0546875
0 0.615625 0.39609375 0.0375 0.0515625
0 0.58671875 0.43046875 0.0390625 0.0484375
0 0.565625 0.46484375 0.0359375 0.0484375
0 0.54140625 0.4984375 0.0375 0.0484375
0 0.5125 0.53203125 0.0375 0.046875
0 0.58203125 0.3890625 0.0375 0.0515625
0 0.55625 0.42109375 0.0375 0.0453125
0 0.5296875 0.44453125 0.0375 0.0453125
0 0.51015625 0.47890625 0.0375 0.040625
0 0.55703125 0.35859375 0.0375 0.0453125
0 0.52578125 0.384375 0.0359375 0.046875
0 0.503125 0.421875 0.040625 0.0484375
0 0.46796875 0.40078125 0.040625 0.04375
0 0.4734375 0.4546875 0.040625 0.0484375
0 0.4828125 0.503125 0.0375 0.0453125
0 0.45 0.57421875 0.0359375 0.0484375
0 0.425 0.60390625 0.034375 0.0421875
0 0.421875 0.64609375 0.0390625 0.0421875
0 0.403125 0.67734375 0.034375 0.0453125
0 0.43203125 0.34140625 0.0359375 0.0453125
0 0.4625 0.34296875 0.0359375 0.0453125
0 0.490625 0.36953125 0.0375 0.0421875
0 0.51171875 0.33515625 0.0375 0.040625
0 0.54609375 0.3140625 0.0390625 0.0484375
0 0.48984375 0.3109375 0.0359375 0.0453125
0 0.52421875 0.28125 0.040625 0.0484375
0 0.46171875 0.2953125 0.0359375 0.04375
0 0.5765625 0.23359375 0.0421875 0.0515625
0 0.528125 0.16015625 0.0421875 0.05
0 0.36484375 0.646875 0.0375 0.0421875
0 0.31015625 0.50625 0.03125 0.028125
0 0.34140625 0.55078125 0.028125 0.0375
0 0.31796875 0.56484375 0.03125 0.040625
0 0.3609375 0.60703125 0.034375 0.0421875
0 0.31796875 0.47578125 0.0375 0.040625
0 0.3484375 0.57578125 0.03125 0.0375
0 0.3078125 0.45078125 0.0328125 0.0296875
0 0.3390625 0.50390625 0.03125 0.040625
0 0.3421875 0.44375 0.0359375 0.0421875
0 0.3796875 0.475 0.0375 0.0390625
0 0.3671875 0.5078125 0.034375 0.0390625
0 0.31640625 0.428125 0.0390625 0.034375
0 0.346875 0.38671875 0.034375 0.0375
0 0.3171875 0.4 0.0359375 0.0390625
0 0.3484375 0.346875 0.034375 0.0453125
0 0.38046875 0.3359375 0.0375 0.04375
0 0.45078125 0.25625 0.0421875 0.0515625
0 0.41015625 0.30703125 0.0375 0.0484375
0 0.46328125 0.14609375 0.0375 0.0453125
0 0.515625 0.0953125 0.0421875 0.0484375
0 0.43203125 0.13984375 0.034375 0.0453125
0 0.33828125 0.321875 0.0328125 0.0296875
0 0.3796875 0.284375 0.034375 0.0453125
0 0.33828125 0.2953125 0.0328125 0.0359375
0 0.34453125 0.12734375 0.034375 0.0421875
0 0.30703125 0.1734375 0.0359375 0.0453125
0 0.31015625 0.26171875 0.03125 0.040625
0 0.2859375 0.2703125 0.0296875 0.04375
0 0.3015625 0.303125 0.0375 0.0453125
0 0.303125 0.34296875 0.0375 0.04375
0 0.25546875 0.27265625 0.0328125 0.04375
0 0.25078125 0.21796875 0.0375 0.0421875
0 0.22421875 0.26640625 0.03125 0.04375
0 0.196875 0.3140625 0.034375 0.0453125
0 0.278125 0.41171875 0.034375 0.046875
0 0.24921875 0.49609375 0.034375 0.0390625
0 0.2390625 0.540625 0.0375 0.04375
0 0.25859375 0.64765625 0.0328125 0.046875
0 0.18125 0.6625 0.034375 0.0453125