0 0.3359375 0.58515625 0.03125 0.025
0 0.30234375 0.5609375 0.03125 0.0234375
0 0.221875 0.578125 0.0265625 0.021875
0 0.3609375 0.6484375 0.028125 0.0203125
0 0.34140625 0.6921875 0.025 0.0203125
0 0.31875 0.68203125 0.0265625 0.0203125
0 0.303125 0.7140625 0.0234375 0.0203125
0 0.2734375 0.71875 0.025 0.0234375
0 0.31015625 0.74140625 0.025 0.0203125
0 0.36484375 0.75390625 0.025 0.0234375
0 0.3890625 0.75390625 0.0265625 0.0203125
0 0.37734375 0.7703125 0.025 0.0203125
0 0.4640625 0.76484375 0.025 0.0234375
0 0.4484375 0.73203125 0.025 0.0203125
0 0.4640625 0.7125 0.028125 0.0203125
0 0.4703125 0.690625 0.025 0.021875
0 0.49140625 0.68046875 0.025 0.021875
0 0.53828125 0.7015625 0.028125 0.0203125
0 0.5328125 0.67890625 0.025 0.0203125
0 0.51015625 0.6703125 0.0234375 0.0203125
0 0.4671875 0.60234375 0.025 0.0203125
0 0.4765625 0.62109375 0.028125 0.0203125
0 0.50703125 0.64296875 0.0296875 0.0234375
0 0.61875 0.6703125 0.028125 0.0234375
0 0.61484375 0.64765625 0.028125 0.0234375
0 0.63515625 0.615625 0.028125 0.0234375
0 0.60546875 0.603125 0.025 0.0203125
0 0.5875 0.61796875 0.0265625 0.0203125
0 0.55859375 0.575 0.025 0.0234375
0 0.57421875 0.553125 0.028125 0.0203125
0 0.5390625 0.5453125 0.028125 0.0203125
0 0.52265625 0.55546875 0.025 0.0203125
0 0.459375 0.56328125 0.025 0.0203125
0 0.45546875 0.578125 0.025 0.0171875
0 0.46953125 0.5515625 0.01875 0.01875
0 0.44140625 0.55859375 0.0203125 0.015625
0 0.42734375 0.54296875 0.0234375 0.01875
0 0.390625 0.525 0.0265625 0.0203125
0 0.334375 0.51875 0.0203125 0.01875
0 0.2875 0.50078125 0.028125 0.0203125
0 0.34921875 0.50078125 0.0265625 0.0203125
0 0.3546875 0.52421875 0.021875 0.01875
0 0.82890625 0.61328125 0.028125 0.0234375
0 0.8234375 0.58359375 0.0296875 0.0234375
0 0.84296875 0.5515625 0.028125 0.0234375
0 0.859375 0.5359375 0.028125 0.0234375
0 0.8484375 0.51015625 0.025 0.0203125
0 0.8265625 0.49375 0.028125 0.0203125
0 0.78359375 0.459375 0.028125 0.021875
0 0.81171875 0.459375 0.028125 0.021875
0 0.82734375 0.475 0.0265625 0.0203125
0 0.79921875 0.49375 0.025 0.021875
0 0.77890625 0.5046875 0.0265625 0.0234375
0 0.77734375 0.484375 0.028125 0.0203125
0 0.7859375 0.55078125 0.025 0.0234375
0 0.7640625 0.53671875 0.025 0.021875
0 0.74765625 0.51953125 0.025 0.0203125
0 0.71953125 0.603125 0.028125 0.021875
0 0.7234375 0.58125 0.028125 0.0203125
0 0.71640625 0.5625 0.028125 0.0203125
0 0.69609375 0.57734375 0.0265625 0.0203125
0 0.6859375 0.54453125 0.025 0.021875
0 0.6890625 0.56015625 0.025 0.015625
0 0.66875 0.53828125 0.01875 0.01875
0 0.64921875 0.521875 0.0265625 0.0203125
0 0.70703125 0.46875 0.03125 0.0203125
0 0.6890625 0.484375 0.028125 0.0203125
0 0.66953125 0.4703125 0.0265625 0.021875
0 0.6515625 0.453125 0.0265625 0.021875
0 0.62421875 0.45625 0.028125 0.0203125
0 0.57578125 0.48203125 0.025 0.021875
0 0.60078125 0.4890625 0.025 0.01875
0 0.58828125 0.503125 0.0265625 0.0203125
0 0.56953125 0.50546875 0.021875 0.01875
0 0.55625 0.50078125 0.0203125 0.01875
0 0.53125 0.50625 0.0265625 0.0234375
0 0.48828125 0.4953125 0.0265625 0.0203125
0 0.47578125 0.478125 0.0265625 0.0203125
0 0.49140625 0.53203125 0.025 0.0203125
0 0.46796875 0.51875 0.021875 0.01875
0 0.453125 0.521875 0.025 0.0203125
0 0.43828125 0.521875 0.01875 0.0203125
0 0.4171875 0.51640625 0.0265625 0.0203125
0 0.4171875 0.5265625 0.025 0.0140625
0 0.43046875 0.503125 0.021875 0.01875
0 0.40859375 0.49140625 0.025 0.0203125
0 0.39609375 0.49921875 0.021875 0.0171875
0 0.42578125 0.478125 0.025 0.0203125
0 0.390625 0.47734375 0.028125 0.0203125
0 0.40625 0.4390625 0.028125 0.0234375
0 0.3890625 0.45703125 0.028125 0.0203125
0 0.3609375 0.46875 0.0234375 0.0234375
0 0.371875 0.49609375 0.0234375 0.0171875
0 0.36484375 0.4828125 0.025 0.0171875
0 0.3296875 0.4515625 0.028125 0.0203125
0 0.36796875 0.40546875 0.028125 0.0234375
0 0.5484375 0.3515625 0.0328125 0.025
0 0.540625 0.37265625 0.03125 0.0203125
0 0.475 0.81328125 0.025 0.0234375