0 0.559375 0.28984375 0.034375 0.034375
0 0.5140625 0.296875 0.034375 0.0328125
0 0.49609375 0.3265625 0.0328125 0.0328125
0 0.4890625 0.3578125 0.034375 0.034375
0 0.509375 0.38359375 0.0328125 0.03125
0 0.509375 0.41640625 0.034375 0.034375
0 0.50625 0.4609375 0.03125 0.034375
0 0.49765625 0.49375 0.034375 0.034375
0 0.4828125 0.5265625 0.034375 0.034375
0 0.47578125 0.446875 0.034375 0.03125
0 0.42578125 0.3890625 0.034375 0.0328125
0 0.4265625 0.4921875 0.0375 0.0359375
0 0.3796875 0.5296875 0.034375 0.03125
0 0.45546875 0.68359375 0.034375 0.0328125
0 0.44140625 0.72265625 0.0359375 0.034375
0 0.41875 0.66171875 0.034375 0.034375
0 0.37890625 0.73671875 0.034375 0.034375
0 0.3359375 0.71796875 0.0375 0.034375
0 0.21875 0.6484375 0.0375 0.0359375
0 0.22890625 0.68125 0.0375 0.03125
0 0.24296875 0.61484375 0.0375 0.034375
0 0.19609375 0.609375 0.040625 0.034375
0 0.25234375 0.56328125 0.0390625 0.0328125
0 0.275 0.49375 0.034375 0.0359375
0 0.36796875 0.41015625 0.0375 0.0375
0 0.3734375 0.31640625 0.0359375 0.0375
0 0.52890625 0.10078125 0.0375 0.0359375
0 0.503125 0.2078125 0.0375 0.0359375
0 0.4296875 0.17890625 0.0375 0.0375
0 0.3796875 0.2421875 0.0375 0.034375
0 0.31953125 0.29765625 0.0390625 0.0328125
0 0.253125 0.31875 0.040625 0.034375
0 0.20625 0.33828125 0.0375 0.0359375
0 0.18046875 0.384375 0.0375 0.034375
0 0.23203125 0.41484375 0.0359375 0.034375
0 0.1453125 0.45546875 0.0375 0.034375
0 0.1203125 0.5703125 0.034375 0.0359375
0 0.0859375 0.58046875 0.034375 0.034375