0 0.3078125 0.503125 0.0296875 0.0296875
0 0.2828125 0.4984375 0.0265625 0.0265625
0 0.31875 0.5234375 0.0265625 0.0265625
0 0.2375 0.45625 0.0296875 0.0296875
0 0.26484375 0.4765625 0.028125 0.028125
0 0.375 0.525 0.025 0.025
0 0.409375 0.56015625 0.025 0.0265625
0 0.25 0.43359375 0.028125 0.028125
0 0.2 0.4421875 0.0296875 0.0296875
0 0.29921875 0.48203125 0.028125 0.028125
0 0.1984375 0.41953125 0.0296875 0.0296875
0 0.3234375 0.43046875 0.0265625 0.0265625
0 0.340625 0.49609375 0.0265625 0.0265625
0 0.46875 0.56328125 0.025 0.025
0 0.5078125 0.5921875 0.025 0.0265625
0 0.42578125 0.53046875 0.025 0.025
0 0.4046875 0.53828125 0.028125 0.028125
0 0.3828125 0.50078125 0.025 0.025
0 0.5546875 0.653125 0.0265625 0.0265625
0 0.43203125 0.5515625 0.0265625 0.0265625
0 0.2703125 0.4203125 0.028125 0.028125
0 0.29921875 0.42578125 0.0265625 0.0265625
0 0.396875 0.5171875 0.0265625 0.0265625
0 0.43984375 0.50859375 0.025 0.0265625
0 0.28203125 0.43984375 0.0265625 0.028125
0 0.30625 0.4484375 0.028125 0.028125
0 0.45234375 0.5421875 0.025 0.025
0 0.3765625 0.55625 0.0265625 0.028125
0 0.4828125 0.6015625 0.025 0.025
0 0.50625 0.61875 0.0265625 0.0265625
0 0.175 0.4171875 0.0296875 0.0296875
0 0.228125 0.3953125 0.028125 0.028125
0 0.52578125 0.55234375 0.025 0.025
0 0.25390625 0.40390625 0.0296875 0.0296875
0 0.47734375 0.50859375 0.0265625 0.025
0 0.22265625 0.43828125 0.0265625 0.0265625
0 0.34375 0.4453125 0.0265625 0.0265625
0 0.2703125 0.3890625 0.028125 0.0265625
0 0.53046875 0.57890625 0.025 0.025
0 0.34140625 0.51953125 0.028125 0.0265625
0 0.3828125 0.47265625 0.0265625 0.0265625
0 0.4890625 0.55390625 0.0265625 0.0265625
0 0.36484375 0.4359375 0.025 0.0265625
0 0.23515625 0.41875 0.028125 0.0265625
0 0.24765625 0.3828125 0.028125 0.0265625
0 0.528125 0.62109375 0.0265625 0.0265625
0 0.54609375 0.6078125 0.0265625 0.025
0 0.34609375 0.54296875 0.0296875 0.0296875
0 0.3421875 0.47421875 0.0265625 0.0265625
0 0.4984375 0.65234375 0.0265625 0.025
0 0.459375 0.5203125 0.025 0.025
0 0.55703125 0.63046875 0.025 0.025
0 0.41953125 0.5875 0.0265625 0.025
0 0.51875 0.6421875 0.025 0.025
0 0.321875 0.484375 0.0265625 0.0265625
0 0.4984375 0.53359375 0.0265625 0.025
0 0.40390625 0.48125 0.025 0.025
0 0.2625 0.45390625 0.028125 0.028125
0 0.1828125 0.39609375 0.028125 0.028125
0 0.48984375 0.5765625 0.025 0.025
0 0.63046875 0.47578125 0.025 0.025
0 0.2890625 0.46171875 0.028125 0.028125
0 0.315625 0.409375 0.025 0.025
0 0.41328125 0.50078125 0.025 0.025
0 0.6640625 0.72265625 0.028125 0.028125
0 0.60859375 0.66484375 0.0265625 0.028125
0 0.36015625 0.50625 0.028125 0.028125
0 0.67265625 0.69453125 0.025 0.025
0 0.59765625 0.6390625 0.025 0.0265625
0 0.6140625 0.48984375 0.025 0.025
0 0.36328125 0.48515625 0.0296875 0.0296875
0 0.70859375 0.75703125 0.0265625 0.025
0 0.63984375 0.67890625 0.0265625 0.0265625
0 0.68203125 0.7515625 0.025 0.025
0 0.20625 0.39921875 0.028125 0.028125
0 0.7328125 0.7625 0.025 0.025
0 0.32421875 0.46171875 0.028125 0.0265625
0 0.2125 0.37734375 0.0265625 0.0265625
0 0.7328125 0.73828125 0.025 0.025
0 0.18046875 0.45703125 0.0296875 0.0296875
0 0.4171875 0.61796875 0.0265625 0.0265625
0 0.59609375 0.69296875 0.0296875 0.0296875
0 0.609375 0.465625 0.025 0.0265625
0 0.2890625 0.4046875 0.028125 0.0265625
0 0.18203125 0.37265625 0.028125 0.0265625
0 0.61875 0.6453125 0.025 0.025
0 0.76796875 0.5078125 0.025 0.025
0 0.6875 0.72890625 0.028125 0.0265625
0 0.66171875 0.74609375 0.0296875 0.0296875
0 0.575 0.64453125 0.025 0.025
0 0.36328125 0.4625 0.0265625 0.0265625
0 0.53125 0.671875 0.028125 0.028125
0 0.34453125 0.4234375 0.0265625 0.025
0 0.7078125 0.7359375 0.025 0.025
0 0.640625 0.653125 0.0265625 0.028125
0 0.6890625 0.71015625 0.025 0.025
0 0.61953125 0.71015625 0.0296875 0.0296875
0 0.6453125 0.70078125 0.025 0.0265625
0 0.5515625 0.5453125 0.0265625 0.025
0 0.484375 0.23515625 0.025 0.0265625
0 0.4515625 0.61328125 0.028125 0.028125
0 0.6390625 0.50390625 0.025 0.025
0 0.62734375 0.44140625 0.025 0.025
0 0.659375 0.66796875 0.025 0.0265625
0 0.3546875 0.584375 0.028125 0.028125
0 0.6078125 0.6171875 0.025 0.025
0 0.7 0.77890625 0.025 0.0265625
0 0.7296875 0.49453125 0.025 0.025
0 0.7125 0.69296875 0.0265625 0.025
0 0.5109375 0.2515625 0.0265625 0.025
0 0.68671875 0.67265625 0.025 0.025
0 0.59765625 0.4453125 0.028125 0.0265625
0 0.775 0.75078125 0.025 0.025
0 0.75703125 0.77265625 0.0265625 0.028125
0 0.4765625 0.48515625 0.028125 0.0265625
0 0.38203125 0.45078125 0.025 0.025
0 0.58203125 0.35390625 0.028125 0.0265625
0 0.7171875 0.71328125 0.025 0.025
0 0.56640625 0.33828125 0.025 0.025
0 0.771875 0.5390625 0.0265625 0.025
0 0.52734375 0.27109375 0.0265625 0.025
0 0.221875 0.35625 0.028125 0.0265625
0 0.75234375 0.48828125 0.0265625 0.025
0 0.0953125 0.38984375 0.028125 0.028125
0 0.5859375 0.6703125 0.0265625 0.025
0 0.7 0.44921875 0.025 0.025
0 0.58359375 0.39453125 0.0296875 0.0265625
0 0.72578125 0.784375 0.028125 0.028125
0 0.11953125 0.3921875 0.0265625 0.025
0 0.678125 0.55546875 0.025 0.025
0 0.7328125 0.43359375 0.025 0.025
0 0.56171875 0.284375 0.025 0.025
0 0.47421875 0.21640625 0.028125 0.0265625
0 0.50546875 0.2265625 0.0265625 0.0265625
0 0.80078125 0.48671875 0.028125 0.0265625
0 0.7546875 0.66875 0.025 0.0234375
0 0.6171875 0.6859375 0.025 0.025
0 0.81328125 0.69140625 0.0265625 0.025
0 0.490625 0.83515625 0.028125 0.028125
0 0.30625 0.7515625 0.028125 0.0265625
0 0.45625 0.8640625 0.0296875 0.0328125
0 0.32578125 0.22421875 0.025 0.025
0 0.77890625 0.784375 0.028125 0.028125
0 0.5875 0.56640625 0.03125 0.0265625