0 0.48359375 0.809375 0.01640625 0.0171875
0 0.52109375 0.81328125 0.0171875 0.01953125
0 0.2625 0.73046875 0.02109375 0.01953125
0 0.2515625 0.7046875 0.01640625 0.01953125
0 0.390625 0.7078125 0.0171875 0.01796875
0 0.37265625 0.70546875 0.0171875 0.01953125
0 0.36796875 0.6875 0.01875 0.01875
0 0.3796875 0.66875 0.01796875 0.01875
0 0.384375 0.68671875 0.0171875 0.01875
0 0.49921875 0.759375 0.01796875 0.01953125
0 0.48046875 0.72109375 0.01953125 0.0203125
0 0.4515625 0.6796875 0.01796875 0.01953125
0 0.6703125 0.71015625 0.01796875 0.02109375
0 0.640625 0.64765625 0.0203125 0.01953125
0 0.69140625 0.66328125 0.01953125 0.01796875
0 0.715625 0.66328125 0.01953125 0.01875
0 0.68046875 0.64765625 0.01953125 0.01953125
0 0.66953125 0.63203125 0.0203125 0.01796875
0 0.6921875 0.63359375 0.01796875 0.0203125
0 0.71796875 0.64296875 0.01875 0.01953125
0 0.7 0.64921875 0.015625 0.01796875
0 0.57421875 0.6296875 0.01875 0.01953125
0 0.4296875 0.628125 0.01875 0.01953125
0 0.43203125 0.6109375 0.01953125 0.01953125
0 0.39921875 0.59609375 0.01953125 0.02109375
0 0.3734375 0.5921875 0.01953125 0.021875
0 0.3375 0.6390625 0.01875 0.02109375
0 0.3015625 0.5953125 0.01875 0.01875
0 0.29453125 0.58671875 0.01875 0.0171875
0 0.4875 0.584375 0.01875 0.0203125
0 0.47578125 0.565625 0.0171875 0.01796875
0 0.49140625 0.559375 0.01953125 0.0203125
0 0.5359375 0.56875 0.01953125 0.01875
0 0.553125 0.56171875 0.01953125 0.0203125
0 0.54375 0.54765625 0.01875 0.02109375
0 0.56640625 0.53828125 0.02109375 0.01796875
0 0.5515625 0.53046875 0.01953125 0.01796875
0 0.525 0.5265625 0.0171875 0.0203125
0 0.50078125 0.5234375 0.01875 0.01953125
0 0.4921875 0.50546875 0.02109375 0.01875
0 0.51171875 0.51015625 0.01953125 0.0171875
0 0.52734375 0.503125 0.01953125 0.01953125
0 0.54375 0.5125 0.0171875 0.01953125
0 0.50625 0.49453125 0.01953125 0.01640625
0 0.4921875 0.4828125 0.0203125 0.0171875
0 0.5171875 0.4890625 0.01796875 0.01640625
0 0.53203125 0.4828125 0.01796875 0.01796875
0 0.5078125 0.475 0.01796875 0.01796875
0 0.5109375 0.46015625 0.01953125 0.01875
0 0.5015625 0.44765625 0.02109375 0.01953125
0 0.5296875 0.44609375 0.021875 0.0203125
0 0.4421875 0.4734375 0.01875 0.02109375
0 0.42421875 0.47734375 0.021875 0.0203125
0 0.4390625 0.45 0.021875 0.01953125
0 0.328125 0.50625 0.0234375 0.02265625
0 0.26875 0.4875 0.02109375 0.021875
0 0.2125 0.51875 0.021875 0.021875
0 0.4734375 0.425 0.01953125 0.01953125
0 0.45703125 0.42265625 0.0171875 0.01796875
0 0.41875 0.40625 0.01953125 0.0203125
0 0.44453125 0.39921875 0.01875 0.01953125
0 0.46640625 0.4078125 0.015625 0.01796875
0 0.4609375 0.39453125 0.0171875 0.0171875
0 0.4921875 0.40546875 0.0171875 0.01796875
0 0.47734375 0.40234375 0.01953125 0.0203125
0 0.4953125 0.39140625 0.015625 0.0171875
0 0.48828125 0.37578125 0.0171875 0.01640625
0 0.509375 0.3859375 0.01640625 0.01875
0 0.5046875 0.36328125 0.01875 0.0171875
0 0.6265625 0.57578125 0.0171875 0.01875
0 0.63828125 0.5609375 0.0171875 0.01796875
0 0.6546875 0.54375 0.0203125 0.0171875
0 0.734375 0.6078125 0.01796875 0.0203125
0 0.73515625 0.5671875 0.01796875 0.01875
0 0.7578125 0.58984375 0.01796875 0.01953125
0 0.753125 0.5734375 0.0171875 0.01796875
0 0.60390625 0.5046875 0.01640625 0.01875
0 0.5875 0.4921875 0.01875 0.01796875
0 0.5890625 0.475 0.0171875 0.0171875
0 0.6 0.46015625 0.01796875 0.01796875
0 0.5875 0.44921875 0.015625 0.01796875
0 0.56953125 0.4484375 0.0203125 0.0203125
0 0.6 0.43515625 0.01875 0.0203125
0 0.65859375 0.48671875 0.01796875 0.02109375
0 0.64609375 0.46015625 0.01875 0.01875
0 0.646875 0.4421875 0.021875 0.01875
0 0.67265625 0.45546875 0.01875 0.02109375
0 0.68671875 0.44296875 0.02265625 0.02109375
0 0.5734375 0.3796875 0.015625 0.0171875
0 0.5625 0.36640625 0.015625 0.0171875
0 0.54140625 0.3703125 0.01640625 0.0171875
0 0.51953125 0.36953125 0.0171875 0.01875
0 0.52578125 0.353125 0.01640625 0.01796875
0 0.5421875 0.3515625 0.01796875 0.01875
0 0.58515625 0.36484375 0.0171875 0.0171875
0 0.60546875 0.35078125 0.01953125 0.02109375
0 0.6421875 0.3765625 0.01953125 0.01796875
0 0.62734375 0.346875 0.01640625 0.01796875
0 0.6484375 0.35390625 0.0171875 0.01875
0 0.6484375 0.31953125 0.0171875 0.01953125
0 0.6984375 0.31796875 0.01796875 0.0203125
0 0.709375 0.29140625 0.0171875 0.01953125
0 0.67578125 0.28125 0.01640625 0.01953125
0 0.60546875 0.28984375 0.01640625 0.01875
0 0.57109375 0.28984375 0.0171875 0.01640625
0 0.5515625 0.2984375 0.01640625 0.0171875
0 0.5890625 0.2765625 0.015625 0.01640625
0 0.56328125 0.2671875 0.01484375 0.0171875
0 0.60625 0.271875 0.01796875 0.01640625
0 0.62109375 0.2578125 0.01875 0.01796875
0 0.54765625 0.26171875 0.01640625 0.0171875
0 0.503125 0.31171875 0.0171875 0.01875
0 0.49296875 0.290625 0.01875 0.0203125
0 0.52734375 0.2390625 0.0171875 0.01796875
0 0.48359375 0.23359375 0.01796875 0.0171875
0 0.47578125 0.2125 0.01796875 0.01953125
0 0.54453125 0.23828125 0.015625 0.01875
0 0.5375 0.2140625 0.01640625 0.01796875
0 0.55390625 0.2265625 0.01796875 0.01640625
0 0.546875 0.19921875 0.01640625 0.0171875
0 0.5609375 0.209375 0.01875 0.01640625
0 0.4171875 0.19296875 0.0171875 0.0171875
0 0.44453125 0.18671875 0.01796875 0.01640625
0 0.43203125 0.190625 0.01328125 0.01796875
0 0.34921875 0.20234375 0.01796875 0.01796875
0 0.321875 0.21171875 0.01796875 0.0171875
0 0.30546875 0.22265625 0.0171875 0.01796875
0 0.33203125 0.2265625 0.01875 0.01875
0 0.353125 0.259375 0.01875 0.01953125
0 0.340625 0.27109375 0.01796875 0.0171875
0 0.38984375 0.284375 0.01953125 0.0203125
0 0.37421875 0.29140625 0.01796875 0.01953125
0 0.35859375 0.303125 0.01875 0.0203125
0 0.3984375 0.33828125 0.01875 0.01796875
0 0.37890625 0.34140625 0.01796875 0.0171875
0 0.37265625 0.35703125 0.0203125 0.0171875
0 0.36796875 0.37734375 0.02109375 0.01953125
0 0.6453125 0.24375 0.01875 0.01796875
0 0.61484375 0.23828125 0.01640625 0.0171875
0 0.625 0.225 0.015625 0.0171875
0 0.63046875 0.209375 0.0171875 0.01640625
0 0.6296875 0.18984375 0.0171875 0.01875
0 0.68828125 0.18671875 0.01640625 0.01953125
0 0.2828125 0.16484375 0.02109375 0.0265625