0 0.86015625 0.3140625 0.0515625 0.0609375
0 0.66171875 0.07421875 0.0390625 0.04375
0 0.7046875 0.11640625 0.0375 0.046875
0 0.66796875 0.11796875 0.0375 0.0484375
0 0.76640625 0.19609375 0.0359375 0.04375
0 0.7484375 0.22109375 0.0359375 0.0421875
0 0.7390625 0.184375 0.0359375 0.040625
0 0.784375 0.31875 0.0421875 0.046875
0 0.73671875 0.31015625 0.0359375 0.040625
0 0.71171875 0.340625 0.0359375 0.040625
0 0.684375 0.353125 0.0359375 0.040625
0 0.67578125 0.3859375 0.034375 0.0375
0 0.64765625 0.17734375 0.03125 0.0375
0 0.625 0.1515625 0.0328125 0.0421875
0 0.590625 0.21953125 0.0359375 0.0421875
0 0.49921875 0.20859375 0.0375 0.04375
0 0.453125 0.0578125 0.0359375 0.0421875
0 0.45234375 0.17578125 0.0359375 0.0453125
0 0.7015625 0.565625 0.0359375 0.04375
0 0.66640625 0.56796875 0.0359375 0.0421875
0 0.6171875 0.5390625 0.0359375 0.040625
0 0.62734375 0.60703125 0.0390625 0.0453125
0 0.60078125 0.56953125 0.0359375 0.040625
0 0.7203125 0.4453125 0.034375 0.04375
0 0.6859375 0.44609375 0.034375 0.0390625
0 0.6671875 0.41796875 0.034375 0.0375
0 0.62890625 0.41875 0.0359375 0.0421875
0 0.58984375 0.38828125 0.0359375 0.0421875
0 0.55859375 0.384375 0.034375 0.0390625
0 0.5234375 0.375 0.0296875 0.0390625
0 0.50234375 0.3859375 0.034375 0.0390625
0 0.49140625 0.40078125 0.0296875 0.03125
0 0.4921875 0.359375 0.0296875 0.0296875
0 0.465625 0.34765625 0.0328125 0.040625
0 0.5484375 0.51171875 0.0375 0.0453125
0 0.521875 0.54375 0.034375 0.0390625
0 0.50234375 0.5 0.0328125 0.0421875
0 0.5109375 0.47265625 0.034375 0.0390625
0 0.46875 0.43984375 0.034375 0.0390625
0 0.4484375 0.50234375 0.0359375 0.0421875
0 0.4265625 0.5671875 0.034375 0.0390625
0 0.4578125 0.5515625 0.0375 0.034375
0 0.4609375 0.578125 0.0328125 0.0421875
0 0.4453125 0.53125 0.03125 0.025
0 0.44453125 0.59765625 0.0328125 0.040625
0 0.503125 0.653125 0.0359375 0.0421875
0 0.59140625 0.7015625 0.034375 0.0390625
0 0.63515625 0.725 0.0359375 0.040625
0 0.60703125 0.73671875 0.034375 0.0421875
0 0.5796875 0.73203125 0.034375 0.0421875
0 0.54375 0.69609375 0.034375 0.0375
0 0.53125 0.675 0.0328125 0.0296875
0 0.565625 0.6953125 0.03125 0.0390625
0 0.68203125 0.87109375 0.0421875 0.046875
0 0.55703125 0.803125 0.034375 0.0390625
0 0.5296875 0.78984375 0.034375 0.0390625
0 0.5203125 0.83125 0.0359375 0.04375
0 0.584375 0.83359375 0.0421875 0.046875
0 0.603125 0.90703125 0.0390625 0.0453125
0 0.63984375 0.87109375 0.0390625 0.046875
0 0.5859375 0.93515625 0.0375 0.04375
0 0.54609375 0.925 0.0359375 0.0421875
0 0.51640625 0.8984375 0.0359375 0.0421875
0 0.50859375 0.8640625 0.034375 0.034375
0 0.49140625 0.90625 0.0328125 0.0453125
0 0.465625 0.88828125 0.0390625 0.04375
0 0.4578125 0.85078125 0.0390625 0.046875
0 0.48984375 0.83515625 0.0390625 0.046875
0 0.44765625 0.74765625 0.0390625 0.046875
0 0.4640625 0.72109375 0.0328125 0.0390625
0 0.4390625 0.696875 0.0359375 0.04375
0 0.41015625 0.68046875 0.0390625 0.0453125
0 0.40625 0.64140625 0.0390625 0.04375
0 0.42109375 0.446875 0.0328125 0.0390625
0 0.3921875 0.434375 0.0359375 0.0421875
0 0.44375 0.36953125 0.0296875 0.028125
0 0.44765625 0.41484375 0.0328125 0.03125
0 0.4453125 0.3921875 0.0328125 0.0390625
0 0.4140625 0.36953125 0.034375 0.0390625
0 0.44296875 0.340625 0.021875 0.0359375
0 0.42578125 0.34140625 0.03125 0.0375
0 0.43125 0.30546875 0.0359375 0.040625
0 0.4203125 0.25703125 0.03125 0.0359375
0 0.4046875 0.23125 0.0328125 0.0390625
0 0.36796875 0.17734375 0.0375 0.04375
0 0.3859375 0.25546875 0.0328125 0.0390625
0 0.36796875 0.284375 0.0296875 0.04375
0 0.3984375 0.3203125 0.028125 0.0328125
0 0.38515625 0.28828125 0.0328125 0.0421875
0 0.3671875 0.3203125 0.0328125 0.0375
0 0.37890625 0.3671875 0.0328125 0.04375
0 0.3921875 0.340625 0.03125 0.0359375
0 0.34375 0.2859375 0.0328125 0.0390625
0 0.33828125 0.32890625 0.034375 0.0390625
0 0.3125 0.246875 0.0359375 0.040625
0 0.32109375 0.35625 0.0359375 0.0421875
0 0.265625 0.31796875 0.0359375 0.0453125
0 0.27265625 0.55625 0.0359375 0.0421875
0 0.2484375 0.575 0.0359375 0.0453125