0 0.46328125 0.4921875 0.0140625 0.0125
0 0.46875 0.4828125 0.0109375 0.0140625
0 0.47734375 0.47578125 0.0140625 0.0125
0 0.471875 0.5 0.0140625 0.0140625
0 0.47734375 0.4890625 0.0140625 0.0140625
0 0.459375 0.50234375 0.0125 0.0125
0 0.478125 0.5140625 0.0140625 0.0140625
0 0.4671875 0.509375 0.0140625 0.0125
0 0.4890625 0.5109375 0.0109375 0.0125
0 0.4828125 0.50078125 0.0140625 0.0125
0 0.48125 0.52265625 0.0140625 0.0109375
0 0.465625 0.5359375 0.0140625 0.0125
0 0.46015625 0.5265625 0.0125 0.0109375
0 0.4734375 0.54296875 0.0109375 0.0125
0 0.4765625 0.53203125 0.0125 0.0109375
0 0.4703125 0.52265625 0.0109375 0.0109375
0 0.459375 0.51640625 0.0140625 0.0109375
0 0.47890625 0.553125 0.0140625 0.0125
0 0.4734375 0.5625 0.0140625 0.0125
0 0.4671875 0.5515625 0.0125 0.0125
0 0.45859375 0.5453125 0.0125 0.0125
0 0.4671875 0.571875 0.0125 0.0140625
0 0.459375 0.56015625 0.0125 0.0109375
0 0.45078125 0.55234375 0.0125 0.0109375
0 0.45390625 0.5359375 0.0109375 0.0125
0 0.45 0.525 0.0140625 0.0140625
0 0.45078125 0.51015625 0.0140625 0.0109375
0 0.49375 0.5015625 0.0125 0.0140625
0 0.48515625 0.56328125 0.0140625 0.0140625
0 0.46640625 0.471875 0.0140625 0.0109375
0 0.459375 0.47890625 0.0140625 0.0109375
0 0.453125 0.4875 0.0140625 0.0140625
0 0.44921875 0.4984375 0.0140625 0.0125
0 0.44921875 0.47421875 0.0125 0.0125
0 0.44453125 0.48359375 0.0140625 0.0109375
0 0.45703125 0.57109375 0.0140625 0.0140625
0 0.44921875 0.56328125 0.0109375 0.0125
0 0.446875 0.5421875 0.0125 0.0125
0 0.4328125 0.51796875 0.0140625 0.0140625
0 0.4421875 0.51640625 0.0109375 0.0125
0 0.44140625 0.50546875 0.0140625 0.0109375
0 0.43046875 0.50703125 0.0140625 0.0125
0 0.43984375 0.49296875 0.0125 0.0109375
0 0.43515625 0.4796875 0.0109375 0.0140625
0 0.43984375 0.4703125 0.0125 0.0125
0 0.4859375 0.54453125 0.0140625 0.0109375
0 0.4625 0.58125 0.0125 0.0109375
0 0.47890625 0.571875 0.0140625 0.0125
0 0.4734375 0.58203125 0.0125 0.0109375
0 0.46640625 0.59140625 0.0140625 0.0109375
0 0.4546875 0.58984375 0.0140625 0.0109375
0 0.44921875 0.57890625 0.0125 0.0125
0 0.44140625 0.5703125 0.0109375 0.0125
0 0.440625 0.55546875 0.0109375 0.0109375
0 0.43515625 0.54609375 0.0140625 0.0125
0 0.42578125 0.54921875 0.0125 0.0109375
0 0.4296875 0.5328125 0.0125 0.0140625
0 0.42421875 0.52421875 0.0140625 0.0125
0 0.43046875 0.4890625 0.0140625 0.0125
0 0.4203125 0.51171875 0.0125 0.0109375
0 0.48515625 0.4828125 0.0109375 0.0109375
0 0.45703125 0.465625 0.0109375 0.0140625
0 0.44765625 0.46171875 0.0125 0.0125
0 0.42578125 0.459375 0.0125 0.0125
0 0.41796875 0.46796875 0.0140625 0.0125
0 0.42890625 0.4703125 0.0140625 0.0140625
0 0.43125 0.56796875 0.0109375 0.0140625
0 0.4296875 0.5578125 0.0140625 0.0140625
0 0.421875 0.5375 0.0125 0.0109375
0 0.41328125 0.528125 0.0140625 0.0140625
0 0.4109375 0.515625 0.0125 0.0125
0 0.40859375 0.49375 0.0140625 0.0109375
0 0.4125 0.5046875 0.0125 0.0125
0 0.42421875 0.47890625 0.0125 0.0109375
0 0.4015625 0.47890625 0.0140625 0.0125
0 0.4125 0.4765625 0.0140625 0.0125
0 0.43125 0.4375 0.0140625 0.0125
0 0.46171875 0.60234375 0.0125 0.0125
0 0.48125 0.5875 0.0140625 0.0125
0 0.421875 0.44921875 0.0140625 0.0140625
0 0.3984375 0.4890625 0.0125 0.0140625
0 0.4421875 0.59140625 0.0109375 0.0125
0 0.40234375 0.50390625 0.0109375 0.0125
0 0.4078125 0.46640625 0.0125 0.0140625
0 0.46796875 0.45546875 0.0125 0.0109375
0 0.49375 0.475 0.0109375 0.0109375
0 0.49140625 0.5546875 0.0125 0.0125
0 0.4921875 0.52109375 0.0109375 0.0125
0 0.4375 0.58203125 0.0109375 0.0140625
0 0.48828125 0.5328125 0.0109375 0.0109375
0 0.44453125 0.45 0.0109375 0.0109375
0 0.4359375 0.45703125 0.0125 0.0125
0 0.48359375 0.46640625 0.0109375 0.0109375
0 0.44296875 0.53046875 0.0140625 0.0140625
0 0.41953125 0.48828125 0.0140625 0.0140625
0 0.4140625 0.45859375 0.0140625 0.0140625
0 0.45546875 0.4546875 0.0125 0.0140625
0 0.4234375 0.49921875 0.0140625 0.0140625
0 0.47421875 0.4640625 0.0140625 0.0125