0 0.5609375 0.85234375 0.02890625 0.03203125
0 0.5546875 0.81953125 0.0234375 0.0296875
0 0.5796875 0.76796875 0.02265625 0.02578125
0 0.5578125 0.7625 0.0234375 0.02734375
0 0.5328125 0.76953125 0.02421875 0.02890625
0 0.5046875 0.75234375 0.0265625 0.028125
0 0.56484375 0.73828125 0.021875 0.02421875
0 0.5421875 0.74296875 0.0234375 0.02578125
0 0.521875 0.73515625 0.02890625 0.0296875
0 0.58203125 0.7375 0.025 0.03125
0 0.57890625 0.71328125 0.025 0.025
0 0.55 0.7125 0.02734375 0.0296875
0 0.5296875 0.70859375 0.021875 0.0265625
0 0.50859375 0.7 0.02421875 0.03046875
0 0.565625 0.69140625 0.02265625 0.028125
0 0.53984375 0.6875 0.02265625 0.02265625
0 0.62109375 0.71953125 0.021875 0.02890625
0 0.6140625 0.68515625 0.021875 0.02421875
0 0.61875 0.65859375 0.0203125 0.02265625
0 0.5828125 0.65546875 0.0203125 0.0234375
0 0.59609375 0.63359375 0.01953125 0.02265625
0 0.6234375 0.6296875 0.01796875 0.0203125
0 0.528125 0.66796875 0.0203125 0.025
0 0.54296875 0.6484375 0.01953125 0.0234375
0 0.5625 0.62890625 0.01953125 0.01875
0 0.503125 0.65703125 0.02109375 0.02265625
0 0.52265625 0.64296875 0.01875 0.02265625
0 0.4921875 0.63203125 0.0203125 0.02265625
0 0.515625 0.6203125 0.01953125 0.021875
0 0.54140625 0.6234375 0.02109375 0.02265625
0 0.5671875 0.60546875 0.01953125 0.021875
0 0.4984375 0.60703125 0.0203125 0.02265625
0 0.51796875 0.5953125 0.02109375 0.02421875
0 0.48203125 0.58984375 0.0203125 0.025
0 0.49609375 0.56796875 0.01953125 0.02265625
0 0.54921875 0.5953125 0.021875 0.02265625
0 0.6 0.58359375 0.01875 0.0234375
0 0.5671875 0.58046875 0.0203125 0.0234375
0 0.54765625 0.57265625 0.01875 0.0203125
0 0.5265625 0.5671875 0.0234375 0.02265625
0 0.5640625 0.55625 0.021875 0.02265625
0 0.54296875 0.54609375 0.02109375 0.0203125
0 0.515625 0.5453125 0.02109375 0.02265625
0 0.48828125 0.5421875 0.02109375 0.02421875
0 0.4703125 0.521875 0.0234375 0.02421875
0 0.540625 0.521875 0.02109375 0.02421875
0 0.51875 0.5203125 0.021875 0.0234375
0 0.6078125 0.55 0.02265625 0.02109375
0 0.5984375 0.52890625 0.02109375 0.0234375
0 0.57890625 0.52734375 0.02109375 0.0234375
0 0.57109375 0.50390625 0.0203125 0.02265625
0 0.5484375 0.4890625 0.0203125 0.021875
0 0.53125 0.5 0.021875 0.0203125
0 0.50859375 0.49765625 0.01953125 0.02109375
0 0.52265625 0.47734375 0.0234375 0.0203125
0 0.58125 0.4765625 0.01953125 0.0234375
0 0.56015625 0.46953125 0.02265625 0.02265625
0 0.53984375 0.465625 0.01953125 0.02265625
0 0.55234375 0.446875 0.01875 0.0203125
0 0.58125 0.4515625 0.02109375 0.0234375
0 0.5171875 0.45546875 0.021875 0.02109375
0 0.49375 0.478125 0.02109375 0.02265625
0 0.47890625 0.4578125 0.0203125 0.0234375
0 0.4640625 0.440625 0.02109375 0.02265625
0 0.52109375 0.4328125 0.02109375 0.02109375
0 0.5640625 0.4296875 0.01953125 0.021875
0 0.54140625 0.42734375 0.01953125 0.02109375
0 0.54921875 0.40625 0.02109375 0.02109375
0 0.51875 0.41015625 0.021875 0.02265625
0 0.4859375 0.40546875 0.021875 0.0234375
0 0.57109375 0.40390625 0.01875 0.01953125
0 0.59453125 0.40234375 0.02109375 0.0234375
0 0.58125 0.38515625 0.0203125 0.021875
0 0.59921875 0.37578125 0.01875 0.021875
0 0.56328125 0.3734375 0.0203125 0.02265625
0 0.54609375 0.384375 0.0234375 0.02109375
0 0.5296875 0.3703125 0.02109375 0.02265625
0 0.50390625 0.3734375 0.021875 0.02421875
0 0.53828125 0.3484375 0.02265625 0.02265625
0 0.56640625 0.35 0.01953125 0.0234375
0 0.60078125 0.60859375 0.0203125 0.02265625
0 0.3171875 0.51640625 0.02421875 0.025
0 0.5859375 0.35390625 0.01953125 0.02109375
0 0.60625 0.3515625 0.01640625 0.021875
0 0.59296875 0.3328125 0.01875 0.01953125
0 0.57578125 0.31875 0.0203125 0.02421875
0 0.55078125 0.33125 0.02109375 0.025
0 0.5359375 0.31328125 0.0203125 0.02578125
0 0.50078125 0.340625 0.0234375 0.0265625
0 0.471875 0.34765625 0.02265625 0.0265625
0 0.5109375 0.31953125 0.021875 0.025
0 0.48984375 0.31015625 0.02265625 0.02578125
0 0.46171875 0.31015625 0.02265625 0.02734375
0 0.496875 0.2828125 0.02265625 0.02578125
0 0.53125 0.28828125 0.02265625 0.025
0 0.51640625 0.26875 0.02265625 0.02421875
0 0.4984375 0.25 0.02265625 0.02734375
0 0.52265625 0.24921875 0.02265625 0.028125
0 0.55234375 0.24921875 0.02265625 0.02734375
0 0.5296875 0.22265625 0.02578125 0.028125
0 0.50625 0.22578125 0.025 0.02578125
0 0.47734375 0.2328125 0.02578125 0.02734375
0 0.484375 0.21015625 0.0234375 0.028125
0 0.46015625 0.20078125 0.02265625 0.028125
0 0.4734375 0.18046875 0.02265625 0.028125
0 0.4484375 0.1625 0.0234375 0.0265625
0 0.46796875 0.15 0.0234375 0.025
0 0.490625 0.16484375 0.0234375 0.028125
0 0.32109375 0.28125 0.02421875 0.028125
0 0.26484375 0.30625 0.02734375 0.03359375
0 0.59453125 0.30390625 0.0203125 0.02265625
0 0.5625 0.290625 0.01953125 0.025
0 0.58359375 0.28203125 0.01953125 0.0234375
0 0.60390625 0.28359375 0.02109375 0.0234375
0 0.6421875 0.309375 0.0203125 0.0234375
0 0.61484375 0.2625 0.02109375 0.02421875
0 0.6125 0.21328125 0.01875 0.021875
0 0.590625 0.20703125 0.0203125 0.02421875
0 0.6 0.18671875 0.02109375 0.02421875
0 0.62578125 0.19375 0.02109375 0.0234375
0 0.61484375 0.1625 0.02109375 0.0234375
0 0.60078125 0.14375 0.021875 0.02421875
0 0.5796875 0.13203125 0.021875 0.02421875
0 0.53125 0.2 0.0234375 0.0234375
0 0.50703125 0.19765625 0.021875 0.02578125
0 0.5265625 0.175 0.021875 0.02578125
0 0.534375 0.15234375 0.021875 0.02890625
0 0.5078125 0.13046875 0.021875 0.02578125
0 0.54375 0.1140625 0.021875 0.02734375
0 0.56328125 0.09375 0.021875 0.02578125
0 0.5234375 0.10078125 0.02109375 0.0296875
0 0.50234375 0.1046875 0.0234375 0.02578125
0 0.53359375 0.075 0.02265625 0.025
0 0.471875 0.1265625 0.02578125 0.025
0 0.4453125 0.12421875 0.02265625 0.0265625
0 0.4671875 0.09765625 0.02265625 0.028125
0 0.44375 0.0984375 0.02421875 0.028125
0 0.446875 0.06875 0.02265625 0.0265625
0 0.4796875 0.0734375 0.021875 0.02578125
0 0.4640625 0.05 0.02578125 0.02578125
0 0.48984375 0.0234375 0.028125 0.0265625
0 0.52109375 0.03046875 0.0234375 0.0265625
0 0.55390625 0.03515625 0.0234375 0.028125
0 0.66953125 0.12109375 0.02265625 0.02578125