0 0.34453125 0.22421875 0.025 0.0234375
0 0.40546875 0.23203125 0.025 0.025
0 0.4546875 0.23984375 0.025 0.0234375
0 0.48125 0.271875 0.0265625 0.0265625
0 0.45390625 0.2109375 0.0265625 0.0265625
0 0.503125 0.22890625 0.0265625 0.025
0 0.51796875 0.2484375 0.0265625 0.025
0 0.5546875 0.2453125 0.0234375 0.0234375
0 0.56171875 0.2671875 0.0265625 0.0265625
0 0.57578125 0.23203125 0.0265625 0.0265625
0 0.609375 0.240625 0.0265625 0.0296875
0 0.52578125 0.1890625 0.028125 0.028125
0 0.578125 0.18203125 0.025 0.0265625
0 0.61796875 0.1796875 0.0265625 0.0265625
0 0.66171875 0.1796875 0.0265625 0.0265625
0 0.696875 0.271875 0.028125 0.0265625
0 0.7296875 0.3140625 0.0296875 0.0265625
0 0.75625 0.3375 0.0296875 0.028125
0 0.8359375 0.31328125 0.0328125 0.0296875
0 0.76015625 0.36640625 0.0296875 0.0328125
0 0.7640625 0.4046875 0.0328125 0.0328125
0 0.7953125 0.39765625 0.0296875 0.028125
0 0.7765625 0.43828125 0.0296875 0.028125
0 0.8 0.4234375 0.0296875 0.0265625
0 0.75390625 0.44921875 0.0265625 0.0296875
0 0.659375 0.4203125 0.03125 0.03125
0 0.63359375 0.47109375 0.0328125 0.0328125
0 0.603125 0.43046875 0.0265625 0.028125
0 0.64921875 0.303125 0.0296875 0.0265625
0 0.59765625 0.32265625 0.0296875 0.0265625
0 0.63203125 0.328125 0.0296875 0.0265625
0 0.5828125 0.353125 0.0265625 0.0234375
0 0.60546875 0.34609375 0.0234375 0.0234375
0 0.575 0.3703125 0.0265625 0.0296875
0 0.55234375 0.35859375 0.0265625 0.0296875
0 0.52265625 0.33515625 0.0265625 0.0265625
0 0.525 0.359375 0.0296875 0.0265625
0 0.47578125 0.346875 0.021875 0.021875
0 0.49765625 0.3375 0.0265625 0.025
0 0.5 0.36171875 0.0265625 0.0265625
0 0.4890625 0.31640625 0.0265625 0.0265625
0 0.4375 0.29765625 0.0265625 0.0265625
0 0.475 0.37578125 0.0265625 0.0265625
0 0.39609375 0.32578125 0.0265625 0.0265625
0 0.3671875 0.31484375 0.028125 0.0265625
0 0.32109375 0.28203125 0.028125 0.0265625
0 0.2359375 0.33984375 0.0296875 0.0265625
0 0.3203125 0.3625 0.028125 0.028125
0 0.33671875 0.33828125 0.0265625 0.0265625
0 0.31875 0.40859375 0.021875 0.021875
0 0.309375 0.390625 0.0265625 0.025
0 0.328125 0.42734375 0.0234375 0.0234375
0 0.403125 0.384375 0.0265625 0.0265625
0 0.44453125 0.39296875 0.0265625 0.0265625
0 0.44296875 0.41796875 0.021875 0.021875
0 0.4296875 0.43671875 0.0265625 0.0265625
0 0.46640625 0.43046875 0.0265625 0.0265625
0 0.53515625 0.39765625 0.028125 0.0296875
0 0.56640625 0.4359375 0.0265625 0.0296875
0 0.5875 0.46171875 0.0265625 0.0265625
0 0.54765625 0.45078125 0.0265625 0.0265625
0 0.5171875 0.45859375 0.0265625 0.0296875
0 0.490625 0.46171875 0.0265625 0.025
0 0.46328125 0.465625 0.025 0.0234375
0 0.4140625 0.48046875 0.0265625 0.0265625
0 0.334375 0.4875 0.0265625 0.0296875
0 0.4546875 0.50078125 0.0296875 0.0265625
0 0.478125 0.49140625 0.0265625 0.0265625
0 0.50390625 0.4875 0.028125 0.0265625
0 0.51953125 0.503125 0.0296875 0.0265625
0 0.5234375 0.528125 0.028125 0.028125
0 0.54140625 0.5578125 0.021875 0.021875
0 0.5484375 0.54140625 0.0265625 0.0265625
0 0.5640625 0.5734375 0.025 0.01875
0 0.565625 0.56171875 0.025 0.0234375
0 0.5765625 0.54609375 0.0265625 0.025
0 0.60859375 0.5015625 0.028125 0.0265625
0 0.6125 0.52734375 0.0265625 0.0265625
0 0.4453125 0.52578125 0.025 0.025
0 0.4640625 0.53828125 0.0296875 0.0265625
0 0.46640625 0.5625 0.0265625 0.025
0 0.48671875 0.55 0.025 0.0234375
0 0.5171875 0.553125 0.0296875 0.0265625
0 0.53125 0.57734375 0.0296875 0.0296875
0 0.5 0.571875 0.025 0.0265625
0 0.4640625 0.58671875 0.0265625 0.0265625
0 0.44140625 0.57734375 0.0265625 0.0265625
0 0.60078125 0.55 0.0265625 0.0265625
0 0.628125 0.54765625 0.028125 0.0265625
0 0.61875 0.56953125 0.0265625 0.0234375
0 0.59453125 0.57421875 0.0234375 0.025
0 0.5921875 0.5984375 0.025 0.0234375
0 0.61875 0.5953125 0.0265625 0.0265625
0 0.59765625 0.625 0.03125 0.0296875
0 0.625 0.61875 0.0328125 0.0265625
0 0.65234375 0.5640625 0.0296875 0.0296875
0 0.65859375 0.53828125 0.0328125 0.0296875
0 0.68671875 0.53125 0.028125 0.028125
0 0.68203125 0.57578125 0.0328125 0.028125
0 0.70625 0.57265625 0.0265625 0.0265625
0 0.690625 0.603125 0.0296875 0.0265625
0 0.7171875 0.60703125 0.0296875 0.028125
0 0.73125 0.58515625 0.0296875 0.0265625
0 0.759375 0.58125 0.0296875 0.0296875
0 0.7453125 0.61171875 0.0296875 0.0296875
0 0.7125 0.63125 0.0296875 0.0296875
0 0.76953125 0.54921875 0.0328125 0.028125
0 0.66015625 0.65078125 0.0265625 0.0265625
0 0.69140625 0.6671875 0.0265625 0.0265625
0 0.6359375 0.65625 0.025 0.0296875
0 0.64921875 0.6796875 0.03125 0.028125
0 0.61171875 0.6609375 0.034375 0.0296875
0 0.60078125 0.68984375 0.0296875 0.0296875
0 0.62578125 0.68828125 0.028125 0.028125
0 0.71796875 0.6921875 0.0328125 0.03125
0 0.80078125 0.6390625 0.0296875 0.0328125
0 0.8296875 0.6453125 0.0296875 0.03125
0 0.82890625 0.6796875 0.0296875 0.0296875
0 0.865625 0.6359375 0.03125 0.0328125
0 0.90078125 0.57578125 0.0296875 0.03125
0 0.51171875 0.5921875 0.0265625 0.0265625
0 0.528125 0.609375 0.0296875 0.0265625
0 0.4890625 0.59453125 0.0265625 0.028125
0 0.46796875 0.6109375 0.0265625 0.0265625
0 0.4796875 0.6328125 0.028125 0.028125
0 0.4828125 0.65859375 0.0296875 0.0265625
0 0.49453125 0.82890625 0.0296875 0.0296875
0 0.50234375 0.85625 0.0265625 0.0296875
0 0.52265625 0.84140625 0.0296875 0.028125
0 0.540625 0.82109375 0.0296875 0.0296875
0 0.55 0.85234375 0.03125 0.0359375
0 0.62421875 0.853125 0.03125 0.034375
0 0.79765625 0.82578125 0.0328125 0.0328125