0 0.4859375 0.38515625 0.0703125 0.0703125
0 0.55546875 0.4015625 0.0703125 0.0625
0 0.5875 0.44140625 0.065625 0.0609375
0 0.5296875 0.45078125 0.0625 0.0625
0 0.475 0.46640625 0.0625 0.0625
0 0.42265625 0.49140625 0.06875 0.0609375
0 0.3046875 0.5203125 0.0671875 0.0671875
0 0.365625 0.52265625 0.065625 0.0609375
0 0.36953125 0.5765625 0.065625 0.0609375
0 0.28671875 0.74375 0.0625 0.0578125
0 0.34296875 0.69296875 0.0640625 0.0546875
0 0.3375 0.74140625 0.0609375 0.0546875
0 0.3609375 0.6375 0.065625 0.0609375
0 0.44296875 0.5515625 0.06875 0.0609375
0 0.40546875 0.6015625 0.0609375 0.0578125
0 0.49140625 0.515625 0.0609375 0.05625
0 0.53984375 0.53515625 0.05625 0.059375
0 0.49453125 0.5625 0.05625 0.053125
0 0.4609375 0.59765625 0.059375 0.053125
0 0.434375 0.6375 0.0578125 0.053125
0 0.4 0.675 0.0625 0.0546875
0 0.39453125 0.71796875 0.0640625 0.0546875
0 0.38359375 0.7546875 0.053125 0.046875
0 0.434375 0.740625 0.059375 0.05625
0 0.4421875 0.6953125 0.053125 0.0515625
0 0.471875 0.6625 0.0546875 0.053125
0 0.49921875 0.621875 0.0625 0.059375
0 0.53359375 0.5859375 0.059375 0.05625
0 0.5796875 0.553125 0.05625 0.05625
0 0.5796875 0.49453125 0.059375 0.059375
0 0.6453125 0.4265625 0.059375 0.059375
0 0.62890625 0.47421875 0.0609375 0.0625
0 0.69375 0.43515625 0.0625 0.059375
0 0.72421875 0.4828125 0.0640625 0.0640625
0 0.67265625 0.48359375 0.0609375 0.05625
0 0.67265625 0.5296875 0.0578125 0.0546875
0 0.62265625 0.528125 0.0546875 0.053125
0 0.62265625 0.57421875 0.059375 0.05625
0 0.578125 0.59921875 0.0546875 0.053125
0 0.5921875 0.640625 0.05625 0.053125
0 0.54375 0.6359375 0.0578125 0.053125
0 0.6359375 0.61640625 0.0578125 0.053125
0 0.67109375 0.57734375 0.0578125 0.053125
0 0.72734375 0.53671875 0.0640625 0.0578125
0 0.7734375 0.56953125 0.059375 0.05625
0 0.72421875 0.5859375 0.0578125 0.053125
0 0.6859375 0.6203125 0.0546875 0.053125
0 0.7359375 0.62734375 0.0515625 0.05
0 0.784375 0.61875 0.05625 0.05
0 0.7828125 0.66328125 0.059375 0.05
0 0.7046875 0.659375 0.053125 0.0515625
0 0.65859375 0.65859375 0.0546875 0.053125
0 0.60703125 0.6765625 0.053125 0.0484375
0 0.55859375 0.67734375 0.0515625 0.0515625
0 0.51015625 0.67890625 0.0546875 0.05
0 0.4796875 0.72578125 0.0515625 0.053125
0 0.53046875 0.715625 0.0578125 0.05
0 0.58671875 0.715625 0.0546875 0.05
0 0.63203125 0.70546875 0.0515625 0.0484375
0 0.678125 0.6953125 0.053125 0.0453125
0 0.73671875 0.68359375 0.0546875 0.05
0 0.7390625 0.72265625 0.053125 0.046875
0 0.753125 0.7625 0.053125 0.04375
0 0.7109375 0.76015625 0.046875 0.0421875
0 0.69453125 0.7296875 0.0546875 0.05
0 0.65234375 0.7453125 0.05 0.05
0 0.60859375 0.74765625 0.0484375 0.0484375
0 0.56328125 0.75 0.0515625 0.0484375
0 0.515625 0.759375 0.0578125 0.05
0 0.4609375 0.775 0.053125 0.046875
0 0.40390625 0.79140625 0.0546875 0.0515625
0 0.49375 0.79921875 0.0515625 0.046875
0 0.4453125 0.81328125 0.0546875 0.046875
0 0.5390625 0.7890625 0.053125 0.046875
0 0.584375 0.78203125 0.0515625 0.046875
0 0.628125 0.78046875 0.046875 0.0421875
0 0.67109375 0.778125 0.05 0.0453125
0 0.64765625 0.8125 0.05 0.0453125
0 0.60390625 0.8140625 0.0515625 0.0453125
0 0.559375 0.81796875 0.053125 0.04375
0 0.5125 0.8296875 0.0515625 0.0453125
0 0.46640625 0.84140625 0.05625 0.0484375
0 0.5 0.865625 0.0515625 0.0484375
0 0.5484375 0.85390625 0.053125 0.046875
0 0.59453125 0.85078125 0.053125 0.046875
0 0.64140625 0.8515625 0.0515625 0.0484375
0 0.7078125 0.8046875 0.0515625 0.046875
0 0.6859375 0.84375 0.05625 0.0484375
0 0.72578125 0.86953125 0.0515625 0.046875
0 0.71015625 0.91015625 0.0546875 0.046875
0 0.66796875 0.88828125 0.0546875 0.05
0 0.6203125 0.8984375 0.0515625 0.0421875
0 0.57734375 0.9109375 0.05 0.0453125
0 0.546875 0.88828125 0.05 0.040625
0 0.453125 0.90703125 0.053125 0.0515625
0 0.49296875 0.94296875 0.0546875 0.05
0 0.59375 0.96796875 0.053125 0.04375