0 0.340625 0.065625 0.021875 0.02421875
0 0.41171875 0.15703125 0.0234375 0.02421875
0 0.359375 0.1734375 0.021875 0.025
0 0.25078125 0.2234375 0.0203125 0.025
0 0.23359375 0.22734375 0.02109375 0.02109375
0 0.2859375 0.378125 0.025 0.025
0 0.3546875 0.3421875 0.02109375 0.021875
0 0.36328125 0.36484375 0.02421875 0.0203125
0 0.3609375 0.39140625 0.02265625 0.02265625
0 0.346875 0.40546875 0.0203125 0.021875
0 0.4640625 0.2140625 0.02265625 0.0234375
0 0.5 0.22734375 0.0234375 0.0234375
0 0.65625 0.159375 0.02421875 0.02421875
0 0.62890625 0.171875 0.02265625 0.0265625
0 0.65703125 0.2 0.0234375 0.02421875
0 0.62578125 0.26015625 0.02421875 0.02421875
0 0.6421875 0.29609375 0.021875 0.0203125
0 0.6453125 0.31640625 0.0234375 0.01953125
0 0.6703125 0.31171875 0.02109375 0.021875
0 0.49453125 0.36796875 0.0234375 0.02265625
0 0.51875 0.37578125 0.02265625 0.02265625
0 0.59296875 0.3765625 0.02109375 0.0203125
0 0.58046875 0.38984375 0.02109375 0.0203125
0 0.56875 0.40859375 0.02265625 0.02265625
0 0.48671875 0.409375 0.02421875 0.02265625
0 0.47578125 0.43125 0.021875 0.02265625
0 0.47890625 0.45390625 0.02265625 0.0234375
0 0.55625 0.47890625 0.02109375 0.0234375
0 0.54453125 0.5046875 0.02109375 0.02265625
0 0.28359375 0.45859375 0.02109375 0.02421875
0 0.30234375 0.4484375 0.021875 0.02265625
0 0.390625 0.465625 0.02265625 0.02265625
0 0.34765625 0.4859375 0.021875 0.025
0 0.2671875 0.49921875 0.021875 0.02421875
0 0.26875 0.5359375 0.0234375 0.0234375
0 0.2921875 0.54296875 0.021875 0.02265625
0 0.275 0.57421875 0.021875 0.02421875
0 0.30390625 0.57421875 0.0234375 0.021875
0 0.2609375 0.69296875 0.025 0.02421875
0 0.28359375 0.6609375 0.021875 0.02265625
0 0.28828125 0.6265625 0.021875 0.021875
0 0.3515625 0.6421875 0.02265625 0.02265625
0 0.44140625 0.5875 0.02421875 0.0234375
0 0.44765625 0.6125 0.021875 0.02265625
0 0.49453125 0.62265625 0.021875 0.02265625
0 0.50234375 0.646875 0.021875 0.0234375
0 0.46015625 0.6390625 0.02109375 0.02109375
0 0.4546875 0.66015625 0.021875 0.0234375
0 0.496875 0.68359375 0.0203125 0.021875
0 0.4734375 0.6984375 0.01953125 0.021875
0 0.3953125 0.65703125 0.02265625 0.02265625
0 0.41875 0.66875 0.021875 0.02265625
0 0.34375 0.68125 0.021875 0.0203125
0 0.36484375 0.67421875 0.0203125 0.021875
0 0.4078125 0.72890625 0.02265625 0.02421875
0 0.35859375 0.69609375 0.01953125 0.0203125
0 0.34140625 0.7140625 0.02109375 0.02109375
0 0.3609375 0.72421875 0.021875 0.02265625
0 0.3203125 0.71953125 0.0203125 0.0203125
0 0.33203125 0.7359375 0.021875 0.0234375
0 0.26640625 0.76171875 0.02265625 0.02109375
0 0.28125 0.77890625 0.0234375 0.021875
0 0.2375 0.76796875 0.0203125 0.02109375
0 0.26015625 0.78671875 0.0203125 0.02265625
0 0.3234375 0.790625 0.021875 0.02109375
0 0.36640625 0.77734375 0.0203125 0.0234375
0 0.3390625 0.80703125 0.02109375 0.02265625
0 0.61171875 0.528125 0.021875 0.02109375
0 0.6828125 0.52734375 0.02109375 0.02109375
0 0.70703125 0.52734375 0.01953125 0.0203125
0 0.71171875 0.546875 0.01953125 0.01953125
0 0.7265625 0.5609375 0.01953125 0.0203125
0 0.70703125 0.57265625 0.02109375 0.02265625
0 0.6421875 0.60625 0.021875 0.02265625
0 0.6046875 0.62265625 0.02109375 0.021875
0 0.57890625 0.63359375 0.02265625 0.021875
0 0.5703125 0.6515625 0.0203125 0.0203125
0 0.590625 0.66171875 0.021875 0.02265625
0 0.5390625 0.690625 0.021875 0.021875
0 0.55859375 0.67578125 0.01953125 0.02265625
0 0.578125 0.684375 0.0203125 0.02109375
0 0.559375 0.696875 0.01796875 0.01953125
0 0.57109375 0.703125 0.01796875 0.0203125
0 0.5890625 0.70390625 0.02109375 0.02109375
0 0.559375 0.7234375 0.0203125 0.021875
0 0.5796875 0.725 0.02109375 0.021875
0 0.4796875 0.73515625 0.02109375 0.0234375
0 0.59375 0.7625 0.02109375 0.02265625
0 0.5671875 0.74375 0.021875 0.0203125
0 0.57265625 0.765625 0.0234375 0.0234375
0 0.546875 0.796875 0.02109375 0.02265625
0 0.43515625 0.86875 0.02734375 0.02421875
0 0.41875 0.8375 0.02265625 0.02578125
0 0.45390625 0.8 0.02265625 0.0234375
0 0.52578125 0.80390625 0.021875 0.025
0 0.51171875 0.83828125 0.0234375 0.02421875
0 0.5640625 0.83125 0.02421875 0.0234375
0 0.56953125 0.85390625 0.0234375 0.0234375
0 0.6296875 0.88671875 0.02421875 0.025
0 0.6125 0.921875 0.02421875 0.0234375