0 0.18046875 0.92421875 0.0234375 0.025
0 0.19765625 0.9171875 0.01875 0.0265625
0 0.18046875 0.95 0.0234375 0.0234375
0 0.209375 0.93984375 0.021875 0.0234375
0 0.2515625 0.93046875 0.0265625 0.0328125
0 0.2671875 0.94921875 0.0234375 0.025
0 0.45625 0.8515625 0.028125 0.0265625
0 0.29296875 0.91953125 0.0234375 0.0234375
0 0.4328125 0.8328125 0.0234375 0.0265625
0 0.33671875 0.87890625 0.021875 0.0265625
0 0.425 0.8546875 0.021875 0.0328125
0 0.4515625 0.87890625 0.0234375 0.028125
0 0.41640625 0.8109375 0.0203125 0.0265625
0 0.43828125 0.8109375 0.021875 0.0296875
0 0.4609375 0.82265625 0.025 0.0296875
0 0.49296875 0.8578125 0.0265625 0.028125
0 0.5265625 0.875 0.028125 0.0328125
0 0.44921875 0.790625 0.025 0.0296875
0 0.47109375 0.803125 0.028125 0.0296875
0 0.50625 0.7921875 0.025 0.0328125
0 0.46875 0.77734375 0.028125 0.0296875
0 0.49140625 0.759375 0.0296875 0.0296875
0 0.38671875 0.79609375 0.021875 0.028125
0 0.446875 0.759375 0.025 0.0265625
0 0.39296875 0.76640625 0.0265625 0.028125
0 0.33359375 0.77421875 0.0203125 0.025
0 0.3703125 0.75859375 0.0234375 0.0296875
0 0.4 0.73515625 0.028125 0.0296875
0 0.31484375 0.79296875 0.025 0.0296875
0 0.34375 0.7453125 0.025 0.0296875
0 0.38515625 0.709375 0.0296875 0.028125
0 0.69140625 0.52109375 0.034375 0.034375
0 0.7453125 0.5765625 0.034375 0.034375
0 0.77734375 0.58203125 0.034375 0.0375
0 0.68046875 0.54453125 0.034375 0.0296875
0 0.70234375 0.5671875 0.03125 0.028125
0 0.72578125 0.5453125 0.03125 0.0328125
0 0.66171875 0.51875 0.03125 0.034375
0 0.68828125 0.58984375 0.0296875 0.028125
0 0.73125 0.61953125 0.034375 0.0359375
0 0.7140625 0.68203125 0.03125 0.0390625
0 0.65 0.55078125 0.028125 0.0296875
0 0.60234375 0.584375 0.025 0.0296875
0 0.62734375 0.5703125 0.028125 0.0265625
0 0.50859375 0.61484375 0.0234375 0.0265625
0 0.578125 0.5859375 0.028125 0.0296875
0 0.4953125 0.58984375 0.025 0.0265625
0 0.54375 0.57578125 0.028125 0.0296875
0 0.49609375 0.5625 0.0265625 0.028125
0 0.43203125 0.5921875 0.025 0.0265625
0 0.45078125 0.56328125 0.0265625 0.028125
0 0.3640625 0.61640625 0.0234375 0.0265625
0 0.38515625 0.61171875 0.0203125 0.0265625
0 0.34765625 0.6046875 0.0203125 0.0265625
0 0.34375 0.578125 0.0203125 0.025
0 0.31328125 0.596875 0.0234375 0.025
0 0.31484375 0.55234375 0.0171875 0.0265625
0 0.303125 0.57578125 0.01875 0.021875
0 0.3046875 0.52890625 0.021875 0.025
0 0.2921875 0.5484375 0.0140625 0.0234375
0 0.2984375 0.55703125 0.0203125 0.0234375
0 0.2640625 0.71171875 0.0234375 0.0296875
0 0.32578125 0.6390625 0.025 0.0296875
0 0.2828125 0.525 0.021875 0.0265625
0 0.24140625 0.67109375 0.0265625 0.0296875
0 0.21328125 0.62890625 0.0234375 0.028125
0 0.18828125 0.63671875 0.0171875 0.0265625
0 0.2015625 0.60859375 0.0203125 0.0265625
0 0.225 0.603125 0.021875 0.025
0 0.1875 0.5765625 0.025 0.025
0 0.2078125 0.58125 0.0203125 0.0265625
0 0.16640625 0.58203125 0.0203125 0.0203125
0 0.21640625 0.56171875 0.025 0.0234375
0 0.15859375 0.55625 0.025 0.0234375
0 0.21640625 0.53359375 0.0234375 0.028125
0 0.1578125 0.52421875 0.0203125 0.0265625
0 0.15625 0.48515625 0.021875 0.025
0 0.1671875 0.45859375 0.0203125 0.021875
0 0.14609375 0.46328125 0.0171875 0.025
0 0.17578125 0.4796875 0.0234375 0.0234375
0 0.24140625 0.47734375 0.0203125 0.0265625
0 0.25625 0.484375 0.025 0.0328125
0 0.28046875 0.46640625 0.0265625 0.0265625
0 0.22890625 0.46171875 0.0265625 0.0265625
0 0.265625 0.446875 0.0234375 0.0265625
0 0.23828125 0.43984375 0.0203125 0.0265625
0 0.15859375 0.4234375 0.0203125 0.025
0 0.17578125 0.43046875 0.0203125 0.028125
0 0.22109375 0.4140625 0.028125 0.0296875
0 0.18828125 0.18203125 0.01875 0.0203125
0 0.16796875 0.21015625 0.0203125 0.025
0 0.22734375 0.253125 0.021875 0.0171875
0 0.2265625 0.2234375 0.0171875 0.0234375
0 0.184375 0.1984375 0.025 0.025
0 0.21484375 0.23515625 0.0234375 0.0234375
0 0.3015625 0.41171875 0.025 0.025
0 0.30859375 0.3859375 0.0234375 0.0265625
0 0.23203125 0.375 0.0203125 0.0265625
0 0.315625 0.3609375 0.0265625 0.0234375
0 0.2375 0.34921875 0.0203125 0.025
0 0.3203125 0.3375 0.0203125 0.025
0 0.34453125 0.325 0.025 0.0296875
0 0.3578125 0.3078125 0.025 0.0265625
0 0.23515625 0.2734375 0.025 0.0296875
0 0.3453125 0.28984375 0.025 0.0296875
0 0.30390625 0.259375 0.0234375 0.0328125
0 0.32421875 0.271875 0.0265625 0.0296875
0 0.365625 0.28203125 0.0234375 0.03125
0 0.28203125 0.2453125 0.0234375 0.028125
0 0.359375 0.25703125 0.028125 0.0296875
0 0.43046875 0.46328125 0.0234375 0.0203125
0 0.4296875 0.42109375 0.0296875 0.0296875
0 0.5703125 0.53203125 0.034375 0.034375
0 0.56640625 0.50390625 0.025 0.0296875
0 0.5765625 0.47890625 0.0296875 0.0296875
0 0.596875 0.50546875 0.03125 0.03125
0 0.43125 0.44609375 0.0265625 0.028125
0 0.46875 0.44609375 0.028125 0.0296875
0 0.496875 0.4703125 0.03125 0.03125
0 0.58671875 0.4546875 0.0328125 0.0296875
0 0.55703125 0.24140625 0.028125 0.0328125
0 0.621875 0.43515625 0.028125 0.0375
0 0.54375 0.40859375 0.028125 0.0328125
0 0.55859375 0.37890625 0.0328125 0.0375
0 0.5984375 0.4265625 0.03125 0.0359375
0 0.73046875 0.39140625 0.034375 0.0390625
0 0.52421875 0.29921875 0.025 0.0296875
0 0.5890625 0.3421875 0.0296875 0.0390625
0 0.51796875 0.33828125 0.03125 0.03125
0 0.51796875 0.271875 0.028125 0.0328125
0 0.54296875 0.27109375 0.03125 0.0328125
0 0.56875 0.28359375 0.028125 0.0359375
0 0.590625 0.30078125 0.028125 0.0359375
0 0.34765625 0.21171875 0.0234375 0.0265625
0 0.38046875 0.20625 0.028125 0.0359375
0 0.32265625 0.18828125 0.0234375 0.0234375
0 0.346875 0.1671875 0.0234375 0.028125
0 0.36875 0.14921875 0.025 0.034375
0 0.53046875 0.2390625 0.0296875 0.0328125
0 0.55546875 0.2125 0.0328125 0.03125
0 0.57734375 0.1890625 0.03125 0.03125
0 0.70390625 0.27421875 0.0375 0.0421875
0 0.54609375 0.18984375 0.028125 0.0390625
0 0.56875 0.1609375 0.03125 0.0359375