0 0.42421875 0.07421875 0.021875 0.021875
0 0.34765625 0.04453125 0.02109375 0.02265625
0 0.45390625 0.12109375 0.02109375 0.02265625
0 0.43203125 0.15 0.02109375 0.02109375
0 0.39296875 0.12734375 0.0203125 0.021875
0 0.3640625 0.2328125 0.02109375 0.02109375
0 0.4734375 0.2234375 0.02109375 0.02109375
0 0.51796875 0.209375 0.02109375 0.02109375
0 0.303125 0.1234375 0.02265625 0.02421875
0 0.396875 0.2703125 0.02109375 0.02109375
0 0.5359375 0.2546875 0.021875 0.021875
0 0.2953125 0.22734375 0.02109375 0.021875
0 0.38203125 0.1546875 0.02109375 0.02109375
0 0.3359375 0.21171875 0.021875 0.021875
0 0.34765625 0.2703125 0.021875 0.021875
0 0.46328125 0.29453125 0.0203125 0.02109375
0 0.53203125 0.1484375 0.021875 0.021875
0 0.41015625 0.40078125 0.02109375 0.02265625
0 0.4890625 0.40390625 0.02109375 0.0203125
0 0.353125 0.15859375 0.0203125 0.02109375
0 0.37109375 0.17109375 0.0203125 0.02109375
0 0.4296875 0.47109375 0.0203125 0.0203125
0 0.5171875 0.16640625 0.02109375 0.02109375
0 0.4734375 0.43203125 0.02109375 0.02109375
0 0.3796875 0.3359375 0.02265625 0.02109375
0 0.3453125 0.2921875 0.02109375 0.0203125
0 0.34609375 0.18828125 0.0203125 0.0203125
0 0.41328125 0.5046875 0.0203125 0.01953125
0 0.33359375 0.17265625 0.02109375 0.02109375
0 0.38203125 0.57109375 0.0203125 0.01953125
0 0.60234375 0.5609375 0.021875 0.02109375
0 0.47265625 0.58828125 0.02109375 0.01875
0 0.34453125 0.6078125 0.01953125 0.01875
0 0.48671875 0.63046875 0.0203125 0.01875
0 0.2859375 0.61640625 0.0203125 0.02109375
0 0.603125 0.68828125 0.01953125 0.01953125
0 0.36015625 0.50078125 0.01640625 0.01953125
0 0.4375 0.61328125 0.021875 0.01875
0 0.51796875 0.678125 0.0203125 0.01875
0 0.5734375 0.65234375 0.02109375 0.01953125
0 0.55546875 0.6671875 0.01953125 0.01953125
0 0.51953125 0.6578125 0.0203125 0.01953125
0 0.5515625 0.7 0.01953125 0.01953125
0 0.42734375 0.6578125 0.01953125 0.02109375
0 0.34921875 0.8609375 0.01953125 0.01953125
0 0.47265625 0.68828125 0.0203125 0.02109375
0 0.6484375 0.83125 0.01953125 0.01875
0 0.4015625 0.8921875 0.01875 0.01875
0 0.38984375 0.76640625 0.01875 0.01796875
0 0.425 0.9171875 0.01953125 0.01953125
0 0.3703125 0.8921875 0.01875 0.01875
0 0.59921875 0.81953125 0.01953125 0.01875
0 0.72734375 0.96015625 0.01953125 0.01796875
0 0.34609375 0.83046875 0.01953125 0.01953125
0 0.4765625 0.8890625 0.01953125 0.01875
0 0.52109375 0.74296875 0.01875 0.01796875
0 0.815625 0.9484375 0.01953125 0.01796875
0 0.2375 0.88984375 0.01953125 0.01875
0 0.37734375 0.84375 0.01875 0.01875
0 0.565625 0.80546875 0.01875 0.01875
0 0.33828125 0.74921875 0.01953125 0.01875
0 0.4296875 0.775 0.01953125 0.01875
0 0.2359375 0.86640625 0.01953125 0.01953125
0 0.4 0.74140625 0.01953125 0.01953125
0 0.41796875 0.78984375 0.01875 0.01875
0 0.50625 0.73125 0.01875 0.01875
0 0.309375 0.82109375 0.01953125 0.01953125
0 0.3265625 0.88203125 0.02109375 0.01875
0 0.346875 0.91484375 0.01953125 0.01796875
0 0.2859375 0.82734375 0.01953125 0.01875
0 0.3390625 0.81015625 0.01953125 0.01953125
0 0.590625 0.8875 0.0203125 0.0203125
0 0.38515625 0.88046875 0.01875 0.01875
0 0.56953125 0.75703125 0.01953125 0.01953125
0 0.31171875 0.8453125 0.0203125 0.02109375
0 0.44296875 0.70859375 0.0203125 0.01953125
0 0.496875 0.89921875 0.01953125 0.02109375
0 0.44453125 0.7296875 0.01953125 0.0203125
0 0.4296875 0.94765625 0.01953125 0.01875
0 0.4078125 0.75859375 0.01953125 0.01875
0 0.21953125 0.8796875 0.01875 0.01796875
0 0.54375 0.74609375 0.01875 0.01875
0 0.54609375 0.72734375 0.01953125 0.01875
0 0.2171875 0.85703125 0.01953125 0.01953125
0 0.2796875 0.80859375 0.01875 0.01875
0 0.38125 0.8625 0.01875 0.01875
0 0.45078125 0.77421875 0.01875 0.01875
0 0.44375 0.92734375 0.01953125 0.01875
0 0.43203125 0.89921875 0.01875 0.01953125
0 0.41953125 0.88359375 0.0203125 0.01953125
0 0.3171875 0.9390625 0.01875 0.01875
0 0.3046875 0.9609375 0.01953125 0.01875
0 0.48203125 0.91171875 0.01953125 0.01875
0 0.36640625 0.9125 0.01875 0.01796875
0 0.67265625 0.915625 0.01875 0.01875
0 0.575 0.78359375 0.01953125 0.01875
0 0.28828125 0.77421875 0.01953125 0.01875
0 0.27890625 0.871875 0.01953125 0.01875
0 0.3078125 0.74921875 0.02109375 0.01953125
0 0.16796875 0.84765625 0.01953125 0.01953125
0 0.55 0.95625 0.01953125 0.0203125
0 0.24453125 0.93515625 0.01953125 0.01796875
0 0.45 0.909375 0.01953125 0.01875
0 0.3359375 0.9328125 0.01875 0.01875
0 0.33203125 0.7765625 0.01953125 0.01875
0 0.59921875 0.86875 0.01953125 0.01953125
0 0.45 0.94375 0.01953125 0.01875
0 0.50625 0.82109375 0.0203125 0.0203125
0 0.29765625 0.909375 0.01953125 0.01953125
0 0.63125 0.8859375 0.01875 0.01875
0 0.5125 0.928125 0.02109375 0.01875
0 0.23203125 0.95234375 0.01875 0.01875
0 0.48984375 0.721875 0.0203125 0.0203125
0 0.54296875 0.90078125 0.021875 0.01953125
0 0.68046875 0.9703125 0.01875 0.01875
0 0.4765625 0.86875 0.021875 0.0203125
0 0.2140625 0.9453125 0.01953125 0.01953125
0 0.6421875 0.91484375 0.01953125 0.01875
0 0.2875 0.75625 0.0203125 0.01875
0 0.22421875 0.928125 0.0203125 0.01953125
0 0.6515625 0.96875 0.01875 0.01875
0 0.38359375 0.90546875 0.01796875 0.01796875
0 0.478125 0.93515625 0.0203125 0.01796875
0 0.29609375 0.93671875 0.01875 0.01875
0 0.203125 0.8890625 0.01953125 0.0203125
0 0.6328125 0.9859375 0.01875 0.01875
0 0.50859375 0.984375 0.01875 0.01875
0 0.20078125 0.79375 0.0203125 0.01953125
0 0.1859375 0.825 0.01953125 0.01953125
0 0.2546875 0.86640625 0.0203125 0.0203125
0 0.2609375 0.9265625 0.01875 0.01875
0 0.1796875 0.79765625 0.0203125 0.01953125
0 0.4484375 0.81328125 0.01953125 0.01953125
0 0.54453125 0.978125 0.01796875 0.01875
0 0.16640625 0.81953125 0.021875 0.01953125
0 0.6 0.97734375 0.0203125 0.01796875
0 0.228125 0.9703125 0.01953125 0.01875
0 0.35859375 0.840625 0.01796875 0.01796875
0 0.43984375 0.9703125 0.01875 0.01796875
0 0.2421875 0.98359375 0.01875 0.01953125
0 0.43203125 0.98671875 0.01796875 0.01796875
0 0.28984375 0.7921875 0.01953125 0.01796875
0 0.45625 0.978125 0.01796875 0.01875
0 0.31875 0.9734375 0.01875 0.01796875
0 0.69296875 0.9921875 0.01953125 0.015625
0 0.51640625 0.82890625 0.01953125 0.01875
0 0.3265625 0.9875 0.01953125 0.01875
0 0.22890625 0.99296875 0.0234375 0.0140625
0 0.3078125 0.99375 0.01953125 0.0125
0 0.52734375 0.99375 0.01953125 0.01171875
0 0.44921875 0.99296875 0.0203125 0.0140625
0 0.34921875 0.4953125 0.02109375 0.02265625