0 0.54765625 0.36328125 0.021875 0.02265625
0 0.7625 0.47109375 0.0328125 0.0328125
0 0.6734375 0.46640625 0.0265625 0.0265625
0 0.8578125 0.6609375 0.028125 0.02890625
0 0.6734375 0.57734375 0.0265625 0.0265625
0 0.4015625 0.49296875 0.0296875 0.028125
0 0.625 0.6734375 0.0265625 0.028125
0 0.19140625 0.58515625 0.03125 0.02890625
0 0.33515625 0.65625 0.028125 0.02734375
0 0.75546875 0.7140625 0.02734375 0.02734375
0 0.53125 0.5390625 0.02578125 0.0265625
0 0.4359375 0.43984375 0.03046875 0.028125
0 0.6765625 0.64921875 0.02890625 0.02890625
0 0.27421875 0.1953125 0.02734375 0.0296875
0 0.2828125 0.534375 0.0296875 0.02890625
0 0.74453125 0.64375 0.028125 0.028125
0 0.70703125 0.66640625 0.028125 0.03125
0 0.30859375 0.33671875 0.0296875 0.02734375
0 0.7640625 0.5421875 0.02734375 0.0265625
0 0.50390625 0.0515625 0.02734375 0.028125
0 0.65234375 0.7578125 0.0265625 0.02734375
0 0.7640625 0.61796875 0.0296875 0.0296875
0 0.30703125 0.60234375 0.03125 0.028125
0 0.35546875 0.775 0.0296875 0.0296875
0 0.721875 0.77890625 0.028125 0.03046875
0 0.5734375 0.696875 0.0265625 0.028125
0 0.18125 0.28828125 0.03046875 0.028125
0 0.42265625 0.709375 0.02734375 0.03046875
0 0.38515625 0.1953125 0.028125 0.03203125
0 0.28828125 0.49296875 0.02890625 0.0296875
0 0.57890625 0.06328125 0.02734375 0.02890625
0 0.2828125 0.56875 0.02734375 0.02734375
0 0.41015625 0.22421875 0.0265625 0.02890625
0 0.30625 0.44609375 0.028125 0.028125
0 0.48359375 0.459375 0.0296875 0.028125
0 0.33046875 0.05625 0.02578125 0.02734375
0 0.62890625 0.56171875 0.0265625 0.0265625
0 0.40546875 0.78203125 0.028125 0.02890625
0 0.596875 0.73984375 0.02734375 0.02734375
0 0.2921875 0.2390625 0.02734375 0.028125
0 0.65 0.5125 0.02734375 0.02734375
0 0.59453125 0.77734375 0.02734375 0.028125
0 0.4625 0.49140625 0.0265625 0.0265625
0 0.3921875 0.62734375 0.02734375 0.0265625
0 0.540625 0.74453125 0.0265625 0.02734375
0 0.228125 0.234375 0.0265625 0.03125
0 0.62109375 0.2640625 0.0265625 0.0265625
0 0.6265625 0.06640625 0.025 0.0265625
0 0.25390625 0.46796875 0.02890625 0.028125
0 0.26640625 0.22890625 0.028125 0.03046875
0 0.48046875 0.68671875 0.02890625 0.02734375
0 0.52734375 0.7171875 0.02734375 0.028125
0 0.509375 0.78984375 0.0265625 0.028125
0 0.2796875 0.45546875 0.028125 0.0296875
0 0.61015625 0.5125 0.0265625 0.02734375
0 0.44921875 0.7859375 0.0265625 0.028125
0 0.25234375 0.49453125 0.028125 0.02890625
0 0.3265625 0.303125 0.028125 0.0296875
0 0.46796875 0.4125 0.0265625 0.02734375
0 0.6328125 0.5328125 0.028125 0.0265625
0 0.41484375 0.603125 0.02890625 0.02734375
0 0.39140625 0.36875 0.028125 0.028125
0 0.5921875 0.5765625 0.0265625 0.02734375
0 0.4375 0.24765625 0.02578125 0.02734375
0 0.4609375 0.72578125 0.02734375 0.028125
0 0.45 0.6140625 0.028125 0.0265625
0 0.65625 0.35703125 0.0265625 0.02890625
0 0.38203125 0.259375 0.0296875 0.028125
0 0.52578125 0.478125 0.02578125 0.02734375
0 0.56875 0.30859375 0.02734375 0.028125
0 0.57109375 0.64140625 0.02734375 0.02890625
0 0.50625 0.2171875 0.02734375 0.02890625
0 0.42109375 0.36484375 0.03125 0.02890625
0 0.55859375 0.47421875 0.0265625 0.028125
0 0.584375 0.09375 0.02734375 0.02734375
0 0.64453125 0.4125 0.02734375 0.028125
0 0.6296875 0.09375 0.0265625 0.03046875
0 0.484375 0.7140625 0.0265625 0.0265625
0 0.503125 0.4921875 0.02734375 0.02890625
0 0.6328125 0.4375 0.02734375 0.028125
0 0.40078125 0.290625 0.028125 0.03046875
0 0.77265625 0.56640625 0.02890625 0.02734375
0 0.50703125 0.58046875 0.0265625 0.02734375
0 0.6171875 0.47578125 0.0265625 0.0265625
0 0.6234375 0.29140625 0.02734375 0.028125
0 0.45234375 0.21953125 0.028125 0.0296875
0 0.5875 0.61015625 0.0265625 0.0265625
0 0.44609375 0.5890625 0.028125 0.02734375
0 0.58828125 0.47578125 0.02578125 0.0265625
0 0.3453125 0.27421875 0.02734375 0.028125
0 0.43125 0.3390625 0.0265625 0.02734375
0 0.78046875 0.58515625 0.0265625 0.028125
0 0.603125 0.078125 0.025 0.02734375
0 0.48203125 0.56484375 0.0265625 0.028125
0 0.4046875 0.321875 0.028125 0.02890625
0 0.47890625 0.2140625 0.0265625 0.02734375
0 0.48828125 0.2421875 0.02890625 0.03046875
0 0.53671875 0.5859375 0.02578125 0.0265625
0 0.5359375 0.61484375 0.0265625 0.0265625
0 0.6046875 0.44453125 0.02734375 0.0265625
0 0.37734375 0.3203125 0.0265625 0.02734375
0 0.49765625 0.2828125 0.028125 0.0296875
0 0.4671875 0.38359375 0.0265625 0.028125
0 0.5765625 0.4453125 0.028125 0.02734375
0 0.63203125 0.31640625 0.02734375 0.02734375
0 0.56171875 0.396875 0.02734375 0.03046875
0 0.35390625 0.3046875 0.0265625 0.02890625
0 0.37265625 0.2828125 0.02578125 0.028125
0 0.5640625 0.5875 0.0265625 0.0265625
0 0.4640625 0.24453125 0.0265625 0.028125
0 0.453125 0.359375 0.02734375 0.02734375
0 0.47265625 0.58125 0.02890625 0.02734375
0 0.50859375 0.3703125 0.025 0.0265625
0 0.5625 0.615625 0.0265625 0.02578125
0 0.5609375 0.4234375 0.02890625 0.0265625
0 0.52421875 0.35234375 0.028125 0.0296875
0 0.46796875 0.284375 0.0328125 0.0296875
0 0.49765625 0.31171875 0.02734375 0.028125
0 0.6046875 0.38046875 0.02578125 0.02734375
0 0.4828125 0.3609375 0.02734375 0.028125
0 0.4734375 0.3125 0.0265625 0.02734375
0 0.63359375 0.34296875 0.028125 0.02734375
0 0.571875 0.36953125 0.0265625 0.02734375
0 0.49296875 0.33671875 0.0265625 0.02734375
0 0.53828125 0.37734375 0.02578125 0.02734375
0 0.625 0.396875 0.02734375 0.0265625
0 0.5921875 0.353125 0.025 0.028125
0 0.58359375 0.33125 0.02578125 0.02734375
0 0.559375 0.34453125 0.028125 0.028125
0 0.4671875 0.3375 0.02734375 0.02734375
0 0.628125 0.36875 0.0265625 0.02734375
0 0.609375 0.33046875 0.0265625 0.02890625