0 0.7390625 0.55859375 0.034375 0.0328125
0 0.79921875 0.5671875 0.03125 0.028125
0 0.82578125 0.58828125 0.03125 0.03203125
0 0.696875 0.63359375 0.0328125 0.0296875
0 0.7234375 0.66015625 0.0328125 0.0296875
0 0.73671875 0.6890625 0.03046875 0.02734375
0 0.73828125 0.71875 0.03125 0.02734375
0 0.66875 0.54296875 0.0359375 0.0296875
0 0.678125 0.571875 0.0359375 0.034375
0 0.6734375 0.51328125 0.03125 0.03203125
0 0.59765625 0.49921875 0.03515625 0.03203125
0 0.609375 0.5328125 0.03671875 0.03125
0 0.60390625 0.5640625 0.0328125 0.02734375
0 0.609375 0.60859375 0.0328125 0.03515625
0 0.584375 0.640625 0.03203125 0.03046875
0 0.571875 0.66796875 0.03203125 0.02890625
0 0.596875 0.70703125 0.03125 0.02890625
0 0.52109375 0.67109375 0.025 0.0265625
0 0.53046875 0.69765625 0.02890625 0.02578125
0 0.5671875 0.6953125 0.0265625 0.02734375
0 0.50234375 0.703125 0.02578125 0.028125
0 0.53359375 0.715625 0.03203125 0.0109375
0 0.54609375 0.7328125 0.0296875 0.0296875
0 0.6015625 0.740625 0.03359375 0.0296875
0 0.6421875 0.73203125 0.03515625 0.03359375
0 0.715625 0.7375 0.03515625 0.0328125
0 0.70390625 0.703125 0.03203125 0.0265625
0 0.7171875 0.7703125 0.03046875 0.0296875
0 0.7375 0.78984375 0.028125 0.02578125
0 0.76484375 0.7703125 0.03515625 0.0375
0 0.7796875 0.6765625 0.03203125 0.0390625
0 0.8359375 0.63203125 0.03359375 0.03671875
0 0.8359375 0.68671875 0.03515625 0.034375
0 0.98203125 0.6515625 0.03515625 0.03671875
0 0.98515625 0.74765625 0.02890625 0.0359375
0 0.984375 0.7828125 0.03125 0.03203125
0 0.7765625 0.80859375 0.03125 0.03125
0 0.7453125 0.81640625 0.0265625 0.03125
0 0.76171875 0.84765625 0.0296875 0.03125
0 0.64921875 0.76328125 0.02890625 0.0328125
0 0.56953125 0.79765625 0.028125 0.03515625
0 0.60703125 0.790625 0.0328125 0.03203125
0 0.625 0.77578125 0.0203125 0.02421875
0 0.5484375 0.771875 0.03359375 0.03359375
0 0.5671875 0.83125 0.02890625 0.03203125
0 0.59921875 0.82578125 0.0296875 0.03046875
0 0.60546875 0.85390625 0.0296875 0.028125
0 0.7578125 0.878125 0.0359375 0.02734375
0 0.63359375 0.85546875 0.03046875 0.03046875
0 0.65078125 0.83125 0.03515625 0.02890625
0 0.75234375 0.909375 0.0265625 0.0328125
0 0.9203125 0.86171875 0.0328125 0.0359375
0 0.93046875 0.925 0.03359375 0.03671875
0 0.72265625 0.9015625 0.0296875 0.0265625
0 0.675 0.8609375 0.0296875 0.03359375
0 0.72421875 0.928125 0.0328125 0.0265625
0 0.625 0.91015625 0.034375 0.0328125
0 0.6578125 0.9515625 0.034375 0.03125
0 0.80078125 0.9859375 0.03359375 0.02734375
0 0.70625 0.97734375 0.03046875 0.02890625
0 0.659375 0.98515625 0.0328125 0.028125
0 0.6015625 0.9640625 0.0359375 0.0296875
0 0.565625 0.99296875 0.0375 0.0140625
0 0.55859375 0.97578125 0.0296875 0.025
0 0.50390625 0.99296875 0.0359375 0.0140625
0 0.46015625 0.9921875 0.0375 0.015625
0 0.4078125 0.98984375 0.03515625 0.01953125
0 0.48984375 0.959375 0.0296875 0.03515625
0 0.5171875 0.9546875 0.0265625 0.03359375
0 0.471875 0.93125 0.03203125 0.03046875
0 0.5328125 0.90859375 0.03046875 0.03359375
0 0.48671875 0.81171875 0.0265625 0.03046875
0 0.4953125 0.84140625 0.0296875 0.02890625
0 0.45546875 0.828125 0.034375 0.03046875
0 0.471875 0.740625 0.03671875 0.03671875
0 0.4671875 0.68828125 0.03515625 0.028125
0 0.428125 0.71640625 0.0328125 0.03203125
0 0.43203125 0.85390625 0.0296875 0.02890625
0 0.43125 0.74765625 0.03125 0.028125
0 0.3765625 0.88359375 0.03203125 0.02890625
0 0.340625 0.83203125 0.034375 0.0328125
0 0.20234375 0.9453125 0.03046875 0.03125
0 0.309375 0.8 0.0328125 0.0296875
0 0.215625 0.8203125 0.034375 0.03046875
0 0.30390625 0.76640625 0.0328125 0.03359375
0 0.3109375 0.72265625 0.03359375 0.0375
0 0.2265625 0.75234375 0.03515625 0.0296875
0 0.26953125 0.7296875 0.03359375 0.03359375
0 0.228125 0.71015625 0.0359375 0.03515625
0 0.26796875 0.69921875 0.0328125 0.03046875
0 0.2953125 0.68515625 0.03359375 0.034375
0 0.32265625 0.6734375 0.0328125 0.0359375
0 0.465625 0.65546875 0.03125 0.03359375
0 0.5015625 0.628125 0.03515625 0.034375
0 0.5453125 0.590625 0.03359375 0.03046875
0 0.4984375 0.596875 0.028125 0.028125
0 0.51484375 0.57109375 0.03046875 0.02890625
0 0.44140625 0.57890625 0.034375 0.034375
0 0.478125 0.57890625 0.03359375 0.02890625
0 0.4125 0.584375 0.034375 0.034375
0 0.3046875 0.64296875 0.03359375 0.0375
0 0.07109375 0.67109375 0.03203125 0.0375
0 0.1125 0.628125 0.03046875 0.034375
0 0.175 0.60546875 0.03125 0.034375
0 0.23828125 0.5859375 0.0359375 0.03671875
0 0.3140625 0.55546875 0.0328125 0.034375
0 0.4890625 0.553125 0.03515625 0.02890625
0 0.45546875 0.5484375 0.0328125 0.034375
0 0.496875 0.5265625 0.0328125 0.03046875
0 0.425 0.5328125 0.03203125 0.0328125
0 0.3890625 0.5328125 0.03125 0.03359375
0 0.365625 0.515625 0.02265625 0.03125
0 0.32890625 0.5171875 0.03046875 0.0328125
0 0.41640625 0.4984375 0.028125 0.03515625
0 0.4796875 0.49921875 0.03203125 0.0328125
0 0.38515625 0.49296875 0.03203125 0.02890625
0 0.165625 0.5109375 0.03046875 0.03515625
0 0.35234375 0.48359375 0.03359375 0.03203125
0 0.39296875 0.4625 0.03203125 0.0328125
0 0.50625 0.46328125 0.03359375 0.03828125
0 0.45625 0.446875 0.02890625 0.03203125
0 0.4828125 0.440625 0.028125 0.034375
0 0.5359375 0.4359375 0.03125 0.03671875
0 0.4203125 0.421875 0.0296875 0.0375
0 0.46875 0.41328125 0.03125 0.034375
0 0.50234375 0.40703125 0.0296875 0.04140625
0 0.25390625 0.43984375 0.034375 0.0359375
0 0.28828125 0.4484375 0.0296875 0.0375
0 0.2109375 0.446875 0.03125 0.04296875
0 0.2609375 0.39765625 0.0359375 0.03515625
0 0.3921875 0.39140625 0.03359375 0.04375
0 0.7875 0.47265625 0.03359375 0.034375
0 0.31015625 0.22578125 0.03671875 0.0484375
0 0.5234375 0.2015625 0.0375 0.04296875
0 0.6234375 0.24921875 0.03828125 0.040625
0 0.61640625 0.20703125 0.0328125 0.04375
0 0.6484375 0.225 0.03203125 0.0359375
0 0.67734375 0.20625 0.0359375 0.0296875
0 0.68125 0.2421875 0.0328125 0.0375
0 0.78125 0.43828125 0.034375 0.0328125
0 0.75625 0.5296875 0.0328125 0.03203125