0 0.484375 0.64375 0.021875 0.02421875
0 0.4828125 0.6109375 0.02265625 0.02109375
0 0.51484375 0.56953125 0.0203125 0.01953125
0 0.49296875 0.56015625 0.0203125 0.01953125
0 0.46484375 0.56328125 0.01953125 0.0203125
0 0.525 0.546875 0.0203125 0.0203125
0 0.50078125 0.540625 0.02421875 0.01953125
0 0.47734375 0.54140625 0.02109375 0.01640625
0 0.45625 0.534375 0.01875 0.01875
0 0.43515625 0.54296875 0.0234375 0.01875
0 0.46796875 0.51328125 0.021875 0.01875
0 0.44765625 0.50390625 0.01953125 0.0171875
0 0.490625 0.5203125 0.021875 0.0203125
0 0.5109375 0.503125 0.02109375 0.021875
0 0.48203125 0.496875 0.02421875 0.02265625
0 0.52109375 0.521875 0.0234375 0.0203125
0 0.5703125 0.53359375 0.0265625 0.02421875
0 0.56328125 0.50390625 0.02421875 0.0234375
0 0.5703125 0.4828125 0.0234375 0.021875
0 0.53203125 0.47734375 0.025 0.02265625
0 0.54765625 0.46015625 0.02578125 0.021875
0 0.57890625 0.459375 0.02265625 0.02421875
0 0.55546875 0.440625 0.02265625 0.01953125
0 0.55625 0.42109375 0.02265625 0.02109375
0 0.5125 0.4546875 0.02265625 0.021875
0 0.48984375 0.46796875 0.025 0.0203125
0 0.47109375 0.48203125 0.0265625 0.02421875
0 0.446875 0.47109375 0.02109375 0.02109375
0 0.46875 0.46015625 0.02109375 0.0203125
0 0.490625 0.446875 0.02109375 0.0203125
0 0.51796875 0.4359375 0.0234375 0.02265625
0 0.49921875 0.42734375 0.01953125 0.01953125
0 0.52109375 0.415625 0.02265625 0.0203125
0 0.5 0.40859375 0.0203125 0.01953125
0 0.51953125 0.39765625 0.021875 0.01875
0 0.5 0.39140625 0.02109375 0.01796875
0 0.4796875 0.40390625 0.021875 0.01953125
0 0.5 0.37265625 0.02265625 0.01875
0 0.47265625 0.38828125 0.021875 0.01796875
0 0.47734375 0.3703125 0.02109375 0.01875
0 0.490625 0.35546875 0.02265625 0.01953125
0 0.46953125 0.353125 0.01953125 0.01640625
0 0.48203125 0.3265625 0.021875 0.01796875
0 0.484375 0.34140625 0.021875 0.0171875
0 0.51015625 0.34765625 0.0234375 0.01796875
0 0.503125 0.33203125 0.01875 0.01875
0 0.534375 0.375 0.0265625 0.021875
0 0.53125 0.359375 0.021875 0.0171875
0 0.56875 0.39609375 0.028125 0.0203125
0 0.55625 0.37734375 0.025 0.02265625
0 0.43828125 0.45 0.02265625 0.01953125
0 0.46328125 0.44296875 0.02421875 0.01796875
0 0.446875 0.43203125 0.0234375 0.01875
0 0.4671875 0.42421875 0.021875 0.0203125
0 0.43203125 0.41875 0.021875 0.0203125
0 0.4484375 0.4046875 0.021875 0.0203125
0 0.4453125 0.384375 0.021875 0.0203125
0 0.42890625 0.36953125 0.021875 0.0203125
0 0.29375 0.3578125 0.0234375 0.01953125
0 0.4578125 0.34140625 0.0203125 0.01796875
0 0.446875 0.32734375 0.01953125 0.01875
0 0.4328125 0.315625 0.02109375 0.01796875
0 0.45546875 0.29296875 0.0203125 0.0203125
0 0.48828125 0.31171875 0.01953125 0.01796875
0 0.4875 0.29453125 0.0203125 0.01640625
0 0.5234375 0.3359375 0.0203125 0.01875
0 0.51640625 0.31953125 0.0203125 0.01796875
0 0.5078125 0.30703125 0.01953125 0.01796875
0 0.54453125 0.340625 0.0203125 0.01953125
0 0.54609375 0.32265625 0.02421875 0.01640625
0 0.5296875 0.30859375 0.0203125 0.01875
0 0.51875 0.29375 0.0203125 0.015625
0 0.51640625 0.278125 0.0203125 0.01484375
0 0.5640625 0.29140625 0.0203125 0.01875
0 0.53984375 0.29140625 0.02265625 0.01796875
0 0.55234375 0.27890625 0.02109375 0.01640625
0 0.53359375 0.271875 0.01875 0.01640625
0 0.5703125 0.27421875 0.01953125 0.01796875
0 0.57734375 0.2578125 0.01953125 0.0171875
0 0.5578125 0.259375 0.02109375 0.0171875
0 0.5375 0.25703125 0.021875 0.0171875
0 0.5 0.27109375 0.0203125 0.0171875
0 0.47578125 0.27265625 0.01875 0.0171875
0 0.4765625 0.25234375 0.01953125 0.01640625
0 0.45078125 0.2578125 0.0203125 0.0171875
0 0.44609375 0.2359375 0.01796875 0.01640625
0 0.4703125 0.2359375 0.01796875 0.015625
0 0.47890625 0.21796875 0.01875 0.01484375
0 0.48828125 0.23984375 0.01875 0.01640625
0 0.51015625 0.25546875 0.01953125 0.01640625
0 0.52578125 0.24453125 0.01640625 0.01640625
0 0.55 0.23671875 0.01875 0.015625
0 0.565625 0.2453125 0.01875 0.01640625
0 0.5703125 0.228125 0.0171875 0.01640625
0 0.5609375 0.21484375 0.01796875 0.01484375
0 0.5390625 0.21875 0.01640625 0.015625
0 0.509375 0.21953125 0.015625 0.0140625
0 0.496875 0.21015625 0.01796875 0.01484375
0 0.5046875 0.196875 0.0171875 0.01484375
0 0.53203125 0.1953125 0.01796875 0.015625
0 0.5125 0.1828125 0.01796875 0.01640625
0 0.49140625 0.1859375 0.01875 0.01484375
0 0.48203125 0.19921875 0.01875 0.01484375
0 0.46484375 0.1921875 0.0171875 0.01484375
0 0.475 0.17890625 0.0171875 0.0140625
0 0.4546875 0.1765625 0.01953125 0.01640625
0 0.46640625 0.16328125 0.0171875 0.01484375
0 0.49375 0.16875 0.01875 0.0140625
0 0.4828125 0.15234375 0.015625 0.0140625
0 0.46484375 0.14765625 0.01640625 0.01328125
0 0.44921875 0.15625 0.01796875 0.0140625
0 0.45 0.13671875 0.01953125 0.01328125
0 0.51796875 0.16875 0.0203125 0.0140625
0 0.51484375 0.15625 0.0203125 0.0140625
0 0.52265625 0.14375 0.01796875 0.01484375
0 0.50234375 0.13359375 0.01796875 0.0125
0 0.4703125 0.1359375 0.01875 0.01171875
0 0.46953125 0.1203125 0.02109375 0.0125
0 0.45 0.1234375 0.0171875 0.0140625
0 0.45546875 0.10859375 0.01953125 0.0140625
0 0.471875 0.09921875 0.0203125 0.0125
0 0.4984375 0.12109375 0.01953125 0.0125
0 0.48125 0.10859375 0.01875 0.0109375
0 0.53515625 0.12265625 0.01953125 0.0140625
0 0.51640625 0.1171875 0.01875 0.01484375
0 0.52890625 0.1046875 0.0203125 0.0140625
0 0.55390625 0.11015625 0.0171875 0.0140625
0 0.565625 0.1296875 0.01953125 0.01484375
0 0.584375 0.13359375 0.01875 0.01328125
0 0.57890625 0.21328125 0.01953125 0.0171875
0 0.5921875 0.20078125 0.0203125 0.01484375
0 0.59140625 0.171875 0.02265625 0.0125
0 0.571875 0.16953125 0.0203125 0.0140625
0 0.58046875 0.1578125 0.0203125 0.01484375
0 0.60546875 0.159375 0.0203125 0.01328125
0 0.59609375 0.14375 0.0203125 0.015625
0 0.61796875 0.228125 0.0203125 0.01875
0 0.51171875 0.234375 0.0203125 0.01640625
0 0.33203125 0.22421875 0.021875 0.0203125
0 0.28828125 0.24140625 0.025 0.0203125
0 0.653125 0.11484375 0.0203125 0.01796875
0 0.55 0.08046875 0.01953125 0.01640625
0 0.5203125 0.0828125 0.01484375 0.0140625
0 0.49765625 0.08359375 0.01875 0.0140625