0 0.73828125 0.21484375 0.0359375 0.015625
0 0.70390625 0.2046875 0.0328125 0.02265625
0 0.72890625 0.184375 0.03359375 0.0203125
0 0.6703125 0.22890625 0.0328125 0.01796875
0 0.734375 0.2265625 0.03359375 0.02265625
0 0.65078125 0.27734375 0.0375 0.021875
0 0.67890625 0.29375 0.034375 0.0234375
0 0.7140625 0.2875 0.03671875 0.02421875
0 0.76484375 0.2609375 0.0359375 0.02421875
0 0.8 0.25546875 0.0328125 0.0234375
0 0.65859375 0.3140625 0.04140625 0.02578125
0 0.69765625 0.33046875 0.03828125 0.02421875
0 0.7171875 0.31484375 0.02734375 0.01796875
0 0.7421875 0.32265625 0.03203125 0.0265625
0 0.70078125 0.3640625 0.03671875 0.0265625
0 0.69609375 0.40859375 0.04140625 0.02578125
0 0.72578125 0.39453125 0.0375 0.02421875
0 0.759375 0.40703125 0.04140625 0.0265625
0 0.7640625 0.37421875 0.03671875 0.02734375
0 0.84296875 0.30625 0.03828125 0.02578125
0 0.87890625 0.3078125 0.0390625 0.0234375
0 0.903125 0.36640625 0.04140625 0.03046875
0 0.5984375 0.2015625 0.02890625 0.01875
0 0.62109375 0.21796875 0.0359375 0.0203125
0 0.5671875 0.1953125 0.028125 0.01953125
0 0.56953125 0.2140625 0.03046875 0.01875
0 0.5328125 0.203125 0.028125 0.02109375
0 0.54140625 0.221875 0.0328125 0.01953125
0 0.5078125 0.21171875 0.03125 0.0171875
0 0.51796875 0.22890625 0.028125 0.01953125
0 0.48125 0.2 0.034375 0.01796875
0 0.48125 0.22109375 0.028125 0.01875
0 0.42265625 0.21171875 0.03359375 0.01796875
0 0.45 0.22890625 0.03359375 0.01875
0 0.4859375 0.2390625 0.03359375 0.0203125
0 0.40703125 0.23046875 0.0328125 0.01796875
0 0.4359375 0.2421875 0.03125 0.01796875
0 0.4609375 0.2546875 0.03515625 0.01953125
0 0.48984375 0.26640625 0.03359375 0.01796875
0 0.42109375 0.2578125 0.02734375 0.01796875
0 0.44296875 0.2734375 0.0375 0.01953125
0 0.51171875 0.28046875 0.0375 0.02109375
0 0.39296875 0.2484375 0.0359375 0.01796875
0 0.2703125 0.25 0.0375 0.021875
0 0.5765625 0.328125 0.040625 0.025
0 0.4734375 0.28671875 0.0375 0.021875
0 0.49609375 0.30625 0.03671875 0.0234375
0 0.38515625 0.2640625 0.03984375 0.01953125
0 0.4 0.28203125 0.03984375 0.0234375
0 0.43203125 0.29375 0.0375 0.025
0 0.33984375 0.271875 0.03515625 0.01796875
0 0.3546875 0.290625 0.04296875 0.02265625
0 0.384375 0.303125 0.03515625 0.0234375
0 0.41640625 0.315625 0.04140625 0.025
0 0.4625 0.32109375 0.046875 0.02109375
0 0.32421875 0.30390625 0.0328125 0.01875
0 0.30390625 0.2828125 0.0375 0.0234375
0 0.3140625 0.3265625 0.034375 0.01953125
0 0.3390625 0.34296875 0.03671875 0.0203125
0 0.6 0.4546875 0.0421875 0.02734375
0 0.6390625 0.4484375 0.03984375 0.02734375
0 0.67890625 0.459375 0.03984375 0.03359375
0 0.35546875 0.32734375 0.04296875 0.021875
0 0.28984375 0.34453125 0.03828125 0.02421875
0 0.3234375 0.365625 0.04296875 0.02265625
0 0.3375 0.38671875 0.040625 0.025
0 0.3578125 0.41328125 0.03046875 0.025
0 0.29453125 0.39296875 0.04609375 0.028125
0 0.303125 0.42109375 0.03515625 0.0265625
0 0.33203125 0.41640625 0.04140625 0.02578125
0 0.38984375 0.42421875 0.03984375 0.0265625
0 0.43125 0.425 0.03984375 0.02734375
0 0.475 0.428125 0.04296875 0.02890625
0 0.496875 0.3859375 0.0421875 0.02890625
0 0.4890625 0.46953125 0.04609375 0.03203125
0 0.359375 0.44453125 0.04296875 0.0265625
0 0.4234375 0.45625 0.04453125 0.028125
0 0.13515625 0.2984375 0.0453125 0.02890625
0 0.18671875 0.28515625 0.040625 0.02578125
0 0.14921875 0.36015625 0.040625 0.025
0 0.17890625 0.34921875 0.04296875 0.02421875
0 0.325 0.46875 0.04140625 0.0265625
0 0.2609375 0.48046875 0.04296875 0.03125
0 0.28515625 0.5078125 0.04921875 0.03046875
0 0.10625 0.46015625 0.04921875 0.03125
0 0.15390625 0.4921875 0.0484375 0.0359375
0 0.22109375 0.534375 0.04921875 0.03046875
0 0.26875 0.5375 0.046875 0.03359375
0 0.25859375 0.60546875 0.04921875 0.0375
0 0.35078125 0.621875 0.053125 0.0359375
0 0.53203125 0.55078125 0.04921875 0.0328125
0 0.6328125 0.5578125 0.046875 0.0359375
0 0.60859375 0.48125 0.04296875 0.02578125
0 0.64609375 0.5 0.046875 0.03125
0 0.7671875 0.4734375 0.0484375 0.03125
0 0.82109375 0.540625 0.0453125 0.02734375
0 0.759375 0.54140625 0.0484375 0.0359375
0 0.8125 0.5578125 0.05 0.03125
0 0.7046875 0.60859375 0.0515625 0.03828125