0 0.82578125 0.50546875 0.03125 0.03125
0 0.81953125 0.58125 0.0390625 0.0359375
0 0.5734375 0.59140625 0.0359375 0.0359375
0 0.54375 0.5453125 0.0375 0.0359375
0 0.475 0.603125 0.0375 0.0328125
0 0.46640625 0.4609375 0.0390625 0.0421875
0 0.484375 0.4515625 0.034375 0.0359375
0 0.528125 0.4265625 0.0390625 0.0375
0 0.628125 0.4234375 0.0375 0.0359375
0 0.6296875 0.38984375 0.034375 0.03125
0 0.5 0.28515625 0.0390625 0.0359375
0 0.34375 0.42421875 0.0421875 0.0390625
0 0.32265625 0.46171875 0.0359375 0.034375
0 0.26015625 0.59765625 0.0421875 0.0390625
0 0.2140625 0.4515625 0.040625 0.0375
0 0.36484375 0.28671875 0.0421875 0.0421875
0 0.2890625 0.21796875 0.05 0.0390625