0 0.92890625 0.3859375 0.028125 0.0234375
0 0.928125 0.36640625 0.0265625 0.0265625
0 0.92421875 0.421875 0.0265625 0.0296875
0 0.89453125 0.39609375 0.0265625 0.0296875
0 0.89140625 0.55859375 0.028125 0.0296875
0 0.87578125 0.5359375 0.0265625 0.03125
0 0.8671875 0.571875 0.0296875 0.03125
0 0.84296875 0.52890625 0.0296875 0.0265625
0 0.85390625 0.5453125 0.0296875 0.0296875
0 0.8609375 0.43515625 0.0296875 0.0296875
0 0.87734375 0.41640625 0.0296875 0.0296875
0 0.8578125 0.40625 0.0265625 0.0296875
0 0.83203125 0.4328125 0.0296875 0.0296875
0 0.80234375 0.44453125 0.0328125 0.0328125
0 0.79375 0.41015625 0.0296875 0.0328125
0 0.79296875 0.36796875 0.0328125 0.0328125
0 0.83828125 0.30859375 0.0296875 0.0296875
0 0.82734375 0.2859375 0.0296875 0.0296875
0 0.7578125 0.3828125 0.028125 0.0265625
0 0.77578125 0.38984375 0.0296875 0.028125
0 0.746875 0.3609375 0.0296875 0.0296875
0 0.72265625 0.36796875 0.03125 0.0328125
0 0.77578125 0.259375 0.0296875 0.03125
0 0.72109375 0.2859375 0.0328125 0.03125
0 0.70078125 0.3046875 0.03125 0.0328125
0 0.71953125 0.46484375 0.03125 0.0296875
0 0.71953125 0.4375 0.028125 0.0328125
0 0.69609375 0.44375 0.0265625 0.03125
0 0.675 0.44375 0.0265625 0.0296875
0 0.65 0.4421875 0.0296875 0.0296875
0 0.68203125 0.41953125 0.03125 0.0328125
0 0.65625 0.41640625 0.0296875 0.03125
0 0.6609375 0.51796875 0.0328125 0.0328125
0 0.65546875 0.4921875 0.0296875 0.0296875
0 0.6453125 0.46953125 0.03125 0.0296875
0 0.62578125 0.41015625 0.03125 0.0328125
0 0.62265625 0.38046875 0.0328125 0.0328125
0 0.67890625 0.384375 0.03125 0.0296875
0 0.65625 0.37421875 0.0296875 0.0296875
0 0.6765625 0.34609375 0.0328125 0.0359375
0 0.65703125 0.32890625 0.0296875 0.0328125
0 0.6796875 0.31953125 0.03125 0.0328125
0 0.65390625 0.2984375 0.0328125 0.0328125
0 0.67109375 0.278125 0.03125 0.034375
0 0.60078125 0.4125 0.03125 0.0296875
0 0.596875 0.3859375 0.0296875 0.03125
0 0.5671875 0.39296875 0.0328125 0.0328125
0 0.57421875 0.42265625 0.028125 0.03125
0 0.54921875 0.42109375 0.0296875 0.03125
0 0.528125 0.4046875 0.034375 0.0359375
0 0.58515625 0.4375 0.0328125 0.03125
0 0.56171875 0.4484375 0.03125 0.0328125
0 0.615625 0.48046875 0.034375 0.0359375
0 0.5984375 0.51484375 0.0328125 0.0265625
0 0.5765625 0.49765625 0.025 0.03125
0 0.59296875 0.49375 0.028125 0.0328125
0 0.5671875 0.47421875 0.0296875 0.028125
0 0.54453125 0.47578125 0.0296875 0.03125
0 0.51796875 0.478125 0.03125 0.0359375
0 0.53671875 0.4453125 0.03125 0.0328125
0 0.51328125 0.44921875 0.03125 0.0328125
0 0.71796875 0.2078125 0.03125 0.0296875
0 0.72890625 0.22421875 0.0296875 0.0296875
0 0.69140625 0.21875 0.0296875 0.0296875
0 0.68828125 0.18359375 0.0296875 0.0328125
0 0.6796875 0.2390625 0.0296875 0.03125
0 0.65546875 0.23203125 0.0296875 0.0296875
0 0.66484375 0.20703125 0.028125 0.0328125
0 0.6625 0.18125 0.0296875 0.03125
0 0.66015625 0.15625 0.034375 0.0359375
0 0.640625 0.18515625 0.0296875 0.0296875
0 0.6234375 0.225 0.034375 0.034375
0 0.64140625 0.21171875 0.0296875 0.0328125
0 0.6203125 0.196875 0.028125 0.03125
0 0.60859375 0.1734375 0.034375 0.034375
0 0.6296875 0.16328125 0.0296875 0.0296875
0 0.6390625 0.13984375 0.0328125 0.0328125
0 0.6 0.2078125 0.0328125 0.0328125
0 0.57578125 0.1875 0.0328125 0.0359375
0 0.575 0.21796875 0.0359375 0.034375
0 0.5515625 0.18828125 0.0328125 0.034375
0 0.52578125 0.18984375 0.03125 0.0328125
0 0.6296875 0.11171875 0.0296875 0.03125
0 0.60390625 0.090625 0.0328125 0.0328125
0 0.5828125 0.07578125 0.03125 0.0328125
0 0.56015625 0.06015625 0.0296875 0.0328125
0 0.5625 0.09765625 0.0328125 0.034375
0 0.53671875 0.0765625 0.03125 0.0359375
0 0.53125 0.12265625 0.034375 0.0375
0 0.49921875 0.1859375 0.03125 0.0359375
0 0.49453125 0.1578125 0.034375 0.034375
0 0.47265625 0.18125 0.03125 0.0328125
0 0.5171875 0.240625 0.0328125 0.034375
0 0.5171875 0.27890625 0.034375 0.0375
0 0.42734375 0.21875 0.0359375 0.0375
0 0.4109375 0.2375 0.0375 0.0375
0 0.41015625 0.275 0.034375 0.0359375
0 0.41875 0.33046875 0.0359375 0.034375
0 0.42109375 0.3015625 0.034375 0.034375
0 0.44609375 0.34609375 0.0359375 0.034375
0 0.409375 0.40703125 0.0375 0.0390625
0 0.4046875 0.36171875 0.0359375 0.0359375
0 0.3828125 0.29609375 0.034375 0.0375
0 0.3515625 0.2796875 0.0375 0.0390625
0 0.359375 0.32734375 0.0375 0.0375
0 0.334375 0.309375 0.034375 0.0375
0 0.3625 0.403125 0.034375 0.0375
0 0.2796875 0.3203125 0.04375 0.0421875
0 0.32421875 0.41171875 0.0375 0.0375
0 0.29453125 0.4046875 0.0359375 0.034375
0 0.27265625 0.38515625 0.0359375 0.0390625
0 0.25546875 0.4140625 0.0390625 0.034375
0 0.30625 0.4375 0.0375 0.0375
0 0.35234375 0.459375 0.0375 0.0375
0 0.325 0.46640625 0.034375 0.0359375
0 0.23125 0.3671875 0.0375 0.0359375
0 0.2203125 0.3359375 0.040625 0.0359375
0 0.2203125 0.4078125 0.0375 0.0359375
0 0.20703125 0.38125 0.0375 0.034375
0 0.19453125 0.42265625 0.0390625 0.04375
0 0.13125 0.21953125 0.05 0.0421875
0 0.6328125 0.61875 0.034375 0.034375
0 0.60625 0.62265625 0.034375 0.034375
0 0.61171875 0.69453125 0.034375 0.034375
0 0.5625 0.603125 0.0328125 0.0328125
0 0.52578125 0.5453125 0.034375 0.034375
0 0.51640625 0.64453125 0.034375 0.0359375
0 0.49140625 0.62734375 0.0328125 0.0328125
0 0.4703125 0.571875 0.034375 0.034375
0 0.4671875 0.65859375 0.034375 0.034375
0 0.47890625 0.71015625 0.0375 0.0375
0 0.43984375 0.72421875 0.0375 0.0375
0 0.42890625 0.6578125 0.034375 0.034375
0 0.41796875 0.68203125 0.0328125 0.0328125
0 0.39921875 0.70703125 0.0328125 0.0328125
0 0.38984375 0.68671875 0.0296875 0.03125
0 0.39921875 0.571875 0.0390625 0.034375
0 0.4015625 0.54296875 0.0375 0.034375
0 0.30078125 0.55546875 0.040625 0.0375
0 0.18125 0.578125 0.0421875 0.0421875
0 0.11171875 0.48203125 0.04375 0.0421875