0 0.28984375 0.42734375 0.01640625 0.015625
0 0.321875 0.46015625 0.01484375 0.01484375
0 0.3890625 0.42890625 0.0140625 0.015625
0 0.403125 0.3984375 0.01484375 0.015625
0 0.42734375 0.3875 0.01328125 0.01484375
0 0.4421875 0.40078125 0.0140625 0.01484375
0 0.4203125 0.41171875 0.0140625 0.0140625
0 0.4296875 0.421875 0.01328125 0.01328125
0 0.45390625 0.42578125 0.01328125 0.01328125
0 0.471875 0.42421875 0.0140625 0.01328125
0 0.4640625 0.43828125 0.01328125 0.01328125
0 0.43203125 0.4359375 0.0140625 0.01328125
0 0.41328125 0.44609375 0.01484375 0.0140625
0 0.41875 0.46171875 0.0140625 0.015625
0 0.42890625 0.44921875 0.0140625 0.01328125
0 0.4375 0.46171875 0.01328125 0.0125
0 0.43203125 0.475 0.01328125 0.01484375
0 0.4484375 0.446875 0.0140625 0.0140625
0 0.46328125 0.4578125 0.0125 0.01484375
0 0.47265625 0.46875 0.01328125 0.01328125
0 0.4484375 0.4671875 0.01328125 0.01328125
0 0.446875 0.48203125 0.01328125 0.0140625
0 0.46015625 0.4796875 0.0125 0.0125
0 0.45 0.49765625 0.0140625 0.0140625
0 0.45546875 0.41171875 0.0140625 0.0140625
0 0.4703125 0.41015625 0.0140625 0.0140625
0 0.4734375 0.39140625 0.01328125 0.01484375
0 0.4859375 0.39375 0.01171875 0.0125
0 0.484375 0.3796875 0.0140625 0.01328125
0 0.5015625 0.3796875 0.01328125 0.0140625
0 0.5140625 0.38515625 0.0125 0.0140625
0 0.5015625 0.39296875 0.01484375 0.01328125
0 0.49140625 0.41796875 0.01328125 0.0125
0 0.49375 0.4046875 0.01484375 0.01328125
0 0.51171875 0.4 0.0125 0.01171875
0 0.5078125 0.41171875 0.01328125 0.01171875
0 0.5 0.4265625 0.01328125 0.0140625
0 0.51328125 0.42578125 0.0125 0.0140625
0 0.52734375 0.4078125 0.01328125 0.0140625
0 0.52421875 0.39140625 0.0140625 0.0125
0 0.52265625 0.375 0.0140625 0.01328125
0 0.53671875 0.38671875 0.01171875 0.01328125
0 0.53828125 0.37421875 0.0140625 0.0140625
0 0.5515625 0.3734375 0.01328125 0.01328125
0 0.54296875 0.39765625 0.0125 0.01328125
0 0.5578125 0.38828125 0.0125 0.015625
0 0.571875 0.38828125 0.0140625 0.015625
0 0.584375 0.37265625 0.01484375 0.01484375
0 0.56875 0.40078125 0.0140625 0.0125
0 0.58515625 0.39296875 0.01328125 0.01328125
0 0.559375 0.409375 0.0125 0.01328125
0 0.57265625 0.41328125 0.01328125 0.01328125
0 0.58515625 0.41484375 0.0125 0.0140625
0 0.59765625 0.40625 0.01328125 0.01484375
0 0.61640625 0.41484375 0.0140625 0.01484375
0 0.55078125 0.42578125 0.0140625 0.01484375
0 0.56796875 0.43203125 0.0140625 0.01484375
0 0.61953125 0.4359375 0.01484375 0.015625
0 0.5859375 0.4328125 0.01328125 0.01484375
0 0.54140625 0.43828125 0.0125 0.01328125
0 0.55703125 0.4375 0.01328125 0.01328125
0 0.56640625 0.44609375 0.0125 0.01328125
0 0.5796875 0.44921875 0.01171875 0.01484375
0 0.52265625 0.4546875 0.0125 0.0140625
0 0.53671875 0.45390625 0.01328125 0.0140625
0 0.54921875 0.4578125 0.0140625 0.01328125
0 0.56171875 0.459375 0.0125 0.0140625
0 0.5734375 0.4640625 0.01328125 0.0125
0 0.5546875 0.46953125 0.01171875 0.01328125
0 0.56640625 0.47421875 0.01171875 0.01328125
0 0.53125 0.46796875 0.0125 0.0140625
0 0.54296875 0.47265625 0.01171875 0.01328125
0 0.51875 0.46640625 0.01328125 0.01328125
0 0.50234375 0.478125 0.0140625 0.0140625
0 0.5171875 0.47890625 0.0125 0.01328125
0 0.53046875 0.48046875 0.0140625 0.0125
0 0.553125 0.4828125 0.0125 0.0125
0 0.5421875 0.4890625 0.0125 0.0125
0 0.53515625 0.5015625 0.0125 0.0140625
0 0.5125 0.4921875 0.01171875 0.0125
0 0.525 0.4921875 0.01328125 0.0125
0 0.49921875 0.49375 0.0125 0.0140625
0 0.50703125 0.5046875 0.0125 0.0140625
0 0.5203125 0.503125 0.0125 0.0140625
0 0.4953125 0.509375 0.0140625 0.01328125
0 0.51796875 0.5171875 0.01328125 0.015625
0 0.5296875 0.52265625 0.01328125 0.0140625
0 0.49609375 0.521875 0.0125 0.0125
0 0.50859375 0.52421875 0.01328125 0.01328125
0 0.5171875 0.5375 0.0140625 0.015625
0 0.48359375 0.52421875 0.0140625 0.01484375
0 0.4828125 0.54140625 0.0125 0.0140625
0 0.49375 0.534375 0.01328125 0.0140625
0 0.42578125 0.52265625 0.01328125 0.01640625
0 0.471875 0.53515625 0.0140625 0.01484375
0 0.48125 0.56015625 0.0140625 0.01484375
0 0.4875 0.5734375 0.01484375 0.0140625
0 0.40390625 0.63203125 0.0140625 0.0140625
0 0.4046875 0.65 0.0140625 0.0140625