0 0.34609375 0.67890625 0.034375 0.0328125
0 0.27109375 0.6390625 0.0359375 0.0375
0 0.371875 0.66015625 0.034375 0.03125
0 0.54765625 0.53046875 0.0328125 0.0328125
0 0.61484375 0.5328125 0.0328125 0.028125
0 0.63125 0.5046875 0.0296875 0.0359375
0 0.65234375 0.5328125 0.0296875 0.0296875
0 0.5515625 0.46484375 0.03125 0.0328125
0 0.3046875 0.48359375 0.0328125 0.0328125
0 0.2859375 0.45078125 0.0296875 0.0328125
0 0.303125 0.4296875 0.0296875 0.0296875
0 0.3328125 0.4296875 0.0296875 0.0328125
0 0.3515625 0.40703125 0.0296875 0.0328125
0 0.36640625 0.45078125 0.0296875 0.0328125
0 0.42421875 0.459375 0.0296875 0.0328125
0 0.44453125 0.434375 0.0328125 0.0296875
0 0.1359375 0.4703125 0.034375 0.034375
0 0.11796875 0.44453125 0.0375 0.0328125
0 0.13125 0.39921875 0.0359375 0.034375
0 0.27109375 0.3859375 0.0359375 0.0328125
0 0.2546875 0.35234375 0.0390625 0.0359375
0 0.38203125 0.40234375 0.034375 0.034375
0 0.37421875 0.33046875 0.0359375 0.034375
0 0.48671875 0.40234375 0.0328125 0.034375
0 0.49375 0.4296875 0.0328125 0.0328125
0 0.5328125 0.3765625 0.0328125 0.0328125
0 0.54921875 0.3484375 0.0359375 0.0359375
0 0.61171875 0.37734375 0.034375 0.0359375
0 0.634375 0.35234375 0.0359375 0.034375
0 0.684375 0.38359375 0.0359375 0.034375
0 0.6703125 0.34921875 0.0359375 0.0359375
0 0.68203125 0.3265625 0.0328125 0.0328125
0 0.6078125 0.26796875 0.0328125 0.0375
0 0.528125 0.24375 0.0359375 0.0359375
0 0.60390625 0.2328125 0.0359375 0.0390625
0 0.6421875 0.2375 0.0359375 0.0359375
0 0.678125 0.246875 0.03125 0.034375
0 0.721875 0.2484375 0.0296875 0.03125
0 0.70703125 0.28984375 0.0296875 0.0328125
0 0.72265625 0.321875 0.0296875 0.0296875
0 0.70859375 0.36484375 0.0296875 0.0328125
0 0.74609375 0.18203125 0.0328125 0.0328125
0 0.76015625 0.2765625 0.0328125 0.0328125
0 0.75546875 0.3203125 0.0296875 0.03125
0 0.78203125 0.33203125 0.034375 0.0296875
0 0.7484375 0.35 0.03125 0.0296875
0 0.74140625 0.384375 0.0328125 0.0328125
0 0.70625 0.415625 0.0328125 0.0296875
0 0.6953125 0.44296875 0.0328125 0.0296875
0 0.725 0.4484375 0.0328125 0.0296875
0 0.74375 0.4234375 0.0296875 0.0296875
0 0.7734375 0.41328125 0.03125 0.034375
0 0.75546875 0.45703125 0.0296875 0.0296875
0 0.790625 0.4578125 0.0296875 0.0296875
0 0.80546875 0.4 0.0296875 0.0328125
0 0.840625 0.428125 0.03125 0.0296875
0 0.88984375 0.45 0.0328125 0.0296875
0 0.91640625 0.434375 0.0328125 0.0328125
0 0.92109375 0.46484375 0.0296875 0.0296875
0 0.946875 0.45078125 0.0296875 0.0328125
0 0.68359375 0.47890625 0.028125 0.0296875