0 0.44453125 0.490625 0.0125 0.0078125
0 0.44140625 0.49609375 0.01328125 0.00625
0 0.43984375 0.5015625 0.0140625 0.0078125
0 0.42890625 0.49453125 0.01171875 0.009375
0 0.434375 0.4859375 0.01328125 0.009375
0 0.4015625 0.4671875 0.0140625 0.0109375
0 0.38984375 0.490625 0.01328125 0.009375
0 0.4015625 0.5078125 0.01328125 0.009375
0 0.3921875 0.5015625 0.0125 0.009375
0 0.38671875 0.51015625 0.0109375 0.009375
0 0.37421875 0.51015625 0.0125 0.01015625
0 0.39609375 0.51640625 0.01171875 0.009375
0 0.3859375 0.52265625 0.01171875 0.009375
0 0.39765625 0.5265625 0.0125 0.01015625
0 0.4125 0.5140625 0.0109375 0.01015625
0 0.4125 0.52421875 0.01171875 0.00859375
0 0.37890625 0.54375 0.01171875 0.009375
0 0.41953125 0.52265625 0.00859375 0.009375
0 0.41171875 0.53359375 0.01328125 0.01015625
0 0.43515625 0.52890625 0.0125 0.0109375
0 0.4296875 0.52109375 0.0109375 0.009375
0 0.42421875 0.5328125 0.0125 0.0109375
0 0.3765625 0.5640625 0.01328125 0.0109375
0 0.44140625 0.52265625 0.01328125 0.01015625
0 0.4390625 0.5140625 0.0125 0.00859375
0 0.46015625 0.51640625 0.01171875 0.01015625
0 0.45078125 0.51015625 0.01171875 0.009375
0 0.47734375 0.52109375 0.01328125 0.01171875
0 0.4578125 0.534375 0.0109375 0.0109375
0 0.4453125 0.53515625 0.0125 0.0109375
0 0.46796875 0.54140625 0.01328125 0.0109375
0 0.44765625 0.54609375 0.0140625 0.0109375
0 0.4328125 0.5609375 0.0140625 0.0109375
0 0.4 0.57578125 0.01328125 0.0109375
0 0.44296875 0.5734375 0.0140625 0.01015625
0 0.38828125 0.596875 0.01328125 0.01015625
0 0.41875 0.6171875 0.0140625 0.0109375
0 0.39765625 0.61640625 0.015625 0.0109375
0 0.41953125 0.63046875 0.01328125 0.0109375
0 0.409375 0.625 0.01328125 0.01015625
0 0.43125 0.6421875 0.0140625 0.0109375
0 0.44765625 0.60625 0.01484375 0.01015625
0 0.49609375 0.64765625 0.0140625 0.0109375
0 0.52578125 0.6125 0.0140625 0.01015625
0 0.50703125 0.65390625 0.0140625 0.01171875
0 0.51171875 0.60703125 0.0125 0.01015625
0 0.54453125 0.61171875 0.0140625 0.0109375
0 0.534375 0.61953125 0.01328125 0.009375
0 0.5109375 0.565625 0.01328125 0.009375
0 0.503125 0.5578125 0.0125 0.01015625
0 0.49140625 0.5453125 0.0140625 0.0109375
0 0.5296875 0.53515625 0.0140625 0.01015625
0 0.52890625 0.52421875 0.0125 0.009375
0 0.51484375 0.52421875 0.01328125 0.01171875
0 0.49921875 0.509375 0.0140625 0.01015625
0 0.484375 0.509375 0.01171875 0.009375
0 0.496875 0.5 0.0125 0.009375
0 0.48359375 0.49765625 0.0125 0.01015625
0 0.47265625 0.4921875 0.0125 0.009375
0 0.47265625 0.5015625 0.01171875 0.01015625
0 0.46328125 0.5078125 0.0125 0.009375
0 0.46015625 0.4984375 0.0125 0.009375
0 0.45703125 0.4890625 0.01171875 0.009375
0 0.5921875 0.60625 0.01640625 0.0125
0 0.5875 0.578125 0.0125 0.01171875
0 0.5796875 0.57109375 0.01328125 0.009375
0 0.55625 0.565625 0.0140625 0.01171875
0 0.56953125 0.56015625 0.0140625 0.01171875
0 0.58203125 0.55703125 0.0140625 0.01328125
0 0.58828125 0.534375 0.015625 0.0109375
0 0.57578125 0.5203125 0.0140625 0.0109375
0 0.5890625 0.5171875 0.01328125 0.0109375
0 0.57890625 0.51171875 0.01484375 0.0109375
0 0.5671875 0.50859375 0.0140625 0.0125
0 0.5921875 0.50390625 0.01484375 0.01171875
0 0.6 0.48984375 0.01328125 0.0109375
0 0.5875 0.48828125 0.01328125 0.01015625
0 0.58671875 0.47890625 0.0125 0.00859375
0 0.56171875 0.48203125 0.01328125 0.01015625
0 0.5625 0.471875 0.01484375 0.01015625
0 0.590625 0.47109375 0.0140625 0.01015625
0 0.609375 0.465625 0.01484375 0.01171875
0 0.58984375 0.4609375 0.01328125 0.0109375
0 0.59921875 0.453125 0.0140625 0.01171875
0 0.57890625 0.45703125 0.0125 0.009375
0 0.57109375 0.45078125 0.01328125 0.01015625
0 0.56796875 0.440625 0.0140625 0.01171875
0 0.5578125 0.45859375 0.01328125 0.0109375
0 0.5421875 0.45 0.01328125 0.01015625
0 0.53359375 0.45703125 0.0140625 0.009375
0 0.5390625 0.440625 0.01484375 0.00859375
0 0.5328125 0.42734375 0.015625 0.009375
0 0.521875 0.41953125 0.01328125 0.009375
0 0.5 0.43046875 0.0140625 0.0109375
0 0.48828125 0.4328125 0.0125 0.009375
0 0.5125 0.41328125 0.01328125 0.00859375
0 0.5203125 0.4078125 0.01484375 0.009375
0 0.49921875 0.40703125 0.0140625 0.01015625
0 0.496875 0.41640625 0.01484375 0.009375