0 0.52109375 0.29296875 0.02734375 0.0171875
0 0.55390625 0.29609375 0.03125 0.01875
0 0.49765625 0.334375 0.03984375 0.021875
0 0.49921875 0.315625 0.02890625 0.01796875
0 0.534375 0.30859375 0.02890625 0.0171875
0 0.52265625 0.31796875 0.0234375 0.0140625
0 0.63203125 0.32578125 0.0296875 0.0203125
0 0.6015625 0.321875 0.03046875 0.02109375
0 0.58125 0.3 0.028125 0.01796875
0 0.49453125 0.35546875 0.0296875 0.01640625
0 0.50859375 0.37109375 0.03125 0.021875
0 0.48828125 0.38359375 0.0328125 0.01953125
0 0.53203125 0.39140625 0.03359375 0.02265625
0 0.5546875 0.35234375 0.03203125 0.0171875
0 0.56875 0.37109375 0.03125 0.02421875
0 0.58671875 0.34375 0.028125 0.0203125
0 0.6171875 0.35078125 0.02890625 0.0203125
0 0.65703125 0.34296875 0.034375 0.01875
0 0.68359375 0.3390625 0.0234375 0.01953125
0 0.7109375 0.3453125 0.0265625 0.02265625
0 0.73125 0.334375 0.0265625 0.02109375
0 0.796875 0.33515625 0.03359375 0.021875
0 0.68203125 0.3578125 0.0296875 0.0203125
0 0.71171875 0.365625 0.02734375 0.01796875
0 0.73828125 0.3578125 0.02890625 0.01953125
0 0.7640625 0.365625 0.02578125 0.01953125
0 0.78515625 0.35390625 0.03203125 0.0203125
0 0.8046875 0.384375 0.03203125 0.0234375
0 0.8390625 0.39453125 0.03359375 0.02421875
0 0.68671875 0.37890625 0.03125 0.01953125
0 0.71953125 0.384375 0.03046875 0.01875
0 0.75078125 0.38515625 0.03125 0.0234375
0 0.7765625 0.3921875 0.02890625 0.01953125
0 0.8140625 0.41328125 0.03046875 0.021875
0 0.75 0.40390625 0.034375 0.01796875
0 0.77890625 0.4109375 0.0265625 0.01953125
0 0.7953125 0.42890625 0.0328125 0.02421875
0 0.69609375 0.3953125 0.0265625 0.0171875
0 0.70859375 0.41171875 0.0296875 0.0203125
0 0.73515625 0.4203125 0.0296875 0.0203125
0 0.76484375 0.434375 0.03359375 0.0234375
0 0.6703125 0.403125 0.03125 0.02421875
0 0.6921875 0.4265625 0.03203125 0.021875
0 0.72109375 0.4375 0.0328125 0.021875
0 0.74375 0.45234375 0.03203125 0.02265625
0 0.64765625 0.41875 0.03203125 0.0203125
0 0.61328125 0.41953125 0.03515625 0.02109375
0 0.64140625 0.43984375 0.03359375 0.02265625
0 0.74453125 0.4796875 0.034375 0.025
0 0.58828125 0.44765625 0.03125 0.02109375
0 0.55234375 0.4359375 0.0375 0.02109375
0 0.5546875 0.45703125 0.03046875 0.02265625
0 0.50625 0.4296875 0.03125 0.0203125
0 0.521875 0.45390625 0.03125 0.01875
0 0.54453125 0.4765625 0.03046875 0.0234375
0 0.5109375 0.471875 0.03359375 0.02109375
0 0.48125 0.4671875 0.02890625 0.01953125
0 0.490625 0.4921875 0.03125 0.01953125
0 0.51484375 0.5046875 0.0328125 0.02109375
0 0.46875 0.50859375 0.03359375 0.0203125
0 0.4484375 0.4625 0.03046875 0.01953125
0 0.45859375 0.48515625 0.0328125 0.02109375
0 0.4125 0.45625 0.03359375 0.01875
0 0.42109375 0.4765625 0.03046875 0.01953125
0 0.43515625 0.4984375 0.034375 0.02109375
0 0.40078125 0.49296875 0.034375 0.0203125
0 0.41953125 0.5203125 0.0328125 0.0234375
0 0.38671875 0.5140625 0.03125 0.021875
0 0.34375 0.48984375 0.0359375 0.01953125
0 0.35234375 0.509375 0.0359375 0.025
0 0.30859375 0.50859375 0.03125 0.02265625
0 0.33203125 0.53046875 0.03359375 0.02265625
0 0.3640625 0.540625 0.03125 0.0234375
0 0.2859375 0.52265625 0.0390625 0.02109375
0 0.30078125 0.5421875 0.03359375 0.01953125
0 0.3265625 0.55625 0.03515625 0.0234375
0 0.3453125 0.5765625 0.034375 0.02578125
0 0.2546875 0.4890625 0.03359375 0.02421875
0 0.24140625 0.528125 0.03515625 0.021875
0 0.26015625 0.5453125 0.03046875 0.0203125
0 0.2765625 0.56484375 0.0328125 0.02734375
0 0.30234375 0.57890625 0.03671875 0.03046875
0 0.215625 0.5515625 0.03671875 0.025
0 0.23359375 0.571875 0.0359375 0.02734375
0 0.18046875 0.56953125 0.0359375 0.0265625
0 0.20390625 0.58984375 0.0328125 0.028125
0 0.10078125 0.503125 0.034375 0.028125
0 0.10234375 0.5359375 0.0375 0.0265625
0 0.13984375 0.5796875 0.0359375 0.02890625
0 0.0640625 0.57734375 0.0375 0.02578125
0 0.03515625 0.6 0.0359375 0.02578125
0 0.13671875 0.63671875 0.0375 0.02734375
0 0.0390625 0.634375 0.0375 0.0265625
0 0.06484375 0.65625 0.03671875 0.02734375
0 0.1 0.65546875 0.03125 0.028125
0 0.13046875 0.66953125 0.03828125 0.02890625
0 0.053125 0.68359375 0.0375 0.02578125
0 0.075 0.70546875 0.04140625 0.03046875
0 0.1140625 0.70390625 0.0375 0.0296875