0 0.409375 0.7890625 0.0515625 0.0484375
0 0.24765625 0.77109375 0.03125 0.0328125
0 0.3328125 0.82734375 0.034375 0.0375
0 0.70703125 0.896875 0.034375 0.0375
0 0.67890625 0.73359375 0.0328125 0.0328125
0 0.4375 0.14140625 0.0265625 0.028125
0 0.50234375 0.553125 0.0296875 0.0296875
0 0.48359375 0.60390625 0.0296875 0.0296875
0 0.4875 0.2984375 0.0296875 0.025
0 0.5453125 0.3328125 0.0265625 0.025
0 0.75078125 0.7609375 0.0328125 0.03125
0 0.8640625 0.4484375 0.0265625 0.0265625
0 0.490625 0.709375 0.0328125 0.03125
0 0.43828125 0.26328125 0.028125 0.025
0 0.82265625 0.83046875 0.0328125 0.03125
0 0.7859375 0.796875 0.0296875 0.0296875
0 0.78828125 0.82734375 0.0328125 0.0328125
0 0.1671875 0.50859375 0.0296875 0.0296875
0 0.2046875 0.421875 0.0296875 0.028125
0 0.775 0.86484375 0.034375 0.0328125
0 0.29375 0.63984375 0.03125 0.0296875
0 0.5140625 0.625 0.0296875 0.028125
0 0.55078125 0.18671875 0.025 0.0234375
0 0.19921875 0.603125 0.03125 0.0328125
0 0.54921875 0.59453125 0.0328125 0.03125
0 0.28984375 0.2734375 0.0265625 0.025
0 0.80859375 0.26328125 0.025 0.0234375
0 0.59765625 0.434375 0.0296875 0.0265625
0 0.35625 0.525 0.028125 0.03125
0 0.371875 0.30390625 0.028125 0.0265625
0 0.7671875 0.2625 0.0265625 0.0265625
0 0.51875 0.7484375 0.03125 0.03125
0 0.54375 0.7609375 0.0296875 0.03125
0 0.13203125 0.50234375 0.0296875 0.028125
0 0.12734375 0.396875 0.0296875 0.0265625
0 0.50546875 0.14140625 0.025 0.0234375
0 0.29140625 0.565625 0.0296875 0.0296875
0 0.6796875 0.2109375 0.025 0.0234375
0 0.5296875 0.65625 0.0296875 0.028125
0 0.55546875 0.7046875 0.03125 0.0296875
0 0.70234375 0.55078125 0.0296875 0.0265625
0 0.5328125 0.72109375 0.0328125 0.0328125
0 0.78671875 0.35078125 0.025 0.0234375
0 0.51015625 0.6796875 0.0296875 0.028125
0 0.28515625 0.60625 0.0328125 0.03125
0 0.15390625 0.41171875 0.0296875 0.0296875
0 0.35 0.5640625 0.0296875 0.0296875
0 0.3421875 0.2765625 0.0296875 0.025
0 0.5640625 0.73125 0.0296875 0.03125
0 0.6828125 0.51328125 0.0296875 0.0265625
0 0.68828125 0.4484375 0.0296875 0.028125
0 0.33359375 0.61015625 0.0296875 0.0296875
0 0.73203125 0.3515625 0.0296875 0.025
0 0.39140625 0.34453125 0.0296875 0.028125
0 0.2390625 0.55546875 0.0296875 0.0296875
0 0.25234375 0.58515625 0.03125 0.0296875
0 0.5296875 0.40859375 0.0265625 0.0265625
0 0.48203125 0.42421875 0.0265625 0.0265625
0 0.325 0.58203125 0.0296875 0.03125
0 0.32578125 0.29609375 0.0265625 0.0265625
0 0.6671875 0.58671875 0.0296875 0.028125
0 0.109375 0.446875 0.0296875 0.0296875
0 0.1203125 0.46953125 0.0296875 0.0296875
0 0.67109375 0.625 0.0296875 0.028125
0 0.421875 0.41875 0.028125 0.0296875
0 0.228125 0.27578125 0.0296875 0.0265625
0 0.69375 0.59140625 0.0296875 0.0296875
0 0.52890625 0.1265625 0.0234375 0.0234375
0 0.61015625 0.2828125 0.0234375 0.0234375
0 0.23828125 0.4703125 0.0296875 0.028125
0 0.71171875 0.6109375 0.0296875 0.0265625
0 0.69609375 0.3546875 0.028125 0.0265625
0 0.61875 0.6046875 0.0296875 0.0265625
0 0.77421875 0.48125 0.028125 0.0265625
0 0.22421875 0.578125 0.0296875 0.028125
0 0.51484375 0.45078125 0.0265625 0.0265625
0 0.2140625 0.3421875 0.0296875 0.0265625
0 0.5515625 0.13125 0.0234375 0.0234375
0 0.72265625 0.2578125 0.021875 0.021875
0 0.7734375 0.50546875 0.0296875 0.0265625
0 0.77109375 0.31484375 0.0265625 0.025
0 0.2328125 0.50390625 0.0296875 0.0296875
0 0.6265625 0.23984375 0.0265625 0.0265625
0 0.63359375 0.64765625 0.0296875 0.028125
0 0.73125 0.40390625 0.0265625 0.025
0 0.74140625 0.515625 0.0265625 0.025
0 0.7125 0.43359375 0.0265625 0.0265625
0 0.7140625 0.284375 0.0265625 0.025
0 0.28359375 0.49140625 0.0296875 0.0296875
0 0.62890625 0.38671875 0.0265625 0.025
0 0.1890625 0.35703125 0.028125 0.0265625
0 0.63828125 0.621875 0.0296875 0.028125
0 0.690625 0.23828125 0.025 0.0234375
0 0.54609375 0.53984375 0.028125 0.0265625
0 0.17890625 0.33046875 0.0265625 0.0265625
0 0.50859375 0.41875 0.0265625 0.0265625
0 0.6609375 0.64921875 0.0296875 0.0296875
0 0.2015625 0.28515625 0.0265625 0.025
0 0.346875 0.47890625 0.0265625 0.0265625
0 0.2328125 0.3 0.0265625 0.0265625
0 0.66953125 0.4 0.0265625 0.0265625
0 0.75625 0.33046875 0.0296875 0.025
0 0.37265625 0.36328125 0.0265625 0.0265625
0 0.15078125 0.3359375 0.028125 0.0265625
0 0.31796875 0.5109375 0.0296875 0.0296875
0 0.2875 0.515625 0.0296875 0.028125
0 0.4125 0.3953125 0.028125 0.0265625
0 0.553125 0.1515625 0.0234375 0.0234375
0 0.3 0.4234375 0.0265625 0.0265625
0 0.2078125 0.3109375 0.0265625 0.025
0 0.3328125 0.3875 0.0296875 0.0265625
0 0.6578125 0.44140625 0.0265625 0.025
0 0.7515625 0.49296875 0.028125 0.0265625
0 0.15546875 0.35859375 0.0265625 0.0265625
0 0.63203125 0.32265625 0.0265625 0.025
0 0.53203125 0.146875 0.025 0.0234375
0 0.5421875 0.46484375 0.0296875 0.0265625
0 0.63203125 0.296875 0.0265625 0.025
0 0.64921875 0.25078125 0.0234375 0.0234375
0 0.6015625 0.578125 0.028125 0.0296875
0 0.75859375 0.4484375 0.0296875 0.025
0 0.25859375 0.48515625 0.0296875 0.0296875
0 0.51484375 0.478125 0.0265625 0.025
0 0.3421875 0.3609375 0.0296875 0.0265625
0 0.61796875 0.4921875 0.028125 0.0265625
0 0.659375 0.325 0.025 0.0234375
0 0.64140625 0.4078125 0.0265625 0.0265625
0 0.634375 0.5578125 0.0296875 0.0265625
0 0.31875 0.48359375 0.0296875 0.0296875
0 0.59375 0.5015625 0.0265625 0.0265625
0 0.25859375 0.51015625 0.028125 0.028125
0 0.3078125 0.3828125 0.0265625 0.025
0 0.646875 0.53203125 0.0265625 0.0265625
0 0.38125 0.42578125 0.0296875 0.0265625
0 0.7453125 0.42421875 0.028125 0.0265625
0 0.525 0.50078125 0.0265625 0.0265625
0 0.63984375 0.27109375 0.025 0.025
0 0.3890625 0.403125 0.0265625 0.0265625
0 0.6390625 0.3515625 0.0296875 0.025
0 0.6734375 0.26875 0.0265625 0.025
0 0.615625 0.53828125 0.0296875 0.0265625
0 0.36015625 0.38125 0.0265625 0.0265625
0 0.6390625 0.47890625 0.0265625 0.0265625
0 0.571875 0.54140625 0.0265625 0.0265625
0 0.6703125 0.346875 0.0265625 0.0265625
0 0.65078125 0.3734375 0.0265625 0.0265625
0 0.5703125 0.50703125 0.0265625 0.0265625
0 0.64296875 0.50234375 0.028125 0.0265625
0 0.33046875 0.43828125 0.0296875 0.0265625
0 0.59453125 0.5515625 0.028125 0.0265625
0 0.55234375 0.4875 0.0265625 0.0265625
0 0.32734375 0.4625 0.0296875 0.0265625
0 0.70390625 0.25625 0.0234375 0.0234375
0 0.66015625 0.284375 0.0265625 0.0265625
0 0.59375 0.5265625 0.0296875 0.0265625
0 0.6578125 0.46484375 0.0296875 0.0265625
0 0.3140625 0.4046875 0.028125 0.025
0 0.35625 0.434375 0.0265625 0.0265625
0 0.546875 0.515625 0.0265625 0.025
0 0.33671875 0.415625 0.0296875 0.0265625
0 0.36015625 0.40546875 0.028125 0.0265625