0 0.009375 0.3078125 0.01875 0.021875
0 0.0265625 0.30078125 0.021875 0.021875
0 0.03828125 0.3125 0.021875 0.021875
0 0.02578125 0.328125 0.021875 0.0234375
0 0.046875 0.3640625 0.0234375 0.021875
0 0.03828125 0.3859375 0.021875 0.0234375
0 0.071875 0.3984375 0.0234375 0.0234375
0 0.1203125 0.425 0.0234375 0.0234375
0 0.1890625 0.58046875 0.025 0.025
0 0.18984375 0.55078125 0.025 0.028125
0 0.18515625 0.5171875 0.0234375 0.025
0 0.16328125 0.5203125 0.025 0.021875
0 0.1671875 0.49296875 0.021875 0.025
0 0.1890625 0.49375 0.025 0.021875
0 0.2015625 0.47265625 0.025 0.021875
0 0.2109375 0.4890625 0.021875 0.025
0 0.20625 0.5109375 0.025 0.025
0 0.23359375 0.49296875 0.025 0.025
0 0.23125 0.51484375 0.025 0.0234375
0 0.25390625 0.51328125 0.025 0.021875
0 0.2515625 0.53515625 0.0265625 0.025
0 0.31015625 0.5609375 0.0265625 0.0234375
0 0.3265625 0.57734375 0.028125 0.025
0 0.33984375 0.55234375 0.028125 0.025
0 0.2921875 0.51953125 0.021875 0.021875
0 0.28828125 0.49921875 0.025 0.025
0 0.29765625 0.47421875 0.025 0.021875
0 0.3109375 0.49140625 0.025 0.025
0 0.3125 0.51328125 0.025 0.025
0 0.23046875 0.40703125 0.021875 0.021875
0 0.25078125 0.42109375 0.025 0.021875
0 0.27421875 0.41484375 0.0234375 0.021875
0 0.29140625 0.43125 0.025 0.025
0 0.30546875 0.4140625 0.0234375 0.021875
0 0.3265625 0.403125 0.025 0.025
0 0.34609375 0.396875 0.025 0.021875
0 0.3203125 0.43125 0.025 0.021875
0 0.40703125 0.47265625 0.0203125 0.0234375
0 0.440625 0.46484375 0.015625 0.01875
0 0.3390625 0.4921875 0.025 0.021875
0 0.36171875 0.50625 0.028125 0.025
0 0.41484375 0.571875 0.028125 0.025
0 0.44375 0.575 0.028125 0.025
0 0.4703125 0.56640625 0.028125 0.025
0 0.41484375 0.45390625 0.028125 0.021875
0 0.42890625 0.4703125 0.028125 0.025
0 0.425 0.50859375 0.0265625 0.025
0 0.45703125 0.5140625 0.028125 0.021875
0 0.4578125 0.49609375 0.0234375 0.015625
0 0.46640625 0.52578125 0.025 0.021875
0 0.5 0.51484375 0.028125 0.028125
0 0.52578125 0.51015625 0.028125 0.0234375
0 0.53828125 0.5625 0.028125 0.028125
0 0.26796875 0.29453125 0.028125 0.0234375
0 0.2796875 0.221875 0.0234375 0.021875
0 0.29921875 0.24375 0.0234375 0.021875
0 0.31015625 0.2234375 0.025 0.021875
0 0.3109375 0.2015625 0.025 0.021875
0 0.34375 0.1640625 0.0234375 0.021875
0 0.334375 0.20390625 0.021875 0.0234375
0 0.33515625 0.2359375 0.025 0.0234375
0 0.3546875 0.22734375 0.025 0.021875
0 0.33515625 0.2921875 0.028125 0.0234375
0 0.3828125 0.31171875 0.025 0.021875
0 0.3890625 0.3359375 0.025 0.0234375
0 0.4015625 0.29921875 0.0234375 0.021875
0 0.40625 0.31953125 0.028125 0.0234375
0 0.41953125 0.28828125 0.0265625 0.021875
0 0.43984375 0.2765625 0.028125 0.025
0 0.44296875 0.29765625 0.025 0.025
0 0.403125 0.21640625 0.021875 0.01875
0 0.40078125 0.23125 0.021875 0.021875
0 0.378125 0.2375 0.0171875 0.015625
0 0.39296875 0.25234375 0.0265625 0.025
0 0.41328125 0.24375 0.0203125 0.0203125
0 0.425 0.21953125 0.025 0.021875
0 0.4328125 0.23828125 0.025 0.021875
0 0.44609375 0.25078125 0.021875 0.0234375
0 0.46640625 0.24296875 0.0234375 0.0203125
0 0.44140625 0.1796875 0.0265625 0.021875
0 0.453125 0.2296875 0.021875 0.021875
0 0.48671875 0.24140625 0.025 0.025
0 0.403125 0.38046875 0.0265625 0.0265625
0 0.42734375 0.37578125 0.0234375 0.021875
0 0.4484375 0.41796875 0.028125 0.025
0 0.45078125 0.37578125 0.025 0.021875
0 0.4578125 0.3953125 0.03125 0.025
0 0.471875 0.371875 0.0234375 0.025
0 0.49375 0.371875 0.025 0.025
0 0.5140625 0.3453125 0.025 0.021875
0 0.51328125 0.36484375 0.025 0.0203125
0 0.521875 0.37734375 0.025 0.01875
0 0.546875 0.3671875 0.028125 0.0265625
0 0.54609375 0.3453125 0.025 0.021875
0 0.56875 0.353125 0.0265625 0.0203125
0 0.4859375 0.30546875 0.0234375 0.0203125
0 0.503125 0.26484375 0.025 0.0203125
0 0.49921875 0.28515625 0.0234375 0.021875
0 0.5171875 0.2953125 0.025 0.025
0 0.50078125 0.2296875 0.0203125 0.0203125
0 0.50703125 0.246875 0.0234375 0.0203125
0 0.52734375 0.25390625 0.0203125 0.0203125
0 0.52421875 0.2734375 0.025 0.021875
0 0.55234375 0.29140625 0.0265625 0.0234375
0 0.54296875 0.26328125 0.0234375 0.021875
0 0.5625 0.27265625 0.0234375 0.025
0 0.58203125 0.29296875 0.0265625 0.021875
0 0.58359375 0.271875 0.025 0.021875
0 0.603125 0.28203125 0.025 0.021875
0 0.56640625 0.253125 0.025 0.021875
0 0.60546875 0.26015625 0.025 0.0234375
0 0.6359375 0.16953125 0.025 0.028125
0 0.5984375 0.13359375 0.021875 0.025
0 0.6125 0.11796875 0.021875 0.021875
0 0.6234375 0.1 0.0234375 0.0203125
0 0.63671875 0.10703125 0.01875 0.0171875
0 0.65078125 0.05625 0.025 0.021875
0 0.6359375 0.040625 0.0234375 0.021875
0 0.66796875 0.05390625 0.01875 0.0203125
0 0.590625 0.3765625 0.028125 0.025
0 0.5890625 0.5046875 0.0296875 0.0234375
0 0.58515625 0.46484375 0.028125 0.025
0 0.60546875 0.48515625 0.028125 0.0265625
0 0.62109375 0.51328125 0.025 0.025
0 0.6390625 0.5140625 0.0140625 0.025
0 0.6828125 0.5078125 0.034375 0.0296875
0 0.63671875 0.48125 0.028125 0.025
0 0.6609375 0.49140625 0.0296875 0.025
0 0.63125 0.45234375 0.028125 0.028125
0 0.65625 0.45390625 0.028125 0.0265625
0 0.678125 0.446875 0.028125 0.021875
0 0.703125 0.453125 0.03125 0.025
0 0.65546875 0.42734375 0.028125 0.025
0 0.7015625 0.43125 0.028125 0.0265625
0 0.671875 0.403125 0.025 0.021875
0 0.6828125 0.42421875 0.028125 0.025
0 0.65546875 0.38671875 0.0296875 0.025
0 0.7015625 0.39765625 0.034375 0.0265625
0 0.7359375 0.34453125 0.028125 0.021875
0 0.72109375 0.3625 0.0328125 0.0265625
0 0.71328125 0.2109375 0.028125 0.025
0 0.74296875 0.2203125 0.028125 0.025
0 0.859375 0.33671875 0.034375 0.0296875