0 0.675 0.86875 0.02890625 0.02890625
0 0.56640625 0.334375 0.02734375 0.028125
0 0.4328125 0.40078125 0.03125 0.02890625
0 0.42421875 0.4953125 0.0296875 0.02734375
0 0.51796875 0.49375 0.0265625 0.0265625
0 0.503125 0.5171875 0.02578125 0.0265625
0 0.43125 0.42890625 0.02890625 0.028125
0 0.45078125 0.50625 0.0265625 0.02578125
0 0.478125 0.56171875 0.02578125 0.02578125
0 0.3609375 0.57109375 0.0265625 0.02734375
0 0.24609375 0.28125 0.028125 0.03125
0 0.334375 0.55234375 0.028125 0.02890625
0 0.22109375 0.23828125 0.028125 0.0296875
0 0.42890625 0.59765625 0.0296875 0.02890625
0 0.5109375 0.60078125 0.02578125 0.02578125
0 0.45390625 0.55703125 0.02734375 0.0265625
0 0.61640625 0.4859375 0.02890625 0.028125
0 0.5125 0.4671875 0.02734375 0.02734375
0 0.53828125 0.60625 0.02578125 0.02734375
0 0.37578125 0.6046875 0.028125 0.02734375
0 0.4828125 0.45859375 0.0265625 0.02734375
0 0.5828125 0.4625 0.0265625 0.02734375
0 0.24375 0.54453125 0.02890625 0.02890625
0 0.571875 0.6203125 0.02578125 0.0265625
0 0.91796875 0.665625 0.0265625 0.02578125
0 0.65546875 0.48203125 0.02890625 0.02734375
0 0.49296875 0.53984375 0.02734375 0.02734375
0 0.85859375 0.4828125 0.02890625 0.03046875
0 0.471875 0.76328125 0.0265625 0.0265625
0 0.4578125 0.53203125 0.0265625 0.0265625
0 0.63203125 0.45859375 0.0265625 0.02734375
0 0.434375 0.7828125 0.0265625 0.0265625
0 0.5 0.9078125 0.02734375 0.0265625
0 0.6359375 0.503125 0.02578125 0.0265625
0 0.46875 0.48828125 0.0265625 0.0265625
0 0.45390625 0.46640625 0.0265625 0.028125
0 0.38984375 0.45234375 0.028125 0.028125
0 0.14453125 0.6953125 0.0296875 0.02890625
0 0.2375 0.51953125 0.0296875 0.028125
0 0.55078125 0.70546875 0.0265625 0.028125
0 0.190625 0.6359375 0.03046875 0.02890625
0 0.54140625 0.81171875 0.025 0.0265625
0 0.35 0.8484375 0.02578125 0.02578125
0 0.30546875 0.77265625 0.02734375 0.028125
0 0.60390625 0.40625 0.02890625 0.02734375
0 0.37421875 0.8421875 0.02734375 0.0265625
0 0.6234375 0.37421875 0.02734375 0.02890625
0 0.3078125 0.565625 0.02734375 0.028125
0 0.47578125 0.4 0.02734375 0.02890625
0 0.7734375 0.51484375 0.0265625 0.02734375
0 0.62421875 0.75390625 0.02890625 0.028125
0 0.47734375 0.5125 0.02734375 0.02734375
0 0.7625 0.490625 0.02890625 0.028125
0 0.27578125 0.5796875 0.028125 0.03203125
0 0.50859375 0.5609375 0.02578125 0.0265625
0 0.68984375 0.43828125 0.02734375 0.02890625
0 0.40546875 0.9171875 0.0265625 0.02578125
0 0.41640625 0.37890625 0.02734375 0.02734375
0 0.675 0.6015625 0.0265625 0.0265625
0 0.48828125 0.58671875 0.025 0.0265625
0 0.40234375 0.475 0.02734375 0.02734375
0 0.3625 0.45234375 0.02734375 0.02734375
0 0.740625 0.5171875 0.02734375 0.02734375
0 0.5765625 0.775 0.0265625 0.02734375
0 0.715625 0.4828125 0.02734375 0.02734375
0 0.275 0.32109375 0.0296875 0.0296875
0 0.5390625 0.33125 0.03046875 0.0296875
0 0.375 0.79375 0.02734375 0.02734375
0 0.33515625 0.78828125 0.0265625 0.0296875
0 0.3921875 0.41875 0.028125 0.028125
0 0.69296875 0.46875 0.0265625 0.028125
0 0.9203125 0.640625 0.0265625 0.0265625
0 0.5484375 0.3578125 0.02734375 0.028125
0 0.5765625 0.52578125 0.02734375 0.02890625
0 0.80078125 0.509375 0.02734375 0.02734375
0 0.5109375 0.42421875 0.02734375 0.02890625
0 0.534375 0.74296875 0.0265625 0.02734375
0 0.60078125 0.76640625 0.0265625 0.0265625
0 0.678125 0.5015625 0.0265625 0.02890625
0 0.59453125 0.79609375 0.0265625 0.028125
0 0.48359375 0.7859375 0.02578125 0.02578125
0 0.53515625 0.78828125 0.02578125 0.0265625
0 0.7859375 0.478125 0.028125 0.028125
0 0.559375 0.740625 0.02578125 0.02578125
0 0.58828125 0.6 0.028125 0.02734375
0 0.340625 0.74453125 0.02890625 0.028125
0 0.18046875 0.78203125 0.028125 0.028125
0 0.82890625 0.46484375 0.028125 0.02734375
0 0.26953125 0.50625 0.02890625 0.028125
0 0.6 0.3578125 0.02734375 0.02890625
0 0.44765625 0.8171875 0.02578125 0.0265625
0 0.75859375 0.3640625 0.02890625 0.028125
0 0.52109375 0.7640625 0.0265625 0.0265625
0 0.5375 0.47578125 0.0265625 0.0265625
0 0.35 0.821875 0.02578125 0.02734375
0 0.21796875 0.275 0.02890625 0.03125
0 0.42265625 0.8609375 0.02578125 0.02578125
0 0.5640625 0.9390625 0.02578125 0.0265625
0 0.82109375 0.37578125 0.03125 0.0296875
0 0.8140625 0.4265625 0.02734375 0.02734375
0 0.45859375 0.7890625 0.02734375 0.02734375
0 0.56328125 0.79921875 0.02734375 0.02734375
0 0.55078125 0.76875 0.025 0.0265625
0 0.89375 0.65859375 0.0265625 0.025
0 0.71953125 0.340625 0.028125 0.02734375
0 0.7796875 0.43125 0.0265625 0.02734375
0 0.7109375 0.5109375 0.0265625 0.02734375
0 0.55703125 0.46015625 0.028125 0.0296875
0 0.57421875 0.71953125 0.02734375 0.02734375
0 0.80859375 0.53515625 0.03203125 0.028125
0 0.68671875 0.81875 0.0265625 0.0265625
0 0.85078125 0.628125 0.02734375 0.02734375
0 0.51875 0.821875 0.025 0.025
0 0.5296875 0.57578125 0.0265625 0.02734375
0 0.62578125 0.2421875 0.02734375 0.02890625
0 0.4234375 0.8078125 0.0265625 0.0265625
0 0.521875 0.3640625 0.02578125 0.02734375
0 0.728125 0.72734375 0.02734375 0.028125
0 0.75234375 0.54375 0.028125 0.0265625
0 0.8734375 0.7578125 0.03125 0.028125
0 0.6421875 0.3921875 0.0265625 0.02734375
0 0.42890625 0.74296875 0.0296875 0.02734375
0 0.6609375 0.8296875 0.0265625 0.02734375
0 0.32421875 0.8640625 0.02890625 0.02578125
0 0.5640625 0.8234375 0.02578125 0.0265625
0 0.28828125 0.39609375 0.02890625 0.0296875
0 0.66484375 0.7828125 0.02578125 0.02734375
0 0.44921875 0.8421875 0.025 0.02421875
0 0.38828125 0.7390625 0.028125 0.02734375
0 0.4546875 0.98515625 0.028125 0.0265625
0 0.18046875 0.28359375 0.028125 0.03203125
0 0.3671875 0.75859375 0.028125 0.02890625
0 0.8953125 0.63359375 0.02734375 0.028125
0 0.365625 0.4234375 0.02734375 0.03125
0 0.4578125 0.86484375 0.02734375 0.0265625
0 0.8921875 0.6875 0.028125 0.028125
0 0.396875 0.54375 0.03203125 0.0296875
0 0.2734375 0.5375 0.028125 0.02890625
0 0.70390625 0.4 0.02734375 0.03046875
0 0.559375 0.6453125 0.02578125 0.0265625
0 0.4234375 0.83671875 0.02578125 0.02578125
0 0.61640625 0.9359375 0.02421875 0.025
0 0.40546875 0.94921875 0.02578125 0.0265625
0 0.584375 0.92109375 0.0265625 0.02734375
0 0.65703125 0.92734375 0.028125 0.028125
0 0.64140625 0.94921875 0.025 0.025
0 0.5875 0.95625 0.02578125 0.025
0 0.43515625 0.96875 0.0265625 0.0265625
0 0.58125 0.4296875 0.03125 0.0296875
0 0.1421875 0.34375 0.03203125 0.02734375
0 0.4984375 0.9546875 0.02890625 0.02734375
0 0.7 0.66875 0.02734375 0.03046875
0 0.50859375 0.9828125 0.025 0.0265625
0 0.81015625 0.4484375 0.028125 0.02578125
0 0.83359375 0.32890625 0.02734375 0.028125
0 0.7359375 0.378125 0.0296875 0.03125
0 0.5765625 0.9796875 0.02578125 0.0265625
0 0.553125 0.96953125 0.0265625 0.02578125
0 0.509375 0.7875 0.02578125 0.0265625
0 0.29296875 0.5171875 0.028125 0.02734375
0 0.634375 0.915625 0.02578125 0.02734375
0 0.25 0.26875 0.015625 0.00859375
0 0.59921875 0.3421875 0.01328125 0.00859375