0 0.5359375 0.59765625 0.009375 0.009375
0 0.5703125 0.4890625 0.009375 0.009375
0 0.5203125 0.59140625 0.0125 0.0125
0 0.49921875 0.50625 0.0109375 0.0109375
0 0.484375 0.61796875 0.009375 0.0109375
0 0.36796875 0.51015625 0.009375 0.009375
0 0.5015625 0.6046875 0.009375 0.0109375
0 0.33359375 0.51875 0.0109375 0.0109375
0 0.50078125 0.5203125 0.009375 0.0109375
0 0.509375 0.62265625 0.009375 0.0109375
0 0.315625 0.5359375 0.009375 0.0109375
0 0.4765625 0.45859375 0.009375 0.0109375
0 0.53984375 0.6109375 0.009375 0.0109375
0 0.56015625 0.43515625 0.009375 0.0109375
0 0.3609375 0.52265625 0.0109375 0.009375
0 0.528125 0.44609375 0.009375 0.009375
0 0.50390625 0.6359375 0.009375 0.0109375
0 0.49140625 0.403125 0.009375 0.0109375
0 0.41796875 0.50546875 0.0109375 0.009375
0 0.575 0.609375 0.0125 0.0125
0 0.58046875 0.48203125 0.009375 0.009375
0 0.35078125 0.50234375 0.009375 0.0109375
0 0.41171875 0.43984375 0.009375 0.009375
0 0.40078125 0.509375 0.009375 0.009375
0 0.32890625 0.55 0.009375 0.0109375
0 0.4375 0.44296875 0.009375 0.0109375
0 0.41171875 0.45390625 0.0109375 0.0125
0 0.3625 0.471875 0.009375 0.009375
0 0.3640625 0.4875 0.009375 0.009375
0 0.35625 0.44453125 0.0125 0.0125
0 0.56640625 0.6234375 0.009375 0.0109375
0 0.4546875 0.36953125 0.009375 0.0109375
0 0.559375 0.44921875 0.0109375 0.0109375
0 0.37734375 0.4296875 0.009375 0.0109375
0 0.37578125 0.471875 0.009375 0.009375
0 0.39765625 0.4375 0.009375 0.009375
0 0.365625 0.4140625 0.0125 0.0125
0 0.43515625 0.371875 0.009375 0.0109375
0 0.346875 0.559375 0.0109375 0.0109375
0 0.39765625 0.41171875 0.0109375 0.0125
0 0.54609375 0.49453125 0.009375 0.009375
0 0.446875 0.47421875 0.009375 0.009375
0 0.45703125 0.4609375 0.009375 0.009375
0 0.53046875 0.4 0.009375 0.0109375
0 0.44375 0.65078125 0.009375 0.0109375
0 0.55 0.41796875 0.009375 0.009375
0 0.39296875 0.53984375 0.009375 0.009375
0 0.38671875 0.4515625 0.009375 0.009375
0 0.3890625 0.46328125 0.009375 0.009375
0 0.52734375 0.41015625 0.009375 0.009375
0 0.39765625 0.36640625 0.009375 0.009375
0 0.46328125 0.653125 0.009375 0.009375
0 0.4046875 0.5546875 0.0109375 0.009375
0 0.54140625 0.40390625 0.009375 0.009375
0 0.478125 0.42421875 0.009375 0.009375
0 0.521875 0.6578125 0.009375 0.0109375
0 0.3921875 0.3765625 0.009375 0.009375
0 0.38203125 0.38984375 0.009375 0.0109375
0 0.50390625 0.65 0.0109375 0.0125
0 0.446875 0.45859375 0.0109375 0.0109375
0 0.49609375 0.5875 0.009375 0.009375
0 0.4375 0.353125 0.009375 0.0109375
0 0.53984375 0.425 0.009375 0.009375
0 0.30625 0.559375 0.0125 0.0125
0 0.421875 0.36484375 0.0125 0.0109375
0 0.36171875 0.38359375 0.0109375 0.009375
0 0.315625 0.56484375 0.009375 0.0109375
0 0.3859375 0.3609375 0.009375 0.0109375
0 0.44375 0.38515625 0.009375 0.0109375
0 0.47890625 0.4125 0.009375 0.009375
0 0.44140625 0.4203125 0.0125 0.0109375
0 0.42734375 0.3890625 0.0109375 0.009375
0 0.38359375 0.534375 0.0109375 0.009375
0 0.40703125 0.38203125 0.0109375 0.009375
0 0.32890625 0.57734375 0.009375 0.009375
0 0.41640625 0.37421875 0.0109375 0.0109375
0 0.365625 0.565625 0.009375 0.009375
0 0.46953125 0.48671875 0.0109375 0.009375
0 0.37734375 0.55703125 0.0109375 0.0109375
0 0.42734375 0.3390625 0.009375 0.0109375
0 0.42421875 0.61015625 0.009375 0.009375
0 0.49375 0.6671875 0.009375 0.009375
0 0.4375 0.33828125 0.0109375 0.0125
0 0.46328125 0.42578125 0.0109375 0.0109375
0 0.35 0.37109375 0.0109375 0.0109375
0 0.3625 0.5546875 0.009375 0.009375
0 0.4859375 0.59296875 0.009375 0.009375
0 0.46796875 0.39921875 0.009375 0.009375
0 0.39375 0.571875 0.0109375 0.009375
0 0.390625 0.5890625 0.009375 0.009375
0 0.34140625 0.57734375 0.0125 0.0125
0 0.40703125 0.60078125 0.0109375 0.009375
0 0.48046875 0.5578125 0.009375 0.009375
0 0.4859375 0.53671875 0.009375 0.0109375
0 0.36640625 0.37421875 0.0109375 0.009375
0 0.4921875 0.55390625 0.009375 0.009375
0 0.35078125 0.5734375 0.0109375 0.009375
0 0.45390625 0.51953125 0.009375 0.009375
0 0.47734375 0.49375 0.009375 0.0109375
0 0.490625 0.675 0.009375 0.009375
0 0.478125 0.51328125 0.009375 0.009375
0 0.4640625 0.56953125 0.009375 0.009375
0 0.440625 0.5640625 0.009375 0.009375
0 0.44765625 0.40703125 0.009375 0.009375
0 0.45703125 0.590625 0.0109375 0.009375
0 0.43203125 0.58359375 0.009375 0.009375
0 0.36640625 0.54375 0.0140625 0.0140625
0 0.4125 0.57890625 0.009375 0.009375
0 0.47734375 0.58671875 0.009375 0.009375
0 0.4640625 0.496875 0.0125 0.0125
0 0.446875 0.3953125 0.009375 0.009375
0 0.43125 0.571875 0.009375 0.0109375
0 0.45546875 0.559375 0.009375 0.0109375
0 0.48515625 0.5203125 0.009375 0.009375
0 0.4203125 0.58984375 0.0125 0.0125
0 0.4078125 0.56171875 0.0140625 0.0140625
0 0.44921875 0.553125 0.009375 0.009375
0 0.46484375 0.55234375 0.009375 0.009375
0 0.45546875 0.53359375 0.009375 0.009375
0 0.484375 0.54765625 0.0125 0.0125
0 0.4390625 0.575 0.009375 0.009375
0 0.46796875 0.53671875 0.0125 0.0125
0 0.4578125 0.58046875 0.0125 0.0125
0 0.4703125 0.503125 0.009375 0.009375
0 0.46953125 0.5796875 0.009375 0.009375
0 0.40234375 0.571875 0.015625 0.0140625
0 0.3765625 0.5453125 0.0140625 0.0140625
0 0.1953125 0.55625 0.009375 0.0109375
0 0.4609375 0.50859375 0.0109375 0.009375
0 0.2015625 0.54765625 0.009375 0.00625
0 0.42109375 0.6 0.0109375 0.009375
0 0.4 0.59140625 0.009375 0.009375
0 0.39921875 0.58125 0.009375 0.009375
0 0.42265625 0.57734375 0.0109375 0.0125
0 0.4484375 0.56953125 0.009375 0.009375
0 0.4546875 0.54453125 0.009375 0.009375
0 0.47265625 0.546875 0.009375 0.009375
0 0.46484375 0.51640625 0.009375 0.0109375
0 0.4765625 0.52734375 0.009375 0.009375
0 0.4640625 0.5265625 0.009375 0.0109375
0 0.53984375 0.41484375 0.009375 0.009375
0 0.46640625 0.41640625 0.009375 0.009375
0 0.4578125 0.409375 0.009375 0.009375
0 0.4578125 0.39765625 0.0109375 0.009375