0 0.846875 0.88046875 0.0484375 0.05
0 0.67734375 0.8171875 0.0484375 0.0484375
0 0.70859375 0.79453125 0.0484375 0.0484375
0 0.77734375 0.81484375 0.0515625 0.0484375
0 0.74609375 0.79140625 0.05 0.0515625
0 0.6734375 0.7515625 0.0453125 0.046875
0 0.7125 0.746875 0.05 0.0546875
0 0.60390625 0.759375 0.0484375 0.0484375
0 0.54375 0.73984375 0.0484375 0.0484375
0 0.58203125 0.7203125 0.0515625 0.0484375
0 0.5421875 0.69921875 0.0484375 0.0484375
0 0.58046875 0.684375 0.0484375 0.053125
0 0.5640625 0.64921875 0.053125 0.0515625
0 0.56328125 0.61015625 0.0484375 0.0484375
0 0.4390625 0.590625 0.05 0.0484375
0 0.5234375 0.63828125 0.05 0.0484375
0 0.3828125 0.615625 0.0546875 0.05
0 0.4359375 0.55234375 0.0484375 0.0453125
0 0.47890625 0.5546875 0.05 0.0484375
0 0.35234375 0.58359375 0.0515625 0.0484375
0 0.39140625 0.56484375 0.05 0.046875
0 0.3140625 0.56015625 0.0484375 0.046875
0 0.35078125 0.5453125 0.0484375 0.0453125
0 0.37890625 0.51953125 0.046875 0.0453125
0 0.37265625 0.46953125 0.0484375 0.0484375
0 0.39609375 0.4390625 0.0484375 0.0484375
0 0.3078125 0.43359375 0.05 0.0515625
0 0.35625 0.4359375 0.0484375 0.0484375
0 0.32109375 0.39609375 0.05 0.0484375
0 0.3734375 0.39921875 0.05 0.0515625
0 0.4984375 0.38125 0.0515625 0.05
0 0.484375 0.34453125 0.0515625 0.0484375
0 0.4390625 0.31328125 0.0515625 0.0515625
0 0.4921875 0.28203125 0.05 0.0515625
0 0.41171875 0.28125 0.0515625 0.0515625
0 0.41640625 0.23515625 0.053125 0.0515625
0 0.51875 0.2125 0.0515625 0.0515625
0 0.53125 0.16953125 0.053125 0.05625
0 0.43828125 0.11796875 0.0609375 0.05625
0 0.31328125 0.225 0.05 0.05
0 0.31953125 0.1828125 0.0515625 0.0484375
0 0.30703125 0.13671875 0.0546875 0.053125
0 0.26484375 0.1078125 0.0546875 0.0546875
0 0.159375 0.3234375 0.05625 0.059375