0 0.52109375 0.6796875 0.015625 0.015625
0 0.521875 0.6546875 0.015625 0.015625
0 0.52265625 0.62421875 0.015625 0.015625
0 0.4796875 0.62109375 0.015625 0.015625
0 0.5375 0.6125 0.0171875 0.015625
0 0.52421875 0.60390625 0.015625 0.015625
0 0.515625 0.58515625 0.015625 0.015625
0 0.5359375 0.57265625 0.015625 0.0171875
0 0.5203125 0.57734375 0.015625 0.0125
0 0.5296875 0.5890625 0.01875 0.015625
0 0.56015625 0.5921875 0.01875 0.0171875
0 0.596875 0.59375 0.01875 0.015625
0 0.578125 0.59921875 0.015625 0.0171875
0 0.6453125 0.61171875 0.01875 0.01875
0 0.63515625 0.64296875 0.01875 0.01875
0 0.6125 0.575 0.015625 0.0171875
0 0.59765625 0.5640625 0.015625 0.015625
0 0.58046875 0.55390625 0.015625 0.0171875
0 0.55625 0.5375 0.0171875 0.0171875
0 0.52421875 0.55625 0.015625 0.0171875
0 0.5421875 0.5328125 0.015625 0.0171875
0 0.5296875 0.51640625 0.015625 0.015625
0 0.49765625 0.5625 0.015625 0.0171875
0 0.54609375 0.51015625 0.0171875 0.0171875
0 0.47734375 0.59453125 0.01875 0.0171875
0 0.48828125 0.575 0.015625 0.01875
0 0.47734375 0.5640625 0.015625 0.0171875
0 0.4859375 0.55234375 0.01875 0.0171875
0 0.409375 0.66953125 0.015625 0.0171875
0 0.3796875 0.66328125 0.01875 0.0171875
0 0.41484375 0.65390625 0.0171875 0.01875
0 0.3828125 0.64921875 0.01875 0.015625
0 0.43046875 0.65625 0.0171875 0.0171875
0 0.40390625 0.62109375 0.01875 0.015625
0 0.44453125 0.6484375 0.01875 0.0171875
0 0.4234375 0.6265625 0.0171875 0.015625
0 0.4484375 0.62265625 0.0171875 0.01875
0 0.4390625 0.63203125 0.015625 0.0171875
0 0.3765625 0.628125 0.015625 0.0171875
0 0.3375 0.65546875 0.01875 0.01875
0 0.39140625 0.621875 0.015625 0.0171875
0 0.38671875 0.61015625 0.01875 0.0171875
0 0.39609375 0.5875 0.0171875 0.0171875
0 0.35390625 0.60234375 0.0171875 0.01875
0 0.3875 0.5953125 0.015625 0.015625
0 0.41171875 0.584375 0.0171875 0.01875
0 0.43046875 0.578125 0.015625 0.015625
0 0.45546875 0.57578125 0.0171875 0.0171875
0 0.45078125 0.5953125 0.015625 0.0171875
0 0.33125 0.615625 0.015625 0.015625
0 0.31953125 0.60546875 0.015625 0.015625
0 0.30390625 0.60703125 0.015625 0.0171875
0 0.259375 0.60703125 0.0171875 0.01875
0 0.3078125 0.5890625 0.015625 0.0171875
0 0.29140625 0.5765625 0.01875 0.0171875
0 0.27265625 0.5625 0.015625 0.0171875
0 0.334375 0.5953125 0.015625 0.015625
0 0.340625 0.578125 0.015625 0.015625
0 0.371875 0.571875 0.0171875 0.015625
0 0.3484375 0.5875 0.0140625 0.015625
0 0.3765625 0.5859375 0.015625 0.015625
0 0.34453125 0.56484375 0.015625 0.0171875
0 0.3328125 0.5546875 0.0171875 0.015625
0 0.31015625 0.54296875 0.015625 0.0171875
0 0.28046875 0.53828125 0.01875 0.01875
0 0.30234375 0.52890625 0.015625 0.015625
0 0.321875 0.52890625 0.01875 0.0171875
0 0.3125 0.5140625 0.01875 0.0171875
0 0.35390625 0.51328125 0.015625 0.015625
0 0.32421875 0.4875 0.0171875 0.015625
0 0.359375 0.5390625 0.0171875 0.0171875
0 0.38203125 0.5375 0.0171875 0.015625
0 0.3640625 0.52578125 0.015625 0.015625
0 0.38125 0.553125 0.01875 0.015625
0 0.40078125 0.5671875 0.015625 0.015625
0 0.41015625 0.540625 0.015625 0.01875
0 0.41640625 0.5609375 0.015625 0.015625
0 0.44375 0.5640625 0.015625 0.015625
0 0.43671875 0.5890625 0.0140625 0.0140625
0 0.40078125 0.63515625 0.0171875 0.015625
0 0.46796875 0.534375 0.015625 0.015625
0 0.490625 0.521875 0.015625 0.015625
0 0.50625 0.50390625 0.015625 0.015625
0 0.46484375 0.51640625 0.015625 0.015625
0 0.446875 0.51875 0.015625 0.015625
0 0.4234375 0.51875 0.015625 0.015625
0 0.4359375 0.509375 0.0140625 0.015625
0 0.44765625 0.50078125 0.015625 0.015625
0 0.45 0.48515625 0.015625 0.015625
0 0.42265625 0.50078125 0.015625 0.0171875
0 0.4625 0.496875 0.0171875 0.015625
0 0.41015625 0.49140625 0.015625 0.015625
0 0.384375 0.48125 0.01875 0.01875
0 0.39375 0.465625 0.0171875 0.015625
0 0.37578125 0.46953125 0.01875 0.015625
0 0.36640625 0.45625 0.0171875 0.0171875
0 0.35078125 0.46875 0.01875 0.015625
0 0.44140625 0.45859375 0.015625 0.015625
0 0.459375 0.453125 0.015625 0.015625
0 0.4296875 0.4234375 0.01875 0.015625