0 0.45859375 0.49609375 0.0171875 0.015625
0 0.475 0.490625 0.015625 0.0140625
0 0.4734375 0.47265625 0.015625 0.015625
0 0.5015625 0.47734375 0.0109375 0.0140625
0 0.4859375 0.4828125 0.0140625 0.015625
0 0.49296875 0.4734375 0.0140625 0.0140625
0 0.49453125 0.46015625 0.0171875 0.0171875
0 0.50859375 0.46640625 0.0140625 0.0140625
0 0.50859375 0.45234375 0.0171875 0.0140625
0 0.52109375 0.47265625 0.0171875 0.0171875
0 0.51875 0.44375 0.015625 0.0140625
0 0.5328125 0.4421875 0.0171875 0.0171875
0 0.53671875 0.45625 0.015625 0.0171875
0 0.440625 0.51796875 0.0171875 0.0171875
0 0.43046875 0.5 0.0171875 0.0171875
0 0.5796875 0.61015625 0.021875 0.01875
0 0.54453125 0.659375 0.01875 0.015625
0 0.51484375 0.64765625 0.0171875 0.01875
0 0.5203125 0.63125 0.0203125 0.01875
0 0.428125 0.51484375 0.0171875 0.0171875
0 0.4453125 0.54140625 0.0171875 0.0171875
0 0.4265625 0.5296875 0.0171875 0.0171875
0 0.39921875 0.48671875 0.01875 0.0171875
0 0.40078125 0.46640625 0.0171875 0.01875
0 0.39375 0.503125 0.0171875 0.0171875
0 0.39609375 0.52734375 0.0171875 0.01875
0 0.43828125 0.6421875 0.0203125 0.0203125
0 0.41484375 0.621875 0.0203125 0.01875
0 0.4140625 0.5828125 0.0171875 0.01875
0 0.3875 0.56953125 0.0203125 0.01875
0 0.38515625 0.53828125 0.0203125 0.01875
0 0.375 0.52578125 0.01875 0.01875
0 0.4171875 0.4921875 0.0171875 0.01875
0 0.45703125 0.55078125 0.0203125 0.0203125
0 0.43125 0.48671875 0.0171875 0.015625
0 0.421875 0.47109375 0.015625 0.0171875
0 0.45625 0.5125 0.0171875 0.0171875
0 0.45546875 0.528125 0.0171875 0.0171875
0 0.4296875 0.45390625 0.015625 0.015625
0 0.4671875 0.5359375 0.0171875 0.015625
0 0.44609375 0.48671875 0.015625 0.015625
0 0.440625 0.43046875 0.0171875 0.0171875
0 0.48984375 0.55859375 0.0171875 0.015625
0 0.44609375 0.5015625 0.0171875 0.0171875
0 0.46171875 0.4625 0.015625 0.0171875
0 0.45 0.4734375 0.0171875 0.015625
0 0.496875 0.5390625 0.0171875 0.015625
0 0.44375 0.45390625 0.0171875 0.0171875
0 0.453125 0.44453125 0.0171875 0.015625
0 0.4671875 0.43203125 0.0171875 0.015625
0 0.48515625 0.49921875 0.0171875 0.0171875
0 0.52109375 0.52734375 0.0171875 0.0171875
0 0.4609375 0.48125 0.0171875 0.0171875
0 0.52421875 0.5734375 0.015625 0.015625
0 0.46796875 0.5203125 0.0171875 0.0171875
0 0.48359375 0.43515625 0.0171875 0.015625
0 0.48125 0.5140625 0.0171875 0.0171875
0 0.484375 0.52890625 0.0171875 0.015625
0 0.49453125 0.42578125 0.0171875 0.0171875
0 0.509375 0.4984375 0.0171875 0.0171875
0 0.496875 0.49140625 0.015625 0.0171875
0 0.55 0.51171875 0.0171875 0.0171875
0 0.5109375 0.51484375 0.0171875 0.0171875
0 0.4671875 0.45078125 0.0171875 0.015625
0 0.49765625 0.525 0.0171875 0.0171875
0 0.4953125 0.51015625 0.0171875 0.0171875
0 0.49296875 0.446875 0.0171875 0.0171875
0 0.584375 0.50625 0.0171875 0.015625
0 0.5328125 0.55234375 0.0171875 0.0171875
0 0.5484375 0.5484375 0.0171875 0.0171875
0 0.52265625 0.50625 0.0171875 0.0171875
0 0.525 0.48984375 0.0171875 0.0171875
0 0.54765625 0.41328125 0.0171875 0.0171875
0 0.5109375 0.484375 0.015625 0.015625
0 0.5671875 0.5 0.0171875 0.015625
0 0.52421875 0.4296875 0.0171875 0.0171875
0 0.53203125 0.40234375 0.0171875 0.0171875
0 0.5375 0.49921875 0.0171875 0.0171875
0 0.53515625 0.5171875 0.0171875 0.0171875
0 0.515625 0.415625 0.0171875 0.0171875
0 0.48046875 0.4609375 0.0171875 0.015625
0 0.54375 0.4671875 0.0171875 0.0171875
0 0.56953125 0.43203125 0.0171875 0.015625
0 0.58203125 0.421875 0.015625 0.0171875
0 0.47109375 0.50390625 0.0171875 0.0171875
0 0.52265625 0.45625 0.0171875 0.0171875
0 0.5484375 0.48515625 0.0171875 0.0171875
0 0.53125 0.415625 0.0171875 0.0171875
0 0.5390625 0.428125 0.0171875 0.0171875
0 0.50078125 0.41484375 0.0171875 0.015625
0 0.5546875 0.46015625 0.0171875 0.0171875
0 0.55234375 0.43125 0.0171875 0.0171875
0 0.54765625 0.44609375 0.0171875 0.0171875
0 0.53359375 0.478125 0.0171875 0.01875
0 0.5578125 0.475 0.0171875 0.0171875
0 0.509375 0.4296875 0.015625 0.015625
0 0.5609375 0.446875 0.0171875 0.0171875
0 0.5703125 0.4578125 0.0171875 0.0171875
0 0.4359375 0.46796875 0.015625 0.015625