0 0.8515625 0.6875 0.0375 0.0359375
0 0.79921875 0.7140625 0.0328125 0.0328125
0 0.77890625 0.74921875 0.0328125 0.03125
0 0.74375 0.70546875 0.0328125 0.03125
0 0.71875 0.728125 0.034375 0.0328125
0 0.66484375 0.7265625 0.0328125 0.0328125
0 0.6203125 0.725 0.03125 0.0328125
0 0.640625 0.7015625 0.03125 0.0328125
0 0.61328125 0.69921875 0.03125 0.03125
0 0.64296875 0.6765625 0.0328125 0.0296875
0 0.659375 0.65390625 0.03125 0.028125
0 0.68515625 0.65546875 0.0296875 0.0296875
0 0.66875 0.68046875 0.028125 0.0328125
0 0.69453125 0.6828125 0.0296875 0.0296875
0 0.7203125 0.67890625 0.0296875 0.0296875
0 0.740625 0.6640625 0.0296875 0.0296875
0 0.80703125 0.65859375 0.0296875 0.0296875
0 0.78359375 0.64453125 0.0296875 0.03125
0 0.7578125 0.64453125 0.0296875 0.0328125
0 0.734375 0.640625 0.0296875 0.0296875
0 0.7109375 0.65 0.0296875 0.03125
0 0.73125 0.590625 0.0328125 0.0296875
0 0.728125 0.615625 0.0328125 0.0296875
0 0.69921875 0.62265625 0.03125 0.03125
0 0.71015625 0.5765625 0.0328125 0.0296875
0 0.69453125 0.596875 0.0328125 0.03125
0 0.6734375 0.62734375 0.0296875 0.03125
0 0.6765625 0.5734375 0.034375 0.0296875
0 0.66328125 0.60234375 0.028125 0.0328125
0 0.6484375 0.63046875 0.0328125 0.0296875
0 0.63671875 0.6015625 0.0328125 0.0328125
0 0.63125 0.65078125 0.03125 0.0328125
0 0.61953125 0.625 0.0328125 0.0296875
0 0.60625 0.65625 0.03125 0.0296875
0 0.58203125 0.6734375 0.034375 0.0328125
0 0.5859375 0.70234375 0.0328125 0.034375
0 0.565625 0.7234375 0.0328125 0.0328125
0 0.53359375 0.7203125 0.0359375 0.0328125
0 0.5875 0.628125 0.0328125 0.0328125
0 0.5640625 0.61796875 0.03125 0.0296875
0 0.5546875 0.65234375 0.0328125 0.0296875
0 0.55625 0.68203125 0.0328125 0.0359375
0 0.52734375 0.68359375 0.0328125 0.0296875
0 0.5421875 0.62890625 0.0296875 0.0296875
0 0.5203125 0.6578125 0.034375 0.03125
0 0.50078125 0.7015625 0.034375 0.03125
0 0.49609375 0.73203125 0.034375 0.0328125
0 0.471875 0.71875 0.0359375 0.03125
0 0.4875 0.68125 0.03125 0.03125
0 0.46171875 0.690625 0.0328125 0.0296875
0 0.6109375 0.59921875 0.0296875 0.0328125
0 0.58359375 0.59765625 0.0328125 0.0328125
0 0.56484375 0.58359375 0.03125 0.0296875
0 0.5453125 0.6 0.0328125 0.03125
0 0.521875 0.61171875 0.03125 0.0296875
0 0.5 0.6328125 0.0296875 0.0296875
0 0.47578125 0.62421875 0.0359375 0.0328125
0 0.484375 0.65546875 0.0328125 0.0296875
0 0.4578125 0.65390625 0.03125 0.0296875
0 0.440625 0.6765625 0.03125 0.0296875
0 0.41875 0.68984375 0.0328125 0.0328125
0 0.65546875 0.503125 0.0359375 0.0328125
0 0.584375 0.5234375 0.0328125 0.0296875
0 0.57890625 0.55625 0.0328125 0.0296875
0 0.54921875 0.5609375 0.0359375 0.03125
0 0.52265625 0.5828125 0.028125 0.0296875
0 0.49921875 0.59296875 0.0296875 0.0296875
0 0.4765625 0.5828125 0.0328125 0.03125
0 0.51640625 0.55625 0.0328125 0.0328125
0 0.54609375 0.53125 0.0328125 0.0328125
0 0.51953125 0.5265625 0.0328125 0.0328125
0 0.51015625 0.48984375 0.0359375 0.0328125
0 0.48984375 0.52734375 0.0328125 0.03125
0 0.478125 0.5515625 0.0328125 0.03125
0 0.46484375 0.4859375 0.034375 0.0296875
0 0.4625 0.53125 0.03125 0.0328125
0 0.43671875 0.53828125 0.03125 0.034375
0 0.453125 0.6015625 0.0328125 0.0296875
0 0.434375 0.62578125 0.0328125 0.0328125
0 0.409375 0.659375 0.034375 0.0359375
0 0.428125 0.5703125 0.0328125 0.0296875
0 0.4171875 0.5984375 0.0359375 0.0328125
0 0.40234375 0.62734375 0.034375 0.0296875
0 0.38359375 0.6015625 0.0328125 0.0328125
0 0.40703125 0.5515625 0.03125 0.0328125
0 0.384375 0.56640625 0.0328125 0.0296875
0 0.35703125 0.57109375 0.0328125 0.034375
0 0.36640625 0.53046875 0.03125 0.0328125
0 0.39453125 0.5 0.034375 0.0390625
0 0.371875 0.48125 0.0328125 0.0296875
0 0.35234375 0.50078125 0.034375 0.03125
0 0.509375 0.4046875 0.0359375 0.0359375
0 0.4484375 0.42265625 0.0390625 0.0375
0 0.39921875 0.35 0.0359375 0.034375
0 0.3703125 0.4125 0.0390625 0.0359375
0 0.37109375 0.31875 0.0359375 0.0328125
0 0.3296875 0.315625 0.0375 0.034375
0 0.2796875 0.3234375 0.0359375 0.0359375
0 0.2890625 0.53046875 0.0375 0.034375
0 0.84765625 0.77265625 0.0328125 0.0359375