0 0.53515625 0.33125 0.046875 0.040625
0 0.575 0.31796875 0.04296875 0.04375
0 0.59375 0.2875 0.04609375 0.04140625
0 0.57578125 0.2578125 0.0421875 0.03984375
0 0.61875 0.23828125 0.05 0.040625
0 0.45390625 0.19609375 0.04375 0.03828125
0 0.52734375 0.2484375 0.04375 0.04140625
0 0.5296875 0.2890625 0.04296875 0.04140625
0 0.48203125 0.23984375 0.04609375 0.04140625
0 0.43671875 0.2421875 0.04375 0.0375
0 0.48359375 0.27890625 0.04453125 0.0390625
0 0.49765625 0.31328125 0.0421875 0.03828125
0 0.4078125 0.2171875 0.04140625 0.0375
0 0.38828125 0.25078125 0.0453125 0.0390625
0 0.34296875 0.246875 0.04609375 0.040625
0 0.365625 0.28046875 0.04453125 0.0421875
0 0.40859375 0.284375 0.040625 0.03671875
0 0.4515625 0.30078125 0.0453125 0.0359375
0 0.46953125 0.33984375 0.04296875 0.04140625
0 0.43359375 0.36328125 0.04375 0.0421875
0 0.4234375 0.3296875 0.03984375 0.03984375
0 0.38984375 0.35390625 0.04609375 0.040625
0 0.30234375 0.26640625 0.0390625 0.034375
0 0.32578125 0.2953125 0.0421875 0.03828125
0 0.37578125 0.3171875 0.04375 0.03828125
0 0.28046875 0.30390625 0.04921875 0.0421875
0 0.28828125 0.3484375 0.05234375 0.0390625
0 0.33515625 0.33359375 0.0453125 0.03984375
0 0.34375 0.3703125 0.0484375 0.04453125
0 0.3875 0.39375 0.04765625 0.04609375
0 0.4328125 0.403125 0.046875 0.0421875
0 0.47734375 0.38671875 0.04609375 0.04375
0 0.509375 0.359375 0.04765625 0.04453125
0 0.5453125 0.384375 0.0453125 0.04375
0 0.56953125 0.35390625 0.04453125 0.0390625
0 0.62578125 0.3359375 0.04609375 0.03671875
0 0.6109375 0.375 0.05 0.0375
0 0.66484375 0.3734375 0.05234375 0.0421875
0 0.63203125 0.40703125 0.05234375 0.040625
0 0.58359375 0.40859375 0.0515625 0.03671875
0 0.5171875 0.41328125 0.05 0.0453125
0 0.47421875 0.4265625 0.0453125 0.04375
0 0.4296875 0.44140625 0.04765625 0.040625
0 0.3765625 0.44140625 0.05390625 0.0453125
0 0.2953125 0.390625 0.053125 0.0421875
0 0.3390625 0.4140625 0.0484375 0.04453125
0 0.246875 0.390625 0.04921875 0.04375
0 0.290625 0.43359375 0.0453125 0.0453125
0 0.32890625 0.4546875 0.0453125 0.04453125
0 0.36171875 0.48125 0.0484375 0.040625
0 0.41171875 0.48046875 0.04921875 0.046875
0 0.4625 0.47109375 0.05 0.0421875
0 0.51171875 0.4515625 0.0515625 0.04921875
0 0.56484375 0.4453125 0.046875 0.04609375
0 0.6140625 0.446875 0.04921875 0.0453125
0 0.6609375 0.43984375 0.04765625 0.0390625
0 0.690625 0.4140625 0.04765625 0.04140625
0 0.73515625 0.4 0.05 0.04765625
0 0.30078125 0.490625 0.0515625 0.04765625
0 0.23984375 0.44140625 0.0515625 0.04609375
0 0.246875 0.4859375 0.0578125 0.04609375
0 0.3015625 0.53515625 0.05703125 0.04921875
0 0.35546875 0.525 0.053125 0.05078125
0 0.40390625 0.528125 0.046875 0.05390625
0 0.4484375 0.515625 0.0515625 0.04921875
0 0.49921875 0.5015625 0.0484375 0.04453125
0 0.54375 0.48984375 0.05078125 0.04453125
0 0.60234375 0.484375 0.05 0.0484375
0 0.659375 0.478125 0.053125 0.04921875
0 0.6359375 0.52421875 0.053125 0.05078125
0 0.584375 0.525 0.0484375 0.04765625
0 0.48671875 0.5453125 0.05 0.05078125
0 0.53515625 0.53125 0.05 0.0453125
0 0.440625 0.56015625 0.04765625 0.0453125
0 0.29453125 0.59453125 0.05703125 0.05078125
0 0.3453125 0.571875 0.05390625 0.053125
0 0.39140625 0.57734375 0.05 0.05
0 0.4296875 0.60859375 0.04921875 0.05390625
0 0.47890625 0.59140625 0.04609375 0.053125
0 0.52734375 0.578125 0.0515625 0.05078125
0 0.57734375 0.56953125 0.04921875 0.05
0 0.63203125 0.56640625 0.05859375 0.0484375
0 0.615625 0.6109375 0.0546875 0.0515625
0 0.55625 0.61875 0.0578125 0.04765625
0 0.571875 0.665625 0.06015625 0.053125
0 0.50625 0.63359375 0.0609375 0.05390625
0 0.453125 0.6578125 0.05546875 0.0578125
0 0.3578125 0.63046875 0.05625 0.05546875
0 0.396875 0.66953125 0.0578125 0.05703125
0 0.35390625 0.740625 0.0609375 0.06015625
0 0.3875 0.80078125 0.06171875 0.0671875
0 0.43046875 0.73203125 0.06328125 0.0609375
0 0.49453125 0.72109375 0.0546875 0.05703125
0 0.55234375 0.71875 0.0578125 0.0609375
0 0.68671875 0.65 0.05625 0.06015625
0 0.671875 0.72890625 0.05625 0.06484375
0 0.5625 0.83359375 0.0640625 0.065625