0 0.89140625 0.40859375 0.03125 0.0328125
0 0.79375 0.328125 0.03515625 0.0328125
0 0.83203125 0.31875 0.03671875 0.03671875
0 0.85703125 0.40625 0.03828125 0.0296875
0 0.73984375 0.41484375 0.03125 0.028125
0 0.678125 0.35625 0.0375 0.03203125
0 0.70390625 0.38125 0.0375 0.03125
0 0.74140625 0.3734375 0.03671875 0.03125
0 0.68203125 0.4171875 0.04140625 0.0328125
0 0.72109375 0.43828125 0.03671875 0.03046875
0 0.76171875 0.43046875 0.03203125 0.0328125
0 0.7171875 0.4890625 0.03671875 0.03046875
0 0.771875 0.4984375 0.0390625 0.03515625
0 0.890625 0.48515625 0.0359375 0.034375
0 0.73359375 0.52734375 0.034375 0.0328125
0 0.76171875 0.540625 0.034375 0.03046875
0 0.70625 0.54609375 0.0359375 0.0328125
0 0.77578125 0.271875 0.04140625 0.028125
0 0.7484375 0.22734375 0.034375 0.03046875
0 0.78515625 0.24765625 0.03671875 0.02421875
0 0.77890625 0.19140625 0.0375 0.0296875
0 0.7109375 0.27421875 0.0390625 0.03359375
0 0.60078125 0.20703125 0.03828125 0.0328125
0 0.6359375 0.22265625 0.0359375 0.0328125
0 0.65703125 0.25 0.0375 0.03203125
0 0.56328125 0.22421875 0.03984375 0.03203125
0 0.60234375 0.2390625 0.0390625 0.0328125
0 0.50078125 0.21953125 0.040625 0.03515625
0 0.534375 0.24140625 0.03359375 0.0328125
0 0.57265625 0.25390625 0.03828125 0.03046875
0 0.5046875 0.25859375 0.04296875 0.03125
0 0.54296875 0.271875 0.03828125 0.034375
0 0.43125 0.23984375 0.04375 0.0359375
0 0.46640625 0.2734375 0.0390625 0.03359375
0 0.50703125 0.2921875 0.04296875 0.03515625
0 0.4140625 0.27890625 0.040625 0.03125
0 0.4484375 0.303125 0.0421875 0.03203125
0 0.48203125 0.325 0.0421875 0.034375
0 0.5125 0.3421875 0.03828125 0.0359375
0 0.540625 0.36796875 0.0375 0.03203125
0 0.6046875 0.440625 0.0390625 0.0328125
0 0.4 0.3140625 0.0421875 0.03515625
0 0.4359375 0.33515625 0.0375 0.03203125
0 0.4625 0.35703125 0.040625 0.03203125
0 0.5 0.37734375 0.0375 0.03203125
0 0.52265625 0.40859375 0.03984375 0.03515625
0 0.39140625 0.34375 0.0390625 0.03203125
0 0.4171875 0.37734375 0.03984375 0.034375
0 0.4546875 0.39453125 0.0421875 0.034375
0 0.48984375 0.43515625 0.04609375 0.034375
0 0.4375 0.43203125 0.046875 0.03359375
0 0.3625 0.39453125 0.04609375 0.03125
0 0.403125 0.41328125 0.0453125 0.03359375
0 0.3421875 0.3625 0.04296875 0.03515625
0 0.2515625 0.321875 0.05 0.03671875
0 0.30234375 0.3828125 0.04765625 0.03515625
0 0.3328125 0.4171875 0.04453125 0.0375
0 0.36171875 0.48125 0.0453125 0.03125
0 0.325 0.453125 0.04765625 0.03359375
0 0.3453125 0.51875 0.040625 0.0359375
0 0.37734375 0.45390625 0.0421875 0.028125
0 0.3046875 0.4890625 0.04765625 0.0359375
0 0.32265625 0.56015625 0.04375 0.03515625
0 0.36640625 0.55 0.04375 0.03359375
0 0.525 0.52890625 0.03984375 0.03515625
0 0.390625 0.5828125 0.0296875 0.03359375
0 0.3359375 0.59609375 0.0328125 0.03984375
0 0.36953125 0.59140625 0.0375 0.0328125
0 0.42265625 0.59453125 0.0421875 0.03671875
0 0.46484375 0.58984375 0.04296875 0.03515625
0 0.50703125 0.59140625 0.0421875 0.034375
0 0.62421875 0.61171875 0.04375 0.03046875
0 0.65703125 0.6015625 0.03671875 0.03046875
0 0.6890625 0.61171875 0.03515625 0.03203125
0 0.63046875 0.64453125 0.04140625 0.0328125
0 0.6578125 0.66328125 0.04140625 0.0328125
0 0.75625 0.62265625 0.04296875 0.03203125
0 0.7890625 0.68828125 0.0359375 0.02578125
0 0.74375 0.6953125 0.0375 0.03125
0 0.77890625 0.70859375 0.03671875 0.0265625
0 0.0890625 0.4171875 0.0515625 0.04375
0 0.1546875 0.38984375 0.0578125 0.04296875
0 0.13828125 0.5265625 0.04921875 0.0453125
0 0.17734375 0.50703125 0.05234375 0.0375
0 0.37109375 0.65859375 0.05 0.0359375
0 0.39921875 0.621875 0.05234375 0.0359375
0 0.4625 0.63203125 0.046875 0.03671875
0 0.3390625 0.71015625 0.05 0.0390625
0 0.52578125 0.64140625 0.0453125 0.03671875
0 0.3046875 0.67890625 0.04921875 0.03671875
0 0.3296875 0.7453125 0.05078125 0.03671875
0 0.12734375 0.6640625 0.053125 0.03984375
0 0.19765625 0.70546875 0.05234375 0.04453125
0 0.27890625 0.746875 0.05078125 0.040625
0 0.3296875 0.81484375 0.0453125 0.03984375
0 0.41640625 0.8203125 0.04609375 0.03671875
0 0.56328125 0.728125 0.046875 0.03515625
0 0.64609375 0.725 0.04375 0.0359375
0 0.69375 0.7640625 0.03828125 0.034375