0 0.91171875 0.83125 0.028125 0.028125
0 0.684375 0.89609375 0.028125 0.028125
0 0.65234375 0.90703125 0.025 0.025
0 0.73515625 0.8453125 0.0296875 0.03125
0 0.703125 0.75 0.0265625 0.03125
0 0.71015625 0.87734375 0.0265625 0.0265625
0 0.6578125 0.875 0.025 0.025
0 0.70703125 0.7796875 0.0265625 0.028125
0 0.68046875 0.84609375 0.028125 0.028125
0 0.721875 0.8265625 0.0265625 0.025
0 0.6875 0.80234375 0.0265625 0.028125
0 0.6484375 0.83359375 0.025 0.028125
0 0.76171875 0.8578125 0.028125 0.028125
0 0.734375 0.86875 0.028125 0.028125
0 0.6859375 0.8703125 0.025 0.0265625
0 0.69609375 0.8296875 0.028125 0.028125
0 0.8640625 0.7609375 0.028125 0.028125
0 0.8359375 0.6578125 0.028125 0.028125
0 0.7296875 0.78828125 0.025 0.0265625
0 0.67421875 0.821875 0.025 0.0265625
0 0.88359375 0.746875 0.028125 0.028125
0 0.64609375 0.625 0.0265625 0.025
0 0.68359375 0.775 0.025 0.028125
0 0.63359375 0.60390625 0.028125 0.025
0 0.8671875 0.703125 0.028125 0.028125
0 0.41484375 0.4453125 0.0265625 0.03125
0 0.81796875 0.6140625 0.025 0.025
0 0.70390625 0.85078125 0.028125 0.028125
0 0.86640625 0.6578125 0.0296875 0.028125
0 0.6515625 0.57578125 0.028125 0.025
0 0.690625 0.5890625 0.028125 0.028125
0 0.6125 0.58828125 0.0265625 0.025
0 0.74375 0.815625 0.0171875 0.0171875
0 0.81171875 0.5875 0.028125 0.0265625
0 0.83671875 0.69453125 0.028125 0.028125
0 0.65625 0.65078125 0.025 0.028125
0 0.85625 0.72421875 0.028125 0.0296875
0 0.85078125 0.634375 0.028125 0.028125
0 0.8203125 0.63671875 0.025 0.028125
0 0.8921875 0.7203125 0.028125 0.0296875
0 0.85703125 0.6796875 0.028125 0.028125
0 0.784375 0.578125 0.028125 0.028125
0 0.64296875 0.55390625 0.028125 0.028125
0 0.7140625 0.803125 0.028125 0.028125
0 0.81015625 0.671875 0.03125 0.0296875
0 0.728125 0.74609375 0.028125 0.028125
0 0.403125 0.17109375 0.028125 0.028125
0 0.77421875 0.73359375 0.03125 0.0296875
0 0.67109375 0.684375 0.0234375 0.028125
0 0.76328125 0.61484375 0.028125 0.0296875
0 0.79140625 0.60625 0.028125 0.028125
0 0.69609375 0.7140625 0.0296875 0.028125
0 0.67109375 0.55703125 0.0265625 0.025
0 0.70390625 0.56875 0.028125 0.028125
0 0.7640625 0.83046875 0.0296875 0.0296875
0 0.61015625 0.5609375 0.028125 0.028125
0 0.66015625 0.534375 0.028125 0.028125
0 0.5203125 0.47421875 0.0265625 0.028125
0 0.79609375 0.55625 0.028125 0.028125
0 0.7109375 0.39375 0.028125 0.028125
0 0.63125 0.53359375 0.028125 0.028125
0 0.7265625 0.54609375 0.0296875 0.03125
0 0.7 0.51953125 0.028125 0.0296875
0 0.1671875 0.33046875 0.028125 0.028125
0 0.6046875 0.5390625 0.028125 0.028125
0 0.82265625 0.5609375 0.028125 0.028125
0 0.759375 0.57734375 0.028125 0.028125
0 0.79375 0.53046875 0.028125 0.028125
0 0.578125 0.5453125 0.028125 0.028125
0 0.75390625 0.7953125 0.03125 0.0296875
0 0.77265625 0.55859375 0.028125 0.028125
0 0.7390625 0.3640625 0.028125 0.028125
0 0.721875 0.34609375 0.028125 0.025
0 0.7359375 0.68125 0.03125 0.0296875
0 0.796875 0.6359375 0.028125 0.0296875
0 0.74140625 0.43515625 0.028125 0.028125
0 0.81796875 0.53515625 0.028125 0.028125
0 0.74921875 0.33984375 0.028125 0.0296875
0 0.21328125 0.2578125 0.028125 0.028125
0 0.73828125 0.40859375 0.028125 0.028125
0 0.69609375 0.35234375 0.025 0.028125
0 0.71171875 0.36875 0.028125 0.028125
0 0.8546875 0.5828125 0.028125 0.028125
0 0.71171875 0.415625 0.028125 0.028125
0 0.5859375 0.5234375 0.025 0.028125
0 0.7953125 0.44296875 0.028125 0.028125
0 0.76171875 0.4140625 0.028125 0.028125
0 0.81015625 0.50703125 0.028125 0.028125
0 0.78359375 0.47265625 0.028125 0.028125
0 0.73046875 0.31953125 0.028125 0.028125
0 0.7640625 0.36328125 0.028125 0.028125
0 0.41953125 0.37578125 0.025 0.028125
0 0.55234375 0.26875 0.0296875 0.0296875
0 0.53125 0.259375 0.0265625 0.0265625
0 0.75625 0.48203125 0.028125 0.028125
0 0.71875 0.90234375 0.03125 0.0296875
0 0.690625 0.37734375 0.0171875 0.0171875
0 0.46796875 0.24765625 0.0265625 0.0265625
0 0.55703125 0.2921875 0.028125 0.028125
0 0.61640625 0.29609375 0.028125 0.028125
0 0.70390625 0.328125 0.0265625 0.0265625
0 0.50625 0.40859375 0.028125 0.028125
0 0.684375 0.30234375 0.028125 0.028125
0 0.78828125 0.41328125 0.028125 0.028125
0 0.621875 0.21171875 0.028125 0.028125
0 0.75546875 0.38828125 0.028125 0.028125
0 0.44921875 0.2265625 0.028125 0.028125
0 0.6703125 0.36171875 0.028125 0.028125
0 0.5953125 0.28671875 0.0265625 0.028125
0 0.69453125 0.2671875 0.028125 0.028125
0 0.77109375 0.32421875 0.028125 0.028125
0 0.73125 0.296875 0.028125 0.028125
0 0.48125 0.40078125 0.0265625 0.025
0 0.78671875 0.353125 0.028125 0.028125
0 0.74453125 0.27734375 0.0296875 0.028125
0 0.471875 0.21875 0.028125 0.028125
0 0.53359375 0.23515625 0.0265625 0.028125
0 0.75078125 0.3109375 0.028125 0.028125
0 0.5546875 0.2421875 0.028125 0.028125
0 0.74140625 0.459375 0.028125 0.028125
0 0.57890625 0.25234375 0.028125 0.028125
0 0.6375 0.315625 0.028125 0.028125
0 0.57734375 0.228125 0.028125 0.028125
0 0.675 0.33671875 0.0296875 0.028125
0 0.6 0.2046875 0.028125 0.028125
0 0.5765625 0.309375 0.028125 0.028125
0 0.49453125 0.2078125 0.028125 0.028125
0 0.48984375 0.23671875 0.028125 0.0296875
0 0.50625 0.278125 0.0265625 0.028125
0 0.5125 0.22265625 0.0234375 0.021875
0 0.640625 0.18515625 0.028125 0.028125
0 0.69453125 0.4328125 0.028125 0.0296875
0 0.60234375 0.32734375 0.028125 0.028125
0 0.71875 0.4734375 0.0296875 0.03125
0 0.72109375 0.26015625 0.028125 0.028125
0 0.7015625 0.24375 0.028125 0.028125
0 0.80859375 0.4734375 0.0296875 0.028125
0 0.67734375 0.24765625 0.028125 0.0296875
0 0.76484375 0.44375 0.028125 0.0296875
0 0.53359375 0.21171875 0.0265625 0.025
0 0.70625 0.28984375 0.028125 0.0296875
0 0.48984375 0.2609375 0.028125 0.028125
0 0.5625 0.20859375 0.0265625 0.028125
0 0.51171875 0.246875 0.028125 0.028125