0 0.596875 0.87734375 0.04375 0.0359375
0 0.565625 0.8640625 0.04375 0.034375
0 0.3671875 0.8734375 0.0453125 0.0359375
0 0.33125 0.8421875 0.0421875 0.0359375
0 0.2953125 0.8296875 0.040625 0.034375
0 0.25859375 0.80703125 0.0515625 0.034375
0 0.3203125 0.803125 0.040625 0.0359375
0 0.40703125 0.7625 0.05 0.0390625
0 0.22109375 0.75234375 0.0453125 0.0390625
0 0.25078125 0.6828125 0.04375 0.0328125
0 0.17109375 0.65703125 0.046875 0.0359375
0 0.37890625 0.66171875 0.04375 0.0390625
0 0.34375 0.628125 0.046875 0.0375
0 0.3859375 0.57578125 0.05 0.0359375
0 0.16796875 0.59296875 0.04375 0.0328125
0 0.3078125 0.54375 0.040625 0.034375
0 0.26875 0.553125 0.04375 0.0328125
0 0.2921875 0.51328125 0.025 0.03125
0 0.2703125 0.5203125 0.040625 0.0328125
0 0.22265625 0.53125 0.0390625 0.0328125
0 0.1859375 0.52265625 0.04375 0.0328125
0 0.21796875 0.503125 0.046875 0.0328125
0 0.265625 0.490625 0.04375 0.0328125
0 0.2265625 0.47421875 0.040625 0.03125
0 0.18203125 0.48515625 0.040625 0.0296875
0 0.19375 0.45546875 0.04375 0.0328125
0 0.14296875 0.49140625 0.04375 0.034375
0 0.1859375 0.42578125 0.0484375 0.0359375
0 0.32421875 0.50703125 0.04375 0.0328125
0 0.3484375 0.4796875 0.04375 0.0328125
0 0.34140625 0.53203125 0.040625 0.0328125
0 0.36171875 0.50703125 0.0390625 0.0359375
0 0.41171875 0.53984375 0.040625 0.0328125
0 0.3765625 0.54453125 0.0390625 0.0328125
0 0.44609375 0.5546875 0.040625 0.0328125
0 0.51953125 0.56015625 0.04375 0.0359375
0 0.46875 0.4890625 0.040625 0.0359375
0 0.4140625 0.4796875 0.046875 0.0328125
0 0.38203125 0.4640625 0.0375 0.03125
0 0.42421875 0.45078125 0.04375 0.0328125
0 0.409375 0.42578125 0.040625 0.0328125
0 0.34375 0.440625 0.040625 0.0265625
0 0.359375 0.40390625 0.040625 0.0296875
0 0.35078125 0.421875 0.040625 0.0328125
0 0.3109375 0.421875 0.04375 0.0328125
0 0.32578125 0.39296875 0.040625 0.0328125
0 0.39765625 0.3984375 0.040625 0.0328125
0 0.4453125 0.40078125 0.0375 0.0328125
0 0.44921875 0.4296875 0.0375 0.0328125
0 0.48828125 0.45078125 0.040625 0.0328125
0 0.48203125 0.41484375 0.040625 0.0328125
0 0.5328125 0.44765625 0.04375 0.0328125
0 0.5203125 0.4203125 0.0375 0.0328125
0 0.584375 0.48515625 0.04375 0.0328125
0 0.628125 0.48359375 0.040625 0.0328125
0 0.63046875 0.515625 0.04375 0.0359375
0 0.58515625 0.615625 0.040625 0.0328125
0 0.55859375 0.59375 0.04375 0.0328125
0 0.7234375 0.6 0.046875 0.0359375
0 0.79453125 0.56328125 0.040625 0.0375
0 0.75625 0.57890625 0.046875 0.0359375
0 0.7921875 0.60859375 0.040625 0.0328125
0 0.81796875 0.6296875 0.04375 0.0359375
0 0.83515625 0.709375 0.0453125 0.0359375
0 0.69609375 0.74375 0.040625 0.0375
0 0.67109375 0.76953125 0.040625 0.034375
0 0.64140625 0.75078125 0.040625 0.0359375
0 0.6 0.74375 0.046875 0.0390625
0 0.809375 0.49453125 0.0421875 0.0359375
0 0.7671875 0.45546875 0.04375 0.0375
0 0.7390625 0.41953125 0.0390625 0.0359375
0 0.80703125 0.4390625 0.040625 0.0359375
0 0.77421875 0.4265625 0.04375 0.034375
0 0.815625 0.39765625 0.046875 0.0359375
0 0.8359375 0.35234375 0.04375 0.0359375
0 0.7984375 0.35078125 0.0421875 0.0359375
0 0.7953125 0.321875 0.046875 0.0359375
0 0.71640625 0.340625 0.046875 0.0375
0 0.7171875 0.31015625 0.04375 0.034375
0 0.69765625 0.26640625 0.04375 0.0390625
0 0.80703125 0.29375 0.046875 0.0328125
0 0.86171875 0.27109375 0.04375 0.0359375
0 0.8265625 0.2375 0.0484375 0.034375
0 0.79921875 0.26484375 0.04375 0.0328125
0 0.7640625 0.25546875 0.0421875 0.0359375
0 0.7390625 0.234375 0.0421875 0.0390625
0 0.64453125 0.24375 0.04375 0.034375
0 0.62421875 0.26796875 0.04375 0.0359375
0 0.72578125 0.2046875 0.04375 0.0359375
0 0.6359375 0.215625 0.046875 0.034375
0 0.61328125 0.1734375 0.040625 0.0375
0 0.578125 0.1515625 0.04375 0.034375
0 0.5140625 0.19375 0.04375 0.0359375
0 0.475 0.2046875 0.0375 0.034375
0 0.496875 0.146875 0.0390625 0.0359375
0 0.54609375 0.1375 0.04375 0.0390625
0 0.503125 0.1171875 0.04375 0.0328125
0 0.56953125 0.11484375 0.04375 0.0359375
0 0.21015625 0.3421875 0.040625 0.0359375