0 0.25390625 0.27890625 0.0265625 0.0265625
0 0.46875 0.26171875 0.02734375 0.0296875
0 0.3078125 0.35625 0.02890625 0.03203125
0 0.20234375 0.45390625 0.03046875 0.0265625
0 0.2546875 0.49453125 0.02890625 0.02890625
0 0.22109375 0.503125 0.0265625 0.028125
0 0.246875 0.52890625 0.02734375 0.02734375
0 0.23046875 0.55078125 0.02734375 0.02734375
0 0.26015625 0.55234375 0.0265625 0.028125
0 0.30625 0.57734375 0.028125 0.03125
0 0.30234375 0.63828125 0.02734375 0.03046875
0 0.2203125 0.734375 0.03125 0.03203125
0 0.30546875 0.79921875 0.028125 0.028125
0 0.52421875 0.8109375 0.0265625 0.03125
0 0.63515625 0.8484375 0.028125 0.028125
0 0.62734375 0.88359375 0.02890625 0.03359375
0 0.7453125 0.83046875 0.0296875 0.02890625
0 0.5609375 0.7328125 0.0296875 0.03046875
0 0.60234375 0.721875 0.0328125 0.03125
0 0.4390625 0.70234375 0.02734375 0.0328125
0 0.515625 0.6375 0.025 0.028125
0 0.5421875 0.64609375 0.028125 0.03125
0 0.4515625 0.5828125 0.025 0.034375
0 0.41171875 0.58125 0.028125 0.03046875
0 0.3703125 0.5625 0.02734375 0.02734375
0 0.41875 0.53359375 0.02734375 0.03125
0 0.484375 0.553125 0.028125 0.0296875
0 0.41328125 0.47265625 0.0265625 0.0296875
0 0.43125 0.43671875 0.02890625 0.03125
0 0.4375 0.40390625 0.02734375 0.0328125
0 0.4921875 0.36640625 0.0296875 0.02890625
0 0.5078125 0.38984375 0.025 0.02890625
0 0.53203125 0.39375 0.0296875 0.03125
0 0.61640625 0.33984375 0.02890625 0.03046875
0 0.5921875 0.471875 0.02734375 0.02734375
0 0.62421875 0.565625 0.03046875 0.0328125
0 0.5625 0.58671875 0.02890625 0.03203125
0 0.575 0.60859375 0.03046875 0.03125
0 0.66953125 0.64140625 0.0296875 0.0328125
0 0.67578125 0.58828125 0.03203125 0.03203125
0 0.73359375 0.5625 0.03125 0.03125
0 0.76015625 0.5578125 0.02890625 0.03046875
0 0.7703125 0.53359375 0.02890625 0.0296875
0 0.7546875 0.51328125 0.03125 0.03046875
0 0.725 0.50546875 0.03125 0.0328125
0 0.78203125 0.47890625 0.0328125 0.03046875
0 0.81484375 0.45859375 0.03125 0.0328125
0 0.8140625 0.5203125 0.02734375 0.03125
0 0.9 0.4328125 0.034375 0.0328125
0 0.8078125 0.34375 0.028125 0.03203125
0 0.771875 0.35546875 0.0265625 0.03203125
0 0.70703125 0.353125 0.0265625 0.02890625
0 0.709375 0.30703125 0.03125 0.034375
0 0.73125 0.27265625 0.03125 0.0359375
0 0.6546875 0.2609375 0.02734375 0.03203125
0 0.8421875 0.83125 0.02890625 0.03359375