0 0.496875 0.76328125 0.0359375 0.0390625
0 0.509375 0.73515625 0.034375 0.0328125
0 0.61328125 0.72421875 0.0359375 0.0375
0 0.67890625 0.70234375 0.034375 0.034375
0 0.71953125 0.68359375 0.034375 0.034375
0 0.7375 0.65078125 0.0328125 0.0359375
0 0.6546875 0.6609375 0.03125 0.03125
0 0.58671875 0.61796875 0.03125 0.03125
0 0.48125 0.66796875 0.034375 0.0359375
0 0.52578125 0.6265625 0.03125 0.0328125
0 0.446875 0.64453125 0.034375 0.034375
0 0.48046875 0.6296875 0.03125 0.03125
0 0.41953125 0.63359375 0.03125 0.0359375
0 0.4015625 0.55 0.034375 0.0328125
0 0.39296875 0.51484375 0.03125 0.03125
0 0.41015625 0.475 0.028125 0.028125
0 0.44296875 0.471875 0.0296875 0.028125
0 0.4578125 0.49765625 0.0328125 0.028125
0 0.56328125 0.5375 0.028125 0.03125
0 0.6625 0.559375 0.03125 0.028125
0 0.73828125 0.56328125 0.03125 0.03125
0 0.75546875 0.60390625 0.034375 0.0296875
0 0.796875 0.565625 0.03125 0.0328125
0 0.84921875 0.5390625 0.034375 0.03125
0 0.90234375 0.4828125 0.03125 0.028125
0 0.82421875 0.4875 0.03125 0.03125
0 0.6796875 0.5203125 0.03125 0.03125
0 0.5953125 0.5109375 0.028125 0.03125
0 0.634375 0.4828125 0.028125 0.03125
0 0.57109375 0.46953125 0.028125 0.03125
0 0.5984375 0.4609375 0.028125 0.025
0 0.5046875 0.440625 0.03125 0.025
0 0.528125 0.42890625 0.028125 0.0265625
0 0.58125 0.4359375 0.0265625 0.021875
0 0.6125 0.4375 0.0296875 0.025
0 0.62578125 0.45859375 0.028125 0.025
0 0.64765625 0.43984375 0.0265625 0.0234375
0 0.6609375 0.46171875 0.03125 0.0296875
0 0.68671875 0.46328125 0.028125 0.0234375
0 0.70546875 0.48203125 0.0328125 0.0296875
0 0.73046875 0.48046875 0.0328125 0.028125
0 0.75390625 0.47265625 0.0296875 0.028125
0 0.721875 0.45703125 0.03125 0.028125
0 0.76015625 0.4453125 0.03125 0.0265625
0 0.790625 0.409375 0.0296875 0.0265625
0 0.75859375 0.42265625 0.0265625 0.0234375
0 0.7234375 0.41953125 0.0296875 0.028125
0 0.7375 0.403125 0.0265625 0.0234375
0 0.815625 0.36953125 0.03125 0.025
0 0.6765625 0.44296875 0.028125 0.021875
0 0.69140625 0.43125 0.0265625 0.025
0 0.69921875 0.41171875 0.0265625 0.025
0 0.65234375 0.4171875 0.03125 0.025
0 0.67421875 0.39921875 0.028125 0.025
0 0.696875 0.39296875 0.0265625 0.021875
0 0.7015625 0.3734375 0.0296875 0.021875
0 0.646875 0.396875 0.0265625 0.021875
0 0.66875 0.37890625 0.028125 0.025
0 0.61015625 0.41171875 0.025 0.021875
0 0.621875 0.3921875 0.0265625 0.025
0 0.64296875 0.3765625 0.028125 0.025
0 0.5 0.41796875 0.028125 0.0265625
0 0.42734375 0.4171875 0.028125 0.028125
0 0.4359375 0.390625 0.028125 0.028125
0 0.47109375 0.3859375 0.03125 0.0265625
0 0.5015625 0.38515625 0.0296875 0.025
0 0.53125 0.38359375 0.028125 0.028125
0 0.5765625 0.38515625 0.028125 0.025
0 0.60234375 0.359375 0.0234375 0.021875
0 0.62734375 0.353125 0.0265625 0.025
0 0.6140625 0.375 0.0265625 0.0234375
0 0.55234375 0.3609375 0.03125 0.025
0 0.58125 0.365625 0.0265625 0.0234375
0 0.596875 0.34140625 0.0265625 0.021875
0 0.46796875 0.36640625 0.0265625 0.021875
0 0.509375 0.3390625 0.025 0.0234375
0 0.44921875 0.3421875 0.028125 0.025
0 0.47421875 0.3390625 0.0265625 0.021875
0 0.4890625 0.325 0.0234375 0.021875
0 0.5109375 0.31796875 0.0265625 0.021875
0 0.55234375 0.30546875 0.0265625 0.025
0 0.478125 0.3109375 0.0265625 0.025
0 0.48671875 0.2953125 0.0234375 0.0203125
0 0.5078125 0.29453125 0.0234375 0.021875
0 0.53046875 0.29765625 0.0265625 0.021875
0 0.46484375 0.29453125 0.0234375 0.021875
0 0.475 0.2765625 0.0265625 0.0234375
0 0.521875 0.2796875 0.0234375 0.021875
0 0.54453125 0.28125 0.025 0.025
0 0.49609375 0.25703125 0.028125 0.0234375
0 0.521875 0.25859375 0.0265625 0.0234375
0 0.553125 0.25078125 0.0265625 0.021875
0 0.5859375 0.25703125 0.0265625 0.0234375
0 0.6125 0.26328125 0.0234375 0.021875
0 0.56171875 0.234375 0.0234375 0.021875
0 0.5875 0.23828125 0.0234375 0.0234375
0 0.60859375 0.23515625 0.025 0.0234375
0 0.56796875 0.21796875 0.0234375 0.021875
0 0.59453125 0.20546875 0.0265625 0.021875