0 0.29609375 0.3484375 0.02265625 0.01640625
0 0.31875 0.35078125 0.021875 0.01640625
0 0.26484375 0.353125 0.0234375 0.015625
0 0.24375 0.35625 0.02265625 0.01640625
0 0.209375 0.3765625 0.025 0.01953125
0 0.228125 0.3875 0.021875 0.015625
0 0.2390625 0.37109375 0.02265625 0.01484375
0 0.2640625 0.36796875 0.021875 0.01484375
0 0.2859375 0.3609375 0.02265625 0.015625
0 0.29609375 0.37421875 0.0234375 0.01484375
0 0.30546875 0.4046875 0.021875 0.01640625
0 0.27578125 0.38125 0.02421875 0.01484375
0 0.2953125 0.390625 0.01953125 0.015625
0 0.26796875 0.39609375 0.02265625 0.0171875
0 0.25078125 0.38515625 0.02109375 0.01484375
0 0.24375 0.4015625 0.0203125 0.01796875
0 0.22421875 0.4140625 0.02421875 0.0203125
0 0.2578125 0.41484375 0.02265625 0.0171875
0 0.271875 0.42734375 0.025 0.01796875
0 0.28203125 0.409375 0.0234375 0.0171875
0 0.296875 0.421875 0.021875 0.0171875
0 0.2875 0.4421875 0.021875 0.01953125
0 0.3140625 0.43515625 0.02265625 0.01875
0 0.32109375 0.41796875 0.021875 0.015625
0 0.3171875 0.38046875 0.02109375 0.01484375
0 0.32578125 0.3953125 0.021875 0.01640625
0 0.3390625 0.36328125 0.02265625 0.015625
0 0.33828125 0.37890625 0.025 0.01796875
0 0.3171875 0.365625 0.0203125 0.01484375
0 0.33828125 0.34609375 0.0234375 0.01796875
0 0.36171875 0.3453125 0.021875 0.0171875
0 0.36875 0.3609375 0.02421875 0.01640625
0 0.4359375 0.33046875 0.02109375 0.015625
0 0.41171875 0.35390625 0.02109375 0.01484375
0 0.409375 0.33828125 0.02109375 0.0171875
0 0.3859375 0.3375 0.02265625 0.01640625
0 0.38671875 0.35234375 0.021875 0.01484375
0 0.39609375 0.36640625 0.0234375 0.01484375
0 0.39375 0.38203125 0.021875 0.015625
0 0.365625 0.375 0.021875 0.0140625
0 0.375 0.38984375 0.0234375 0.0171875
0 0.36328125 0.40390625 0.02109375 0.015625
0 0.34921875 0.39375 0.021875 0.0171875
0 0.34140625 0.4078125 0.02421875 0.0171875
0 0.3421875 0.42578125 0.021875 0.01640625
0 0.3328125 0.44296875 0.025 0.01953125
0 0.35703125 0.45546875 0.0265625 0.01953125
0 0.36015625 0.43828125 0.0234375 0.0171875
0 0.36640625 0.42109375 0.0234375 0.01796875
0 0.38515625 0.40859375 0.0234375 0.015625
0 0.415625 0.3828125 0.021875 0.0140625
0 0.40234375 0.39609375 0.02109375 0.01484375
0 0.41953125 0.36796875 0.021875 0.0140625
0 0.43515625 0.36015625 0.021875 0.0171875
0 0.43046875 0.3453125 0.0203125 0.01484375
0 0.4515625 0.34296875 0.02109375 0.015625
0 0.4640625 0.33046875 0.01953125 0.01484375
0 0.4828125 0.3375 0.02109375 0.015625
0 0.45703125 0.35703125 0.01953125 0.0140625
0 0.45234375 0.371875 0.02109375 0.015625
0 0.440625 0.38515625 0.01953125 0.015625
0 0.4265625 0.39765625 0.02109375 0.01640625
0 0.4140625 0.4109375 0.02109375 0.01796875
0 0.39609375 0.42109375 0.02109375 0.01484375
0 0.38359375 0.4359375 0.02265625 0.0171875
0 0.38125 0.453125 0.02265625 0.0171875
0 0.5203125 0.36015625 0.02265625 0.01484375
0 0.53515625 0.3734375 0.02109375 0.0171875
0 0.5046875 0.34921875 0.01953125 0.01484375
0 0.51328125 0.37578125 0.0203125 0.0171875
0 0.48515625 0.35234375 0.0203125 0.0140625
0 0.5 0.3625 0.01953125 0.01328125
0 0.47578125 0.36640625 0.02109375 0.015625
0 0.49296875 0.37734375 0.02109375 0.01640625
0 0.48828125 0.3921875 0.02265625 0.01640625
0 0.47421875 0.4046875 0.0203125 0.0140625
0 0.46015625 0.4171875 0.01875 0.01484375
0 0.46953125 0.38046875 0.01875 0.01640625
0 0.45859375 0.39453125 0.02265625 0.01796875
0 0.44453125 0.40703125 0.02265625 0.01875
0 0.43203125 0.42109375 0.02265625 0.0171875
0 0.4140625 0.43125 0.02265625 0.015625
0 0.40390625 0.446875 0.02421875 0.01953125
0 0.3984375 0.4640625 0.02265625 0.0171875
0 0.43046875 0.4421875 0.025 0.0171875
0 0.4484375 0.43203125 0.02265625 0.0171875
0 0.471875 0.43359375 0.0203125 0.01640625
0 0.48671875 0.42109375 0.025 0.01875
0 0.50078125 0.40625 0.0203125 0.015625
0 0.51328125 0.3921875 0.01953125 0.01640625
0 0.55546875 0.38984375 0.01953125 0.01875
0 0.52265625 0.40625 0.0234375 0.01796875
0 0.5109375 0.421875 0.02109375 0.01796875
0 0.50703125 0.440625 0.02265625 0.0203125
0 0.48671875 0.446875 0.0234375 0.021875
0 0.46015625 0.44765625 0.021875 0.0171875
0 0.47421875 0.46171875 0.025 0.01953125
0 0.44140625 0.45859375 0.02265625 0.0171875
0 0.45546875 0.4734375 0.02421875 0.01953125