0 0.69453125 0.57421875 0.0234375 0.03125
0 0.6828125 0.6046875 0.0265625 0.034375
0 0.6609375 0.540625 0.03125 0.0453125
0 0.678125 0.546875 0.025 0.03125
0 0.67578125 0.5828125 0.0234375 0.03125
0 0.6703125 0.56875 0.0203125 0.0265625
0 0.634375 0.67265625 0.0265625 0.034375
0 0.64609375 0.64453125 0.0296875 0.0359375
0 0.671875 0.63046875 0.025 0.03125
0 0.64140625 0.53203125 0.0234375 0.0328125
0 0.62265625 0.54140625 0.0296875 0.0359375
0 0.615625 0.51875 0.0265625 0.0359375
0 0.596875 0.559375 0.0296875 0.0390625
0 0.628125 0.59140625 0.025 0.034375
0 0.60703125 0.6 0.0328125 0.0359375
0 0.628125 0.62421875 0.0265625 0.0328125
0 0.6140625 0.6515625 0.0265625 0.0328125
0 0.6109375 0.6921875 0.0265625 0.0375
0 0.6078125 0.71875 0.0234375 0.028125
0 0.59453125 0.74375 0.028125 0.03125
0 0.6 0.76640625 0.028125 0.03125
0 0.58203125 0.8296875 0.0296875 0.0390625
0 0.58984375 0.7125 0.0265625 0.034375
0 0.575 0.7390625 0.025 0.03125
0 0.57578125 0.7671875 0.025 0.03125
0 0.56171875 0.78984375 0.025 0.0296875
0 0.5671875 0.81328125 0.028125 0.0359375
0 0.5328125 0.82421875 0.03125 0.0359375
0 0.5140625 0.8546875 0.0328125 0.0390625
0 0.56875 0.71171875 0.0265625 0.034375
0 0.5546875 0.7421875 0.0265625 0.034375
0 0.54609375 0.771875 0.03125 0.0359375
0 0.5328125 0.7953125 0.025 0.03125
0 0.50234375 0.82578125 0.0296875 0.0359375
0 0.528125 0.76640625 0.0265625 0.0375
0 0.5140625 0.7921875 0.025 0.03125
0 0.4921875 0.80390625 0.0328125 0.0375
0 0.55 0.71640625 0.0234375 0.0296875
0 0.53125 0.72421875 0.0265625 0.034375
0 0.51640625 0.74765625 0.0265625 0.034375
0 0.49453125 0.77265625 0.03125 0.0390625
0 0.54921875 0.68984375 0.0328125 0.0359375
0 0.52109375 0.7046875 0.0296875 0.0359375
0 0.503125 0.7296875 0.0296875 0.0375
0 0.4828125 0.74765625 0.0296875 0.0359375
0 0.540625 0.66328125 0.028125 0.0359375
0 0.5484375 0.63046875 0.0296875 0.0390625
0 0.521875 0.65234375 0.0296875 0.0390625
0 0.45625 0.74140625 0.0328125 0.0390625
0 0.52734375 0.5984375 0.0296875 0.0359375
0 0.5484375 0.5671875 0.03125 0.0421875
0 0.52734375 0.5640625 0.0296875 0.0359375
0 0.56640625 0.52421875 0.028125 0.0359375
0 0.5390625 0.5328125 0.0265625 0.034375
0 0.5109375 0.54921875 0.03125 0.0359375
0 0.52421875 0.51796875 0.0296875 0.0390625
0 0.53671875 0.490625 0.025 0.03125
0 0.51015625 0.49296875 0.0265625 0.034375
0 0.49140625 0.51328125 0.0296875 0.0375
0 0.5 0.46796875 0.028125 0.0390625
0 0.54921875 0.46015625 0.0265625 0.034375
0 0.525 0.4640625 0.0296875 0.0375
0 0.56484375 0.4265625 0.0265625 0.0375
0 0.54296875 0.4296875 0.0265625 0.034375
0 0.51796875 0.4375 0.0296875 0.0390625
0 0.5328125 0.40625 0.028125 0.0390625
0 0.5015625 0.4171875 0.03125 0.0375
0 0.515625 0.38671875 0.0296875 0.0359375
0 0.55 0.3515625 0.028125 0.0390625
0 0.52890625 0.3546875 0.0328125 0.040625
0 0.54140625 0.31328125 0.0296875 0.0359375
0 0.5140625 0.3296875 0.0296875 0.0390625
0 0.49609375 0.3578125 0.03125 0.0359375
0 0.53359375 0.2875 0.03125 0.04375
0 0.5109375 0.296875 0.0265625 0.0375
0 0.490625 0.31796875 0.03125 0.0390625
0 0.46640625 0.33046875 0.0328125 0.0390625
0 0.57421875 0.265625 0.0328125 0.0390625
0 0.53984375 0.24296875 0.0296875 0.0390625
0 0.51796875 0.25625 0.028125 0.0359375
0 0.4953125 0.2671875 0.0359375 0.0390625
0 0.475 0.28828125 0.040625 0.04375
0 0.5234375 0.21171875 0.034375 0.0421875
0 0.49921875 0.22421875 0.0359375 0.0421875
0 0.515625 0.1734375 0.034375 0.0421875
0 0.48984375 0.190625 0.0359375 0.0390625
0 0.6 0.11328125 0.0359375 0.040625
0 0.56796875 0.10625 0.0359375 0.04375
0 0.51640625 0.13125 0.0359375 0.0421875
0 0.53828125 0.05859375 0.034375 0.0421875
0 0.5234375 0.025 0.0328125 0.040625
0 0.46171875 0.1140625 0.0375 0.04375
0 0.48984375 0.02109375 0.0359375 0.0421875
0 0.46171875 0.0390625 0.0375 0.04375
0 0.453125 0.0734375 0.0359375 0.0375
0 0.43203125 0.09921875 0.0375 0.04375
0 0.43828125 0.02109375 0.034375 0.0421875
0 0.41171875 0.0359375 0.040625 0.046875
0 0.403125 0.07421875 0.0390625 0.04375