0 0.87890625 0.21171875 0.0359375 0.040625
0 0.9859375 0.2453125 0.02734375 0.0421875
0 0.90546875 0.253125 0.03984375 0.0390625
0 0.8953125 0.2859375 0.03515625 0.03515625
0 0.93203125 0.30859375 0.04140625 0.03671875
0 0.796875 0.26015625 0.0375 0.03671875
0 0.7734375 0.2890625 0.0359375 0.0375
0 0.809375 0.30390625 0.0375 0.03515625
0 0.8015625 0.33515625 0.03671875 0.03671875
0 0.86953125 0.33125 0.03515625 0.040625
0 0.8421875 0.36328125 0.034375 0.0328125
0 0.86953125 0.38359375 0.03515625 0.03671875
0 0.903125 0.425 0.03671875 0.0375
0 0.81328125 0.39765625 0.0390625 0.03828125
0 0.8359375 0.43046875 0.03359375 0.0375
0 0.84140625 0.48203125 0.03515625 0.03984375
0 0.7203125 0.22578125 0.0390625 0.03671875
0 0.69609375 0.26015625 0.03515625 0.03515625
0 0.61640625 0.23984375 0.03359375 0.03984375
0 0.67734375 0.3 0.03828125 0.0390625
0 0.6109375 0.284375 0.0375 0.03828125
0 0.55078125 0.2671875 0.0328125 0.03828125
0 0.56484375 0.2984375 0.03359375 0.03984375
0 0.4078125 0.32578125 0.03671875 0.03828125
0 0.446875 0.41875 0.0390625 0.040625
0 0.209375 0.49296875 0.03828125 0.0375
0 0.3765625 0.50078125 0.0375 0.0390625
0 0.41171875 0.4953125 0.03515625 0.0390625
0 0.43203125 0.47109375 0.03515625 0.0359375
0 0.4671875 0.46796875 0.0375 0.03671875
0 0.4984375 0.43984375 0.03515625 0.0359375
0 0.9140625 0.77734375 0.0375 0.0390625
0 0.596875 0.32890625 0.0359375 0.03671875
0 0.57265625 0.38203125 0.03828125 0.03671875
0 0.59453125 0.4140625 0.03125 0.034375
0 0.6265625 0.409375 0.0375 0.0359375
0 0.6203125 0.371875 0.0390625 0.0359375
0 0.6453125 0.340625 0.03515625 0.034375
0 0.6703125 0.36953125 0.03828125 0.0359375
0 0.684375 0.3984375 0.03359375 0.03359375
0 0.7109375 0.425 0.03828125 0.03671875
0 0.75078125 0.4578125 0.03671875 0.03671875
0 0.67109375 0.4328125 0.0359375 0.0359375
0 0.60859375 0.44453125 0.034375 0.03359375
0 0.5625 0.4140625 0.03359375 0.034375
0 0.57421875 0.44375 0.03671875 0.034375
0 0.54453125 0.4796875 0.0359375 0.03515625
0 0.5703125 0.50078125 0.03359375 0.034375
0 0.58828125 0.47421875 0.034375 0.0328125
0 0.62578125 0.478125 0.03515625 0.0328125
0 0.66796875 0.47890625 0.03515625 0.0390625
0 0.6015625 0.5140625 0.03203125 0.03515625
0 0.634375 0.51015625 0.034375 0.03359375
0 0.6328125 0.5421875 0.034375 0.03359375
0 0.67890625 0.528125 0.0359375 0.034375
0 0.71484375 0.53125 0.03515625 0.03984375
0 0.7640625 0.53828125 0.03671875 0.0375
0 0.66640625 0.559375 0.0328125 0.03515625
0 0.69921875 0.56328125 0.0328125 0.0375
0 0.60234375 0.559375 0.03359375 0.03515625
0 0.565625 0.5375 0.0328125 0.0359375
0 0.5125 0.53828125 0.0359375 0.034375
0 0.54140625 0.55625 0.03359375 0.0359375
0 0.44609375 0.52265625 0.0359375 0.0359375
0 0.4109375 0.5515625 0.0375 0.04140625
0 0.4671875 0.56796875 0.034375 0.03671875
0 0.51640625 0.59375 0.03828125 0.034375
0 0.53359375 0.62421875 0.034375 0.03671875
0 0.56640625 0.6140625 0.034375 0.03984375
0 0.6046875 0.6078125 0.0359375 0.03671875
0 0.58671875 0.64453125 0.034375 0.03515625
0 0.64296875 0.61640625 0.03515625 0.03671875
0 0.67734375 0.60390625 0.03359375 0.0359375
0 0.7046875 0.62890625 0.0375 0.040625
0 0.6828125 0.6703125 0.03671875 0.04140625
0 0.63125 0.6640625 0.03671875 0.03984375
0 0.603125 0.6875 0.040625 0.03671875
0 0.5890625 0.72421875 0.03828125 0.03515625
0 0.62890625 0.73046875 0.0359375 0.03515625
0 0.63828125 0.765625 0.0359375 0.04140625
0 0.525 0.67421875 0.03359375 0.03671875
0 0.53984375 0.709375 0.034375 0.034375
0 0.45390625 0.6390625 0.040625 0.034375
0 0.490625 0.66171875 0.03515625 0.034375
0 0.4546875 0.6734375 0.03671875 0.03515625
0 0.06015625 0.76953125 0.03984375 0.04375
0 0.334375 0.5765625 0.0375 0.040625
0 0.25546875 0.57109375 0.04375 0.0390625
0 0.17421875 0.57890625 0.0359375 0.0359375
0 0.11015625 0.63203125 0.0375 0.0359375
0 0.21328125 0.68046875 0.0390625 0.0375
0 0.4015625 0.6 0.040625 0.0359375
0 0.359375 0.64765625 0.04375 0.03515625
0 0.3484375 0.6875 0.03515625 0.0359375
0 0.3875 0.71953125 0.03671875 0.03984375
0 0.47578125 0.703125 0.034375 0.03671875
0 0.45625 0.73046875 0.03515625 0.03828125
0 0.4953125 0.734375 0.03515625 0.0390625
0 0.4859375 0.78046875 0.03515625 0.0375
0 0.4328125 0.9140625 0.03671875 0.0390625