0 0.315625 0.27421875 0.025 0.0203125
0 0.27890625 0.315625 0.0265625 0.0234375
0 0.26015625 0.4359375 0.021875 0.01875
0 0.31875 0.578125 0.021875 0.01875
0 0.33125 0.55703125 0.025 0.0234375
0 0.3234375 0.54609375 0.0203125 0.01875
0 0.3171875 0.521875 0.021875 0.0203125
0 0.30234375 0.48125 0.01875 0.0171875
0 0.3140625 0.5046875 0.0203125 0.015625
0 0.3046875 0.465625 0.0203125 0.01875
0 0.315625 0.48828125 0.01875 0.015625
0 0.30546875 0.44921875 0.0203125 0.015625
0 0.32109375 0.4734375 0.0203125 0.01875
0 0.321875 0.45546875 0.0203125 0.015625
0 0.32734375 0.49765625 0.021875 0.01875
0 0.33203125 0.48203125 0.0203125 0.01875
0 0.340625 0.509375 0.021875 0.01875
0 0.3359375 0.52734375 0.021875 0.021875
0 0.3515625 0.51796875 0.021875 0.021875
0 0.33671875 0.46484375 0.01875 0.01875
0 0.35234375 0.471875 0.0234375 0.0203125
0 0.3453125 0.48984375 0.0203125 0.021875
0 0.35546875 0.5015625 0.021875 0.0203125
0 0.37265625 0.496875 0.0203125 0.0203125
0 0.37734375 0.521875 0.025 0.0203125
0 0.390625 0.5046875 0.021875 0.021875
0 0.38828125 0.53125 0.021875 0.01875
0 0.4078125 0.515625 0.021875 0.0203125
0 0.40859375 0.540625 0.021875 0.01875
0 0.396875 0.396875 0.021875 0.01875
0 0.42734375 0.42421875 0.01875 0.0171875
0 0.4390625 0.43671875 0.01875 0.0203125
0 0.44140625 0.378125 0.021875 0.021875
0 0.48515625 0.4296875 0.025 0.0203125
0 0.37109375 0.58359375 0.021875 0.01875
0 0.37265625 0.60078125 0.021875 0.0203125
0 0.38828125 0.5890625 0.0203125 0.021875
0 0.38984375 0.609375 0.021875 0.0203125
0 0.40703125 0.61953125 0.0234375 0.0234375
0 0.40703125 0.5921875 0.025 0.0234375
0 0.409375 0.5734375 0.021875 0.0203125
0 0.41796875 0.60703125 0.021875 0.01875
0 0.434375 0.61484375 0.021875 0.01875
0 0.44765625 0.625 0.021875 0.021875
0 0.43515625 0.6 0.021875 0.021875
0 0.43359375 0.58046875 0.0203125 0.01875
0 0.43203125 0.55859375 0.021875 0.021875
0 0.44765625 0.54921875 0.01875 0.01875
0 0.446875 0.56875 0.021875 0.0203125
0 0.44921875 0.5859375 0.021875 0.0203125
0 0.45234375 0.6046875 0.021875 0.021875
0 0.4734375 0.62890625 0.021875 0.0203125
0 0.4734375 0.60859375 0.0234375 0.0203125
0 0.46640625 0.5921875 0.0203125 0.01875
0 0.4640625 0.575 0.01875 0.0171875
0 0.46484375 0.55859375 0.01875 0.01875
0 0.4796875 0.56640625 0.0203125 0.01875
0 0.4890625 0.59765625 0.021875 0.021875
0 0.496875 0.56171875 0.01875 0.01875
0 0.50390625 0.54609375 0.021875 0.01875
0 0.4984375 0.58046875 0.01875 0.021875
0 0.50859375 0.59453125 0.021875 0.01875
0 0.515625 0.61328125 0.021875 0.01875
0 0.51796875 0.5765625 0.021875 0.0203125
0 0.53046875 0.5890625 0.0203125 0.0203125
0 0.5390625 0.60859375 0.0203125 0.021875
0 0.53515625 0.56875 0.021875 0.0203125
0 0.5390625 0.55 0.021875 0.01875
0 0.55546875 0.571875 0.0234375 0.0203125
0 0.55625 0.59296875 0.021875 0.0203125
0 0.56328125 0.609375 0.025 0.0234375
0 0.5890625 0.60234375 0.021875 0.01875
0 0.59921875 0.58359375 0.021875 0.0203125
0 0.61015625 0.59921875 0.0203125 0.021875
0 0.63125 0.59453125 0.021875 0.0203125
0 0.61875 0.578125 0.021875 0.01875
0 0.6125 0.56171875 0.021875 0.01875
0 0.6234375 0.54921875 0.021875 0.0203125
0 0.63203125 0.565625 0.021875 0.0203125
0 0.646875 0.5796875 0.021875 0.021875
0 0.65546875 0.6109375 0.025 0.0265625
0 0.653125 0.5609375 0.021875 0.021875
0 0.65078125 0.53984375 0.0234375 0.021875
0 0.6671875 0.57734375 0.0203125 0.0203125
0 0.675 0.55703125 0.025 0.0203125
0 0.684375 0.571875 0.021875 0.01875
0 0.6921875 0.59375 0.021875 0.021875
0 0.70390625 0.57734375 0.021875 0.021875
0 0.7046875 0.55703125 0.021875 0.021875
0 0.7140625 0.59765625 0.0234375 0.0234375
0 0.72890625 0.5859375 0.021875 0.0203125
0 0.7296875 0.56796875 0.021875 0.021875
0 0.7484375 0.58515625 0.021875 0.0203125
0 0.75859375 0.571875 0.0234375 0.0234375
0 0.76953125 0.59921875 0.0234375 0.0234375
0 0.78515625 0.58515625 0.0234375 0.021875
0 0.7875 0.56640625 0.0234375 0.0234375
0 0.54921875 0.4453125 0.0203125 0.01875
0 0.53515625 0.45546875 0.01875 0.0171875
0 0.5515625 0.4640625 0.0203125 0.01875
0 0.55390625 0.48125 0.0203125 0.01875
0 0.56875 0.4609375 0.01875 0.01875
0 0.57265625 0.48359375 0.01875 0.01875
0 0.5640625 0.4984375 0.01875 0.01875
0 0.58125 0.4984375 0.0203125 0.01875
0 0.5890625 0.48125 0.0203125 0.01875
0 0.58671875 0.45625 0.021875 0.01875
0 0.603125 0.46328125 0.01875 0.01875
0 0.6203125 0.46640625 0.021875 0.01875
0 0.64296875 0.465625 0.0203125 0.01875
0 0.61015625 0.5 0.0203125 0.01875
0 0.6 0.515625 0.0203125 0.01875
0 0.590625 0.53515625 0.021875 0.021875
0 0.565625 0.525 0.021875 0.01875
0 0.66796875 0.46484375 0.021875 0.01875
0 0.68671875 0.50546875 0.021875 0.021875
0 0.6953125 0.47265625 0.021875 0.021875
0 0.73515625 0.515625 0.021875 0.021875
0 0.7296875 0.48359375 0.021875 0.01875
0 0.725 0.46640625 0.0203125 0.0171875
0 0.73515625 0.44921875 0.0203125 0.01875
0 0.7453125 0.46171875 0.01875 0.01875
0 0.75703125 0.475 0.0203125 0.021875
0 0.771875 0.48515625 0.0203125 0.0203125
0 0.76328125 0.45859375 0.021875 0.021875
0 0.78203125 0.47421875 0.0234375 0.0203125
0 0.75546875 0.44296875 0.021875 0.01875
0 0.8 0.4828125 0.021875 0.021875
0 0.78203125 0.45703125 0.021875 0.01875
0 0.7640625 0.43203125 0.01875 0.01875
0 0.7625 0.41328125 0.021875 0.0171875
0 0.77578125 0.44296875 0.021875 0.01875
0 0.79921875 0.4625 0.021875 0.01875
0 0.78046875 0.42734375 0.021875 0.01875
0 0.79375 0.44140625 0.021875 0.01875
0 0.79296875 0.40703125 0.01875 0.01875
0 0.8 0.425 0.021875 0.01875
0 0.81328125 0.43828125 0.021875 0.01875
0 0.8140625 0.4546875 0.021875 0.0203125
0 0.81796875 0.475 0.021875 0.01875
0 0.81796875 0.4171875 0.021875 0.01875
0 0.8328125 0.4375 0.021875 0.021875
0 0.8140625 0.3953125 0.021875 0.01875
0 0.85703125 0.5796875 0.025 0.0234375