0 0.82890625 0.7015625 0.0328125 0.0328125
0 0.84375 0.73828125 0.03125 0.0296875
0 0.80390625 0.6921875 0.03125 0.0296875
0 0.77109375 0.69921875 0.03125 0.03125
0 0.76015625 0.72890625 0.0296875 0.0296875
0 0.72890625 0.709375 0.0296875 0.0296875
0 0.71875 0.6765625 0.0296875 0.0296875
0 0.74609375 0.66015625 0.0328125 0.0296875
0 0.9171875 0.65546875 0.034375 0.03125
0 0.896875 0.6640625 0.034375 0.028125
0 0.83125 0.61796875 0.0328125 0.03125
0 0.85625 0.59296875 0.0296875 0.0328125
0 0.83984375 0.55859375 0.03125 0.0328125
0 0.7625 0.846875 0.0328125 0.0296875
0 0.7140625 0.88359375 0.03125 0.0296875
0 0.49296875 0.603125 0.0296875 0.0328125
0 0.4875 0.671875 0.03125 0.0359375
0 0.53828125 0.93046875 0.03125 0.0296875
0 0.50546875 0.92109375 0.03125 0.0328125
0 0.48125 0.88125 0.0296875 0.03125
0 0.5359375 0.85390625 0.0328125 0.0296875
0 0.4640625 0.8546875 0.03125 0.028125
0 0.4265625 0.853125 0.0328125 0.03125
0 0.41171875 0.81328125 0.0296875 0.0296875
0 0.4203125 0.784375 0.03125 0.0328125
0 0.34453125 0.72890625 0.028125 0.0265625
0 0.3421875 0.703125 0.0296875 0.0328125
0 0.36875 0.7484375 0.0296875 0.03125
0 0.3171875 0.6921875 0.0328125 0.028125
0 0.33046875 0.67109375 0.0328125 0.0328125
0 0.31015625 0.7109375 0.0265625 0.0265625
0 0.31015625 0.63515625 0.0359375 0.034375
0 0.21015625 0.6921875 0.03125 0.0296875
0 0.2453125 0.68671875 0.0328125 0.0328125
0 0.21484375 0.6375 0.0296875 0.0296875
0 0.17734375 0.64609375 0.03125 0.0296875
0 0.18046875 0.6140625 0.03125 0.0296875
0 0.14296875 0.6296875 0.03125 0.0296875
0 0.17421875 0.5734375 0.0328125 0.0296875
0 0.27890625 0.54375 0.0328125 0.0328125
0 0.38125 0.534375 0.03125 0.0296875
0 0.42421875 0.5390625 0.0328125 0.03125
0 0.45234375 0.5328125 0.03125 0.0328125
0 0.48984375 0.5203125 0.034375 0.034375
0 0.503125 0.49453125 0.03125 0.03125
0 0.53984375 0.5078125 0.0296875 0.0328125
0 0.54765625 0.54921875 0.0328125 0.0328125
0 0.58671875 0.55 0.0296875 0.0296875
0 0.62109375 0.5359375 0.0296875 0.03125
0 0.590625 0.59609375 0.0328125 0.03125
0 0.6203125 0.56953125 0.0328125 0.03125
0 0.6953125 0.64140625 0.0296875 0.0296875
0 0.74609375 0.61953125 0.0328125 0.0296875
0 0.6703125 0.59921875 0.0296875 0.0296875
0 0.63515625 0.59296875 0.0296875 0.0296875
0 0.64921875 0.61328125 0.03125 0.028125
0 0.6671875 0.63203125 0.03125 0.0265625
0 0.68671875 0.6171875 0.0296875 0.0265625
0 0.7046875 0.59921875 0.0328125 0.0296875
0 0.71484375 0.625 0.0328125 0.028125
0 0.73125 0.59765625 0.0296875 0.03125
0 0.66640625 0.5265625 0.0296875 0.0328125
0 0.6640625 0.57421875 0.03125 0.0265625
0 0.6671875 0.5515625 0.0296875 0.03125
0 0.65078125 0.54921875 0.0234375 0.03125
0 0.69609375 0.5515625 0.0328125 0.0296875
0 0.71953125 0.53359375 0.034375 0.03125
0 0.728125 0.484375 0.0296875 0.0328125
0 0.74765625 0.46640625 0.03125 0.0296875
0 0.77265625 0.4484375 0.03125 0.0328125
0 0.82421875 0.440625 0.0328125 0.0328125
0 0.80625 0.496875 0.0328125 0.0328125
0 0.71015625 0.50546875 0.03125 0.03125
0 0.76796875 0.5046875 0.0328125 0.0328125
0 0.77890625 0.47890625 0.0328125 0.0328125
0 0.8109375 0.465625 0.0328125 0.0328125
0 0.64375 0.40703125 0.0328125 0.0328125
0 0.66640625 0.45546875 0.034375 0.034375
0 0.675 0.43046875 0.0328125 0.03125
0 0.6203125 0.39375 0.0296875 0.03125
0 0.5953125 0.41484375 0.0296875 0.0296875
0 0.5453125 0.428125 0.0328125 0.03125
0 0.5703125 0.41640625 0.0296875 0.03125
0 0.51953125 0.440625 0.0296875 0.03125
0 0.521875 0.3515625 0.03125 0.03125
0 0.52734375 0.378125 0.0328125 0.03125
0 0.5046875 0.3890625 0.0328125 0.0296875
0 0.496875 0.4140625 0.03125 0.03125
0 0.45625 0.41484375 0.0328125 0.03125
0 0.48125 0.37890625 0.03125 0.0328125
0 0.48828125 0.3515625 0.03125 0.03125
0 0.43984375 0.35078125 0.0328125 0.0296875
0 0.43828125 0.384375 0.0328125 0.03125
0 0.41875 0.36953125 0.0296875 0.0328125
0 0.3953125 0.3953125 0.0328125 0.0296875
0 0.37265625 0.44765625 0.0328125 0.0296875
0 0.36640625 0.4171875 0.0296875 0.0296875
0 0.34296875 0.38125 0.0296875 0.0296875
0 0.33046875 0.42109375 0.0328125 0.0328125
0 0.3234375 0.39609375 0.0296875 0.0296875
0 0.20390625 0.41796875 0.0296875 0.0328125
0 0.2828125 0.40859375 0.0296875 0.0296875
0 0.296875 0.3875 0.0296875 0.03125
0 0.14140625 0.36875 0.0328125 0.0328125
0 0.25703125 0.375 0.0296875 0.0296875
0 0.2578125 0.3484375 0.0328125 0.0296875
0 0.2875 0.34921875 0.0296875 0.0296875
0 0.28125 0.36953125 0.0296875 0.0265625
0 0.271875 0.3015625 0.0296875 0.028125
0 0.2703125 0.32734375 0.0296875 0.0296875
0 0.24609375 0.3078125 0.0296875 0.0296875
0 0.196875 0.29921875 0.03125 0.03125
0 0.1921875 0.26796875 0.028125 0.03125
0 0.221875 0.27734375 0.0296875 0.0328125
0 0.246875 0.28046875 0.03125 0.03125
0 0.278125 0.27578125 0.03125 0.03125
0 0.2828125 0.24140625 0.0328125 0.0328125
0 0.31953125 0.3015625 0.0296875 0.0328125
0 0.3046875 0.28671875 0.0296875 0.03125
0 0.3703125 0.32734375 0.034375 0.034375
0 0.3984375 0.31484375 0.0328125 0.0328125
0 0.36015625 0.29453125 0.034375 0.034375
0 0.3921875 0.28203125 0.0328125 0.0328125
0 0.4265625 0.1921875 0.034375 0.034375
0 0.71875 0.29296875 0.0359375 0.0375
0 0.78125 0.27421875 0.034375 0.034375
0 0.96484375 0.28671875 0.03125 0.0359375
0 0.98359375 0.26171875 0.0328125 0.0359375
0 0.83984375 0.240625 0.0328125 0.0328125
0 0.865625 0.246875 0.034375 0.0359375
0 0.9140625 0.19921875 0.034375 0.034375
0 0.74140625 0.215625 0.0328125 0.0328125
0 0.80234375 0.221875 0.034375 0.0359375
0 0.83203125 0.20859375 0.0359375 0.034375
0 0.8734375 0.171875 0.0359375 0.0359375
0 0.74375 0.1859375 0.0328125 0.0328125
0 0.80078125 0.1828125 0.0328125 0.0328125
0 0.7734375 0.16328125 0.03125 0.034375
0 0.79609375 0.14609375 0.0328125 0.034375
0 0.75703125 0.140625 0.0296875 0.0328125
0 0.74609375 0.1125 0.03125 0.0328125
0 0.703125 0.1609375 0.03125 0.0328125
0 0.7140625 0.1234375 0.0328125 0.034375
0 0.6828125 0.10078125 0.0328125 0.0328125