0 0.4109375 0.29296875 0.01953125 0.01640625
0 0.42109375 0.30859375 0.01796875 0.0171875
0 0.4421875 0.31171875 0.02109375 0.0171875
0 0.396875 0.315625 0.02109375 0.01796875
0 0.328125 0.32734375 0.021875 0.01953125
0 0.3515625 0.315625 0.02109375 0.01796875
0 0.35625 0.38046875 0.02265625 0.01875
0 0.35625 0.3609375 0.021875 0.01875
0 0.353125 0.3390625 0.02421875 0.01875
0 0.3765625 0.32734375 0.025 0.01953125
0 0.3828125 0.34609375 0.02421875 0.01796875
0 0.40390625 0.33828125 0.02265625 0.01796875
0 0.44765625 0.34375 0.021875 0.015625
0 0.41875 0.32578125 0.021875 0.01640625
0 0.440625 0.32734375 0.02265625 0.01796875
0 0.4265625 0.34140625 0.01953125 0.015625
0 0.4109375 0.3546875 0.01953125 0.01640625
0 0.3921875 0.3640625 0.02265625 0.01875
0 0.378125 0.3890625 0.0203125 0.01875
0 0.3984375 0.38125 0.02109375 0.0171875
0 0.41953125 0.371875 0.02109375 0.01640625
0 0.434375 0.35703125 0.021875 0.0171875
0 0.43984375 0.37421875 0.0203125 0.01796875
0 0.421875 0.38984375 0.0203125 0.01796875
0 0.46328125 0.40078125 0.02109375 0.01953125
0 0.44375 0.39296875 0.01953125 0.01640625
0 0.4609375 0.3796875 0.0203125 0.01875
0 0.4546875 0.36171875 0.01953125 0.0171875
0 0.47109375 0.3484375 0.0234375 0.01875
0 0.46484375 0.33046875 0.01875 0.01640625
0 0.4859375 0.33515625 0.0203125 0.0171875
0 0.50859375 0.3359375 0.0203125 0.0171875
0 0.49453125 0.3515625 0.01953125 0.01640625
0 0.48515625 0.3859375 0.02265625 0.015625
0 0.48046875 0.36796875 0.01953125 0.021875
0 0.50234375 0.36875 0.02109375 0.01875
0 0.51796875 0.3515625 0.02109375 0.0171875
0 0.52890625 0.33515625 0.01875 0.01640625
0 0.54375 0.3484375 0.01875 0.01796875
0 0.5328125 0.36484375 0.021875 0.01875
0 0.51953125 0.37890625 0.021875 0.01796875
0 0.50625 0.39453125 0.01953125 0.01796875
0 0.484375 0.40546875 0.02265625 0.02109375
0 0.528125 0.42734375 0.0203125 0.01875
0 0.5078125 0.4140625 0.021875 0.0203125
0 0.528125 0.40546875 0.025 0.01953125
0 0.5390625 0.390625 0.02265625 0.01953125
0 0.5515625 0.375 0.0203125 0.01640625
0 0.5609375 0.359375 0.0203125 0.0171875
0 0.5828125 0.353125 0.02109375 0.01875
0 0.56640625 0.3390625 0.02109375 0.01875
0 0.54921875 0.3296875 0.01875 0.015625
0 0.57578125 0.3234375 0.021875 0.01796875
0 0.5546875 0.3125 0.0203125 0.01875
0 0.5328125 0.31796875 0.0203125 0.0171875
0 0.51171875 0.3171875 0.01953125 0.01796875
0 0.48515625 0.31640625 0.01953125 0.015625
0 0.49921875 0.30234375 0.01953125 0.015625
0 0.47578125 0.3 0.02109375 0.01640625
0 0.4578125 0.2921875 0.02109375 0.01796875
0 0.4625 0.31328125 0.01875 0.0171875
0 0.4359375 0.29375 0.02109375 0.01796875
0 0.4609375 0.27421875 0.01953125 0.01875
0 0.4828125 0.26796875 0.01875 0.0171875
0 0.4890625 0.28671875 0.02109375 0.0171875
0 0.509375 0.26875 0.02109375 0.01640625
0 0.51015625 0.2859375 0.021875 0.01796875
0 0.5328125 0.28046875 0.01875 0.01953125
0 0.5578125 0.2765625 0.02109375 0.01796875
0 0.5234375 0.30234375 0.01796875 0.015625
0 0.54453125 0.29765625 0.01796875 0.01484375
0 0.56484375 0.2921875 0.02109375 0.01796875
0 0.58203125 0.28203125 0.01953125 0.01640625
0 0.59453125 0.29609375 0.0203125 0.01796875
0 0.57734375 0.30546875 0.01875 0.01640625
0 0.596875 0.3140625 0.01875 0.01796875
0 0.61875 0.31953125 0.021875 0.01875
0 0.60390625 0.3328125 0.0203125 0.01796875
0 0.63671875 0.3390625 0.02109375 0.01875
0 0.6078125 0.35234375 0.021875 0.01875
0 0.60546875 0.37109375 0.02109375 0.01875
0 0.57578125 0.3734375 0.0203125 0.01796875
0 0.56015625 0.3921875 0.0203125 0.0171875
0 0.5515625 0.4125 0.021875 0.01953125
0 0.5796875 0.4 0.021875 0.0203125
0 0.60078125 0.39296875 0.02109375 0.0203125
0 0.615625 0.4109375 0.02421875 0.0203125
0 0.184375 0.46796875 0.0265625 0.02265625
0 0.13515625 0.42890625 0.02734375 0.021875
0 0.31328125 0.3828125 0.02265625 0.02421875
0 0.35234375 0.42109375 0.02421875 0.0234375
0 0.38359375 0.42890625 0.02265625 0.02265625
0 0.403125 0.40234375 0.021875 0.02109375
0 0.4234375 0.409375 0.0203125 0.02265625
0 0.4453125 0.4125 0.0203125 0.021875
0 0.465625 0.42421875 0.0203125 0.021875
0 0.4890625 0.425 0.01953125 0.01796875
0 0.5046875 0.43828125 0.0203125 0.01875
0 0.5140625 0.45703125 0.02109375 0.02109375