0 0.5515625 0.89453125 0.04375 0.03046875
0 0.521875 0.8765625 0.03984375 0.02734375
0 0.6453125 0.7953125 0.040625 0.0296875
0 0.61875 0.7734375 0.04140625 0.0296875
0 0.5765625 0.75859375 0.04140625 0.03359375
0 0.67578125 0.77109375 0.04140625 0.03515625
0 0.8234375 0.75703125 0.04140625 0.03046875
0 0.81875 0.66953125 0.040625 0.0328125
0 0.79375 0.6484375 0.03984375 0.03203125
0 0.72578125 0.628125 0.04296875 0.034375
0 0.8046875 0.6 0.04375 0.0328125
0 0.76484375 0.6109375 0.04375 0.0328125
0 0.31796875 0.85859375 0.04296875 0.0328125
0 0.375 0.75078125 0.04140625 0.03203125
0 0.28203125 0.82109375 0.04296875 0.03125
0 0.27890625 0.78125 0.040625 0.03125
0 0.2484375 0.80546875 0.03828125 0.03046875
0 0.21953125 0.77578125 0.04453125 0.03203125
0 0.18359375 0.7140625 0.0421875 0.034375
0 0.2234375 0.64921875 0.04140625 0.03359375
0 0.146875 0.609375 0.0453125 0.0359375
0 0.153125 0.54375 0.04375 0.03203125
0 0.359375 0.64453125 0.040625 0.03046875
0 0.3296875 0.6046875 0.04375 0.03203125
0 0.5796875 0.625 0.04140625 0.03203125
0 0.5546875 0.5984375 0.0421875 0.03203125
0 0.51953125 0.5578125 0.0421875 0.0328125
0 0.4453125 0.5421875 0.03984375 0.03125
0 0.37890625 0.55703125 0.04140625 0.0328125
0 0.415625 0.52265625 0.04375 0.03203125
0 0.37265625 0.521875 0.04140625 0.03203125
0 0.33984375 0.5046875 0.040625 0.03359375
0 0.30234375 0.5125 0.04375 0.03125
0 0.26171875 0.51640625 0.04453125 0.0328125
0 0.2921875 0.478125 0.0265625 0.03046875
0 0.26796875 0.48203125 0.03984375 0.0296875
0 0.21875 0.48515625 0.04375 0.03125
0 0.178125 0.4734375 0.04140625 0.02890625
0 0.18203125 0.4328125 0.040625 0.0328125
0 0.140625 0.43203125 0.0421875 0.0328125
0 0.21171875 0.45546875 0.03828125 0.0296875
0 0.22734375 0.428125 0.04140625 0.02890625
0 0.2 0.40390625 0.0421875 0.03125
0 0.19296875 0.37265625 0.04375 0.03203125
0 0.265625 0.45078125 0.04296875 0.0328125
0 0.32578125 0.475 0.040625 0.03046875
0 0.35625 0.4515625 0.0421875 0.03046875
0 0.42265625 0.46015625 0.03984375 0.03046875
0 0.365625 0.48046875 0.04140625 0.02890625
0 0.478125 0.47734375 0.03984375 0.0359375
0 0.3921875 0.4390625 0.0390625 0.0296875
0 0.50390625 0.4421875 0.04140625 0.03125
0 0.43515625 0.43125 0.04296875 0.03359375
0 0.42578125 0.4015625 0.03828125 0.03046875
0 0.35390625 0.41015625 0.04140625 0.025
0 0.37734375 0.371875 0.03984375 0.02265625
0 0.36328125 0.39296875 0.040625 0.02734375
0 0.3234375 0.384375 0.03984375 0.0328125
0 0.34296875 0.35703125 0.04140625 0.03046875
0 0.41796875 0.371875 0.0390625 0.03125
0 0.46640625 0.41328125 0.03828125 0.03125
0 0.46796875 0.38203125 0.04140625 0.03203125
0 0.54296875 0.41328125 0.03828125 0.03046875
0 0.503125 0.403125 0.0390625 0.03125
0 0.5515625 0.44296875 0.040625 0.0328125
0 0.64453125 0.49453125 0.0421875 0.03125
0 0.59921875 0.490625 0.04296875 0.0328125
0 0.64375 0.528125 0.04296875 0.03203125
0 0.83125 0.53125 0.03984375 0.03203125
0 0.79296875 0.484375 0.04140625 0.03125
0 0.77265625 0.44453125 0.040625 0.02890625
0 0.840625 0.47421875 0.0421875 0.03203125
0 0.8078125 0.453125 0.03828125 0.02734375
0 0.8546875 0.43046875 0.04375 0.03203125
0 0.88359375 0.3859375 0.040625 0.03125
0 0.84296875 0.38046875 0.04296875 0.03203125
0 0.84296875 0.34921875 0.0421875 0.03046875
0 0.76171875 0.35703125 0.04296875 0.03203125
0 0.7671875 0.325 0.0421875 0.0296875
0 0.85859375 0.32109375 0.0453125 0.02890625
0 0.9203125 0.30625 0.04375 0.03359375
0 0.85625 0.28984375 0.04140625 0.0328125
0 0.89296875 0.26484375 0.04296875 0.03125
0 0.82265625 0.27578125 0.04140625 0.03125
0 0.7984375 0.24921875 0.0390625 0.03203125
0 0.790625 0.2171875 0.0375 0.034375
0 0.75078125 0.275 0.04609375 0.03359375
0 0.7015625 0.246875 0.0453125 0.03203125
0 0.6734375 0.26875 0.046875 0.03203125
0 0.69375 0.215625 0.0421875 0.02890625
0 0.6765625 0.16875 0.04375 0.03359375
0 0.64296875 0.13984375 0.0421875 0.03046875
0 0.63984375 0.09765625 0.040625 0.03203125
0 0.61171875 0.11875 0.0390625 0.03125
0 0.57109375 0.1734375 0.040625 0.03203125
0 0.53046875 0.18125 0.040625 0.03125
0 0.5609375 0.12265625 0.040625 0.03203125
0 0.56953125 0.09296875 0.04453125 0.03125
0 0.2328125 0.28984375 0.04296875 0.0359375