0 0.38046875 0.621875 0.0171875 0.0203125
0 0.384375 0.6421875 0.0203125 0.0234375
0 0.36640625 0.640625 0.0171875 0.0234375
0 0.3640625 0.6203125 0.0171875 0.0203125
0 0.35078125 0.62734375 0.015625 0.0203125
0 0.359375 0.60234375 0.0171875 0.0203125
0 0.34453125 0.6078125 0.0171875 0.0203125
0 0.34765625 0.58828125 0.0171875 0.0203125
0 0.33359375 0.575 0.0171875 0.0203125
0 0.346875 0.56640625 0.0171875 0.0203125
0 0.36328125 0.584375 0.0171875 0.0203125
0 0.390625 0.603125 0.01875 0.0171875
0 0.37421875 0.60234375 0.0171875 0.0203125
0 0.4078125 0.6078125 0.01875 0.0203125
0 0.39609375 0.62109375 0.0171875 0.021875
0 0.4 0.66484375 0.0203125 0.0203125
0 0.4015625 0.64453125 0.01875 0.0203125
0 0.43671875 0.67421875 0.0203125 0.0203125
0 0.41796875 0.671875 0.01875 0.0234375
0 0.44140625 0.65234375 0.0171875 0.0234375
0 0.41796875 0.65078125 0.01875 0.0203125
0 0.428125 0.63828125 0.0171875 0.0203125
0 0.41328125 0.6296875 0.0171875 0.0203125
0 0.42578125 0.61796875 0.0171875 0.021875
0 0.428125 0.5953125 0.0171875 0.0203125
0 0.41328125 0.5890625 0.0171875 0.021875
0 0.3984375 0.584375 0.0171875 0.0203125
0 0.38203125 0.584375 0.0171875 0.0203125
0 0.371875 0.56875 0.01875 0.0203125
0 0.3640625 0.55078125 0.0171875 0.021875
0 0.346875 0.54609375 0.0171875 0.0203125
0 0.32578125 0.5515625 0.0171875 0.0203125
0 0.45859375 0.6578125 0.0203125 0.0234375
0 0.4578125 0.63671875 0.0171875 0.021875
0 0.4421875 0.6265625 0.0171875 0.021875
0 0.44296875 0.60703125 0.01875 0.0203125
0 0.44140625 0.58671875 0.01875 0.0234375
0 0.425 0.57578125 0.0171875 0.0203125
0 0.40859375 0.56796875 0.01875 0.0234375
0 0.38984375 0.56484375 0.0171875 0.0203125
0 0.39921875 0.55078125 0.0203125 0.0203125
0 0.3796875 0.55 0.0171875 0.0203125
0 0.37109375 0.53125 0.0171875 0.0234375
0 0.3515625 0.5265625 0.01875 0.0234375
0 0.4796875 0.6671875 0.0203125 0.0234375
0 0.4734375 0.64609375 0.01875 0.0203125
0 0.478125 0.6265625 0.01875 0.0234375
0 0.46015625 0.6171875 0.0203125 0.0203125
0 0.475 0.60625 0.0171875 0.0203125
0 0.4578125 0.59765625 0.0203125 0.021875
0 0.46953125 0.5859375 0.01875 0.0234375
0 0.4546875 0.57578125 0.0171875 0.0203125
0 0.43671875 0.56328125 0.01875 0.021875
0 0.421875 0.5546875 0.0171875 0.021875
0 0.41171875 0.5390625 0.01875 0.0203125
0 0.3890625 0.534375 0.0171875 0.0203125
0 0.4 0.52421875 0.0203125 0.0203125
0 0.3859375 0.515625 0.0171875 0.0203125
0 0.3734375 0.50234375 0.0171875 0.021875
0 0.3578125 0.50546875 0.0171875 0.021875
0 0.35234375 0.484375 0.0171875 0.0234375
0 0.49453125 0.646875 0.0203125 0.0234375
0 0.49140625 0.6171875 0.01875 0.0234375
0 0.48671875 0.5953125 0.0203125 0.0203125
0 0.484375 0.57421875 0.01875 0.0234375
0 0.46875 0.5640625 0.0203125 0.021875
0 0.45390625 0.5546875 0.01875 0.0234375
0 0.43671875 0.53984375 0.0203125 0.021875
0 0.4234375 0.52578125 0.0171875 0.0203125
0 0.41015625 0.51015625 0.0203125 0.0234375
0 0.39453125 0.49609375 0.01875 0.0234375
0 0.50234375 0.5671875 0.0203125 0.0234375
0 0.4859375 0.55234375 0.0203125 0.0234375
0 0.46875 0.54296875 0.0203125 0.0234375
0 0.4546875 0.52890625 0.0171875 0.0234375
0 0.4390625 0.51953125 0.01875 0.0234375
0 0.425 0.50546875 0.0171875 0.0234375
0 0.41328125 0.4859375 0.01875 0.0234375
0 0.509375 0.61328125 0.021875 0.0234375
0 0.50546875 0.590625 0.0203125 0.0234375
0 0.5109375 0.63671875 0.021875 0.0265625
0 0.53125 0.659375 0.0203125 0.0234375
0 0.5515625 0.65390625 0.0234375 0.0265625
0 0.53203125 0.63046875 0.0234375 0.0234375
0 0.53359375 0.60390625 0.0234375 0.0234375
0 0.5359375 0.5828125 0.021875 0.021875
0 0.51953125 0.565625 0.0203125 0.0234375
0 0.50234375 0.54375 0.0203125 0.025
0 0.4875 0.53125 0.01875 0.0203125
0 0.4703125 0.52109375 0.0203125 0.0234375
0 0.45546875 0.50546875 0.0203125 0.0234375
0 0.4390625 0.49921875 0.0171875 0.0203125
0 0.43125 0.48125 0.0203125 0.0203125
0 0.42734375 0.46015625 0.0234375 0.025
0 0.5734375 0.59375 0.025 0.0265625
0 0.5453125 0.53828125 0.0234375 0.0265625
0 0.5203125 0.51953125 0.025 0.025
0 0.7515625 0.59140625 0.0296875 0.0296875
0 0.7 0.52421875 0.028125 0.0265625