0 0.08359375 0.30625 0.04375 0.0421875
0 0.1203125 0.42265625 0.0453125 0.04375
0 0.12421875 0.48359375 0.04375 0.04375
0 0.17734375 0.50234375 0.04375 0.04375
0 0.17578125 0.4578125 0.04375 0.04375
0 0.17265625 0.421875 0.04375 0.04375
0 0.1625 0.3890625 0.04375 0.04375
0 0.2046875 0.375 0.046875 0.0453125
0 0.1984375 0.28671875 0.04375 0.04375
0 0.2234375 0.434375 0.04375 0.0421875
0 0.240625 0.4828125 0.0453125 0.0453125
0 0.23828125 0.52890625 0.046875 0.0453125
0 0.2453125 0.61875 0.04375 0.04375
0 0.240625 0.5828125 0.04375 0.04375
0 0.23125 0.67265625 0.0453125 0.0453125
0 0.26640625 0.6890625 0.04375 0.04375
0 0.29375 0.72421875 0.0453125 0.05
0 0.38671875 0.7421875 0.05 0.0546875
0 0.33671875 0.69765625 0.04375 0.04375
0 0.42890625 0.753125 0.04375 0.04375
0 0.37890625 0.69609375 0.0453125 0.0484375
0 0.434375 0.83046875 0.046875 0.0484375
0 0.48984375 0.84453125 0.04375 0.04375
0 0.53515625 0.8296875 0.0453125 0.046875
0 0.61484375 0.853125 0.0453125 0.046875
0 0.653125 0.92109375 0.04375 0.04375
0 0.66171875 0.853125 0.04375 0.04375
0 0.6609375 0.81015625 0.04375 0.04375
0 0.71953125 0.80625 0.04375 0.04375
0 0.496875 0.7453125 0.046875 0.0515625
0 0.5875 0.76640625 0.04375 0.04375
0 0.61640625 0.7421875 0.04375 0.046875
0 0.5390625 0.72421875 0.0421875 0.04375
0 0.48046875 0.7015625 0.0421875 0.04375
0 0.44375 0.71796875 0.04375 0.04375
0 0.4 0.6625 0.0453125 0.0453125
0 0.42734375 0.6875 0.046875 0.0515625
0 0.38125 0.625 0.046875 0.0484375
0 0.33203125 0.64140625 0.04375 0.04375
0 0.44296875 0.63828125 0.0453125 0.05
0 0.5546875 0.6796875 0.0421875 0.04375
0 0.4796875 0.65703125 0.04375 0.04375
0 0.51875 0.671875 0.04375 0.04375
0 0.58359375 0.715625 0.04375 0.04375
0 0.6609375 0.7390625 0.04375 0.04375
0 0.71953125 0.7515625 0.0453125 0.0484375
0 0.7625 0.7390625 0.0453125 0.046875
0 0.64375 0.7 0.0421875 0.04375
0 0.603125 0.68125 0.0421875 0.04375
0 0.5875 0.6390625 0.04375 0.04375
0 0.54609375 0.63828125 0.0453125 0.05
0 0.5109375 0.6296875 0.04375 0.04375
0 0.5203125 0.5953125 0.04375 0.04375
0 0.48671875 0.57734375 0.04375 0.04375
0 0.45 0.565625 0.04375 0.04375
0 0.41640625 0.58203125 0.04375 0.04375
0 0.334375 0.5453125 0.04375 0.04375
0 0.37421875 0.56953125 0.0453125 0.0453125
0 0.2953125 0.55859375 0.04375 0.0421875
0 0.28359375 0.4953125 0.046875 0.0453125
0 0.3125 0.471875 0.0453125 0.04375
0 0.28125 0.42578125 0.04375 0.04375
0 0.29375 0.38984375 0.05 0.0453125
0 0.328125 0.43828125 0.04375 0.04375
0 0.36015625 0.42421875 0.0421875 0.04375
0 0.3328125 0.40234375 0.040625 0.0421875
0 0.3671875 0.39140625 0.04375 0.0421875
0 0.27890625 0.328125 0.04375 0.04375
0 0.334375 0.35390625 0.0453125 0.046875
0 0.36640625 0.32578125 0.04375 0.04375
0 0.4 0.31484375 0.0421875 0.04375
0 0.38671875 0.2734375 0.04375 0.0421875
0 0.33203125 0.2453125 0.0453125 0.0453125
0 0.3921875 0.21171875 0.0453125 0.0453125
0 0.39375 0.1546875 0.04375 0.04375
0 0.3296875 0.09921875 0.04375 0.046875
0 0.43984375 0.18125 0.04375 0.04375
0 0.4296875 0.2359375 0.0453125 0.0453125
0 0.48203125 0.19609375 0.0453125 0.0453125
0 0.4734375 0.23515625 0.046875 0.0453125
0 0.51171875 0.2265625 0.0421875 0.04375
0 0.528125 0.19765625 0.04375 0.04375
0 0.56171875 0.184375 0.046875 0.0453125
0 0.5890625 0.2171875 0.04375 0.04375
0 0.56640625 0.1484375 0.0421875 0.04375
0 0.6609375 0.17734375 0.04375 0.04375
0 0.634375 0.20625 0.04375 0.04375
0 0.6375 0.23984375 0.0421875 0.04375
0 0.68828125 0.25546875 0.04375 0.04375
0 0.81171875 0.28203125 0.04375 0.0421875
0 0.77109375 0.27890625 0.0421875 0.04375
0 0.81953125 0.315625 0.04375 0.0421875
0 0.77734375 0.3296875 0.04375 0.04375
0 0.8296875 0.371875 0.0453125 0.0453125
0 0.7328125 0.3078125 0.04375 0.0421875
0 0.734375 0.3421875 0.04375 0.04375
0 0.7671875 0.365625 0.0421875 0.04375
0 0.77421875 0.40625 0.04375 0.0421875
0 0.7125 0.3734375 0.0453125 0.046875
0 0.68359375 0.33125 0.0421875 0.0421875
0 0.68359375 0.29140625 0.0421875 0.040625
0 0.640625 0.35 0.0421875 0.04375
0 0.634375 0.31171875 0.046875 0.0453125
0 0.63359375 0.27890625 0.046875 0.0453125
0 0.59453125 0.29453125 0.0421875 0.04375
0 0.60390625 0.33984375 0.0421875 0.04375
0 0.6046875 0.25625 0.0421875 0.04375
0 0.5625 0.2515625 0.0421875 0.04375
0 0.5296875 0.26484375 0.0421875 0.0421875
0 0.56015625 0.30078125 0.04375 0.04375
0 0.50234375 0.28984375 0.0453125 0.0453125
0 0.53828125 0.371875 0.04375 0.04375
0 0.428125 0.2828125 0.04375 0.04375
0 0.53359375 0.409375 0.0421875 0.04375
0 0.57421875 0.42109375 0.0421875 0.0421875
0 0.446875 0.31484375 0.04375 0.04375
0 0.4921875 0.32734375 0.04375 0.04375
0 0.46875 0.2828125 0.0421875 0.04375
0 0.58046875 0.36796875 0.0421875 0.04375
0 0.534375 0.3265625 0.04375 0.04375
0 0.5015625 0.38984375 0.0421875 0.04375
0 0.45703125 0.35703125 0.0421875 0.04375
0 0.4265625 0.34375 0.0453125 0.0453125
0 0.39453125 0.3640625 0.04375 0.0421875
0 0.43359375 0.38359375 0.04375 0.0421875
0 0.3875 0.45078125 0.04375 0.04375
0 0.3953125 0.4125 0.04375 0.04375
0 0.42578125 0.43984375 0.040625 0.0421875
0 0.46484375 0.42421875 0.0421875 0.040625
0 0.421875 0.478125 0.04375 0.04375
0 0.45625 0.4953125 0.04375 0.04375
0 0.4546875 0.459375 0.04375 0.04375
0 0.3625 0.51640625 0.04375 0.04375
0 0.3890625 0.49453125 0.0421875 0.0421875
0 0.3578125 0.46796875 0.04375 0.0421875
0 0.42578125 0.5125 0.04375 0.04375
0 0.40703125 0.54375 0.04375 0.04375
0 0.4671875 0.5328125 0.04375 0.0421875
0 0.5234375 0.496875 0.0421875 0.0421875
0 0.4921875 0.5078125 0.040625 0.0421875
0 0.48828125 0.471875 0.0421875 0.04375
0 0.509375 0.44296875 0.04375 0.04375
0 0.5421875 0.4671875 0.0421875 0.0421875
0 0.61171875 0.43203125 0.040625 0.0421875
0 0.84609375 0.46015625 0.0453125 0.04375
0 0.76328125 0.4578125 0.0453125 0.0453125
0 0.64453125 0.4140625 0.040625 0.040625
0 0.684375 0.4328125 0.04375 0.0421875
0 0.65078125 0.45625 0.0421875 0.04375
0 0.61953125 0.484375 0.040625 0.040625
0 0.5765625 0.46171875 0.04375 0.04375
0 0.6 0.5125 0.0421875 0.04375
0 0.56015625 0.5015625 0.04375 0.04375
0 0.5609375 0.58828125 0.0421875 0.04375
0 0.5953125 0.575 0.0421875 0.0421875
0 0.50703125 0.5484375 0.04375 0.04375
0 0.540625 0.54140625 0.04375 0.0421875
0 0.62109375 0.54765625 0.04375 0.04375
0 0.6609375 0.5546875 0.0421875 0.04375
0 0.63828125 0.51484375 0.0453125 0.0453125
0 0.67578125 0.5140625 0.04375 0.0421875
0 0.80859375 0.4984375 0.04375 0.04375
0 0.73984375 0.53203125 0.04375 0.0421875
0 0.75 0.49140625 0.04375 0.04375
0 0.7890625 0.5890625 0.04375 0.04375
0 0.81484375 0.5625 0.04375 0.0421875
0 0.8359375 0.5953125 0.04375 0.04375
0 0.84609375 0.69765625 0.04375 0.04375
0 0.8703125 0.66640625 0.0453125 0.046875
0 0.82421875 0.63125 0.04375 0.04375
0 0.7984375 0.66328125 0.0453125 0.0453125
0 0.73671875 0.646875 0.04375 0.04375
0 0.7078125 0.6171875 0.04375 0.04375
0 0.72578125 0.5796875 0.04375 0.0421875
0 0.66484375 0.61171875 0.0484375 0.0625
0 0.8953125 0.59140625 0.0453125 0.0453125
0 0.6140625 0.6078125 0.04375 0.0421875
0 0.64609375 0.65859375 0.0421875 0.0421875
0 0.578125 0.53984375 0.0421875 0.04375
0 0.69296875 0.665625 0.04375 0.04375
0 0.475 0.6171875 0.0453125 0.046875
0 0.746875 0.1515625 0.0453125 0.046875