0 0.525 0.203125 0.03671875 0.02734375
0 0.55546875 0.18125 0.0375 0.04140625
0 0.52890625 0.21953125 0.03828125 0.04296875
0 0.55 0.23984375 0.0421875 0.03515625
0 0.58046875 0.215625 0.0421875 0.040625
0 0.6203125 0.221875 0.034375 0.0375
0 0.60234375 0.24453125 0.03515625 0.040625
0 0.575 0.27109375 0.0359375 0.03828125
0 0.60546875 0.2921875 0.03828125 0.03671875
0 0.6375 0.26875 0.04140625 0.03984375
0 0.67109375 0.25703125 0.0375 0.0390625
0 0.68828125 0.29140625 0.0390625 0.040625
0 0.653125 0.30703125 0.0390625 0.03828125
0 0.62578125 0.3328125 0.0390625 0.03828125
0 0.646875 0.365625 0.0421875 0.0359375
0 0.61015625 0.37890625 0.03828125 0.0375
0 0.64609375 0.40234375 0.03671875 0.03515625
0 0.5875 0.33515625 0.03671875 0.0390625
0 0.5515625 0.33828125 0.03984375 0.0390625
0 0.54921875 0.3 0.03828125 0.0375
0 0.5171875 0.27265625 0.0453125 0.03671875
0 0.47734375 0.2546875 0.040625 0.03828125
0 0.45390625 0.2265625 0.0390625 0.0390625
0 0.4140625 0.24140625 0.0390625 0.03828125
0 0.440625 0.2671875 0.03828125 0.03828125
0 0.45234375 0.303125 0.03828125 0.0421875
0 0.48984375 0.290625 0.03984375 0.03984375
0 0.51640625 0.31875 0.0375 0.040625
0 0.48515625 0.33828125 0.0375 0.03828125
0 0.51796875 0.35546875 0.0375 0.0359375
0 0.57109375 0.3671875 0.03984375 0.03828125
0 0.3546875 0.22578125 0.03828125 0.0375
0 0.36953125 0.26171875 0.0375 0.0359375
0 0.40390625 0.27734375 0.03984375 0.03828125
0 0.41640625 0.3140625 0.03984375 0.04140625
0 0.4484375 0.340625 0.03671875 0.040625
0 0.33125 0.2609375 0.0390625 0.03671875
0 0.3359375 0.2984375 0.0390625 0.0359375
0 0.3734375 0.30078125 0.0390625 0.0390625
0 0.290625 0.296875 0.0359375 0.03671875
0 0.3046875 0.3328125 0.04140625 0.03671875
0 0.3484375 0.334375 0.0375 0.03828125
0 0.3859375 0.33515625 0.03984375 0.0375
0 0.41484375 0.35546875 0.0390625 0.03984375
0 0.33359375 0.36953125 0.03984375 0.04140625
0 0.29609375 0.36953125 0.03828125 0.03984375
0 0.2796875 0.403125 0.03984375 0.0375
0 0.31796875 0.403125 0.03984375 0.0375
0 0.35546875 0.4015625 0.03984375 0.03984375
0 0.384375 0.37734375 0.04140625 0.04375
0 0.43984375 0.38515625 0.0375 0.0421875
0 0.47734375 0.378125 0.0375 0.040625
0 0.50234375 0.40390625 0.03828125 0.04140625
0 0.53828125 0.3875 0.0390625 0.0421875
0 0.41875 0.415625 0.040625 0.03828125
0 0.465625 0.4203125 0.0390625 0.04140625
0 0.5734375 0.40546875 0.04140625 0.0390625
0 0.60625 0.421875 0.03984375 0.040625
0 0.63984375 0.446875 0.04140625 0.03828125
0 0.6734375 0.43046875 0.04140625 0.04296875
0 0.6671875 0.4734375 0.03984375 0.0390625
0 0.60703125 0.46171875 0.03984375 0.040625
0 0.575 0.4421875 0.0390625 0.03671875
0 0.53125 0.42734375 0.03984375 0.0390625
0 0.50703125 0.45546875 0.03984375 0.040625
0 0.27421875 0.44140625 0.03828125 0.040625
0 0.3140625 0.4390625 0.040625 0.03671875
0 0.35625 0.4390625 0.0390625 0.0390625
0 0.33359375 0.46953125 0.03828125 0.0375
0 0.29375 0.47421875 0.0421875 0.03984375
0 0.2484375 0.471875 0.04140625 0.0390625
0 0.375 0.4703125 0.04140625 0.0359375
0 0.40546875 0.45078125 0.0390625 0.04140625
0 0.44375 0.44921875 0.04140625 0.0375
0 0.47421875 0.4703125 0.0390625 0.04140625
0 0.553125 0.47109375 0.0390625 0.03671875
0 0.5203125 0.48984375 0.0375 0.03984375
0 0.48984375 0.509375 0.0375 0.03984375
0 0.43671875 0.4859375 0.0359375 0.0390625
0 0.4046875 0.503125 0.0375 0.0390625
0 0.3546875 0.50078125 0.0375 0.03828125
0 0.3171875 0.50234375 0.0390625 0.03671875
0 0.2734375 0.50625 0.0375 0.0375
0 0.25625 0.5390625 0.040625 0.0390625
0 0.29765625 0.5328125 0.0375 0.0359375
0 0.3375 0.53203125 0.0390625 0.0390625
0 0.37734375 0.52890625 0.03671875 0.0390625
0 0.4203125 0.5359375 0.03671875 0.03671875
0 0.45546875 0.52265625 0.03671875 0.0421875
0 0.5484375 0.51484375 0.0375 0.03828125
0 0.51875 0.53671875 0.03671875 0.0375
0 0.4828125 0.54609375 0.0390625 0.0390625
0 0.55390625 0.55078125 0.03828125 0.03828125
0 0.5875 0.53828125 0.03671875 0.0375
0 0.58203125 0.4953125 0.03671875 0.04140625
0 0.6203125 0.49609375 0.0375 0.0375
0 0.65546875 0.50859375 0.03515625 0.0375
0 0.62578125 0.53515625 0.03671875 0.03671875
0 0.59453125 0.57578125 0.0375 0.0375
0 0.6421875 0.59375 0.0390625 0.03828125
0 0.58515625 0.61171875 0.0390625 0.03984375
0 0.54296875 0.58671875 0.0375 0.0359375
0 0.50546875 0.5734375 0.0359375 0.0359375
0 0.45390625 0.56875 0.0375 0.03671875
0 0.4765625 0.596875 0.03671875 0.03828125
0 0.51484375 0.609375 0.03828125 0.03671875
0 0.4859375 0.634375 0.03671875 0.03671875
0 0.4453125 0.615625 0.03828125 0.0390625
0 0.42265625 0.58828125 0.0375 0.0390625
0 0.39609375 0.5625 0.0375 0.03828125
0 0.35859375 0.56328125 0.0375 0.0375
0 0.321875 0.565625 0.0375 0.0375
0 0.2828125 0.56875 0.03828125 0.03671875
0 0.24921875 0.59921875 0.04140625 0.0359375
0 0.24765625 0.6375 0.03828125 0.03671875
0 0.23828125 0.67265625 0.04140625 0.03671875
0 0.28046875 0.6671875 0.03984375 0.0375
0 0.2921875 0.6296875 0.03984375 0.03828125
0 0.31796875 0.6578125 0.0390625 0.0390625
0 0.31953125 0.603125 0.0390625 0.03828125
0 0.25078125 0.70703125 0.03828125 0.0375
0 0.2890625 0.703125 0.040625 0.0390625
0 0.32734375 0.69921875 0.03828125 0.03828125
0 0.3109375 0.73515625 0.04140625 0.0390625
0 0.284375 0.76484375 0.0421875 0.03828125
0 0.2859375 0.80234375 0.04140625 0.0375
0 0.32578125 0.7703125 0.0375 0.0390625
0 0.325 0.809375 0.0375 0.040625
0 0.3625 0.79921875 0.0375 0.03984375
0 0.3640625 0.83671875 0.0453125 0.0390625
0 0.3640625 0.7609375 0.0390625 0.040625
0 0.35 0.72578125 0.03671875 0.0359375
0 0.353125 0.671875 0.0390625 0.03828125
0 0.37578125 0.69921875 0.0375 0.03828125
0 0.38984375 0.73359375 0.03828125 0.03984375
0 0.34765625 0.63515625 0.03828125 0.0390625
0 0.38203125 0.64921875 0.03671875 0.03828125
0 0.40859375 0.6796875 0.0375 0.03984375
0 0.42109375 0.71484375 0.034375 0.03671875
0 0.4234375 0.759375 0.0390625 0.0390625
0 0.396875 0.78359375 0.0375 0.0359375
0 0.4015625 0.82109375 0.0375 0.0390625
0 0.40546875 0.85859375 0.0390625 0.040625
0 0.36171875 0.6 0.03828125 0.0390625
0 0.39609375 0.6140625 0.0359375 0.040625
0 0.41953125 0.64453125 0.0375 0.040625
0 0.45390625 0.6515625 0.0359375 0.03828125
0 0.446875 0.68828125 0.03828125 0.03671875
0 0.55 0.62109375 0.03515625 0.0375
0 0.52109375 0.64609375 0.0359375 0.03671875
0 0.48671875 0.671875 0.04140625 0.03828125
0 0.521875 0.68359375 0.0375 0.03828125
0 0.48046875 0.7078125 0.03828125 0.03515625
0 0.453125 0.7328125 0.0390625 0.040625
0 0.4921875 0.74296875 0.040625 0.0390625
0 0.4625 0.7703125 0.03984375 0.0390625
0 0.4375 0.79765625 0.03828125 0.0375
0 0.478125 0.81171875 0.040625 0.03984375
0 0.4984375 0.78046875 0.03671875 0.0390625
0 0.43671875 0.83359375 0.03828125 0.0375
0 0.47265625 0.8484375 0.0390625 0.0390625
0 0.44140625 0.871875 0.034375 0.03671875
0 0.47578125 0.8859375 0.03828125 0.03671875
0 0.51796875 0.88671875 0.0375 0.03984375
0 0.509375 0.84765625 0.0359375 0.0390625
0 0.5203125 0.8109375 0.0390625 0.0375
0 0.55 0.78984375 0.03515625 0.0359375
0 0.5296875 0.759375 0.0359375 0.03671875
0 0.52265625 0.721875 0.0390625 0.0359375
0 0.55625 0.659375 0.03671875 0.04140625
0 0.55703125 0.69765625 0.04140625 0.040625
0 0.56484375 0.73359375 0.040625 0.03984375
0 0.58125 0.76953125 0.04140625 0.0390625
0 0.61875 0.77734375 0.040625 0.040625
0 0.60625 0.73984375 0.040625 0.0421875
0 0.64453125 0.7484375 0.040625 0.0453125
0 0.6734375 0.7203125 0.040625 0.04765625
0 0.63515625 0.70859375 0.04140625 0.03828125
0 0.596875 0.7015625 0.04296875 0.040625
0 0.63125 0.67109375 0.04375 0.0375
0 0.5984375 0.6515625 0.0375 0.03828125