0 0.221875 0.67421875 0.0203125 0.01875
0 0.2390625 0.66953125 0.0203125 0.01875
0 0.20625 0.621875 0.01875 0.01875
0 0.20234375 0.59375 0.01875 0.0203125
0 0.24296875 0.60859375 0.01875 0.01875
0 0.24609375 0.59375 0.01875 0.01875
0 0.23125 0.5828125 0.0203125 0.021875
0 0.2453125 0.56953125 0.0203125 0.0203125
0 0.225 0.559375 0.01875 0.01875
0 0.2078125 0.54765625 0.01875 0.01875
0 0.221875 0.54140625 0.01875 0.01875
0 0.2140625 0.52734375 0.021875 0.01875
0 0.2015625 0.51484375 0.01875 0.0203125
0 0.215625 0.5015625 0.0203125 0.01875
0 0.21171875 0.4796875 0.021875 0.0203125
0 0.2375 0.50390625 0.01875 0.01875
0 0.24140625 0.53046875 0.01875 0.01875
0 0.25703125 0.5359375 0.01875 0.01875
0 0.27734375 0.5703125 0.01875 0.0203125
0 0.303125 0.54453125 0.021875 0.021875
0 0.31953125 0.37109375 0.021875 0.021875
0 0.3734375 0.37421875 0.01875 0.01875
0 0.3859375 0.3609375 0.01875 0.01875
0 0.38828125 0.384375 0.01875 0.01875
0 0.40078125 0.37265625 0.01875 0.01875
0 0.396875 0.33046875 0.01875 0.01875
0 0.3953125 0.31484375 0.01875 0.01875
0 0.4 0.34140625 0.01875 0.01875
0 0.378125 0.309375 0.01875 0.01875
0 0.40546875 0.3 0.01875 0.01875
0 0.41015625 0.2859375 0.0203125 0.01875
0 0.41171875 0.26953125 0.01875 0.01875
0 0.42734375 0.278125 0.01875 0.0203125
0 0.41875 0.30546875 0.01875 0.01875
0 0.409375 0.31796875 0.01875 0.01875
0 0.42421875 0.32265625 0.01875 0.01875
0 0.4390625 0.3203125 0.01875 0.01875
0 0.44453125 0.33828125 0.015625 0.015625
0 0.4515625 0.32578125 0.01875 0.01875
0 0.43203125 0.3359375 0.015625 0.0171875
0 0.43515625 0.371875 0.0171875 0.01875
0 0.4484375 0.3640625 0.01875 0.015625
0 0.4484375 0.35078125 0.01875 0.015625
0 0.4625 0.34765625 0.01875 0.01875
0 0.45859375 0.37421875 0.0203125 0.0171875
0 0.4484375 0.3921875 0.01875 0.0171875
0 0.43125 0.4015625 0.01875 0.01875
0 0.41484375 0.42109375 0.0171875 0.01875
0 0.41171875 0.40703125 0.0171875 0.01875
0 0.396875 0.41484375 0.01875 0.01875
0 0.3859375 0.43828125 0.01875 0.01875
0 0.4015625 0.44140625 0.0171875 0.01875
0 0.378125 0.45625 0.01875 0.01875
0 0.40234375 0.4546875 0.015625 0.0171875
0 0.415625 0.4578125 0.01875 0.01875
0 0.38984375 0.46484375 0.0171875 0.01875
0 0.42578125 0.43828125 0.0171875 0.01875
0 0.4 0.49609375 0.01875 0.01875
0 0.41171875 0.48671875 0.01875 0.01875
0 0.42421875 0.47578125 0.01875 0.01875
0 0.39296875 0.50859375 0.01875 0.01875
0 0.37734375 0.53125 0.01875 0.01875
0 0.37578125 0.5171875 0.01875 0.0171875
0 0.3828125 0.553125 0.01875 0.0203125
0 0.39765625 0.55546875 0.01875 0.01875
0 0.36953125 0.6078125 0.01875 0.01875
0 0.384375 0.5984375 0.01875 0.01875
0 0.3984375 0.59296875 0.01875 0.01875
0 0.41328125 0.5890625 0.01875 0.01875
0 0.38203125 0.61796875 0.01875 0.01875
0 0.39921875 0.61875 0.01875 0.0203125
0 0.3859375 0.6375 0.01875 0.0203125
0 0.36875 0.6296875 0.01875 0.01875
0 0.3515625 0.63203125 0.01875 0.0203125
0 0.4234375 0.684375 0.01875 0.0203125
0 0.41015625 0.66875 0.01875 0.0203125
0 0.44296875 0.678125 0.01875 0.0203125
0 0.44140625 0.73359375 0.01875 0.0203125
0 0.45 0.7234375 0.0171875 0.01875
0 0.48359375 0.64453125 0.01875 0.01875
0 0.4625 0.634375 0.01875 0.01875
0 0.45546875 0.621875 0.01875 0.01875
0 0.46328125 0.609375 0.0171875 0.01875
0 0.4734375 0.61953125 0.0171875 0.01875
0 0.47578125 0.60390625 0.0171875 0.0171875
0 0.4875 0.61328125 0.0171875 0.01875
0 0.4890625 0.596875 0.01875 0.01875
0 0.4703125 0.590625 0.015625 0.01875
0 0.48203125 0.58359375 0.01875 0.0171875
0 0.475 0.57109375 0.01875 0.0171875
0 0.459375 0.58125 0.015625 0.01875
0 0.43984375 0.59296875 0.0171875 0.01875
0 0.44921875 0.56875 0.0140625 0.0125
0 0.45 0.54921875 0.01875 0.0171875
0 0.446875 0.57734375 0.01875 0.0171875
0 0.425 0.6 0.01875 0.01875
0 0.43359375 0.571875 0.0171875 0.01875
0 0.4671875 0.5578125 0.0171875 0.01875
0 0.4890625 0.54765625 0.0171875 0.015625
0 0.46484375 0.5359375 0.01875 0.01875
0 0.47265625 0.51640625 0.01875 0.01875
0 0.45390625 0.503125 0.01875 0.01875
0 0.45546875 0.4796875 0.01875 0.01875
0 0.47265625 0.47890625 0.01875 0.0203125
0 0.4875 0.4625 0.01875 0.01875
0 0.49765625 0.45078125 0.01875 0.01875
0 0.5046875 0.428125 0.0203125 0.021875
0 0.51328125 0.5015625 0.0203125 0.0203125
0 0.534375 0.37734375 0.01875 0.0203125
0 0.5734375 0.41328125 0.01875 0.0203125
0 0.58671875 0.43203125 0.015625 0.0171875
0 0.60078125 0.44609375 0.01875 0.0171875
0 0.6125 0.4328125 0.0140625 0.0171875
0 0.60078125 0.43046875 0.0171875 0.01875
0 0.6125 0.453125 0.0171875 0.01875
0 0.61796875 0.471875 0.01875 0.0203125
0 0.615625 0.39296875 0.01875 0.01875
0 0.62421875 0.50625 0.01875 0.01875
0 0.6421875 0.50859375 0.01875 0.0171875
0 0.6515625 0.5453125 0.01875 0.01875
0 0.659375 0.525 0.01875 0.01875
0 0.6609375 0.56015625 0.01875 0.01875
0 0.63359375 0.58046875 0.01875 0.01875
0 0.6734375 0.6015625 0.01875 0.0203125
0 0.67734375 0.58359375 0.01875 0.01875
0 0.5515625 0.51328125 0.0203125 0.021875
0 0.4625 0.40234375 0.01875 0.01875
0 0.4859375 0.31015625 0.01875 0.01875
0 0.47578125 0.265625 0.01875 0.0203125
0 0.57265625 0.3296875 0.01875 0.01875
0 0.596875 0.36640625 0.01875 0.0203125
0 0.59296875 0.34296875 0.01875 0.01875
0 0.609375 0.34921875 0.01875 0.01875
0 0.60859375 0.32734375 0.01875 0.01875
0 0.625 0.37578125 0.01875 0.01875
0 0.4984375 0.665625 0.01875 0.01875
0 0.4984375 0.634375 0.01875 0.01875
0 0.51328125 0.646875 0.01875 0.01875
0 0.4859375 0.696875 0.021875 0.01875
0 0.48671875 0.68125 0.01875 0.01875
0 0.515625 0.66875 0.01875 0.0203125
0 0.5015625 0.71328125 0.01875 0.01875
0 0.5765625 0.6984375 0.01875 0.0203125
0 0.6078125 0.68046875 0.0203125 0.01875