0 0.509375 0.540625 0.0140625 0.01484375
0 0.5125 0.5234375 0.01328125 0.0140625
0 0.53046875 0.52265625 0.0140625 0.0140625
0 0.521875 0.4953125 0.01171875 0.01015625
0 0.51875 0.51171875 0.0140625 0.01328125
0 0.52734375 0.503125 0.01328125 0.01328125
0 0.53984375 0.5 0.01484375 0.01484375
0 0.53203125 0.48671875 0.01328125 0.01328125
0 0.54609375 0.48515625 0.01328125 0.01484375
0 0.52421875 0.475 0.015625 0.01484375
0 0.553125 0.4734375 0.01328125 0.0140625
0 0.55234375 0.459375 0.015625 0.01484375
0 0.53828125 0.4578125 0.01484375 0.0140625
0 0.490625 0.5609375 0.01484375 0.015625
0 0.509375 0.56875 0.01484375 0.01484375
0 0.3796875 0.43671875 0.015625 0.0203125
0 0.3359375 0.478125 0.0140625 0.0171875
0 0.3515625 0.50625 0.0171875 0.015625
0 0.3671875 0.4984375 0.015625 0.01875
0 0.4953125 0.5734375 0.01640625 0.01640625
0 0.46640625 0.56015625 0.015625 0.015625
0 0.48046875 0.5765625 0.01640625 0.01640625
0 0.52734375 0.59765625 0.015625 0.0171875
0 0.546875 0.59375 0.0171875 0.01640625
0 0.51171875 0.60546875 0.015625 0.01640625
0 0.4875 0.60703125 0.0171875 0.01640625
0 0.36796875 0.58125 0.0171875 0.01875
0 0.39140625 0.6015625 0.015625 0.01796875
0 0.4296875 0.596875 0.0171875 0.01640625
0 0.446875 0.62109375 0.01484375 0.01875
0 0.478125 0.61875 0.015625 0.01796875
0 0.4921875 0.62734375 0.0171875 0.0171875
0 0.51953125 0.58125 0.0171875 0.015625
0 0.45546875 0.55 0.0171875 0.01796875
0 0.52265625 0.56640625 0.0140625 0.01484375
0 0.53984375 0.5734375 0.01484375 0.0140625
0 0.49375 0.5453125 0.01484375 0.015625
0 0.478125 0.5484375 0.01484375 0.015625
0 0.55546875 0.56328125 0.0140625 0.0140625
0 0.46875 0.5375 0.0140625 0.015625
0 0.5203125 0.5515625 0.0140625 0.0140625
0 0.57734375 0.54921875 0.01484375 0.01484375
0 0.44296875 0.51796875 0.0140625 0.015625
0 0.50625 0.55390625 0.01484375 0.015625
0 0.5421875 0.5328125 0.015625 0.0140625
0 0.53359375 0.54609375 0.0140625 0.01484375
0 0.46171875 0.50859375 0.0140625 0.015625
0 0.553125 0.54921875 0.01484375 0.01484375
0 0.56171875 0.53828125 0.0140625 0.01484375
0 0.571875 0.52265625 0.0140625 0.01484375
0 0.503125 0.51484375 0.01484375 0.015625
0 0.4703125 0.4828125 0.01484375 0.015625
0 0.52421875 0.5359375 0.01484375 0.01484375
0 0.42421875 0.4859375 0.0140625 0.0140625
0 0.484375 0.534375 0.015625 0.01640625
0 0.56640625 0.50703125 0.0140625 0.01484375
0 0.48828125 0.5203125 0.01484375 0.01640625
0 0.4734375 0.51953125 0.0140625 0.01484375
0 0.57421875 0.4953125 0.015625 0.01484375
0 0.5 0.490625 0.01484375 0.01484375
0 0.50859375 0.5015625 0.01484375 0.0140625
0 0.48125 0.45234375 0.01484375 0.015625
0 0.48359375 0.49140625 0.01484375 0.01484375
0 0.553125 0.52578125 0.0140625 0.01484375
0 0.47578125 0.50546875 0.01484375 0.01484375
0 0.490625 0.50625 0.01484375 0.01484375
0 0.55390625 0.49921875 0.01484375 0.01484375
0 0.48203125 0.4171875 0.0140625 0.01640625
0 0.44375 0.475 0.01484375 0.015625
0 0.4453125 0.45859375 0.01484375 0.015625
0 0.490625 0.478125 0.01484375 0.01484375
0 0.50625 0.47421875 0.01484375 0.01484375
0 0.57890625 0.440625 0.01484375 0.015625
0 0.5140625 0.48671875 0.0140625 0.0140625
0 0.490625 0.43359375 0.0140625 0.01484375
0 0.56640625 0.46640625 0.01484375 0.015625
0 0.5921875 0.4546875 0.01484375 0.015625
0 0.4953125 0.4625 0.01484375 0.01484375
0 0.478125 0.4671875 0.015625 0.015625
0 0.58125 0.47265625 0.01484375 0.015625
0 0.54140625 0.5140625 0.0140625 0.015625
0 0.5265625 0.45234375 0.015625 0.01640625
0 0.5578125 0.421875 0.0140625 0.01484375
0 0.565625 0.4078125 0.01484375 0.0140625
0 0.5 0.52890625 0.01484375 0.015625
0 0.53984375 0.471875 0.015625 0.015625
0 0.5078125 0.45 0.015625 0.015625
0 0.57890625 0.45703125 0.015625 0.015625
0 0.565625 0.4515625 0.01484375 0.015625
0 0.584375 0.4875 0.0140625 0.015625
0 0.53203125 0.440625 0.015625 0.015625
0 0.5609375 0.43828125 0.01484375 0.015625
0 0.546875 0.4453125 0.015625 0.01640625
0 0.5171875 0.46328125 0.0171875 0.01640625
0 0.51640625 0.4390625 0.015625 0.015625
0 0.56875 0.48125 0.0140625 0.0140625
0 0.54375 0.43203125 0.01484375 0.01484375
0 0.53203125 0.42421875 0.01484375 0.015625
0 0.540625 0.559375 0.0140625 0.0140625