0 0.28984375 0.440625 0.034375 0.03515625
0 0.296875 0.4859375 0.0328125 0.03515625
0 0.3265625 0.50390625 0.0328125 0.0328125
0 0.3578125 0.5109375 0.03359375 0.03359375
0 0.38359375 0.490625 0.03046875 0.0328125
0 0.41640625 0.490625 0.034375 0.03359375
0 0.4609375 0.49375 0.034375 0.03203125
0 0.49375 0.50234375 0.034375 0.03359375
0 0.5265625 0.5171875 0.03515625 0.03359375
0 0.446875 0.52421875 0.03125 0.03359375
0 0.3890625 0.57421875 0.0328125 0.034375
0 0.4921875 0.5734375 0.0359375 0.03828125
0 0.5296875 0.6203125 0.03203125 0.03515625
0 0.68359375 0.54453125 0.0328125 0.034375
0 0.72265625 0.55859375 0.03359375 0.0359375
0 0.66171875 0.58125 0.03515625 0.03515625
0 0.73671875 0.62109375 0.034375 0.034375
0 0.71796875 0.6640625 0.03515625 0.03671875
0 0.6484375 0.78125 0.0359375 0.0375
0 0.68125 0.77109375 0.03125 0.03828125
0 0.61484375 0.75703125 0.034375 0.0375
0 0.609375 0.80390625 0.03359375 0.040625
0 0.56328125 0.74765625 0.0328125 0.0390625
0 0.49375 0.725 0.0359375 0.03515625
0 0.41015625 0.63203125 0.03671875 0.03828125
0 0.31640625 0.6265625 0.03671875 0.0359375
0 0.10078125 0.47109375 0.0359375 0.03671875
0 0.2078125 0.496875 0.0359375 0.03671875
0 0.17890625 0.5703125 0.0375 0.03828125
0 0.2421875 0.6203125 0.034375 0.03828125
0 0.29765625 0.68046875 0.0328125 0.0390625
0 0.31875 0.746875 0.03515625 0.040625
0 0.33828125 0.79375 0.0359375 0.0375
0 0.384375 0.81953125 0.03359375 0.0375
0 0.41484375 0.76796875 0.034375 0.0359375
0 0.45546875 0.8546875 0.03515625 0.03671875
0 0.5703125 0.8796875 0.0359375 0.03515625
0 0.58046875 0.9140625 0.034375 0.03515625