0 0.13203125 0.52890625 0.034375 0.0390625
0 0.16484375 0.53671875 0.034375 0.0359375
0 0.146875 0.47109375 0.034375 0.0375
0 0.1265625 0.440625 0.034375 0.0390625
0 0.1140625 0.46484375 0.034375 0.0375
0 0.11796875 0.49765625 0.034375 0.0375
0 0.18828125 0.53359375 0.034375 0.0375
0 0.1140625 0.41015625 0.034375 0.0375
0 0.18359375 0.58984375 0.034375 0.0375
0 0.26796875 0.60625 0.034375 0.0375
0 0.1921875 0.4296875 0.034375 0.0375
0 0.153125 0.5046875 0.034375 0.0375
0 0.16875 0.378125 0.034375 0.0375
0 0.1625 0.421875 0.034375 0.0375
0 0.2421875 0.62109375 0.034375 0.0375
0 0.18046875 0.4984375 0.034375 0.0375
0 0.13359375 0.38671875 0.034375 0.0390625
0 0.26953125 0.6421875 0.034375 0.0390625
0 0.1421875 0.5609375 0.0359375 0.0375
0 0.38984375 0.471875 0.0375 0.040625
0 0.41171875 0.5390625 0.0375 0.040625
0 0.1828125 0.4609375 0.034375 0.0375
0 0.22578125 0.5328125 0.034375 0.0375
0 0.20625 0.5078125 0.0359375 0.0390625
0 0.228125 0.4890625 0.034375 0.0375
0 0.28125 0.51171875 0.0359375 0.040625
0 0.3671875 0.61328125 0.0375 0.040625
0 0.34765625 0.446875 0.0375 0.040625
0 0.29921875 0.621875 0.034375 0.0390625
0 0.35 0.51796875 0.0375 0.040625
0 0.40859375 0.64609375 0.0375 0.040625
0 0.271875 0.5765625 0.034375 0.0375
0 0.2265625 0.5625 0.0375 0.0390625
0 0.25390625 0.490625 0.0359375 0.0390625
0 0.36796875 0.58046875 0.0375 0.040625
0 0.26875 0.46328125 0.034375 0.0390625
0 0.3796875 0.64609375 0.0375 0.040625
0 0.43125 0.6265625 0.0375 0.040625
0 0.35390625 0.48125 0.0375 0.040625
0 0.37734375 0.4390625 0.040625 0.040625
0 0.4015625 0.60859375 0.0375 0.040625
0 0.20078125 0.56640625 0.03125 0.0328125
0 0.11875 0.34765625 0.034375 0.0375
0 0.35 0.55 0.0375 0.040625
0 0.31640625 0.36015625 0.0375 0.040625
0 0.22578125 0.59296875 0.034375 0.0390625
0 0.1953125 0.3703125 0.034375 0.0390625
0 0.4359375 0.6640625 0.0390625 0.0421875
0 0.26875 0.4203125 0.034375 0.0375
0 0.325 0.4109375 0.0375 0.040625
0 0.38359375 0.546875 0.0375 0.040625
0 0.36328125 0.409375 0.0390625 0.0421875
0 0.1625 0.3265625 0.0375 0.0375
0 0.30546875 0.53828125 0.0359375 0.040625
0 0.2796875 0.33359375 0.0359375 0.040625
0 0.403125 0.57421875 0.0390625 0.040625
0 0.2609375 0.35703125 0.034375 0.0390625
0 0.2171875 0.4296875 0.0328125 0.0359375
0 0.334375 0.6203125 0.0359375 0.0390625
0 0.146875 0.353125 0.0359375 0.0390625
0 0.34140625 0.38125 0.0375 0.040625
0 0.38984375 0.71171875 0.0390625 0.0421875
0 0.40625 0.503125 0.0390625 0.040625
0 0.23984375 0.45546875 0.034375 0.0390625
0 0.29140625 0.48203125 0.0375 0.040625
0 0.24296875 0.33046875 0.034375 0.0375
0 0.28671875 0.44375 0.0359375 0.0390625
0 0.08359375 0.30390625 0.0328125 0.0359375
0 0.31484375 0.5953125 0.034375 0.0375
0 0.390625 0.67734375 0.0390625 0.0421875
0 0.37265625 0.7390625 0.0375 0.040625
0 0.25 0.38671875 0.0359375 0.0390625
0 0.47109375 0.57734375 0.040625 0.0421875
0 0.27890625 0.38125 0.0375 0.040625
0 0.21015625 0.340625 0.0359375 0.0375
0 0.3171875 0.4421875 0.0375 0.040625
0 0.34921875 0.7078125 0.0375 0.040625
0 0.375 0.50234375 0.040625 0.0421875
0 0.11640625 0.28125 0.0328125 0.0359375
0 0.2109375 0.46015625 0.034375 0.0375
0 0.2171875 0.30859375 0.0359375 0.0390625
0 0.46015625 0.64140625 0.0375 0.040625
0 0.32421875 0.565625 0.034375 0.0390625
0 0.25234375 0.5234375 0.034375 0.0390625
0 0.16796875 0.29453125 0.0359375 0.0375
0 0.33203125 0.67109375 0.0359375 0.040625
0 0.33984375 0.73671875 0.0359375 0.040625
0 0.45625 0.6078125 0.0390625 0.040625
0 0.29765625 0.56953125 0.034375 0.0375
0 0.34140625 0.59140625 0.034375 0.0390625
0 0.45859375 0.7203125 0.0375 0.040625
0 0.4015625 0.746875 0.0375 0.040625
0 0.2953125 0.41015625 0.0359375 0.040625
0 0.428125 0.765625 0.0375 0.040625
0 0.3078125 0.328125 0.0375 0.0390625
0 0.378125 0.77109375 0.0390625 0.04375
0 0.32421875 0.50625 0.0390625 0.040625
0 0.509375 0.70390625 0.0421875 0.04375
0 0.4359375 0.58046875 0.0390625 0.040625
0 0.2453125 0.6640625 0.0375 0.040625
0 0.24140625 0.4234375 0.034375 0.0390625
0 0.42890625 0.69609375 0.0390625 0.0421875
0 0.3515625 0.65 0.0375 0.040625
0 0.425 0.72890625 0.0375 0.040625
0 0.1421875 0.25703125 0.0375 0.0375
0 0.30859375 0.6875 0.0359375 0.040625
0 0.49296875 0.66875 0.0421875 0.0421875
0 0.27578125 0.54453125 0.034375 0.0390625
0 0.48671875 0.725 0.0390625 0.04375
0 0.2515625 0.30078125 0.0375 0.040625
0 0.12734375 0.23125 0.034375 0.0375
0 0.0640625 0.32578125 0.0328125 0.0390625
0 0.4859375 0.6234375 0.040625 0.04375
0 0.25390625 0.55390625 0.034375 0.0390625
0 0.15390625 0.22734375 0.034375 0.0390625
0 0.45625 0.7546875 0.0375 0.040625
0 0.196875 0.27578125 0.0375 0.0375
0 0.49140625 0.7578125 0.040625 0.0421875
0 0.4484375 0.5515625 0.040625 0.040625
0 0.40625 0.79140625 0.0390625 0.04375
0 0.259375 0.26953125 0.0375 0.040625
0 0.0953125 0.521875 0.034375 0.0390625
0 0.084375 0.428125 0.03125 0.0359375
0 0.440625 0.80859375 0.0390625 0.04375
0 0.09375 0.23125 0.0328125 0.0359375
0 0.225 0.3984375 0.0359375 0.040625
0 0.32734375 0.47265625 0.0375 0.040625
0 0.46796875 0.690625 0.0453125 0.046875
0 0.3609375 0.67890625 0.034375 0.0390625
0 0.51875 0.78828125 0.040625 0.04375
0 0.49375 0.8078125 0.0390625 0.0421875
0 0.4640625 0.7875 0.0421875 0.04375
0 0.2203125 0.36875 0.0375 0.040625
0 0.27421875 0.23828125 0.0375 0.040625
0 0.55078125 0.77421875 0.0421875 0.04375
0 0.2 0.68359375 0.0375 0.0375
0 0.1296875 0.175 0.0359375 0.04375
0 0.4875 0.85078125 0.0390625 0.04375
0 0.0578125 0.5921875 0.03125 0.0328125
0 0.01796875 0.19765625 0.034375 0.0390625
0 0.9625 0.57265625 0.0515625 0.0515625
0 0.9578125 0.5296875 0.053125 0.05