0 0.09609375 0.56328125 0.0203125 0.0234375
0 0.1140625 0.56640625 0.0203125 0.0234375
0 0.10546875 0.5453125 0.0203125 0.0234375
0 0.0953125 0.525 0.021875 0.0265625
0 0.115625 0.53046875 0.021875 0.0265625
0 0.09140625 0.46484375 0.0234375 0.0265625
0 0.0984375 0.3234375 0.0234375 0.025
0 0.18828125 0.27421875 0.0203125 0.0234375
0 0.19921875 0.37109375 0.025 0.0234375
0 0.20625 0.3953125 0.0203125 0.0265625
0 0.19609375 0.4484375 0.0203125 0.0234375
0 0.20234375 0.428125 0.0203125 0.0234375
0 0.22109375 0.415625 0.025 0.0265625
0 0.21875 0.4375 0.0234375 0.0234375
0 0.21484375 0.46015625 0.025 0.0234375
0 0.196875 0.471875 0.021875 0.0234375
0 0.25625 0.190625 0.025 0.0265625
0 0.21640625 0.23359375 0.0265625 0.0265625
0 0.2109375 0.265625 0.021875 0.0265625
0 0.2171875 0.28984375 0.021875 0.0234375
0 0.246875 0.359375 0.0203125 0.0234375
0 0.22890625 0.36796875 0.021875 0.025
0 0.240625 0.3359375 0.021875 0.0234375
0 0.2875 0.3015625 0.025 0.0296875
0 0.26171875 0.3203125 0.0234375 0.0234375
0 0.26171875 0.34375 0.021875 0.025
0 0.27421875 0.3640625 0.0203125 0.0234375
0 0.25078125 0.38125 0.0234375 0.0265625
0 0.271875 0.3875 0.028125 0.028125
0 0.3078125 0.38046875 0.025 0.0265625
0 0.2859375 0.4140625 0.021875 0.025
0 0.30546875 0.40546875 0.028125 0.028125
0 0.29765625 0.4375 0.0234375 0.025
0 0.3109375 0.46015625 0.0234375 0.025
0 0.25234375 0.45 0.028125 0.028125
0 0.27578125 0.459375 0.0234375 0.0234375
0 0.26015625 0.47734375 0.0234375 0.0265625
0 0.28203125 0.4828125 0.0234375 0.0234375
0 0.2421875 0.50390625 0.025 0.0265625
0 0.259375 0.5125 0.021875 0.028125
0 0.284375 0.50546875 0.0203125 0.0234375
0 0.27578125 0.52734375 0.025 0.0265625
0 0.2078125 0.52421875 0.0234375 0.025
0 0.21953125 0.54296875 0.021875 0.0234375
0 0.23359375 0.53203125 0.025 0.0265625
0 0.23828125 0.553125 0.025 0.0265625
0 0.228125 0.57109375 0.021875 0.0265625
0 0.24609375 0.578125 0.0203125 0.0234375
0 0.26484375 0.58125 0.021875 0.0265625
0 0.2828125 0.565625 0.025 0.028125
0 0.2953125 0.6109375 0.025 0.0265625
0 0.33828125 0.5890625 0.028125 0.03125
0 0.30234375 0.55703125 0.0265625 0.0265625
0 0.30390625 0.48359375 0.021875 0.0234375
0 0.303125 0.509375 0.025 0.0265625
0 0.29765625 0.53359375 0.0234375 0.0234375
0 0.3234375 0.49375 0.025 0.0265625
0 0.33515625 0.471875 0.021875 0.0265625
0 0.34375 0.4953125 0.025 0.0265625
0 0.340625 0.446875 0.025 0.025
0 0.36328125 0.41875 0.0265625 0.0296875
0 0.38515625 0.478125 0.0265625 0.0265625
0 0.39375 0.50859375 0.025 0.0265625
0 0.36484375 0.54375 0.0265625 0.0265625
0 0.3796875 0.56171875 0.025 0.0265625
0 0.3828125 0.59609375 0.025 0.0265625
0 0.43359375 0.53359375 0.03125 0.0296875
0 0.45703125 0.58046875 0.028125 0.03125
0 0.46640625 0.55625 0.0265625 0.0265625
0 0.5 0.5625 0.0296875 0.03125
0 0.50546875 0.5109375 0.0296875 0.03125
0 0.5 0.53671875 0.028125 0.028125
0 0.48046875 0.50546875 0.0265625 0.028125
0 0.4578125 0.49921875 0.028125 0.0296875
0 0.4453125 0.4765625 0.0265625 0.0265625
0 0.41171875 0.44921875 0.0234375 0.0265625
0 0.43359375 0.45546875 0.025 0.028125
0 0.4546875 0.4453125 0.028125 0.028125
0 0.4671875 0.46953125 0.028125 0.028125
0 0.49453125 0.4828125 0.028125 0.0296875
0 0.48359375 0.44921875 0.0265625 0.0265625
0 0.51171875 0.45859375 0.03125 0.028125
0 0.53203125 0.47421875 0.03125 0.0296875
0 0.528125 0.5 0.028125 0.03125
0 0.53828125 0.5234375 0.028125 0.03125
0 0.54375 0.55625 0.028125 0.03125
0 0.56875 0.55703125 0.028125 0.03125
0 0.5625 0.52265625 0.028125 0.034375
0 0.584375 0.5390625 0.028125 0.028125
0 0.60625 0.50625 0.0328125 0.0328125
0 0.6109375 0.53515625 0.028125 0.03125
0 0.59375 0.56484375 0.0296875 0.03125
0 0.571875 0.61484375 0.0296875 0.028125
0 0.584375 0.6421875 0.03125 0.028125
0 0.58984375 0.59765625 0.028125 0.03125
0 0.603125 0.6234375 0.03125 0.03125
0 0.6125 0.59296875 0.03125 0.028125
0 0.634375 0.5671875 0.03125 0.03125
0 0.6375 0.61171875 0.03125 0.03125
0 0.37265625 0.2984375 0.028125 0.028125
0 0.3796875 0.27421875 0.028125 0.028125
0 0.3921875 0.25 0.025 0.0296875
0 0.415625 0.25546875 0.028125 0.028125
0 0.4109375 0.28125 0.028125 0.028125
0 0.45078125 0.2765625 0.0296875 0.0296875
0 0.49296875 0.184375 0.0296875 0.0328125
0 0.54765625 0.12421875 0.03125 0.0328125
0 0.6390625 0.13984375 0.0359375 0.0359375
0 0.63359375 0.2765625 0.0328125 0.03125
0 0.615625 0.3125 0.03125 0.03125
0 0.6375 0.3265625 0.034375 0.034375
0 0.6578125 0.30234375 0.034375 0.03125
0 0.69375 0.315625 0.034375 0.0328125
0 0.74375 0.28203125 0.0375 0.034375
0 0.72578125 0.30859375 0.034375 0.034375
0 0.71875 0.3375 0.034375 0.034375
0 0.6671875 0.34765625 0.0328125 0.03125
0 0.60625 0.36796875 0.03125 0.03125
0 0.625 0.39296875 0.03125 0.03125
0 0.634375 0.45546875 0.03125 0.03125
0 0.6359375 0.4921875 0.0296875 0.03125
0 0.6375 0.5203125 0.03125 0.03125
0 0.65859375 0.540625 0.03125 0.03125
0 0.6609375 0.5703125 0.03125 0.028125
0 0.66640625 0.515625 0.03125 0.028125
0 0.665625 0.48828125 0.034375 0.0296875
0 0.66484375 0.43203125 0.0328125 0.03125
0 0.6609375 0.46015625 0.034375 0.03125
0 0.65234375 0.4078125 0.03125 0.03125
0 0.68203125 0.4 0.03125 0.03125
0 0.69375 0.42578125 0.0328125 0.03125
0 0.71328125 0.39765625 0.03125 0.03125
0 0.721875 0.42421875 0.03125 0.03125
0 0.74296875 0.39296875 0.034375 0.0328125
0 0.75078125 0.43359375 0.034375 0.034375
0 0.7109375 0.484375 0.034375 0.034375
0 0.7015625 0.51015625 0.034375 0.0328125
0 0.6859375 0.534375 0.034375 0.03125
0 0.71328125 0.5515625 0.0359375 0.034375
0 0.6875 0.565625 0.0328125 0.03125
0 0.6796875 0.596875 0.034375 0.034375
0 0.7078125 0.6265625 0.034375 0.034375
0 0.7390625 0.628125 0.034375 0.0328125
0 0.76640625 0.61875 0.034375 0.0328125
0 0.78125 0.64609375 0.0375 0.0328125
0 0.84609375 0.66015625 0.0375 0.034375
0 0.8296875 0.63515625 0.0375 0.0390625
0 0.853125 0.61171875 0.0359375 0.034375
0 0.871875 0.64296875 0.040625 0.0359375
0 0.87734375 0.58046875 0.0359375 0.034375
0 0.8296875 0.575 0.040625 0.03125
0 0.85390625 0.5515625 0.0375 0.034375
0 0.80546875 0.478125 0.0375 0.034375
0 0.8109375 0.36875 0.0359375 0.034375
0 0.8546875 0.36328125 0.0375 0.03125
0 0.88125 0.3953125 0.0375 0.0359375
0 0.903125 0.41875 0.0375 0.0359375
0 0.86796875 0.47421875 0.0359375 0.040625
0 0.903125 0.4828125 0.0375 0.034375
0 0.890625 0.5375 0.034375 0.034375
0 0.90625 0.56640625 0.040625 0.0359375