0 0.27265625 0.21953125 0.02265625 0.0265625
0 0.27109375 0.140625 0.02421875 0.02890625
0 0.2953125 0.14296875 0.025 0.028125
0 0.28984375 0.1109375 0.02421875 0.0296875
0 0.321875 0.0890625 0.02734375 0.0265625
0 0.3109375 0.121875 0.0234375 0.03203125
0 0.33515625 0.11640625 0.0265625 0.03046875
0 0.3609375 0.115625 0.02578125 0.03125
0 0.3375 0.14765625 0.02578125 0.03046875
0 0.3625 0.146875 0.02734375 0.0296875
0 0.39140625 0.140625 0.028125 0.0328125
0 0.4203125 0.15390625 0.028125 0.03359375
0 0.37734375 0.16875 0.02578125 0.028125
0 0.32421875 0.17109375 0.02265625 0.02890625
0 0.27890625 0.1671875 0.021875 0.0296875
0 0.3 0.16953125 0.02109375 0.02890625
0 0.25703125 0.17109375 0.02265625 0.02734375
0 0.26953125 0.19296875 0.02421875 0.028125
0 0.2921875 0.19609375 0.02265625 0.0296875
0 0.31328125 0.1984375 0.0234375 0.0296875
0 0.3375 0.1921875 0.025 0.03125
0 0.36171875 0.19453125 0.02578125 0.028125
0 0.3875 0.19609375 0.0265625 0.03203125
0 0.24453125 0.21015625 0.02578125 0.028125
0 0.25234375 0.23671875 0.02578125 0.0296875
0 0.246875 0.26328125 0.0265625 0.03125
0 0.28046875 0.24765625 0.0265625 0.0296875
0 0.29609375 0.225 0.02421875 0.0296875
0 0.31875 0.22734375 0.02421875 0.0296875
0 0.34296875 0.22890625 0.02578125 0.03203125
0 0.36875 0.225 0.0265625 0.03203125
0 0.38828125 0.25390625 0.02890625 0.03515625
0 0.41328125 0.24296875 0.02890625 0.034375
0 0.4703125 0.2296875 0.03359375 0.0359375
0 0.3234375 0.2546875 0.02890625 0.03125
0 0.30625 0.2828125 0.028125 0.03515625
0 0.33984375 0.28203125 0.02890625 0.0328125
0 0.359375 0.3078125 0.0296875 0.0328125
0 0.33359375 0.328125 0.02890625 0.03203125
0 0.30546875 0.353125 0.02734375 0.0328125
0 0.3359375 0.36484375 0.03046875 0.03125
0 0.38671875 0.34765625 0.03046875 0.03359375
0 0.434375 0.32734375 0.03046875 0.03359375
0 0.41796875 0.3578125 0.0296875 0.03203125
0 0.365625 0.375 0.0296875 0.028125
0 0.39453125 0.38125 0.02890625 0.03046875
0 0.3703125 0.4046875 0.03046875 0.02890625
0 0.39921875 0.4125 0.028125 0.03046875
0 0.271875 0.46875 0.0265625 0.0296875
0 0.29921875 0.44296875 0.02421875 0.02890625
0 0.30625 0.47421875 0.02421875 0.03046875
0 0.32265625 0.453125 0.025 0.02890625
0 0.34296875 0.43828125 0.02578125 0.02890625
0 0.36875 0.43515625 0.02578125 0.0296875
0 0.4265625 0.4625 0.0265625 0.0328125
0 0.4 0.45234375 0.0265625 0.02890625
0 0.35546875 0.465625 0.02421875 0.03125
0 0.32890625 0.4828125 0.0234375 0.028125
0 0.321875 0.51171875 0.0265625 0.028125
0 0.34453125 0.50234375 0.0265625 0.02890625
0 0.371875 0.4921875 0.02734375 0.0296875
0 0.40234375 0.48515625 0.02734375 0.0296875
0 0.42734375 0.509375 0.02890625 0.03203125
0 0.3890625 0.5203125 0.025 0.02890625
0 0.36171875 0.52265625 0.0265625 0.028125
0 0.3296875 0.53828125 0.0234375 0.02890625
0 0.3515625 0.5484375 0.02265625 0.0265625
0 0.3765625 0.5453125 0.0265625 0.028125
0 0.40859375 0.54453125 0.02734375 0.03046875
0 0.43671875 0.55 0.0265625 0.03203125
0 0.39140625 0.56875 0.025 0.0296875
0 0.41796875 0.57578125 0.025 0.03125
0 0.34296875 0.57578125 0.021875 0.0296875
0 0.3671875 0.56953125 0.0234375 0.02578125
0 0.31875 0.57734375 0.02421875 0.028125
0 0.33515625 0.60546875 0.02421875 0.02890625
0 0.359375 0.5984375 0.02421875 0.02890625
0 0.38359375 0.5953125 0.02578125 0.028125
0 0.40859375 0.609375 0.02578125 0.03046875
0 0.43515625 0.60078125 0.02890625 0.03125
0 0.46171875 0.62109375 0.028125 0.03203125
0 0.43828125 0.63671875 0.0265625 0.03359375
0 0.3578125 0.628125 0.025 0.02890625
0 0.384375 0.625 0.0265625 0.028125
0 0.40546875 0.64140625 0.02578125 0.0296875
0 0.35 0.65625 0.0265625 0.02734375
0 0.3734375 0.65390625 0.02578125 0.03046875
0 0.3953125 0.66875 0.02578125 0.03046875
0 0.4140625 0.69296875 0.028125 0.03125
0 0.3546875 0.684375 0.0265625 0.028125
0 0.38046875 0.69453125 0.025 0.03046875
0 0.36171875 0.71484375 0.02890625 0.0296875
0 0.3859375 0.72421875 0.028125 0.03125
0 0.3484375 0.74765625 0.0265625 0.03125
0 0.33671875 0.77421875 0.0296875 0.03046875
0 0.409375 0.740625 0.0296875 0.03203125
0 0.41171875 0.7734375 0.028125 0.034375
0 0.42734375 0.80078125 0.03203125 0.03203125
0 0.41328125 0.84921875 0.02890625 0.03203125