0 0.771875 0.696875 0.01875 0.0265625
0 0.7859375 0.67890625 0.0203125 0.0265625
0 0.7921875 0.65390625 0.021875 0.0234375
0 0.80390625 0.59921875 0.01875 0.025
0 0.79140625 0.56328125 0.01875 0.0265625
0 0.778125 0.5453125 0.01875 0.0265625
0 0.78515625 0.50625 0.01875 0.0265625
0 0.75859375 0.5296875 0.01875 0.0265625
0 0.74140625 0.49609375 0.021875 0.0265625
0 0.721875 0.58515625 0.025 0.034375
0 0.70703125 0.675 0.0203125 0.0296875
0 0.6921875 0.64140625 0.01875 0.028125
0 0.67265625 0.68671875 0.021875 0.0296875
0 0.68203125 0.6609375 0.0203125 0.0265625
0 0.653125 0.67265625 0.021875 0.0296875
0 0.64921875 0.6375 0.025 0.028125
0 0.62890625 0.63125 0.025 0.034375
0 0.57578125 0.6375 0.0265625 0.0375
0 0.54296875 0.64453125 0.028125 0.0375
0 0.51328125 0.5859375 0.0265625 0.0375
0 0.52734375 0.5546875 0.0265625 0.0359375
0 0.54609375 0.53984375 0.0265625 0.0375
0 0.58046875 0.54375 0.025 0.034375
0 0.66328125 0.54296875 0.0234375 0.0296875
0 0.6671875 0.515625 0.025 0.03125
0 0.6828125 0.5140625 0.025 0.034375
0 0.58125 0.5078125 0.028125 0.0328125
0 0.56875 0.46875 0.0265625 0.034375
0 0.6375 0.5109375 0.025 0.03125
0 0.62734375 0.48125 0.025 0.0296875
0 0.659375 0.46171875 0.025 0.0296875
0 0.684375 0.440625 0.0234375 0.0296875
0 0.7015625 0.4265625 0.021875 0.03125
0 0.725 0.3234375 0.021875 0.0328125
0 0.66328125 0.35078125 0.025 0.034375
0 0.6421875 0.35625 0.0265625 0.0375
0 0.60703125 0.375 0.025 0.034375
0 0.5953125 0.328125 0.025 0.03125
0 0.56484375 0.30625 0.025 0.034375
0 0.534375 0.321875 0.025 0.034375
0 0.528125 0.37421875 0.025 0.034375
0 0.50859375 0.4171875 0.0328125 0.04375
0 0.50234375 0.34375 0.028125 0.0375
0 0.4921875 0.36875 0.025 0.034375
0 0.48671875 0.4 0.028125 0.034375
0 0.4609375 0.41171875 0.0234375 0.0328125
0 0.46328125 0.46640625 0.0296875 0.0375
0 0.571875 0.134375 0.028125 0.034375
0 0.54296875 0.1375 0.028125 0.0375
0 0.5125 0.21171875 0.0296875 0.034375
0 0.51015625 0.11484375 0.0234375 0.03125
0 0.515625 0.17421875 0.028125 0.034375
0 0.48984375 0.09375 0.028125 0.034375
0 0.4640625 0.0859375 0.028125 0.0390625
0 0.465625 0.128125 0.0296875 0.034375
0 0.43828125 0.0921875 0.0203125 0.0328125
0 0.42734375 0.11796875 0.0265625 0.0375
0 0.4375 0.14921875 0.028125 0.034375
0 0.45 0.18359375 0.0328125 0.0375
0 0.40703125 0.09140625 0.0234375 0.0375
0 0.40390625 0.1296875 0.0296875 0.034375
0 0.41171875 0.1640625 0.0328125 0.0375
0 0.35859375 0.1625 0.0328125 0.0390625
0 0.42421875 0.23984375 0.0296875 0.03125
0 0.4015625 0.228125 0.0265625 0.0359375
0 0.365625 0.253125 0.0328125 0.0390625
0 0.3703125 0.30078125 0.0328125 0.0375
0 0.41875 0.2796875 0.025 0.034375
0 0.41015625 0.309375 0.03125 0.0359375
0 0.39609375 0.33046875 0.03125 0.034375
0 0.38828125 0.36171875 0.028125 0.034375
0 0.35234375 0.36171875 0.0375 0.04375
0 0.28359375 0.27421875 0.034375 0.040625
0 0.23671875 0.3171875 0.0328125 0.0421875
0 0.20234375 0.44296875 0.0359375 0.0421875
0 0.275 0.525 0.0375 0.05
0 0.3546875 0.4453125 0.0328125 0.0390625
0 0.4234375 0.60234375 0.0328125 0.040625
0 0.43046875 0.71328125 0.03125 0.04375
0 0.42578125 0.66328125 0.0296875 0.0375
0 0.4078125 0.69609375 0.0328125 0.040625
0 0.36796875 0.653125 0.0359375 0.040625
0 0.36015625 0.69921875 0.0359375 0.0375
0 0.3703125 0.76796875 0.0328125 0.040625
0 0.39140625 0.79609375 0.034375 0.040625
0 0.40546875 0.73671875 0.034375 0.0421875
0 0.4203125 0.80390625 0.0328125 0.040625
0 0.465625 0.703125 0.0296875 0.040625
0 0.56328125 0.77421875 0.0265625 0.0375
0 0.60703125 0.78203125 0.0265625 0.0375
0 0.6265625 0.77421875 0.0234375 0.0328125
0 0.65390625 0.7734375 0.025 0.034375
0 0.6921875 0.765625 0.021875 0.0296875
0 0.703125 0.78515625 0.0234375 0.0296875
0 0.74375 0.7984375 0.021875 0.0328125
0 0.70703125 0.84765625 0.025 0.034375
0 0.77734375 0.84765625 0.015625 0.028125
0 0.76015625 0.88203125 0.021875 0.025
0 0.79296875 0.85546875 0.01875 0.028125