0 0.69140625 0.5234375 0.0265625 0.0265625
0 0.71640625 0.52109375 0.025 0.025
0 0.67734375 0.5421875 0.025 0.025
0 0.765625 0.48359375 0.0265625 0.0265625
0 0.73671875 0.5015625 0.0265625 0.025
0 0.621875 0.5375 0.0234375 0.0234375
0 0.58359375 0.56953125 0.0234375 0.025
0 0.75546875 0.46015625 0.0265625 0.025
0 0.8046875 0.47421875 0.0265625 0.0265625
0 0.7015625 0.503125 0.0265625 0.025
0 0.80859375 0.4515625 0.0265625 0.0265625
0 0.6828125 0.45 0.025 0.025
0 0.659375 0.51328125 0.025 0.025
0 0.52421875 0.56640625 0.0234375 0.0234375
0 0.4828125 0.59140625 0.0234375 0.025
0 0.57109375 0.53828125 0.0234375 0.0234375
0 0.59140625 0.5484375 0.0265625 0.025
0 0.6171875 0.51328125 0.0234375 0.0234375
0 0.4296875 0.646875 0.025 0.025
0 0.56171875 0.55859375 0.025 0.025
0 0.73671875 0.4453125 0.025 0.0265625
0 0.7078125 0.446875 0.025 0.025
0 0.60078125 0.528125 0.025 0.025
0 0.55859375 0.51484375 0.0234375 0.025
0 0.72265625 0.46328125 0.0234375 0.0265625
0 0.6984375 0.46875 0.0265625 0.025
0 0.54296875 0.546875 0.0234375 0.0234375
0 0.61640625 0.56875 0.0234375 0.0265625
0 0.50625 0.603125 0.0234375 0.0234375
0 0.48125 0.6171875 0.025 0.025
0 0.83203125 0.4515625 0.0265625 0.0265625
0 0.78125 0.42421875 0.0265625 0.025
0 0.46875 0.54921875 0.0234375 0.0234375
0 0.75546875 0.43046875 0.0265625 0.0265625
0 0.521875 0.5109375 0.025 0.0234375
0 0.78203125 0.46796875 0.025 0.025
0 0.6609375 0.4625 0.025 0.025
0 0.73984375 0.41328125 0.0265625 0.0234375
0 0.46171875 0.57578125 0.0234375 0.0234375
0 0.65625 0.5359375 0.0265625 0.0234375
0 0.61953125 0.48515625 0.025 0.025
0 0.50546875 0.5546875 0.025 0.025
0 0.64140625 0.45 0.0234375 0.025
0 0.771875 0.446875 0.0265625 0.0234375
0 0.76328125 0.409375 0.0265625 0.0234375
0 0.459375 0.6171875 0.025 0.025
0 0.44296875 0.60234375 0.025 0.0234375
0 0.64921875 0.55859375 0.0265625 0.0265625
0 0.66015625 0.49140625 0.025 0.025
0 0.48515625 0.6515625 0.025 0.0234375
0 0.53828125 0.525 0.0234375 0.0234375
0 0.4296875 0.62421875 0.0234375 0.0234375
0 0.57109375 0.5953125 0.025 0.0234375
0 0.46640625 0.6390625 0.0234375 0.0234375
0 0.67890625 0.503125 0.025 0.025
0 0.49765625 0.53359375 0.025 0.0234375
0 0.59765625 0.49140625 0.0234375 0.0234375
0 0.74140625 0.47890625 0.0265625 0.025
0 0.8265625 0.43046875 0.0265625 0.025
0 0.50234375 0.57734375 0.0234375 0.0234375
0 0.37265625 0.46171875 0.0234375 0.0234375
0 0.71328125 0.484375 0.025 0.0265625
0 0.69296875 0.4296875 0.0234375 0.0234375
0 0.5859375 0.509375 0.0234375 0.0234375
0 0.3140625 0.70390625 0.0265625 0.025
0 0.37421875 0.653125 0.0234375 0.0265625
0 0.63828125 0.52109375 0.025 0.0265625
0 0.3078125 0.67578125 0.0234375 0.0234375
0 0.38828125 0.628125 0.0234375 0.025
0 0.3875 0.478125 0.0234375 0.0234375
0 0.6375 0.5 0.0265625 0.0265625
0 0.265625 0.734375 0.025 0.0234375
0 0.3421875 0.66328125 0.025 0.025
0 0.29296875 0.73125 0.0234375 0.0234375
0 0.803125 0.43046875 0.0265625 0.025
0 0.240625 0.73671875 0.0234375 0.0234375
0 0.67890625 0.48046875 0.0265625 0.0234375
0 0.79921875 0.4078125 0.025 0.025
0 0.24375 0.71328125 0.0234375 0.0234375
0 0.821875 0.490625 0.0265625 0.0265625
0 0.56953125 0.62578125 0.025 0.025
0 0.384375 0.68203125 0.0265625 0.0265625
0 0.3953125 0.45390625 0.0234375 0.025
0 0.71953125 0.42734375 0.0265625 0.0234375
0 0.8296875 0.40625 0.0265625 0.0234375
0 0.36640625 0.63203125 0.0234375 0.0234375
0 0.2328125 0.4796875 0.0234375 0.0234375
0 0.28984375 0.7078125 0.0265625 0.0234375
0 0.31328125 0.72734375 0.0265625 0.0265625
0 0.41015625 0.63515625 0.0234375 0.0234375
0 0.63984375 0.4765625 0.025 0.025
0 0.45078125 0.66796875 0.0265625 0.025
0 0.6625 0.43984375 0.025 0.0234375
0 0.26875 0.7125 0.0234375 0.0234375
0 0.34453125 0.6375 0.0234375 0.0265625
0 0.28984375 0.6890625 0.025 0.0234375
0 0.359375 0.69609375 0.028125 0.0265625
0 0.334375 0.684375 0.0234375 0.025
0 0.44375 0.53984375 0.025 0.0234375
0 0.54375 0.23828125 0.0234375 0.025
0 0.53671875 0.61796875 0.025 0.0265625
0 0.36171875 0.4890625 0.0234375 0.0234375
0 0.37890625 0.42890625 0.0234375 0.0234375
0 0.32421875 0.65 0.0234375 0.025
0 0.63515625 0.59921875 0.0265625 0.025
0 0.38046875 0.60546875 0.0234375 0.0234375
0 0.271875 0.75625 0.0234375 0.025
0 0.27265625 0.4703125 0.0234375 0.0234375
0 0.26796875 0.66953125 0.025 0.0234375
0 0.515625 0.2515625 0.025 0.0234375
0 0.29609375 0.65234375 0.0234375 0.0234375
0 0.40859375 0.43515625 0.0265625 0.0234375
0 0.20078125 0.7203125 0.0234375 0.0234375
0 0.215625 0.74375 0.0234375 0.0265625
0 0.525 0.48828125 0.0265625 0.0234375
0 0.62265625 0.46328125 0.0234375 0.0234375
0 0.43359375 0.34609375 0.0265625 0.0234375
0 0.26171875 0.68984375 0.025 0.0234375
0 0.45078125 0.33203125 0.0234375 0.0234375
0 0.22578125 0.5109375 0.025 0.0234375
0 0.49609375 0.26953125 0.025 0.0234375
0 0.79140625 0.38671875 0.0265625 0.0234375
0 0.25078125 0.46171875 0.025 0.0234375
0 0.9140625 0.4328125 0.025 0.0265625
0 0.396875 0.6609375 0.025 0.0234375
0 0.30625 0.428125 0.0234375 0.0234375
0 0.428125 0.3859375 0.028125 0.0234375
0 0.2453125 0.759375 0.0265625 0.025
0 0.8890625 0.4328125 0.025 0.0234375
0 0.3171875 0.5359375 0.0234375 0.0234375
0 0.275 0.409375 0.0234375 0.0234375
0 0.4609375 0.27890625 0.0234375 0.0234375
0 0.55546875 0.2203125 0.0265625 0.0234375
0 0.5234375 0.22734375 0.025 0.025
0 0.20234375 0.4546875 0.0265625 0.0234375
0 0.22890625 0.64140625 0.0234375 0.021875
0 0.3640625 0.67265625 0.0234375 0.0234375
0 0.16796875 0.6578125 0.025 0.0234375
0 0.47421875 0.834375 0.025 0.0265625
0 0.66640625 0.7703125 0.0265625 0.0234375
0 0.50546875 0.8671875 0.0265625 0.0296875
0 0.70234375 0.24375 0.0234375 0.0234375
0 0.19296875 0.753125 0.0265625 0.025
0 0.40625 0.55703125 0.0296875 0.0234375