0 0.71328125 0.88203125 0.0359375 0.0390625
0 0.6875 0.90859375 0.0375 0.0375
0 0.71171875 0.84765625 0.034375 0.0375
0 0.66953125 0.865625 0.0375 0.040625
0 0.63125 0.82421875 0.034375 0.0375
0 0.61796875 0.7859375 0.034375 0.0453125
0 0.68515625 0.83203125 0.034375 0.0375
0 0.6671875 0.8046875 0.0375 0.034375
0 0.65 0.77265625 0.034375 0.040625
0 0.74375 0.8375 0.0375 0.040625
0 0.74375 0.8 0.0375 0.0359375
0 0.71328125 0.81171875 0.034375 0.0375
0 0.6953125 0.7859375 0.034375 0.0375
0 0.72578125 0.77109375 0.0375 0.034375
0 0.7109375 0.74453125 0.0296875 0.0359375
0 0.67890625 0.75078125 0.034375 0.040625
0 0.6265625 0.74375 0.034375 0.040625
0 0.74296875 0.7296875 0.0390625 0.0390625
0 0.71953125 0.7046875 0.0375 0.0375
0 0.68984375 0.71484375 0.0375 0.0375
0 0.65703125 0.7265625 0.0390625 0.034375
0 0.578125 0.67890625 0.0375 0.0375
0 0.62734375 0.709375 0.0375 0.0375
0 0.59140625 0.7109375 0.040625 0.0375
0 0.609375 0.6765625 0.0375 0.0375
0 0.66484375 0.69140625 0.0375 0.0375
0 0.64296875 0.66640625 0.0375 0.0375
0 0.69609375 0.678125 0.03125 0.0328125
0 0.67265625 0.65625 0.0359375 0.0375
0 0.75390625 0.6890625 0.0390625 0.0375
0 0.72578125 0.66953125 0.034375 0.0375
0 0.70234375 0.6453125 0.034375 0.0375
0 0.67890625 0.61796875 0.034375 0.040625
0 0.6484375 0.63125 0.034375 0.0390625
0 0.615625 0.6421875 0.0375 0.0390625
0 0.62421875 0.6078125 0.040625 0.0375
0 0.65546875 0.59296875 0.0375 0.0375
0 0.73359375 0.6328125 0.034375 0.034375
0 0.740625 0.60546875 0.0328125 0.03125
0 0.709375 0.61171875 0.0328125 0.034375
0 0.75 0.575 0.034375 0.0375
0 0.71796875 0.5796875 0.034375 0.034375
0 0.6875 0.584375 0.034375 0.034375
0 0.63359375 0.56875 0.0359375 0.0375
0 0.73046875 0.546875 0.03125 0.0328125
0 0.7015625 0.55 0.034375 0.034375
0 0.66796875 0.5546875 0.0328125 0.0375
0 0.74609375 0.51640625 0.0375 0.0375
0 0.7125 0.51796875 0.034375 0.0359375
0 0.68046875 0.52109375 0.0359375 0.0390625
0 0.72578125 0.4859375 0.034375 0.0375
0 0.69375 0.48828125 0.0375 0.034375
0 0.62890625 0.50546875 0.0375 0.040625
0 0.61640625 0.5390625 0.0375 0.0375
0 0.59375 0.571875 0.0375 0.040625
0 0.58515625 0.60703125 0.0390625 0.0359375
0 0.58359375 0.64140625 0.0375 0.0375
0 0.54921875 0.6546875 0.0375 0.0375
0 0.553125 0.61953125 0.0375 0.0359375
0 0.5390625 0.5859375 0.0375 0.0375
0 0.5125 0.55703125 0.040625 0.0421875
0 0.50234375 0.59296875 0.0375 0.040625
0 0.5453125 0.5484375 0.0359375 0.0375
0 0.57578125 0.5296875 0.034375 0.0375
0 0.54375 0.51328125 0.034375 0.0359375
0 0.51171875 0.52265625 0.0375 0.0375
0 0.475 0.5140625 0.040625 0.040625
0 0.4375 0.5046875 0.0390625 0.0296875
0 0.43515625 0.4796875 0.0375 0.0390625
0 0.4015625 0.47890625 0.034375 0.040625
0 0.509375 0.46640625 0.0375 0.0375
0 0.53515625 0.478125 0.034375 0.034375
0 0.571875 0.47109375 0.0375 0.040625
0 0.60546875 0.4375 0.0375 0.0375
0 0.63671875 0.45 0.034375 0.0359375
0 0.68125 0.45859375 0.0375 0.034375
0 0.6625 0.4296875 0.0375 0.034375
0 0.63671875 0.409375 0.0375 0.0375
0 0.6984375 0.4203125 0.0375 0.0375
0 0.675 0.39921875 0.034375 0.0359375
0 0.71953125 0.3921875 0.034375 0.034375
0 0.7015625 0.3609375 0.0359375 0.0359375
0 0.75546875 0.37734375 0.0390625 0.034375
0 0.75 0.3421875 0.0375 0.0375
0 0.753125 0.28984375 0.034375 0.040625
0 0.72578125 0.30859375 0.0359375 0.0375
0 0.69140625 0.30859375 0.0375 0.0390625
0 0.6546875 0.30546875 0.0359375 0.0375
0 0.678125 0.340625 0.034375 0.0375
0 0.66015625 0.36875 0.034375 0.034375
0 0.6375 0.34140625 0.034375 0.0359375
0 0.63125 0.3765625 0.0328125 0.034375
0 0.60390625 0.35234375 0.0390625 0.0375
0 0.59609375 0.3859375 0.0359375 0.034375
0 0.56171875 0.3890625 0.0375 0.0375
0 0.56796875 0.4265625 0.0375 0.0390625
0 0.5328125 0.4296875 0.034375 0.040625
0 0.52578125 0.39296875 0.040625 0.040625
0 0.3640625 0.3828125 0.040625 0.04375
0 0.44140625 0.43828125 0.04375 0.0421875
0 0.40234375 0.38046875 0.040625 0.0421875
0 0.46328125 0.32734375 0.040625 0.0421875
0 0.4390625 0.38671875 0.040625 0.040625
0 0.4734375 0.3640625 0.0375 0.0390625
0 0.50078125 0.3375 0.040625 0.0375
0 0.61328125 0.28359375 0.0375 0.0375
0 0.58203125 0.29609375 0.0359375 0.0375
0 0.50859375 0.30234375 0.0375 0.0375
0 0.5546875 0.3296875 0.0390625 0.0375
0 0.5421875 0.2953125 0.034375 0.034375
0 0.5515625 0.26015625 0.0390625 0.0375
0 0.51640625 0.26796875 0.0375 0.0375
0 0.54140625 0.2109375 0.0375 0.0375
0 0.5171875 0.23203125 0.0421875 0.040625
0 0.57578125 0.2390625 0.0359375 0.0375
0 0.578125 0.20546875 0.0375 0.0359375
0 0.60546875 0.2203125 0.028125 0.0359375
0 0.63359375 0.2203125 0.034375 0.0375
0 0.6546875 0.21328125 0.0296875 0.0390625
0 0.7015625 0.21796875 0.034375 0.0375
0 0.72265625 0.20390625 0.0328125 0.0390625
0 0.678125 0.20078125 0.034375 0.0375
0 0.67578125 0.16484375 0.03125 0.0375
0 0.6484375 0.1765625 0.0375 0.040625
0 0.6171875 0.18515625 0.0359375 0.0375
0 0.5875 0.1703125 0.034375 0.0375
0 0.55390625 0.175 0.0375 0.0375
0 0.63984375 0.14453125 0.0359375 0.0359375
0 0.61171875 0.1484375 0.03125 0.0390625
0 0.596875 0.13515625 0.03125 0.03125
0 0.5671875 0.13984375 0.034375 0.0375
0 0.5328125 0.12578125 0.0390625 0.0390625
0 0.65078125 0.11328125 0.034375 0.0375
0 0.61640625 0.10859375 0.034375 0.0375
0 0.58359375 0.10390625 0.0375 0.0375
0 0.55078125 0.09609375 0.0359375 0.040625
0 0.60703125 0.07265625 0.028125 0.0359375
0 0.57734375 0.06796875 0.0375 0.0375
0 0.59453125 0.03984375 0.034375 0.034375
0 0.5609375 0.03203125 0.0375 0.040625
0 0.671875 0.95 0.0375 0.04375