0 0.559375 0.03984375 0.04375 0.04375
0 0.51484375 0.0234375 0.0453125 0.0375
0 0.52890625 0.05859375 0.040625 0.0421875
0 0.49296875 0.05390625 0.040625 0.040625
0 0.5453125 0.10703125 0.0390625 0.0390625
0 0.5875 0.06953125 0.0390625 0.0390625
0 0.57734375 0.1015625 0.0359375 0.0375
0 0.5515625 0.0765625 0.0421875 0.040625
0 0.61171875 0.10234375 0.0390625 0.0390625
0 0.62890625 0.2109375 0.046875 0.0484375
0 0.63046875 0.1484375 0.04375 0.040625
0 0.6171875 0.18046875 0.0421875 0.0421875
0 0.59140625 0.1296875 0.0390625 0.0390625
0 0.58671875 0.1640625 0.040625 0.040625
0 0.55859375 0.13671875 0.0390625 0.0390625
0 0.5765625 0.19609375 0.0390625 0.0390625
0 0.45859375 0.0578125 0.0390625 0.0375
0 0.48984375 0.090625 0.040625 0.040625
0 0.4578125 0.09375 0.0390625 0.0390625
0 0.4171875 0.090625 0.0421875 0.0421875
0 0.3765625 0.1109375 0.040625 0.0421875
0 0.43515625 0.1203125 0.0375 0.0375
0 0.5109375 0.11328125 0.0375 0.0359375
0 0.5265625 0.14375 0.040625 0.040625
0 0.49140625 0.13984375 0.04375 0.04375
0 0.4578125 0.1484375 0.0390625 0.0390625
0 0.42265625 0.15 0.0375 0.0390625
0 0.484375 0.18125 0.0390625 0.0390625
0 0.45 0.18125 0.0421875 0.0421875
0 0.38828125 0.20546875 0.040625 0.0421875
0 0.31328125 0.19765625 0.0421875 0.040625
0 0.421875 0.215625 0.0421875 0.04375
0 0.553125 0.17109375 0.040625 0.0421875
0 0.521875 0.175 0.0390625 0.0375
0 0.51171875 0.21015625 0.040625 0.04375
0 0.53828125 0.240625 0.046875 0.0453125
0 0.48828125 0.2421875 0.04375 0.04375
0 0.3828125 0.33359375 0.04375 0.04375
0 0.3609375 0.30078125 0.0484375 0.0421875
0 0.4265625 0.32109375 0.04375 0.04375
0 0.46171875 0.275 0.0421875 0.0453125
0 0.5 0.29609375 0.04375 0.04375
0 0.540625 0.32578125 0.04375 0.04375
0 0.496875 0.33984375 0.04375 0.04375
0 0.4546875 0.3515625 0.0421875 0.040625
0 0.415625 0.359375 0.04375 0.04375
0 0.4484375 0.38671875 0.04375 0.0421875
0 0.40703125 0.39609375 0.040625 0.0421875
0 0.4859375 0.425 0.0421875 0.0421875
0 0.45078125 0.421875 0.040625 0.0421875
0 0.54765625 0.43203125 0.040625 0.040625
0 0.59296875 0.46484375 0.040625 0.0421875
0 0.5390625 0.4703125 0.040625 0.0453125
0 0.5140625 0.44296875 0.040625 0.040625
0 0.50546875 0.47890625 0.040625 0.040625
0 0.46796875 0.45625 0.040625 0.040625
0 0.40703125 0.44140625 0.0390625 0.0390625
0 0.3703125 0.4515625 0.04375 0.04375
0 0.40390625 0.47890625 0.0421875 0.0421875
0 0.36875 0.50703125 0.040625 0.0421875
0 0.44609375 0.4875 0.0375 0.0390625
0 0.51640625 0.5125 0.0421875 0.040625
0 0.48203125 0.5015625 0.0421875 0.040625
0 0.45859375 0.525 0.040625 0.040625
0 0.42109375 0.521875 0.0421875 0.04375
0 0.50390625 0.54609375 0.04375 0.0421875
0 0.47109375 0.55625 0.04375 0.04375
0 0.4359375 0.5515625 0.04375 0.04375
0 0.39140625 0.54765625 0.04375 0.04375
0 0.35625 0.55 0.04375 0.04375
0 0.37734375 0.5828125 0.040625 0.0421875
0 0.4140625 0.5765625 0.0421875 0.0421875
0 0.45078125 0.58359375 0.040625 0.0421875
0 0.42890625 0.6078125 0.04375 0.04375
0 0.39375 0.62421875 0.04375 0.0453125
0 0.35625 0.61015625 0.046875 0.046875
0 0.3171875 0.63125 0.046875 0.0484375
0 0.34765625 0.6515625 0.046875 0.046875
0 0.48359375 0.58984375 0.040625 0.040625
0 0.4609375 0.6140625 0.040625 0.040625
0 0.5203125 0.59453125 0.046875 0.04375
0 0.4953125 0.62734375 0.040625 0.0421875
0 0.46484375 0.6515625 0.040625 0.0453125
0 0.4265625 0.64375 0.0453125 0.046875
0 0.39453125 0.6625 0.04375 0.04375
0 0.4390625 0.68203125 0.04375 0.046875
0 0.41015625 0.69453125 0.0421875 0.04375
0 0.38125 0.7234375 0.04375 0.04375
0 0.47421875 0.68828125 0.040625 0.04375
0 0.46484375 0.72265625 0.04375 0.04375
0 0.428125 0.72890625 0.0421875 0.046875
0 0.45625 0.7578125 0.046875 0.0484375
0 0.4171875 0.76640625 0.0421875 0.0484375
0 0.3859375 0.78125 0.04375 0.046875
0 0.47421875 0.80078125 0.0453125 0.046875
0 0.490625 0.83984375 0.0515625 0.053125
0 0.38359375 0.81953125 0.046875 0.046875
0 0.35859375 0.84765625 0.0453125 0.046875
0 0.378125 0.9109375 0.0453125 0.046875