0 0.8875 0.23046875 0.0265625 0.0265625
0 0.86484375 0.234375 0.028125 0.0265625
0 0.85703125 0.2546875 0.025 0.025
0 0.87421875 0.26640625 0.025 0.025
0 0.86328125 0.31953125 0.0265625 0.0265625
0 0.87734375 0.3390625 0.0265625 0.0265625
0 0.8484375 0.37265625 0.0296875 0.028125
0 0.809375 0.42734375 0.0265625 0.0265625
0 0.8015625 0.54375 0.0296875 0.028125
0 0.7921875 0.61484375 0.0265625 0.0265625
0 0.778125 0.55 0.025 0.021875
0 0.7828125 0.5859375 0.025 0.025
0 0.7859375 0.52109375 0.025 0.025
0 0.7671875 0.53125 0.028125 0.028125
0 0.746875 0.51640625 0.0265625 0.0234375
0 0.746875 0.5375 0.028125 0.0265625
0 0.75546875 0.5578125 0.028125 0.025
0 0.73984375 0.57109375 0.028125 0.0265625
0 0.7296875 0.55078125 0.028125 0.0234375
0 0.71796875 0.56953125 0.0265625 0.0265625
0 0.728125 0.60390625 0.0265625 0.028125
0 0.7046875 0.5921875 0.028125 0.0265625
0 0.70234375 0.55234375 0.028125 0.0265625
0 0.73515625 0.48828125 0.0265625 0.0265625
0 0.73515625 0.4078125 0.025 0.0234375
0 0.7171875 0.43359375 0.025 0.025
0 0.70390625 0.47109375 0.028125 0.0265625
0 0.71015625 0.4953125 0.0296875 0.0296875
0 0.6859375 0.50546875 0.028125 0.0265625
0 0.69296875 0.44609375 0.0296875 0.0296875
0 0.6609375 0.49375 0.03125 0.0296875
0 0.66171875 0.3578125 0.028125 0.025
0 0.625 0.33359375 0.0265625 0.028125
0 0.58125 0.30390625 0.0296875 0.028125
0 0.5859375 0.2671875 0.03125 0.0296875
0 0.56484375 0.28828125 0.028125 0.0265625
0 0.55625 0.31875 0.0296875 0.0296875
0 0.50703125 0.234375 0.0296875 0.0328125
0 0.534375 0.246875 0.028125 0.03125
0 0.5296875 0.275 0.0296875 0.0296875
0 0.53203125 0.296875 0.0265625 0.0234375
0 0.51484375 0.31171875 0.0296875 0.0296875
0 0.49140625 0.3140625 0.0296875 0.0296875
0 0.47109375 0.2359375 0.03125 0.0296875
0 0.43125 0.2375 0.03125 0.0265625
0 0.42890625 0.2640625 0.028125 0.0296875
0 0.409375 0.22734375 0.0265625 0.028125
0 0.40703125 0.253125 0.03125 0.0296875
0 0.36953125 0.246875 0.028125 0.0265625
0 0.3796875 0.26796875 0.0296875 0.028125
0 0.44140625 0.35234375 0.025 0.0234375
0 0.4453125 0.37109375 0.025 0.025
0 0.434375 0.39609375 0.025 0.021875
0 0.4140625 0.38359375 0.0265625 0.0265625
0 0.421875 0.33515625 0.0265625 0.0265625
0 0.4 0.35 0.0296875 0.0296875
0 0.37421875 0.32734375 0.028125 0.028125
0 0.3328125 0.35 0.0296875 0.0296875
0 0.3078125 0.359375 0.028125 0.0296875
0 0.1390625 0.3015625 0.0328125 0.03125
0 0.14375 0.27578125 0.028125 0.0265625
0 0.121875 0.30859375 0.0234375 0.025
0 0.1890625 0.34296875 0.0265625 0.028125
0 0.18125 0.35390625 0.021875 0.021875
0 0.20859375 0.35390625 0.0296875 0.0296875
0 0.23203125 0.36171875 0.0265625 0.028125
0 0.21796875 0.4234375 0.0296875 0.028125
0 0.24140625 0.44921875 0.0296875 0.0296875
0 0.25703125 0.46953125 0.0296875 0.0265625
0 0.3875 0.43046875 0.0296875 0.0296875
0 0.3625 0.440625 0.0296875 0.0296875
0 0.33828125 0.4515625 0.0265625 0.028125
0 0.3171875 0.459375 0.0296875 0.0296875
0 0.31171875 0.4859375 0.0296875 0.028125
0 0.2796875 0.49140625 0.03125 0.028125
0 0.29921875 0.5046875 0.025 0.025
0 0.27578125 0.515625 0.028125 0.0265625
0 0.25078125 0.509375 0.028125 0.0296875
0 0.20703125 0.50390625 0.028125 0.0265625
0 0.209375 0.53828125 0.0328125 0.0296875
0 0.175 0.47734375 0.028125 0.0265625
0 0.16328125 0.50546875 0.028125 0.0265625
0 0.15078125 0.5328125 0.0296875 0.0296875
0 0.49296875 0.39765625 0.0296875 0.0328125
0 0.49609375 0.42421875 0.0296875 0.0296875
0 0.5234375 0.41484375 0.0265625 0.0265625
0 0.540625 0.41484375 0.021875 0.028125
0 0.51484375 0.4046875 0.025 0.0203125
0 0.5203125 0.43125 0.0265625 0.0234375
0 0.59921875 0.43671875 0.0296875 0.03125
0 0.5578125 0.42578125 0.0296875 0.0296875
0 0.54453125 0.46015625 0.028125 0.028125
0 0.56796875 0.46328125 0.028125 0.0265625
0 0.58203125 0.47890625 0.025 0.025
0 0.5765625 0.5 0.0296875 0.0265625
0 0.56171875 0.5515625 0.03125 0.0265625
0 0.540625 0.5734375 0.0296875 0.03125
0 0.58828125 0.621875 0.028125 0.0265625
0 0.5671875 0.6140625 0.0265625 0.028125
0 0.54453125 0.61796875 0.028125 0.0296875
0 0.55703125 0.65703125 0.0296875 0.03125
0 0.56875 0.6859375 0.028125 0.0296875
0 0.56875 0.71015625 0.0296875 0.0296875
0 0.60234375 0.715625 0.0296875 0.0328125
0 0.6203125 0.81328125 0.0328125 0.0296875
0 0.59140625 0.79453125 0.025 0.025
0 0.5921875 0.8234375 0.0296875 0.0296875
0 0.5921875 0.77109375 0.0296875 0.03125
0 0.56015625 0.75390625 0.0296875 0.0296875
0 0.5703125 0.77890625 0.028125 0.0296875
0 0.546875 0.79375 0.0296875 0.028125
0 0.5359375 0.87578125 0.03125 0.03125
0 0.53359375 0.828125 0.0296875 0.028125
0 0.50859375 0.82421875 0.0265625 0.0265625
0 0.48671875 0.8421875 0.0265625 0.0265625
0 0.40546875 0.85625 0.028125 0.0328125
0 0.32890625 0.86953125 0.0328125 0.0296875
0 0.43671875 0.56796875 0.03125 0.03125
0 0.4140625 0.565625 0.0296875 0.0296875
0 0.4515625 0.56171875 0.0203125 0.025
0 0.44140625 0.60078125 0.0265625 0.03125
0 0.46640625 0.628125 0.0328125 0.028125
0 0.52421875 0.6875 0.0296875 0.0296875
0 0.50078125 0.68359375 0.0265625 0.0265625
0 0.5015625 0.71484375 0.0296875 0.0296875
0 0.48515625 0.696875 0.025 0.025
0 0.465625 0.70703125 0.025 0.025
0 0.44453125 0.72265625 0.028125 0.0265625
0 0.4546875 0.73984375 0.028125 0.0265625
0 0.4203125 0.6765625 0.028125 0.0265625
0 0.39765625 0.690625 0.0328125 0.0296875
0 0.35703125 0.659375 0.0296875 0.0296875
0 0.371875 0.72109375 0.03125 0.0296875
0 0.3390625 0.72734375 0.028125 0.0265625
0 0.3234375 0.67109375 0.034375 0.0296875
0 0.30546875 0.69140625 0.0296875 0.028125
0 0.31953125 0.71328125 0.034375 0.028125
0 0.30078125 0.6671875 0.028125 0.0296875
0 0.27734375 0.68359375 0.03125 0.0265625
0 0.28203125 0.70625 0.028125 0.0265625
0 0.25703125 0.70625 0.03125 0.0265625
0 0.24453125 0.728125 0.0296875 0.028125
0 0.23515625 0.7 0.0296875 0.0296875
0 0.21875 0.725 0.03125 0.0296875