0 0.50625 0.6671875 0.03046875 0.03046875
0 0.31796875 0.753125 0.03046875 0.0359375
0 0.290625 0.7171875 0.02890625 0.0328125
0 0.5890625 0.30703125 0.021875 0.01484375
0 0.77109375 0.421875 0.02265625 0.01953125
0 0.0546875 0.55078125 0.02421875 0.0203125
0 0.746875 0.42109375 0.02265625 0.01953125
0 0.22265625 0.471875 0.02265625 0.0171875
0 0.50078125 0.5296875 0.025 0.0203125
0 0.3953125 0.32109375 0.01953125 0.01484375
0 0.11484375 0.5421875 0.0234375 0.01953125
0 0.15234375 0.45078125 0.02265625 0.01796875
0 0.1484375 0.4140625 0.02109375 0.01640625
0 0.2203125 0.3890625 0.0203125 0.01484375
0 0.35078125 0.3796875 0.0234375 0.01484375
0 0.4359375 0.54765625 0.0234375 0.0203125
0 0.42421875 0.31640625 0.01875 0.0140625
0 0.06171875 0.60078125 0.025 0.02109375
0 0.33515625 0.478125 0.021875 0.01796875
0 0.415625 0.44609375 0.0234375 0.01796875
0 0.30234375 0.403125 0.0203125 0.01640625
0 0.04140625 0.62578125 0.025 0.021875
0 0.29609375 0.48984375 0.02578125 0.01875
0 0.24140625 0.40078125 0.0203125 0.015625
0 0.4046875 0.53984375 0.02265625 0.02109375
0 0.3125 0.5734375 0.025 0.02109375
0 0.36328125 0.35703125 0.0203125 0.0140625
0 0.47734375 0.29296875 0.01953125 0.0140625
0 0.4421875 0.52421875 0.0234375 0.0203125
0 0.2734375 0.44296875 0.02109375 0.0171875
0 0.37890625 0.35 0.01875 0.01484375
0 0.659375 0.38984375 0.0234375 0.0171875
0 0.26171875 0.5234375 0.0234375 0.01875
0 0.20234375 0.4265625 0.02109375 0.01640625
0 0.18515625 0.42109375 0.02109375 0.0171875
0 0.4421875 0.3078125 0.01796875 0.0140625
0 0.35 0.56328125 0.02421875 0.0203125
0 0.684375 0.459375 0.0234375 0.01953125
0 0.45234375 0.2953125 0.02109375 0.01484375
0 0.11640625 0.6328125 0.0265625 0.021875
0 0.6921875 0.403125 0.02109375 0.0171875
0 0.0890625 0.634375 0.02578125 0.021875
0 0.065625 0.6203125 0.025 0.02265625
0 0.465625 0.30078125 0.01796875 0.0140625
0 0.32578125 0.409375 0.02109375 0.0171875
0 0.16484375 0.6125 0.025 0.021875
0 0.171875 0.55390625 0.02578125 0.02109375
0 0.16796875 0.43046875 0.02109375 0.01640625
0 0.2984375 0.43671875 0.02109375 0.0171875
0 0.35546875 0.4875 0.02265625 0.01796875
0 0.2890625 0.425 0.02109375 0.0171875
0 0.34296875 0.5046875 0.02265625 0.01875
0 0.48828125 0.50703125 0.02265625 0.0203125
0 0.384375 0.47734375 0.0234375 0.01875
0 0.31953125 0.52421875 0.0234375 0.01953125
0 0.35390625 0.53671875 0.02421875 0.0203125
0 0.3796875 0.528125 0.0234375 0.01953125
0 0.409375 0.4625 0.02265625 0.01875
0 0.11640625 0.615625 0.02578125 0.0203125
0 0.1421875 0.565625 0.0265625 0.0203125
0 0.10390625 0.59765625 0.02421875 0.02109375
0 0.2171875 0.59140625 0.0265625 0.021875
0 0.31015625 0.4203125 0.0203125 0.0171875
0 0.17265625 0.59453125 0.02578125 0.021875
0 0.17421875 0.571875 0.02421875 0.0203125
0 0.58515625 0.47734375 0.021875 0.01875
0 0.2453125 0.58203125 0.02578125 0.0203125
0 0.69453125 0.43359375 0.02265625 0.01796875
0 0.44296875 0.4671875 0.021875 0.01875
0 0.296875 0.55625 0.025 0.0203125
0 0.45703125 0.50625 0.02265625 0.01875
0 0.30234375 0.53984375 0.0234375 0.0203125
0 0.5203125 0.50078125 0.0234375 0.0203125
0 0.54765625 0.490625 0.021875 0.01875
0 0.33125 0.5359375 0.02265625 0.0203125
0 0.60546875 0.4640625 0.02265625 0.01875
0 0.33359375 0.553125 0.0234375 0.01953125
0 0.09296875 0.61484375 0.02421875 0.02109375
0 0.36015625 0.51640625 0.02265625 0.01953125
0 0.14296875 0.61484375 0.025 0.02109375
0 0.66796875 0.44765625 0.02265625 0.01875
0 0.12578125 0.5796875 0.02421875 0.01953125
0 0.19765625 0.5546875 0.02421875 0.0203125
0 0.14921875 0.59453125 0.0234375 0.021875
0 0.21171875 0.5640625 0.02421875 0.02109375
0 0.38046875 0.50859375 0.02265625 0.01875
0 0.2625 0.54140625 0.02421875 0.0203125
0 0.6328125 0.403125 0.02265625 0.0171875
0 0.3875 0.4921875 0.0234375 0.01875
0 0.5703125 0.4140625 0.02109375 0.01640625
0 0.2625 0.565625 0.02421875 0.0203125
0 0.63359375 0.45234375 0.02265625 0.01875
0 0.24140625 0.54375 0.0234375 0.01953125
0 0.56171875 0.478125 0.02265625 0.01875
0 0.403125 0.50234375 0.02265625 0.01796875
0 0.45 0.48359375 0.02265625 0.01875
0 0.665625 0.403125 0.021875 0.0171875
0 0.21953125 0.5453125 0.02265625 0.02109375
0 0.19765625 0.58125 0.02421875 0.0203125
0 0.49609375 0.484375 0.02265625 0.01953125
0 0.690625 0.41796875 0.02421875 0.01796875
0 0.528125 0.48515625 0.021875 0.0171875
0 0.4234375 0.48828125 0.021875 0.01953125
0 0.48125 0.45234375 0.021875 0.01875
0 0.46796875 0.46484375 0.021875 0.01875
0 0.64921875 0.4421875 0.02109375 0.01875
0 0.50625 0.43359375 0.021875 0.0171875
0 0.22734375 0.575 0.0234375 0.0203125
0 0.59453125 0.4140625 0.0234375 0.01796875
0 0.15390625 0.58359375 0.025 0.0203125
0 0.67265625 0.4328125 0.02421875 0.01953125
0 0.128125 0.5984375 0.02578125 0.021875
0 0.50234375 0.446875 0.0234375 0.01953125
0 0.57265625 0.46328125 0.02421875 0.01875
0 0.4671875 0.49140625 0.02265625 0.01875
0 0.52421875 0.425 0.021875 0.01796875
0 0.49609375 0.4671875 0.02265625 0.01875
0 0.24296875 0.559375 0.02421875 0.02109375
0 0.61171875 0.4046875 0.02109375 0.01640625
0 0.6484375 0.41328125 0.0203125 0.0171875
0 0.28046875 0.546875 0.021875 0.021875
0 0.4375 0.49765625 0.01875 0.01953125
0 0.421875 0.47109375 0.01953125 0.015625
0 0.47734375 0.475 0.02109375 0.01875
0 0.5140625 0.47421875 0.01796875 0.01875
0 0.5328125 0.46953125 0.021875 0.0171875
0 0.515625 0.45859375 0.02109375 0.0140625
0 0.55234375 0.46171875 0.01953125 0.01640625
0 0.534375 0.45234375 0.02109375 0.01328125
0 0.52265625 0.4421875 0.02109375 0.01796875
0 0.5546875 0.446875 0.021875 0.01640625
0 0.53984375 0.434375 0.0203125 0.015625
0 0.54453125 0.41796875 0.021875 0.01640625
0 0.57265625 0.43984375 0.0203125 0.0171875
0 0.5578125 0.425 0.0203125 0.01796875
0 0.5875 0.45078125 0.01875 0.0171875
0 0.5828125 0.425 0.0234375 0.01484375
0 0.609375 0.44765625 0.021875 0.0171875
0 0.59453125 0.4359375 0.025 0.01640625
0 0.62421875 0.4359375 0.02109375 0.015625
0 0.60859375 0.42421875 0.0203125 0.0140625
0 0.640625 0.42578125 0.021875 0.01328125
0 0.625 0.41796875 0.01875 0.0171875
0 0.66796875 0.41640625 0.025 0.0171875