0 0.46484375 0.93359375 0.03125 0.03515625
0 0.465625 0.89921875 0.03125 0.03359375
0 0.43984375 0.8296875 0.03046875 0.03671875
0 0.43828125 0.75078125 0.03125 0.03515625
0 0.71640625 0.76015625 0.03046875 0.034375
0 0.4828125 0.6953125 0.0265625 0.0328125
0 0.66484375 0.6546875 0.0296875 0.03125
0 0.75078125 0.68515625 0.0265625 0.03046875
0 0.78984375 0.6859375 0.0296875 0.03125
0 0.7625 0.66171875 0.02890625 0.02734375
0 0.7296875 0.65859375 0.0296875 0.03125
0 0.7109375 0.63203125 0.0296875 0.03125
0 0.74765625 0.63671875 0.02734375 0.0296875
0 0.79375 0.65234375 0.0296875 0.03046875
0 0.5046875 0.66796875 0.03046875 0.02890625
0 0.47890625 0.6578125 0.02734375 0.028125
0 0.4515625 0.65546875 0.025 0.03125
0 0.5359375 0.6265625 0.028125 0.03046875
0 0.50703125 0.6296875 0.028125 0.03046875
0 0.5640625 0.61484375 0.02578125 0.0296875
0 0.5 0.5984375 0.0296875 0.02890625
0 0.4703125 0.6046875 0.028125 0.028125
0 0.4390625 0.58828125 0.028125 0.0296875
0 0.43671875 0.559375 0.02734375 0.0265625
0 0.403125 0.56875 0.0296875 0.028125
0 0.43046875 0.525 0.02421875 0.02578125
0 0.4578125 0.52421875 0.02421875 0.025
0 0.50703125 0.52421875 0.0265625 0.0234375
0 0.48203125 0.51875 0.02421875 0.0265625
0 0.5296875 0.5140625 0.025 0.02421875
0 0.51796875 0.4921875 0.02421875 0.0234375
0 0.49140625 0.496875 0.025 0.02265625
0 0.54921875 0.4828125 0.02421875 0.02421875
0 0.525 0.47109375 0.021875 0.021875
0 0.49765625 0.46484375 0.021875 0.021875
0 0.440625 0.49765625 0.02421875 0.02265625
0 0.453125 0.478125 0.02265625 0.0234375
0 0.4640625 0.4578125 0.02421875 0.02265625
0 0.471875 0.434375 0.021875 0.02265625
0 0.43046875 0.4484375 0.025 0.02421875
0 0.440625 0.42890625 0.02265625 0.02265625
0 0.4578125 0.415625 0.02265625 0.0203125
0 0.44140625 0.40078125 0.02265625 0.021875
0 0.48046875 0.4109375 0.02578125 0.02109375
0 0.50703125 0.40390625 0.0234375 0.021875
0 0.4953125 0.4328125 0.02421875 0.0203125
0 0.5171875 0.44453125 0.025 0.021875
0 0.39609375 0.403125 0.0265625 0.02265625
0 0.39296875 0.38046875 0.025 0.021875
0 0.41640625 0.37734375 0.02109375 0.02421875
0 0.384375 0.353125 0.02421875 0.0234375
0 0.3984375 0.3203125 0.0234375 0.02421875
0 0.44453125 0.33984375 0.0234375 0.02265625
0 0.46015625 0.35546875 0.021875 0.01953125
0 0.471875 0.3734375 0.02578125 0.0203125
0 0.465625 0.39296875 0.0234375 0.02109375
0 0.5 0.3578125 0.0265625 0.02265625
0 0.45546875 0.321875 0.02578125 0.01953125
0 0.41484375 0.3046875 0.02109375 0.02265625
0 0.359375 0.29296875 0.02265625 0.0203125
0 0.38359375 0.2890625 0.0203125 0.0203125
0 0.40625 0.2890625 0.021875 0.02109375
0 0.42890625 0.296875 0.0203125 0.02265625
0 0.45078125 0.303125 0.021875 0.01796875
0 0.4546875 0.28515625 0.021875 0.0203125
0 0.446875 0.26875 0.02265625 0.01875
0 0.47734375 0.28203125 0.02265625 0.021875
0 0.46953125 0.2546875 0.021875 0.0203125
0 0.490625 0.2640625 0.0234375 0.021875
0 0.5 0.24609375 0.02265625 0.02109375
0 0.5203125 0.26796875 0.02265625 0.021875
0 0.5234375 0.24609375 0.021875 0.0203125
0 0.53984375 0.27890625 0.021875 0.02421875
0 0.56015625 0.25703125 0.0234375 0.02109375
0 0.56484375 0.2796875 0.0234375 0.02265625
0 0.58125 0.2640625 0.02265625 0.02109375
0 0.61015625 0.24765625 0.025 0.0234375
0 0.63984375 0.24609375 0.021875 0.02109375
0 0.659375 0.28125 0.02578125 0.02421875
0 0.66875 0.25703125 0.0234375 0.0203125
0 0.66796875 0.21796875 0.02109375 0.02109375
0 0.8171875 0.59921875 0.0296875 0.0296875
0 0.84921875 0.571875 0.02734375 0.02578125
0 0.83984375 0.5484375 0.025 0.0234375
0 0.81328125 0.540625 0.0265625 0.02734375
0 0.640625 0.54140625 0.02578125 0.02734375
0 0.659375 0.51953125 0.025 0.02734375
0 0.6828125 0.496875 0.0234375 0.025
0 0.6875 0.42109375 0.02421875 0.0265625
0 0.6703125 0.38515625 0.02421875 0.025
0 0.70703125 0.38203125 0.02421875 0.021875
0 0.66953125 0.3640625 0.02578125 0.02265625
0 0.728125 0.36796875 0.02578125 0.02578125
0 0.60625 0.43984375 0.025 0.02578125
0 0.58125 0.4234375 0.025 0.02421875
0 0.58359375 0.4 0.02421875 0.02109375
0 0.60078125 0.38125 0.02265625 0.02265625
0 0.5828125 0.36640625 0.025 0.02265625
0 0.55625 0.36328125 0.0234375 0.021875
0 0.6015625 0.34921875 0.02421875 0.02265625
0 0.73671875 0.2203125 0.02265625 0.02265625
0 0.74921875 0.19140625 0.0234375 0.02265625
0 0.70234375 0.178125 0.02265625 0.02109375
0 0.609375 0.18203125 0.021875 0.021875
0 0.58984375 0.165625 0.021875 0.0203125
0 0.5640625 0.178125 0.0203125 0.01953125
0 0.5375 0.1875 0.021875 0.02265625
0 0.6109375 0.1640625 0.021875 0.021875
0 0.6328125 0.15078125 0.0265625 0.021875
0 0.6609375 0.13828125 0.021875 0.02109375
0 0.62109375 0.128125 0.0203125 0.01953125
0 0.63515625 0.11796875 0.0203125 0.02109375
0 0.6421875 0.103125 0.0234375 0.01953125
0 0.6421875 0.08203125 0.028125 0.0203125
0 0.7140625 0.0828125 0.02421875 0.0234375
0 0.5546875 0.1546875 0.02265625 0.021875
0 0.5328125 0.14765625 0.02109375 0.02109375
0 0.50859375 0.1234375 0.02109375 0.02109375
0 0.53046875 0.1234375 0.02109375 0.02109375
0 0.5421875 0.1125 0.02109375 0.02109375
0 0.553125 0.096875 0.0203125 0.01875
0 0.534375 0.0859375 0.021875 0.01953125
0 0.5203125 0.09921875 0.01875 0.0203125
0 0.46953125 0.19765625 0.02265625 0.01953125
0 0.459375 0.1734375 0.02265625 0.02109375
0 0.37265625 0.20859375 0.02421875 0.0234375
0 0.3484375 0.2140625 0.02421875 0.0203125
0 0.31171875 0.25390625 0.025 0.02109375
0 0.3140625 0.23046875 0.02421875 0.021875
0 0.35625 0.17265625 0.021875 0.0234375
0 0.36953125 0.15625 0.021875 0.01953125
0 0.378125 0.14140625 0.02265625 0.02109375
0 0.3390625 0.1359375 0.01953125 0.01796875
0 0.32265625 0.1203125 0.02265625 0.02109375
0 0.33515625 0.0875 0.02109375 0.01875
0 0.32578125 0.0671875 0.0203125 0.01953125
0 0.28125 0.08203125 0.02265625 0.0203125
0 0.34609375 0.06640625 0.0203125 0.0203125
0 0.36875 0.06875 0.02109375 0.01875
0 0.40390625 0.06328125 0.01953125 0.01875
0 0.38828125 0.06796875 0.015625 0.01875
0 0.34609375 0.01875 0.02734375 0.02578125
0 0.45 0.11640625 0.0234375 0.02265625
0 0.43984375 0.09453125 0.025 0.02109375