0 0.52578125 0.9390625 0.03671875 0.0359375
0 0.4890625 0.94609375 0.03515625 0.034375
0 0.50390625 0.90703125 0.03515625 0.0328125
0 0.49453125 0.92109375 0.0359375 0.03125
0 0.50703125 0.88515625 0.03046875 0.03046875
0 0.54609375 0.89375 0.03359375 0.03515625
0 0.4515625 0.8875 0.03203125 0.03515625
0 0.521875 0.8625 0.03203125 0.034375
0 0.478125 0.871875 0.03046875 0.03828125
0 0.55546875 0.8515625 0.0328125 0.0375
0 0.57734375 0.81875 0.03203125 0.0359375
0 0.44296875 0.83828125 0.03515625 0.03671875
0 0.42890625 0.8109375 0.03359375 0.03515625
0 0.40703125 0.7765625 0.03203125 0.0375
0 0.63671875 0.84375 0.03125 0.034375
0 0.71015625 0.81640625 0.03359375 0.034375
0 0.6671875 0.8375 0.0328125 0.0375
0 0.68203125 0.8015625 0.03203125 0.03515625
0 0.69765625 0.76328125 0.03125 0.03671875
0 0.8609375 0.740625 0.03125 0.03515625
0 0.890625 0.71640625 0.03515625 0.03828125
0 0.76796875 0.725 0.034375 0.03828125
0 0.7953125 0.675 0.03203125 0.04140625
0 0.81640625 0.6171875 0.034375 0.03828125
0 0.796875 0.58046875 0.03359375 0.034375
0 0.559375 0.71875 0.028125 0.034375
0 0.5375 0.71875 0.0296875 0.034375
0 0.55078125 0.68828125 0.03203125 0.03125
0 0.5703125 0.6625 0.0328125 0.03671875
0 0.55625 0.6265625 0.03203125 0.0359375
0 0.58515625 0.703125 0.03359375 0.03984375
0 0.58125 0.63046875 0.03046875 0.0390625
0 0.66171875 0.62578125 0.03125 0.03828125
0 0.46328125 0.659375 0.028125 0.0359375
0 0.38828125 0.65078125 0.03828125 0.03828125
0 0.8453125 0.575 0.028125 0.0328125
0 0.82109375 0.5546875 0.03046875 0.03359375
0 0.8484375 0.53359375 0.03125 0.03203125
0 0.9734375 0.54921875 0.03125 0.034375
0 0.88125 0.52578125 0.0296875 0.03515625
0 0.97578125 0.49140625 0.03515625 0.03984375
0 0.86015625 0.4578125 0.03125 0.03359375
0 0.74765625 0.5765625 0.03046875 0.0328125
0 0.74765625 0.54609375 0.03359375 0.03125
0 0.721875 0.55859375 0.03046875 0.03359375
0 0.71328125 0.5296875 0.03125 0.0328125
0 0.6890625 0.5625 0.0328125 0.034375
0 0.61953125 0.521875 0.02890625 0.03359375
0 0.59375 0.5375 0.034375 0.03046875
0 0.63203125 0.46875 0.0328125 0.03515625
0 0.653125 0.44375 0.03359375 0.03671875
0 0.7375 0.475 0.03203125 0.034375
0 0.76640625 0.45859375 0.03203125 0.0328125
0 0.76484375 0.4265625 0.03203125 0.0328125
0 0.478125 0.571875 0.03359375 0.03515625
0 0.4953125 0.546875 0.03203125 0.0359375
0 0.528125 0.48203125 0.03046875 0.034375
0 0.5671875 0.4 0.02890625 0.03046875
0 0.540625 0.384375 0.028125 0.03125
0 0.69296875 0.371875 0.0296875 0.03515625
0 0.66171875 0.36953125 0.034375 0.03359375
0 0.66796875 0.33125 0.03359375 0.03046875
0 0.77734375 0.36796875 0.03046875 0.0328125
0 0.80078125 0.32421875 0.034375 0.03515625
0 0.72421875 0.15703125 0.0328125 0.03359375
0 0.73359375 0.1296875 0.03046875 0.03125
0 0.71171875 0.1015625 0.028125 0.0296875
0 0.715625 0.03046875 0.04296875 0.04296875