0 0.22265625 0.40703125 0.0125 0.0140625
0 0.28359375 0.428125 0.0109375 0.0109375
0 0.2578125 0.45859375 0.0125 0.0125
0 0.21953125 0.45703125 0.0140625 0.0140625
0 0.25625 0.41171875 0.0109375 0.0109375
0 0.228125 0.4453125 0.0140625 0.0140625
0 0.23828125 0.45703125 0.0140625 0.0140625
0 0.2421875 0.4296875 0.0125 0.0125
0 0.2078125 0.53828125 0.0140625 0.0140625
0 0.28203125 0.409375 0.0140625 0.0140625
0 0.25625 0.4359375 0.0140625 0.0140625
0 0.29765625 0.40546875 0.0140625 0.0140625
0 0.2203125 0.54296875 0.0140625 0.0140625
0 0.3203125 0.434375 0.0140625 0.0140625
0 0.22890625 0.515625 0.0140625 0.0140625
0 0.23828125 0.50546875 0.0140625 0.0140625
0 0.26796875 0.52578125 0.0109375 0.0109375
0 0.340625 0.459375 0.0140625 0.0140625
0 0.2078125 0.5 0.0125 0.0140625
0 0.32109375 0.390625 0.0140625 0.0140625
0 0.334375 0.40703125 0.0140625 0.0140625
0 0.26328125 0.53828125 0.0109375 0.0109375
0 0.309375 0.415625 0.0140625 0.0140625
0 0.3078125 0.39140625 0.0140625 0.0140625
0 0.3296875 0.45 0.0140625 0.0140625
0 0.20546875 0.5234375 0.0140625 0.0140625
0 0.34765625 0.4484375 0.0140625 0.0140625
0 0.3453125 0.42265625 0.0140625 0.0140625
0 0.3375 0.43203125 0.0140625 0.0140625
0 0.23125 0.534375 0.0140625 0.0140625
0 0.359375 0.4484375 0.0140625 0.0140625
0 0.309375 0.44140625 0.0140625 0.0140625
0 0.2203125 0.50234375 0.0140625 0.0140625
0 0.321875 0.40625 0.0140625 0.0140625
0 0.37109375 0.4546875 0.0140625 0.0140625
0 0.40390625 0.45390625 0.0140625 0.0140625
0 0.4296875 0.459375 0.0140625 0.0140625
0 0.39453125 0.421875 0.0140625 0.0140625
0 0.41875 0.45234375 0.0140625 0.0140625
0 0.43515625 0.428125 0.0140625 0.0140625
0 0.35234375 0.4375 0.0140625 0.0140625
0 0.24375 0.5359375 0.0140625 0.0140625
0 0.33515625 0.38359375 0.0140625 0.0140625
0 0.25546875 0.5265625 0.0140625 0.0140625
0 0.359375 0.48359375 0.0140625 0.0140625
0 0.3796875 0.4125 0.0140625 0.0140625
0 0.4109375 0.440625 0.0140625 0.0140625
0 0.45234375 0.46484375 0.0140625 0.0140625
0 0.38828125 0.446875 0.0125 0.0140625
0 0.390625 0.49375 0.0140625 0.0140625
0 0.4609375 0.4578125 0.0125 0.0140625
0 0.40625 0.478125 0.0140625 0.0140625
0 0.38515625 0.47890625 0.0140625 0.0140625
0 0.35 0.46640625 0.0140625 0.0140625
0 0.26171875 0.515625 0.0140625 0.0140625
0 0.23984375 0.525 0.0140625 0.0140625
0 0.41015625 0.42578125 0.0140625 0.0140625
0 0.42578125 0.4171875 0.0140625 0.0140625
0 0.43984375 0.46484375 0.0140625 0.0140625
0 0.43125 0.40546875 0.0140625 0.0140625
0 0.425 0.43671875 0.0140625 0.0140625
0 0.47265625 0.4515625 0.0140625 0.0140625
0 0.34609375 0.41171875 0.0140625 0.0140625
0 0.4828125 0.446875 0.0140625 0.0140625
0 0.3109375 0.4046875 0.0140625 0.0140625
0 0.4359375 0.44609375 0.0140625 0.0140625
0 0.36484375 0.46875 0.0140625 0.0140625
0 0.56015625 0.4296875 0.0140625 0.0140625
0 0.51484375 0.45 0.0140625 0.0140625
0 0.39453125 0.4625 0.0140625 0.0140625
0 0.49609375 0.3859375 0.0140625 0.0140625
0 0.54765625 0.43125 0.0140625 0.0140625
0 0.5125 0.38359375 0.0140625 0.0140625
0 0.54453125 0.44375 0.0140625 0.0140625
0 0.46484375 0.38984375 0.0140625 0.0140625
0 0.29375 0.39375 0.0140625 0.0140625
0 0.57265625 0.41484375 0.0140625 0.0140625
0 0.37890625 0.48984375 0.0140625 0.0140625
0 0.359375 0.4265625 0.0140625 0.0140625
0 0.36953125 0.40390625 0.0140625 0.0140625
0 0.34609375 0.375 0.0140625 0.0140625
0 0.44296875 0.39609375 0.0140625 0.0140625
0 0.39453125 0.4359375 0.0140625 0.0140625
0 0.56484375 0.39375 0.0140625 0.0140625
0 0.37734375 0.4421875 0.0140625 0.0140625
0 0.53984375 0.38828125 0.0140625 0.0140625
0 0.478125 0.39296875 0.0140625 0.0140625
0 0.3484375 0.3875 0.015625 0.0140625
0 0.50546875 0.440625 0.0140625 0.0109375
0 0.36015625 0.3890625 0.0140625 0.0125
0 0.21796875 0.52265625 0.0125 0.0140625
0 0.44765625 0.4078125 0.0140625 0.0140625
0 0.45390625 0.4328125 0.0140625 0.0140625
0 0.4890625 0.4390625 0.0140625 0.0140625
0 0.51484375 0.39296875 0.0140625 0.0171875
0 0.37421875 0.42578125 0.0140625 0.0140625
0 0.5234375 0.4390625 0.0125 0.0140625
0 0.46875 0.39921875 0.0140625 0.0140625
0 0.45234375 0.4203125 0.015625 0.0140625
0 0.4625 0.42109375 0.0140625 0.0109375
0 0.40625 0.46484375 0.0125 0.0140625
0 0.51328125 0.43046875 0.0140625 0.0140625
0 0.53359375 0.43515625 0.0140625 0.0140625
0 0.4890625 0.39453125 0.0140625 0.0125
0 0.478125 0.43671875 0.0140625 0.0125
0 0.5296875 0.40078125 0.0140625 0.0140625
0 0.446875 0.45390625 0.0140625 0.0140625
0 0.51171875 0.4171875 0.0109375 0.0140625
0 0.56015625 0.41796875 0.0125 0.0140625
0 0.5625 0.4078125 0.0140625 0.0125
0 0.45078125 0.4453125 0.0140625 0.0140625
0 0.55234375 0.39453125 0.0140625 0.0140625
0 0.24921875 0.51328125 0.0140625 0.0140625
0 0.55 0.40859375 0.0140625 0.0109375
0 0.540625 0.39921875 0.0109375 0.0109375
0 0.54921875 0.4203125 0.0140625 0.0140625
0 0.53828125 0.4109375 0.0140625 0.0125
0 0.52734375 0.38828125 0.0140625 0.0125
0 0.5265625 0.41484375 0.0125 0.0109375
0 0.5265625 0.42734375 0.0140625 0.0140625
0 0.5359375 0.42265625 0.0125 0.0125
0 0.5171875 0.40703125 0.0140625 0.0125
0 0.50546875 0.4078125 0.0125 0.0140625
0 0.503125 0.39609375 0.0109375 0.0125
0 0.49921875 0.4171875 0.0125 0.0140625
0 0.49296875 0.4078125 0.0140625 0.0140625
0 0.5015625 0.4296875 0.0125 0.0140625
0 0.48828125 0.428125 0.0140625 0.0140625
0 0.48671875 0.41640625 0.0125 0.0125
0 0.48046875 0.4046875 0.0125 0.0140625
0 0.47109375 0.4125 0.0125 0.0140625
0 0.47734375 0.425 0.0125 0.0125
0 0.46640625 0.4328125 0.0109375 0.0125
0 0.46328125 0.44453125 0.0140625 0.0125
0 0.459375 0.409375 0.0140625 0.0125
0 0.43984375 0.415625 0.0140625 0.0125
0 0.44375 0.4359375 0.0140625 0.0140625
0 0.3828125 0.45625 0.0125 0.0140625
0 0.38359375 0.4328125 0.0125 0.0140625
0 0.37734375 0.46953125 0.0140625 0.0125
0 0.37109375 0.48046875 0.0140625 0.0140625
0 0.36796875 0.43515625 0.0140625 0.0140625
0 0.365625 0.415625 0.0140625 0.0140625
0 0.35703125 0.40703125 0.0140625 0.0140625