0 0.3828125 0.59140625 0.01953125 0.01640625
0 0.39609375 0.58125 0.0171875 0.01328125
0 0.4109375 0.5890625 0.01875 0.01640625
0 0.38828125 0.56328125 0.0171875 0.015625
0 0.415625 0.56796875 0.01796875 0.015625
0 0.478125 0.56171875 0.01796875 0.01875
0 0.4 0.5265625 0.01796875 0.0109375
0 0.3703125 0.52890625 0.01875 0.015625
0 0.38828125 0.53828125 0.015625 0.01328125
0 0.40625 0.534375 0.021875 0.015625
0 0.45625 0.51953125 0.01484375 0.01640625
0 0.47421875 0.51796875 0.01953125 0.01484375
0 0.3828125 0.51171875 0.01640625 0.01484375
0 0.37109375 0.5015625 0.01953125 0.01328125
0 0.39921875 0.50546875 0.01796875 0.01328125
0 0.4265625 0.48203125 0.01640625 0.015625
0 0.44609375 0.47421875 0.0203125 0.01640625
0 0.41484375 0.453125 0.01796875 0.0125
0 0.40234375 0.4328125 0.01796875 0.01171875
0 0.415625 0.44140625 0.01796875 0.0125
0 0.415625 0.41328125 0.0171875 0.01796875
0 0.384375 0.45859375 0.015625 0.0140625
0 0.3484375 0.440625 0.015625 0.01328125
0 0.3328125 0.4375 0.015625 0.01328125
0 0.33359375 0.4515625 0.0140625 0.01328125
0 0.35859375 0.4515625 0.01875 0.01484375
0 0.31796875 0.446875 0.015625 0.01484375
0 0.32265625 0.46015625 0.01484375 0.015625
0 0.2921875 0.45 0.01484375 0.01328125
0 0.30546875 0.45625 0.01484375 0.0140625
0 0.29453125 0.46640625 0.01484375 0.015625
0 0.31171875 0.46953125 0.01484375 0.0140625
0 0.2671875 0.4625 0.015625 0.0140625
0 0.2796875 0.47421875 0.0171875 0.0125
0 0.296875 0.4796875 0.01875 0.0140625
0 0.26171875 0.4796875 0.01640625 0.0125
0 0.275 0.48671875 0.015625 0.0125
0 0.28671875 0.49375 0.0171875 0.0125
0 0.3 0.5 0.01640625 0.0125
0 0.3109375 0.5109375 0.0171875 0.01328125
0 0.25625 0.4921875 0.015625 0.0140625
0 0.28046875 0.51015625 0.01640625 0.0125
0 0.303125 0.5296875 0.0171875 0.0140625
0 0.27109375 0.50078125 0.01328125 0.01328125
0 0.29296875 0.51640625 0.01640625 0.01328125
0 0.23671875 0.515625 0.01640625 0.01328125
0 0.253125 0.5078125 0.01796875 0.01484375
0 0.2625 0.51796875 0.015625 0.0140625
0 0.2765625 0.52578125 0.01875 0.01328125
0 0.2234375 0.52421875 0.01640625 0.0140625
0 0.234375 0.5375 0.0171875 0.0125
0 0.24296875 0.5265625 0.01484375 0.0125
0 0.25703125 0.53359375 0.015625 0.01328125
0 0.27109375 0.53984375 0.0140625 0.01328125
0 0.290625 0.540625 0.0171875 0.0140625
0 0.2421875 0.56171875 0.01796875 0.01328125
0 0.3359375 0.54140625 0.0171875 0.01484375
0 0.24765625 0.55234375 0.01796875 0.01328125
0 0.23203125 0.55234375 0.0171875 0.01328125
0 0.23671875 0.578125 0.01640625 0.01484375
0 0.18203125 0.53046875 0.015625 0.01171875
0 0.20859375 0.503125 0.01796875 0.0140625
0 0.165625 0.540625 0.015625 0.01328125
0 0.22421875 0.56640625 0.0171875 0.01328125
0 0.22890625 0.59296875 0.01484375 0.0140625
0 0.24453125 0.5890625 0.015625 0.0140625
0 0.30390625 0.5828125 0.01875 0.01640625
0 0.26484375 0.60859375 0.015625 0.01484375
0 0.296875 0.609375 0.0171875 0.01640625
0 0.25 0.60390625 0.015625 0.0140625
0 0.27890625 0.60859375 0.01640625 0.015625
0 0.23515625 0.6078125 0.0171875 0.0140625
0 0.17734375 0.57890625 0.015625 0.01328125
0 0.18828125 0.57265625 0.0171875 0.0140625
0 0.17734375 0.6296875 0.01484375 0.01328125
0 0.19453125 0.64609375 0.01875 0.015625
0 0.2359375 0.65234375 0.015625 0.0140625
0 0.246875 0.6328125 0.0171875 0.01484375
0 0.228125 0.640625 0.0171875 0.015625
0 0.21796875 0.66640625 0.015625 0.01328125
0 0.23203125 0.6671875 0.01796875 0.0140625
0 0.34375 0.621875 0.0171875 0.015625
0 0.35859375 0.6171875 0.0140625 0.01328125
0 0.37421875 0.62421875 0.0203125 0.015625
0 0.25625 0.62109375 0.01796875 0.01640625
0 0.278125 0.6265625 0.01796875 0.0140625
0 0.30234375 0.63203125 0.01875 0.0140625
0 0.346875 0.63671875 0.01875 0.0140625
0 0.3578125 0.64765625 0.01875 0.01640625
0 0.40703125 0.63125 0.0203125 0.01640625
0 0.234375 0.69609375 0.01875 0.0140625
0 0.26171875 0.7046875 0.01875 0.015625
0 0.3171875 0.67265625 0.01796875 0.0140625
0 0.4265625 0.66953125 0.01875 0.01640625
0 0.35390625 0.6765625 0.0171875 0.015625
0 0.37734375 0.69921875 0.0203125 0.01640625
0 0.39921875 0.6671875 0.01640625 0.01640625
0 0.41640625 0.6765625 0.01875 0.01640625