0 0.48046875 0.725 0.0171875 0.0171875
0 0.4671875 0.71484375 0.0171875 0.01875
0 0.48984375 0.7109375 0.0171875 0.0203125
0 0.47734375 0.69765625 0.0171875 0.0171875
0 0.490625 0.68828125 0.0171875 0.01875
0 0.52109375 0.71328125 0.0171875 0.0171875
0 0.5078125 0.7015625 0.0171875 0.0171875
0 0.52109375 0.690625 0.0171875 0.01875
0 0.43828125 0.71796875 0.0203125 0.0203125
0 0.53203125 0.70078125 0.0171875 0.01875
0 0.4375 0.7 0.0171875 0.01875
0 0.4078125 0.71484375 0.01875 0.01875
0 0.39765625 0.70234375 0.0171875 0.0171875
0 0.38359375 0.6875 0.01875 0.01875
0 0.3875 0.6671875 0.01875 0.01875
0 0.44296875 0.67109375 0.01875 0.01875
0 0.53125 0.66796875 0.0171875 0.0171875
0 0.51796875 0.66015625 0.0171875 0.0171875
0 0.52578125 0.646875 0.0171875 0.0171875
0 0.52734375 0.63046875 0.0171875 0.0171875
0 0.5140625 0.61328125 0.0171875 0.0171875
0 0.496875 0.615625 0.0171875 0.0171875
0 0.48828125 0.62734375 0.0171875 0.0171875
0 0.48125 0.6140625 0.0171875 0.0171875
0 0.46640625 0.61953125 0.0171875 0.0171875
0 0.45234375 0.62265625 0.0171875 0.0171875
0 0.4234375 0.640625 0.0171875 0.0171875
0 0.42109375 0.625 0.0171875 0.0171875
0 0.403125 0.634375 0.0171875 0.0203125
0 0.40703125 0.61875 0.0171875 0.015625
0 0.42265625 0.609375 0.0171875 0.015625
0 0.41015625 0.60234375 0.015625 0.0171875
0 0.41484375 0.5875 0.0171875 0.0171875
0 0.4421875 0.5953125 0.0171875 0.0171875
0 0.4265625 0.59453125 0.0171875 0.0171875
0 0.45703125 0.5984375 0.0140625 0.0171875
0 0.4859375 0.59921875 0.0171875 0.0171875
0 0.471875 0.6015625 0.015625 0.0171875
0 0.5015625 0.60078125 0.0171875 0.015625
0 0.50234375 0.5859375 0.0171875 0.0171875
0 0.4765625 0.58515625 0.0171875 0.0171875
0 0.46171875 0.58359375 0.0171875 0.0171875
0 0.44140625 0.5796875 0.0171875 0.0171875
0 0.40703125 0.5703125 0.01875 0.0171875
0 0.39609375 0.55859375 0.0171875 0.0171875
0 0.37578125 0.61796875 0.0171875 0.0171875
0 0.359375 0.61953125 0.015625 0.0171875
0 0.34453125 0.62734375 0.01875 0.0171875
0 0.36484375 0.603125 0.0171875 0.0171875
0 0.38359375 0.590625 0.0171875 0.01875
0 0.3578125 0.5828125 0.0171875 0.0171875
0 0.37265625 0.5734375 0.0171875 0.0171875
0 0.36484375 0.56015625 0.0171875 0.0171875
0 0.346875 0.56875 0.0171875 0.0171875
0 0.27265625 0.56328125 0.0171875 0.01875
0 0.26328125 0.509375 0.0171875 0.0171875
0 0.29765625 0.48046875 0.0171875 0.01875
0 0.35 0.45703125 0.0171875 0.0203125
0 0.33984375 0.434375 0.0171875 0.0171875
0 0.3375 0.4171875 0.0171875 0.0171875
0 0.35546875 0.43125 0.0171875 0.01875
0 0.3515625 0.409375 0.0171875 0.0171875
0 0.36640625 0.40703125 0.0171875 0.0171875
0 0.5265625 0.590625 0.0171875 0.0171875
0 0.51875 0.57734375 0.015625 0.0171875
0 0.52421875 0.5625 0.015625 0.0171875
0 0.53671875 0.571875 0.0140625 0.0171875
0 0.54921875 0.5625 0.015625 0.0171875
0 0.5359375 0.55390625 0.015625 0.0171875
0 0.50546875 0.56484375 0.0171875 0.0171875
0 0.4875 0.571875 0.0171875 0.0171875
0 0.471875 0.56796875 0.0171875 0.0171875
0 0.49140625 0.5578125 0.0171875 0.0171875
0 0.5046875 0.54921875 0.0171875 0.0171875
0 0.5046875 0.534375 0.0171875 0.015625
0 0.48515625 0.54375 0.0171875 0.0171875
0 0.48671875 0.5296875 0.0171875 0.015625
0 0.475 0.52109375 0.0140625 0.0171875
0 0.46015625 0.521875 0.0171875 0.0171875
0 0.45234375 0.50859375 0.015625 0.0171875
0 0.4671875 0.49921875 0.0171875 0.0171875
0 0.4828125 0.5078125 0.0171875 0.0171875
0 0.4984375 0.50625 0.0171875 0.0171875
0 0.48203125 0.490625 0.0171875 0.015625
0 0.5125 0.50703125 0.0171875 0.0171875
0 0.5125 0.48515625 0.0171875 0.0171875
0 0.52890625 0.48125 0.0171875 0.0171875
0 0.503125 0.46328125 0.0171875 0.0171875
0 0.48046875 0.47578125 0.0171875 0.0171875
0 0.46875 0.4671875 0.0171875 0.0171875
0 0.4625 0.48125 0.0171875 0.0171875
0 0.45078125 0.490625 0.0171875 0.0171875
0 0.4484375 0.47109375 0.0171875 0.0171875
0 0.45703125 0.4578125 0.0171875 0.0171875
0 0.45546875 0.44375 0.0171875 0.0171875
0 0.4921875 0.434375 0.0171875 0.0171875
0 0.47421875 0.42578125 0.0171875 0.0203125
0 0.43984375 0.40703125 0.0171875 0.0171875
0 0.45859375 0.39375 0.0171875 0.0171875
0 0.48828125 0.3984375 0.015625 0.0171875
0 0.47421875 0.390625 0.0171875 0.0171875
0 0.4890625 0.38359375 0.015625 0.0171875
0 0.525 0.428125 0.0171875 0.0171875
0 0.51484375 0.4171875 0.01875 0.01875
0 0.5453125 0.4328125 0.0171875 0.01875
0 0.54609375 0.40078125 0.0171875 0.01875
0 0.53125 0.371875 0.0171875 0.0171875
0 0.51640625 0.3671875 0.0171875 0.0171875
0 0.5015625 0.37109375 0.0171875 0.0171875
0 0.48515625 0.36796875 0.0171875 0.0171875
0 0.46875 0.371875 0.0171875 0.0171875
0 0.45703125 0.36171875 0.01875 0.0171875
0 0.4359375 0.36484375 0.01875 0.0203125
0 0.4203125 0.3640625 0.0171875 0.01875
0 0.44296875 0.3515625 0.01875 0.0203125
0 0.4265625 0.3390625 0.0171875 0.0171875
0 0.4109375 0.33828125 0.0171875 0.01875
0 0.4 0.32890625 0.015625 0.0171875
0 0.3734375 0.34375 0.0203125 0.0203125
0 0.3859375 0.32734375 0.015625 0.01875
0 0.41015625 0.3171875 0.0171875 0.01875
0 0.3953125 0.31171875 0.0171875 0.0171875
0 0.42421875 0.3234375 0.0171875 0.01875
0 0.4171875 0.30546875 0.01875 0.0171875
0 0.5671875 0.37109375 0.0171875 0.01875
0 0.53828125 0.35859375 0.0171875 0.0171875
0 0.55078125 0.346875 0.0171875 0.0171875
0 0.51484375 0.3515625 0.0171875 0.0203125
0 0.50078125 0.35703125 0.0171875 0.0171875
0 0.4859375 0.35234375 0.0171875 0.01875
0 0.471875 0.34609375 0.015625 0.01875
0 0.484375 0.33671875 0.0203125 0.0171875
0 0.46796875 0.32890625 0.0171875 0.0203125
0 0.50625 0.33828125 0.0171875 0.0171875
0 0.50234375 0.32265625 0.0171875 0.0171875
0 0.55078125 0.33125 0.0171875 0.0171875
0 0.53671875 0.32421875 0.0171875 0.01875
0 0.521875 0.31875 0.0171875 0.01875
0 0.54921875 0.315625 0.0171875 0.0171875
0 0.53203125 0.3078125 0.0171875 0.0171875
0 0.52109375 0.29765625 0.01875 0.0171875
0 0.47734375 0.29921875 0.0171875 0.0171875
0 0.48671875 0.28515625 0.0171875 0.0171875
0 0.471875 0.2828125 0.0171875 0.0171875
0 0.4578125 0.2875 0.0171875 0.0171875
0 0.4484375 0.3015625 0.0171875 0.0171875
0 0.46328125 0.30234375 0.0171875 0.0171875
0 0.4375 0.28828125 0.0171875 0.0171875
0 0.421875 0.28125 0.0171875 0.0203125
0 0.303125 0.3140625 0.0203125 0.01875
0 0.3671875 0.29140625 0.0171875 0.0203125
0 0.353125 0.2828125 0.0171875 0.01875
0 0.33203125 0.28515625 0.01875 0.0203125
0 0.35859375 0.26484375 0.01875 0.0171875
0 0.39609375 0.18984375 0.0203125 0.0203125
0 0.4921875 0.19296875 0.0203125 0.0203125
0 0.53515625 0.21953125 0.0171875 0.01875
0 0.534375 0.2015625 0.0171875 0.0203125
0 0.56328125 0.2046875 0.0171875 0.01875
0 0.54765625 0.2109375 0.0171875 0.01875
0 0.5625 0.221875 0.0171875 0.0203125