0 0.7203125 0.52734375 0.01875 0.01875
0 0.6828125 0.5015625 0.01875 0.01875
0 0.6234375 0.54609375 0.0171875 0.01875
0 0.615625 0.57890625 0.01875 0.01875
0 0.59453125 0.5953125 0.015625 0.0171875
0 0.57734375 0.58515625 0.0171875 0.01875
0 0.59609375 0.56953125 0.0171875 0.0171875
0 0.58515625 0.56171875 0.0140625 0.0140625
0 0.56015625 0.56328125 0.0140625 0.0140625
0 0.54296875 0.56796875 0.015625 0.015625
0 0.54765625 0.553125 0.0140625 0.0140625
0 0.5796875 0.5484375 0.015625 0.015625
0 0.59609375 0.534375 0.01875 0.0171875
0 0.5875 0.5203125 0.0171875 0.01875
0 0.58046875 0.53515625 0.015625 0.015625
0 0.56875 0.52421875 0.0140625 0.0140625
0 0.571875 0.51015625 0.015625 0.0171875
0 0.56171875 0.54140625 0.0171875 0.0171875
0 0.54453125 0.53359375 0.015625 0.0171875
0 0.53359375 0.525 0.0140625 0.0140625
0 0.55703125 0.52109375 0.0140625 0.0140625
0 0.55546875 0.50625 0.015625 0.015625
0 0.54296875 0.51171875 0.0140625 0.0140625
0 0.54921875 0.4921875 0.0171875 0.0171875
0 0.56171875 0.57734375 0.0171875 0.0171875
0 0.54765625 0.58203125 0.0171875 0.0171875
0 0.5484375 0.60078125 0.015625 0.0171875
0 0.5359375 0.60078125 0.0140625 0.0140625
0 0.540625 0.6140625 0.015625 0.015625
0 0.5234375 0.61796875 0.015625 0.015625
0 0.51015625 0.615625 0.015625 0.015625
0 0.52109375 0.6046875 0.0171875 0.015625
0 0.52578125 0.578125 0.0140625 0.0140625
0 0.52578125 0.5921875 0.0171875 0.015625
0 0.509375 0.6 0.0140625 0.0140625
0 0.5109375 0.58828125 0.0140625 0.0140625
0 0.515625 0.571875 0.015625 0.015625
0 0.50234375 0.575 0.015625 0.015625
0 0.4921875 0.59609375 0.015625 0.015625
0 0.49921875 0.6109375 0.015625 0.015625
0 0.50390625 0.62734375 0.015625 0.015625
0 0.4875 0.61875 0.0140625 0.0140625
0 0.4890625 0.63125 0.0171875 0.0171875
0 0.47578125 0.634375 0.0140625 0.0140625
0 0.47890625 0.609375 0.0140625 0.0140625
0 0.46640625 0.62109375 0.015625 0.0171875
0 0.453125 0.62421875 0.0171875 0.01875
0 0.44375 0.6421875 0.01875 0.01875
0 0.453125 0.61171875 0.015625 0.015625
0 0.4390625 0.62265625 0.0140625 0.0140625
0 0.4609375 0.60078125 0.0140625 0.0140625
0 0.446875 0.6 0.0140625 0.0140625
0 0.434375 0.60078125 0.015625 0.015625
0 0.42421875 0.61171875 0.015625 0.0171875
0 0.40390625 0.6078125 0.0171875 0.01875
0 0.465625 0.5828125 0.0171875 0.01875
0 0.44765625 0.58046875 0.0171875 0.01875
0 0.39609375 0.5875 0.01875 0.01875
0 0.4296875 0.58359375 0.015625 0.0171875
0 0.47265625 0.56875 0.0140625 0.0140625
0 0.45703125 0.57265625 0.0140625 0.0140625
0 0.44609375 0.56640625 0.0140625 0.0140625
0 0.4328125 0.56640625 0.015625 0.0171875
0 0.4875 0.54921875 0.015625 0.015625
0 0.4734375 0.55234375 0.015625 0.015625
0 0.4609375 0.5515625 0.015625 0.015625
0 0.4484375 0.55234375 0.015625 0.015625
0 0.4359375 0.55078125 0.0140625 0.0140625
0 0.453125 0.54140625 0.0140625 0.0140625
0 0.440625 0.5390625 0.0140625 0.0140625
0 0.47578125 0.5375 0.015625 0.015625
0 0.46328125 0.5359375 0.0140625 0.0140625
0 0.48828125 0.53671875 0.0140625 0.0140625
0 0.50234375 0.521875 0.0171875 0.0171875
0 0.4875 0.52421875 0.0140625 0.0140625
0 0.47421875 0.52578125 0.015625 0.015625
0 0.4515625 0.528125 0.0140625 0.0140625
0 0.4609375 0.51953125 0.0140625 0.0140625
0 0.465625 0.50546875 0.015625 0.015625
0 0.4890625 0.51015625 0.0140625 0.0140625
0 0.47734375 0.5125 0.0140625 0.0140625
0 0.50234375 0.50625 0.015625 0.015625
0 0.4921875 0.496875 0.015625 0.015625
0 0.4796875 0.50078125 0.015625 0.015625
0 0.50234375 0.48984375 0.015625 0.015625
0 0.47890625 0.48671875 0.015625 0.0171875
0 0.46640625 0.484375 0.015625 0.015625
0 0.49921875 0.478125 0.0140625 0.0140625
0 0.48671875 0.478125 0.0140625 0.0140625
0 0.47578125 0.4671875 0.0171875 0.01875
0 0.5109375 0.47265625 0.0171875 0.01875
0 0.5078125 0.45625 0.015625 0.015625
0 0.49921875 0.46484375 0.015625 0.015625
0 0.56796875 0.4625 0.015625 0.0171875
0 0.5203125 0.459375 0.0171875 0.01875
0 0.50546875 0.4375 0.0171875 0.01875
0 0.496875 0.42578125 0.01875 0.0171875
0 0.56640625 0.35078125 0.0171875 0.0171875
0 0.56171875 0.33359375 0.0171875 0.0171875