0 0.66796875 0.690625 0.025 0.0203125
0 0.64609375 0.68359375 0.025 0.0203125
0 0.69921875 0.6921875 0.0265625 0.0203125
0 0.72109375 0.69375 0.025 0.0203125
0 0.75859375 0.68125 0.028125 0.0234375
0 0.7421875 0.66640625 0.025 0.0203125
0 0.728125 0.68046875 0.025 0.0203125
0 0.703125 0.678125 0.025 0.0203125
0 0.68046875 0.68046875 0.025 0.0203125
0 0.6734375 0.665625 0.0265625 0.0203125
0 0.6703125 0.63359375 0.025 0.0203125
0 0.69453125 0.6625 0.028125 0.0203125
0 0.67734375 0.64921875 0.021875 0.01875
0 0.70546875 0.65 0.025 0.021875
0 0.71953125 0.6640625 0.025 0.0203125
0 0.73046875 0.64921875 0.0234375 0.021875
0 0.7515625 0.64140625 0.028125 0.025
0 0.71953125 0.63359375 0.025 0.021875
0 0.7078125 0.61875 0.028125 0.0234375
0 0.69453125 0.63359375 0.0265625 0.021875
0 0.6828125 0.61875 0.025 0.021875
0 0.69609375 0.60078125 0.025 0.0234375
0 0.66875 0.60234375 0.025 0.0234375
0 0.6578125 0.6171875 0.025 0.0203125
0 0.65390625 0.6546875 0.025 0.0203125
0 0.6484375 0.63828125 0.025 0.0203125
0 0.62890625 0.6671875 0.025 0.0203125
0 0.6328125 0.65234375 0.028125 0.0234375
0 0.65078125 0.66953125 0.0234375 0.01875
0 0.6265625 0.684375 0.0265625 0.0234375
0 0.603125 0.6796875 0.025 0.021875
0 0.59921875 0.66328125 0.028125 0.0203125
0 0.52734375 0.67890625 0.025 0.0203125
0 0.55625 0.6609375 0.025 0.0203125
0 0.5546875 0.67734375 0.025 0.021875
0 0.578125 0.6828125 0.025 0.0203125
0 0.58046875 0.66796875 0.025 0.0203125
0 0.57421875 0.65234375 0.0265625 0.0203125
0 0.5796875 0.6375 0.025 0.0203125
0 0.60546875 0.65 0.025 0.01875
0 0.59921875 0.63359375 0.0265625 0.021875
0 0.6140625 0.62265625 0.025 0.0203125
0 0.62578125 0.63515625 0.025 0.021875
0 0.6359375 0.6234375 0.028125 0.021875
0 0.6390625 0.60546875 0.025 0.0203125
0 0.6515625 0.590625 0.028125 0.0234375
0 0.63046875 0.5734375 0.0296875 0.0234375
0 0.62421875 0.5890625 0.0265625 0.021875
0 0.6140625 0.6046875 0.0265625 0.0234375
0 0.59296875 0.61328125 0.0265625 0.0203125
0 0.5578125 0.63203125 0.025 0.01875
0 0.57421875 0.621875 0.025 0.0203125
0 0.5515625 0.64609375 0.025 0.01875
0 0.534375 0.65 0.025 0.021875
0 0.5359375 0.665625 0.0234375 0.01875
0 0.51484375 0.66328125 0.025 0.0203125
0 0.5 0.6734375 0.021875 0.01875
0 0.4828125 0.6625 0.025 0.0203125
0 0.5125 0.6484375 0.021875 0.0171875
0 0.5203125 0.63515625 0.025 0.0203125
0 0.534375 0.625 0.021875 0.01875
0 0.55078125 0.615625 0.025 0.0203125
0 0.565625 0.6046875 0.025 0.0234375
0 0.58515625 0.5984375 0.025 0.0203125
0 0.60078125 0.58671875 0.025 0.021875
0 0.60625 0.5703125 0.025 0.021875
0 0.45078125 0.6328125 0.025 0.0203125
0 0.4390625 0.61640625 0.025 0.021875
0 0.4640625 0.646875 0.021875 0.01875
0 0.4609375 0.61875 0.0234375 0.0203125
0 0.48359375 0.64765625 0.0234375 0.01875
0 0.47109375 0.634375 0.0203125 0.015625
0 0.49609375 0.6359375 0.025 0.0203125
0 0.48125 0.62109375 0.025 0.0203125
0 0.4890625 0.6078125 0.025 0.0203125
0 0.50546875 0.5984375 0.0234375 0.01875
0 0.521875 0.5890625 0.021875 0.01875
0 0.5046875 0.6234375 0.021875 0.01875
0 0.51875 0.61171875 0.025 0.0234375
0 0.53515625 0.60234375 0.025 0.0234375
0 0.55 0.59140625 0.025 0.021875
0 0.56953125 0.58515625 0.025 0.0203125
0 0.5828125 0.571875 0.028125 0.0234375
0 0.5921875 0.55625 0.025 0.021875
0 0.55625 0.57109375 0.028125 0.021875
0 0.5359375 0.57734375 0.025 0.021875
0 0.5140625 0.57109375 0.0234375 0.01875
0 0.496875 0.5796875 0.028125 0.0234375
0 0.4796875 0.59140625 0.0234375 0.01875
0 0.46484375 0.60234375 0.021875 0.01875
0 0.42265625 0.59609375 0.021875 0.021875
0 0.45859375 0.58671875 0.0265625 0.0234375
0 0.4734375 0.57421875 0.025 0.0234375
0 0.48046875 0.55625 0.025 0.025
0 0.5015625 0.5546875 0.028125 0.0265625
0 0.528125 0.559375 0.025 0.021875
0 0.5171875 0.54296875 0.028125 0.0234375
0 0.5484375 0.55234375 0.025 0.021875
0 0.53828125 0.53515625 0.028125 0.0234375