0 0.4984375 0.06640625 0.05703125 0.05546875
0 0.496875 0.015625 0.06640625 0.03125
0 0.1390625 0.02578125 0.06171875 0.0515625
0 0.0546875 0.03515625 0.06953125 0.059375
0 0.0796875 0.16484375 0.0671875 0.065625
0 0.178125 0.2171875 0.0625 0.0640625
0 0.26953125 0.24375 0.0609375 0.06484375
0 0.20546875 0.27265625 0.0609375 0.06328125
0 0.23359375 0.32734375 0.0671875 0.0609375
0 0.15078125 0.33046875 0.06484375 0.0578125
0 0.21484375 0.3921875 0.0609375 0.06171875
0 0.2796875 0.40390625 0.059375 0.0609375
0 0.25625 0.4515625 0.05703125 0.05703125
0 0.1203125 0.40390625 0.05859375 0.05390625
0 0.16796875 0.434375 0.0609375 0.06796875
0 0.1921875 0.48828125 0.05859375 0.059375
0 0.1796875 0.55625 0.06640625 0.05625
0 0.26171875 0.51015625 0.05390625 0.0578125
0 0.3109375 0.4546875 0.05625 0.06328125
0 0.38515625 0.4296875 0.06171875 0.05625
0 0.365625 0.490625 0.06171875 0.05546875
0 0.3171875 0.5234375 0.06328125 0.0578125
0 0.42109375 0.51953125 0.0625 0.0640625
0 0.37890625 0.56171875 0.0546875 0.05546875
0 0.32421875 0.58046875 0.05625 0.05859375
0 0.2671875 0.58515625 0.06328125 0.0640625
0 0.3078125 0.63046875 0.0578125 0.05703125
0 0.2546875 0.65234375 0.0671875 0.065625
0 0.29609375 0.69296875 0.0546875 0.0578125
0 0.35 0.6625 0.0609375 0.05859375
0 0.34921875 0.7265625 0.05703125 0.0578125
0 0.31171875 0.79453125 0.05625 0.0515625
0 0.2734375 0.8734375 0.0546875 0.06015625
0 0.47421875 0.7984375 0.06328125 0.05859375
0 0.51328125 0.8328125 0.05703125 0.0578125
0 0.54765625 0.8953125 0.05859375 0.0625
0 0.57734375 0.840625 0.06015625 0.0609375
0 0.5578125 0.7875 0.059375 0.05703125
0 0.49765625 0.734375 0.05625 0.0546875
0 0.5015625 0.6765625 0.059375 0.059375
0 0.4453125 0.64453125 0.05859375 0.053125
0 0.3890625 0.6140625 0.06171875 0.05859375
0 0.48515625 0.56015625 0.04765625 0.059375
0 0.54140625 0.56875 0.053125 0.0578125
0 0.59375 0.67109375 0.05859375 0.06796875
0 0.58203125 0.73359375 0.0546875 0.06328125
0 0.6328125 0.796875 0.05703125 0.06171875
0 0.6875 0.81484375 0.05859375 0.0578125
0 0.66875 0.61484375 0.05390625 0.06015625
0 0.72265625 0.59921875 0.0546875 0.05703125
0 0.7546875 0.6515625 0.06328125 0.0609375
0 0.85703125 0.66015625 0.0625 0.06328125
0 0.778125 0.59296875 0.05625 0.06171875
0 0.76796875 0.5390625 0.06640625 0.06328125
0 0.740625 0.48828125 0.059375 0.0640625
0 0.80859375 0.484375 0.0640625 0.06484375
0 0.85859375 0.39921875 0.065625 0.0671875
0 0.7203125 0.3875 0.06171875 0.0703125
0 0.67578125 0.3515625 0.06015625 0.059375
0 0.48984375 0.41484375 0.05390625 0.06328125
0 0.48828125 0.35703125 0.05703125 0.06328125
0 0.5203125 0.2921875 0.059375 0.0625
0 0.46484375 0.2609375 0.059375 0.05546875
0 0.47109375 0.2046875 0.0671875 0.0625
0 0.5421875 0.18671875 0.0609375 0.0671875
0 0.5578125 0.253125 0.06484375 0.06484375
0 0.603125 0.29765625 0.0625 0.06328125
0 0.63515625 0.24453125 0.05703125 0.0640625
0 0.69140625 0.28984375 0.06171875 0.06328125
0 0.625 0.17265625 0.0625 0.0640625
0 0.646875 0.10625 0.06171875 0.06328125
0 0.80625 0.16484375 0.05859375 0.06015625
0 0.790625 0.29453125 0.0609375 0.06328125
0 0.8421875 0.12109375 0.059375 0.05703125