0 0.61484375 0.71796875 0.040625 0.040625
0 0.6375 0.77421875 0.034375 0.0375
0 0.66484375 0.79453125 0.0375 0.0375
0 0.67734375 0.65859375 0.0375 0.0390625
0 0.709375 0.678125 0.0375 0.0390625
0 0.740625 0.68359375 0.034375 0.0375
0 0.76953125 0.678125 0.034375 0.0375
0 0.5828125 0.653125 0.0375 0.0421875
0 0.6125 0.65546875 0.0421875 0.04375
0 0.5546875 0.66484375 0.0375 0.0375
0 0.52265625 0.5953125 0.0390625 0.040625
0 0.55859375 0.5984375 0.0390625 0.04375
0 0.5875 0.58515625 0.0359375 0.0390625
0 0.63203125 0.5796875 0.040625 0.040625
0 0.65703125 0.54765625 0.0375 0.0375
0 0.68046875 0.52890625 0.034375 0.0375
0 0.72421875 0.54375 0.034375 0.0375
0 0.67109375 0.47890625 0.03125 0.03125
0 0.69921875 0.48203125 0.03125 0.0328125
0 0.70546875 0.51796875 0.034375 0.0328125
0 0.69765625 0.453125 0.0328125 0.03125
0 0.7171875 0.48046875 0.01875 0.0328125
0 0.73671875 0.48828125 0.0359375 0.0359375
0 0.7578125 0.540625 0.0375 0.040625
0 0.759375 0.58203125 0.0421875 0.0421875
0 0.7828125 0.6515625 0.040625 0.040625
0 0.74609375 0.6484375 0.0328125 0.0375
0 0.81484375 0.6453125 0.0359375 0.0375
0 0.8390625 0.66015625 0.03125 0.0328125
0 0.8265625 0.69140625 0.0453125 0.0421875
0 0.7390625 0.72890625 0.0453125 0.0390625
0 0.709375 0.79375 0.0453125 0.0421875
0 0.7625 0.78046875 0.0421875 0.04375
0 0.7640625 0.93125 0.0453125 0.04375
0 0.8578125 0.9109375 0.0421875 0.0359375
0 0.89140625 0.9015625 0.0375 0.0375
0 0.86640625 0.69375 0.0375 0.0375
0 0.86640625 0.66171875 0.0375 0.0328125
0 0.90078125 0.66953125 0.0375 0.0359375
0 0.79140625 0.58125 0.0390625 0.0359375
0 0.80546875 0.4953125 0.040625 0.0359375
0 0.8078125 0.53359375 0.0375 0.0390625
0 0.79765625 0.5546875 0.0296875 0.025
0 0.77578125 0.48125 0.0421875 0.0421875
0 0.8375 0.48515625 0.0375 0.034375
0 0.83984375 0.5171875 0.0375 0.0359375
0 0.86875 0.51640625 0.034375 0.0359375
0 0.92890625 0.65859375 0.0359375 0.0421875
0 0.87734375 0.54375 0.0375 0.0375
0 0.8578125 0.56640625 0.0359375 0.040625
0 0.95859375 0.64609375 0.0375 0.034375
0 0.95234375 0.8203125 0.0421875 0.040625
0 0.94375 0.61875 0.0328125 0.0359375
0 0.8921875 0.5828125 0.040625 0.0375
0 0.96953125 0.6140625 0.034375 0.0375
0 0.928125 0.521875 0.040625 0.040625
0 0.9765625 0.54375 0.0390625 0.040625
0 0.9953125 0.53671875 0.009375 0.0390625
0 0.975 0.4859375 0.0375 0.0421875
0 0.99140625 0.44453125 0.0171875 0.0390625
0 0.97578125 0.44140625 0.03125 0.034375
0 0.97890625 0.384375 0.021875 0.0375
0 0.96796875 0.3421875 0.025 0.040625
0 0.953125 0.2921875 0.0265625 0.0375
0 0.94296875 0.37890625 0.040625 0.0375
0 0.9453125 0.40703125 0.0390625 0.034375
0 0.91171875 0.36875 0.0375 0.0375
0 0.9046875 0.4328125 0.040625 0.0390625
0 0.79921875 0.41171875 0.0375 0.0328125
0 0.83046875 0.4125 0.034375 0.0359375
0 0.8078125 0.37734375 0.0390625 0.040625
0 0.7265625 0.41484375 0.0453125 0.0453125
0 0.675 0.42265625 0.0359375 0.040625
0 0.69296875 0.378125 0.0375 0.0390625
0 0.8265625 0.3484375 0.034375 0.0359375
0 0.7234375 0.3734375 0.034375 0.0375
0 0.8421875 0.2875 0.034375 0.0375
0 0.78359375 0.26484375 0.040625 0.040625
0 0.86015625 0.103125 0.0375 0.0375
0 0.7453125 0.2421875 0.0375 0.0390625
0 0.7421875 0.146875 0.0390625 0.040625
0 0.7109375 0.2453125 0.040625 0.040625
0 0.6703125 0.2625 0.0453125 0.0421875
0 0.67890625 0.1734375 0.0375 0.040625
0 0.6671875 0.22109375 0.0421875 0.0421875
0 0.63828125 0.18515625 0.0421875 0.04375
0 0.6375 0.2265625 0.0375 0.0390625
0 0.63046875 0.25625 0.0421875 0.0421875
0 0.625 0.2859375 0.0421875 0.040625
0 0.6421875 0.42890625 0.040625 0.0390625
0 0.625 0.4703125 0.0421875 0.0421875
0 0.59921875 0.521875 0.0390625 0.040625
0 0.59375 0.475 0.034375 0.034375
0 0.57265625 0.496875 0.034375 0.0375
0 0.5625 0.42421875 0.0421875 0.0421875
0 0.57109375 0.459375 0.0359375 0.040625
0 0.5609375 0.39453125 0.0421875 0.0421875
0 0.59140625 0.27578125 0.0453125 0.0421875
0 0.5625 0.0421875 0.04375 0.0390625
0 0.53046875 0.09296875 0.040625 0.0390625
0 0.5234375 0.159375 0.040625 0.0390625
0 0.5203125 0.225 0.0453125 0.04375
0 0.50859375 0.30625 0.040625 0.040625
0 0.54921875 0.4765625 0.0359375 0.040625
0 0.5359375 0.4453125 0.040625 0.040625
0 0.525 0.490625 0.0375 0.0390625
0 0.5140625 0.41953125 0.0390625 0.0375
0 0.5046875 0.384375 0.040625 0.0390625
0 0.4828125 0.365625 0.0359375 0.028125
0 0.475 0.3296875 0.0390625 0.0375
0 0.478125 0.41953125 0.040625 0.0359375
0 0.49453125 0.48046875 0.0390625 0.0375
0 0.465625 0.390625 0.034375 0.0375
0 0.4296875 0.17265625 0.040625 0.0390625
0 0.4484375 0.3609375 0.0390625 0.040625
0 0.4375 0.40546875 0.0390625 0.0375
0 0.465625 0.51484375 0.0453125 0.0421875
0 0.4375 0.4703125 0.0375 0.034375
0 0.43828125 0.49765625 0.040625 0.0359375
0 0.446875 0.55 0.04375 0.0390625
0 0.4046875 0.44140625 0.04375 0.0375
0 0.40859375 0.490625 0.040625 0.0390625
0 0.41015625 0.525 0.046875 0.0390625
0 0.38203125 0.27578125 0.04375 0.0421875
0 0.3984375 0.30703125 0.04375 0.0375
0 0.37890625 0.23203125 0.05 0.040625
0 0.34296875 0.29296875 0.0421875 0.04375
0 0.36875 0.421875 0.05 0.04375
0 0.54296875 0.7859375 0.0421875 0.0421875
0 0.18828125 0.38203125 0.05625 0.0484375
0 0.21640625 0.5953125 0.0515625 0.046875
0 0.28671875 0.68046875 0.0484375 0.046875
0 0.24375 0.68359375 0.05 0.0421875
0 0.26875 0.7109375 0.0421875 0.0390625
0 0.2578125 0.74296875 0.0375 0.0421875
0 0.29375 0.73828125 0.04375 0.040625
0 0.5078125 0.7875 0.040625 0.040625
0 0.590625 0.74140625 0.0375 0.0390625