0 0.875 0.65390625 0.046875 0.0578125
0 0.69765625 0.91015625 0.0359375 0.0421875
0 0.7375 0.8640625 0.034375 0.04375
0 0.7 0.865625 0.034375 0.046875
0 0.7921875 0.7796875 0.0328125 0.0421875
0 0.771875 0.75625 0.0328125 0.040625
0 0.765625 0.79375 0.0328125 0.0390625
0 0.79921875 0.65546875 0.0390625 0.0453125
0 0.75234375 0.66875 0.034375 0.0375
0 0.725 0.640625 0.034375 0.0375
0 0.69609375 0.63046875 0.0328125 0.0390625
0 0.68515625 0.5984375 0.0328125 0.034375
0 0.675 0.80859375 0.0296875 0.0359375
0 0.6546875 0.83671875 0.0296875 0.0421875
0 0.61484375 0.771875 0.0328125 0.040625
0 0.525 0.790625 0.034375 0.040625
0 0.4921875 0.94453125 0.0328125 0.0421875
0 0.48046875 0.82734375 0.0328125 0.04375
0 0.69453125 0.4171875 0.0328125 0.0421875
0 0.66015625 0.4171875 0.0328125 0.040625
0 0.61328125 0.4515625 0.0328125 0.0390625
0 0.6171875 0.38203125 0.0359375 0.04375
0 0.59453125 0.421875 0.0328125 0.0390625
0 0.72421875 0.53515625 0.03125 0.0421875
0 0.68984375 0.5375 0.0328125 0.0359375
0 0.6734375 0.5671875 0.0328125 0.034375
0 0.63515625 0.56953125 0.0328125 0.040625
0 0.59921875 0.60390625 0.0328125 0.040625
0 0.56796875 0.61015625 0.0328125 0.0375
0 0.534375 0.62265625 0.0265625 0.0375
0 0.5125 0.6140625 0.0328125 0.0375
0 0.5 0.59921875 0.028125 0.0296875
0 0.5046875 0.64140625 0.028125 0.028125
0 0.47890625 0.6546875 0.0296875 0.0390625
0 0.546875 0.48359375 0.034375 0.0421875
0 0.51796875 0.4546875 0.0328125 0.0375
0 0.50234375 0.49921875 0.0296875 0.040625
0 0.51328125 0.5265625 0.03125 0.0375
0 0.47421875 0.5625 0.0328125 0.0375
0 0.4484375 0.50234375 0.0328125 0.040625
0 0.42109375 0.4390625 0.0328125 0.0359375
0 0.45390625 0.45234375 0.034375 0.0328125
0 0.4546875 0.42578125 0.0296875 0.040625
0 0.44296875 0.47421875 0.0296875 0.021875
0 0.43671875 0.4078125 0.0296875 0.0390625
0 0.48984375 0.346875 0.0328125 0.040625
0 0.5734375 0.290625 0.0328125 0.0375
0 0.615625 0.2640625 0.034375 0.0375
0 0.5859375 0.2546875 0.03125 0.040625
0 0.559375 0.2625 0.03125 0.040625
0 0.5265625 0.30078125 0.0328125 0.034375
0 0.51640625 0.3234375 0.03125 0.0265625
0 0.5484375 0.29921875 0.028125 0.0375
0 0.64921875 0.11484375 0.0390625 0.0453125
0 0.53046875 0.19375 0.0328125 0.0359375
0 0.5046875 0.20859375 0.0328125 0.0359375
0 0.49140625 0.16796875 0.0328125 0.0421875
0 0.5546875 0.1609375 0.0390625 0.0453125
0 0.5671875 0.0859375 0.0359375 0.04375
0 0.60703125 0.11796875 0.0359375 0.0453125
0 0.54765625 0.059375 0.034375 0.040625
0 0.50859375 0.07265625 0.0328125 0.040625
0 0.48203125 0.1015625 0.0328125 0.040625
0 0.47734375 0.1359375 0.03125 0.03125
0 0.45546875 0.09609375 0.0296875 0.04375
0 0.43125 0.11640625 0.0359375 0.0421875
0 0.42734375 0.1546875 0.0359375 0.0453125
0 0.4609375 0.1671875 0.0359375 0.0453125
0 0.42578125 0.2578125 0.0359375 0.0453125
0 0.4453125 0.28359375 0.0296875 0.0375
0 0.421875 0.309375 0.0328125 0.0421875
0 0.39453125 0.328125 0.0359375 0.04375
0 0.39375 0.3671875 0.0359375 0.0421875
0 0.42578125 0.56015625 0.0296875 0.0375
0 0.39765625 0.575 0.0328125 0.040625
0 0.4546875 0.63515625 0.028125 0.0265625
0 0.45546875 0.5890625 0.03125 0.028125
0 0.4546875 0.61171875 0.0296875 0.0375
0 0.42578125 0.6375 0.03125 0.0375
0 0.45703125 0.66328125 0.01875 0.0359375
0 0.43984375 0.6640625 0.0296875 0.0359375
0 0.4484375 0.69921875 0.0328125 0.0390625
0 0.4421875 0.74921875 0.0296875 0.034375
0 0.42890625 0.7765625 0.0296875 0.0375
0 0.39609375 0.8328125 0.034375 0.040625
0 0.4078125 0.75390625 0.0296875 0.0375
0 0.38671875 0.7265625 0.0265625 0.0421875
0 0.41484375 0.6875 0.025 0.03125
0 0.40390625 0.72109375 0.0296875 0.040625
0 0.38359375 0.690625 0.03125 0.0359375
0 0.390625 0.64296875 0.0296875 0.0421875
0 0.40625 0.66796875 0.0296875 0.034375
0 0.36328125 0.7265625 0.0296875 0.0375
0 0.35390625 0.684375 0.0328125 0.0375
0 0.33515625 0.76875 0.0328125 0.0390625
0 0.334375 0.65859375 0.0328125 0.040625
0 0.28203125 0.70234375 0.0328125 0.04375
0 0.26875 0.46328125 0.0328125 0.040625
0 0.24296875 0.44765625 0.0328125 0.04375