0 0.5546875 0.4484375 0.015625 0.0203125
0 0.578125 0.4265625 0.01875 0.021875
0 0.56640625 0.409375 0.01796875 0.021875
0 0.56171875 0.4296875 0.0171875 0.0203125
0 0.540625 0.4328125 0.0171875 0.021875
0 0.54609375 0.3921875 0.01953125 0.0234375
0 0.54765625 0.4140625 0.01875 0.02265625
0 0.53125 0.37890625 0.0203125 0.02421875
0 0.50546875 0.3765625 0.02265625 0.0203125
0 0.5203125 0.3953125 0.0203125 0.0234375
0 0.525 0.41875 0.01953125 0.02265625
0 0.5015625 0.3984375 0.01875 0.02421875
0 0.50546875 0.42109375 0.01875 0.021875
0 0.4796875 0.384375 0.02109375 0.02265625
0 0.48359375 0.4078125 0.0203125 0.02265625
0 0.45859375 0.38203125 0.0234375 0.0234375
0 0.46171875 0.4046875 0.0234375 0.0203125
0 0.41484375 0.3921875 0.02265625 0.02734375
0 0.4375 0.39296875 0.021875 0.021875
0 0.36484375 0.4125 0.0234375 0.02421875
0 0.3203125 0.403125 0.02421875 0.025
0 0.3421875 0.39921875 0.0234375 0.025
0 0.371875 0.39140625 0.0234375 0.0234375
0 0.39453125 0.39765625 0.021875 0.02421875
0 0.3953125 0.421875 0.0234375 0.02421875
0 0.4171875 0.41796875 0.021875 0.0234375
0 0.44296875 0.415625 0.02265625 0.02265625
0 0.44296875 0.43828125 0.021875 0.02265625
0 0.41875 0.44140625 0.021875 0.0234375
0 0.42890625 0.46171875 0.02109375 0.02265625
0 0.3453125 0.425 0.0234375 0.0265625
0 0.37734375 0.43515625 0.021875 0.0234375
0 0.3203125 0.42890625 0.0234375 0.02421875
0 0.290625 0.43515625 0.025 0.02578125
0 0.31171875 0.453125 0.0234375 0.02734375
0 0.334375 0.45 0.0203125 0.025
0 0.359375 0.4453125 0.02109375 0.025
0 0.37890625 0.459375 0.02109375 0.025
0 0.3984375 0.44609375 0.01953125 0.02265625
0 0.40859375 0.46796875 0.0203125 0.02421875
0 0.39140625 0.48125 0.02109375 0.0234375
0 0.353125 0.46796875 0.02578125 0.02421875
0 0.3296875 0.47421875 0.0234375 0.0234375
0 0.31328125 0.4921875 0.02578125 0.0265625
0 0.3453125 0.49375 0.02421875 0.025
0 0.36875 0.4875 0.02265625 0.025
0 0.3625 0.5125 0.02265625 0.025
0 0.38515625 0.50625 0.02265625 0.0265625
0 0.378125 0.53359375 0.0234375 0.02734375
0 0.40234375 0.52421875 0.0234375 0.025
0 0.4078125 0.49921875 0.0203125 0.02421875
0 0.42421875 0.4859375 0.01953125 0.02578125
0 0.44375 0.4796875 0.0203125 0.02109375
0 0.45234375 0.46015625 0.021875 0.02421875
0 0.46875 0.45 0.021875 0.021875
0 0.46875 0.42734375 0.02109375 0.0234375
0 0.48984375 0.4296875 0.02109375 0.021875
0 0.4890625 0.45234375 0.0203125 0.0234375
0 0.4796875 0.47109375 0.01953125 0.02265625
0 0.4640625 0.48515625 0.01953125 0.0234375
0 0.4484375 0.503125 0.02109375 0.0234375
0 0.42734375 0.5109375 0.02109375 0.0234375
0 0.4203125 0.53515625 0.021875 0.02578125
0 0.44140625 0.55078125 0.021875 0.02265625
0 0.44296875 0.5265625 0.0203125 0.02421875
0 0.475 0.50546875 0.02109375 0.02265625
0 0.48828125 0.49140625 0.02109375 0.0234375
0 0.5 0.47265625 0.01953125 0.0234375
0 0.5109375 0.45703125 0.01875 0.02265625
0 0.52109375 0.4390625 0.01875 0.021875
0 0.53828125 0.45390625 0.01796875 0.01953125
0 0.52890625 0.4703125 0.02109375 0.021875
0 0.51640625 0.4875 0.021875 0.0234375
0 0.50625 0.50546875 0.021875 0.0234375
0 0.49140625 0.51875 0.02109375 0.0203125
0 0.47890625 0.5640625 0.02265625 0.02421875
0 0.46484375 0.525 0.021875 0.025
0 0.46328125 0.54921875 0.01953125 0.02265625
0 0.484375 0.53984375 0.021875 0.02421875
0 0.5265625 0.57421875 0.02265625 0.025
0 0.51484375 0.55390625 0.02109375 0.02265625
0 0.50546875 0.53515625 0.01796875 0.0234375
0 0.51953125 0.52265625 0.01796875 0.0234375
0 0.5296875 0.503125 0.01875 0.021875
0 0.53046875 0.540625 0.01953125 0.021875
0 0.54140625 0.559375 0.02109375 0.021875
0 0.53984375 0.52265625 0.0171875 0.021875
0 0.55 0.53984375 0.01953125 0.02109375
0 0.5671875 0.53203125 0.01875 0.02421875
0 0.54140625 0.48671875 0.01875 0.02265625
0 0.5515625 0.50546875 0.01953125 0.02265625
0 0.57109375 0.50859375 0.01796875 0.02265625
0 0.5515625 0.46953125 0.01875 0.0203125
0 0.56171875 0.48828125 0.01875 0.02109375
0 0.5734375 0.46875 0.01953125 0.021875
0 0.58046875 0.4890625 0.01953125 0.02265625
0 0.57265625 0.44765625 0.01875 0.02109375
0 0.59140625 0.44609375 0.01875 0.021875
0 0.60703125 0.47109375 0.0203125 0.02265625