0 0.1953125 0.63984375 0.0484375 0.0421875
0 0.2203125 0.6671875 0.0515625 0.0453125
0 0.26171875 0.67109375 0.046875 0.0421875
0 0.28203125 0.6328125 0.0453125 0.040625
0 0.2046875 0.60546875 0.046875 0.040625
0 0.2484375 0.61171875 0.0515625 0.0390625
0 0.16875 0.57265625 0.05 0.0421875
0 0.16171875 0.5234375 0.05625 0.0421875
0 0.28671875 0.5953125 0.0484375 0.0421875
0 0.19453125 0.4984375 0.05625 0.0453125
0 0.23828125 0.39921875 0.053125 0.04375
0 0.2421875 0.45 0.053125 0.0421875
0 0.2890625 0.51640625 0.053125 0.0453125
0 0.3359375 0.5140625 0.0484375 0.0390625
0 0.36015625 0.54609375 0.0484375 0.0390625
0 0.39453125 0.5296875 0.0453125 0.0390625
0 0.37734375 0.49921875 0.0515625 0.040625
0 0.46640625 0.55625 0.0390625 0.0375
0 0.50625 0.56015625 0.0421875 0.0359375
0 0.490625 0.53125 0.0421875 0.0375
0 0.44140625 0.5328125 0.0421875 0.0375
0 0.425 0.425 0.0453125 0.040625
0 0.40625 0.47578125 0.04375 0.0375
0 0.425 0.503125 0.040625 0.034375
0 0.465625 0.50703125 0.040625 0.0375
0 0.49921875 0.5 0.0390625 0.0375
0 0.45234375 0.48046875 0.0359375 0.034375
0 0.48046875 0.46796875 0.0453125 0.0328125
0 0.521875 0.478125 0.0390625 0.034375
0 0.52734375 0.52109375 0.0390625 0.0375
0 0.515625 0.44921875 0.0453125 0.034375
0 0.553125 0.49140625 0.0390625 0.034375
0 0.57109375 0.4671875 0.0375 0.0328125
0 0.58359375 0.50625 0.0375 0.0359375
0 0.5921875 0.45078125 0.0421875 0.0328125
0 0.60078125 0.48203125 0.0359375 0.0328125
0 0.62578125 0.503125 0.0359375 0.0328125
0 0.6234375 0.4703125 0.0375 0.03125
0 0.58984375 0.42421875 0.0390625 0.034375
0 0.61796875 0.440625 0.0328125 0.0328125
0 0.64765625 0.45390625 0.0328125 0.0296875
0 0.65 0.48515625 0.0328125 0.0296875
0 0.665625 0.5078125 0.040625 0.034375
0 0.675 0.4671875 0.03125 0.0328125
0 0.703125 0.4796875 0.03125 0.03125
0 0.68671875 0.44609375 0.034375 0.0328125
0 0.71640625 0.45703125 0.0328125 0.0296875
0 0.7328125 0.24765625 0.0265625 0.03125
0 0.7515625 0.2484375 0.03125 0.0296875
0 0.71171875 0.24140625 0.040625 0.03125
0 0.73984375 0.215625 0.0359375 0.0328125
0 0.76640625 0.23046875 0.034375 0.0296875
0 0.79375 0.24609375 0.034375 0.034375
0 0.7046875 0.26796875 0.0328125 0.0328125
0 0.70234375 0.32734375 0.0390625 0.034375
0 0.696875 0.2984375 0.0375 0.03125
0 0.678125 0.3390625 0.034375 0.0359375
0 0.7171875 0.3609375 0.0359375 0.0359375
0 0.7578125 0.34453125 0.0375 0.0328125
0 0.7484375 0.31328125 0.0375 0.0328125
0 0.78125 0.31171875 0.0328125 0.0296875
0 0.80625 0.33046875 0.0328125 0.0328125
0 0.6796875 0.40859375 0.034375 0.0328125
0 0.71875 0.42734375 0.0359375 0.0328125
0 0.74453125 0.45234375 0.0390625 0.034375
0 0.79140625 0.45703125 0.0375 0.0328125
0 0.778125 0.42109375 0.034375 0.03125
0 0.8046875 0.43125 0.0328125 0.0328125
0 0.85625 0.5234375 0.0359375 0.0328125
0 0.8625 0.4890625 0.034375 0.03125
0 0.85078125 0.46796875 0.0328125 0.03125
0 0.83515625 0.44921875 0.028125 0.025
0 0.88515625 0.4703125 0.0328125 0.03125
0 0.87109375 0.453125 0.0296875 0.0296875
0 0.8515625 0.434375 0.028125 0.028125
0 0.8265625 0.41484375 0.0296875 0.0296875
0 0.85234375 0.41015625 0.025 0.0234375
0 0.8859375 0.43515625 0.028125 0.0265625
0 0.90390625 0.4546875 0.0265625 0.025
0 0.91015625 0.4796875 0.028125 0.0265625
0 0.92734375 0.4640625 0.028125 0.0265625
0 0.95234375 0.44453125 0.025 0.025
0 0.909375 0.4296875 0.0296875 0.0296875
0 0.93359375 0.4265625 0.028125 0.0265625
0 0.89375 0.4140625 0.028125 0.0265625
0 0.8703125 0.403125 0.03125 0.0265625
0 0.846875 0.3859375 0.03125 0.028125
0 0.85234375 0.3609375 0.03125 0.0296875
0 0.87109375 0.3796875 0.028125 0.0265625
0 0.80234375 0.2828125 0.0328125 0.0296875
0 0.82890625 0.30078125 0.03125 0.0265625
0 0.8390625 0.33203125 0.0296875 0.0296875
0 0.8640625 0.33671875 0.028125 0.0265625
0 0.88125 0.3515625 0.0265625 0.025
0 0.89609375 0.375 0.025 0.0265625
0 0.9140625 0.3921875 0.0296875 0.028125
0 0.9 0.34296875 0.028125 0.0265625
0 0.9328125 0.3828125 0.0265625 0.025
0 0.9484375 0.3640625 0.03125 0.0265625