0 0.54140625 0.871875 0.0328125 0.0390625
0 0.80546875 0.5484375 0.0265625 0.0328125
0 0.7578125 0.52265625 0.0234375 0.03125
0 0.759375 0.415625 0.0234375 0.025
0 0.76640625 0.43828125 0.025 0.028125
0 0.74765625 0.43515625 0.0203125 0.028125
0 0.7234375 0.4078125 0.01875 0.0234375
0 0.74140625 0.390625 0.0109375 0.01875
0 0.73203125 0.384375 0.01875 0.01875
0 0.740625 0.41484375 0.0203125 0.021875
0 0.73203125 0.40078125 0.01875 0.021875
0 0.72265625 0.3765625 0.0140625 0.0203125
0 0.709375 0.39140625 0.021875 0.025
0 0.70703125 0.3703125 0.0234375 0.025
0 0.7234375 0.2984375 0.0234375 0.028125
0 0.71875 0.32109375 0.0203125 0.028125
0 0.73671875 0.315625 0.0234375 0.0265625
0 0.74375 0.365625 0.021875 0.0265625
0 0.728125 0.3515625 0.021875 0.025
0 0.73984375 0.33359375 0.021875 0.025
0 0.7125 0.35234375 0.0203125 0.021875
0 0.70546875 0.334375 0.0234375 0.028125
0 0.70703125 0.41015625 0.01875 0.021875
0 0.7234375 0.42578125 0.0234375 0.0265625
0 0.71796875 0.44921875 0.0234375 0.0265625
0 0.72421875 0.48828125 0.025 0.028125
0 0.69609375 0.421875 0.021875 0.0234375
0 0.6984375 0.44140625 0.0234375 0.028125
0 0.67734375 0.4140625 0.021875 0.0234375
0 0.684375 0.39296875 0.025 0.028125
0 0.67734375 0.43515625 0.0234375 0.0265625
0 0.67578125 0.4625 0.021875 0.028125
0 0.68828125 0.459375 0.0171875 0.0234375
0 0.6859375 0.48125 0.0234375 0.028125
0 0.6640625 0.45390625 0.0171875 0.0234375
0 0.64375 0.39609375 0.0234375 0.025
0 0.6515625 0.375 0.0234375 0.028125
0 0.653125 0.41875 0.0234375 0.0234375
0 0.66171875 0.4 0.0234375 0.025
0 0.64609375 0.43828125 0.0234375 0.0265625
0 0.66328125 0.4859375 0.0234375 0.0265625
0 0.64296875 0.48671875 0.0265625 0.0296875
0 0.64453125 0.46328125 0.0234375 0.028125
0 0.65078125 0.51171875 0.0265625 0.0328125
0 0.68046875 0.56171875 0.0265625 0.0296875
0 0.68203125 0.58203125 0.0265625 0.0265625
0 0.6625 0.54921875 0.025 0.03125
0 0.6375 0.56640625 0.025 0.028125
0 0.6421875 0.54140625 0.025 0.0296875
0 0.6265625 0.5296875 0.0234375 0.028125
0 0.6046875 0.5171875 0.0265625 0.028125
0 0.61953125 0.49609375 0.0234375 0.028125
0 0.609375 0.540625 0.0265625 0.0296875
0 0.6203125 0.5921875 0.0234375 0.03125
0 0.61796875 0.565625 0.0265625 0.0296875
0 0.6234375 0.6203125 0.0265625 0.0328125
0 0.60390625 0.61171875 0.0265625 0.0296875
0 0.60234375 0.57890625 0.0234375 0.03125
0 0.5953125 0.55703125 0.0234375 0.028125
0 0.5890625 0.534375 0.0265625 0.03125
0 0.58828125 0.61953125 0.0234375 0.03125
0 0.5859375 0.5953125 0.0234375 0.028125
0 0.57890625 0.571875 0.0265625 0.03125
0 0.55625 0.471875 0.025 0.03125
0 0.5671875 0.60078125 0.0265625 0.0296875
0 0.58515625 0.66875 0.0265625 0.03125
0 0.56875 0.6546875 0.0265625 0.0296875
0 0.5671875 0.62578125 0.0265625 0.0328125
0 0.575 0.740625 0.03125 0.0359375
0 0.5640625 0.6890625 0.0265625 0.0328125
0 0.54609375 0.66328125 0.0265625 0.03125
0 0.5421875 0.63671875 0.025 0.03125
0 0.51953125 0.59296875 0.0265625 0.0328125
0 0.54609375 0.70625 0.0265625 0.0328125
0 0.5328125 0.68515625 0.0265625 0.0328125
0 0.52421875 0.66171875 0.0265625 0.0328125
0 0.51015625 0.64375 0.0265625 0.0328125
0 0.53671875 0.7375 0.028125 0.0328125
0 0.525 0.715625 0.0265625 0.0328125
0 0.5109375 0.69609375 0.0265625 0.0328125
0 0.5015625 0.67109375 0.028125 0.0328125
0 0.5140625 0.7515625 0.0296875 0.0390625
0 0.49921875 0.72890625 0.03125 0.0359375
0 0.4953125 0.77421875 0.028125 0.034375
0 0.48046875 0.74765625 0.03125 0.0359375
0 0.48125 0.80546875 0.03125 0.0359375
0 0.51171875 0.85625 0.0296875 0.0375
0 0.471875 0.871875 0.0328125 0.0359375
0 0.44765625 0.8859375 0.03125 0.0390625
0 0.41875 0.86640625 0.0328125 0.0390625
0 0.4078125 0.83515625 0.0296875 0.0390625
0 0.434375 0.78359375 0.03125 0.0359375
0 0.4140625 0.80625 0.0265625 0.0328125
0 0.40859375 0.7765625 0.028125 0.0375
0 0.38359375 0.8328125 0.03125 0.0359375
0 0.3734375 0.809375 0.03125 0.034375
0 0.38046875 0.7796875 0.028125 0.034375