0 0.1578125 0.396875 0.034375 0.03125
0 0.18984375 0.40703125 0.0328125 0.0265625
0 0.24375 0.38828125 0.028125 0.025
0 0.246875 0.4109375 0.03125 0.0265625
0 0.23671875 0.434375 0.03125 0.028125
0 0.25 0.46484375 0.03125 0.0296875
0 0.27109375 0.40625 0.028125 0.025
0 0.2640625 0.42890625 0.028125 0.0265625
0 0.26953125 0.45 0.0328125 0.03125
0 0.27421875 0.38984375 0.034375 0.028125
0 0.29765625 0.3953125 0.028125 0.028125
0 0.2953125 0.42421875 0.0328125 0.03125
0 0.296875 0.4453125 0.0296875 0.025
0 0.30234375 0.4671875 0.034375 0.028125
0 0.31796875 0.41171875 0.03125 0.025
0 0.31875 0.4375 0.025 0.025
0 0.296875 0.353125 0.03125 0.025
0 0.33046875 0.3640625 0.028125 0.025
0 0.35703125 0.3625 0.0234375 0.0234375
0 0.35546875 0.39921875 0.025 0.0234375
0 0.37890625 0.38828125 0.0234375 0.021875
0 0.3859375 0.36171875 0.021875 0.0203125
0 0.33671875 0.4515625 0.0265625 0.0234375
0 0.3578125 0.4390625 0.025 0.021875
0 0.3796875 0.421875 0.0203125 0.0203125
0 0.34453125 0.478125 0.025 0.025
0 0.3609375 0.46015625 0.0234375 0.021875
0 0.36796875 0.49140625 0.0234375 0.0234375
0 0.3828125 0.46953125 0.0234375 0.021875
0 0.3828125 0.44375 0.025 0.025
0 0.403125 0.4203125 0.0234375 0.021875
0 0.39375 0.48828125 0.0234375 0.0234375
0 0.4078125 0.4703125 0.028125 0.025
0 0.40859375 0.50703125 0.0265625 0.0234375
0 0.43203125 0.4953125 0.0234375 0.021875
0 0.41171875 0.43984375 0.025 0.025
0 0.42890625 0.390625 0.025 0.021875
0 0.428125 0.4234375 0.025 0.0234375
0 0.43359375 0.44375 0.021875 0.0203125
0 0.43671875 0.465625 0.025 0.0265625
0 0.45234375 0.4296875 0.025 0.025
0 0.459375 0.4515625 0.0234375 0.0234375
0 0.45703125 0.47890625 0.025 0.025
0 0.45703125 0.50625 0.028125 0.025
0 0.475 0.5265625 0.028125 0.0265625
0 0.48359375 0.45703125 0.028125 0.025
0 0.48203125 0.47890625 0.0265625 0.025
0 0.46328125 0.38671875 0.025 0.025
0 0.48359375 0.3984375 0.0265625 0.025
0 0.4828125 0.41796875 0.0265625 0.025
0 0.5046875 0.42890625 0.0234375 0.0234375
0 0.51640625 0.453125 0.0234375 0.0234375
0 0.50390625 0.46875 0.0234375 0.0234375
0 0.503125 0.49140625 0.0234375 0.021875
0 0.525 0.48046875 0.0234375 0.025
0 0.5328125 0.421875 0.025 0.021875
0 0.5375 0.44375 0.025 0.025
0 0.5390625 0.46484375 0.0234375 0.021875
0 0.559375 0.4546875 0.021875 0.0203125
0 0.5578125 0.425 0.0265625 0.025
0 0.54609375 0.48828125 0.025 0.025
0 0.52109375 0.50859375 0.025 0.025
0 0.5390625 0.52578125 0.025 0.0234375
0 0.5546875 0.54296875 0.025 0.025
0 0.56953125 0.4875 0.025 0.025
0 0.57734375 0.4453125 0.0234375 0.021875
0 0.57734375 0.46796875 0.0234375 0.021875
0 0.59921875 0.4625 0.025 0.025
0 0.59140625 0.4921875 0.025 0.025
0 0.5921875 0.52578125 0.0265625 0.025
0 0.60390625 0.44140625 0.0203125 0.0203125
0 0.60859375 0.41796875 0.0265625 0.025
0 0.62421875 0.43359375 0.0234375 0.0234375
0 0.63515625 0.41640625 0.0234375 0.021875
0 0.63359375 0.45234375 0.0234375 0.0234375
0 0.6203125 0.46796875 0.025 0.0265625
0 0.63203125 0.48671875 0.025 0.025
0 0.62578125 0.51171875 0.028125 0.025
0 0.65546875 0.48046875 0.025 0.025
0 0.65703125 0.45234375 0.025 0.021875
0 0.4046875 0.38671875 0.0234375 0.0234375
0 0.46171875 0.6796875 0.028125 0.028125
0 0.65546875 0.4328125 0.0234375 0.021875
0 0.66015625 0.4125 0.0234375 0.01875
0 0.67734375 0.428125 0.0203125 0.0203125
0 0.6890625 0.446875 0.0265625 0.0234375
0 0.6734375 0.4703125 0.028125 0.025
0 0.68984375 0.48671875 0.0265625 0.0234375
0 0.65859375 0.51875 0.0296875 0.0265625
0 0.64765625 0.54609375 0.0296875 0.025
0 0.68046875 0.5109375 0.028125 0.025
0 0.6875 0.53359375 0.028125 0.025
0 0.68359375 0.5609375 0.03125 0.025
0 0.71484375 0.5296875 0.028125 0.025
0 0.7140625 0.49453125 0.028125 0.025
0 0.73125 0.51171875 0.028125 0.025
0 0.74765625 0.53203125 0.03125 0.025
0 0.7515625 0.5078125 0.03125 0.025
0 0.75546875 0.47890625 0.03125 0.025
0 0.77890625 0.5046875 0.03125 0.028125
0 0.77265625 0.52734375 0.028125 0.028125
0 0.7625 0.5546875 0.03125 0.028125
0 0.7859375 0.55078125 0.03125 0.0265625
0 0.7921875 0.57578125 0.03125 0.025
0 0.8140625 0.565625 0.03125 0.025
0 0.82890625 0.5921875 0.0296875 0.0265625
0 0.84375 0.57421875 0.028125 0.0265625
0 0.83125 0.55 0.03125 0.0265625
0 0.6953125 0.70390625 0.03125 0.028125
0 0.66328125 0.75703125 0.0375 0.0328125
0 0.70625 0.4296875 0.0234375 0.0234375
0 0.715625 0.46328125 0.0265625 0.021875
0 0.7265625 0.44375 0.025 0.021875
0 0.72734375 0.4234375 0.0265625 0.025
0 0.70625 0.38203125 0.025 0.0234375
0 0.75 0.41484375 0.028125 0.025
0 0.7984375 0.4234375 0.0234375 0.021875
0 0.8015625 0.44609375 0.0265625 0.0234375
0 0.8234375 0.4390625 0.028125 0.025
0 0.81953125 0.4125 0.0265625 0.025
0 0.84921875 0.42734375 0.0265625 0.025
0 0.865625 0.44375 0.028125 0.025
0 0.875 0.465625 0.028125 0.025
0 0.8015625 0.50546875 0.0265625 0.0265625
0 0.80078125 0.5296875 0.028125 0.025
0 0.82578125 0.51328125 0.028125 0.025
0 0.84921875 0.50859375 0.03125 0.025
0 0.86796875 0.5375 0.028125 0.025
0 0.88828125 0.50390625 0.03125 0.025
0 0.9109375 0.48671875 0.028125 0.025
0 0.89921875 0.525 0.0328125 0.025
0 0.89296875 0.54609375 0.028125 0.0265625
0 0.92578125 0.51875 0.028125 0.025
0 0.8671875 0.5734375 0.028125 0.028125
0 0.86640625 0.6 0.0296875 0.025
0 0.8953125 0.58125 0.03125 0.025
0 0.89140625 0.6046875 0.03125 0.028125
0 0.921875 0.60546875 0.0296875 0.025
0 0.92109375 0.571875 0.028125 0.025
0 0.9421875 0.590625 0.028125 0.028125
0 0.971875 0.56796875 0.0296875 0.03125
0 0.96875 0.5359375 0.0296875 0.0265625
0 0.96796875 0.503125 0.03125 0.0265625
0 0.896875 0.378125 0.028125 0.025