0 0.52109375 0.03203125 0.0296875 0.0296875
0 0.5734375 0.0390625 0.0296875 0.0296875
0 0.528125 0.10078125 0.03125 0.0296875
0 0.49453125 0.146875 0.0296875 0.0296875
0 0.36796875 0.1375 0.028125 0.03125
0 0.3421875 0.13671875 0.0296875 0.0296875
0 0.33125 0.15703125 0.028125 0.0296875
0 0.34296875 0.18671875 0.0296875 0.0296875
0 0.44375 0.1921875 0.03125 0.0328125
0 0.35390625 0.1640625 0.0296875 0.0296875
0 0.2015625 0.071875 0.0328125 0.0328125
0 0.18046875 0.10078125 0.0296875 0.0296875
0 0.27578125 0.2140625 0.0328125 0.0328125
0 0.21640625 0.26015625 0.028125 0.0296875
0 0.20234375 0.2734375 0.0296875 0.0296875
0 0.3125 0.28828125 0.0296875 0.03125
0 0.3484375 0.290625 0.0296875 0.0296875
0 0.40078125 0.25546875 0.0296875 0.0296875
0 0.396875 0.2796875 0.0328125 0.028125
0 0.46484375 0.33203125 0.0296875 0.0296875
0 0.59296875 0.29609375 0.0296875 0.03125
0 0.6875 0.290625 0.0296875 0.0296875
0 0.74296875 0.21953125 0.0265625 0.028125
0 0.759375 0.2859375 0.0296875 0.028125
0 0.73984375 0.30390625 0.028125 0.028125
0 0.7203125 0.3203125 0.0265625 0.0265625
0 0.7890625 0.2921875 0.0265625 0.0265625
0 0.76484375 0.30625 0.0265625 0.0265625
0 0.75078125 0.32578125 0.0265625 0.028125
0 0.78671875 0.32109375 0.0265625 0.028125
0 0.80234375 0.37109375 0.0296875 0.0296875
0 0.82421875 0.40390625 0.0296875 0.0265625
0 0.8140625 0.421875 0.0265625 0.0296875
0 0.7921875 0.42421875 0.028125 0.028125
0 0.6484375 0.38515625 0.028125 0.0296875
0 0.6609375 0.40703125 0.0265625 0.0296875
0 0.67578125 0.4359375 0.028125 0.0296875
0 0.56015625 0.41796875 0.028125 0.028125
0 0.5328125 0.39921875 0.028125 0.0265625
0 0.52734375 0.3671875 0.0265625 0.028125
0 0.5484375 0.38203125 0.0265625 0.0296875
0 0.46328125 0.36796875 0.028125 0.0296875
0 0.44453125 0.353125 0.0296875 0.0296875
0 0.5 0.4203125 0.0265625 0.0265625
0 0.5359375 0.42265625 0.028125 0.0265625
0 0.52265625 0.446875 0.0265625 0.0265625
0 0.46875 0.41640625 0.028125 0.028125
0 0.478125 0.440625 0.0265625 0.0265625
0 0.45 0.43984375 0.0265625 0.0265625
0 0.4984375 0.45234375 0.025 0.0265625
0 0.46171875 0.45859375 0.0265625 0.0265625
0 0.44296875 0.46953125 0.0296875 0.0265625
0 0.4796875 0.46953125 0.0265625 0.0296875
0 0.4625 0.484375 0.028125 0.0265625
0 0.49765625 0.48125 0.0265625 0.0296875
0 0.46328125 0.50625 0.0265625 0.0265625
0 0.44765625 0.52109375 0.028125 0.028125
0 0.4859375 0.528125 0.028125 0.0296875
0 0.4015625 0.54296875 0.0265625 0.03125
0 0.378125 0.5421875 0.028125 0.028125
0 0.35546875 0.5703125 0.0265625 0.0296875
0 0.321875 0.55390625 0.0296875 0.0296875
0 0.3890625 0.56171875 0.0265625 0.0265625
0 0.37890625 0.578125 0.0265625 0.028125
0 0.42265625 0.57265625 0.0234375 0.025
0 0.4015625 0.57421875 0.0265625 0.028125
0 0.4234375 0.59375 0.0265625 0.0265625
0 0.41015625 0.6125 0.0265625 0.028125
0 0.44296875 0.6046875 0.0265625 0.028125
0 0.428125 0.6359375 0.028125 0.0265625
0 0.4796875 0.63359375 0.028125 0.0296875
0 0.4484375 0.62890625 0.028125 0.0296875
0 0.371875 0.46640625 0.0265625 0.0296875
0 0.34921875 0.4578125 0.0265625 0.0296875
0 0.3609375 0.49921875 0.0296875 0.028125
0 0.22734375 0.38828125 0.028125 0.0296875
0 0.14140625 0.4 0.03125 0.0296875
0 0.07421875 0.34296875 0.0328125 0.0328125
0 0.59921875 0.47265625 0.028125 0.028125
0 0.5734375 0.48359375 0.0265625 0.0296875
0 0.56875 0.50703125 0.025 0.0296875
0 0.5390625 0.53671875 0.028125 0.0328125
0 0.58203125 0.52890625 0.0296875 0.028125
0 0.56171875 0.54296875 0.0265625 0.028125
0 0.575 0.56484375 0.03125 0.0328125
0 0.66640625 0.509375 0.028125 0.03125
0 0.64296875 0.540625 0.0296875 0.0296875
0 0.63984375 0.565625 0.0328125 0.03125
0 0.675 0.55703125 0.0265625 0.03125
0 0.6921875 0.5765625 0.03125 0.0328125
0 0.6140625 0.65625 0.0265625 0.0296875
0 0.615625 0.684375 0.028125 0.028125
0 0.58671875 0.690625 0.0265625 0.028125
0 0.55859375 0.6796875 0.0265625 0.0296875
0 0.5359375 0.6515625 0.028125 0.0265625
0 0.5234375 0.63125 0.0265625 0.0296875
0 0.50546875 0.64453125 0.0265625 0.0296875
0 0.475 0.659375 0.028125 0.0296875
0 0.4515625 0.6546875 0.03125 0.0328125
0 0.6078125 0.72890625 0.0296875 0.0296875
0 0.67265625 0.74609375 0.0265625 0.0296875
0 0.68046875 0.78515625 0.0234375 0.028125
0 0.6296875 0.7890625 0.028125 0.0328125
0 0.54140625 0.75859375 0.0296875 0.0296875
0 0.5375 0.7828125 0.0265625 0.0265625
0 0.55390625 0.809375 0.0265625 0.0265625
0 0.578125 0.83046875 0.0234375 0.025
0 0.51640625 0.77578125 0.0265625 0.0265625
0 0.49453125 0.75078125 0.0265625 0.0296875
0 0.471875 0.73359375 0.0296875 0.028125
0 0.409375 0.70234375 0.0265625 0.0265625
0 0.390625 0.7296875 0.0265625 0.03125
0 0.47734375 0.7796875 0.0265625 0.0296875
0 0.45625 0.78359375 0.0265625 0.0265625
0 0.44296875 0.8125 0.0296875 0.0265625
0 0.42109375 0.8078125 0.0265625 0.0296875
0 0.4265625 0.84296875 0.0265625 0.0296875
0 0.4546875 0.83125 0.0265625 0.028125
0 0.43671875 0.86484375 0.0265625 0.0296875
0 0.45703125 0.85546875 0.0265625 0.0265625
0 0.3609375 0.803125 0.0296875 0.0296875
0 0.3421875 0.82890625 0.0265625 0.0296875
0 0.2921875 0.8546875 0.0265625 0.0265625
0 0.27734375 0.84765625 0.0234375 0.028125
0 0.2578125 0.8390625 0.0265625 0.0296875
0 0.2453125 0.71015625 0.03125 0.0328125
0 0.2265625 0.69453125 0.0296875 0.0296875
0 0.21015625 0.675 0.028125 0.0296875
0 0.27421875 0.6375 0.0296875 0.03125
0 0.2484375 0.628125 0.0296875 0.0296875
0 0.24375 0.60546875 0.0296875 0.0265625
0 0.24296875 0.578125 0.028125 0.0296875
0 0.19140625 0.7328125 0.0265625 0.0296875
0 0.17578125 0.7125 0.028125 0.028125
0 0.15234375 0.771875 0.0296875 0.028125
0 0.1671875 0.8078125 0.0265625 0.0296875
0 0.134375 0.7875 0.028125 0.0296875
0 0.115625 0.76875 0.0296875 0.0296875
0 0.0671875 0.840625 0.034375 0.034375
0 0.62265625 0.91953125 0.0265625 0.0296875
0 0.53828125 0.83125 0.0265625 0.0296875
0 0.54921875 0.85234375 0.0265625 0.0265625
0 0.5515625 0.87421875 0.0265625 0.0265625
0 0.54453125 0.90078125 0.028125 0.0265625