0 0.32421875 0.34375 0.0265625 0.0265625
0 0.31640625 0.35625 0.0234375 0.025
0 0.4765625 0.4828125 0.0296875 0.0359375
0 0.6875 0.72109375 0.0359375 0.040625
0 0.30703125 0.0390625 0.0296875 0.0296875
0 0.52265625 0.84765625 0.0328125 0.0359375
0 0.575 0.48828125 0.034375 0.0328125
0 0.0171875 0.59453125 0.028125 0.0296875
0 0.1515625 0.796875 0.0296875 0.0296875
0 0.146875 0.065625 0.0296875 0.03125
0 0.5078125 0.7140625 0.0296875 0.0390625
0 0.5734375 0.6609375 0.0375 0.0375
0 0.38125 0.03984375 0.0296875 0.0328125
0 0.584375 0.6 0.03125 0.03125
0 0.43359375 0.065625 0.0265625 0.028125
0 0.0171875 0.3046875 0.0234375 0.025
0 0.19765625 0.809375 0.0296875 0.0296875
0 0.1921875 0.2 0.0296875 0.034375
0 0.475 0.6078125 0.03125 0.0328125
0 0.32578125 0.56015625 0.0296875 0.0296875
0 0.1359375 0.67265625 0.028125 0.03125
0 0.2328125 0.45 0.03125 0.0296875
0 0.41875 0.715625 0.0296875 0.0328125
0 0.09375 0.54765625 0.0265625 0.0296875
0 0.47421875 0.69140625 0.0328125 0.0328125
0 0.2390625 0.8203125 0.028125 0.03125
0 0.21484375 0.7359375 0.028125 0.034375
0 0.56328125 0.775 0.0328125 0.034375
0 0.11171875 0.61640625 0.0296875 0.0296875
0 0.1984375 0.50703125 0.03125 0.0296875
0 0.40703125 0.534375 0.03125 0.0328125
0 0.5765625 0.571875 0.0328125 0.0328125
0 0.38828125 0.78671875 0.0296875 0.0328125
0 0.384375 0.82734375 0.0296875 0.0328125
0 0.29609375 0.83046875 0.0296875 0.0328125
0 0.2796875 0.4734375 0.0328125 0.0328125
0 0.09296875 0.58203125 0.0265625 0.0296875
0 0.446875 0.81328125 0.0296875 0.03125
0 0.42578125 0.5890625 0.0296875 0.03125
0 0.09453125 0.209375 0.0265625 0.0296875
0 0.36328125 0.7359375 0.0296875 0.0328125
0 0.25859375 0.50546875 0.0296875 0.0296875
0 0.25078125 0.75703125 0.0296875 0.0328125
0 0.1203125 0.34765625 0.0296875 0.0296875
0 0.32890625 0.78515625 0.0296875 0.0328125
0 0.38828125 0.603125 0.0296875 0.03125
0 0.5515625 0.68828125 0.0328125 0.0359375
0 0.1890625 0.6484375 0.028125 0.0296875
0 0.09765625 0.50546875 0.0265625 0.0296875
0 0.05625 0.25 0.0265625 0.03125
0 0.21328125 0.22890625 0.0265625 0.0296875
0 0.45 0.534375 0.0296875 0.0328125
0 0.4234375 0.25703125 0.03125 0.0328125
0 0.31796875 0.75390625 0.0296875 0.0328125
0 0.321875 0.49296875 0.0296875 0.03125
0 0.43046875 0.55546875 0.03125 0.03125
0 0.41640625 0.49140625 0.03125 0.03125
0 0.459375 0.359375 0.0296875 0.0328125
0 0.27109375 0.71796875 0.03125 0.0328125
0 0.3859375 0.49140625 0.0296875 0.03125
0 0.07109375 0.4796875 0.0265625 0.028125
0 0.30625 0.21328125 0.0296875 0.0328125
0 0.1109375 0.25 0.028125 0.03125
0 0.26484375 0.421875 0.0296875 0.03125
0 0.3 0.60390625 0.0296875 0.0296875
0 0.3546875 0.48984375 0.0296875 0.0328125
0 0.06796875 0.50703125 0.0265625 0.0296875
0 0.11328125 0.45859375 0.0328125 0.03125
0 0.1921875 0.37578125 0.028125 0.0296875
0 0.209375 0.62421875 0.028125 0.03125
0 0.38515625 0.0734375 0.0265625 0.0328125
0 0.24375 0.63828125 0.03125 0.0296875
0 0.4328125 0.03828125 0.028125 0.0296875
0 0.20234375 0.29765625 0.0296875 0.03125
0 0.38203125 0.6421875 0.0296875 0.0328125
0 0.2390625 0.25 0.0265625 0.0296875
0 0.59140625 0.62265625 0.0359375 0.0359375
0 0.3671875 0.309375 0.03125 0.0328125
0 0.4046875 0.4578125 0.0296875 0.03125
0 0.44609375 0.42109375 0.0328125 0.03125
0 0.2734375 0.58671875 0.0296875 0.0296875
0 0.1875 0.26484375 0.028125 0.0296875
0 0.3296875 0.61171875 0.0296875 0.0296875
0 0.275 0.746875 0.0296875 0.03125
0 0.29765625 0.50703125 0.0296875 0.0328125
0 0.3625 0.67421875 0.03125 0.0328125
0 0.08671875 0.2421875 0.0265625 0.0296875
0 0.2640625 0.38984375 0.0296875 0.03125
0 0.21875 0.371875 0.03125 0.0328125
0 0.425 0.2875 0.03125 0.03125
0 0.1359375 0.31328125 0.0265625 0.03125
0 0.32890625 0.64140625 0.0296875 0.03125
0 0.43359375 0.44921875 0.0296875 0.0328125
0 0.4078125 0.0546875 0.028125 0.03125
0 0.253125 0.22109375 0.028125 0.0296875
0 0.23984375 0.61015625 0.028125 0.0296875
0 0.296875 0.2828125 0.0296875 0.03125
0 0.43359375 0.31484375 0.03125 0.03125
0 0.09296875 0.4671875 0.0265625 0.0296875
0 0.3578125 0.6140625 0.0296875 0.03125
0 0.3734375 0.4578125 0.03125 0.0328125
0 0.23046875 0.34453125 0.0296875 0.0296875
0 0.15390625 0.2828125 0.0265625 0.03125
0 0.35546875 0.646875 0.0296875 0.03125
0 0.2796875 0.21171875 0.0265625 0.0296875
0 0.35859375 0.40546875 0.0296875 0.0328125
0 0.3578125 0.43359375 0.0328125 0.0328125
0 0.4046875 0.3859375 0.0296875 0.03125
0 0.334375 0.38359375 0.0296875 0.03125
0 0.42578125 0.40234375 0.03125 0.03125
0 0.18046875 0.328125 0.0265625 0.0296875
0 0.1609375 0.3140625 0.0265625 0.0328125
0 0.20625 0.32890625 0.0296875 0.03125
0 0.2640625 0.24453125 0.0265625 0.0296875
0 0.265625 0.60546875 0.0296875 0.028125
0 0.27109375 0.315625 0.0296875 0.0296875
0 0.30625 0.3765625 0.0296875 0.0296875
0 0.29140625 0.34140625 0.0296875 0.0296875
0 0.43046875 0.37421875 0.0296875 0.0296875
0 0.2875 0.240625 0.0328125 0.0328125
0 0.29609375 0.3125 0.03125 0.0328125
0 0.2515625 0.36640625 0.028125 0.0296875
0 0.26640625 0.284375 0.0328125 0.0328125
0 0.265625 0.3421875 0.028125 0.0296875
0 0.3828125 0.33203125 0.0296875 0.03125
0 0.28046875 0.36640625 0.028125 0.0296875
0 0.43515625 0.34296875 0.03125 0.0328125
0 0.178125 0.290625 0.0265625 0.0296875
0 0.35859375 0.34765625 0.0328125 0.03125
0 0.3703125 0.375 0.0296875 0.03125
0 0.409375 0.33046875 0.0296875 0.0328125
0 0.34765625 0.36875 0.0265625 0.0296875
0 0.38984375 0.3578125 0.0296875 0.0296875
0 0.4328125 0.03046875 0.009375 0.009375
0 0.14296875 0.0703125 0.009375 0.009375