0 0.225 0.49296875 0.021875 0.025
0 0.21796875 0.459375 0.021875 0.025
0 0.20859375 0.484375 0.021875 0.025
0 0.1953125 0.47109375 0.0234375 0.021875
0 0.20234375 0.45234375 0.021875 0.0234375
0 0.221875 0.428125 0.0234375 0.0265625
0 0.16875 0.38828125 0.0234375 0.0234375
0 0.14140625 0.3453125 0.0234375 0.025
0 0.1640625 0.2859375 0.021875 0.025
0 0.42109375 0.37890625 0.025 0.021875
0 0.421875 0.36015625 0.0203125 0.01875
0 0.4265625 0.3421875 0.021875 0.0234375
0 0.4515625 0.346875 0.025 0.0234375
0 0.46015625 0.3609375 0.021875 0.021875
0 0.48046875 0.35390625 0.025 0.025
0 0.465625 0.3390625 0.0234375 0.025
0 0.4453125 0.3265625 0.0203125 0.0234375
0 0.43046875 0.3125 0.021875 0.021875
0 0.46015625 0.31328125 0.0234375 0.025
0 0.3796875 0.25546875 0.0234375 0.0234375
0 0.39765625 0.2640625 0.0234375 0.0234375
0 0.4109375 0.275 0.021875 0.0234375
0 0.43125 0.27578125 0.021875 0.0234375
0 0.4234375 0.2578125 0.021875 0.0234375
0 0.4515625 0.28203125 0.021875 0.021875
0 0.471875 0.265625 0.0234375 0.0234375
0 0.47421875 0.24453125 0.0234375 0.025
0 0.4703125 0.225 0.021875 0.025
0 0.4875 0.21796875 0.025 0.025
0 0.1984375 0.753125 0.028125 0.028125
0 0.3078125 0.78359375 0.025 0.028125
0 0.359375 0.790625 0.0234375 0.025
0 0.36640625 0.76796875 0.021875 0.0234375
0 0.378125 0.7828125 0.021875 0.0234375
0 0.39296875 0.79609375 0.0203125 0.0203125
0 0.39765625 0.775 0.021875 0.028125
0 0.253125 0.65625 0.025 0.028125
0 0.27109375 0.65390625 0.0203125 0.0234375
0 0.28828125 0.6421875 0.0203125 0.0203125
0 0.29609375 0.66171875 0.025 0.021875
0 0.30390625 0.6453125 0.021875 0.021875
0 0.30859375 0.6703125 0.0234375 0.0234375
0 0.328125 0.67265625 0.025 0.021875
0 0.3203125 0.6515625 0.025 0.025
0 0.36953125 0.6703125 0.025 0.025
0 0.38828125 0.659375 0.025 0.021875
0 0.378125 0.64296875 0.0234375 0.025
0 0.3984375 0.64140625 0.0234375 0.025
0 0.41015625 0.65625 0.025 0.021875
0 0.4171875 0.63671875 0.021875 0.025
0 0.35546875 0.6328125 0.0234375 0.0203125
0 0.365625 0.615625 0.0234375 0.0234375
0 0.31640625 0.61484375 0.025 0.025
0 0.33828125 0.61015625 0.025 0.0234375
0 0.32734375 0.59375 0.021875 0.025
0 0.34453125 0.590625 0.0203125 0.0234375
0 0.36484375 0.59140625 0.021875 0.021875
0 0.378125 0.6015625 0.0234375 0.021875
0 0.3484375 0.571875 0.021875 0.021875
0 0.36796875 0.5734375 0.0234375 0.021875
0 0.38515625 0.584375 0.0234375 0.021875
0 0.40390625 0.58125 0.021875 0.025
0 0.409375 0.6 0.021875 0.025
0 0.4203125 0.61796875 0.0234375 0.021875
0 0.446875 0.59375 0.025 0.028125
0 0.43125 0.5515625 0.025 0.025
0 0.13203125 0.58203125 0.0265625 0.025
0 0.17734375 0.65546875 0.0234375 0.025
0 0.15390625 0.625 0.021875 0.025
0 0.1765625 0.63203125 0.0203125 0.0234375
0 0.19453125 0.6296875 0.021875 0.025
0 0.253125 0.62890625 0.0234375 0.021875
0 0.2484375 0.6109375 0.0203125 0.0203125
0 0.265625 0.6078125 0.021875 0.0234375
0 0.23125 0.6125 0.021875 0.021875
0 0.2234375 0.59140625 0.021875 0.0234375
0 0.2140625 0.56875 0.025 0.025
0 0.240625 0.59453125 0.0203125 0.0203125
0 0.25625 0.58671875 0.0203125 0.0203125
0 0.27421875 0.58984375 0.021875 0.0234375
0 0.2953125 0.58046875 0.021875 0.025
0 0.27265625 0.55625 0.021875 0.0234375
0 0.2921875 0.56328125 0.025 0.025
0 0.3140625 0.57265625 0.021875 0.0234375
0 0.33203125 0.56328125 0.021875 0.021875
0 0.3578125 0.55546875 0.025 0.0234375
0 0.32578125 0.534375 0.021875 0.0234375
0 0.34296875 0.54296875 0.021875 0.021875
0 0.36171875 0.5375 0.021875 0.0234375
0 0.30703125 0.5125 0.0234375 0.025
0 0.3984375 0.52265625 0.021875 0.0234375
0 0.4390625 0.5125 0.0234375 0.025
0 0.4140625 0.51171875 0.021875 0.021875
0 0.35234375 0.49921875 0.0234375 0.0265625
0 0.375 0.49453125 0.021875 0.025
0 0.33515625 0.4734375 0.021875 0.021875
0 0.34140625 0.45625 0.021875 0.021875
0 0.3359375 0.4390625 0.021875 0.021875
0 0.3421875 0.41640625 0.021875 0.0234375
0 0.353125 0.43046875 0.021875 0.021875
0 0.35703125 0.44921875 0.021875 0.021875
0 0.37421875 0.44140625 0.021875 0.021875
0 0.3796875 0.4234375 0.021875 0.021875
0 0.39765625 0.46328125 0.025 0.025
0 0.41484375 0.43828125 0.021875 0.021875
0 0.43203125 0.44765625 0.025 0.025
0 0.4203125 0.4125 0.021875 0.0234375
0 0.403125 0.41015625 0.021875 0.0234375
0 0.384375 0.40390625 0.021875 0.021875
0 0.3640625 0.409375 0.0203125 0.0203125
0 0.35 0.39453125 0.021875 0.021875
0 0.3609375 0.38125 0.0203125 0.0203125
0 0.37890625 0.3859375 0.021875 0.021875
0 0.3953125 0.3796875 0.021875 0.021875
0 0.39765625 0.36015625 0.021875 0.021875
0 0.4078125 0.3453125 0.021875 0.021875
0 0.40703125 0.3265625 0.021875 0.021875
0 0.39921875 0.30703125 0.0203125 0.0203125
0 0.39765625 0.28671875 0.0203125 0.021875
0 0.41484375 0.29375 0.021875 0.021875
0 0.4328125 0.29375 0.021875 0.021875
0 0.38828125 0.328125 0.021875 0.0234375
0 0.38125 0.30625 0.021875 0.0234375
0 0.38046875 0.2859375 0.0203125 0.0234375
0 0.3578125 0.30546875 0.025 0.021875
0 0.3625 0.2859375 0.021875 0.0234375
0 0.29921875 0.3203125 0.021875 0.021875
0 0.31484375 0.30859375 0.025 0.021875
0 0.32734375 0.290625 0.0203125 0.0203125
0 0.3453125 0.2828125 0.021875 0.025
0 0.32578125 0.27109375 0.021875 0.021875
0 0.3421875 0.26328125 0.021875 0.021875
0 0.32578125 0.25078125 0.0203125 0.0203125
0 0.34453125 0.2453125 0.021875 0.021875
0 0.32734375 0.23125 0.021875 0.021875
0 0.353125 0.228125 0.0234375 0.021875
0 0.2453125 0.29609375 0.021875 0.025
0 0.26484375 0.31015625 0.021875 0.021875
0 0.27578125 0.29453125 0.025 0.0234375
0 0.2625 0.28203125 0.021875 0.025
0 0.29296875 0.27734375 0.021875 0.025
0 0.275 0.259375 0.0203125 0.0203125
0 0.29140625 0.24453125 0.0234375 0.025
0 0.27421875 0.23828125 0.01875 0.0203125
0 0.2609375 0.22734375 0.0234375 0.025
0 0.38359375 0.1953125 0.021875 0.025
0 0.3171875 0.1890625 0.021875 0.021875
0 0.31953125 0.1640625 0.021875 0.021875
0 0.3390625 0.14921875 0.021875 0.025
0 0.35546875 0.13671875 0.021875 0.025
0 0.38359375 0.15859375 0.0265625 0.0234375
0 0.39296875 0.13828125 0.0234375 0.025
0 0.4453125 0.184375 0.0234375 0.028125
0 0.43046875 0.17109375 0.0234375 0.0234375
0 0.42421875 0.14765625 0.021875 0.0234375
0 0.44140625 0.13984375 0.021875 0.025
0 0.44921875 0.1578125 0.0234375 0.025
0 0.4671875 0.17265625 0.021875 0.025
0 0.4796875 0.18828125 0.021875 0.025
0 0.496875 0.17734375 0.0234375 0.025
0 0.4875 0.1625 0.021875 0.0234375