0 0.23515625 0.2828125 0.03359375 0.03046875
0 0.2015625 0.29765625 0.03203125 0.0296875
0 0.21484375 0.3265625 0.03046875 0.03203125
0 0.3765625 0.30390625 0.03125 0.0328125
0 0.43671875 0.32421875 0.0296875 0.03125
0 0.48046875 0.3640625 0.02734375 0.03046875
0 0.72578125 0.26328125 0.0296875 0.03671875
0 0.81015625 0.27734375 0.03125 0.03125
0 0.74453125 0.32109375 0.03203125 0.03125
0 0.775 0.34609375 0.028125 0.03046875
0 0.74609375 0.40703125 0.028125 0.0296875
0 0.7265625 0.37890625 0.02734375 0.02890625
0 0.68984375 0.30625 0.028125 0.028125
0 0.671875 0.3296875 0.02734375 0.0265625
0 0.6671875 0.35625 0.02890625 0.0265625
0 0.68515625 0.37734375 0.02578125 0.02734375
0 0.634375 0.38359375 0.025 0.028125
0 0.66015625 0.38125 0.02578125 0.02734375
0 0.609375 0.378125 0.02421875 0.0296875
0 0.5890625 0.39609375 0.02578125 0.028125
0 0.578125 0.428125 0.0265625 0.028125
0 0.60703125 0.4125 0.028125 0.02578125
0 0.60546875 0.43984375 0.028125 0.02734375
0 0.63046875 0.42734375 0.0265625 0.028125
0 0.66640625 0.40625 0.028125 0.0265625
0 0.69765625 0.4 0.03046875 0.0265625
0 0.69609375 0.42578125 0.028125 0.02578125
0 0.6890625 0.4515625 0.02578125 0.02734375
0 0.73515625 0.46328125 0.028125 0.03046875
0 0.72265625 0.59140625 0.0265625 0.03046875
0 0.7 0.61171875 0.03046875 0.028125
0 0.74609375 0.61796875 0.028125 0.02734375
0 0.7125 0.6421875 0.02578125 0.02734375
0 0.73828125 0.64453125 0.02578125 0.02890625
0 0.71640625 0.678125 0.02734375 0.0265625
0 0.68515625 0.69453125 0.0265625 0.02578125
0 0.709375 0.70703125 0.025 0.02734375
0 0.68046875 0.7171875 0.02734375 0.0265625
0 0.6671875 0.73984375 0.0265625 0.02734375
0 0.72421875 0.50234375 0.028125 0.0265625
0 0.65859375 0.4734375 0.028125 0.025
0 0.68359375 0.47734375 0.0265625 0.0265625
0 0.70859375 0.48359375 0.02578125 0.0265625
0 0.7 0.51015625 0.028125 0.02578125
0 0.72578125 0.53046875 0.02734375 0.0265625
0 0.728125 0.55859375 0.02578125 0.02734375
0 0.70078125 0.5359375 0.0265625 0.02578125
0 0.7 0.56796875 0.028125 0.0265625
0 0.675 0.5390625 0.0265625 0.0265625
0 0.6515625 0.4984375 0.02734375 0.0265625
0 0.65703125 0.52265625 0.025 0.0265625
0 0.61875 0.47578125 0.02734375 0.0296875
0 0.63125 0.51328125 0.025 0.0296875
0 0.596875 0.51328125 0.0265625 0.0296875
0 0.57890625 0.58046875 0.028125 0.02890625
0 0.5703125 0.6140625 0.028125 0.02890625
0 0.559375 0.646875 0.02734375 0.03046875
0 0.5359375 0.65625 0.028125 0.02890625
0 0.31328125 0.50078125 0.03046875 0.03046875
0 0.3953125 0.525 0.02890625 0.028125
0 0.4328125 0.50078125 0.03046875 0.02734375
0 0.44375 0.4125 0.03046875 0.0296875
0 0.4140625 0.46171875 0.02890625 0.0296875
0 0.5 0.42890625 0.0296875 0.0296875
0 0.4671875 0.4375 0.0296875 0.02734375
0 0.48125 0.465625 0.02890625 0.028125
0 0.53984375 0.51796875 0.028125 0.03125
0 0.4875 0.4921875 0.028125 0.028125
0 0.475 0.5203125 0.03046875 0.028125
0 0.44140625 0.5328125 0.028125 0.03125
0 0.46328125 0.5484375 0.02734375 0.02734375
0 0.47890625 0.596875 0.028125 0.02890625
0 0.45078125 0.5890625 0.028125 0.02890625
0 0.41171875 0.55859375 0.03203125 0.02890625
0 0.3515625 0.565625 0.03046875 0.0265625
0 0.3421875 0.59296875 0.02890625 0.028125
0 0.37734375 0.596875 0.028125 0.02734375
0 0.4125 0.58828125 0.028125 0.0296875
0 0.42265625 0.6109375 0.02734375 0.02734375
0 0.396875 0.61875 0.03046875 0.02734375
0 0.35703125 0.6203125 0.0328125 0.02734375
0 0.35625 0.646875 0.0296875 0.02734375
0 0.3921875 0.64296875 0.028125 0.028125
0 0.37578125 0.66484375 0.028125 0.028125
0 0.290625 0.59453125 0.03046875 0.0296875
0 0.25234375 0.61953125 0.028125 0.028125
0 0.27421875 0.646875 0.0296875 0.03203125
0 0.1640625 0.70390625 0.02890625 0.02890625
0 0.29140625 0.74609375 0.0296875 0.02890625
0 0.3328125 0.70625 0.0265625 0.02734375
0 0.31640625 0.7390625 0.028125 0.02734375
0 0.34609375 0.72734375 0.028125 0.0265625
0 0.4453125 0.72109375 0.0296875 0.0296875
0 0.4203125 0.7375 0.03046875 0.028125
0 0.36171875 0.75546875 0.028125 0.02890625
0 0.3 0.79375 0.02890625 0.02734375
0 0.440625 0.82265625 0.03046875 0.03125
0 0.47578125 0.803125 0.02890625 0.02890625
0 0.503125 0.803125 0.02734375 0.0265625
0 0.6296875 0.8265625 0.0296875 0.03046875