0 0.2703125 0.15234375 0.03203125 0.03203125
0 0.38046875 0.26484375 0.0296875 0.034375
0 0.2625 0.26875 0.02890625 0.02890625
0 0.2890625 0.2875 0.02890625 0.02890625
0 0.2125 0.425 0.02890625 0.02734375
0 0.4140625 0.284375 0.03046875 0.02890625
0 0.37265625 0.42578125 0.028125 0.02734375
0 0.23515625 0.48515625 0.02734375 0.0265625
0 0.1859375 0.47734375 0.03203125 0.02734375
0 0.4796875 0.2453125 0.02890625 0.0296875
0 0.5125 0.2046875 0.03125 0.0296875
0 0.465625 0.221875 0.02890625 0.0296875
0 0.55234375 0.3359375 0.0328125 0.03125
0 0.4265625 0.20078125 0.028125 0.02890625
0 0.4078125 0.18515625 0.028125 0.0296875
0 0.55234375 0.6046875 0.02734375 0.028125
0 0.44453125 0.178125 0.0296875 0.02890625
0 0.6015625 0.25078125 0.02890625 0.02890625
0 0.46796875 0.19375 0.02734375 0.028125
0 0.4265625 0.4578125 0.0296875 0.02734375
0 0.34609375 0.34921875 0.03046875 0.0328125
0 0.678125 0.41796875 0.02890625 0.028125
0 0.70078125 0.459375 0.03125 0.028125
0 0.6375 0.35625 0.02890625 0.02734375
0 0.53203125 0.63515625 0.0296875 0.02734375
0 0.65 0.3890625 0.02890625 0.02734375
0 0.3140625 0.50859375 0.02890625 0.0265625
0 0.6375 0.30390625 0.028125 0.028125
0 0.4046875 0.440625 0.02890625 0.0296875
0 0.5484375 0.24609375 0.028125 0.028125
0 0.61953125 0.28046875 0.028125 0.028125
0 0.64140625 0.546875 0.02890625 0.02734375
0 0.63828125 0.57734375 0.028125 0.0265625
0 0.60625 0.35234375 0.02890625 0.028125
0 0.365625 0.60703125 0.03046875 0.02578125
0 0.64921875 0.41796875 0.02890625 0.02734375
0 0.67265625 0.44921875 0.0296875 0.02890625
0 0.384375 0.46015625 0.028125 0.028125
0 0.56171875 0.3078125 0.02890625 0.0296875
0 0.48359375 0.665625 0.02734375 0.0265625
0 0.66640625 0.56484375 0.0296875 0.02734375
0 0.50390625 0.23046875 0.02890625 0.0296875
0 0.690625 0.496875 0.03125 0.0265625
0 0.51875 0.2546875 0.02890625 0.02890625
0 0.2109375 0.5421875 0.02734375 0.02734375
0 0.66953125 0.48359375 0.0296875 0.028125
0 0.6453125 0.4703125 0.03046875 0.02890625
0 0.6171875 0.37578125 0.02890625 0.02734375
0 0.61953125 0.325 0.028125 0.02890625
0 0.52578125 0.28125 0.02890625 0.028125
0 0.26328125 0.5390625 0.028125 0.028125
0 0.41796875 0.50703125 0.028125 0.03125
0 0.57421875 0.2578125 0.02734375 0.02734375
0 0.621875 0.4 0.03046875 0.03046875
0 0.39609375 0.48828125 0.028125 0.02734375
0 0.33984375 0.4953125 0.02734375 0.028125
0 0.16015625 0.73125 0.03203125 0.02734375
0 0.59296875 0.31875 0.028125 0.02890625
0 0.61640625 0.6140625 0.02890625 0.02890625
0 0.23203125 0.57734375 0.02734375 0.028125
0 0.65625 0.63359375 0.028125 0.02734375
0 0.59296875 0.28984375 0.028125 0.028125
0 0.271875 0.57890625 0.028125 0.02890625
0 0.5671875 0.2796875 0.028125 0.028125
0 0.375 0.5015625 0.028125 0.0265625
0 0.2375 0.5421875 0.02734375 0.028125
0 0.70859375 0.66328125 0.0296875 0.0296875
0 0.3578125 0.47421875 0.02734375 0.028125
0 0.35 0.521875 0.0265625 0.0265625
0 0.190625 0.66796875 0.02734375 0.0265625
0 0.40703125 0.63828125 0.02734375 0.02734375
0 0.3765625 0.5296875 0.02734375 0.0265625
0 0.64609375 0.61015625 0.03046875 0.02734375
0 0.34296875 0.56328125 0.02734375 0.02890625
0 0.365625 0.553125 0.02734375 0.02734375
0 0.22734375 0.61015625 0.028125 0.0296875
0 0.3046875 0.61015625 0.02890625 0.0265625
0 0.43046875 0.62578125 0.0296875 0.02578125
0 0.73671875 0.70234375 0.02734375 0.02734375
0 0.65703125 0.66640625 0.028125 0.02734375
0 0.36953125 0.575 0.02734375 0.0265625
0 0.25703125 0.6390625 0.028125 0.028125
0 0.5421875 0.271875 0.025 0.02890625
0 0.43828125 0.6546875 0.02890625 0.02734375
0 0.25390625 0.6046875 0.02734375 0.02890625
0 0.1953125 0.7296875 0.028125 0.02734375
0 0.23125 0.64609375 0.02734375 0.02734375
0 0.3015625 0.6421875 0.03046875 0.02734375
0 0.3015625 0.66953125 0.028125 0.02734375
0 0.60625 0.65390625 0.0296875 0.028125
0 0.32734375 0.66328125 0.02890625 0.028125
0 0.41484375 0.66484375 0.028125 0.02734375
0 0.55546875 0.675 0.02734375 0.028125
0 0.34609375 0.68671875 0.0265625 0.0265625
0 0.684375 0.71953125 0.028125 0.0265625
0 0.5796875 0.66328125 0.02734375 0.028125
0 0.53203125 0.68828125 0.02734375 0.02734375
0 0.35625 0.71328125 0.0265625 0.0265625
0 0.653125 0.740625 0.0265625 0.02578125
0 0.278125 0.60859375 0.02734375 0.0265625
0 0.4484375 0.67890625 0.028125 0.0265625
0 0.71328125 0.690625 0.028125 0.02890625
0 0.259375 0.79609375 0.02734375 0.0265625
0 0.384375 0.72109375 0.02734375 0.0265625
0 0.4625 0.84453125 0.0265625 0.0265625
0 0.68671875 0.6921875 0.02890625 0.02734375
0 0.4234375 0.6890625 0.02734375 0.02734375
0 0.6609375 0.6984375 0.02734375 0.02734375
0 0.465625 0.82109375 0.02734375 0.028125
0 0.7109375 0.71640625 0.0265625 0.0265625
0 0.378125 0.79609375 0.0265625 0.02578125
0 0.521875 0.8125 0.02734375 0.02734375
0 0.31640625 0.79453125 0.0265625 0.02734375
0 0.29140625 0.79765625 0.0265625 0.02734375
0 0.2640625 0.67265625 0.02734375 0.02890625
0 0.36953125 0.74296875 0.028125 0.028125
0 0.51640625 0.70625 0.02734375 0.028125
0 0.4984375 0.72578125 0.028125 0.02734375
0 0.63046875 0.665625 0.02890625 0.02890625
0 0.31953125 0.6875 0.0296875 0.028125
0 0.21796875 0.66796875 0.0265625 0.0265625
0 0.24921875 0.76875 0.0265625 0.0265625
0 0.60546875 0.7890625 0.02890625 0.02734375
0 0.471875 0.7203125 0.028125 0.028125
0 0.2203125 0.709375 0.02890625 0.028125
0 0.61015625 0.76328125 0.02734375 0.02734375
0 0.32890625 0.7125 0.02734375 0.02734375
0 0.44140625 0.8296875 0.02578125 0.0265625
0 0.58125 0.790625 0.02734375 0.0265625
0 0.26171875 0.69765625 0.02734375 0.02734375
0 0.415625 0.7140625 0.028125 0.0265625
0 0.41171875 0.765625 0.028125 0.02734375
0 0.4453125 0.70546875 0.02734375 0.0265625
0 0.2375 0.684375 0.028125 0.02734375
0 0.290625 0.69375 0.02734375 0.02734375
0 0.32578125 0.76875 0.0265625 0.0265625
0 0.4765625 0.746875 0.02734375 0.02734375
0 0.5421875 0.7953125 0.02578125 0.02578125
0 0.4296875 0.80625 0.02578125 0.02578125
0 0.403125 0.78984375 0.0265625 0.02578125
0 0.24453125 0.71796875 0.02734375 0.028125
0 0.425 0.74140625 0.0265625 0.0265625
0 0.246875 0.74375 0.0265625 0.028125
0 0.275 0.74765625 0.02734375 0.028125
0 0.46640625 0.771875 0.0265625 0.02734375
0 0.49453125 0.77578125 0.02734375 0.028125
0 0.60703125 0.68359375 0.02734375 0.02734375
0 0.36171875 0.778125 0.02734375 0.0265625
0 0.275 0.77578125 0.02578125 0.0265625
0 0.4953125 0.80703125 0.02578125 0.02578125
0 0.3265625 0.7390625 0.0265625 0.0265625
0 0.521875 0.7328125 0.02734375 0.028125
0 0.3 0.7703125 0.0265625 0.028125
0 0.22109375 0.73359375 0.028125 0.0265625
0 0.30078125 0.74375 0.0265625 0.0265625
0 0.5578125 0.69921875 0.02734375 0.02890625
0 0.63828125 0.71796875 0.0265625 0.028125
0 0.63359375 0.69140625 0.028125 0.028125
0 0.5484375 0.7265625 0.02578125 0.02578125
0 0.45 0.73359375 0.02734375 0.028125
0 0.528125 0.7578125 0.0265625 0.028125
0 0.34609375 0.75625 0.02734375 0.028125
0 0.57890625 0.715625 0.02734375 0.02734375
0 0.27734375 0.7203125 0.028125 0.0296875
0 0.384375 0.7640625 0.028125 0.02734375
0 0.5828125 0.76640625 0.0265625 0.02734375
0 0.396875 0.74296875 0.028125 0.02734375
0 0.6265625 0.73984375 0.02578125 0.025
0 0.57734375 0.740625 0.02578125 0.02734375
0 0.30078125 0.71796875 0.028125 0.028125
0 0.5609375 0.775 0.025 0.02578125
0 0.4328125 0.7828125 0.0265625 0.02578125
0 0.47109375 0.7953125 0.0265625 0.0265625
0 0.6015625 0.7328125 0.02734375 0.02734375
0 0.5796875 0.6890625 0.02734375 0.0265625
0 0.51875 0.78359375 0.02734375 0.02578125
0 0.2796875 0.65234375 0.028125 0.02734375
0 0.5015625 0.75 0.028125 0.028125
0 0.6125 0.7078125 0.02890625 0.02890625
0 0.5515625 0.75078125 0.0265625 0.02734375
0 0.44296875 0.7625 0.03046875 0.02890625