0 0.7015625 0.515625 0.0140625 0.0125
0 0.684375 0.5140625 0.0125 0.0125
0 0.68671875 0.5359375 0.0125 0.0109375
0 0.69296875 0.521875 0.0125 0.0125
0 0.68203125 0.52578125 0.0125 0.0109375
0 0.67265625 0.51796875 0.0125 0.0109375
0 0.66875 0.50703125 0.0125 0.0109375
0 0.675 0.496875 0.0125 0.0109375
0 0.67265625 0.540625 0.0125 0.009375
0 0.66953125 0.52890625 0.0125 0.0109375
0 0.66015625 0.5234375 0.0109375 0.0125
0 0.6609375 0.5390625 0.0125 0.009375
0 0.665625 0.56171875 0.0125 0.0125
0 0.65078125 0.5578125 0.0125 0.0125
0 0.6578125 0.51171875 0.0125 0.0109375
0 0.65546875 0.49921875 0.0109375 0.0125
0 0.64765625 0.51796875 0.0125 0.0109375
0 0.6515625 0.5328125 0.0125 0.0125
0 0.6390625 0.53984375 0.0125 0.0125
0 0.6390625 0.56015625 0.0125 0.0109375
0 0.6296875 0.5484375 0.0125 0.0125
0 0.62421875 0.5328125 0.0125 0.0109375
0 0.634375 0.525 0.0125 0.009375
0 0.63671875 0.51328125 0.0125 0.009375
0 0.6453125 0.5046875 0.0125 0.0109375
0 0.62890625 0.509375 0.0125 0.0125
0 0.6515625 0.4890625 0.0125 0.0109375
0 0.64921875 0.47734375 0.0125 0.0109375
0 0.6375 0.48203125 0.0125 0.0125
0 0.63828125 0.46640625 0.0125 0.009375
0 0.65234375 0.4453125 0.0125 0.0125
0 0.6421875 0.43515625 0.0125 0.0109375
0 0.628125 0.43203125 0.0125 0.0109375
0 0.6171875 0.42578125 0.0125 0.0125
0 0.60859375 0.4375 0.0125 0.009375
0 0.59765625 0.446875 0.0125 0.009375
0 0.59609375 0.434375 0.0125 0.0125
0 0.58828125 0.453125 0.0109375 0.009375
0 0.57890625 0.44609375 0.0125 0.0125
0 0.584375 0.46640625 0.0109375 0.0125
0 0.59453125 0.4703125 0.0125 0.0125
0 0.590625 0.47421875 0.0109375 0.0125
0 0.6015625 0.48515625 0.0125 0.0109375
0 0.5890625 0.4828125 0.0125 0.0109375
0 0.596875 0.49609375 0.0125 0.0109375
0 0.58203125 0.49296875 0.0125 0.0125
0 0.5953125 0.51484375 0.0140625 0.0125
0 0.59296875 0.5046875 0.0125 0.0125
0 0.5734375 0.55078125 0.0125 0.0109375
0 0.57421875 0.5390625 0.0125 0.0125
0 0.6234375 0.565625 0.0140625 0.0125
0 0.5734375 0.46015625 0.0109375 0.0125
0 0.5671875 0.45 0.0109375 0.009375
0 0.56640625 0.4375 0.0109375 0.009375
0 0.56796875 0.4125 0.0140625 0.0125
0 0.5578125 0.45625 0.0125 0.009375
0 0.5578125 0.44453125 0.0125 0.0109375
0 0.546875 0.44140625 0.0125 0.0125
0 0.53515625 0.4515625 0.0125 0.0109375
0 0.54140625 0.475 0.0125 0.0125
0 0.54375 0.4640625 0.0125 0.009375
0 0.53203125 0.48359375 0.0125 0.0125
0 0.525 0.47265625 0.0125 0.0109375
0 0.52421875 0.46171875 0.0125 0.0125
0 0.5171875 0.48125 0.0125 0.0125
0 0.5140625 0.46875 0.0109375 0.0109375
0 0.50390625 0.465625 0.0125 0.0125
0 0.52265625 0.496875 0.009375 0.0125
0 0.53671875 0.53046875 0.0125 0.009375
0 0.5328125 0.51640625 0.0125 0.0109375
0 0.521875 0.515625 0.0125 0.0125
0 0.52421875 0.53203125 0.0125 0.0109375
0 0.5140625 0.525 0.0109375 0.0109375
0 0.5125 0.53828125 0.0109375 0.0125
0 0.5125 0.5515625 0.0125 0.009375
0 0.49921875 0.553125 0.0125 0.0109375
0 0.50390625 0.54296875 0.0125 0.0109375
0 0.5 0.53359375 0.009375 0.0125
0 0.503125 0.5234375 0.0125 0.0125
0 0.5046875 0.5125 0.0109375 0.0125
0 0.5140625 0.5078125 0.0125 0.0125
0 0.5046875 0.4953125 0.0125 0.0125
0 0.50390625 0.48046875 0.0125 0.0125
0 0.50078125 0.409375 0.0109375 0.0125
0 0.50625 0.40078125 0.0125 0.0125
0 0.51015625 0.39140625 0.0109375 0.0109375
0 0.5015625 0.38359375 0.0125 0.0125
0 0.48828125 0.39765625 0.009375 0.009375
0 0.47734375 0.3921875 0.0109375 0.009375
0 0.4765625 0.40625 0.0125 0.0125
0 0.4703125 0.42890625 0.0125 0.0125
0 0.465625 0.41640625 0.0125 0.0109375
0 0.45625 0.42734375 0.0125 0.0125
0 0.45859375 0.49765625 0.0125 0.0125
0 0.45078125 0.47734375 0.0140625 0.0109375
0 0.43984375 0.4640625 0.0125 0.0125
0 0.42890625 0.46328125 0.0125 0.0109375
0 0.43203125 0.47890625 0.0140625 0.0125
0 0.4453125 0.50078125 0.009375 0.009375
0 0.44609375 0.50078125 0.0109375 0.0125
0 0.43828125 0.49296875 0.0109375 0.009375
0 0.42734375 0.49296875 0.0125 0.0125
0 0.41484375 0.4890625 0.0125 0.009375
0 0.4078125 0.4765625 0.0125 0.0125
0 0.40546875 0.49765625 0.0125 0.009375
0 0.403125 0.4859375 0.0125 0.009375
0 0.38984375 0.48828125 0.0109375 0.0125
0 0.390625 0.475 0.0109375 0.0125
0 0.37734375 0.475 0.0125 0.009375
0 0.36328125 0.4765625 0.0109375 0.0109375
0 0.375 0.4859375 0.0125 0.0109375
0 0.41953125 0.478125 0.0125 0.0109375
0 0.46328125 0.57421875 0.0125 0.009375
0 0.4546875 0.55703125 0.0109375 0.009375
0 0.45625 0.53203125 0.0109375 0.009375
0 0.446875 0.54453125 0.0125 0.0109375
0 0.4453125 0.56328125 0.0109375 0.0109375
0 0.44765625 0.52421875 0.0109375 0.0109375
0 0.4390625 0.51328125 0.0125 0.009375
0 0.4296875 0.50546875 0.0109375 0.009375
0 0.42890625 0.51796875 0.009375 0.009375
0 0.43671875 0.53046875 0.009375 0.009375
0 0.41875 0.51875 0.009375 0.0125
0 0.41875 0.50546875 0.0109375 0.009375
0 0.40625 0.5171875 0.0109375 0.009375
0 0.39609375 0.51953125 0.009375 0.0125
0 0.38671875 0.50703125 0.0109375 0.009375
0 0.3765625 0.50625 0.0109375 0.0109375
0 0.3765625 0.5265625 0.0125 0.009375
0 0.37265625 0.515625 0.0125 0.0109375
0 0.365625 0.53671875 0.0125 0.009375
0 0.3640625 0.49296875 0.009375 0.009375
0 0.3546875 0.48515625 0.0109375 0.0125
0 0.35859375 0.52109375 0.009375 0.0109375
0 0.4203125 0.5625 0.0109375 0.009375
0 0.41875 0.55 0.0125 0.0125
0 0.4078125 0.55625 0.0125 0.0109375
0 0.409375 0.56953125 0.0109375 0.0125
0 0.3953125 0.5640625 0.0125 0.009375
0 0.38671875 0.5578125 0.0125 0.009375
0 0.38203125 0.54453125 0.0109375 0.0109375
0 0.36953125 0.5953125 0.0125 0.0125
0 0.33828125 0.5 0.0125 0.0125
0 0.33828125 0.5140625 0.0140625 0.0125
0 0.33828125 0.5328125 0.0140625 0.0125