0 0.4453125 0.97578125 0.0296875 0.028125
0 0.353125 0.9 0.025 0.025
0 0.3546875 0.85859375 0.025 0.025
0 0.3421875 0.8328125 0.028125 0.028125
0 0.67578125 0.84296875 0.0265625 0.0265625
0 0.64765625 0.82265625 0.028125 0.0265625
0 0.6484375 0.8 0.0265625 0.028125
0 0.55078125 0.79765625 0.0265625 0.028125
0 0.61328125 0.7875 0.0296875 0.03125
0 0.64140625 0.74921875 0.0265625 0.028125
0 0.59140625 0.71953125 0.0265625 0.0265625
0 0.5703125 0.703125 0.0265625 0.028125
0 0.60078125 0.696875 0.0265625 0.028125
0 0.615625 0.625 0.0265625 0.028125
0 0.77890625 0.58828125 0.0265625 0.028125
0 0.49296875 0.6546875 0.0265625 0.028125
0 0.54765625 0.6453125 0.025 0.025
0 0.5265625 0.61796875 0.028125 0.028125
0 0.58828125 0.61640625 0.025 0.025
0 0.56640625 0.61015625 0.025 0.025
0 0.5875 0.5859375 0.0265625 0.0265625
0 0.5734375 0.53515625 0.0265625 0.028125
0 0.52109375 0.5609375 0.0296875 0.0296875
0 0.4703125 0.51796875 0.0265625 0.028125
0 0.47109375 0.48203125 0.028125 0.0296875
0 0.35234375 0.54453125 0.0265625 0.028125
0 0.3625 0.5203125 0.0265625 0.028125
0 0.353125 0.471875 0.0296875 0.0296875
0 0.2953125 0.68828125 0.0296875 0.0296875
0 0.2890625 0.659375 0.0296875 0.0296875
0 0.2828125 0.634375 0.03125 0.0265625
0 0.25859375 0.6265625 0.0296875 0.0296875
0 0.1984375 0.5828125 0.0296875 0.028125
0 0.240625 0.59765625 0.028125 0.028125
0 0.2609375 0.5609375 0.028125 0.028125
0 0.2765625 0.54453125 0.028125 0.0296875
0 0.26328125 0.52109375 0.0296875 0.0296875
0 0.24921875 0.478125 0.0296875 0.0328125
0 0.71484375 0.46640625 0.028125 0.0265625
0 0.50078125 0.42890625 0.0296875 0.0296875
0 0.5671875 0.471875 0.0296875 0.028125
0 0.62421875 0.4546875 0.0296875 0.028125
0 0.68125 0.42109375 0.028125 0.0296875
0 0.65859375 0.40390625 0.0296875 0.0296875
0 0.61640625 0.38828125 0.0265625 0.0265625
0 0.603125 0.37265625 0.0265625 0.028125
0 0.57734375 0.359375 0.028125 0.028125
0 0.55078125 0.36171875 0.028125 0.0296875
0 0.53515625 0.34296875 0.0265625 0.028125
0 0.55703125 0.33671875 0.0265625 0.0265625
0 0.53828125 0.31796875 0.0265625 0.0265625
0 0.6015625 0.3234375 0.0296875 0.0296875
0 0.55390625 0.29453125 0.028125 0.028125
0 0.57421875 0.30859375 0.0296875 0.0296875
0 0.61796875 0.290625 0.0296875 0.0296875
0 0.56640625 0.26171875 0.0328125 0.0296875
0 0.5984375 0.275 0.0296875 0.0296875
0 0.63984375 0.25546875 0.028125 0.03125
0 0.59453125 0.24921875 0.028125 0.0265625
0 0.5828125 0.2296875 0.0296875 0.0296875
0 0.6515625 0.1953125 0.0296875 0.0328125
0 0.62578125 0.19296875 0.0296875 0.0296875
0 0.50078125 0.31953125 0.0265625 0.028125
0 0.4390625 0.30078125 0.0296875 0.0296875
0 0.45546875 0.365625 0.0296875 0.0296875
0 0.3828125 0.403125 0.0265625 0.0296875
0 0.4078125 0.38828125 0.0265625 0.028125
0 0.31640625 0.4203125 0.0296875 0.03125
0 0.35703125 0.3796875 0.0265625 0.028125
0 0.3515625 0.35234375 0.0265625 0.0265625
0 0.3734375 0.3328125 0.028125 0.0296875
0 0.30546875 0.33046875 0.028125 0.0296875
0 0.33515625 0.33203125 0.028125 0.028125
0 0.3484375 0.31484375 0.0265625 0.028125
0 0.4078125 0.25859375 0.03125 0.0328125
0 0.33203125 0.2859375 0.0265625 0.028125
0 0.3578125 0.26953125 0.0296875 0.0296875
0 0.31015625 0.3 0.0296875 0.0296875
0 0.3046875 0.27578125 0.0296875 0.0265625
0 0.309375 0.2546875 0.0296875 0.0296875
0 0.33515625 0.246875 0.0265625 0.028125
0 0.2546875 0.3640625 0.028125 0.0296875
0 0.22734375 0.32109375 0.03125 0.0328125
0 0.26171875 0.28828125 0.028125 0.0265625
0 0.2671875 0.26328125 0.028125 0.0296875
0 0.27109375 0.23828125 0.028125 0.03125
0 0.22890625 0.26171875 0.0265625 0.028125
0 0.2203125 0.23046875 0.0296875 0.0296875
0 0.2625 0.2078125 0.0296875 0.0296875
0 0.42109375 0.196875 0.0296875 0.028125
0 0.42265625 0.16953125 0.0296875 0.034375
0 0.41328125 0.128125 0.0328125 0.0328125
0 0.4875 0.17734375 0.03125 0.0296875
0 0.4765625 0.14375 0.0296875 0.03125
0 0.5546875 0.16953125 0.0296875 0.03125
0 0.5703125 0.12890625 0.0296875 0.0296875
0 0.5796875 0.1046875 0.0265625 0.028125
0 0.5875 0.07578125 0.03125 0.0296875
0 0.55625 0.04140625 0.0296875 0.0328125