0 0.771875 0.2921875 0.0359375 0.0328125
0 0.80546875 0.3078125 0.0328125 0.03125
0 0.79140625 0.33671875 0.0328125 0.0328125
0 0.63046875 0.30859375 0.0328125 0.034375
0 0.56953125 0.3265625 0.03125 0.0328125
0 0.52421875 0.36484375 0.0296875 0.0328125
0 0.2828125 0.25546875 0.03125 0.0390625
0 0.19765625 0.26640625 0.0328125 0.0328125
0 0.26171875 0.3125 0.034375 0.0328125
0 0.23046875 0.33671875 0.0296875 0.0328125
0 0.25703125 0.3984375 0.0296875 0.03125
0 0.278125 0.37109375 0.0296875 0.0296875
0 0.3171875 0.3 0.0296875 0.0296875
0 0.334375 0.3234375 0.0296875 0.028125
0 0.33828125 0.35078125 0.0296875 0.028125
0 0.31953125 0.37109375 0.0265625 0.0296875
0 0.36953125 0.37890625 0.0265625 0.0296875
0 0.34375 0.37578125 0.0265625 0.0296875
0 0.3953125 0.37421875 0.0265625 0.03125
0 0.41484375 0.39296875 0.0265625 0.0296875
0 0.42421875 0.42578125 0.028125 0.0296875
0 0.39609375 0.40859375 0.0296875 0.0265625
0 0.396875 0.4359375 0.0296875 0.0296875
0 0.371875 0.42265625 0.028125 0.0296875
0 0.33671875 0.40078125 0.0296875 0.028125
0 0.30625 0.39296875 0.0328125 0.028125
0 0.30625 0.41875 0.0296875 0.0265625
0 0.3125 0.4453125 0.0265625 0.0296875
0 0.26640625 0.45546875 0.0296875 0.0328125
0 0.27421875 0.58359375 0.028125 0.0328125
0 0.29609375 0.6046875 0.0328125 0.0296875
0 0.25 0.609375 0.0296875 0.0296875
0 0.2828125 0.634375 0.0265625 0.0296875
0 0.25703125 0.6359375 0.0265625 0.0296875
0 0.27734375 0.6703125 0.0296875 0.028125
0 0.3078125 0.68828125 0.028125 0.0265625
0 0.28359375 0.69921875 0.0265625 0.0296875
0 0.31171875 0.7109375 0.0296875 0.028125
0 0.32421875 0.73359375 0.028125 0.0296875
0 0.27578125 0.49453125 0.0296875 0.028125
0 0.3421875 0.46796875 0.0296875 0.0265625
0 0.3171875 0.47109375 0.028125 0.028125
0 0.2921875 0.4765625 0.0265625 0.028125
0 0.3 0.503125 0.0296875 0.0265625
0 0.2734375 0.52265625 0.0296875 0.028125
0 0.2703125 0.55078125 0.0265625 0.0296875
0 0.2984375 0.52890625 0.028125 0.0265625
0 0.29765625 0.5609375 0.0296875 0.028125
0 0.3234375 0.5328125 0.028125 0.028125
0 0.3484375 0.49296875 0.0296875 0.028125
0 0.3421875 0.5171875 0.0265625 0.028125
0 0.38203125 0.471875 0.0296875 0.03125
0 0.36875 0.50859375 0.0265625 0.03125
0 0.40234375 0.51015625 0.028125 0.03125
0 0.41796875 0.57734375 0.0296875 0.0296875
0 0.42578125 0.61171875 0.0296875 0.0296875
0 0.43515625 0.64453125 0.0296875 0.0328125
0 0.45859375 0.6546875 0.0296875 0.0296875
0 0.68671875 0.50703125 0.0328125 0.0328125
0 0.60390625 0.52890625 0.0296875 0.0296875
0 0.5671875 0.503125 0.0328125 0.0296875
0 0.559375 0.41484375 0.0328125 0.03125
0 0.5875 0.46484375 0.0296875 0.03125
0 0.50234375 0.42890625 0.03125 0.03125
0 0.53515625 0.4390625 0.03125 0.0296875
0 0.5203125 0.46640625 0.0296875 0.0296875
0 0.459375 0.51640625 0.0296875 0.0328125
0 0.5125 0.49296875 0.0296875 0.0296875
0 0.52421875 0.52109375 0.0328125 0.0296875
0 0.55703125 0.53515625 0.0296875 0.0328125
0 0.53515625 0.55 0.0296875 0.0296875
0 0.51796875 0.59765625 0.0296875 0.0296875
0 0.54609375 0.590625 0.0296875 0.0296875
0 0.5859375 0.56171875 0.0328125 0.0296875
0 0.64609375 0.57109375 0.0328125 0.028125
0 0.6546875 0.5984375 0.0296875 0.0296875
0 0.61953125 0.60078125 0.0296875 0.0296875
0 0.584375 0.59140625 0.0296875 0.03125
0 0.5734375 0.61328125 0.0296875 0.0296875
0 0.59921875 0.62265625 0.0328125 0.0296875
0 0.6390625 0.625 0.034375 0.0296875
0 0.63828125 0.6515625 0.03125 0.0296875
0 0.603125 0.646875 0.0296875 0.0296875
0 0.61875 0.66875 0.0296875 0.0296875
0 0.70625 0.6015625 0.0328125 0.03125
0 0.74296875 0.628125 0.0296875 0.0296875
0 0.7203125 0.6546875 0.03125 0.0328125
0 0.82890625 0.715625 0.0296875 0.0296875
0 0.7 0.753125 0.03125 0.0296875
0 0.66015625 0.71171875 0.028125 0.0296875
0 0.675 0.7453125 0.0296875 0.0296875
0 0.64609375 0.7328125 0.0296875 0.028125
0 0.546875 0.72265625 0.03125 0.03125
0 0.57109375 0.73984375 0.0328125 0.0296875
0 0.62890625 0.76015625 0.0296875 0.0296875
0 0.68984375 0.80078125 0.0296875 0.0296875
0 0.5484375 0.82421875 0.0328125 0.0328125
0 0.51328125 0.80390625 0.0296875 0.0296875
0 0.4859375 0.803125 0.0296875 0.028125
0 0.359375 0.821875 0.03125 0.0328125