0 0.3375 0.63515625 0.0234375 0.025
0 0.4296875 0.48828125 0.025 0.028125
0 0.45234375 0.48828125 0.021875 0.0265625
0 0.4859375 0.4875 0.025 0.0296875
0 0.4328125 0.52109375 0.021875 0.025
0 0.4578125 0.515625 0.025 0.025
0 0.49609375 0.5171875 0.025 0.028125
0 0.45859375 0.54296875 0.025 0.025
0 0.48203125 0.54140625 0.025 0.0265625
0 0.44765625 0.56796875 0.025 0.025
0 0.48515625 0.56640625 0.025 0.025
0 0.49453125 0.590625 0.0234375 0.0234375
0 0.51015625 0.56875 0.025 0.025
0 0.5203125 0.61015625 0.025 0.025
0 0.5203125 0.6890625 0.025 0.0265625
0 0.53515625 0.66171875 0.025 0.028125
0 0.56796875 0.7171875 0.0265625 0.028125
0 0.60703125 0.78203125 0.03125 0.0296875
0 0.53046875 0.79296875 0.025 0.03125
0 0.53984375 0.74140625 0.025 0.028125
0 0.49453125 0.753125 0.021875 0.0234375
0 0.47890625 0.7328125 0.025 0.0234375
0 0.4734375 0.71015625 0.0265625 0.01875
0 0.48671875 0.69140625 0.025 0.021875
0 0.49453125 0.66953125 0.025 0.021875
0 0.49140625 0.6453125 0.025 0.025
0 0.48203125 0.621875 0.021875 0.025
0 0.47421875 0.59921875 0.021875 0.0234375
0 0.4484375 0.5921875 0.025 0.0234375
0 0.4375 0.6109375 0.021875 0.0203125
0 0.459375 0.6171875 0.0234375 0.0234375
0 0.4390625 0.634375 0.021875 0.0234375
0 0.46640625 0.64140625 0.0234375 0.021875
0 0.46640625 0.66484375 0.025 0.021875
0 0.46328125 0.68828125 0.021875 0.021875
0 0.44140625 0.6859375 0.0203125 0.025
0 0.4421875 0.6578125 0.021875 0.0234375
0 0.42109375 0.69140625 0.021875 0.025
0 0.40546875 0.6734375 0.021875 0.025
0 0.41953125 0.6578125 0.021875 0.025
0 0.39609375 0.64296875 0.021875 0.028125
0 0.41640625 0.62734375 0.021875 0.021875
0 0.41015625 0.6046875 0.0234375 0.025
0 0.42578125 0.584375 0.021875 0.0234375
0 0.403125 0.58046875 0.0203125 0.025
0 0.4203125 0.55625 0.021875 0.0234375
0 0.3953125 0.55703125 0.025 0.021875
0 0.3359375 0.56796875 0.0234375 0.025
0 0.36171875 0.5578125 0.0234375 0.0234375
0 0.38046875 0.54140625 0.021875 0.025
0 0.4078125 0.53515625 0.021875 0.021875
0 0.4109375 0.51171875 0.01875 0.0234375
0 0.39375 0.49609375 0.021875 0.025
0 0.38828125 0.51953125 0.021875 0.0234375
0 0.359375 0.53125 0.021875 0.0234375
0 0.3328125 0.5328125 0.0234375 0.0234375
0 0.32578125 0.509375 0.021875 0.025
0 0.31953125 0.48203125 0.021875 0.025
0 0.34765625 0.50234375 0.021875 0.025
0 0.37109375 0.50234375 0.021875 0.021875
0 0.37421875 0.47890625 0.0234375 0.0234375
0 0.3359375 0.46875 0.0234375 0.0234375
0 0.36796875 0.4359375 0.025 0.025
0 0.3609375 0.4609375 0.025 0.0234375
0 0.39296875 0.45234375 0.021875 0.028125
0 0.4046875 0.47265625 0.021875 0.025
0 0.41953125 0.45234375 0.021875 0.025
0 0.44375 0.4515625 0.025 0.025
0 0.46484375 0.4609375 0.0234375 0.0265625
0 0.4890625 0.44921875 0.0265625 0.0265625
0 0.4703125 0.42890625 0.025 0.028125
0 0.4453125 0.425 0.025 0.028125
0 0.4125 0.42890625 0.021875 0.0234375
0 0.42734375 0.40859375 0.0265625 0.025
0 0.43515625 0.38359375 0.025 0.025
0 0.4046875 0.3828125 0.021875 0.0265625
0 0.38359375 0.41328125 0.0234375 0.025
0 0.33828125 0.41953125 0.021875 0.025
0 0.35859375 0.403125 0.021875 0.028125
0 0.37734375 0.38359375 0.021875 0.0265625
0 0.35390625 0.37109375 0.025 0.025
0 0.23125 0.52109375 0.0234375 0.028125
0 0.29296875 0.5078125 0.025 0.028125
0 0.28125 0.4671875 0.0265625 0.028125
0 0.31484375 0.4578125 0.0234375 0.0234375
0 0.31484375 0.43203125 0.025 0.0265625
0 0.31875 0.40390625 0.025 0.025
0 0.32578125 0.3796875 0.025 0.025
0 0.29375 0.37109375 0.025 0.0265625
0 0.32265625 0.3546875 0.025 0.025
0 0.26796875 0.36484375 0.025 0.028125
0 0.278125 0.403125 0.025 0.025
0 0.25703125 0.38671875 0.0234375 0.025
0 0.2296875 0.465625 0.025 0.028125
0 0.20390625 0.4015625 0.028125 0.028125
0 0.16953125 0.43671875 0.021875 0.028125
0 0.14375 0.41796875 0.021875 0.025
0 0.13125 0.3859375 0.021875 0.0265625
0 0.12734375 0.3421875 0.025 0.025
0 0.27734375 0.30234375 0.025 0.0265625