0 0.3484375 0.44765625 0.05 0.05
0 0.4046875 0.5359375 0.046875 0.0484375
0 0.54375 0.46953125 0.05 0.05
0 0.43984375 0.734375 0.05 0.053125
0 0.36328125 0.5375 0.05 0.05
0 0.3609375 0.36328125 0.05 0.05
0 0.31328125 0.47265625 0.046875 0.046875
0 0.3609375 0.41015625 0.0484375 0.0484375
0 0.55625 0.6078125 0.05 0.05
0 0.27109375 0.40625 0.05 0.05
0 0.421875 0.4875 0.046875 0.0484375
0 0.425 0.5734375 0.0484375 0.0484375
0 0.38203125 0.5765625 0.05 0.05
0 0.465625 0.5890625 0.0484375 0.0484375
0 0.4453125 0.6609375 0.05 0.05
0 0.4703125 0.4265625 0.05 0.05
0 0.54765625 0.5671875 0.0484375 0.0484375
0 0.23125 0.4109375 0.05 0.05
0 0.44453125 0.521875 0.046875 0.0484375
0 0.56171875 0.809375 0.0515625 0.053125
0 0.5296875 0.78125 0.05 0.053125
0 0.2015625 0.4453125 0.046875 0.046875
0 0.28359375 0.5015625 0.0484375 0.0484375
0 0.57265625 0.6484375 0.05 0.0515625
0 0.58515625 0.4421875 0.05 0.05
0 0.4359375 0.4484375 0.05 0.05
0 0.2859375 0.36328125 0.05 0.05
0 0.66875 0.4953125 0.0515625 0.05
0 0.575 0.85234375 0.053125 0.053125
0 0.4671875 0.33671875 0.05 0.05
0 0.4765625 0.5484375 0.0484375 0.05
0 0.4328125 0.3625 0.05 0.05
0 0.58359375 0.484375 0.05 0.05
0 0.2390625 0.46171875 0.05 0.05
0 0.31640625 0.52578125 0.05 0.05
0 0.24375 0.51484375 0.05 0.05
0 0.51484375 0.53671875 0.05 0.05
0 0.4859375 0.790625 0.05 0.053125
0 0.28671875 0.66328125 0.05 0.05
0 0.4671875 0.26484375 0.0515625 0.0515625
0 0.50625 0.49375 0.05 0.05
0 0.38203125 0.475 0.05 0.05
0 0.125 0.36875 0.05 0.05
0 0.1796875 0.41171875 0.0484375 0.046875
0 0.56015625 0.69140625 0.05 0.0515625
0 0.3015625 0.71328125 0.05 0.05
0 0.50859375 0.40703125 0.05 0.05
0 0.4984375 0.75 0.0515625 0.053125
0 0.5765625 0.765625 0.0515625 0.053125
0 0.3421875 0.72734375 0.05 0.05
0 0.38125 0.73671875 0.05 0.05
0 0.53203125 0.659375 0.05 0.053125
0 0.4640625 0.48046875 0.0484375 0.0484375
0 0.36484375 0.31796875 0.046875 0.046875
0 0.54140625 0.38359375 0.05 0.05
0 0.35234375 0.6109375 0.0484375 0.0484375
0 0.27890625 0.45234375 0.05 0.05
0 0.2765625 0.5421875 0.05 0.05
0 0.56328125 0.34375 0.053125 0.05
0 0.59140625 0.5296875 0.0484375 0.0484375
0 0.30234375 0.32421875 0.05 0.05
0 0.17109375 0.4796875 0.05 0.05
0 0.36953125 0.6921875 0.0515625 0.05
0 0.58515625 0.5765625 0.05 0.0515625
0 0.51640625 0.821875 0.05 0.053125
0 0.646875 0.44921875 0.0515625 0.05
0 0.39140625 0.61953125 0.05 0.053125
0 0.3234375 0.38125 0.05 0.05
0 0.39609375 0.43515625 0.0453125 0.0453125
0 0.475 0.63046875 0.0484375 0.0484375
0 0.58984375 0.72421875 0.05 0.053125
0 0.43046875 0.31796875 0.046875 0.046875
0 0.66171875 0.7671875 0.053125 0.053125
0 0.5015625 0.3140625 0.046875 0.0484375
0 0.4703125 0.87265625 0.05 0.053125
0 0.24375 0.36640625 0.05 0.05
0 0.4765625 0.7140625 0.05 0.053125
0 0.63203125 0.6515625 0.05 0.053125
0 0.696875 0.5890625 0.0515625 0.0515625
0 0.58515625 0.30625 0.053125 0.0515625
0 0.54609375 0.42578125 0.05 0.05
0 0.2046875 0.378125 0.05 0.05
0 0.80234375 0.73359375 0.053125 0.053125
0 0.55078125 0.51171875 0.0484375 0.0484375
0 0.64140625 0.528125 0.053125 0.05
0 0.746875 0.77734375 0.0515625 0.053125
0 0.34765625 0.496875 0.0484375 0.0484375
0 0.4328125 0.61953125 0.05 0.0515625
0 0.41015625 0.7046875 0.0515625 0.053125
0 0.7546875 0.728125 0.0515625 0.053125
0 0.55078125 0.88515625 0.05 0.053125
0 0.63359375 0.71328125 0.053125 0.053125
0 0.6890625 0.4546875 0.05 0.0515625
0 0.11953125 0.5109375 0.046875 0.0484375
0 0.6796875 0.55 0.05 0.05
0 0.5171875 0.7015625 0.05 0.0515625
0 0.628125 0.48828125 0.0515625 0.0515625
0 0.27421875 0.61640625 0.0515625 0.05
0 0.56015625 0.259375 0.05 0.05
0 0.71015625 0.7515625 0.053125 0.0515625
0 0.54140625 0.30546875 0.0515625 0.053125
0 0.50546875 0.35625 0.0515625 0.05
0 0.32890625 0.68125 0.053125 0.0515625
0 0.309375 0.421875 0.05 0.05
0 0.7890625 0.77578125 0.053125 0.053125
0 0.78671875 0.68984375 0.0515625 0.053125
0 0.13828125 0.43125 0.0484375 0.0484375
0 0.396875 0.29140625 0.05 0.05
0 0.165625 0.36796875 0.0515625 0.05
0 0.76484375 0.57734375 0.05 0.0515625
0 0.83515625 0.7671875 0.053125 0.053125
0 0.8328125 0.56484375 0.053125 0.0515625
0 0.64921875 0.81015625 0.053125 0.053125
0 0.8015625 0.60078125 0.053125 0.0515625
0 0.67421875 0.72265625 0.0515625 0.0515625
0 0.4296875 0.88203125 0.0515625 0.053125
0 0.51484375 0.2703125 0.0515625 0.05625
0 0.79375 0.5453125 0.053125 0.0515625
0 0.10390625 0.4046875 0.0453125 0.0453125
0 0.50625 0.58125 0.05 0.053125
0 0.396875 0.38671875 0.05 0.05
0 0.36171875 0.65078125 0.05 0.053125
0 0.1015625 0.44609375 0.046875 0.046875
0 0.5453125 0.73359375 0.05 0.053125
0 0.85703125 0.728125 0.053125 0.0515625
0 0.43515625 0.4078125 0.046875 0.046875
0 0.62109375 0.41484375 0.05 0.053125
0 0.50859375 0.4515625 0.05 0.05
0 0.484375 0.671875 0.05 0.0515625
0 0.809375 0.65390625 0.053125 0.053125
0 0.625 0.55625 0.053125 0.05
0 0.81171875 0.5046875 0.0515625 0.05
0 0.396875 0.34296875 0.05 0.05
0 0.8421875 0.6234375 0.053125 0.053125
0 0.5171875 0.62265625 0.05 0.05
0 0.88984375 0.61171875 0.05625 0.053125
0 0.403125 0.66015625 0.05 0.0515625
0 0.77109375 0.63359375 0.05 0.053125
0 0.77265625 0.478125 0.053125 0.05
0 0.13203125 0.471875 0.05 0.05
0 0.32109375 0.6390625 0.0515625 0.053125
0 0.5125 0.86796875 0.0515625 0.05625
0 0.60859375 0.36015625 0.0625 0.0546875
0 0.6453125 0.36875 0.0515625 0.053125
0 0.80859375 0.42734375 0.053125 0.053125
0 0.3390625 0.57109375 0.05 0.0515625
0 0.76484375 0.4328125 0.053125 0.053125
0 0.74296875 0.67109375 0.053125 0.053125
0 0.60078125 0.68203125 0.05 0.0515625
0 0.73515625 0.81875 0.053125 0.0515625
0 0.60546875 0.79921875 0.053125 0.053125
0 0.6984375 0.79296875 0.053125 0.053125
0 0.3296875 0.2921875 0.05 0.05
0 0.25859375 0.32890625 0.053125 0.05
0 0.840625 0.6875 0.053125 0.0546875
0 0.66640625 0.41015625 0.0515625 0.053125
0 0.471875 0.38671875 0.05 0.053125
0 0.63984375 0.596875 0.053125 0.0515625
0 0.60390625 0.615625 0.0484375 0.0515625
0 0.72421875 0.55390625 0.053125 0.053125
0 0.73046875 0.35 0.05 0.05
0 0.21015625 0.49296875 0.05 0.05
0 0.73046875 0.4703125 0.05 0.053125
0 0.7015625 0.38828125 0.0515625 0.05
0 0.75 0.3921875 0.05 0.0515625
0 0.0609375 0.43984375 0.053125 0.05
0 0.6734375 0.6296875 0.05 0.0546875
0 0.47109375 0.83125 0.053125 0.053125
0 0.70390625 0.66171875 0.05 0.05625
0 0.29765625 0.58046875 0.05 0.05
0 0.34765625 0.81015625 0.0515625 0.053125
0 0.68671875 0.834375 0.0515625 0.053125
0 0.70859375 0.5125 0.053125 0.053125
0 0.7546875 0.51640625 0.0515625 0.05
0 0.61875 0.75703125 0.053125 0.053125
0 0.415625 0.76875 0.0546875 0.053125
0 0.715625 0.70703125 0.0515625 0.053125
0 0.73125 0.6171875 0.05 0.05625
0 0.58046875 0.39921875 0.0515625 0.053125
0 0.721875 0.42734375 0.05 0.05
0 0.2328125 0.55625 0.05625 0.05
0 0.66875 0.684375 0.053125 0.053125