0 0.82421875 0.46640625 0.03125 0.0375
0 0.88515625 0.48515625 0.0296875 0.0328125
0 0.8625 0.3671875 0.0265625 0.034375
0 0.83359375 0.38046875 0.0296875 0.0328125
0 0.84296875 0.35 0.0296875 0.0328125
0 0.84453125 0.2796875 0.0328125 0.0375
0 0.82578125 0.2265625 0.03125 0.0359375
0 0.809375 0.26875 0.03125 0.0390625
0 0.765625 0.31640625 0.0296875 0.0328125
0 0.75859375 0.28515625 0.0265625 0.0328125
0 0.63203125 0.14296875 0.034375 0.040625
0 0.5921875 0.25859375 0.03125 0.0375
0 0.6234375 0.3 0.03125 0.0421875
0 0.70078125 0.3359375 0.0296875 0.0359375
0 0.78828125 0.44609375 0.0265625 0.0328125
0 0.7578125 0.4640625 0.0265625 0.0296875
0 0.73125 0.46640625 0.028125 0.0296875
0 0.71171875 0.4875 0.0265625 0.028125
0 0.7265625 0.5390625 0.0265625 0.0296875
0 0.7 0.5328125 0.025 0.0296875
0 0.69296875 0.50625 0.0234375 0.0296875
0 0.66171875 0.496875 0.028125 0.0328125
0 0.640625 0.465625 0.0265625 0.0328125
0 0.61796875 0.4546875 0.0265625 0.0296875
0 0.67265625 0.61328125 0.0265625 0.0296875
0 0.64609375 0.60625 0.0234375 0.028125
0 0.59609375 0.59140625 0.0234375 0.0296875
0 0.60703125 0.621875 0.0234375 0.0328125
0 0.61640625 0.57890625 0.0234375 0.0296875
0 0.578125 0.76796875 0.0234375 0.0265625
0 0.58125 0.68515625 0.0234375 0.025
0 0.55703125 0.68828125 0.0203125 0.021875
0 0.55703125 0.6640625 0.0234375 0.0234375
0 0.53984375 0.67890625 0.021875 0.0203125
0 0.5203125 0.65546875 0.0234375 0.0234375
0 0.53828125 0.65546875 0.0171875 0.0234375
0 0.51796875 0.63671875 0.0234375 0.015625
0 0.50234375 0.621875 0.021875 0.0234375
0 0.55078125 0.75859375 0.0203125 0.0265625
0 0.521875 0.7296875 0.0203125 0.025
0 0.5078125 0.709375 0.0203125 0.0234375
0 0.49140625 0.6984375 0.021875 0.0234375
0 0.51796875 0.76796875 0.0203125 0.0234375
0 0.5 0.778125 0.0203125 0.0234375
0 0.475 0.76875 0.0203125 0.0203125
0 0.47578125 0.71875 0.021875 0.0234375
0 0.4625 0.75078125 0.0203125 0.021875
0 0.4640625 0.73359375 0.0203125 0.0171875
0 0.45546875 0.715625 0.0203125 0.0234375
0 0.44375 0.75234375 0.01875 0.0234375
0 0.428125 0.73828125 0.0203125 0.0234375
0 0.43046875 0.7171875 0.0203125 0.0234375
0 0.44453125 0.66015625 0.0203125 0.025
0 0.4609375 0.6484375 0.0203125 0.021875
0 0.44609375 0.6296875 0.0203125 0.0265625
0 0.4296875 0.61328125 0.0203125 0.025
0 0.43359375 0.5890625 0.0203125 0.0265625
0 0.5703125 0.4453125 0.0234375 0.0296875
0 0.590625 0.4375 0.0203125 0.0328125
0 0.55625 0.453125 0.021875 0.0265625
0 0.56875 0.421875 0.025 0.0171875
0 0.55 0.4046875 0.0234375 0.0296875
0 0.57265625 0.54609375 0.021875 0.0296875
0 0.54453125 0.5578125 0.0234375 0.03125
0 0.5390625 0.5234375 0.0234375 0.03125
0 0.553125 0.5046875 0.0234375 0.028125
0 0.4640625 0.553125 0.0234375 0.0234375
0 0.46796875 0.5734375 0.01875 0.021875
0 0.4890625 0.55 0.0234375 0.0265625
0 0.4859375 0.571875 0.0203125 0.01875
0 0.48671875 0.5328125 0.0234375 0.0140625
0 0.52890625 0.475 0.0234375 0.0296875
0 0.496875 0.5109375 0.0265625 0.0296875
0 0.465625 0.45234375 0.0234375 0.0328125
0 0.48828125 0.46875 0.0265625 0.03125
0 0.50078125 0.40859375 0.0234375 0.028125
0 0.51875 0.39609375 0.0234375 0.0296875
0 0.5203125 0.4375 0.0296875 0.0265625
0 0.51640625 0.45390625 0.0265625 0.015625
0 0.5234375 0.41640625 0.0265625 0.0171875
0 0.53203125 0.39296875 0.0140625 0.0296875
0 0.5328125 0.36328125 0.0234375 0.03125
0 0.5125 0.2359375 0.028125 0.0375
0 0.50546875 0.3125 0.0265625 0.0328125
0 0.53046875 0.30078125 0.028125 0.0328125
0 0.53359375 0.3265625 0.028125 0.0234375
0 0.4453125 0.35546875 0.0234375 0.0296875
0 0.46015625 0.32734375 0.0265625 0.0328125
0 0.48828125 0.38359375 0.021875 0.0265625
0 0.4703125 0.39765625 0.0234375 0.03125
0 0.49609375 0.3421875 0.025 0.0296875
0 0.4984375 0.3671875 0.0234375 0.0265625
0 0.47109375 0.359375 0.0234375 0.0328125
0 0.478125 0.328125 0.015625 0.03125
0 0.44140625 0.2828125 0.03125 0.0375
0 0.42421875 0.3734375 0.025 0.0359375
0 0.38515625 0.32734375 0.0265625 0.0359375
0 0.34453125 0.50703125 0.0234375 0.0296875
0 0.32265625 0.5140625 0.0234375 0.0296875