0 0.7640625 0.62421875 0.015625 0.021875
0 0.7328125 0.6703125 0.01875 0.0234375
0 0.6203125 0.7171875 0.015625 0.01875
0 0.46796875 0.6953125 0.015625 0.01875
0 0.48515625 0.67734375 0.01875 0.021875
0 0.49765625 0.6828125 0.015625 0.0171875
0 0.52265625 0.6828125 0.0171875 0.01875
0 0.565625 0.6875 0.0140625 0.015625
0 0.540625 0.68125 0.0125 0.01875
0 0.58046875 0.68125 0.015625 0.0171875
0 0.55625 0.67578125 0.0125 0.015625
0 0.59609375 0.6765625 0.0125 0.0171875
0 0.56953125 0.66640625 0.015625 0.0171875
0 0.58671875 0.66171875 0.0125 0.01875
0 0.54453125 0.6671875 0.015625 0.01875
0 0.55859375 0.65859375 0.015625 0.0171875
0 0.5296875 0.65703125 0.015625 0.01875
0 0.51328125 0.66640625 0.01875 0.01875
0 0.51796875 0.6484375 0.01875 0.01875
0 0.5734375 0.64921875 0.015625 0.015625
0 0.56328125 0.63671875 0.015625 0.0203125
0 0.546875 0.64765625 0.01875 0.0171875
0 0.53359375 0.640625 0.0171875 0.01875
0 0.534375 0.62265625 0.0171875 0.0171875
0 0.50859375 0.62421875 0.015625 0.021875
0 0.521875 0.6078125 0.01875 0.01875
0 0.496875 0.615625 0.015625 0.01875
0 0.50703125 0.59296875 0.0171875 0.01875
0 0.4828125 0.5984375 0.015625 0.01875
0 0.625 0.575 0.015625 0.01875
0 0.590625 0.55234375 0.0140625 0.015625
0 0.5765625 0.54375 0.0171875 0.015625
0 0.6328125 0.52734375 0.01875 0.01875
0 0.571875 0.496875 0.015625 0.021875
0 0.45 0.6453125 0.015625 0.01875
0 0.4328125 0.6484375 0.0171875 0.01875
0 0.440625 0.6296875 0.01875 0.0171875
0 0.4203125 0.63359375 0.0171875 0.01875
0 0.40703125 0.61875 0.01875 0.0203125
0 0.4328125 0.6125 0.01875 0.021875
0 0.45 0.60546875 0.0171875 0.01875
0 0.415625 0.60546875 0.015625 0.01875
0 0.4046875 0.59140625 0.015625 0.01875
0 0.39140625 0.58046875 0.01875 0.01875
0 0.41875 0.5875 0.01875 0.01875
0 0.43828125 0.58359375 0.015625 0.0171875
0 0.46015625 0.58046875 0.01875 0.01875
0 0.46484375 0.5625 0.015625 0.015625
0 0.446875 0.56796875 0.0171875 0.01875
0 0.42890625 0.5703125 0.0171875 0.01875
0 0.41015625 0.571875 0.01875 0.01875
0 0.38125 0.55703125 0.0171875 0.01875
0 0.40078125 0.5515625 0.015625 0.0203125
0 0.41875 0.5546875 0.015625 0.0171875
0 0.4359375 0.55234375 0.0140625 0.015625
0 0.4515625 0.5484375 0.015625 0.015625
0 0.440625 0.53515625 0.015625 0.0171875
0 0.4078125 0.534375 0.01875 0.01875
0 0.440625 0.51796875 0.015625 0.015625
0 0.45390625 0.50703125 0.015625 0.01875
0 0.421875 0.52109375 0.01875 0.015625
0 0.40625 0.5140625 0.015625 0.01875
0 0.3859375 0.5125 0.015625 0.01875
0 0.42109375 0.5015625 0.0171875 0.01875
0 0.40625 0.4921875 0.0171875 0.0171875
0 0.38515625 0.4890625 0.01875 0.0171875
0 0.425 0.4828125 0.0171875 0.01875
0 0.44140625 0.47421875 0.015625 0.01875
0 0.41640625 0.4640625 0.015625 0.0203125
0 0.39609375 0.46796875 0.0171875 0.01875
0 0.378125 0.465625 0.01875 0.021875
0 0.3796875 0.43828125 0.015625 0.01875
0 0.39453125 0.4234375 0.0171875 0.01875
0 0.3765625 0.4171875 0.01875 0.0171875
0 0.3765625 0.39609375 0.0171875 0.01875
0 0.3953125 0.403125 0.015625 0.01875
0 0.41328125 0.40546875 0.015625 0.01875
0 0.42265625 0.3921875 0.0171875 0.01875
0 0.40390625 0.3875 0.0171875 0.01875
0 0.38671875 0.37734375 0.01875 0.01875
0 0.3546875 0.37578125 0.021875 0.0203125
0 0.40390625 0.36640625 0.01875 0.01875
0 0.425 0.36328125 0.0171875 0.0203125
0 0.384375 0.35703125 0.0171875 0.0171875
0 0.4015625 0.34375 0.015625 0.021875
0 0.38515625 0.3390625 0.015625 0.01875
0 0.3625 0.3359375 0.01875 0.01875
0 0.37578125 0.32109375 0.01875 0.01875
0 0.3953125 0.31484375 0.01875 0.01875
0 0.35390625 0.315625 0.01875 0.0203125
0 0.3609375 0.2984375 0.0171875 0.01875
0 0.378125 0.29375 0.01875 0.01875
0 0.35703125 0.2796875 0.0171875 0.01875
0 0.36796875 0.26640625 0.01875 0.0203125
0 0.3390625 0.2625 0.01875 0.0203125
0 0.3484375 0.24375 0.0171875 0.0203125
0 0.365625 0.2375 0.01875 0.0203125
0 0.54140625 0.4390625 0.015625 0.0171875
0 0.534375 0.4546875 0.0140625 0.015625
0 0.52265625 0.440625 0.015625 0.0171875
0 0.50546875 0.44296875 0.015625 0.0171875
0 0.52109375 0.42421875 0.015625 0.015625
0 0.4984375 0.42578125 0.015625 0.015625
0 0.48671875 0.4375 0.015625 0.015625
0 0.48203125 0.4203125 0.015625 0.0171875
0 0.496875 0.40859375 0.015625 0.0171875
0 0.521875 0.4046875 0.015625 0.01875
0 0.5109375 0.39140625 0.015625 0.015625
0 0.503125 0.375 0.015625 0.01875
0 0.49921875 0.353125 0.015625 0.0171875
0 0.4734375 0.39375 0.015625 0.0171875
0 0.4609375 0.40703125 0.015625 0.0171875
0 0.44375 0.4203125 0.01875 0.01875
0 0.46015625 0.4421875 0.015625 0.01875
0 0.49296875 0.328125 0.015625 0.01875
0 0.44921875 0.3203125 0.01875 0.01875
0 0.4796875 0.303125 0.01875 0.01875
0 0.428125 0.27578125 0.01875 0.01875
0 0.46015625 0.2734375 0.015625 0.01875
0 0.478125 0.2734375 0.0140625 0.0171875
0 0.49296875 0.259375 0.015625 0.0171875
0 0.47734375 0.25234375 0.015625 0.015625
0 0.46171875 0.24453125 0.01875 0.0171875
0 0.4484375 0.2328125 0.0171875 0.0171875
0 0.4765625 0.234375 0.01875 0.01875
0 0.45703125 0.2203125 0.015625 0.0203125
0 0.49375 0.23828125 0.015625 0.01875
0 0.44375 0.2046875 0.01875 0.01875
0 0.4734375 0.21640625 0.015625 0.01875
0 0.50234375 0.22734375 0.015625 0.015625
0 0.52109375 0.22421875 0.0140625 0.01875
0 0.4890625 0.21875 0.015625 0.01875
0 0.4640625 0.20078125 0.015625 0.01875
0 0.503125 0.21015625 0.015625 0.01875
0 0.4859375 0.20078125 0.015625 0.01875
0 0.51953125 0.19375 0.015625 0.015625
0 0.5 0.190625 0.015625 0.01875
0 0.484375 0.18046875 0.015625 0.01875
0 0.46796875 0.184375 0.0171875 0.01875
0 0.44765625 0.18515625 0.015625 0.01875
0 0.50390625 0.171875 0.015625 0.01875
0 0.4796875 0.16171875 0.01875 0.01875
0 0.52578125 0.16953125 0.015625 0.01875
0 0.33671875 0.1734375 0.01875 0.021875