0 0.4984375 0.51875 0.028125 0.028125
0 0.6015625 0.51484375 0.028125 0.028125
0 0.53203125 0.6109375 0.028125 0.0296875
0 0.62890625 0.653125 0.0296875 0.0296875
0 0.465625 0.51875 0.028125 0.028125
0 0.53828125 0.47734375 0.028125 0.028125
0 0.5359375 0.675 0.028125 0.0296875
0 0.6125 0.67421875 0.028125 0.0296875
0 0.5515625 0.63984375 0.028125 0.0296875
0 0.525 0.53515625 0.028125 0.028125
0 0.6234375 0.70390625 0.028125 0.03125
0 0.55625 0.49296875 0.028125 0.028125
0 0.61953125 0.55546875 0.028125 0.028125
0 0.66875 0.6203125 0.0296875 0.0296875
0 0.55078125 0.5703125 0.028125 0.028125
0 0.66875 0.6859375 0.028125 0.03125
0 0.65703125 0.46015625 0.0296875 0.0296875
0 0.54296875 0.5140625 0.028125 0.028125
0 0.5 0.5453125 0.028125 0.028125
0 0.671875 0.4875 0.028125 0.028125
0 0.64765625 0.53125 0.028125 0.028125
0 0.64609375 0.6328125 0.028125 0.0296875
0 0.690625 0.4453125 0.028125 0.028125
0 0.48828125 0.49609375 0.028125 0.028125
0 0.503125 0.72265625 0.028125 0.0296875
0 0.67578125 0.27421875 0.028125 0.028125
0 0.63125 0.61015625 0.028125 0.028125
0 0.49453125 0.59375 0.028125 0.028125
0 0.68359375 0.2515625 0.028125 0.028125
0 0.5265625 0.65078125 0.028125 0.028125
0 0.53125 0.5859375 0.028125 0.028125
0 0.65234375 0.5875 0.0296875 0.028125
0 0.6296875 0.50546875 0.028125 0.028125
0 0.66328125 0.56640625 0.03125 0.03125
0 0.7140625 0.5234375 0.028125 0.028125
0 0.5125 0.6296875 0.028125 0.0296875
0 0.69765625 0.421875 0.028125 0.028125
0 0.6734375 0.64609375 0.028125 0.0296875
0 0.67421875 0.5125 0.028125 0.028125
0 0.6046875 0.5984375 0.028125 0.0296875
0 0.45859375 0.54296875 0.028125 0.028125
0 0.56796875 0.46328125 0.028125 0.028125
0 0.5609375 0.66953125 0.028125 0.03125
0 0.6125 0.475 0.028125 0.0296875
0 0.43359375 0.41875 0.0265625 0.0265625
0 0.653125 0.66328125 0.028125 0.0296875
0 0.69765625 0.4765625 0.028125 0.028125
0 0.66953125 0.8171875 0.0296875 0.0328125
0 0.71484375 0.43984375 0.028125 0.028125
0 0.58515625 0.56640625 0.028125 0.028125
0 0.7125 0.38359375 0.028125 0.0296875
0 0.4515625 0.43984375 0.028125 0.028125
0 0.67421875 0.375 0.028125 0.03125
0 0.509375 0.47578125 0.028125 0.028125
0 0.721875 0.49140625 0.0296875 0.0296875
0 0.72421875 0.465625 0.028125 0.028125
0 0.57734375 0.534375 0.028125 0.028125
0 0.59453125 0.76328125 0.028125 0.03125
0 0.47578125 0.44765625 0.028125 0.028125
0 0.52109375 0.56015625 0.028125 0.028125
0 0.4421875 0.63203125 0.028125 0.028125
0 0.4765625 0.57265625 0.028125 0.028125
0 0.66328125 0.72109375 0.0296875 0.03125
0 0.3890625 0.6546875 0.028125 0.0296875
0 0.57734375 0.6875 0.0296875 0.03125
0 0.48203125 0.47109375 0.028125 0.028125
0 0.51640625 0.42734375 0.028125 0.028125
0 0.3859375 0.6265625 0.028125 0.0296875
0 0.578125 0.64609375 0.0296875 0.0296875
0 0.4546875 0.4703125 0.028125 0.028125
0 0.296875 0.7671875 0.028125 0.0296875
0 0.59375 0.4203125 0.03125 0.028125
0 0.70546875 0.23984375 0.028125 0.028125
0 0.6640625 0.34765625 0.028125 0.028125
0 0.40390625 0.67734375 0.028125 0.03125
0 0.453125 0.49375 0.028125 0.028125
0 0.3671875 0.6453125 0.028125 0.03125
0 0.3765625 0.68046875 0.028125 0.028125
0 0.39296875 0.45546875 0.028125 0.028125
0 0.365625 0.61015625 0.028125 0.0296875
0 0.5671875 0.25859375 0.028125 0.028125
0 0.75546875 0.4640625 0.028125 0.028125
0 0.4671875 0.38203125 0.028125 0.028125
0 0.6765625 0.3171875 0.028125 0.028125
0 0.73671875 0.5359375 0.028125 0.028125
0 0.2265625 0.3078125 0.028125 0.028125
0 0.696875 0.70234375 0.028125 0.03125
0 0.22890625 0.44609375 0.028125 0.028125
0 0.2109375 0.675 0.028125 0.028125
0 0.66640625 0.2953125 0.028125 0.028125
0 0.7296875 0.4046875 0.028125 0.028125
0 0.58671875 0.4875 0.028125 0.0296875
0 0.3984375 0.4296875 0.028125 0.028125
0 0.33671875 0.60078125 0.0296875 0.028125
0 0.68359375 0.2171875 0.028125 0.028125
0 0.21484375 0.24140625 0.028125 0.028125
0 0.64609375 0.7609375 0.028125 0.03125
0 0.46171875 0.40625 0.028125 0.028125
0 0.69375 0.59921875 0.028125 0.0296875
0 0.7453125 0.3625 0.028125 0.028125
0 0.4546875 0.609375 0.028125 0.0296875
0 0.46171875 0.203125 0.0265625 0.0265625
0 0.5171875 0.49765625 0.028125 0.028125
0 0.17578125 0.39921875 0.028125 0.028125
0 0.69453125 0.7984375 0.028125 0.03125
0 0.4203125 0.728125 0.028125 0.0296875
0 0.64296875 0.2359375 0.028125 0.028125
0 0.721875 0.8359375 0.0296875 0.03125
0 0.4125 0.59921875 0.028125 0.028125
0 0.43359375 0.70234375 0.028125 0.03125
0 0.27109375 0.64375 0.028125 0.0296875
0 0.184375 0.4734375 0.028125 0.028125
0 0.25703125 0.45625 0.028125 0.028125
0 0.540625 0.1796875 0.028125 0.028125
0 0.28828125 0.61953125 0.03125 0.0296875
0 0.2703125 0.478125 0.028125 0.028125
0 0.203125 0.3609375 0.028125 0.0296875
0 0.27734375 0.5671875 0.028125 0.03125
0 0.2578125 0.509375 0.028125 0.028125
0 0.39609375 0.7015625 0.028125 0.03125
0 0.34453125 0.578125 0.028125 0.028125
0 0.46953125 0.7828125 0.028125 0.034375
0 0.1609375 0.428125 0.028125 0.028125
0 0.22421875 0.4125 0.03125 0.028125
0 0.484375 0.3171875 0.028125 0.028125
0 0.36171875 0.44296875 0.028125 0.0296875
0 0.72109375 0.28515625 0.028125 0.028125
0 0.25859375 0.41640625 0.028125 0.028125
0 0.18203125 0.44921875 0.028125 0.028125
0 0.228125 0.26484375 0.028125 0.028125
0 0.41640625 0.3390625 0.028125 0.028125
0 0.30859375 0.57578125 0.03125 0.028125
0 0.38671875 0.76796875 0.028125 0.03125
0 0.25390625 0.38828125 0.028125 0.028125
0 0.59296875 0.23359375 0.028125 0.0296875
0 0.29140625 0.6796875 0.028125 0.0296875
0 0.2328125 0.51640625 0.028125 0.028125
0 0.31171875 0.64453125 0.028125 0.03125
0 0.696875 0.55078125 0.028125 0.028125
0 0.3328125 0.19609375 0.028125 0.028125
0 0.25703125 0.309375 0.028125 0.028125
0 0.44140625 0.25625 0.0265625 0.0265625
0 0.34296875 0.546875 0.028125 0.0296875
0 0.3703125 0.71328125 0.028125 0.03125
0 0.37421875 0.22265625 0.0265625 0.0265625
0 0.7734375 0.36484375 0.028125 0.03125
0 0.41640625 0.25234375 0.025 0.0265625
0 0.28125 0.4328125 0.028125 0.0296875
0 0.38984375 0.24765625 0.025 0.0265625
0 0.36328125 0.75546875 0.028125 0.0296875
0 0.3265625 0.23828125 0.0265625 0.0265625
0 0.428125 0.23203125 0.0265625 0.028125
0 0.6453125 0.390625 0.03125 0.0296875
0 0.2765625 0.290625 0.028125 0.028125
0 0.3015625 0.4515625 0.03125 0.028125
0 0.6984375 0.35390625 0.028125 0.028125
0 0.28125 0.5 0.028125 0.028125
0 0.40546875 0.228125 0.028125 0.028125
0 0.465625 0.26328125 0.028125 0.028125
0 0.3109375 0.55234375 0.028125 0.028125
0 0.72734375 0.33125 0.028125 0.028125
0 0.8484375 0.67421875 0.03125 0.03125
0 0.31875 0.5109375 0.028125 0.03125
0 0.45546875 0.23671875 0.0265625 0.028125
0 0.303125 0.3078125 0.0296875 0.028125
0 0.34453125 0.22265625 0.028125 0.028125
0 0.33359375 0.47578125 0.03125 0.03125
0 0.40546875 0.2046875 0.0296875 0.028125
0 0.74609375 0.315625 0.03125 0.03125
0 0.25234375 0.33671875 0.028125 0.0296875
0 0.34140625 0.2625 0.0265625 0.0265625
0 0.44140625 0.67734375 0.03125 0.0296875
0 0.29375 0.2390625 0.028125 0.028125
0 0.26875 0.26015625 0.03125 0.03125
0 0.3609375 0.48984375 0.028125 0.028125
0 0.2796875 0.36328125 0.028125 0.028125
0 0.64765625 0.69609375 0.028125 0.03125
0 0.428125 0.3765625 0.028125 0.03125
0 0.74296875 0.44296875 0.0296875 0.028125
0 0.30390625 0.265625 0.028125 0.028125
0 0.3109375 0.33203125 0.0296875 0.028125