0 0.4859375 0.09140625 0.0375 0.03125
0 0.425 0.08359375 0.03828125 0.02890625
0 0.4921875 0.121875 0.03828125 0.03046875
0 0.45703125 0.11953125 0.034375 0.03046875
0 0.4234375 0.12265625 0.0328125 0.02890625
0 0.51015625 0.14921875 0.0390625 0.0296875
0 0.58984375 0.16328125 0.04140625 0.0359375
0 0.55 0.16640625 0.03984375 0.03125
0 0.4359375 0.16875 0.0390625 0.02890625
0 0.390625 0.1859375 0.0359375 0.03125
0 0.53203125 0.2078125 0.03984375 0.034375
0 0.590625 0.2328125 0.04296875 0.03515625
0 0.575 0.2046875 0.04296875 0.0359375
0 0.54375 0.2421875 0.040625 0.034375
0 0.5 0.24296875 0.0421875 0.03359375
0 0.68046875 0.1984375 0.04609375 0.0375
0 0.6421875 0.2296875 0.0453125 0.03359375
0 0.73125 0.2296875 0.0484375 0.03828125
0 0.65390625 0.2625 0.04765625 0.0375
0 0.61953125 0.29765625 0.046875 0.034375
0 0.5671875 0.278125 0.0453125 0.03203125
0 0.57890625 0.30859375 0.04296875 0.03515625
0 0.6265625 0.33359375 0.04765625 0.0359375
0 0.69375 0.32890625 0.05234375 0.04140625
0 0.64296875 0.3875 0.0484375 0.0375
0 0.596875 0.415625 0.04609375 0.0359375
0 0.67421875 0.4375 0.04765625 0.0375
0 0.5390625 0.409375 0.04140625 0.03671875
0 0.49453125 0.403125 0.03984375 0.03359375
0 0.459375 0.3609375 0.0421875 0.03203125
0 0.4171875 0.35859375 0.03359375 0.03203125
0 0.38515625 0.3515625 0.0328125 0.028125
0 0.3875 0.32109375 0.0375 0.03046875
0 0.35078125 0.3421875 0.034375 0.03046875
0 0.409375 0.39140625 0.03984375 0.03203125
0 0.371875 0.378125 0.0328125 0.02890625
0 0.3375 0.37578125 0.03359375 0.028125
0 0.3546875 0.40546875 0.03125 0.0296875
0 0.325 0.4078125 0.03125 0.028125
0 0.29296875 0.4015625 0.03203125 0.02578125
0 0.28671875 0.3765625 0.034375 0.02578125
0 0.25390625 0.36328125 0.03203125 0.028125
0 0.253125 0.3921875 0.03125 0.0265625
0 0.26640625 0.41484375 0.03046875 0.02734375
0 0.23828125 0.42578125 0.03125 0.0265625
0 0.29921875 0.42734375 0.034375 0.0265625
0 0.2703125 0.44296875 0.03046875 0.0265625
0 0.34609375 0.434375 0.0328125 0.028125
0 0.29609375 0.45546875 0.0296875 0.02734375
0 0.32421875 0.4609375 0.03125 0.028125
0 0.353125 0.4640625 0.03046875 0.0328125
0 0.3296875 0.48828125 0.03046875 0.028125
0 0.30078125 0.496875 0.03203125 0.028125
0 0.27734375 0.48359375 0.03125 0.02734375
0 0.36015625 0.5 0.03359375 0.0296875
0 0.40625 0.52578125 0.03515625 0.03125
0 0.425 0.47421875 0.0359375 0.034375
0 0.45859375 0.4640625 0.0375 0.0296875
0 0.496875 0.48828125 0.040625 0.0328125
0 0.5515625 0.4640625 0.04375 0.0328125
0 0.26796875 0.565625 0.0328125 0.0296875
0 0.23671875 0.5046875 0.0328125 0.02890625
0 0.20859375 0.49921875 0.02890625 0.02734375
0 0.21328125 0.47265625 0.0296875 0.025
0 0.1875 0.48046875 0.02734375 0.028125
0 0.15546875 0.47578125 0.028125 0.02578125
0 0.128125 0.45234375 0.025 0.025
0 0.19921875 0.44921875 0.03125 0.02578125
0 0.19765625 0.41953125 0.03046875 0.0265625
0 0.20703125 0.3953125 0.03046875 0.02578125
0 0.1703125 0.3921875 0.02890625 0.0265625
0 0.1796875 0.33203125 0.02734375 0.0265625
0 0.309375 0.5265625 0.034375 0.0296875
0 0.1359375 0.5359375 0.0265625 0.0265625
0 0.16640625 0.56796875 0.03046875 0.028125
0 0.2015625 0.59453125 0.02890625 0.028125
0 0.27890625 0.61484375 0.0328125 0.03359375
0 0.18515625 0.65078125 0.03203125 0.03125
0 0.19609375 0.70625 0.03515625 0.034375
0 0.30859375 0.7078125 0.03671875 0.03359375
0 0.22265625 0.72578125 0.0328125 0.0296875
0 0.20390625 0.7453125 0.03359375 0.03203125
0 0.21640625 0.775 0.03203125 0.028125
0 0.2421875 0.80703125 0.0359375 0.03125
0 0.42578125 0.75625 0.04375 0.0359375
0 0.46484375 0.7765625 0.04296875 0.03671875
0 0.453125 0.815625 0.04375 0.034375
0 0.49609375 0.79921875 0.0421875 0.0390625
0 0.5375 0.80390625 0.0421875 0.0375
0 0.40703125 0.871875 0.04453125 0.0359375
0 0.4015625 0.9078125 0.0421875 0.03671875
0 0.61640625 0.68515625 0.05 0.0421875
0 0.63125 0.6390625 0.04921875 0.03984375
0 0.5734375 0.609375 0.05390625 0.03671875
0 0.65078125 0.5875 0.0515625 0.040625
0 0.6109375 0.57578125 0.0484375 0.03984375
0 0.39765625 0.6171875 0.03984375 0.03203125
0 0.3671875 0.584375 0.040625 0.03359375
0 0.684375 0.4859375 0.0515625 0.0375