0 0.2078125 0.6546875 0.0328125 0.0328125
0 0.41171875 0.7234375 0.034375 0.0359375
0 0.27890625 0.59296875 0.034375 0.0375
0 0.2 0.47265625 0.0375 0.0328125
0 0.2609375 0.44609375 0.034375 0.034375
0 0.23046875 0.4296875 0.0328125 0.034375
0 0.26171875 0.4109375 0.034375 0.034375
0 0.25078125 0.38515625 0.034375 0.034375
0 0.2796875 0.39140625 0.0328125 0.034375
0 0.33046875 0.378125 0.034375 0.0375
0 0.34140625 0.31796875 0.034375 0.0375
0 0.28515625 0.2046875 0.0375 0.0375
0 0.38359375 0.1625 0.034375 0.034375
0 0.5984375 0.20390625 0.0328125 0.0375
0 0.715625 0.19453125 0.034375 0.034375
0 0.71640625 0.15859375 0.0359375 0.040625
0 0.81796875 0.2390625 0.0359375 0.034375
0 0.615625 0.2890625 0.0359375 0.0375
0 0.653125 0.309375 0.0390625 0.0375
0 0.48984375 0.2890625 0.0359375 0.0390625
0 0.5484375 0.3703125 0.03125 0.0328125
0 0.5765625 0.36875 0.034375 0.0375
0 0.47265625 0.4078125 0.0328125 0.0390625
0 0.434375 0.4 0.034375 0.0375
0 0.3890625 0.4078125 0.034375 0.034375
0 0.42890625 0.44765625 0.034375 0.0375
0 0.49765625 0.44453125 0.034375 0.0359375
0 0.409375 0.50546875 0.0328125 0.0359375
0 0.41796875 0.54453125 0.034375 0.0375
0 0.41640625 0.578125 0.0359375 0.0390625
0 0.46015625 0.628125 0.0359375 0.034375
0 0.48125 0.60859375 0.03125 0.0328125
0 0.50546875 0.6109375 0.0359375 0.0375
0 0.57421875 0.68359375 0.034375 0.0375
0 0.5828125 0.54921875 0.034375 0.034375
0 0.63671875 0.46640625 0.0375 0.0390625
0 0.58125 0.43125 0.034375 0.0375
0 0.59921875 0.4125 0.0375 0.0375
0 0.6984375 0.40390625 0.0375 0.0390625
0 0.6921875 0.45703125 0.0375 0.0375
0 0.74140625 0.49609375 0.0375 0.0375
0 0.76640625 0.50703125 0.034375 0.0375
0 0.7703125 0.5328125 0.034375 0.0359375
0 0.75 0.5484375 0.0375 0.0375
0 0.71953125 0.54921875 0.0375 0.0390625
0 0.76875 0.5890625 0.0390625 0.0375
0 0.7953125 0.61640625 0.0375 0.0390625
0 0.809375 0.55625 0.034375 0.0375
0 0.871875 0.66171875 0.040625 0.040625
0 0.7609375 0.72578125 0.034375 0.0375
0 0.72890625 0.70625 0.0328125 0.0375
0 0.665625 0.69296875 0.0328125 0.034375
0 0.65625 0.7375 0.0390625 0.040625
0 0.66953125 0.7765625 0.0390625 0.0421875
0 0.5921875 0.76953125 0.034375 0.0375
0 0.9125 0.26171875 0.0359375 0.040625