0 0.3109375 0.46328125 0.02578125 0.02421875
0 0.2859375 0.4640625 0.0234375 0.0234375
0 0.32578125 0.4453125 0.0234375 0.0234375
0 0.23359375 0.49765625 0.025 0.02421875
0 0.2640625 0.48203125 0.02421875 0.0234375
0 0.38125 0.45390625 0.02265625 0.02265625
0 0.42109375 0.425 0.02265625 0.0234375
0 0.2421875 0.521875 0.02421875 0.0234375
0 0.19453125 0.5046875 0.02421875 0.02421875
0 0.29921875 0.4828125 0.02421875 0.0234375
0 0.1890625 0.5265625 0.02578125 0.025
0 0.3140625 0.5375 0.0234375 0.0234375
0 0.3421875 0.47578125 0.0234375 0.0234375
0 0.48046875 0.43203125 0.02265625 0.02265625
0 0.5234375 0.41015625 0.02265625 0.0234375
0 0.43203125 0.45703125 0.02265625 0.02265625
0 0.4125 0.4453125 0.02421875 0.0234375
0 0.384375 0.47890625 0.02265625 0.02265625
0 0.58046875 0.35859375 0.0234375 0.0234375
0 0.4421875 0.4375 0.0234375 0.0234375
0 0.26015625 0.53828125 0.0234375 0.02421875
0 0.2890625 0.53828125 0.0234375 0.0234375
0 0.4015625 0.46484375 0.0234375 0.0234375
0 0.4421875 0.48125 0.02265625 0.0234375
0 0.275 0.52109375 0.02265625 0.02421875
0 0.3 0.5171875 0.02421875 0.0234375
0 0.46015625 0.45 0.02265625 0.02265625
0 0.38828125 0.4234375 0.02265625 0.02421875
0 0.50078125 0.396875 0.02265625 0.02265625
0 0.5265625 0.384375 0.0234375 0.0234375
0 0.165625 0.525 0.02421875 0.02421875
0 0.2140625 0.55625 0.02421875 0.0234375
0 0.534375 0.453125 0.02265625 0.02265625
0 0.240625 0.5515625 0.02421875 0.02421875
0 0.47890625 0.4875 0.0234375 0.02265625
0 0.21640625 0.5125 0.0234375 0.0234375
0 0.33671875 0.5265625 0.0234375 0.0234375
0 0.2546875 0.56953125 0.02421875 0.02265625
0 0.54375 0.42734375 0.02265625 0.021875
0 0.346875 0.453125 0.02421875 0.02265625
0 0.3796875 0.50625 0.0234375 0.0234375
0 0.4984375 0.4453125 0.0234375 0.0234375
0 0.35546875 0.53984375 0.02265625 0.0234375
0 0.225 0.534375 0.02421875 0.02265625
0 0.23125 0.571875 0.02421875 0.02265625
0 0.5484375 0.3859375 0.0234375 0.0234375
0 0.5640625 0.4015625 0.0234375 0.021875
0 0.35546875 0.43125 0.02421875 0.02421875
0 0.33984375 0.49765625 0.0234375 0.0234375
0 0.525 0.35 0.0234375 0.02265625
0 0.46328125 0.47265625 0.02265625 0.02265625
0 0.57890625 0.38125 0.021875 0.021875
0 0.4359375 0.4 0.0234375 0.02265625
0 0.54296875 0.36328125 0.021875 0.02265625
0 0.321875 0.484375 0.0234375 0.0234375
0 0.5046875 0.46640625 0.0234375 0.02265625
0 0.40234375 0.5015625 0.02265625 0.021875
0 0.2578125 0.50390625 0.02421875 0.0234375
0 0.16953125 0.546875 0.025 0.0234375
0 0.503125 0.42265625 0.021875 0.021875
0 0.62421875 0.546875 0.021875 0.02265625
0 0.2859375 0.50078125 0.0234375 0.02421875
0 0.30234375 0.55703125 0.02265625 0.021875
0 0.41484375 0.484375 0.02265625 0.02265625
0 0.7 0.309375 0.02421875 0.0234375
0 0.6359375 0.35625 0.02265625 0.02421875
0 0.36328125 0.46953125 0.0234375 0.02421875
0 0.70390625 0.33828125 0.02265625 0.02265625
0 0.6203125 0.3796875 0.021875 0.0234375
0 0.6109375 0.5296875 0.02265625 0.021875
0 0.3625 0.490625 0.025 0.025
0 0.75 0.2828125 0.0234375 0.02265625
0 0.66875 0.3484375 0.0234375 0.0234375
0 0.72265625 0.28359375 0.021875 0.02265625
0 0.19296875 0.5484375 0.02421875 0.0234375
0 0.775 0.28203125 0.02109375 0.02265625
0 0.3203125 0.50703125 0.02421875 0.02265625
0 0.1953125 0.57109375 0.0234375 0.0234375
0 0.7703125 0.30546875 0.02265625 0.02265625
0 0.178125 0.48671875 0.025 0.02421875
0 0.4390625 0.36953125 0.0234375 0.0234375
0 0.628125 0.3265625 0.02421875 0.02421875
0 0.6015625 0.553125 0.02265625 0.0234375
0 0.27578125 0.55703125 0.02421875 0.021875
0 0.16484375 0.5703125 0.02421875 0.02265625
0 0.6421875 0.37734375 0.02109375 0.021875
0 0.76484375 0.5390625 0.02265625 0.021875
0 0.72421875 0.30703125 0.02421875 0.02265625
0 0.70234375 0.2859375 0.025 0.02421875
0 0.59921875 0.37109375 0.02265625 0.02265625
0 0.35859375 0.51328125 0.0234375 0.0234375
0 0.5609375 0.3359375 0.02421875 0.0234375
0 0.33359375 0.5484375 0.0234375 0.021875
0 0.7453125 0.30390625 0.02265625 0.02265625
0 0.66484375 0.3734375 0.02265625 0.02421875
0 0.72265625 0.32578125 0.02265625 0.02109375
0 0.65390625 0.3140625 0.02578125 0.025
0 0.678125 0.32734375 0.021875 0.0234375
0 0.55859375 0.4640625 0.0234375 0.021875
0 0.43828125 0.7578125 0.02265625 0.0234375
0 0.471875 0.3796875 0.0234375 0.025
0 0.6375 0.5203125 0.021875 0.02265625
0 0.615625 0.5796875 0.02265625 0.021875
0 0.6859375 0.3625 0.021875 0.0234375
0 0.371875 0.39140625 0.02578125 0.0234375
0 0.6265625 0.403125 0.021875 0.02109375
0 0.7453125 0.26015625 0.02265625 0.0234375
0 0.725 0.5453125 0.02265625 0.02109375
0 0.74296875 0.346875 0.0234375 0.02265625
0 0.4671875 0.746875 0.0234375 0.02265625
0 0.7140625 0.3625 0.02265625 0.02265625
0 0.58671875 0.57109375 0.02421875 0.021875
0 0.8140625 0.30078125 0.021875 0.021875
0 0.80078125 0.2765625 0.021875 0.02421875
0 0.47421875 0.51015625 0.02421875 0.021875
0 0.375 0.528125 0.02265625 0.021875
0 0.55546875 0.6578125 0.025 0.021875
0 0.75078125 0.32734375 0.02265625 0.021875
0 0.5375 0.67109375 0.021875 0.021875
0 0.77421875 0.50859375 0.0234375 0.02265625
0 0.4875 0.73046875 0.0234375 0.02265625
0 0.2015625 0.59296875 0.025 0.02265625
0 0.74609375 0.55546875 0.0234375 0.02109375
0 0.08203125 0.53828125 0.0234375 0.025
0 0.6140625 0.346875 0.0234375 0.02265625
0 0.68828125 0.58515625 0.021875 0.02109375
0 0.5640625 0.61875 0.0265625 0.02265625
0 0.771875 0.259375 0.02421875 0.0234375
0 0.10703125 0.53984375 0.0234375 0.02265625
0 0.68515625 0.4765625 0.02265625 0.021875
0 0.71796875 0.60625 0.021875 0.02109375
0 0.5234375 0.7234375 0.02265625 0.02265625
0 0.425 0.775 0.02421875 0.021875
0 0.4578125 0.7703125 0.0234375 0.0234375
0 0.79375 0.565625 0.02421875 0.021875
0 0.78046875 0.378125 0.02109375 0.0203125
0 0.64765625 0.3375 0.02109375 0.021875
0 0.8421875 0.365625 0.0234375 0.021875
0 0.54921875 0.16796875 0.0234375 0.02421875
0 0.353125 0.21875 0.025 0.02265625
0 0.5203125 0.13359375 0.02421875 0.02734375
0 0.28046875 0.74140625 0.02109375 0.021875
0 0.82421875 0.26875 0.025 0.0234375
0 0.59765625 0.45 0.02734375 0.021875