0 0.75234375 0.27109375 0.0234375 0.0234375
0 0.7875 0.29140625 0.0234375 0.0234375
0 0.653125 0.28984375 0.0234375 0.0234375
0 0.6859375 0.2953125 0.0265625 0.0265625
0 0.65703125 0.20234375 0.0234375 0.025
0 0.63203125 0.22421875 0.0234375 0.0234375
0 0.546875 0.14765625 0.021875 0.0203125
0 0.55859375 0.16640625 0.021875 0.021875
0 0.5640625 0.18828125 0.0203125 0.01875
0 0.57109375 0.209375 0.021875 0.021875
0 0.5421875 0.184375 0.0203125 0.021875
0 0.5625 0.22890625 0.01875 0.021875
0 0.5890625 0.22578125 0.021875 0.0203125
0 0.5453125 0.23671875 0.0234375 0.0234375
0 0.559375 0.25703125 0.025 0.0234375
0 0.52421875 0.240625 0.021875 0.021875
0 0.53671875 0.265625 0.021875 0.0234375
0 0.41171875 0.0515625 0.025 0.021875
0 0.4203125 0.07109375 0.0203125 0.01875
0 0.44296875 0.10546875 0.01875 0.021875
0 0.42890625 0.090625 0.021875 0.01875
0 0.4484375 0.128125 0.0234375 0.0234375
0 0.38046875 0.103125 0.025 0.0203125
0 0.38828125 0.13515625 0.021875 0.021875
0 0.45859375 0.24921875 0.0203125 0.025
0 0.49140625 0.26875 0.0234375 0.0234375
0 0.43984375 0.2609375 0.0203125 0.0234375
0 0.48203125 0.28671875 0.025 0.0234375
0 0.51640625 0.29765625 0.0265625 0.0296875
0 0.6265625 0.32109375 0.025 0.025
0 0.6015625 0.3265625 0.0203125 0.0203125
0 0.55078125 0.31015625 0.021875 0.025
0 0.60390625 0.35078125 0.021875 0.0203125
0 0.56953125 0.321875 0.01875 0.021875
0 0.5828125 0.340625 0.021875 0.0203125
0 0.6 0.37421875 0.0203125 0.025
0 0.41796875 0.26484375 0.025 0.0234375
0 0.49375 0.32265625 0.025 0.021875
0 0.5453125 0.33203125 0.021875 0.0203125
0 0.55703125 0.34765625 0.021875 0.021875
0 0.56640625 0.36796875 0.021875 0.021875
0 0.58046875 0.3828125 0.0234375 0.025
0 0.59765625 0.40625 0.0234375 0.0234375
0 0.52890625 0.371875 0.021875 0.021875
0 0.56796875 0.4 0.0265625 0.025
0 0.58203125 0.4265625 0.0234375 0.0265625
0 0.50859375 0.45390625 0.021875 0.021875
0 0.571875 0.4578125 0.0234375 0.025
0 0.60078125 0.44609375 0.0234375 0.025
0 0.62421875 0.43359375 0.021875 0.021875
0 0.29453125 0.23046875 0.025 0.0265625
0 0.3203125 0.2265625 0.0234375 0.025
0 0.19765625 0.20703125 0.025 0.0234375
0 0.215625 0.22578125 0.021875 0.021875
0 0.18828125 0.240625 0.021875 0.021875
0 0.13984375 0.2578125 0.0265625 0.028125
0 0.10625 0.29140625 0.025 0.0203125
0 0.10078125 0.30625 0.0234375 0.01875
0 0.184375 0.30546875 0.0203125 0.021875
0 0.203125 0.315625 0.025 0.0265625
0 0.2421875 0.3453125 0.0265625 0.025
0 0.23046875 0.31796875 0.025 0.028125
0 0.20390625 0.36640625 0.028125 0.0265625
0 0.253125 0.37265625 0.025 0.0234375
0 0.44609375 0.3859375 0.0234375 0.025
0 0.45546875 0.4734375 0.0234375 0.025
0 0.1421875 0.41171875 0.025 0.0265625
0 0.1578125 0.4328125 0.0234375 0.0234375
0 0.4234375 0.49921875 0.025 0.0234375
0 0.33359375 0.4578125 0.0203125 0.021875
0 0.359375 0.47265625 0.0265625 0.0265625
0 0.30078125 0.41015625 0.025 0.0234375
0 0.3328125 0.4796875 0.01875 0.021875
0 0.3609375 0.49453125 0.0234375 0.0234375
0 0.30234375 0.4421875 0.021875 0.021875
0 0.31171875 0.46484375 0.021875 0.021875
0 0.3375 0.4984375 0.021875 0.021875
0 0.35625 0.5171875 0.021875 0.021875
0 0.384375 0.51796875 0.025 0.0234375
0 0.29296875 0.4734375 0.021875 0.021875
0 0.30234375 0.49296875 0.0234375 0.0234375
0 0.3671875 0.5359375 0.0234375 0.0234375
0 0.2796875 0.49375 0.0203125 0.021875
0 0.3546875 0.55625 0.0265625 0.0265625
0 0.278125 0.51484375 0.0234375 0.0234375
0 0.32265625 0.5609375 0.0234375 0.025
0 0.25078125 0.5171875 0.0234375 0.028125
0 0.2640625 0.53515625 0.025 0.0265625
0 0.27109375 0.55625 0.0203125 0.021875
0 0.29765625 0.5796875 0.0234375 0.0265625
0 0.2453125 0.55234375 0.021875 0.021875
0 0.275 0.58125 0.0234375 0.028125
0 0.3046875 0.53984375 0.0203125 0.01875
0 0.253125 0.5734375 0.021875 0.021875
0 0.29296875 0.5546875 0.01875 0.021875
0 0.25546875 0.59921875 0.025 0.0265625
0 0.53125 0.58359375 0.0234375 0.028125
0 0.56015625 0.5796875 0.0265625 0.025
0 0.5734375 0.5984375 0.021875 0.021875
0 0.50703125 0.59296875 0.0234375 0.0234375
0 0.5484375 0.60078125 0.0234375 0.0265625
0 0.57578125 0.62109375 0.021875 0.021875
0 0.4109375 0.58515625 0.025 0.0265625
0 0.434375 0.57578125 0.0234375 0.028125
0 0.35703125 0.584375 0.0234375 0.025
0 0.42734375 0.61328125 0.0234375 0.0265625
0 0.3546875 0.6046875 0.025 0.0234375
0 0.37734375 0.596875 0.0234375 0.028125
0 0.40546875 0.60625 0.025 0.0234375
0 0.415625 0.63359375 0.021875 0.0265625
0 0.45625 0.63359375 0.0265625 0.0296875
0 0.3953125 0.6265625 0.0265625 0.0265625
0 0.43203125 0.6640625 0.0265625 0.0265625
0 0.4328125 0.696875 0.0234375 0.025
0 0.37265625 0.6484375 0.0265625 0.0265625
0 0.43125 0.72421875 0.0296875 0.0265625
0 0.5171875 0.7078125 0.0234375 0.028125
0 0.675 0.37109375 0.0234375 0.0234375
0 0.69375 0.3875 0.021875 0.0203125
0 0.63203125 0.45546875 0.0234375 0.0234375
0 0.671875 0.39296875 0.021875 0.01875
0 0.6875 0.4078125 0.0203125 0.0203125
0 0.70625 0.4234375 0.0234375 0.0234375
0 0.725 0.4046875 0.0296875 0.025
0 0.75234375 0.41015625 0.0234375 0.025
0 0.77421875 0.4109375 0.0234375 0.025
0 0.7859375 0.38203125 0.0234375 0.0234375
0 0.79609375 0.42265625 0.0234375 0.025
0 0.69296875 0.4390625 0.021875 0.021875
0 0.69921875 0.45859375 0.0234375 0.025
0 0.7953125 0.446875 0.021875 0.021875
0 0.8265625 0.45078125 0.025 0.0234375
0 0.84140625 0.46640625 0.01875 0.021875
0 0.85078125 0.4890625 0.0234375 0.025
0 0.86875 0.471875 0.0234375 0.025
0 0.8625 0.42578125 0.025 0.028125
0 0.93125 0.43046875 0.021875 0.0203125
0 0.86953125 0.44453125 0.021875 0.021875
0 0.8875 0.43125 0.021875 0.025
0 0.909375 0.4375 0.021875 0.0234375
0 0.92734375 0.4546875 0.025 0.0265625
0 0.9515625 0.440625 0.0265625 0.025
0 0.89375 0.5640625 0.025 0.0265625
0 0.66875 0.503125 0.0234375 0.0234375
0 0.88125 0.58515625 0.025 0.0234375
0 0.646875 0.53046875 0.0234375 0.025
0 0.8703125 0.60234375 0.025 0.0265625
0 0.753125 0.54140625 0.0234375 0.025
0 0.8921875 0.60625 0.0265625 0.0265625
0 0.78203125 0.5203125 0.025 0.0265625
0 0.88359375 0.628125 0.021875 0.021875
0 0.8515625 0.54453125 0.025 0.0265625
0 0.86015625 0.625 0.021875 0.025
0 0.87109375 0.64921875 0.0265625 0.0265625
0 0.771875 0.6484375 0.025 0.0265625
0 0.8640625 0.6859375 0.028125 0.028125
0 0.74453125 0.6640625 0.0265625 0.025
0 0.8875 0.68984375 0.025 0.0296875
0 0.74921875 0.684375 0.0234375 0.0234375
0 0.89765625 0.71328125 0.025 0.0265625
0 0.7578125 0.709375 0.0265625 0.0296875
0 0.66796875 0.6609375 0.0265625 0.0234375
0 0.67734375 0.6828125 0.021875 0.025
0 0.75234375 0.75390625 0.0234375 0.028125
0 0.7765625 0.78203125 0.0296875 0.028125
0 0.64609375 0.725 0.0234375 0.0265625
0 0.625 0.71484375 0.0234375 0.0234375
0 0.62890625 0.740625 0.0234375 0.025
0 0.70625 0.78671875 0.03125 0.0328125
0 0.60625 0.7421875 0.021875 0.021875
0 0.61484375 0.76484375 0.0265625 0.0265625
0 0.68828125 0.82421875 0.0265625 0.028125
0 0.71640625 0.87265625 0.028125 0.0328125
0 0.5921875 0.76796875 0.0265625 0.025
0 0.52734375 0.7578125 0.025 0.0234375
0 0.54921875 0.78125 0.0265625 0.0296875
0 0.4890625 0.83203125 0.0265625 0.03125
0 0.43828125 0.76484375 0.025 0.0265625
0 0.46015625 0.78125 0.0234375 0.0265625
0 0.46640625 0.85703125 0.0265625 0.0328125
0 0.1140625 0.54765625 0.025 0.0234375
0 0.27109375 0.61875 0.0265625 0.025
0 0.11640625 0.5703125 0.0234375 0.0234375
0 0.11796875 0.52421875 0.0265625 0.0265625
0 0.109375 0.5953125 0.025 0.025
0 0.040625 0.58359375 0.028125 0.0296875
0 0.05546875 0.66171875 0.0265625 0.0296875
0 0.2078125 0.665625 0.0234375 0.025
0 0.20625 0.709375 0.025 0.025
0 0.296875 0.71640625 0.0265625 0.0296875
0 0.246875 0.81015625 0.025 0.0265625
0 0.325 0.81015625 0.025 0.0328125
0 0.38671875 0.86640625 0.0265625 0.0265625
0 0.26484375 0.8390625 0.0234375 0.028125
0 0.31796875 0.87421875 0.0234375 0.0265625
0 0.3734375 0.90703125 0.028125 0.0296875
0 0.74140625 0.253125 0.021875 0.021875