0 0.4265625 0.9015625 0.034375 0.034375
0 0.39296875 0.35703125 0.034375 0.034375
0 0.5390625 0.38671875 0.0375 0.0359375
0 0.571875 0.47578125 0.0359375 0.034375
0 0.48125 0.4984375 0.0328125 0.0328125
0 0.5015625 0.5171875 0.03125 0.0328125
0 0.54765625 0.41328125 0.034375 0.034375
0 0.54921875 0.49296875 0.0328125 0.03125
0 0.53671875 0.55390625 0.03125 0.03125
0 0.65234375 0.5328125 0.0328125 0.034375
0 0.68828125 0.22265625 0.0359375 0.0375
0 0.6734375 0.5078125 0.034375 0.034375
0 0.7015625 0.175 0.034375 0.0359375
0 0.59375 0.57578125 0.0359375 0.034375
0 0.515625 0.6 0.03125 0.03125
0 0.559375 0.54296875 0.034375 0.0328125
0 0.38359375 0.51640625 0.034375 0.034375
0 0.4796875 0.471875 0.034375 0.034375
0 0.490625 0.6125 0.03125 0.034375
0 0.646875 0.56875 0.034375 0.034375
0 0.50625 0.45546875 0.0328125 0.034375
0 0.41015625 0.48515625 0.0328125 0.034375
0 0.759375 0.4765625 0.034375 0.034375
0 0.46171875 0.63515625 0.03125 0.0328125
0 0.1390625 0.76796875 0.0328125 0.03125
0 0.3453125 0.52265625 0.034375 0.034375
0 0.5171875 0.53671875 0.034375 0.034375
0 0.14921875 0.5765625 0.0359375 0.0375
0 0.5953125 0.746875 0.0328125 0.0328125
0 0.54921875 0.5203125 0.0328125 0.0328125
0 0.36171875 0.49453125 0.0328125 0.034375
0 0.63671875 0.75625 0.0328125 0.0328125
0 0.60546875 0.89375 0.034375 0.0328125
0 0.36953125 0.53828125 0.03125 0.0328125
0 0.52734375 0.48046875 0.0328125 0.0328125
0 0.5359375 0.45546875 0.0328125 0.034375
0 0.59375 0.42578125 0.034375 0.034375
0 0.89375 0.596875 0.0359375 0.034375
0 0.75859375 0.45078125 0.0359375 0.034375
0 0.50390625 0.71171875 0.0328125 0.034375
0 0.834375 0.5515625 0.0375 0.0359375
0 0.540625 0.81171875 0.03125 0.0328125
0 0.73515625 0.79765625 0.03125 0.03125
0 0.75859375 0.71328125 0.034375 0.034375
0 0.375 0.43671875 0.034375 0.034375
0 0.71015625 0.79765625 0.034375 0.0328125
0 0.3484375 0.41015625 0.034375 0.034375
0 0.70234375 0.51328125 0.034375 0.034375
0 0.49765625 0.396875 0.034375 0.034375
0 0.23984375 0.58515625 0.0328125 0.034375
0 0.44609375 0.77734375 0.034375 0.034375
0 0.525 0.50625 0.034375 0.034375
0 0.24375 0.55859375 0.034375 0.034375
0 0.7375 0.51875 0.0359375 0.0375
0 0.5078125 0.5609375 0.03125 0.0328125
0 0.30078125 0.48984375 0.034375 0.034375
0 0.69921875 0.878125 0.0328125 0.03125
0 0.54921875 0.36171875 0.034375 0.034375
0 0.35703125 0.64375 0.0328125 0.0328125
0 0.53359375 0.58046875 0.03125 0.0328125
0 0.5875 0.45078125 0.034375 0.034375
0 0.6203125 0.41875 0.034375 0.034375
0 0.271875 0.57890625 0.034375 0.034375
0 0.496875 0.78515625 0.0328125 0.034375
0 0.2875 0.5390625 0.034375 0.034375
0 0.67109375 0.26875 0.0359375 0.0359375
0 0.41875 0.346875 0.0375 0.0375
0 0.696875 0.7515625 0.034375 0.034375
0 0.73359375 0.7359375 0.0328125 0.0359375
0 0.5828125 0.39375 0.034375 0.034375
0 0.30546875 0.51953125 0.0328125 0.034375
0 0.13046875 0.74453125 0.0328125 0.0328125
0 0.41640625 0.375 0.034375 0.034375
0 0.4328125 0.54453125 0.034375 0.034375
0 0.21171875 0.58671875 0.034375 0.034375
0 0.46953125 0.4296875 0.034375 0.034375
0 0.5296875 0.74375 0.0328125 0.034375
0 0.471875 0.78359375 0.0328125 0.0328125
0 0.328125 0.54765625 0.0328125 0.034375
0 0.48515625 0.81015625 0.0328125 0.034375
0 0.58984375 0.771875 0.03125 0.03125
0 0.540625 0.7875 0.03125 0.0328125
0 0.21796875 0.553125 0.034375 0.034375
0 0.5046875 0.74765625 0.03125 0.03125
0 0.440625 0.61953125 0.034375 0.034375
0 0.7171875 0.6953125 0.034375 0.034375
0 0.88125 0.68984375 0.034375 0.034375
0 0.1734375 0.55078125 0.034375 0.034375
0 0.72421875 0.44609375 0.034375 0.034375
0 0.36640625 0.38828125 0.034375 0.034375
0 0.6328125 0.79296875 0.03125 0.0328125
0 0.21484375 0.4359375 0.034375 0.034375
0 0.54765625 0.76015625 0.0328125 0.0328125
0 0.4578125 0.4859375 0.0328125 0.0328125
0 0.728125 0.771875 0.03125 0.034375
0 0.7140625 0.209375 0.0359375 0.0375
0 0.66796875 0.82890625 0.03125 0.03125
0 0.5515625 0.940625 0.03125 0.0328125
0 0.1578125 0.46328125 0.0375 0.0375
0 0.17734375 0.51015625 0.034375 0.034375
0 0.61484375 0.76875 0.034375 0.034375
0 0.51640625 0.80546875 0.034375 0.034375
0 0.5203125 0.77265625 0.03125 0.0328125
0 0.1609375 0.75546875 0.0328125 0.03125
0 0.246875 0.403125 0.034375 0.034375
0 0.21171875 0.50625 0.0328125 0.034375
0 0.29921875 0.56484375 0.0328125 0.034375
0 0.434375 0.4765625 0.034375 0.0359375
0 0.48515625 0.73125 0.034375 0.034375
0 0.2109375 0.6140625 0.0375 0.0359375
0 0.40234375 0.85625 0.0328125 0.0328125
0 0.19453125 0.71484375 0.034375 0.034375
0 0.56484375 0.815625 0.03125 0.03125
0 0.490625 0.58125 0.0328125 0.034375
0 0.31171875 0.28359375 0.034375 0.034375
0 0.65390625 0.77734375 0.0328125 0.0328125
0 0.44375 0.37421875 0.03125 0.034375
0 0.33828125 0.77890625 0.034375 0.034375
0 0.2671875 0.6078125 0.034375 0.0328125
0 0.20625 0.8453125 0.0375 0.0359375
0 0.334375 0.4328125 0.0328125 0.034375
0 0.63125 0.71640625 0.0359375 0.034375
0 0.4296875 0.86015625 0.0328125 0.034375
0 0.7640625 0.80625 0.034375 0.03125
0 0.521875 0.82890625 0.03125 0.0328125
0 0.67734375 0.34453125 0.034375 0.0359375
0 0.4140625 0.815625 0.03125 0.034375
0 0.6375 0.8171875 0.03125 0.03125
0 0.66953125 0.70234375 0.034375 0.034375
0 0.66953125 0.95703125 0.034375 0.0328125
0 0.75234375 0.20859375 0.0359375 0.0375
0 0.6953125 0.715625 0.034375 0.034375
0 0.15234375 0.73125 0.034375 0.034375
0 0.61015625 0.39140625 0.0359375 0.0375
0 0.63515625 0.84140625 0.034375 0.0328125
0 0.16953125 0.7828125 0.034375 0.034375
0 0.6109375 0.515625 0.0375 0.0375
0 0.72890625 0.47734375 0.034375 0.034375
0 0.27734375 0.45625 0.0359375 0.0375
0 0.48046875 0.65546875 0.03125 0.0328125
0 0.6609375 0.80546875 0.03125 0.03125
0 0.5 0.9515625 0.03125 0.03125
0 0.7078125 0.909375 0.03125 0.0328125
0 0.52734375 0.92890625 0.0328125 0.034375
0 0.45859375 0.953125 0.034375 0.034375
0 0.4796875 0.9703125 0.03125 0.03125
0 0.53359375 0.96328125 0.03125 0.03125
0 0.68359375 0.9359375 0.0328125 0.0328125
0 0.403125 0.453125 0.0375 0.0375
0 0.80546875 0.25625 0.0375 0.0359375
0 0.61953125 0.9390625 0.034375 0.034375
0 0.35078125 0.71484375 0.0359375 0.0375
0 0.61640625 0.96875 0.03125 0.0328125
0 0.18671875 0.53046875 0.034375 0.03125
0 0.13359375 0.42109375 0.034375 0.034375
0 0.240625 0.44296875 0.0375 0.0375
0 0.55 0.9828125 0.03125 0.0328125
0 0.5703125 0.9671875 0.0328125 0.03125
0 0.565625 0.78046875 0.03125 0.0328125
0 0.7046875 0.46328125 0.034375 0.034375
0 0.478125 0.9359375 0.03125 0.034375
0 0.68125 0.21171875 0.0171875 0.0125
0 0.36328125 0.3734375 0.0140625 0.0125