0 0.56015625 0.3015625 0.025 0.0203125
0 0.565625 0.31796875 0.0296875 0.0296875
0 0.64296875 0.6640625 0.03125 0.0296875
0 0.72421875 0.56796875 0.0265625 0.0296875
0 0.625 0.6890625 0.0296875 0.03125
0 0.60078125 0.6875 0.028125 0.0296875
0 0.7203125 0.68046875 0.028125 0.0296875
0 0.6765625 0.6703125 0.0296875 0.03125
0 0.57890625 0.69609375 0.0296875 0.0296875
0 0.7578125 0.61796875 0.0296875 0.0296875
0 0.7078125 0.6328125 0.028125 0.0296875
0 0.68203125 0.5953125 0.028125 0.0296875
0 0.61328125 0.7125 0.0296875 0.03125
0 0.80703125 0.61015625 0.0296875 0.0296875
0 0.784375 0.71328125 0.028125 0.03125
0 0.64765625 0.30703125 0.0296875 0.0296875
0 0.65 0.584375 0.028125 0.0296875
0 0.6109375 0.82265625 0.0296875 0.03125
0 0.603125 0.75859375 0.03125 0.03125
0 0.56171875 0.66796875 0.0296875 0.0296875
0 0.81796875 0.67734375 0.028125 0.03125
0 0.7453125 0.66171875 0.028125 0.0296875
0 0.58671875 0.66953125 0.0296875 0.03125
0 0.828125 0.61796875 0.0265625 0.0296875
0 0.76484375 0.66484375 0.0265625 0.028125
0 0.6 0.7328125 0.0296875 0.03125
0 0.77578125 0.69140625 0.0265625 0.0296875
0 0.83828125 0.5921875 0.0265625 0.0296875
0 0.50625 0.30703125 0.028125 0.0296875
0 0.62890625 0.80390625 0.0296875 0.0328125
0 0.65 0.61953125 0.0296875 0.0296875
0 0.70859375 0.65859375 0.0296875 0.0296875
0 0.66953125 0.65234375 0.0296875 0.0296875
0 0.759375 0.73125 0.0265625 0.0296875
0 0.671875 0.62421875 0.03125 0.0328125
0 0.6734375 0.2609375 0.0265625 0.0296875
0 0.6515625 0.265625 0.0296875 0.0296875
0 0.4578125 0.30703125 0.0296875 0.0296875
0 0.6109375 0.78203125 0.0296875 0.03125
0 0.5421875 0.65390625 0.0296875 0.0296875
0 0.728125 0.646875 0.0296875 0.0296875
0 0.71328125 0.5453125 0.028125 0.0296875
0 0.6171875 0.33046875 0.028125 0.0296875
0 0.49765625 0.35546875 0.028125 0.0296875
0 0.73671875 0.72109375 0.0296875 0.03125
0 0.59140625 0.584375 0.0296875 0.0296875
0 0.62578125 0.64765625 0.0265625 0.0296875
0 0.584375 0.61328125 0.0296875 0.0296875
0 0.82734375 0.65234375 0.0265625 0.0296875
0 0.6984375 0.578125 0.0265625 0.0296875
0 0.4828125 0.3125 0.03125 0.0328125
0 0.61796875 0.62421875 0.0296875 0.0296875
0 0.6859375 0.55234375 0.0265625 0.0296875
0 0.6078125 0.2109375 0.0265625 0.0296875
0 0.75703125 0.6421875 0.028125 0.0296875
0 0.75859375 0.70625 0.028125 0.0296875
0 0.621875 0.87578125 0.03125 0.0328125
0 0.79765625 0.63984375 0.0265625 0.0296875
0 0.66875 0.5671875 0.028125 0.0296875
0 0.76796875 0.59453125 0.0265625 0.0296875
0 0.70234375 0.84453125 0.0296875 0.0328125
0 0.55546875 0.6328125 0.0296875 0.0296875
0 0.45703125 0.3328125 0.0296875 0.0296875
0 0.6 0.3140625 0.0265625 0.0296875
0 0.67109375 0.30234375 0.0265625 0.0296875
0 0.65 0.23984375 0.0265625 0.0296875
0 0.534375 0.43203125 0.0296875 0.0296875
0 0.54609375 0.32890625 0.0265625 0.0296875
0 0.68828125 0.24453125 0.0265625 0.0296875
0 0.634375 0.28828125 0.0265625 0.0296875
0 0.51328125 0.28515625 0.0296875 0.03125
0 0.80234375 0.36484375 0.0265625 0.028125
0 0.60625 0.2921875 0.0265625 0.0296875
0 0.65390625 0.2109375 0.028125 0.0296875
0 0.8109375 0.58671875 0.0265625 0.028125
0 0.5875 0.21484375 0.0265625 0.0296875
0 0.5953125 0.2703125 0.0265625 0.0296875
0 0.56640625 0.21328125 0.0296875 0.03125
0 0.584375 0.29453125 0.028125 0.0296875
0 0.5984375 0.640625 0.0296875 0.0296875
0 0.53125 0.31484375 0.0328125 0.0328125
0 0.6078125 0.60078125 0.0296875 0.0296875
0 0.5796875 0.328125 0.0265625 0.028125
0 0.646875 0.42578125 0.0265625 0.028125
0 0.6234375 0.3078125 0.0265625 0.0296875
0 0.68828125 0.87109375 0.0296875 0.0296875
0 0.78046875 0.35625 0.0265625 0.0296875
0 0.803125 0.38828125 0.0265625 0.0296875
0 0.5765625 0.64609375 0.028125 0.0296875
0 0.46015625 0.28125 0.0296875 0.03125
0 0.8375 0.67421875 0.0265625 0.028125
0 0.68671875 0.6421875 0.0265625 0.0296875
0 0.6796875 0.8359375 0.03125 0.0328125
0 0.61640625 0.41015625 0.0296875 0.0328125
0 0.5734375 0.2734375 0.028125 0.0296875
0 0.70625 0.2390625 0.0265625 0.0296875
0 0.68515625 0.21796875 0.0265625 0.0296875
0 0.5375 0.4078125 0.0296875 0.03125
0 0.6953125 0.52890625 0.0296875 0.0296875
0 0.58984375 0.19140625 0.0265625 0.0296875
0 0.56796875 0.2484375 0.028125 0.0296875
0 0.5109375 0.334375 0.0296875 0.0296875
0 0.75234375 0.68515625 0.0296875 0.0296875
0 0.6078125 0.665625 0.0296875 0.03125
0 0.7625 0.859375 0.0296875 0.0328125
0 0.73515625 0.16875 0.0265625 0.0296875
0 0.759375 0.83046875 0.03125 0.03125
0 0.66875 0.2296875 0.0265625 0.0265625
0 0.47421875 0.35234375 0.028125 0.0296875
0 0.478125 0.3796875 0.0296875 0.0296875
0 0.4421875 0.34921875 0.03125 0.0328125
0 0.6578125 0.86484375 0.0265625 0.0296875
0 0.81953125 0.5390625 0.0265625 0.0296875
0 0.7875 0.5359375 0.0265625 0.0296875
0 0.6203125 0.1875 0.0265625 0.0296875
0 0.8140625 0.81640625 0.0296875 0.0296875
0 0.54453125 0.19375 0.0296875 0.03125
0 0.7828125 0.3890625 0.0265625 0.0296875
0 0.52265625 0.35859375 0.0296875 0.0328125
0 0.8171875 0.75703125 0.0296875 0.03125
0 0.565625 0.1875 0.0265625 0.0296875
0 0.859375 0.68046875 0.0296875 0.0296875
0 0.590625 0.24765625 0.0296875 0.0296875
0 0.625 0.43515625 0.0296875 0.03125
0 0.7578125 0.35390625 0.028125 0.0296875
0 0.828125 0.7859375 0.028125 0.0296875
0 0.79765625 0.4234375 0.0265625 0.0296875
0 0.50390625 0.4421875 0.0296875 0.0296875
0 0.72109375 0.8671875 0.0296875 0.03125
0 0.8046875 0.8390625 0.0296875 0.03125
0 0.6359375 0.85546875 0.03125 0.0328125
0 0.80390625 0.44765625 0.0265625 0.0296875
0 0.425 0.0859375 0.0265625 0.0296875
0 0.71796875 0.18203125 0.0265625 0.0296875
0 0.44765625 0.096875 0.03125 0.0328125
0 0.6234375 0.35703125 0.0265625 0.0296875
0 0.64140625 0.88984375 0.0296875 0.03125
0 0.590625 0.425 0.0265625 0.0296875
0 0.45703125 0.25625 0.0296875 0.0296875
0 0.70625 0.88671875 0.03125 0.0328125
0 0.40703125 0.103125 0.0296875 0.0328125
0 0.63984375 0.1765625 0.028125 0.0328125
0 0.7953125 0.48359375 0.0296875 0.0296875
0 0.65625 0.3734375 0.0296875 0.0296875
0 0.92890625 0.56015625 0.0265625 0.0296875
0 0.73046875 0.2640625 0.0296875 0.0296875
0 0.615625 0.5390625 0.0296875 0.0296875
0 0.44453125 0.06953125 0.0296875 0.0296875
0 0.6953125 0.415625 0.0296875 0.0296875
0 0.7640625 0.16875 0.0265625 0.0296875
0 0.7265625 0.62265625 0.028125 0.0296875
0 0.8984375 0.5515625 0.0265625 0.028125
0 0.96875 0.5390625 0.0265625 0.0296875
0 0.4015625 0.078125 0.0296875 0.0296875
0 0.72265625 0.14296875 0.0265625 0.0296875
0 0.93671875 0.47421875 0.0265625 0.0296875
0 0.8734375 0.44609375 0.0265625 0.0296875
0 0.65234375 0.63671875 0.0296875 0.0296875
0 0.809375 0.20625 0.0296875 0.028125
0 0.50546875 0.0515625 0.028125 0.0296875
0 0.64609375 0.0375 0.028125 0.0296875