0 0.37265625 0.48125 0.028125 0.0265625
0 0.5453125 0.21640625 0.034375 0.0328125
0 0.45546875 0.22578125 0.0296875 0.0296875
0 0.425 0.23828125 0.0265625 0.0265625
0 0.32890625 0.2546875 0.0265625 0.0265625
0 0.56484375 0.690625 0.034375 0.0328125
0 0.596875 0.46171875 0.0296875 0.0296875
0 0.47109375 0.42109375 0.028125 0.0265625
0 0.34375 0.55859375 0.028125 0.0265625
0 0.459375 0.84140625 0.03125 0.0328125
0 0.296875 0.4578125 0.0265625 0.0265625
0 0.38828125 0.35625 0.0265625 0.0265625
0 0.4375 0.28671875 0.0265625 0.0265625
0 0.2890625 0.27578125 0.0265625 0.0265625
0 0.24921875 0.3953125 0.028125 0.025
0 0.52109375 0.91484375 0.034375 0.0375
0 0.58671875 0.28984375 0.03125 0.03125
0 0.3734375 0.321875 0.0265625 0.0265625
0 0.175 0.6234375 0.0265625 0.0265625
0 0.64765625 0.66953125 0.0328125 0.0328125
0 0.66171875 0.63984375 0.03125 0.03125
0 0.34375 0.39765625 0.0265625 0.0265625
0 0.38046875 0.58671875 0.0328125 0.028125
0 0.3484375 0.44453125 0.0265625 0.0265625
0 0.6953125 0.36875 0.0328125 0.03125
0 0.48203125 0.3328125 0.0265625 0.0265625
0 0.63515625 0.4421875 0.03125 0.03125
0 0.71796875 0.425 0.03125 0.03125
0 0.5109375 0.453125 0.028125 0.0265625
0 0.51953125 0.4765625 0.0296875 0.028125
0 0.5 0.3640625 0.0296875 0.028125
0 0.36875 0.40859375 0.0265625 0.0265625
0 0.53046875 0.65234375 0.03125 0.03125
0 0.51640625 0.58203125 0.03125 0.03125
0 0.56484375 0.55390625 0.0296875 0.028125
0 0.13046875 0.6140625 0.028125 0.0265625
0 0.4390625 0.46875 0.0265625 0.0265625
0 0.4171875 0.6 0.0296875 0.0296875
0 0.48046875 0.47421875 0.0296875 0.0296875
0 0.61640625 0.303125 0.0296875 0.0296875
0 0.4078125 0.2875 0.0265625 0.0265625
0 0.68984375 0.55859375 0.03125 0.03125
0 0.40625 0.4515625 0.028125 0.028125
0 0.7234375 0.46015625 0.0328125 0.03125
0 0.56484375 0.6375 0.03125 0.03125
0 0.68359375 0.33671875 0.03125 0.03125
0 0.5046875 0.65 0.03125 0.03125
0 0.590625 0.63515625 0.03125 0.03125
0 0.65859375 0.58046875 0.03125 0.03125
0 0.53984375 0.3703125 0.0296875 0.028125
0 0.584375 0.36171875 0.0296875 0.0296875
0 0.47578125 0.49765625 0.03125 0.03125
0 0.465625 0.6328125 0.03125 0.03125
0 0.6234375 0.6375 0.0328125 0.03125
0 0.4234375 0.49921875 0.0296875 0.028125
0 0.6 0.32578125 0.0296875 0.0296875
0 0.65859375 0.325 0.0296875 0.0296875
0 0.3890625 0.50078125 0.03125 0.03125
0 0.39453125 0.29609375 0.0234375 0.0265625
0 0.6140625 0.3515625 0.03125 0.03125
0 0.55703125 0.5796875 0.03125 0.03125
0 0.71953125 0.4890625 0.0328125 0.03125
0 0.50859375 0.3328125 0.028125 0.0265625
0 0.48671875 0.6 0.03125 0.03125
0 0.490625 0.6265625 0.03125 0.03125
0 0.54453125 0.3296875 0.0296875 0.0296875
0 0.5359375 0.5984375 0.03125 0.03125
0 0.66796875 0.3609375 0.0296875 0.0296875
0 0.66796875 0.44375 0.03125 0.03125
0 0.4484375 0.49609375 0.028125 0.028125
0 0.690625 0.4265625 0.03125 0.03125
0 0.37578125 0.434375 0.0296875 0.028125
0 0.44765625 0.6109375 0.0296875 0.0296875
0 0.4671875 0.58046875 0.03125 0.03125
0 0.5796875 0.59609375 0.03125 0.03125
0 0.6375 0.60546875 0.034375 0.034375
0 0.63046875 0.525 0.0328125 0.0328125
0 0.56484375 0.3484375 0.0296875 0.028125
0 0.62890625 0.328125 0.0296875 0.0296875
0 0.65078125 0.46640625 0.0328125 0.03125
0 0.6953125 0.4546875 0.0296875 0.0296875
0 0.6578125 0.49296875 0.03125 0.03125
0 0.534375 0.6265625 0.03125 0.0296875
0 0.44296875 0.58515625 0.03125 0.03125
0 0.6640625 0.54765625 0.03125 0.03125
0 0.3953125 0.475 0.0296875 0.028125
0 0.64453125 0.35 0.0296875 0.0296875
0 0.5234375 0.35078125 0.028125 0.0265625
0 0.6109375 0.55 0.03125 0.03125
0 0.69140625 0.49921875 0.03125 0.03125
0 0.67734375 0.47578125 0.03125 0.03125
0 0.5953125 0.57265625 0.03125 0.03125
0 0.571875 0.3234375 0.0296875 0.0296875
0 0.61015625 0.6 0.03125 0.03125
0 0.65859375 0.52109375 0.03125 0.03125
0 0.6390625 0.55234375 0.03125 0.03125
0 0.371875 0.46484375 0.0296875 0.028125
0 0.62109375 0.57421875 0.03125 0.03125
0 0.68671875 0.525 0.0328125 0.03125