0 0.86171875 0.56484375 0.0359375 0.0328125
0 0.82734375 0.55625 0.034375 0.0296875
0 0.54921875 0.61796875 0.040625 0.03125
0 0.5625 0.54765625 0.04375 0.0359375
0 0.625 0.525 0.04375 0.0328125
0 0.5640625 0.51328125 0.0375 0.03125
0 0.546875 0.490625 0.040625 0.03125
0 0.55 0.46171875 0.040625 0.0328125
0 0.4984375 0.51796875 0.04375 0.0328125
0 0.49375 0.48984375 0.0375 0.03125
0 0.4734375 0.5375 0.0390625 0.034375
0 0.42734375 0.56953125 0.0421875 0.0359375
0 0.41953125 0.540625 0.0375 0.03125
0 0.38359375 0.5328125 0.040625 0.03125
0 0.40078125 0.503125 0.04375 0.0328125
0 0.4375 0.51328125 0.0390625 0.028125
0 0.4578125 0.4890625 0.0375 0.028125
0 0.44375 0.46328125 0.034375 0.03125
0 0.48125 0.4625 0.0375 0.03125
0 0.51484375 0.4609375 0.040625 0.03125
0 0.53828125 0.43671875 0.0390625 0.0296875
0 0.3234375 0.52890625 0.040625 0.03125
0 0.359375 0.51328125 0.040625 0.0328125
0 0.36953125 0.48125 0.04375 0.0328125
0 0.40703125 0.4734375 0.0390625 0.03125
0 0.41640625 0.44296875 0.0375 0.034375
0 0.46484375 0.4359375 0.034375 0.03125
0 0.44453125 0.43125 0.021875 0.0265625
0 0.49765625 0.4296875 0.034375 0.03125
0 0.5015625 0.39375 0.0375 0.0296875
0 0.4703125 0.40703125 0.040625 0.028125
0 0.565625 0.4015625 0.0390625 0.03125
0 0.52734375 0.41171875 0.0375 0.03125
0 0.57265625 0.43046875 0.0375 0.028125
0 0.58984375 0.45703125 0.0375 0.03125
0 0.6359375 0.45078125 0.040625 0.028125
0 0.715625 0.3734375 0.0359375 0.034375
0 0.56171875 0.375 0.0375 0.028125
0 0.21953125 0.51953125 0.046875 0.0390625
0 0.340625 0.459375 0.040625 0.034375
0 0.3765625 0.4453125 0.04375 0.0328125
0 0.39453125 0.41875 0.040625 0.034375
0 0.43125 0.41015625 0.0359375 0.0265625
0 0.3578125 0.4125 0.04375 0.0359375
0 0.23359375 0.4546875 0.046875 0.0328125
0 0.2828125 0.45390625 0.040625 0.0359375
0 0.31953125 0.42734375 0.040625 0.0359375
0 0.2359375 0.42109375 0.0453125 0.0359375
0 0.2765625 0.421875 0.04375 0.0375
0 0.31015625 0.390625 0.040625 0.034375
0 0.38515625 0.3890625 0.0375 0.03125
0 0.34140625 0.375 0.040625 0.03125
0 0.38046875 0.3609375 0.040625 0.034375
0 0.41796875 0.371875 0.0375 0.0328125
0 0.45 0.384375 0.0390625 0.03125
0 0.4828125 0.36875 0.0421875 0.0328125
0 0.51875 0.37265625 0.034375 0.028125
0 0.54296875 0.35078125 0.0359375 0.0296875
0 0.575 0.34140625 0.034375 0.03125
0 0.503125 0.34453125 0.0375 0.0328125
0 0.52734375 0.325 0.034375 0.0296875
0 0.55859375 0.3109375 0.0421875 0.0359375
0 0.4640625 0.3390625 0.034375 0.03125
0 0.49453125 0.3171875 0.0375 0.03125
0 0.459375 0.30546875 0.0359375 0.034375
0 0.49375 0.28671875 0.0390625 0.03125
0 0.54921875 0.28359375 0.0359375 0.0296875
0 0.44453125 0.28046875 0.034375 0.03125
0 0.47578125 0.26328125 0.0390625 0.03125
0 0.50390625 0.24765625 0.040625 0.03125
0 0.54296875 0.240625 0.0390625 0.0296875
0 0.57578125 0.22109375 0.040625 0.03125
0 0.3421875 0.34296875 0.0390625 0.0375
0 0.26328125 0.3875 0.040625 0.0328125
0 0.30078125 0.3453125 0.0390625 0.034375
0 0.228125 0.32734375 0.04375 0.0421875
0 0.2640625 0.3078125 0.046875 0.0359375
0 0.23046875 0.278125 0.040625 0.0359375
0 0.2875 0.2796875 0.0453125 0.0390625
0 0.3171875 0.30703125 0.04375 0.0359375
0 0.36796875 0.303125 0.0421875 0.0359375
0 0.265625 0.21328125 0.046875 0.0390625
0 0.4359375 0.2328125 0.040625 0.0375
0 0.48046875 0.22421875 0.040625 0.034375
0 0.521875 0.21015625 0.040625 0.0328125
0 0.5453125 0.1890625 0.0359375 0.0328125
0 0.578125 0.17109375 0.040625 0.0375
0 0.4609375 0.19453125 0.04375 0.0375
0 0.5046875 0.18359375 0.0421875 0.0328125
0 0.52421875 0.15703125 0.0421875 0.0359375
0 0.4265625 0.17890625 0.040625 0.034375
0 0.5140625 0.12734375 0.0421875 0.0359375
0 0.39296875 0.25390625 0.040625 0.034375
0 0.40703125 0.28125 0.040625 0.03125
0 0.41875 0.3234375 0.0375 0.034375
0 0.43046875 0.3453125 0.0375 0.025
0 0.38984375 0.3296875 0.03125 0.03125
0 0.4203125 0.30390625 0.0390625 0.021875
0 0.859375 0.5953125 0.0375 0.03125