0 0.43359375 0.25625 0.0453125 0.0546875
0 0.43671875 0.33515625 0.0421875 0.053125
0 0.47578125 0.25234375 0.0375 0.0421875
0 0.4875 0.22734375 0.0421875 0.046875
0 0.49375 0.321875 0.0390625 0.0453125
0 0.50390625 0.27578125 0.0390625 0.0484375
0 0.45390625 0.29921875 0.0390625 0.046875
0 0.55234375 0.27265625 0.034375 0.0421875
0 0.54296875 0.2046875 0.034375 0.0453125
0 0.58125 0.2515625 0.0375 0.0421875
0 0.60625 0.278125 0.0359375 0.0453125
0 0.5875 0.21171875 0.0375 0.0421875
0 0.44609375 0.64453125 0.0421875 0.0546875
0 0.45859375 0.603125 0.0390625 0.05
0 0.4671875 0.5640625 0.0421875 0.0484375
0 0.47421875 0.52578125 0.0390625 0.0484375
0 0.4890625 0.48984375 0.0390625 0.0484375
0 0.48203125 0.65234375 0.0421875 0.05
0 0.49140625 0.60859375 0.040625 0.0515625
0 0.50078125 0.57109375 0.040625 0.046875
0 0.51015625 0.53359375 0.0421875 0.046875
0 0.53125 0.4984375 0.040625 0.0484375
0 0.5140625 0.6515625 0.0421875 0.046875
0 0.53515625 0.61484375 0.0421875 0.0546875
0 0.53984375 0.57578125 0.0421875 0.05
0 0.54296875 0.69375 0.0375 0.0515625
0 0.56328125 0.66328125 0.040625 0.059375
0 0.56875 0.62265625 0.0390625 0.0484375
0 0.57578125 0.58046875 0.0421875 0.0515625
0 0.53671875 0.40625 0.04375 0.0546875
0 0.590625 0.6875 0.0375 0.0515625
0 0.63671875 0.64765625 0.0390625 0.0515625
0 0.565625 0.52890625 0.040625 0.0484375
0 0.62265625 0.6828125 0.0359375 0.0515625
0 0.61171875 0.63828125 0.0390625 0.05
0 0.5703125 0.7234375 0.040625 0.053125
0 0.66875 0.64765625 0.0328125 0.046875
0 0.6875 0.61953125 0.0375 0.0515625
0 0.6640625 0.32890625 0.0328125 0.0390625
0 0.665625 0.28984375 0.0390625 0.046875
0 0.7140625 0.31953125 0.0390625 0.0453125
0 0.66015625 0.2140625 0.040625 0.0453125
0 0.70390625 0.3515625 0.034375 0.0421875
0 0.6359375 0.47265625 0.0390625 0.0484375
0 0.67890625 0.35859375 0.0359375 0.0453125
0 0.7046875 0.5609375 0.0375 0.0421875
0 0.69765625 0.521875 0.0375 0.04375
0 0.68828125 0.48046875 0.0375 0.0453125
0 0.70546875 0.6609375 0.0359375 0.0421875
0 0.71015625 0.59765625 0.03125 0.0421875
0 0.65703125 0.69296875 0.040625 0.0515625
0 0.7296875 0.6421875 0.0359375 0.0328125
0 0.72421875 0.6140625 0.0375 0.0390625
0 0.734375 0.575 0.0359375 0.0453125
0 0.73125 0.51953125 0.0359375 0.0484375
0 0.72578125 0.4546875 0.040625 0.0484375
0 0.8265625 0.61328125 0.0375 0.0546875
0 0.80078125 0.61015625 0.0359375 0.0484375
0 0.7640625 0.5953125 0.0390625 0.0453125
0 0.6484375 0.8953125 0.04375 0.059375
0 0.6140625 0.85234375 0.0421875 0.0578125
0 0.53671875 0.79453125 0.046875 0.059375
0 0.715625 0.8265625 0.040625 0.04375
0 0.6984375 0.79609375 0.0421875 0.05
0 0.7859375 0.64296875 0.0359375 0.0484375
0 0.8046875 0.784375 0.0375 0.0453125
0 0.81875 0.72421875 0.0375 0.05
0 0.8359375 0.646875 0.040625 0.040625
0 0.86640625 0.59140625 0.0375 0.0453125
0 0.86015625 0.51875 0.0359375 0.0484375
0 0.7796875 0.40390625 0.0359375 0.0453125
0 0.7609375 0.325 0.0375 0.0453125
0 0.7046875 0.175 0.028125 0.0359375
0 0.78125 0.26875 0.034375 0.0421875
0 0.71953125 0.22421875 0.0359375 0.0453125
0 0.72578125 0.18046875 0.03125 0.04375
0 0.5046875 0.0609375 0.0421875 0.05
0 0.43125 0.10859375 0.040625 0.0484375
0 0.421875 0.06328125 0.0390625 0.0484375
0 0.425 0.5921875 0.0484375 0.05625
0 0.4296875 0.5453125 0.0453125 0.059375
0 0.403125 0.640625 0.0484375 0.0546875
0 0.39453125 0.55546875 0.0421875 0.05
0 0.396875 0.509375 0.0421875 0.053125
0 0.36796875 0.53125 0.046875 0.046875
0 0.36875 0.48203125 0.04375 0.05
0 0.3421875 0.44765625 0.0421875 0.053125
0 0.35703125 0.57109375 0.0453125 0.053125
0 0.33671875 0.4984375 0.040625 0.0546875
0 0.3640625 0.190625 0.0484375 0.05625
0 0.340625 0.1421875 0.0421875 0.053125
0 0.30703125 0.225 0.040625 0.0578125
0 0.27578125 0.2203125 0.046875 0.05625
0 0.33515625 0.31328125 0.0421875 0.053125
0 0.328125 0.38203125 0.05 0.059375
0 0.30546875 0.4609375 0.0453125 0.053125
0 0.30703125 0.4140625 0.046875 0.0578125
0 0.26171875 0.26328125 0.046875 0.05625
0 0.20859375 0.22734375 0.05 0.05625