0 0.36171875 0.54296875 0.028125 0.0265625
0 0.39453125 0.53828125 0.025 0.025
0 0.42890625 0.4984375 0.021875 0.0234375
0 0.4421875 0.51875 0.021875 0.0234375
0 0.44453125 0.546875 0.0234375 0.021875
0 0.44921875 0.484375 0.0234375 0.0234375
0 0.46015625 0.50703125 0.0234375 0.028125
0 0.4640625 0.53046875 0.01875 0.025
0 0.47421875 0.54921875 0.021875 0.021875
0 0.4703125 0.571875 0.0234375 0.0265625
0 0.49296875 0.53359375 0.021875 0.025
0 0.50625 0.55234375 0.0203125 0.021875
0 0.48203125 0.51328125 0.0234375 0.025
0 0.49453125 0.48984375 0.025 0.025
0 0.50625 0.5171875 0.0265625 0.028125
0 0.47421875 0.48359375 0.025 0.0265625
0 0.45390625 0.4375 0.0296875 0.03125
0 0.484375 0.43828125 0.028125 0.0296875
0 0.503125 0.42734375 0.0265625 0.0265625
0 0.51640625 0.4640625 0.0265625 0.028125
0 0.5296875 0.4453125 0.0265625 0.028125
0 0.525 0.41484375 0.028125 0.0265625
0 0.54765625 0.434375 0.021875 0.025
0 0.56640625 0.4296875 0.025 0.025
0 0.5421875 0.47890625 0.025 0.025
0 0.53359375 0.50390625 0.025 0.028125
0 0.5234375 0.525 0.0296875 0.03125
0 0.53828125 0.546875 0.025 0.025
0 0.5453125 0.5234375 0.0234375 0.025
0 0.55390625 0.49921875 0.0234375 0.025
0 0.559375 0.4703125 0.0265625 0.0265625
0 0.57109375 0.48671875 0.021875 0.021875
0 0.57890625 0.46328125 0.0234375 0.025
0 0.58984375 0.4828125 0.021875 0.0234375
0 0.596875 0.4609375 0.021875 0.025
0 0.60625 0.47890625 0.021875 0.025
0 0.5984375 0.5015625 0.021875 0.025
0 0.625 0.47578125 0.021875 0.025
0 0.61484375 0.50546875 0.021875 0.025
0 0.63125 0.49765625 0.021875 0.025
0 0.64375 0.48125 0.021875 0.025
0 0.65 0.5015625 0.01875 0.021875
0 0.6734375 0.484375 0.021875 0.025
0 0.65859375 0.48515625 0.0203125 0.025
0 0.64765625 0.4609375 0.0234375 0.0265625
0 0.6640625 0.46484375 0.021875 0.021875
0 0.61640625 0.4421875 0.0265625 0.0296875
0 0.63203125 0.4421875 0.0203125 0.025
0 0.5890625 0.4125 0.025 0.03125
0 0.609375 0.42109375 0.0265625 0.028125
0 0.5609375 0.55078125 0.021875 0.025
0 0.56328125 0.525 0.0234375 0.028125
0 0.5765625 0.5390625 0.0234375 0.0265625
0 0.58046875 0.51796875 0.0234375 0.025
0 0.59296875 0.5515625 0.0234375 0.025
0 0.603125 0.5328125 0.0234375 0.025
0 0.62421875 0.53125 0.0234375 0.025
0 0.64140625 0.54453125 0.0234375 0.025
0 0.67890625 0.675 0.0234375 0.0265625
0 0.6640625 0.5109375 0.021875 0.0234375
0 0.6796875 0.51953125 0.021875 0.021875
0 0.69375 0.53046875 0.021875 0.025
0 0.71171875 0.50390625 0.0234375 0.0234375
0 0.68671875 0.47578125 0.021875 0.021875
0 0.70390625 0.4734375 0.01875 0.0234375
0 0.65625 0.4453125 0.021875 0.0234375
0 0.67421875 0.44921875 0.021875 0.0234375
0 0.68828125 0.45546875 0.021875 0.021875
0 0.64765625 0.42578125 0.021875 0.0234375
0 0.665625 0.42109375 0.0203125 0.028125
0 0.68203125 0.434375 0.021875 0.0234375
0 0.69921875 0.4421875 0.01875 0.0234375
0 0.71484375 0.44140625 0.01875 0.0234375
0 0.6921875 0.39765625 0.021875 0.0234375
0 0.696875 0.42109375 0.021875 0.025
0 0.70703125 0.40625 0.01875 0.025
0 0.7171875 0.4234375 0.01875 0.021875
0 0.70859375 0.38828125 0.021875 0.021875
0 0.72265625 0.378125 0.0203125 0.021875
0 0.725 0.39765625 0.0203125 0.025
0 0.73125 0.4171875 0.0203125 0.025
0 0.725 0.45625 0.0203125 0.0234375
0 0.728125 0.48046875 0.0203125 0.021875
0 0.74765625 0.47578125 0.01875 0.021875
0 0.746875 0.50234375 0.0203125 0.0234375
0 0.76953125 0.50234375 0.01875 0.021875
0 0.76484375 0.47890625 0.01875 0.021875
0 0.78125 0.4671875 0.01875 0.021875
0 0.7578125 0.46171875 0.01875 0.021875
0 0.73828125 0.44375 0.01875 0.021875
0 0.74609375 0.42578125 0.01875 0.01875
0 0.74921875 0.40078125 0.01875 0.021875
0 0.7375 0.38671875 0.01875 0.021875
0 0.753125 0.37890625 0.01875 0.0203125
0 0.76796875 0.3859375 0.01875 0.021875
0 0.76875 0.4078125 0.01875 0.01875
0 0.7734375 0.4375 0.0171875 0.01875
0 0.78515625 0.44765625 0.01875 0.021875
0 0.796875 0.4375 0.01875 0.0203125
0 0.79296875 0.41015625 0.01875 0.021875
0 0.80859375 0.42734375 0.01875 0.021875
0 0.81015625 0.4484375 0.01875 0.021875
0 0.7984375 0.46015625 0.01875 0.021875
0 0.80859375 0.47578125 0.01875 0.0203125
0 0.8203125 0.46328125 0.0171875 0.0203125
0 0.82578125 0.4828125 0.01875 0.021875
0 0.83671875 0.46875 0.01875 0.0203125
0 0.8265625 0.44296875 0.0171875 0.0203125
0 0.84453125 0.45078125 0.0171875 0.01875
0 0.85234375 0.4671875 0.015625 0.0171875
0 0.846875 0.484375 0.0171875 0.0203125
0 0.86640625 0.4796875 0.015625 0.0203125
0 0.821875 0.41953125 0.0171875 0.021875
0 0.834375 0.41953125 0.0171875 0.021875
0 0.8453125 0.41015625 0.01875 0.021875
0 0.859375 0.428125 0.015625 0.0203125
0 0.86328125 0.459375 0.015625 0.0203125
0 0.87890625 0.4578125 0.0171875 0.0234375
0 0.87890625 0.47734375 0.0171875 0.0203125
0 0.89296875 0.46875 0.0171875 0.0203125
0 0.8984375 0.45078125 0.015625 0.021875
0 0.871875 0.42890625 0.015625 0.0203125
0 0.8875 0.44375 0.0140625 0.0203125
0 0.8640625 0.39375 0.0171875 0.0203125
0 0.87265625 0.4109375 0.01875 0.021875
0 0.8828125 0.39609375 0.0171875 0.021875
0 0.87265625 0.37265625 0.0171875 0.0203125
0 0.85078125 0.36484375 0.01875 0.021875
0 0.84375 0.346875 0.015625 0.0203125
0 0.76640625 0.36796875 0.0203125 0.021875
0 0.77578125 0.35234375 0.01875 0.0234375
0 0.8046875 0.34765625 0.0171875 0.0234375
0 0.8109375 0.36640625 0.0171875 0.021875
0 0.8203125 0.35546875 0.01875 0.0234375
0 0.8140625 0.33125 0.015625 0.021875
0 0.83125 0.3375 0.01875 0.0234375
0 0.74453125 0.33203125 0.021875 0.0234375
0 0.75859375 0.4375 0.01875 0.0234375
0 0.803125 0.6125 0.0234375 0.025
0 0.79453125 0.65859375 0.025 0.028125
0 0.84921875 0.2765625 0.021875 0.0234375
0 0.90234375 0.37109375 0.01875 0.021875
0 0.90546875 0.40078125 0.0171875 0.01875
0 0.909375 0.42265625 0.0171875 0.0203125