0 0.284375 0.74765625 0.0171875 0.01875
0 0.29140625 0.73125 0.0171875 0.01875
0 0.33359375 0.77109375 0.0171875 0.0171875
0 0.36015625 0.77890625 0.01875 0.0171875
0 0.353125 0.73671875 0.0171875 0.0171875
0 0.36796875 0.73671875 0.0171875 0.0171875
0 0.37578125 0.75234375 0.0203125 0.01875
0 0.39140625 0.740625 0.01875 0.01875
0 0.3984375 0.7625 0.0171875 0.0171875
0 0.40703125 0.78125 0.0171875 0.0171875
0 0.415625 0.76796875 0.0171875 0.0171875
0 0.42890625 0.778125 0.0171875 0.0203125
0 0.4390625 0.7921875 0.01875 0.0171875
0 0.45390625 0.78046875 0.0171875 0.01875
0 0.475 0.7875 0.01875 0.0203125
0 0.45546875 0.75859375 0.0171875 0.0171875
0 0.42890625 0.75078125 0.0171875 0.0171875
0 0.4265625 0.734375 0.0171875 0.0171875
0 0.3953125 0.70859375 0.01875 0.0171875
0 0.42578125 0.6875 0.0203125 0.0203125
0 0.59921875 0.6984375 0.0203125 0.0203125
0 0.60390625 0.64453125 0.0171875 0.0171875
0 0.61953125 0.634375 0.0171875 0.0171875
0 0.596875 0.62890625 0.0171875 0.0171875
0 0.61015625 0.61796875 0.0171875 0.0171875
0 0.6515625 0.62890625 0.0171875 0.0171875
0 0.66640625 0.6328125 0.0171875 0.0171875
0 0.640625 0.6234375 0.0171875 0.0171875
0 0.66953125 0.65 0.0171875 0.0171875
0 0.6828125 0.62421875 0.0171875 0.0171875
0 0.69765625 0.62265625 0.0171875 0.01875
0 0.7140625 0.62265625 0.0171875 0.0171875
0 0.7078125 0.60703125 0.01875 0.0171875
0 0.67890625 0.61015625 0.0171875 0.0171875
0 0.665625 0.61796875 0.0171875 0.0171875
0 0.66328125 0.60234375 0.0171875 0.0171875
0 0.6671875 0.58828125 0.0171875 0.0171875
0 0.6515625 0.58046875 0.0140625 0.0140625
0 0.6640625 0.575 0.0171875 0.0171875
0 0.6515625 0.59296875 0.015625 0.0140625
0 0.61640625 0.584375 0.0171875 0.015625
0 0.6265625 0.57265625 0.0140625 0.0171875
0 0.6390625 0.57421875 0.0140625 0.0171875
0 0.64453125 0.5609375 0.0171875 0.0171875
0 0.61796875 0.5609375 0.015625 0.01875
0 0.5984375 0.5671875 0.015625 0.0171875
0 0.58671875 0.58359375 0.0171875 0.0171875
0 0.56484375 0.596875 0.0171875 0.015625
0 0.57734375 0.6015625 0.0171875 0.015625
0 0.56796875 0.61484375 0.0171875 0.0171875
0 0.54296875 0.62265625 0.0171875 0.0171875
0 0.54296875 0.60703125 0.0171875 0.015625
0 0.5234375 0.62734375 0.0171875 0.0171875
0 0.52890625 0.60390625 0.015625 0.0140625
0 0.528125 0.58984375 0.0171875 0.0171875
0 0.5171875 0.6140625 0.0171875 0.015625
0 0.55 0.5828125 0.0171875 0.015625
0 0.48828125 0.59921875 0.0171875 0.0171875
0 0.49921875 0.5890625 0.0171875 0.0171875
0 0.51171875 0.578125 0.0171875 0.0171875
0 0.47421875 0.6046875 0.0171875 0.0171875
0 0.45 0.61640625 0.0171875 0.0171875
0 0.4640625 0.6203125 0.015625 0.0171875
0 0.42890625 0.6078125 0.01875 0.0171875
0 0.42890625 0.59296875 0.0171875 0.0171875
0 0.3734375 0.6125 0.0171875 0.0171875
0 0.384375 0.59921875 0.0171875 0.0171875
0 0.3921875 0.5859375 0.0171875 0.0171875
0 0.3984375 0.571875 0.0171875 0.0171875
0 0.36484375 0.59765625 0.0171875 0.0171875
0 0.3671875 0.58125 0.01875 0.0171875
0 0.346875 0.59140625 0.01875 0.0171875
0 0.3515625 0.609375 0.0171875 0.0171875
0 0.346875 0.62578125 0.01875 0.0171875
0 0.30625 0.54609375 0.01875 0.0171875
0 0.31953125 0.5625 0.01875 0.0171875
0 0.31484375 0.52890625 0.01875 0.0171875
0 0.26015625 0.52109375 0.01875 0.0171875
0 0.271875 0.5140625 0.0171875 0.015625
0 0.3546875 0.49375 0.0171875 0.0171875
0 0.36171875 0.515625 0.0171875 0.0171875
0 0.37265625 0.52421875 0.0171875 0.0171875
0 0.3859375 0.51875 0.0171875 0.015625
0 0.37734375 0.5078125 0.0171875 0.015625
0 0.39375 0.50703125 0.015625 0.015625
0 0.3859375 0.49453125 0.0171875 0.015625
0 0.40234375 0.49609375 0.0171875 0.0171875
0 0.40546875 0.51484375 0.0171875 0.0140625
0 0.41484375 0.5046875 0.015625 0.0171875
0 0.42578125 0.5140625 0.015625 0.0171875
0 0.41328125 0.52734375 0.0171875 0.0140625
0 0.39921875 0.54453125 0.0171875 0.015625
0 0.42421875 0.53984375 0.0109375 0.0125
0 0.44375 0.54140625 0.015625 0.0171875
0 0.41484375 0.540625 0.015625 0.0171875
0 0.38984375 0.55859375 0.0171875 0.0171875
0 0.41875 0.55390625 0.0171875 0.015625
0 0.43828125 0.5234375 0.0171875 0.015625
0 0.45078125 0.503125 0.0140625 0.015625
0 0.45859375 0.52890625 0.0171875 0.0171875
0 0.4796875 0.52421875 0.0171875 0.0171875
0 0.48984375 0.5453125 0.0171875 0.0171875
0 0.51328125 0.546875 0.0171875 0.0171875
0 0.51640625 0.53046875 0.01875 0.0171875
0 0.53515625 0.51796875 0.0171875 0.0171875
0 0.5484375 0.51015625 0.0171875 0.0171875
0 0.571875 0.50703125 0.0203125 0.01875
0 0.50078125 0.48671875 0.01875 0.01875
0 0.6265625 0.48515625 0.01875 0.0171875
0 0.596875 0.440625 0.01875 0.0171875
0 0.58125 0.425 0.015625 0.0140625
0 0.56875 0.409375 0.015625 0.0171875
0 0.58359375 0.39921875 0.015625 0.0125
0 0.584375 0.4109375 0.0171875 0.015625
0 0.5640625 0.39609375 0.0171875 0.015625
0 0.54609375 0.38828125 0.01875 0.0171875
0 0.62421875 0.403125 0.0171875 0.0171875
0 0.51328125 0.37578125 0.0171875 0.0171875
0 0.51328125 0.3578125 0.015625 0.0171875
0 0.47890625 0.34296875 0.0171875 0.0171875
0 0.50078125 0.33828125 0.0171875 0.0171875
0 0.465625 0.33203125 0.0171875 0.0171875
0 0.44140625 0.35546875 0.0171875 0.0171875
0 0.4265625 0.3125 0.01875 0.0171875
0 0.4453125 0.31171875 0.0171875 0.0171875
0 0.49453125 0.446875 0.0203125 0.01875
0 0.590625 0.55234375 0.0171875 0.0171875
0 0.68515625 0.54375 0.0171875 0.0171875
0 0.72734375 0.5609375 0.01875 0.0171875
0 0.6796875 0.4546875 0.0171875 0.0171875
0 0.646875 0.42578125 0.01875 0.0171875
0 0.6703125 0.4328125 0.0171875 0.0171875
0 0.66640625 0.415625 0.0171875 0.0171875
0 0.6875 0.41953125 0.0171875 0.0171875
0 0.6421875 0.39609375 0.0171875 0.0171875
0 0.3359375 0.47578125 0.0171875 0.0171875
0 0.3671875 0.48046875 0.0171875 0.0171875
0 0.35703125 0.4640625 0.0171875 0.0171875
0 0.303125 0.48359375 0.0171875 0.0203125
0 0.31875 0.484375 0.0171875 0.0171875
0 0.3359375 0.45859375 0.01875 0.0171875
0 0.2890625 0.465625 0.0171875 0.0171875
0 0.31640625 0.39296875 0.01875 0.0171875
0 0.33828125 0.365625 0.0171875 0.01875