0 0.8546875 0.3796875 0.0328125 0.03125
0 0.56875 0.4765625 0.0296875 0.0296875
0 0.8765625 0.45546875 0.0296875 0.0296875
0 0.5046875 0.42421875 0.0296875 0.0296875
0 0.575 0.37890625 0.0296875 0.0296875
0 0.40546875 0.43046875 0.03125 0.0296875
0 0.7953125 0.34921875 0.03125 0.0296875
0 0.8171875 0.3765625 0.0328125 0.0328125
0 0.37734375 0.38359375 0.0328125 0.0328125
0 0.59609375 0.45703125 0.03125 0.0296875
0 0.4671875 0.3359375 0.03125 0.0328125
0 0.57265625 0.40703125 0.0296875 0.0296875
0 0.8203125 0.5140625 0.0296875 0.0296875
0 0.33359375 0.38203125 0.0328125 0.03125
0 0.36640625 0.46953125 0.03125 0.03125
0 0.4234375 0.49609375 0.03125 0.0296875
0 0.79140625 0.4453125 0.0328125 0.0328125
0 0.521875 0.44765625 0.0328125 0.03125
0 0.56171875 0.5046875 0.03125 0.0296875
0 0.31484375 0.3625 0.0328125 0.03125
0 0.4328125 0.38046875 0.03125 0.03125
0 0.61484375 0.41640625 0.0328125 0.03125
0 0.51953125 0.35859375 0.0296875 0.0328125
0 0.390625 0.4546875 0.0296875 0.03125
0 0.43046875 0.35234375 0.03125 0.0296875
0 0.859375 0.42109375 0.0328125 0.0328125
0 0.8296875 0.4765625 0.0328125 0.0296875
0 0.40703125 0.33359375 0.0328125 0.03125
0 0.753125 0.48125 0.0296875 0.0296875
0 0.48203125 0.3765625 0.0296875 0.03125
0 0.76875 0.359375 0.0328125 0.03125
0 0.36640625 0.440625 0.0328125 0.03125
0 0.33984375 0.43046875 0.03125 0.0296875
0 0.38203125 0.41484375 0.0328125 0.0328125
0 0.70703125 0.35546875 0.0296875 0.0296875
0 0.415625 0.46875 0.0296875 0.03125
0 0.478125 0.43125 0.03125 0.03125
0 0.54921875 0.39140625 0.03125 0.03125
0 0.5359375 0.4921875 0.03125 0.0296875
0 0.64375 0.41796875 0.0328125 0.0328125
0 0.6546875 0.36328125 0.03125 0.0328125
0 0.54609375 0.4625 0.028125 0.0296875
0 0.45546875 0.3640625 0.03125 0.0296875
0 0.4421875 0.325 0.0328125 0.0328125
0 0.3203125 0.409375 0.0328125 0.0296875
0 0.33828125 0.459375 0.0328125 0.0328125
0 0.59921875 0.39140625 0.03125 0.03125
0 0.5265625 0.40859375 0.03125 0.0296875
0 0.88828125 0.53984375 0.0296875 0.0296875
0 0.4515625 0.50234375 0.03125 0.0328125
0 0.4140625 0.52265625 0.0328125 0.0296875
0 0.628125 0.4421875 0.0328125 0.03125
0 0.42734375 0.3015625 0.0328125 0.0328125
0 0.784375 0.47421875 0.0328125 0.03125
0 0.91875 0.578125 0.03125 0.0296875
0 0.46875 0.48125 0.03125 0.0296875
0 0.84453125 0.57421875 0.0296875 0.03125
0 0.353125 0.3609375 0.0328125 0.0328125
0 0.65859375 0.390625 0.0328125 0.0328125
0 0.7640625 0.45546875 0.0296875 0.0296875
0 0.54921875 0.33515625 0.03125 0.0328125
0 0.771875 0.5359375 0.0296875 0.0296875
0 0.7953125 0.50078125 0.0328125 0.0296875
0 0.54609375 0.43125 0.03125 0.0328125
0 0.90234375 0.47421875 0.0328125 0.0296875
0 0.915625 0.53125 0.0328125 0.0296875
0 0.5796875 0.5265625 0.0296875 0.0296875
0 0.4953125 0.49453125 0.0328125 0.0296875
0 0.403125 0.36171875 0.0296875 0.0296875
0 0.61171875 0.48125 0.0328125 0.0328125
0 0.3546875 0.4046875 0.0328125 0.0296875
0 0.675 0.43046875 0.03125 0.0296875
0 0.75078125 0.43125 0.03125 0.0296875
0 0.4515625 0.42578125 0.03125 0.0296875
0 0.4703125 0.30859375 0.0328125 0.03125
0 0.49375 0.4546875 0.03125 0.03125
0 0.8890625 0.56953125 0.0328125 0.03125
0 0.31171875 0.45625 0.0328125 0.03125
0 0.7671875 0.50625 0.0296875 0.0296875
0 0.5140625 0.47421875 0.0328125 0.03125
0 0.8875 0.5109375 0.0296875 0.0296875
0 0.51171875 0.51953125 0.03125 0.0296875
0 0.71171875 0.46953125 0.0328125 0.03125
0 0.4578125 0.4515625 0.0296875 0.0296875
0 0.3828125 0.51484375 0.0328125 0.0328125
0 0.42734375 0.40859375 0.0328125 0.0296875
0 0.590625 0.5 0.03125 0.0296875
0 0.5234375 0.32734375 0.0328125 0.0328125
0 0.509375 0.38828125 0.03125 0.0328125
0 0.78828125 0.38046875 0.0328125 0.0328125
0 0.72890625 0.3328125 0.03125 0.0296875
0 0.56953125 0.2875 0.03125 0.0296875
0 0.575 0.3203125 0.03125 0.0296875
0 0.58984375 0.43046875 0.0328125 0.0296875
0 0.4953125 0.321875 0.0328125 0.0328125
0 0.8359375 0.3359375 0.034375 0.03125
0 0.7109375 0.38359375 0.0296875 0.0296875
0 0.8171875 0.56640625 0.0296875 0.0296875
0 0.25390625 0.421875 0.0328125 0.03125
0 0.6546875 0.33515625 0.0328125 0.0328125
0 0.378125 0.3453125 0.0328125 0.03125
0 0.3015625 0.428125 0.0328125 0.0328125
0 0.54921875 0.3625 0.03125 0.03125
0 0.5953125 0.29921875 0.03125 0.0296875
0 0.6328125 0.54140625 0.0296875 0.0296875
0 0.9328125 0.55390625 0.0296875 0.0296875
0 0.75390625 0.384375 0.0296875 0.0296875
0 0.40546875 0.390625 0.03125 0.03125
0 0.45625 0.396875 0.03125 0.0296875
0 0.5984375 0.3640625 0.0328125 0.03125
0 0.2796875 0.40703125 0.034375 0.03125
0 0.67578125 0.3125 0.03125 0.0328125
0 0.68515625 0.40078125 0.03125 0.03125
0 0.2578125 0.4703125 0.034375 0.03125
0 0.3578125 0.496875 0.03125 0.03125
0 0.7421875 0.5734375 0.03125 0.0328125
0 0.271875 0.4453125 0.0328125 0.0296875
0 0.6828125 0.340625 0.0328125 0.0328125
0 0.7671875 0.33125 0.0328125 0.0296875
0 0.646875 0.30859375 0.0328125 0.0328125
0 0.6453125 0.57890625 0.0328125 0.03125
0 0.8671875 0.5546875 0.0328125 0.0328125
0 0.228125 0.471875 0.0328125 0.0328125
0 0.71171875 0.52109375 0.0296875 0.0296875
0 0.39296875 0.4875 0.03125 0.0296875
0 0.6171875 0.565625 0.03125 0.03125
0 0.29921875 0.3859375 0.034375 0.03125
0 0.4703125 0.5296875 0.03125 0.0328125
0 0.4234375 0.55078125 0.03125 0.0296875
0 0.43046875 0.4453125 0.0296875 0.03125
0 0.59375 0.54921875 0.0296875 0.0296875
0 0.23671875 0.44375 0.03125 0.0296875
0 0.83125 0.53984375 0.0296875 0.0296875
0 0.19765625 0.46171875 0.034375 0.0328125
0 0.73125 0.5 0.03125 0.0296875
0 0.7265625 0.5484375 0.03125 0.0296875
0 0.7328125 0.40234375 0.03125 0.03125
0 0.45234375 0.5546875 0.0296875 0.0328125
0 0.59921875 0.3359375 0.0328125 0.0328125
0 0.3984375 0.3046875 0.0328125 0.0328125
0 0.9 0.4359375 0.0328125 0.0296875
0 0.68046875 0.515625 0.0296875 0.0296875
0 0.64375 0.51015625 0.0328125 0.0328125
0 0.54765625 0.30546875 0.0328125 0.03125
0 0.61484375 0.51875 0.0328125 0.0296875
0 0.6984375 0.4953125 0.0328125 0.03125
0 0.35 0.33203125 0.0328125 0.0328125
0 0.76875 0.40859375 0.03125 0.03125
0 0.68828125 0.54609375 0.0296875 0.0296875
0 0.228125 0.5015625 0.0328125 0.0328125
0 0.67890625 0.4765625 0.03125 0.0296875
0 0.66015625 0.53515625 0.0296875 0.0296875
0 0.2890625 0.47421875 0.0328125 0.0328125
0 0.6703125 0.56953125 0.0296875 0.0296875
0 0.55234375 0.53125 0.03125 0.0296875
0 0.62421875 0.284375 0.0328125 0.03125
0 0.91328125 0.49921875 0.0328125 0.0328125
0 0.61484375 0.31484375 0.0296875 0.0296875
0 0.371875 0.54296875 0.0328125 0.03125
0 0.51328125 0.3 0.0328125 0.0328125
0 0.41875 0.578125 0.034375 0.03125
0 0.71953125 0.44375 0.034375 0.0296875
0 0.68828125 0.58984375 0.03125 0.0328125
0 0.49375 0.3515625 0.0296875 0.0328125
0 0.846875 0.503125 0.0328125 0.03125
0 0.94140625 0.50234375 0.0296875 0.0296875
0 0.71015625 0.41796875 0.034375 0.0296875
0 0.9359375 0.47421875 0.0296875 0.0296875
0 0.94765625 0.53046875 0.0328125 0.0296875
0 0.68125 0.371875 0.0328125 0.03125
0 0.7078125 0.5703125 0.03125 0.0296875
0 0.86328125 0.525 0.0328125 0.0296875
0 0.0515625 0.4375 0.034375 0.0328125
0 0.62734375 0.3421875 0.0265625 0.03125
0 0.62734375 0.37109375 0.0265625 0.0296875
0 0.57421875 0.35 0.0296875 0.0328125
0 0.56796875 0.44765625 0.0296875 0.0328125
0 0.4859375 0.40546875 0.03125 0.0328125
0 0.4421875 0.47421875 0.0328125 0.0296875
0 0.74609375 0.52734375 0.0296875 0.0328125
0 0.73828125 0.3609375 0.0296875 0.0296875