0 0.3203125 0.26171875 0.021875 0.025
0 0.3140625 0.2921875 0.0234375 0.021875
0 0.4703125 0.25390625 0.021875 0.021875
0 0.5546875 0.234375 0.021875 0.021875
0 0.496875 0.2609375 0.021875 0.021875
0 0.45078125 0.2671875 0.021875 0.0234375
0 0.4421875 0.28984375 0.0203125 0.025
0 0.47734375 0.2828125 0.0203125 0.021875
0 0.46015625 0.2859375 0.0203125 0.025
0 0.50078125 0.28828125 0.021875 0.021875
0 0.5296875 0.284375 0.021875 0.0234375
0 0.48203125 0.30234375 0.021875 0.021875
0 0.4578125 0.3078125 0.021875 0.025
0 0.47265625 0.32578125 0.021875 0.021875
0 0.4984375 0.31328125 0.0234375 0.021875
0 0.5171875 0.34375 0.021875 0.021875
0 0.52109375 0.36171875 0.021875 0.021875
0 0.6125 0.28125 0.025 0.021875
0 0.75859375 0.21171875 0.025 0.025
0 0.73828125 0.284375 0.0203125 0.0234375
0 0.77109375 0.2953125 0.021875 0.021875
0 0.79140625 0.25703125 0.01875 0.021875
0 0.78203125 0.27734375 0.01875 0.021875
0 0.7953125 0.290625 0.021875 0.021875
0 0.81640625 0.25390625 0.0234375 0.025
0 0.80234375 0.27421875 0.0203125 0.0234375
0 0.82265625 0.2765625 0.0203125 0.0234375
0 0.8453125 0.3109375 0.021875 0.0234375
0 0.871875 0.32890625 0.021875 0.021875
0 0.86875 0.346875 0.021875 0.021875
0 0.853125 0.35390625 0.0203125 0.021875
0 0.73828125 0.3875 0.0203125 0.021875
0 0.73046875 0.40390625 0.021875 0.021875
0 0.73359375 0.42265625 0.01875 0.021875
0 0.75234375 0.4140625 0.01875 0.021875
0 0.63984375 0.38828125 0.021875 0.021875
0 0.58359375 0.38046875 0.021875 0.021875
0 0.575 0.4015625 0.021875 0.021875
0 0.5921875 0.40546875 0.01875 0.0203125
0 0.65546875 0.40703125 0.021875 0.025
0 0.66171875 0.42578125 0.0203125 0.021875
0 0.64140625 0.43828125 0.01875 0.021875
0 0.6109375 0.440625 0.021875 0.021875
0 0.66171875 0.44453125 0.01875 0.01875
0 0.65 0.45546875 0.01875 0.0203125
0 0.6296875 0.45625 0.021875 0.021875
0 0.6046875 0.46484375 0.021875 0.021875
0 0.60859375 0.4859375 0.0203125 0.021875
0 0.62265625 0.475 0.01875 0.01875
0 0.63046875 0.48984375 0.021875 0.021875
0 0.6390625 0.47265625 0.021875 0.01875
0 0.6640625 0.4625 0.0203125 0.021875
0 0.678125 0.440625 0.01875 0.0203125
0 0.68203125 0.459375 0.021875 0.0203125
0 0.7015625 0.4484375 0.01875 0.021875
0 0.69921875 0.46796875 0.01875 0.01875
0 0.72578125 0.44921875 0.021875 0.021875
0 0.72265625 0.47265625 0.021875 0.021875
0 0.675 0.478125 0.021875 0.01875
0 0.6546875 0.4796875 0.0203125 0.0203125
0 0.646875 0.49609375 0.01875 0.021875
0 0.63671875 0.51171875 0.01875 0.0234375
0 0.6640625 0.49609375 0.0203125 0.021875
0 0.65546875 0.5140625 0.01875 0.021875
0 0.684375 0.49296875 0.021875 0.01875
0 0.75234375 0.475 0.01875 0.021875
0 0.73984375 0.4890625 0.0203125 0.0203125
0 0.74453125 0.50546875 0.0203125 0.021875
0 0.77578125 0.5046875 0.0203125 0.021875
0 0.8015625 0.4921875 0.0203125 0.0234375
0 0.7578125 0.5296875 0.0203125 0.0203125
0 0.73125 0.525 0.021875 0.0203125
0 0.73046875 0.54453125 0.021875 0.021875
0 0.70546875 0.546875 0.0203125 0.021875
0 0.75 0.55234375 0.01875 0.0234375
0 0.73046875 0.571875 0.021875 0.021875
0 0.68828125 0.5609375 0.01875 0.0203125
0 0.69453125 0.5765625 0.0203125 0.0203125
0 0.6703125 0.5609375 0.0203125 0.021875
0 0.65234375 0.56328125 0.01875 0.021875
0 0.65703125 0.53515625 0.021875 0.021875
0 0.66640625 0.57734375 0.01875 0.0203125
0 0.64765625 0.57890625 0.01875 0.021875
0 0.4921875 0.57578125 0.021875 0.021875
0 0.43125 0.48984375 0.0203125 0.021875
0 0.40234375 0.5234375 0.021875 0.021875
0 0.37265625 0.521875 0.025 0.0265625
0 0.30703125 0.5015625 0.025 0.0234375
0 0.2140625 0.57109375 0.021875 0.025
0 0.1515625 0.5140625 0.021875 0.025
0 0.590625 0.55703125 0.021875 0.0234375
0 0.596875 0.57890625 0.021875 0.0234375
0 0.5828125 0.59765625 0.01875 0.0203125
0 0.56875 0.60703125 0.021875 0.021875
0 0.584375 0.615625 0.01875 0.0203125
0 0.60859375 0.59453125 0.01875 0.01875
0 0.6046875 0.61171875 0.01875 0.01875
0 0.62578125 0.5890625 0.0203125 0.021875
0 0.62421875 0.60703125 0.01875 0.021875
0 0.6265625 0.6234375 0.0203125 0.01875
0 0.6390625 0.6109375 0.01875 0.0203125
0 0.65 0.59609375 0.01875 0.0203125
0 0.6671875 0.59453125 0.021875 0.0203125
0 0.6578125 0.61171875 0.01875 0.01875
0 0.6453125 0.6265625 0.01875 0.01875
0 0.63125 0.63984375 0.021875 0.01875
0 0.59921875 0.6375 0.021875 0.021875
0 0.5890625 0.65078125 0.01875 0.021875
0 0.6109375 0.6515625 0.0203125 0.0203125
0 0.6296875 0.65859375 0.01875 0.021875
0 0.61640625 0.6765625 0.01875 0.0203125
0 0.59453125 0.67734375 0.01875 0.021875
0 0.60234375 0.696875 0.0203125 0.0203125
0 0.6203125 0.6953125 0.021875 0.021875
0 0.63828125 0.6734375 0.021875 0.021875
0 0.64765625 0.68828125 0.021875 0.0203125
0 0.64921875 0.64921875 0.01875 0.021875
0 0.66484375 0.66171875 0.01875 0.021875
0 0.67109375 0.64453125 0.01875 0.021875
0 0.6640625 0.62734375 0.0203125 0.0203125
0 0.684375 0.6265625 0.0203125 0.021875
0 0.6765625 0.61015625 0.01875 0.021875
0 0.6890625 0.59453125 0.01875 0.021875
0 0.6984375 0.6140625 0.021875 0.01875
0 0.72734375 0.61953125 0.0203125 0.021875
0 0.69140625 0.68125 0.0203125 0.021875
0 0.68359375 0.715625 0.021875 0.021875
0 0.64140625 0.73359375 0.0234375 0.0203125
0 0.61640625 0.7234375 0.021875 0.0234375
0 0.73671875 0.66875 0.021875 0.021875
0 0.74296875 0.6859375 0.01875 0.0203125
0 0.76015625 0.6859375 0.021875 0.021875
0 0.77890625 0.69921875 0.021875 0.021875
0 0.775 0.72109375 0.021875 0.0203125
0 0.803125 0.70859375 0.021875 0.021875
0 0.7875 0.73125 0.021875 0.021875
0 0.79375 0.74765625 0.0203125 0.01875
0 0.7984375 0.76875 0.0234375 0.021875
0 0.7 0.7328125 0.021875 0.021875
0 0.69609375 0.75703125 0.0203125 0.0234375
0 0.7125 0.74375 0.021875 0.021875
0 0.72265625 0.76015625 0.0203125 0.01875
0 0.71015625 0.771875 0.021875 0.0203125
0 0.8578125 0.7609375 0.0203125 0.021875