0 0.63046875 0.6140625 0.02578125 0.02578125
0 0.64375 0.57109375 0.02265625 0.0265625
0 0.5109375 0.44296875 0.02109375 0.02109375
0 0.4890625 0.4515625 0.02265625 0.0203125
0 0.5046875 0.47109375 0.01953125 0.02265625
0 0.525 0.47734375 0.02265625 0.02265625
0 0.55703125 0.4984375 0.0203125 0.02265625
0 0.578125 0.51171875 0.0203125 0.0234375
0 0.59765625 0.525 0.021875 0.02265625
0 0.578125 0.55078125 0.0203125 0.0234375
0 0.5328125 0.5484375 0.025 0.02109375
0 0.55625 0.559375 0.0203125 0.02421875
0 0.45625 0.4359375 0.0203125 0.02421875
0 0.43671875 0.459375 0.021875 0.0234375
0 0.40625 0.47578125 0.02109375 0.0234375
0 0.48125 0.50546875 0.01953125 0.02109375
0 0.478125 0.53203125 0.0203125 0.0171875
0 0.496875 0.525 0.01875 0.02265625
0 0.47109375 0.54140625 0.01875 0.0203125
0 0.49140625 0.54765625 0.0203125 0.021875
0 0.48359375 0.56640625 0.01953125 0.021875
0 0.50078125 0.57734375 0.02265625 0.02265625
0 0.48125 0.59375 0.0203125 0.021875
0 0.43125 0.50078125 0.0203125 0.02109375
0 0.44765625 0.5140625 0.02109375 0.021875
0 0.42109375 0.515625 0.02109375 0.021875
0 0.434375 0.52890625 0.0203125 0.02109375
0 0.37578125 0.51640625 0.0203125 0.021875
0 0.39140625 0.5328125 0.021875 0.021875
0 0.36640625 0.55078125 0.02109375 0.02109375
0 0.31953125 0.52265625 0.0203125 0.02109375
0 0.3328125 0.54453125 0.021875 0.021875
0 0.35859375 0.5359375 0.0203125 0.01875
0 0.3859375 0.55859375 0.0203125 0.0203125
0 0.42109375 0.55625 0.02109375 0.021875
0 0.425 0.590625 0.02109375 0.0234375
0 0.36796875 0.61015625 0.0203125 0.02109375
0 0.38203125 0.596875 0.02109375 0.02109375
0 0.35078125 0.5984375 0.01953125 0.02109375
0 0.3546875 0.62578125 0.02109375 0.0203125