0 0.534375 0.67578125 0.0171875 0.01875
0 0.44609375 0.69921875 0.0171875 0.01953125
0 0.43515625 0.72421875 0.01640625 0.01953125
0 0.39296875 0.80703125 0.015625 0.01796875
0 0.39140625 0.78671875 0.0171875 0.01953125
0 0.4078125 0.7546875 0.01484375 0.01796875
0 0.39375 0.74921875 0.0140625 0.01796875
0 0.3796875 0.75078125 0.01484375 0.01796875
0 0.4109375 0.73515625 0.01484375 0.0171875
0 0.39609375 0.73203125 0.0140625 0.01796875
0 0.38359375 0.734375 0.01328125 0.01796875
0 0.37109375 0.72890625 0.01328125 0.01875
0 0.359375 0.73671875 0.01484375 0.0171875
0 0.40625 0.7171875 0.015625 0.0171875
0 0.38828125 0.715625 0.015625 0.01640625
0 0.375 0.7125 0.01484375 0.015625
0 0.3625 0.7046875 0.0140625 0.015625
0 0.39921875 0.7015625 0.015625 0.0171875
0 0.3828125 0.69765625 0.015625 0.0171875
0 0.43671875 0.6828125 0.015625 0.01875
0 0.41015625 0.6796875 0.01484375 0.0171875
0 0.384375 0.67421875 0.0140625 0.0171875
0 0.3734375 0.68515625 0.01328125 0.01640625
0 0.36015625 0.67890625 0.01484375 0.0171875
0 0.35390625 0.66328125 0.015625 0.015625
0 0.371875 0.66953125 0.0140625 0.01484375
0 0.40625 0.66015625 0.0140625 0.0171875
0 0.43203125 0.66328125 0.015625 0.01796875
0 0.43984375 0.64453125 0.015625 0.01875
0 0.384375 0.6578125 0.0140625 0.015625
0 0.3671875 0.65546875 0.01484375 0.015625
0 0.3984375 0.64609375 0.01484375 0.015625
0 0.3875 0.63984375 0.01328125 0.015625
0 0.36796875 0.63984375 0.01484375 0.01640625
0 0.35625 0.646875 0.01328125 0.01640625
0 0.3484375 0.63671875 0.01484375 0.01640625
0 0.35546875 0.62265625 0.0140625 0.015625
0 0.396875 0.62890625 0.01328125 0.01640625
0 0.42265625 0.63046875 0.01484375 0.01796875
0 0.428125 0.6078125 0.01640625 0.0171875
0 0.3953125 0.61328125 0.01484375 0.01640625
0 0.3859375 0.6234375 0.01171875 0.015625
0 0.37265625 0.621875 0.0140625 0.01484375
0 0.36796875 0.6078125 0.015625 0.01484375
0 0.3515625 0.60703125 0.0140625 0.01640625
0 0.34140625 0.5953125 0.015625 0.0171875
0 0.38359375 0.60703125 0.0125 0.01484375
0 0.4203125 0.59375 0.01328125 0.015625
0 0.4046875 0.59453125 0.015625 0.0171875
0 0.38203125 0.59140625 0.01484375 0.01484375
0 0.36875 0.5921875 0.01328125 0.01484375
0 0.36328125 0.578125 0.0140625 0.01484375
0 0.4015625 0.57890625 0.01484375 0.01640625
0 0.3796875 0.57734375 0.0140625 0.01484375
0 0.3921875 0.56640625 0.0140625 0.01484375
0 0.371875 0.56484375 0.01484375 0.0140625
0 0.353125 0.5671875 0.0140625 0.015625
0 0.34609375 0.55625 0.0140625 0.01640625
0 0.33671875 0.546875 0.01484375 0.0140625
0 0.36796875 0.55078125 0.0125 0.015625
0 0.38359375 0.55546875 0.01484375 0.0171875
0 0.4125 0.5421875 0.015625 0.01484375
0 0.39765625 0.53203125 0.01484375 0.01484375
0 0.3828125 0.5328125 0.01484375 0.01640625
0 0.37109375 0.5234375 0.01484375 0.01484375
0 0.3484375 0.5234375 0.0140625 0.015625
0 0.43671875 0.5171875 0.01640625 0.01796875
0 0.409375 0.51953125 0.0140625 0.01640625
0 0.40703125 0.50390625 0.0140625 0.01640625
0 0.3828125 0.4984375 0.01640625 0.0171875
0 0.35859375 0.5015625 0.01484375 0.01640625
0 0.34140625 0.48984375 0.0140625 0.01640625
0 0.37890625 0.48203125 0.01640625 0.015625
0 0.3578125 0.48125 0.015625 0.01484375
0 0.42265625 0.49609375 0.01484375 0.0171875
0 0.40703125 0.48046875 0.01484375 0.01640625
0 0.39140625 0.47109375 0.01484375 0.01640625
0 0.37734375 0.46015625 0.01484375 0.0171875
0 0.36328125 0.46796875 0.0140625 0.0140625
0 0.3515625 0.46484375 0.0140625 0.01484375
0 0.33515625 0.46875 0.01484375 0.015625
0 0.3546875 0.44765625 0.01328125 0.015625
0 0.37421875 0.44609375 0.01484375 0.015625
0 0.36484375 0.4359375 0.0125 0.0140625
0 0.39375 0.44140625 0.01484375 0.01484375
0 0.41953125 0.45703125 0.01640625 0.015625
0 0.51171875 0.48671875 0.01796875 0.0171875
0 0.51953125 0.4671875 0.01640625 0.0171875
0 0.4640625 0.47109375 0.01484375 0.01796875
0 0.45546875 0.4578125 0.01484375 0.01640625
0 0.45078125 0.440625 0.01484375 0.0171875
0 0.43515625 0.44453125 0.015625 0.01796875
0 0.42578125 0.4328125 0.01328125 0.01484375
0 0.44296875 0.4265625 0.015625 0.015625
0 0.4375 0.41328125 0.015625 0.01640625
0 0.3875 0.41640625 0.01640625 0.015625
0 0.36875 0.421875 0.0140625 0.01484375
0 0.37265625 0.40625 0.01640625 0.01484375
0 0.35859375 0.4125 0.01328125 0.0140625
0 0.35390625 0.42734375 0.0140625 0.01484375
0 0.3421875 0.42109375 0.01484375 0.0140625
0 0.34609375 0.40703125 0.0140625 0.015625
0 0.37265625 0.39140625 0.01328125 0.01640625
0 0.35859375 0.3953125 0.015625 0.01640625
0 0.340625 0.390625 0.015625 0.015625
0 0.3328125 0.40625 0.01328125 0.01796875
0 0.32578125 0.384375 0.0140625 0.01484375
0 0.3703125 0.3765625 0.015625 0.015625
0 0.34921875 0.378125 0.01484375 0.015625
0 0.3359375 0.375 0.01484375 0.015625
0 0.4171875 0.3828125 0.01484375 0.015625
0 0.4234375 0.36796875 0.01484375 0.015625
0 0.37421875 0.36171875 0.01484375 0.01484375
0 0.35859375 0.35234375 0.0140625 0.01484375
0 0.33828125 0.36015625 0.015625 0.0140625
0 0.32421875 0.36328125 0.0140625 0.01484375
0 0.33515625 0.3421875 0.01328125 0.01640625
0 0.3234375 0.34765625 0.0140625 0.015625
0 0.32421875 0.3296875 0.0140625 0.01484375
0 0.35546875 0.33828125 0.01328125 0.01328125
0 0.3421875 0.32578125 0.01328125 0.01484375
0 0.3328125 0.31484375 0.01640625 0.01484375
0 0.3671875 0.33046875 0.0125 0.0140625
0 0.38125 0.334375 0.015625 0.0171875
0 0.3921875 0.31640625 0.01484375 0.015625
0 0.3734375 0.31328125 0.01484375 0.01484375
0 0.365625 0.2875 0.01328125 0.015625
0 0.3484375 0.290625 0.0140625 0.01484375
0 0.3859375 0.28046875 0.01484375 0.01640625
0 0.41875 0.33984375 0.0140625 0.01640625
0 0.40546875 0.3375 0.0140625 0.01640625
0 0.45625 0.33984375 0.015625 0.01796875
0 0.4890625 0.3734375 0.015625 0.01796875
0 0.50390625 0.3515625 0.0171875 0.01875
0 0.46484375 0.3046875 0.01640625 0.0171875
0 0.59921875 0.56015625 0.01875 0.01875
0 0.59375 0.540625 0.01640625 0.01875
0 0.58515625 0.5203125 0.0171875 0.01796875
0 0.55703125 0.55390625 0.0171875 0.01796875
0 0.55390625 0.53671875 0.0171875 0.01796875
0 0.575 0.49453125 0.01875 0.0203125
0 0.26484375 0.59765625 0.01640625 0.01640625
0 0.26640625 0.471875 0.01484375 0.01640625
0 0.24296875 0.49140625 0.01484375 0.01796875