0 0.84765625 0.21171875 0.0375 0.046875
0 0.81640625 0.228125 0.03125 0.040625
0 0.8296875 0.19296875 0.028125 0.04375
0 0.64453125 0.27578125 0.0375 0.0484375
0 0.65 0.82890625 0.0359375 0.0484375
0 0.740625 0.43203125 0.034375 0.046875
0 0.39296875 0.759375 0.046875 0.059375
0 0.78671875 0.53515625 0.028125 0.0375
0 0.68671875 0.3984375 0.0328125 0.04375
0 0.4109375 0.36640625 0.04375 0.05625
0 0.74140625 0.5 0.03125 0.040625
0 0.46484375 0.38828125 0.0453125 0.053125
0 0.3421875 0.43125 0.0484375 0.05625
0 0.72734375 0.64140625 0.0296875 0.040625
0 0.7171875 0.49140625 0.03125 0.040625
0 0.6765625 0.7359375 0.03125 0.04375
0 0.4953125 0.80546875 0.0421875 0.0515625
0 0.45234375 0.79921875 0.040625 0.0515625
0 0.52109375 0.44375 0.0390625 0.0484375
0 0.68046875 0.4515625 0.034375 0.0484375
0 0.6046875 0.8109375 0.0359375 0.046875
0 0.46484375 0.74375 0.0390625 0.0546875
0 0.71328125 0.59375 0.03125 0.040625
0 0.7046875 0.64453125 0.03125 0.0421875
0 0.69296875 0.6796875 0.03125 0.04375
0 0.38515625 0.5609375 0.04375 0.0546875
0 0.44296875 0.45078125 0.0421875 0.0515625
0 0.4859375 0.76953125 0.0390625 0.0546875
0 0.421875 0.41640625 0.0421875 0.0515625
0 0.37890625 0.4296875 0.0453125 0.05625
0 0.52578125 0.73203125 0.0390625 0.0515625
0 0.4484375 0.56484375 0.0421875 0.0515625
0 0.671875 0.7 0.03125 0.0421875
0 0.4765625 0.48828125 0.0390625 0.0484375
0 0.459375 0.61796875 0.0390625 0.0515625
0 0.57734375 0.809375 0.0359375 0.0484375
0 0.55 0.4421875 0.0390625 0.0484375
0 0.6953125 0.50625 0.03125 0.0421875
0 0.49453125 0.71328125 0.0390625 0.0515625
0 0.70546875 0.56328125 0.03125 0.0421875
0 0.446875 0.509375 0.0421875 0.0515625
0 0.478125 0.4390625 0.040625 0.0515625
0 0.6140625 0.765625 0.0359375 0.0484375
0 0.4078125 0.46328125 0.0421875 0.0546875
0 0.56640625 0.73203125 0.0359375 0.0484375
0 0.55546875 0.7765625 0.0390625 0.0515625
0 0.5046875 0.6578125 0.0375 0.0515625
0 0.68828125 0.62265625 0.03125 0.040625
0 0.41171875 0.52265625 0.04375 0.059375
0 0.675 0.49609375 0.03125 0.04375
0 0.6546875 0.46328125 0.0328125 0.0453125
0 0.4859375 0.52578125 0.0390625 0.0515625
0 0.5796875 0.4328125 0.034375 0.0453125
0 0.6 0.7296875 0.0359375 0.0484375
0 0.51640625 0.59921875 0.0359375 0.0484375
0 0.53359375 0.6109375 0.0375 0.0515625
0 0.5328125 0.68984375 0.0390625 0.05
0 0.4890625 0.60859375 0.0390625 0.0515625
0 0.58515625 0.76796875 0.0359375 0.0484375
0 0.68359375 0.5609375 0.03125 0.0421875
0 0.65234375 0.5015625 0.03125 0.04375
0 0.53203125 0.63515625 0.034375 0.0453125
0 0.67578125 0.59765625 0.028125 0.040625
0 0.49375 0.56484375 0.0390625 0.0515625
0 0.62890625 0.709375 0.0328125 0.046875
0 0.5140625 0.5125 0.0390625 0.05
0 0.58125 0.47109375 0.0359375 0.0484375
0 0.6296875 0.4640625 0.034375 0.046875
0 0.540625 0.51953125 0.0359375 0.0484375
0 0.52421875 0.55703125 0.0359375 0.0484375
0 0.67421875 0.65859375 0.03125 0.0453125
0 0.66484375 0.53203125 0.0328125 0.046875
0 0.609375 0.53125 0.03125 0.04375
0 0.6515625 0.6859375 0.03125 0.04375
0 0.55234375 0.5578125 0.0390625 0.0484375
0 0.56875 0.51796875 0.0375 0.0484375
0 0.625 0.67109375 0.03125 0.04375
0 0.59375 0.50390625 0.034375 0.0453125
0 0.62890625 0.50390625 0.034375 0.046875
0 0.60546875 0.60859375 0.034375 0.046875
0 0.56015625 0.69296875 0.0359375 0.05
0 0.66171875 0.56953125 0.03125 0.0421875
0 0.653125 0.64765625 0.03125 0.04375
0 0.6359375 0.54609375 0.0328125 0.0453125
0 0.584375 0.54375 0.0359375 0.0484375
0 0.6078125 0.6484375 0.0359375 0.0484375
0 0.55078125 0.59921875 0.0359375 0.0484375
0 0.653125 0.60859375 0.03125 0.0453125
0 0.57265625 0.61953125 0.0359375 0.0484375
0 0.59609375 0.6859375 0.0359375 0.0484375
0 0.58203125 0.65390625 0.0359375 0.0484375
0 0.5890625 0.58359375 0.0359375 0.0484375
0 0.62890625 0.59296875 0.0234375 0.0359375
0 0.6125 0.56796875 0.03125 0.040625
0 0.60625 0.45625 0.034375 0.0453125
0 0.55625 0.6546875 0.0359375 0.0484375
0 0.55703125 0.4828125 0.0359375 0.0484375
0 0.63125 0.63203125 0.03125 0.04375
0 0.63984375 0.5859375 0.028125 0.0375