0 0.52578125 0.47109375 0.0390625 0.0390625
0 0.44921875 0.3171875 0.040625 0.0390625
0 0.3796875 0.27734375 0.0390625 0.040625
0 0.425 0.47265625 0.040625 0.0421875
0 0.4 0.5078125 0.040625 0.0390625
0 0.4265625 0.5859375 0.0390625 0.0390625
0 0.446875 0.50234375 0.0390625 0.0390625
0 0.36640625 0.5546875 0.0375 0.0390625
0 0.30859375 0.5984375 0.040625 0.0390625
0 0.45234375 0.3609375 0.0390625 0.0390625
0 0.6046875 0.38125 0.0390625 0.040625
0 0.5046875 0.6390625 0.0390625 0.040625
0 0.465625 0.5734375 0.0390625 0.040625
0 0.30703125 0.64765625 0.040625 0.0390625
0 0.490625 0.49296875 0.0375 0.040625
0 0.63984375 0.45 0.040625 0.0390625
0 0.64140625 0.4875 0.0390625 0.0390625
0 0.6734375 0.34453125 0.040625 0.040625
0 0.503125 0.603125 0.040625 0.040625
0 0.5140625 0.52265625 0.0375 0.0390625
0 0.50390625 0.35859375 0.0375 0.0375
0 0.66328125 0.4171875 0.040625 0.040625
0 0.44140625 0.43359375 0.0390625 0.0390625
0 0.4046875 0.553125 0.0390625 0.040625
0 0.4671875 0.4625 0.0375 0.0390625
0 0.63515625 0.33671875 0.040625 0.040625
0 0.53359375 0.3890625 0.0375 0.0421875
0 0.53671875 0.584375 0.040625 0.040625
0 0.66953125 0.51328125 0.040625 0.0375
0 0.4515625 0.27734375 0.040625 0.040625
0 0.6765625 0.45859375 0.040625 0.0390625
0 0.41640625 0.34765625 0.0390625 0.040625
0 0.346875 0.29765625 0.0375 0.0375
0 0.53984375 0.62734375 0.040625 0.040625
0 0.5953125 0.3375 0.0390625 0.0421875
0 0.578125 0.528125 0.0390625 0.0375
0 0.44140625 0.54140625 0.0375 0.040625
0 0.43125 0.67421875 0.040625 0.040625
0 0.41953125 0.246875 0.0375 0.0390625
0 0.6453125 0.38046875 0.040625 0.040625
0 0.5453125 0.546875 0.040625 0.0390625
0 0.40078125 0.31328125 0.0390625 0.0390625
0 0.5765625 0.61171875 0.0421875 0.040625
0 0.5734375 0.57421875 0.0390625 0.040625
0 0.48125 0.40703125 0.0375 0.0375
0 0.3703125 0.34921875 0.0375 0.0375
0 0.27265625 0.56015625 0.040625 0.040625
0 0.625 0.4140625 0.040625 0.040625
0 0.61640625 0.51484375 0.040625 0.0375
0 0.58828125 0.43984375 0.0390625 0.0390625
0 0.7625 0.36171875 0.0421875 0.040625
0 0.68203125 0.3859375 0.040625 0.0390625
0 0.56875 0.40546875 0.040625 0.040625
0 0.7140625 0.4734375 0.040625 0.040625
0 0.64453125 0.5421875 0.040625 0.040625
0 0.5640625 0.46953125 0.040625 0.040625
0 0.4734375 0.69921875 0.0375 0.040625
0 0.4265625 0.628125 0.040625 0.040625
0 0.346875 0.5046875 0.0390625 0.040625
0 0.70859375 0.41953125 0.040625 0.0390625
0 0.37734375 0.46875 0.0375 0.0390625
0 0.34921875 0.63515625 0.0390625 0.040625
0 0.63984375 0.29765625 0.040625 0.040625
0 0.59921875 0.28671875 0.0375 0.0390625
0 0.478125 0.5328125 0.0375 0.040625
0 0.60703125 0.559375 0.040625 0.040625
0 0.7203125 0.27890625 0.0390625 0.040625
0 0.503125 0.5625 0.0390625 0.040625
0 0.44609375 0.19453125 0.040625 0.040625
0 0.471875 0.66171875 0.0375 0.040625
0 0.50078125 0.4421875 0.0375 0.0375
0 0.3671875 0.4234375 0.0375 0.040625
0 0.3234375 0.42578125 0.0390625 0.0375
0 0.5453125 0.4359375 0.0375 0.0375
0 0.39375 0.65859375 0.040625 0.0390625
0 0.3734375 0.69140625 0.0390625 0.040625
0 0.50546875 0.678125 0.0390625 0.040625
0 0.67578125 0.303125 0.040625 0.040625
0 0.6453125 0.57890625 0.046875 0.0421875
0 0.609375 0.59765625 0.040625 0.0390625
0 0.34375 0.67265625 0.0421875 0.040625
0 0.809375 0.3703125 0.040625 0.040625
0 0.25859375 0.61171875 0.040625 0.0421875
0 0.40390625 0.43046875 0.0390625 0.0390625
0 0.5546875 0.66484375 0.040625 0.040625
0 0.74453125 0.31796875 0.0390625 0.0390625
0 0.621875 0.240625 0.0390625 0.040625
0 0.3375 0.46875 0.0375 0.040625
0 0.28984375 0.509375 0.0390625 0.0390625
0 0.71640625 0.24296875 0.0375 0.0375
0 0.496875 0.73515625 0.0390625 0.040625
0 0.69609375 0.20390625 0.0375 0.040625
0 0.346875 0.3921875 0.0375 0.0390625
0 0.4359375 0.39375 0.0390625 0.040625
0 0.38984375 0.3859375 0.0390625 0.0390625
0 0.30703125 0.7453125 0.0390625 0.040625
0 0.54921875 0.50234375 0.040625 0.040625
0 0.3484375 0.5953125 0.0390625 0.0375
0 0.5078125 0.27578125 0.040625 0.0390625
0 0.22578125 0.7421875 0.040625 0.040625
0 0.24765625 0.78828125 0.040625 0.040625
0 0.55859375 0.3578125 0.0375 0.0375
0 0.67890625 0.11796875 0.0390625 0.040625
0 0.31484375 0.53671875 0.0390625 0.040625
0 0.73515625 0.171875 0.040625 0.040625
0 0.26640625 0.8734375 0.040625 0.04375
0 0.54453125 0.18359375 0.0390625 0.0390625
0 0.603125 0.17734375 0.0390625 0.040625
0 0.6953125 0.16015625 0.0375 0.0390625
0 0.7921875 0.221875 0.0375 0.0390625
0 0.37109375 0.746875 0.04375 0.040625
0 0.18671875 0.90078125 0.0390625 0.0421875
0 0.409375 0.70859375 0.0390625 0.0390625
0 0.57734375 0.7765625 0.040625 0.040625
0 0.44921875 0.76640625 0.0390625 0.040625
0 0.753125 0.2078125 0.040625 0.040625
0 0.2953125 0.453125 0.0421875 0.040625
0 0.290625 0.81328125 0.0390625 0.040625
0 0.67890625 0.59296875 0.040625 0.040625
0 0.465625 0.8046875 0.040625 0.040625
0 0.39453125 0.80703125 0.040625 0.040625
0 0.778125 0.3984375 0.040625 0.040625
0 0.35703125 0.7875 0.040625 0.040625
0 0.4421875 0.72578125 0.0390625 0.040625
0 0.51484375 0.15234375 0.0390625 0.040625
0 0.68203125 0.259375 0.040625 0.040625
0 0.58984375 0.68984375 0.0390625 0.040625
0 0.30390625 0.38515625 0.040625 0.0390625
0 0.56953125 0.23203125 0.0390625 0.0390625
0 0.603125 0.64140625 0.040625 0.040625
0 0.2515625 0.7078125 0.0390625 0.040625
0 0.5375 0.71875 0.040625 0.040625
0 0.2953125 0.70234375 0.0390625 0.040625
0 0.6875 0.54453125 0.0421875 0.040625
0 0.653125 0.18203125 0.04375 0.040625
0 0.7609375 0.46484375 0.040625 0.040625
0 0.3390625 0.721875 0.0375 0.040625
0 0.46796875 0.6171875 0.040625 0.040625
0 0.4015625 0.76640625 0.040625 0.040625
0 0.3203125 0.784375 0.0375 0.0390625
0 0.33046875 0.3515625 0.0390625 0.0390625
0 0.55859375 0.1 0.0375 0.0390625
0 0.66328125 0.221875 0.040625 0.040625
0 0.81328125 0.08828125 0.0390625 0.040625
0 0.7625 0.25 0.0375 0.040625
0 0.8015625 0.27890625 0.040625 0.04375
0 0.6640625 0.65078125 0.040625 0.040625
0 0.8296875 0.23671875 0.0375 0.040625
0 0.74921875 0.4265625 0.04375 0.040625
0 0.78046875 0.32578125 0.040625 0.040625
0 0.25546875 0.83515625 0.040625 0.040625
0 0.109375 0.77421875 0.040625 0.0390625
0 0.25 0.66953125 0.040625 0.040625
0 0.709375 0.6171875 0.040625 0.040625
0 0.3859375 0.61640625 0.040625 0.04375
0 0.62265625 0.1390625 0.04375 0.0390625
0 0.553125 0.28046875 0.0390625 0.04375
0 0.3265625 0.82265625 0.0390625 0.040625
0 0.79921875 0.18046875 0.0390625 0.040625
0 0.74609375 0.52109375 0.040625 0.040625
0 0.73515625 0.109375 0.040625 0.04375
0 0.5296875 0.7640625 0.040625 0.04375
0 0.603125 0.47734375 0.040625 0.040625
0 0.64140625 0.61796875 0.040625 0.040625
0 0.821875 0.32421875 0.040625 0.040625
0 0.16015625 0.67734375 0.0421875 0.0453125
0 0.62734375 0.67421875 0.0421875 0.0453125
0 0.3015625 0.853125 0.040625 0.0421875
0 0.7125 0.3484375 0.040625 0.04375
0 0.2109375 0.67421875 0.0421875 0.040625
0 0.84140625 0.1296875 0.040625 0.040625
0 0.84765625 0.290625 0.0390625 0.04375
0 0.02265625 0.73984375 0.0390625 0.0484375
0 0.7703125 0.14453125 0.040625 0.0421875
0 0.2390625 0.534375 0.040625 0.0421875
0 0.79765625 0.43046875 0.0421875 0.0421875
0 0.1921875 0.9625 0.04375 0.04375
0 0.73125 0.3875 0.046875 0.0421875
0 0.7078125 0.5140625 0.040625 0.040625
0 0.878125 0.15390625 0.0421875 0.046875
0 0.36484375 0.8375 0.0421875 0.046875
0 0.725 0.55625 0.040625 0.040625