0 0.68984375 0.6921875 0.01875 0.0203125
0 0.678125 0.665625 0.0171875 0.0203125
0 0.62265625 0.675 0.0171875 0.0203125
0 0.6234375 0.65859375 0.0171875 0.0171875
0 0.5796875 0.671875 0.0171875 0.01875
0 0.60859375 0.65625 0.0140625 0.0171875
0 0.6109375 0.63984375 0.0171875 0.0171875
0 0.58359375 0.65390625 0.0203125 0.01875
0 0.59453125 0.63828125 0.0171875 0.0171875
0 0.56015625 0.65625 0.0171875 0.0171875
0 0.565625 0.64140625 0.0171875 0.0171875
0 0.54921875 0.64140625 0.0171875 0.0171875
0 0.575 0.62421875 0.0171875 0.0171875
0 0.478125 0.6765625 0.015625 0.0171875
0 0.5609375 0.62265625 0.0171875 0.0171875
0 0.49296875 0.62578125 0.015625 0.0171875
0 0.42421875 0.63828125 0.0140625 0.0171875
0 0.428125 0.584375 0.0140625 0.0171875
0 0.40546875 0.58984375 0.0140625 0.015625
0 0.41484375 0.58046875 0.0140625 0.0171875
0 0.41953125 0.565625 0.0140625 0.0171875
0 0.43046875 0.55234375 0.0140625 0.015625
0 0.43046875 0.52890625 0.0140625 0.0171875
0 0.42734375 0.51171875 0.0140625 0.015625
0 0.4125 0.5171875 0.0125 0.0140625
0 0.415625 0.50234375 0.0140625 0.015625
0 0.40390625 0.509375 0.0140625 0.0140625
0 0.4953125 0.53671875 0.0171875 0.0171875
0 0.54921875 0.5578125 0.0171875 0.0171875
0 0.6015625 0.60625 0.0171875 0.0171875
0 0.59375 0.590625 0.015625 0.01875
0 0.58671875 0.53203125 0.01875 0.0171875
0 0.49375 0.48984375 0.0140625 0.0171875
0 0.48046875 0.48984375 0.0140625 0.0171875
0 0.46953125 0.4890625 0.0140625 0.0171875
0 0.45234375 0.4921875 0.0140625 0.015625
0 0.45390625 0.478125 0.0140625 0.0140625
0 0.465625 0.4765625 0.0140625 0.0140625
0 0.459375 0.4671875 0.0140625 0.015625
0 0.434375 0.4734375 0.015625 0.0171875
0 0.4484375 0.46328125 0.0140625 0.015625
0 0.43671875 0.45703125 0.0125 0.0171875
0 0.4515625 0.4484375 0.0140625 0.0140625
0 0.4625 0.4546875 0.0140625 0.015625
0 0.47421875 0.46015625 0.0140625 0.0140625
0 0.48046875 0.4765625 0.0140625 0.0140625
0 0.48125 0.46796875 0.0140625 0.0140625
0 0.49296875 0.47578125 0.0140625 0.0140625
0 0.503125 0.4671875 0.0140625 0.0140625
0 0.5125 0.47734375 0.0140625 0.0171875
0 0.5296875 0.47890625 0.0140625 0.0171875
0 0.54296875 0.47890625 0.0140625 0.0171875
0 0.58359375 0.46953125 0.0140625 0.01875
0 0.52421875 0.46796875 0.0140625 0.015625
0 0.51328125 0.4609375 0.0140625 0.015625
0 0.50546875 0.44921875 0.0140625 0.0140625
0 0.49453125 0.46015625 0.0140625 0.015625
0 0.521875 0.44296875 0.0140625 0.015625
0 0.48359375 0.45234375 0.0140625 0.015625
0 0.49609375 0.44375 0.0140625 0.015625
0 0.48359375 0.4390625 0.0140625 0.0171875
0 0.465625 0.43984375 0.0140625 0.015625
0 0.39453125 0.57109375 0.015625 0.0171875
0 0.35390625 0.6 0.0140625 0.0171875
0 0.33515625 0.59765625 0.0140625 0.015625
0 0.34296875 0.58125 0.0140625 0.015625
0 0.33515625 0.56015625 0.0140625 0.0140625
0 0.35 0.546875 0.0140625 0.015625
0 0.3625 0.52734375 0.0140625 0.0171875
0 0.453125 0.428125 0.0140625 0.015625
0 0.45546875 0.4125 0.0140625 0.0140625
0 0.44453125 0.41640625 0.0140625 0.0140625
0 0.43828125 0.40546875 0.0140625 0.0171875
0 0.4546875 0.396875 0.0140625 0.0140625
0 0.46953125 0.39765625 0.0140625 0.015625
0 0.48359375 0.39453125 0.0140625 0.0140625
0 0.49609375 0.396875 0.0140625 0.0140625
0 0.5046875 0.3875 0.0140625 0.0140625
0 0.45703125 0.38203125 0.0140625 0.0140625
0 0.48125 0.38046875 0.0140625 0.015625
0 0.4453125 0.38984375 0.0140625 0.015625
0 0.48828125 0.3734375 0.0140625 0.015625
0 0.50078125 0.3734375 0.0140625 0.0140625
0 0.51171875 0.37734375 0.0140625 0.0140625
0 0.52265625 0.3828125 0.0140625 0.0140625
0 0.52890625 0.3984375 0.0140625 0.0171875
0 0.53671875 0.3859375 0.0140625 0.0140625
0 0.55078125 0.38359375 0.0140625 0.015625
0 0.575 0.39453125 0.0140625 0.015625
0 0.57421875 0.4203125 0.015625 0.0171875
0 0.59921875 0.39140625 0.015625 0.0171875
0 0.58046875 0.3796875 0.0140625 0.0171875
0 0.6109375 0.37265625 0.0171875 0.01875
0 0.63984375 0.3796875 0.0171875 0.0171875
0 0.67265625 0.409375 0.0171875 0.0171875
0 0.68046875 0.4578125 0.0171875 0.0171875
0 0.6578125 0.49140625 0.0171875 0.01875
0 0.7078125 0.484375 0.0171875 0.0203125
0 0.7125 0.45859375 0.0171875 0.0203125
0 0.7390625 0.4828125 0.0171875 0.0203125
0 0.74609375 0.44921875 0.01875 0.0203125
0 0.5328125 0.3734375 0.0140625 0.0140625
0 0.53671875 0.36015625 0.0140625 0.0140625
0 0.52109375 0.3671875 0.0140625 0.0140625
0 0.5234375 0.353125 0.0140625 0.015625
0 0.509375 0.3625 0.0125 0.0140625
0 0.50859375 0.34921875 0.0140625 0.0140625
0 0.49765625 0.3546875 0.0140625 0.0140625
0 0.48515625 0.36171875 0.0140625 0.015625
0 0.4859375 0.3484375 0.0140625 0.0140625
0 0.4765625 0.340625 0.0140625 0.0171875
0 0.5015625 0.3359375 0.0140625 0.0171875
0 0.51484375 0.33828125 0.0140625 0.0140625
0 0.53203125 0.34453125 0.0140625 0.0171875
0 0.54765625 0.35078125 0.0140625 0.0171875
0 0.5609375 0.34765625 0.0140625 0.0171875
0 0.54765625 0.33515625 0.015625 0.0140625
0 0.53046875 0.3328125 0.0140625 0.015625
0 0.53046875 0.31953125 0.0140625 0.0171875
0 0.5453125 0.3171875 0.015625 0.015625
0 0.5421875 0.303125 0.015625 0.015625
0 0.51953125 0.32421875 0.0140625 0.0140625
0 0.5078125 0.3203125 0.0140625 0.0171875
0 0.51640625 0.30625 0.0140625 0.015625
0 0.4984375 0.30859375 0.015625 0.0140625
0 0.48125 0.30625 0.0140625 0.0140625
0 0.4640625 0.30703125 0.0140625 0.015625
0 0.45234375 0.30390625 0.0140625 0.0140625
0 0.43984375 0.3015625 0.0140625 0.0171875
0 0.50234375 0.278125 0.0140625 0.0171875
0 0.51796875 0.27265625 0.015625 0.0171875
0 0.53359375 0.27109375 0.0171875 0.0140625
0 0.5515625 0.2765625 0.0140625 0.0171875
0 0.5359375 0.2578125 0.0171875 0.0171875
0 0.540625 0.2421875 0.0171875 0.0171875
0 0.53046875 0.234375 0.0171875 0.0171875
0 0.490625 0.25390625 0.0171875 0.0171875
0 0.42578125 0.27109375 0.015625 0.0140625
0 0.43984375 0.26171875 0.0140625 0.015625
0 0.453125 0.26328125 0.0171875 0.0140625
0 0.45625 0.24921875 0.0140625 0.0140625
0 0.45859375 0.2359375 0.0140625 0.0140625
0 0.43515625 0.22734375 0.0171875 0.0171875
0 0.44375 0.21328125 0.015625 0.0171875