0 0.2109375 0.73359375 0.015625 0.0359375
0 0.2015625 0.6984375 0.021875 0.0328125
0 0.18046875 0.7234375 0.0203125 0.034375
0 0.22578125 0.665625 0.01875 0.0328125
0 0.22265625 0.7296875 0.021875 0.034375
0 0.275 0.646875 0.021875 0.0375
0 0.290625 0.675 0.0234375 0.034375
0 0.28359375 0.71015625 0.025 0.0375
0 0.25625 0.7609375 0.025 0.0359375
0 0.25 0.7953125 0.0234375 0.0328125
0 0.3109375 0.65546875 0.025 0.040625
0 0.32734375 0.69453125 0.025 0.0375
0 0.3109375 0.7140625 0.01875 0.028125
0 0.31875 0.7390625 0.0265625 0.03125
0 0.3609375 0.6984375 0.0265625 0.0375
0 0.40546875 0.69453125 0.025 0.040625
0 0.390625 0.72421875 0.025 0.0375
0 0.40234375 0.7578125 0.0265625 0.040625
0 0.36953125 0.76171875 0.028125 0.0375
0 0.3 0.83984375 0.025 0.0390625
0 0.3015625 0.87578125 0.0234375 0.0390625
0 0.359375 0.90078125 0.03125 0.0421875
0 0.2 0.59296875 0.01875 0.028125
0 0.215625 0.61640625 0.0203125 0.0359375
0 0.19453125 0.56171875 0.01875 0.028125
0 0.21328125 0.56484375 0.01875 0.03125
0 0.20234375 0.52734375 0.021875 0.028125
0 0.22109375 0.53671875 0.01875 0.0328125
0 0.21171875 0.503125 0.0171875 0.03125
0 0.22890625 0.51328125 0.01875 0.028125
0 0.2 0.47578125 0.01875 0.034375
0 0.22109375 0.4765625 0.01875 0.028125
0 0.21328125 0.41796875 0.01875 0.034375
0 0.2296875 0.4453125 0.01875 0.034375
0 0.2390625 0.48125 0.0203125 0.034375
0 0.23203125 0.40234375 0.01875 0.0328125
0 0.24296875 0.43125 0.01875 0.03125
0 0.25546875 0.45703125 0.01875 0.034375
0 0.26640625 0.4859375 0.01875 0.034375
0 0.259375 0.4171875 0.01875 0.028125
0 0.27421875 0.4390625 0.01875 0.0375
0 0.28046875 0.5078125 0.021875 0.0375
0 0.25 0.38828125 0.01875 0.0359375
0 0.25390625 0.265625 0.021875 0.0375
0 0.3265625 0.5734375 0.025 0.040625
0 0.2875 0.46953125 0.021875 0.0375
0 0.30625 0.49296875 0.0234375 0.0375
0 0.26640625 0.38125 0.01875 0.040625
0 0.28359375 0.39609375 0.0234375 0.040625
0 0.2953125 0.428125 0.025 0.0375
0 0.275 0.3359375 0.01875 0.034375
0 0.29296875 0.35078125 0.021875 0.04375
0 0.30546875 0.38125 0.0234375 0.034375
0 0.3171875 0.41328125 0.025 0.040625
0 0.321875 0.459375 0.0234375 0.046875
0 0.30703125 0.32109375 0.01875 0.0328125
0 0.2859375 0.3 0.0234375 0.0375
0 0.3296875 0.3109375 0.01875 0.034375
0 0.34609375 0.33671875 0.0203125 0.0375
0 0.453125 0.59921875 0.028125 0.0421875
0 0.44609375 0.63828125 0.028125 0.040625
0 0.45625 0.678125 0.034375 0.040625
0 0.3296875 0.35234375 0.021875 0.04375
0 0.3484375 0.2875 0.025 0.0375
0 0.36875 0.32109375 0.021875 0.04375
0 0.38984375 0.3359375 0.025 0.040625
0 0.415625 0.35625 0.025 0.03125
0 0.396875 0.29296875 0.0296875 0.046875
0 0.42421875 0.3015625 0.0265625 0.034375
0 0.41953125 0.33046875 0.025 0.040625
0 0.42578125 0.38828125 0.0265625 0.040625
0 0.4265625 0.4296875 0.028125 0.040625
0 0.42890625 0.4734375 0.028125 0.04375
0 0.3859375 0.49453125 0.028125 0.0421875
0 0.46953125 0.48828125 0.0328125 0.046875
0 0.446875 0.35859375 0.0265625 0.04375
0 0.4578125 0.42265625 0.028125 0.04375
0 0.3046875 0.13203125 0.0296875 0.0453125
0 0.290625 0.1828125 0.025 0.040625
0 0.36640625 0.146875 0.025 0.040625
0 0.3546875 0.1765625 0.025 0.04375
0 0.471875 0.32421875 0.0265625 0.040625
0 0.484375 0.2609375 0.03125 0.04375
0 0.51171875 0.28515625 0.0328125 0.05
0 0.4671875 0.10546875 0.0328125 0.05
0 0.4984375 0.15390625 0.0375 0.0484375
0 0.5390625 0.221875 0.0328125 0.05
0 0.54140625 0.26953125 0.0359375 0.046875
0 0.609375 0.26015625 0.0390625 0.05
0 0.62421875 0.353125 0.0375 0.053125
0 0.55 0.5328125 0.034375 0.05
0 0.55546875 0.63359375 0.0375 0.046875
0 0.4796875 0.60859375 0.025 0.04375
0 0.49765625 0.64609375 0.0328125 0.046875
0 0.46875 0.76640625 0.0328125 0.0484375
0 0.53515625 0.821875 0.0296875 0.0453125
0 0.53671875 0.76015625 0.0375 0.0484375
0 0.55234375 0.81328125 0.0328125 0.05
0 0.6046875 0.70625 0.0390625 0.0515625