0 0.6109375 0.53359375 0.0703125 0.0703125
0 0.5671875 0.590625 0.0625 0.0703125
0 0.51796875 0.60390625 0.0609375 0.065625
0 0.5328125 0.546875 0.0625 0.0625
0 0.54140625 0.49140625 0.0625 0.0625
0 0.5390625 0.4328125 0.0609375 0.06875
0 0.5609375 0.31328125 0.0671875 0.0671875
0 0.53359375 0.36796875 0.0609375 0.065625
0 0.48359375 0.34921875 0.0609375 0.065625
0 0.3640625 0.20625 0.0578125 0.0625
0 0.3875 0.278125 0.0546875 0.0640625
0 0.3453125 0.253125 0.0546875 0.0609375
0 0.43125 0.3171875 0.0609375 0.065625
0 0.4765625 0.42734375 0.0609375 0.06875
0 0.4453125 0.37265625 0.0578125 0.0609375
0 0.4890625 0.4859375 0.05625 0.0609375
0 0.4515625 0.521875 0.059375 0.05625
0 0.4453125 0.46953125 0.053125 0.05625
0 0.4265625 0.42421875 0.053125 0.059375
0 0.40078125 0.38359375 0.053125 0.0578125
0 0.38125 0.3375 0.0546875 0.0625
0 0.34375 0.31484375 0.0546875 0.0640625
0 0.31484375 0.28984375 0.046875 0.053125
0 0.30703125 0.3421875 0.05625 0.059375
0 0.3453125 0.36796875 0.0515625 0.053125
0 0.36328125 0.40859375 0.053125 0.0546875
0 0.3890625 0.45 0.059375 0.0625
0 0.40859375 0.4953125 0.05625 0.059375
0 0.41875 0.5515625 0.05625 0.05625
0 0.47265625 0.575 0.059375 0.059375
0 0.5078125 0.6625 0.059375 0.059375
0 0.47109375 0.628125 0.0625 0.0609375
0 0.48046875 0.70390625 0.059375 0.0625
0 0.425 0.71171875 0.0640625 0.0640625
0 0.4453125 0.66484375 0.05625 0.0609375
0 0.403125 0.6453125 0.0546875 0.0578125
0 0.42421875 0.60078125 0.053125 0.0546875
0 0.38203125 0.58203125 0.05625 0.059375
0 0.37734375 0.53046875 0.053125 0.0546875
0 0.33359375 0.52734375 0.053125 0.05625
0 0.3578125 0.48515625 0.053125 0.0578125
0 0.33828125 0.5765625 0.053125 0.0578125
0 0.36015625 0.625 0.053125 0.0578125
0 0.37421875 0.69296875 0.0578125 0.0640625
0 0.325 0.721875 0.05625 0.059375
0 0.33046875 0.6703125 0.053125 0.0578125
0 0.31484375 0.62109375 0.053125 0.0546875
0 0.2875 0.6640625 0.05 0.0515625
0 0.27578125 0.71171875 0.05 0.05625
0 0.23515625 0.6921875 0.05 0.059375
0 0.27109375 0.62265625 0.0515625 0.053125
0 0.290625 0.5796875 0.053125 0.0546875
0 0.29453125 0.52578125 0.0484375 0.053125
0 0.3140625 0.48125 0.0515625 0.0515625
0 0.33203125 0.43671875 0.05 0.0546875
0 0.30234375 0.38984375 0.053125 0.0515625
0 0.290625 0.440625 0.05 0.0578125
0 0.26796875 0.49140625 0.05 0.0546875
0 0.25859375 0.5375 0.0484375 0.0515625
0 0.24921875 0.58359375 0.0453125 0.053125
0 0.2359375 0.64140625 0.05 0.0546875
0 0.2 0.628125 0.046875 0.053125
0 0.15703125 0.62421875 0.04375 0.053125
0 0.1765625 0.58671875 0.0421875 0.046875
0 0.21171875 0.584375 0.05 0.0546875
0 0.2140625 0.5390625 0.05 0.05
0 0.2296875 0.4984375 0.0484375 0.0484375
0 0.24609375 0.45625 0.0484375 0.0515625
0 0.25625 0.409375 0.05 0.0578125
0 0.26484375 0.35234375 0.046875 0.053125
0 0.2734375 0.29375 0.0515625 0.0546875
0 0.22890625 0.37265625 0.046875 0.0515625
0 0.2359375 0.32265625 0.046875 0.0546875
0 0.2203125 0.41796875 0.046875 0.053125
0 0.2078125 0.4625 0.046875 0.0515625
0 0.1921875 0.503125 0.0421875 0.046875
0 0.1765625 0.54296875 0.0453125 0.05
0 0.15390625 0.5078125 0.0453125 0.05
0 0.17109375 0.46640625 0.0453125 0.0515625
0 0.18515625 0.425 0.04375 0.053125
0 0.19375 0.37734375 0.0453125 0.0515625
0 0.2015625 0.33046875 0.0484375 0.05625
0 0.165625 0.3515625 0.0484375 0.0515625
0 0.15703125 0.4 0.046875 0.053125
0 0.14140625 0.44375 0.046875 0.053125
0 0.12109375 0.4859375 0.0484375 0.0515625
0 0.13671875 0.565625 0.046875 0.0515625
0 0.11015625 0.5296875 0.0484375 0.05625
0 0.0703125 0.55546875 0.046875 0.0515625
0 0.03984375 0.525 0.046875 0.0546875
0 0.0765625 0.4953125 0.05 0.05625
0 0.08671875 0.4484375 0.0421875 0.0515625
0 0.09296875 0.403125 0.0453125 0.05
0 0.12578125 0.384375 0.040625 0.05
0 0.14765625 0.29140625 0.0515625 0.053125
0 0.09765625 0.31328125 0.05 0.0546875
0 0.034375 0.3953125 0.04375 0.053125