0 0.33671875 0.3296875 0.03203125 0.03203125
0 0.2640625 0.3734375 0.034375 0.0359375
0 0.3640625 0.346875 0.0328125 0.0296875
0 0.54609375 0.4671875 0.03125 0.03125
0 0.61328125 0.4609375 0.03203125 0.0265625
0 0.63046875 0.48828125 0.028125 0.034375
0 0.65078125 0.459375 0.02890625 0.02890625
0 0.553125 0.53203125 0.0296875 0.03125
0 0.30546875 0.5265625 0.03203125 0.03125
0 0.2890625 0.56015625 0.028125 0.03125
0 0.30703125 0.58046875 0.02734375 0.028125
0 0.33671875 0.57890625 0.02890625 0.03125
0 0.35703125 0.60078125 0.02890625 0.03203125
0 0.36953125 0.55625 0.02734375 0.03125
0 0.4265625 0.54453125 0.028125 0.03125
0 0.4484375 0.56875 0.03125 0.02890625
0 0.13828125 0.5484375 0.0328125 0.03203125
0 0.12109375 0.57578125 0.0359375 0.03046875
0 0.13671875 0.6203125 0.03359375 0.0328125
0 0.27734375 0.62578125 0.03515625 0.03125
0 0.2625 0.66015625 0.03671875 0.034375
0 0.3875 0.60390625 0.0328125 0.0328125
0 0.38359375 0.67578125 0.034375 0.0328125
0 0.4921875 0.5984375 0.03125 0.0328125
0 0.49765625 0.5703125 0.03125 0.03046875
0 0.5390625 0.621875 0.03203125 0.03125
0 0.55703125 0.6484375 0.03515625 0.03359375
0 0.61796875 0.61640625 0.0328125 0.03359375
0 0.6421875 0.640625 0.03359375 0.0328125
0 0.68984375 0.60625 0.034375 0.0328125
0 0.678125 0.64140625 0.034375 0.03359375
0 0.690625 0.6640625 0.03203125 0.03203125
0 0.61953125 0.72578125 0.03203125 0.0359375
0 0.54140625 0.7546875 0.03359375 0.03359375
0 0.61796875 0.76171875 0.034375 0.03828125
0 0.65546875 0.7546875 0.03359375 0.034375
0 0.69140625 0.74375 0.0296875 0.0328125
0 0.734375 0.73984375 0.028125 0.0296875
0 0.71796875 0.69921875 0.02890625 0.03125
0 0.73203125 0.66640625 0.028125 0.02734375
0 0.715625 0.62421875 0.02734375 0.03046875
0 0.7625 0.8046875 0.03046875 0.03125
0 0.771875 0.709375 0.03125 0.03203125
0 0.76484375 0.66640625 0.02734375 0.0296875
0 0.790625 0.653125 0.0328125 0.02890625
0 0.75625 0.63671875 0.0296875 0.028125
0 0.746875 0.603125 0.03046875 0.03203125
0 0.71015625 0.5734375 0.03046875 0.02890625
0 0.69765625 0.546875 0.03203125 0.028125
0 0.72734375 0.53984375 0.03046875 0.028125
0 0.74765625 0.5640625 0.028125 0.02734375
0 0.77734375 0.57265625 0.0296875 0.0328125
0 0.75703125 0.5296875 0.028125 0.02890625
0 0.7921875 0.5265625 0.02734375 0.028125
0 0.81015625 0.58359375 0.028125 0.03046875
0 0.84375 0.55390625 0.0296875 0.02734375
0 0.8921875 0.5296875 0.03046875 0.028125
0 0.91953125 0.54375 0.03046875 0.03046875
0 0.92265625 0.51328125 0.02890625 0.028125
0 0.94921875 0.52578125 0.028125 0.03046875
0 0.684375 0.51171875 0.0265625 0.02734375