0 0.6125 0.46953125 0.0328125 0.02578125
0 0.67578125 0.41953125 0.03515625 0.025
0 0.6953125 0.46171875 0.0359375 0.02734375
0 0.7109375 0.3640625 0.03984375 0.0265625
0 0.72734375 0.33671875 0.03671875 0.0296875
0 0.6734375 0.38984375 0.03671875 0.028125
0 0.64140625 0.43828125 0.0375 0.0296875
0 0.63828125 0.39765625 0.034375 0.02734375
0 0.60078125 0.44453125 0.03984375 0.02578125
0 0.6015625 0.41015625 0.0359375 0.02734375
0 0.559375 0.45390625 0.03828125 0.03046875
0 0.5765625 0.390625 0.0359375 0.02734375
0 0.634375 0.35703125 0.03984375 0.02890625
0 0.71484375 0.30234375 0.0359375 0.028125
0 0.66328125 0.29921875 0.03515625 0.02890625
0 0.6875 0.2734375 0.0359375 0.02578125
0 0.68203125 0.23359375 0.03828125 0.02734375
0 0.61015625 0.30234375 0.0375 0.02734375
0 0.59921875 0.27578125 0.03359375 0.028125
0 0.64140625 0.25390625 0.0359375 0.0296875
0 0.56640625 0.26015625 0.034375 0.02734375
0 0.54140625 0.28359375 0.03515625 0.02578125
0 0.56875 0.3046875 0.034375 0.02734375
0 0.50390625 0.30078125 0.03125 0.02578125
0 0.53515625 0.31328125 0.0328125 0.025
0 0.48125 0.34921875 0.034375 0.0234375
0 0.50859375 0.33515625 0.03515625 0.025
0 0.46875 0.37421875 0.03515625 0.02578125
0 0.4375 0.36328125 0.034375 0.025
0 0.44453125 0.3375 0.03671875 0.02578125
0 0.47421875 0.3234375 0.0359375 0.0265625
0 0.4671875 0.2859375 0.0359375 0.028125
0 0.41484375 0.3140625 0.03828125 0.02890625
0 0.4 0.340625 0.03671875 0.0234375
0 0.4 0.36796875 0.0359375 0.0265625
0 0.39375 0.39453125 0.03359375 0.02578125
0 0.4265625 0.3875 0.03046875 0.025
0 0.4796875 0.42109375 0.0328125 0.02734375
0 0.41484375 0.415625 0.034375 0.02734375
0 0.44609375 0.43125 0.034375 0.0265625
0 0.453125 0.40234375 0.02890625 0.02421875
0 0.48828125 0.3953125 0.03046875 0.0234375
0 0.51796875 0.4078125 0.03515625 0.02734375
0 0.503125 0.43828125 0.0328125 0.02734375
0 0.41484375 0.44296875 0.03203125 0.02578125
0 0.36796875 0.41328125 0.0359375 0.02890625
0 0.38046875 0.43671875 0.03671875 0.02421875
0 0.3859375 0.4734375 0.034375 0.02734375
0 0.3375 0.4296875 0.0359375 0.02578125
0 0.35234375 0.45703125 0.0359375 0.02578125
0 0.33984375 0.4859375 0.03515625 0.02890625
0 0.2484375 0.39453125 0.0421875 0.028125
0 0.2296875 0.4390625 0.03828125 0.02734375
0 0.30625 0.50390625 0.0375 0.03125
0 0.3796875 0.52421875 0.03828125 0.02578125
0 0.39453125 0.55546875 0.03671875 0.02890625
0 0.4046875 0.49921875 0.0375 0.02578125
0 0.421875 0.4703125 0.0375 0.02734375
0 0.46328125 0.46015625 0.03828125 0.028125
0 0.525 0.46796875 0.0390625 0.02890625
0 0.57265625 0.4796875 0.03515625 0.0265625
0 0.62421875 0.496875 0.040625 0.02890625
0 0.56640625 0.5328125 0.0390625 0.0296875
0 0.60390625 0.5328125 0.0359375 0.02734375
0 0.52421875 0.54609375 0.0359375 0.02578125
0 0.5640625 0.5625 0.03671875 0.028125
0 0.47578125 0.5453125 0.03671875 0.02890625
0 0.50703125 0.57578125 0.0375 0.0265625
0 0.53984375 0.58203125 0.0359375 0.02734375
0 0.57734375 0.59296875 0.0375 0.0296875
0 0.53359375 0.6125 0.0359375 0.03125
0 0.446875 0.5890625 0.03671875 0.02734375
0 0.48671875 0.5984375 0.0375 0.028125
0 0.3671875 0.59375 0.0375 0.02890625
0 0.41171875 0.59140625 0.03984375 0.02890625
0 0.33359375 0.57265625 0.0390625 0.02734375
0 0.3390625 0.6203125 0.03984375 0.03046875
0 0.38125 0.628125 0.040625 0.028125
0 0.43671875 0.615625 0.0375 0.028125
0 0.49609375 0.6265625 0.0359375 0.02890625
0 0.0671875 0.5 0.04140625 0.0296875
0 0.109375 0.5375 0.04140625 0.028125
0 0.11796875 0.57109375 0.04140625 0.028125
0 0.54609375 0.69375 0.03671875 0.0328125
0 0.6046875 0.65703125 0.0453125 0.03125
0 0.6671875 0.75 0.04453125 0.03359375
0 0.5015625 0.69140625 0.0328125 0.03046875
0 0.346875 0.659375 0.03828125 0.03125
0 0.4046875 0.67578125 0.03984375 0.03125
0 0.26953125 0.67265625 0.0359375 0.03359375
0 0.3078125 0.67578125 0.03984375 0.03203125
0 0.26484375 0.63515625 0.04140625 0.03515625
0 0.25078125 0.70546875 0.03828125 0.0296875
0 0.15625 0.65625 0.0421875 0.034375
0 0.2 0.6875 0.0390625 0.0328125
0 0.2484375 0.73828125 0.040625 0.0328125
0 0.31171875 0.7140625 0.0421875 0.03203125
0 0.25625 0.78203125 0.03984375 0.03359375
0 0.30078125 0.8109375 0.04609375 0.0328125