0 0.45234375 0.54296875 0.01953125 0.015625
0 0.459375 0.53203125 0.01796875 0.01484375
0 0.4140625 0.50859375 0.0171875 0.015625
0 0.38359375 0.50078125 0.01796875 0.01484375
0 0.50625 0.525 0.01953125 0.01640625
0 0.47890625 0.51171875 0.0171875 0.0171875
0 0.48203125 0.49375 0.01796875 0.015625
0 0.4921875 0.4765625 0.01875 0.0171875
0 0.4546875 0.465625 0.01796875 0.01640625
0 0.484375 0.4546875 0.01875 0.015625
0 0.478125 0.43125 0.0171875 0.01484375
0 0.46328125 0.4359375 0.0171875 0.01640625
0 0.45 0.42734375 0.0171875 0.01484375
0 0.43984375 0.41796875 0.0171875 0.0140625
0 0.41953125 0.42890625 0.01953125 0.0140625
0 0.4234375 0.41484375 0.0171875 0.01484375
0 0.25 0.47734375 0.0203125 0.01640625
0 0.3640625 0.44609375 0.0171875 0.01328125
0 0.3609375 0.4328125 0.0171875 0.0140625
0 0.34140625 0.4296875 0.01796875 0.01484375
0 0.3328125 0.41796875 0.0171875 0.0125
0 0.31796875 0.41171875 0.0171875 0.01484375
0 0.36328125 0.41875 0.0171875 0.0140625
0 0.3515625 0.40703125 0.0171875 0.01484375
0 0.334375 0.4046875 0.01640625 0.01328125
0 0.32734375 0.39140625 0.0171875 0.01484375
0 0.3421875 0.39453125 0.015625 0.01328125
0 0.35546875 0.3875 0.0171875 0.0140625
0 0.3484375 0.37578125 0.01875 0.01328125
0 0.38125 0.415625 0.01640625 0.01484375
0 0.36796875 0.40546875 0.015625 0.0140625
0 0.39765625 0.4078125 0.01640625 0.01484375
0 0.3828125 0.4 0.015625 0.01328125
0 0.39921875 0.3921875 0.01640625 0.0140625
0 0.4046875 0.37734375 0.01796875 0.01328125
0 0.4140625 0.40078125 0.015625 0.015625
0 0.43359375 0.40625 0.0171875 0.01328125
0 0.42578125 0.39140625 0.0171875 0.01328125
0 0.465625 0.4015625 0.01796875 0.01328125
0 0.44375 0.390625 0.01640625 0.01484375
0 0.46484375 0.3890625 0.0171875 0.0125
0 0.4609375 0.3765625 0.01796875 0.0140625
0 0.48125 0.38984375 0.0171875 0.0140625
0 0.4859375 0.403125 0.0171875 0.0140625
0 0.5140625 0.43984375 0.01796875 0.015625
0 0.5375 0.45078125 0.0171875 0.01640625
0 0.54140625 0.46875 0.01796875 0.01796875
0 0.58203125 0.4890625 0.0171875 0.0171875
0 0.5953125 0.47265625 0.01875 0.01640625
0 0.61640625 0.39609375 0.01953125 0.01796875
0 0.621875 0.37421875 0.01640625 0.01640625
0 0.5421875 0.39296875 0.0171875 0.015625
0 0.56796875 0.375 0.01796875 0.0140625
0 0.575 0.36171875 0.01640625 0.0140625
0 0.5921875 0.34765625 0.015625 0.01484375
0 0.565625 0.3328125 0.01640625 0.01484375
0 0.6015625 0.33203125 0.01640625 0.01484375
0 0.61640625 0.32734375 0.015625 0.0140625
0 0.50234375 0.32890625 0.01640625 0.0140625
0 0.48671875 0.33359375 0.01484375 0.01328125
0 0.490625 0.3203125 0.01640625 0.0125
0 0.47109375 0.315625 0.01640625 0.0125
0 0.4625 0.3265625 0.01640625 0.0140625
0 0.45625 0.31171875 0.01640625 0.01328125
0 0.446875 0.31875 0.015625 0.01328125
0 0.44140625 0.33046875 0.0171875 0.0140625
0 0.26953125 0.39765625 0.0171875 0.01640625
0 0.2640625 0.384375 0.01796875 0.01328125
0 0.2484375 0.38828125 0.0171875 0.0140625
0 0.2296875 0.3875 0.01875 0.015625
0 0.2140625 0.3703125 0.0171875 0.0140625
0 0.20390625 0.3609375 0.01875 0.0140625
0 0.23515625 0.35703125 0.0171875 0.0140625
0 0.26171875 0.3671875 0.0171875 0.01328125
0 0.2234375 0.3375 0.01796875 0.01484375
0 0.28828125 0.38046875 0.01640625 0.0140625
0 0.28671875 0.36640625 0.01640625 0.0140625
0 0.30703125 0.37109375 0.01796875 0.0140625
0 0.29453125 0.353125 0.01875 0.0140625
0 0.3109375 0.3578125 0.01796875 0.0125
0 0.3359375 0.35625 0.01640625 0.015625
0 0.3234375 0.346875 0.0171875 0.01328125
0 0.2921875 0.32890625 0.0171875 0.0140625
0 0.25625 0.31953125 0.0203125 0.015625
0 0.3078125 0.31875 0.01796875 0.0140625
0 0.28515625 0.30625 0.0171875 0.01484375
0 0.309375 0.29375 0.0171875 0.01328125
0 0.3109375 0.2765625 0.01640625 0.01328125
0 0.32890625 0.2796875 0.01640625 0.01328125
0 0.3796875 0.32421875 0.0171875 0.0140625
0 0.37109375 0.31328125 0.015625 0.01328125
0 0.35 0.27421875 0.01640625 0.0125
0 0.34921875 0.2609375 0.01640625 0.01328125
0 0.3421875 0.23671875 0.01640625 0.01328125
0 0.309375 0.246875 0.01796875 0.01484375
0 0.38203125 0.26875 0.015625 0.0140625
0 0.36875 0.24921875 0.0171875 0.01328125
0 0.3296875 0.21953125 0.015625 0.01328125
0 0.3875 0.25390625 0.015625 0.0140625
0 0.3734375 0.22421875 0.01640625 0.0140625
0 0.35703125 0.2 0.015625 0.0125
0 0.34140625 0.18359375 0.0171875 0.0109375
0 0.33203125 0.19140625 0.015625 0.01171875
0 0.31953125 0.17734375 0.015625 0.0125
0 0.47265625 0.28359375 0.0171875 0.01328125
0 0.4453125 0.28359375 0.015625 0.01171875
0 0.43046875 0.27890625 0.01484375 0.01328125
0 0.42734375 0.2953125 0.01640625 0.01328125
0 0.48828125 0.29921875 0.01484375 0.01328125
0 0.5203125 0.3046875 0.01875 0.015625
0 0.42109375 0.2625 0.01640625 0.01328125
0 0.546875 0.2796875 0.015625 0.01328125
0 0.58828125 0.2890625 0.01484375 0.01328125
0 0.59296875 0.275 0.015625 0.01328125
0 0.56484375 0.2625 0.01484375 0.0109375
0 0.58046875 0.25546875 0.0140625 0.01328125
0 0.56640625 0.2515625 0.01484375 0.01171875
0 0.56875 0.23984375 0.015625 0.01171875
0 0.5546875 0.234375 0.015625 0.0109375
0 0.54921875 0.2453125 0.01484375 0.01328125
0 0.5015625 0.23125 0.015625 0.0125
0 0.484375 0.2375 0.015625 0.01171875
0 0.48046875 0.25078125 0.0140625 0.0125
0 0.45859375 0.24921875 0.0140625 0.01328125
0 0.46640625 0.240625 0.0140625 0.0125
0 0.45703125 0.2328125 0.0140625 0.01171875
0 0.4703125 0.2234375 0.01484375 0.01171875
0 0.45625 0.221875 0.0140625 0.0109375
0 0.4421875 0.22890625 0.0140625 0.0125
0 0.44296875 0.21796875 0.01484375 0.0109375
0 0.440625 0.20625 0.015625 0.01171875
0 0.459375 0.19375 0.01484375 0.0125
0 0.43125 0.19375 0.01484375 0.01171875
0 0.43203125 0.240625 0.01640625 0.0125
0 0.41796875 0.209375 0.015625 0.01328125
0 0.40703125 0.1921875 0.0140625 0.0109375
0 0.39296875 0.1984375 0.01640625 0.01171875
0 0.415625 0.184375 0.01796875 0.0125
0 0.43828125 0.178125 0.01484375 0.01171875
0 0.4421875 0.16328125 0.0140625 0.0125
0 0.4265625 0.1625 0.01484375 0.01171875
0 0.38515625 0.18203125 0.015625 0.01171875
0 0.3734375 0.190625 0.01484375 0.01171875
0 0.36875 0.17578125 0.015625 0.01328125