0 0.6796875 0.21015625 0.028125 0.0265625
0 0.71875 0.2203125 0.028125 0.0265625
0 0.5890625 0.25546875 0.0265625 0.028125
0 0.62265625 0.25234375 0.0296875 0.0296875
0 0.56953125 0.1703125 0.0265625 0.0296875
0 0.55078125 0.1984375 0.0265625 0.028125
0 0.44765625 0.1484375 0.0265625 0.025
0 0.4640625 0.16328125 0.0265625 0.0265625
0 0.47578125 0.18203125 0.025 0.0234375
0 0.48828125 0.20078125 0.0265625 0.0265625
0 0.45390625 0.184375 0.025 0.0265625
0 0.48515625 0.221875 0.0234375 0.025
0 0.51015625 0.21171875 0.0265625 0.025
0 0.47109375 0.234375 0.0265625 0.028125
0 0.48984375 0.25078125 0.0296875 0.0265625
0 0.4515625 0.24375 0.0265625 0.0265625
0 0.47109375 0.26484375 0.025 0.028125
0 0.29140625 0.09296875 0.0296875 0.025
0 0.30546875 0.109375 0.025 0.0234375
0 0.3359375 0.13671875 0.0234375 0.025
0 0.31875 0.12578125 0.025 0.0234375
0 0.34765625 0.15703125 0.028125 0.0265625
0 0.27578125 0.1515625 0.028125 0.025
0 0.2921875 0.1796875 0.0265625 0.0265625
0 0.39140625 0.2703125 0.025 0.028125
0 0.428125 0.28046875 0.0265625 0.028125
0 0.37578125 0.28671875 0.0234375 0.0265625
0 0.4234375 0.3 0.0296875 0.0265625
0 0.46015625 0.30078125 0.03125 0.0328125
0 0.57265625 0.29296875 0.028125 0.028125
0 0.55 0.30546875 0.025 0.025
0 0.49609375 0.30390625 0.025 0.0296875
0 0.55859375 0.32734375 0.0265625 0.025
0 0.51796875 0.309375 0.0234375 0.025
0 0.5359375 0.3234375 0.0265625 0.025
0 0.5609375 0.3515625 0.025 0.028125
0 0.35703125 0.296875 0.0296875 0.0265625
0 0.4453125 0.33125 0.0296875 0.025
0 0.496875 0.32578125 0.0265625 0.025
0 0.5125 0.33828125 0.0265625 0.0265625
0 0.52734375 0.3546875 0.0265625 0.0265625
0 0.5453125 0.36484375 0.0265625 0.0296875
0 0.56796875 0.3828125 0.0265625 0.028125
0 0.4921875 0.36875 0.0265625 0.0265625
0 0.5375 0.38515625 0.0296875 0.028125
0 0.55859375 0.40625 0.028125 0.03125
0 0.4953125 0.45390625 0.0265625 0.0265625
0 0.5578125 0.43984375 0.0265625 0.0296875
0 0.5828125 0.4203125 0.0265625 0.0296875
0 0.6015625 0.40234375 0.0265625 0.0265625
0 0.228125 0.29765625 0.028125 0.0296875
0 0.2515625 0.28671875 0.0265625 0.0296875
0 0.12890625 0.3015625 0.0296875 0.0265625
0 0.15078125 0.31484375 0.0265625 0.0265625
0 0.12890625 0.33671875 0.0265625 0.0265625
0 0.08671875 0.36640625 0.03125 0.03125
0 0.0640625 0.40859375 0.028125 0.025
0 0.06328125 0.4234375 0.0265625 0.021875
0 0.14296875 0.4 0.025 0.0265625
0 0.1640625 0.40390625 0.028125 0.0296875
0 0.209375 0.42265625 0.0296875 0.028125
0 0.190625 0.39921875 0.0296875 0.03125
0 0.178125 0.453125 0.03125 0.03125
0 0.22734375 0.4453125 0.0296875 0.0265625
0 0.41640625 0.4046875 0.0265625 0.0296875
0 0.45 0.48671875 0.0265625 0.0296875
0 0.13125 0.5140625 0.028125 0.0296875
0 0.15234375 0.5296875 0.028125 0.0265625
0 0.42578125 0.5203125 0.0296875 0.0265625
0 0.328125 0.5046875 0.025 0.0265625
0 0.35703125 0.5125 0.0296875 0.0296875
0 0.28359375 0.46875 0.0296875 0.0265625
0 0.33359375 0.5265625 0.0234375 0.025
0 0.36484375 0.5328125 0.0265625 0.028125
0 0.29453125 0.49921875 0.0265625 0.0265625
0 0.309375 0.51796875 0.0265625 0.0265625
0 0.34296875 0.54296875 0.0265625 0.0265625
0 0.36640625 0.55546875 0.0265625 0.0265625
0 0.39375 0.54921875 0.0296875 0.0265625
0 0.29375 0.53125 0.0265625 0.0265625
0 0.30859375 0.54765625 0.028125 0.0265625
0 0.3828125 0.57109375 0.028125 0.0265625
0 0.28671875 0.5546875 0.025 0.0265625
0 0.37578125 0.59375 0.0296875 0.0296875
0 0.290625 0.57578125 0.028125 0.0265625
0 0.34609375 0.6078125 0.0265625 0.0296875
0 0.26484375 0.58515625 0.028125 0.0328125
0 0.2828125 0.59921875 0.028125 0.0296875
0 0.2953125 0.6171875 0.025 0.0265625
0 0.32734375 0.63203125 0.028125 0.03125
0 0.26953125 0.6203125 0.0265625 0.0265625
0 0.30625 0.63984375 0.028125 0.0328125
0 0.3234375 0.5921875 0.025 0.0234375
0 0.2828125 0.6390625 0.0265625 0.0265625
0 0.31640625 0.609375 0.0234375 0.025
0 0.29296875 0.6625 0.028125 0.0296875
0 0.553125 0.571875 0.028125 0.0328125
0 0.58046875 0.559375 0.0296875 0.028125
0 0.59765625 0.575 0.0265625 0.0265625
0 0.53203125 0.5875 0.028125 0.0265625
0 0.57421875 0.58359375 0.028125 0.03125
0 0.60625 0.59609375 0.0265625 0.0265625
0 0.43828125 0.60625 0.028125 0.0296875
0 0.4578125 0.59140625 0.028125 0.0328125
0 0.3859375 0.6203125 0.0265625 0.0296875
0 0.4609375 0.62890625 0.028125 0.03125
0 0.3890625 0.640625 0.0296875 0.0265625
0 0.40859375 0.6265625 0.028125 0.0328125
0 0.43828125 0.628125 0.0296875 0.0265625
0 0.45546875 0.6515625 0.0265625 0.03125
0 0.49453125 0.640625 0.03125 0.0328125
0 0.434375 0.65078125 0.0296875 0.0296875
0 0.4796875 0.6765625 0.0296875 0.0296875
0 0.48984375 0.7078125 0.0265625 0.0296875
0 0.41875 0.678125 0.0296875 0.0296875
0 0.4953125 0.734375 0.0328125 0.03125
0 0.5734375 0.6953125 0.028125 0.0328125
0 0.6328125 0.32734375 0.028125 0.0265625
0 0.65546875 0.33828125 0.0265625 0.025
0 0.61484375 0.4203125 0.0265625 0.028125
0 0.6359375 0.34921875 0.025 0.0234375
0 0.65546875 0.36015625 0.025 0.025
0 0.6765625 0.36953125 0.028125 0.0265625
0 0.690625 0.34609375 0.0328125 0.0296875
0 0.71796875 0.34453125 0.0265625 0.0296875
0 0.7390625 0.3390625 0.0265625 0.0296875
0 0.7421875 0.3078125 0.0265625 0.028125
0 0.76328125 0.34453125 0.0265625 0.0296875
0 0.66875 0.38828125 0.0265625 0.0265625
0 0.6796875 0.40546875 0.0265625 0.0296875
0 0.76875 0.36796875 0.0265625 0.0265625
0 0.80078125 0.3625 0.0296875 0.0265625
0 0.81875 0.3734375 0.0234375 0.025
0 0.83359375 0.39296875 0.0265625 0.0296875
0 0.84609375 0.371875 0.0265625 0.0296875
0 0.82734375 0.32890625 0.0296875 0.03125
0 0.89609375 0.3140625 0.0265625 0.025
0 0.83984375 0.3453125 0.0265625 0.0265625
0 0.85390625 0.32734375 0.025 0.0296875
0 0.8765625 0.32734375 0.025 0.028125
0 0.8984375 0.33828125 0.028125 0.0296875
0 0.91796875 0.31875 0.0296875 0.028125
0 0.89609375 0.45234375 0.028125 0.0296875
0 0.66328125 0.45625 0.0265625 0.028125
0 0.890625 0.4765625 0.0296875 0.0265625
0 0.64921875 0.48828125 0.0265625 0.0296875
0 0.88359375 0.49609375 0.028125 0.0296875
0 0.7546875 0.4703125 0.0265625 0.0296875
0 0.90625 0.49375 0.0296875 0.0296875
0 0.7765625 0.44140625 0.028125 0.0296875
0 0.90390625 0.51796875 0.0265625 0.0265625
0 0.85 0.4453125 0.028125 0.0296875
0 0.88046875 0.52109375 0.025 0.0296875
0 0.89765625 0.540625 0.0296875 0.0296875
0 0.80234375 0.56796875 0.028125 0.0296875
0 0.9015625 0.57890625 0.0328125 0.0328125
0 0.78046875 0.590625 0.0296875 0.028125
0 0.925 0.57578125 0.0296875 0.0328125
0 0.790625 0.60859375 0.028125 0.0265625
0 0.940625 0.5953125 0.028125 0.0296875
0 0.80546875 0.6296875 0.03125 0.0328125
0 0.70546875 0.6078125 0.03125 0.028125
0 0.72109375 0.6265625 0.025 0.0296875
0 0.8125 0.675 0.028125 0.0328125
0 0.84296875 0.69453125 0.034375 0.0328125
0 0.70234375 0.67578125 0.028125 0.03125
0 0.67890625 0.671875 0.028125 0.0265625
0 0.690625 0.6953125 0.0265625 0.0296875
0 0.77734375 0.71875 0.0359375 0.0375
0 0.66875 0.703125 0.0265625 0.0265625
0 0.68359375 0.7234375 0.0296875 0.0296875
0 0.7703125 0.759375 0.03125 0.03125
0 0.81015625 0.7984375 0.0328125 0.0375
0 0.6625 0.73203125 0.0296875 0.028125
0 0.59765625 0.740625 0.0296875 0.0265625
0 0.625 0.75703125 0.03125 0.0328125
0 0.58125 0.821875 0.03125 0.034375
0 0.5140625 0.771875 0.028125 0.0296875
0 0.53984375 0.78125 0.028125 0.03125
0 0.56640625 0.85234375 0.03125 0.0359375
0 0.14140625 0.65234375 0.0296875 0.0265625
0 0.3125 0.67734375 0.0296875 0.028125
0 0.15 0.6734375 0.028125 0.0265625
0 0.1390625 0.62890625 0.0296875 0.0296875
0 0.15078125 0.69921875 0.028125 0.028125
0 0.08125 0.70703125 0.0328125 0.034375
0 0.11796875 0.778125 0.03125 0.0328125
0 0.26484375 0.73984375 0.0265625 0.0296875
0 0.27578125 0.78203125 0.028125 0.028125
0 0.36484375 0.7640625 0.03125 0.0328125
0 0.3421875 0.86796875 0.028125 0.0296875
0 0.4171875 0.846875 0.0296875 0.0359375
0 0.4921875 0.88359375 0.0296875 0.0296875
0 0.3671875 0.890625 0.028125 0.0328125
0 0.428125 0.91015625 0.028125 0.03125
0 0.490625 0.92578125 0.0328125 0.034375
0 0.6640625 0.19609375 0.0265625 0.0265625