0 0.53359375 0.51328125 0.0125 0.0125
0 0.55703125 0.51328125 0.0125 0.0125
0 0.4953125 0.51796875 0.0140625 0.0140625
0 0.52421875 0.46015625 0.0125 0.0125
0 0.459375 0.49453125 0.0140625 0.0140625
0 0.52421875 0.49609375 0.0140625 0.0140625
0 0.55703125 0.5 0.015625 0.0140625
0 0.5078125 0.50390625 0.0140625 0.0140625
0 0.51953125 0.5390625 0.0140625 0.0140625
0 0.5359375 0.50234375 0.0125 0.0125
0 0.5046875 0.546875 0.015625 0.0140625
0 0.509375 0.52109375 0.0140625 0.0140625
0 0.53671875 0.48828125 0.0125 0.0125
0 0.5140625 0.584375 0.015625 0.0140625
0 0.5828125 0.43203125 0.0125 0.0109375
0 0.56875 0.4578125 0.0125 0.0125
0 0.490625 0.59609375 0.015625 0.0140625
0 0.5484375 0.415625 0.0125 0.0125
0 0.45234375 0.5046875 0.0140625 0.0140625
0 0.4796875 0.484375 0.0140625 0.0140625
0 0.5078125 0.53125 0.0140625 0.0140625
0 0.54609375 0.53046875 0.0140625 0.0140625
0 0.56796875 0.6484375 0.0171875 0.015625
0 0.49375 0.4421875 0.0125 0.0125
0 0.5265625 0.409375 0.0125 0.0125
0 0.575 0.55078125 0.015625 0.0140625
0 0.57109375 0.528125 0.0140625 0.0140625
0 0.534375 0.53828125 0.0140625 0.0140625
0 0.53828125 0.4328125 0.0125 0.0125
0 0.56328125 0.39765625 0.0125 0.0125
0 0.57578125 0.503125 0.0125 0.0125
0 0.484375 0.6546875 0.015625 0.0140625
0 0.5578125 0.56953125 0.015625 0.0140625
0 0.540625 0.63203125 0.0171875 0.015625
0 0.57109375 0.40625 0.0125 0.0109375
0 0.58046875 0.48828125 0.0125 0.0125
0 0.49453125 0.48984375 0.0125 0.0125
0 0.56875 0.41796875 0.0125 0.0109375
0 0.5375 0.4515625 0.0140625 0.0140625
0 0.4640625 0.48359375 0.0140625 0.0140625
0 0.48046875 0.5328125 0.0140625 0.0140625
0 0.5828125 0.41796875 0.0125 0.0109375
0 0.5390625 0.4046875 0.0125 0.0125
0 0.49140625 0.41796875 0.0125 0.0109375
0 0.55859375 0.47734375 0.0125 0.0125
0 0.5734375 0.590625 0.015625 0.0140625
0 0.534375 0.42421875 0.0140625 0.0140625
0 0.51796875 0.68125 0.0171875 0.0171875
0 0.4875 0.43515625 0.0125 0.0109375
0 0.51953125 0.47734375 0.0140625 0.0140625
0 0.57578125 0.44609375 0.0140625 0.0140625
0 0.4875 0.6390625 0.015625 0.0171875
0 0.48046875 0.625 0.015625 0.0140625
0 0.56875 0.5609375 0.0140625 0.0140625
0 0.559375 0.43046875 0.0125 0.0125
0 0.5515625 0.490625 0.0140625 0.0140625
0 0.56328125 0.48828125 0.0125 0.0125
0 0.5328125 0.3953125 0.0125 0.0109375
0 0.553125 0.58125 0.015625 0.0140625
0 0.55 0.4078125 0.0125 0.0109375
0 0.5390625 0.4765625 0.0125 0.0125
0 0.51484375 0.4 0.0125 0.0109375
0 0.53828125 0.6796875 0.0171875 0.0171875
0 0.50234375 0.4140625 0.0125 0.0109375
0 0.52265625 0.6234375 0.0171875 0.0140625
0 0.57421875 0.63515625 0.015625 0.0140625
0 0.49765625 0.5859375 0.0140625 0.0140625
0 0.515625 0.69609375 0.0171875 0.015625
0 0.5515625 0.4421875 0.0125 0.0125
0 0.58046875 0.39765625 0.0125 0.0109375
0 0.58515625 0.54453125 0.0140625 0.0140625
0 0.55234375 0.65390625 0.0171875 0.0140625
0 0.565625 0.6703125 0.015625 0.015625
0 0.5703125 0.62265625 0.015625 0.0140625
0 0.5265625 0.56328125 0.0140625 0.0140625
0 0.5703125 0.603125 0.015625 0.0140625
0 0.525 0.66875 0.0171875 0.015625
0 0.47109375 0.4734375 0.0140625 0.0140625
0 0.5515625 0.55 0.0140625 0.0140625
0 0.54296875 0.46171875 0.0140625 0.0140625
0 0.553125 0.67734375 0.015625 0.015625
0 0.57265625 0.69765625 0.0171875 0.0171875
0 0.47421875 0.66796875 0.0171875 0.0171875
0 0.3703125 0.5578125 0.0171875 0.0140625
0 0.55546875 0.5921875 0.015625 0.0140625
0 0.4875 0.47578125 0.0140625 0.0140625
0 0.5359375 0.61796875 0.015625 0.0140625
0 0.56953125 0.38984375 0.0125 0.0109375
0 0.571875 0.4265625 0.0140625 0.0140625
0 0.58359375 0.58125 0.0140625 0.0140625
0 0.53046875 0.69453125 0.0171875 0.015625
0 0.54140625 0.6453125 0.0171875 0.0171875
0 0.33515625 0.56328125 0.0171875 0.0140625
0 0.53984375 0.5703125 0.015625 0.0140625
0 0.515625 0.63515625 0.0171875 0.0140625
0 0.5578125 0.6171875 0.0171875 0.0140625
0 0.55703125 0.4625 0.0171875 0.0140625
0 0.5484375 0.56171875 0.0171875 0.0140625
0 0.51953125 0.71171875 0.0171875 0.0171875
0 0.51796875 0.57265625 0.015625 0.0140625
0 0.51171875 0.64921875 0.0171875 0.0171875
0 0.34296875 0.5484375 0.015625 0.0140625
0 0.3671875 0.56875 0.015625 0.0140625
0 0.55546875 0.6421875 0.015625 0.0140625
0 0.53515625 0.5546875 0.0140625 0.0140625
0 0.5375 0.5921875 0.015625 0.0140625
0 0.57890625 0.6140625 0.015625 0.0140625
0 0.409375 0.5203125 0.0125 0.0125
0 0.52421875 0.6109375 0.015625 0.0140625
0 0.5453125 0.6640625 0.0171875 0.015625
0 0.4875 0.6875 0.0171875 0.0171875
0 0.53828125 0.37890625 0.0125 0.0109375
0 0.45703125 0.4234375 0.0125 0.0109375
0 0.55859375 0.63046875 0.015625 0.0140625
0 0.56015625 0.690625 0.015625 0.0140625
0 0.5453125 0.69453125 0.0171875 0.0171875
0 0.5515625 0.70859375 0.0171875 0.015625
0 0.525 0.5984375 0.015625 0.015625
0 0.42734375 0.44609375 0.0125 0.0109375
0 0.4765625 0.46484375 0.0140625 0.0140625
0 0.54921875 0.47109375 0.0140625 0.0125
0 0.5546875 0.378125 0.0125 0.0109375
0 0.53359375 0.7078125 0.0171875 0.0171875
0 0.4015625 0.5078125 0.0140625 0.0140625
0 0.35390625 0.53046875 0.015625 0.0140625
0 0.51875 0.37890625 0.0125 0.0109375
0 0.415625 0.43515625 0.0125 0.0109375
0 0.3296875 0.57578125 0.0140625 0.0140625
0 0.44765625 0.403125 0.0125 0.0109375
0 0.5828125 0.40859375 0.0125 0.0109375
0 0.5375 0.440625 0.0125 0.0109375
0 0.65546875 0.48125 0.0125 0.0125
0 0.6859375 0.4921875 0.0140625 0.0140625
0 0.5390625 0.740625 0.0171875 0.0171875
0 0.5375 0.75859375 0.0171875 0.01875
0 0.671875 0.57578125 0.0171875 0.0140625
0 0.496875 0.61328125 0.0140625 0.0140625
0 0.38671875 0.653125 0.0171875 0.0171875
0 0.5484375 0.41640625 0.0125 0.0109375
0 0.56484375 0.44765625 0.0125 0.0125
0 0.5703125 0.4375 0.0125 0.0125
0 0.55234375 0.453125 0.0125 0.0109375
0 0.53828125 0.58125 0.015625 0.0140625
0 0.5375 0.60546875 0.0140625 0.0140625
0 0.55078125 0.603125 0.0140625 0.0140625