0 0.73046875 0.290625 0.0265625 0.0296875
0 0.65625 0.26015625 0.0234375 0.0234375
0 0.63125 0.23671875 0.0203125 0.0203125
0 0.63671875 0.25625 0.021875 0.021875
0 0.61015625 0.2515625 0.0234375 0.0234375
0 0.6234375 0.2703125 0.0234375 0.0234375
0 0.59296875 0.25859375 0.0234375 0.0234375
0 0.55 0.19140625 0.0234375 0.0234375
0 0.55625 0.21015625 0.0234375 0.0234375
0 0.57421875 0.2421875 0.025 0.025
0 0.56328125 0.2609375 0.0234375 0.0234375
0 0.57890625 0.2703125 0.0234375 0.0234375
0 0.5640625 0.28046875 0.021875 0.021875
0 0.51328125 0.28515625 0.0234375 0.0265625
0 0.503125 0.26796875 0.0234375 0.0234375
0 0.49609375 0.28515625 0.0234375 0.0234375
0 0.475 0.253125 0.0234375 0.0234375
0 0.48515625 0.228125 0.0234375 0.0234375
0 0.46015625 0.23046875 0.0234375 0.0234375
0 0.45 0.24453125 0.0234375 0.0234375
0 0.45546875 0.26328125 0.0234375 0.0234375
0 0.46484375 0.28203125 0.0203125 0.0203125
0 0.4796875 0.29296875 0.0203125 0.021875
0 0.6 0.42421875 0.0234375 0.0265625
0 0.56953125 0.41953125 0.025 0.025
0 0.56640625 0.44453125 0.0234375 0.0234375
0 0.58359375 0.44609375 0.0234375 0.0234375
0 0.553125 0.45546875 0.0234375 0.0234375
0 0.5640625 0.4734375 0.021875 0.021875
0 0.58203125 0.465625 0.021875 0.021875
0 0.6078125 0.465625 0.0234375 0.0234375
0 0.5875 0.48125 0.0234375 0.0234375
0 0.58984375 0.5 0.0234375 0.0234375
0 0.596875 0.52265625 0.0234375 0.0234375
0 0.5796875 0.290625 0.0234375 0.0234375
0 0.54375 0.2796875 0.0234375 0.0234375
0 0.52734375 0.296875 0.0234375 0.0234375
0 0.5453125 0.29609375 0.0234375 0.0234375
0 0.54609375 0.315625 0.0234375 0.025
0 0.56171875 0.3046875 0.025 0.025
0 0.52734375 0.31796875 0.0234375 0.025
0 0.5328125 0.36328125 0.0265625 0.025
0 0.525 0.33984375 0.0234375 0.025
0 0.5625 0.3484375 0.0234375 0.025
0 0.5453125 0.340625 0.0265625 0.0265625
0 0.56484375 0.3296875 0.0234375 0.0234375
0 0.62109375 0.31953125 0.0234375 0.0234375
0 0.609375 0.3859375 0.025 0.0234375
0 0.5828125 0.37734375 0.025 0.025
0 0.6015625 0.33984375 0.0234375 0.0265625
0 0.60703125 0.365625 0.021875 0.021875
0 0.62421875 0.3765625 0.0234375 0.025
0 0.61875 0.35 0.0234375 0.0234375
0 0.6359375 0.3609375 0.0234375 0.0234375
0 0.6796875 0.328125 0.0265625 0.0234375
0 0.67421875 0.35078125 0.0234375 0.0234375
0 0.71796875 0.3203125 0.0234375 0.0234375
0 0.7 0.33671875 0.0265625 0.0265625
0 0.71640625 0.36328125 0.025 0.0234375
0 0.66875 0.38515625 0.0234375 0.025
0 0.684375 0.3984375 0.0234375 0.025
0 0.7078125 0.38125 0.025 0.0234375
0 0.7109375 0.40703125 0.025 0.0234375
0 0.7375 0.3765625 0.0234375 0.0234375
0 0.77734375 0.3359375 0.0265625 0.0234375
0 0.775 0.35546875 0.0234375 0.0234375
0 0.8171875 0.3875 0.025 0.025
0 0.871875 0.40390625 0.025 0.0265625
0 0.834375 0.40625 0.025 0.0234375
0 0.84140625 0.42421875 0.0234375 0.025
0 0.7890625 0.37421875 0.021875 0.0203125
0 0.796875 0.3921875 0.0234375 0.0234375
0 0.77265625 0.3765625 0.021875 0.0203125
0 0.7671875 0.39453125 0.0234375 0.025
0 0.7828125 0.40390625 0.021875 0.021875
0 0.79765625 0.41640625 0.0234375 0.0234375
0 0.81484375 0.415625 0.021875 0.021875
0 0.82421875 0.4296875 0.0234375 0.0234375
0 0.83828125 0.44453125 0.0265625 0.0234375
0 0.83671875 0.47421875 0.0296875 0.025
0 0.83515625 0.49453125 0.025 0.0234375
0 0.85 0.5234375 0.025 0.0265625
0 0.85625 0.5453125 0.0265625 0.0265625
0 0.79375 0.478125 0.0265625 0.025
0 0.815625 0.48359375 0.0234375 0.025
0 0.82734375 0.459375 0.0265625 0.0234375
0 0.790625 0.45703125 0.025 0.025
0 0.77109375 0.41953125 0.025 0.0265625
0 0.78671875 0.43046875 0.0265625 0.0234375
0 0.75234375 0.415625 0.025 0.0265625
0 0.76953125 0.43984375 0.0234375 0.021875
0 0.75 0.45546875 0.025 0.0234375
0 0.76953125 0.45703125 0.0234375 0.0234375
0 0.7703125 0.47421875 0.021875 0.021875
0 0.7953125 0.503125 0.025 0.0265625
0 0.76796875 0.49296875 0.0234375 0.025
0 0.76796875 0.5125 0.0234375 0.0203125
0 0.778125 0.534375 0.0265625 0.025
0 0.7765625 0.559375 0.0265625 0.0234375
0 0.7359375 0.53125 0.0234375 0.0234375
0 0.75078125 0.54765625 0.025 0.0265625
0 0.71953125 0.521875 0.0265625 0.0265625
0 0.73203125 0.54921875 0.0265625 0.0234375
0 0.72578125 0.5671875 0.0234375 0.0234375
0 0.74453125 0.5703125 0.021875 0.021875
0 0.74609375 0.58828125 0.0234375 0.0234375
0 0.7265625 0.58515625 0.0234375 0.0234375
0 0.73125 0.603125 0.0234375 0.0234375
0 0.7484375 0.6109375 0.0234375 0.0234375
0 0.7265625 0.6203125 0.021875 0.021875
0 0.74296875 0.63125 0.025 0.025
0 0.77890625 0.61484375 0.025 0.025
0 0.77890625 0.634375 0.0265625 0.0234375
0 0.79609375 0.64375 0.025 0.025
0 0.7921875 0.66328125 0.0234375 0.0234375
0 0.765625 0.65625 0.025 0.025
0 0.77890625 0.67265625 0.0234375 0.0234375
0 0.7578125 0.68125 0.025 0.0265625
0 0.778125 0.6984375 0.0265625 0.025
0 0.79765625 0.7 0.0296875 0.028125
0 0.78359375 0.71875 0.0265625 0.0234375
0 0.7125 0.4296875 0.021875 0.0203125
0 0.6984375 0.43984375 0.0234375 0.0234375
0 0.7046875 0.459375 0.0234375 0.0265625
0 0.65234375 0.45078125 0.0265625 0.0234375
0 0.665625 0.46328125 0.0234375 0.0234375
0 0.65234375 0.47421875 0.021875 0.0203125
0 0.65 0.49296875 0.0234375 0.0234375
0 0.6578125 0.51171875 0.0234375 0.0234375
0 0.6265625 0.50859375 0.0265625 0.0234375
0 0.62421875 0.52734375 0.0234375 0.0234375
0 0.64921875 0.53046875 0.0234375 0.0234375
0 0.6609375 0.55703125 0.025 0.0234375
0 0.65078125 0.57265625 0.025 0.0234375
0 0.66796875 0.5875 0.025 0.0234375
0 0.709375 0.6125 0.0234375 0.0234375
0 0.69765625 0.59296875 0.025 0.0234375
0 0.69296875 0.621875 0.025 0.0234375
0 0.68125 0.64765625 0.0234375 0.0234375
0 0.68515625 0.6671875 0.0265625 0.025
0 0.6984375 0.6453125 0.0234375 0.0234375
0 0.71796875 0.6375 0.0265625 0.0234375
0 0.7375 0.65 0.0203125 0.0203125
0 0.72734375 0.66640625 0.0265625 0.025
0 0.7359375 0.6828125 0.0234375 0.0234375
0 0.74609375 0.6984375 0.0234375 0.0234375
0 0.759375 0.71484375 0.0234375 0.0234375
0 0.7265625 0.7015625 0.0234375 0.0234375
0 0.7265625 0.721875 0.025 0.0234375
0 0.7453125 0.72578125 0.0234375 0.0234375
0 0.75 0.74375 0.025 0.0234375
0 0.72265625 0.74140625 0.0265625 0.025
0 0.7390625 0.7609375 0.0265625 0.025
0 0.4203125 0.1234375 0.0265625 0.025
0 0.421875 0.15078125 0.0234375 0.0234375
0 0.4578125 0.0859375 0.0234375 0.0234375
0 0.4609375 0.1046875 0.0234375 0.0234375
0 0.46640625 0.12109375 0.025 0.0234375
0 0.47265625 0.13671875 0.0234375 0.0234375
0 0.47421875 0.15625 0.0234375 0.025
0 0.48203125 0.1859375 0.025 0.0265625
0 0.46796875 0.209375 0.025 0.0265625
0 0.44921875 0.21171875 0.0265625 0.0265625
0 0.434375 0.22890625 0.0265625 0.025
0 0.4125 0.24453125 0.0234375 0.025
0 0.43203125 0.25390625 0.0265625 0.0265625
0 0.42109375 0.278125 0.025 0.0265625
0 0.440625 0.28125 0.0234375 0.0234375
0 0.45078125 0.296875 0.025 0.0234375
0 0.4484375 0.33359375 0.0234375 0.0234375
0 0.41875 0.3140625 0.0234375 0.0234375
0 0.43046875 0.3265625 0.0234375 0.025
0 0.45859375 0.31796875 0.025 0.0234375
0 0.446875 0.3578125 0.0234375 0.0234375
0 0.4796875 0.36953125 0.0265625 0.0234375
0 0.45625 0.375 0.0234375 0.0234375
0 0.4125 0.34921875 0.0234375 0.0234375
0 0.42578125 0.365625 0.0234375 0.025
0 0.3375 0.3265625 0.0234375 0.0234375
0 0.35 0.3203125 0.0234375 0.0234375
0 0.346875 0.21171875 0.0234375 0.0265625
0 0.325 0.209375 0.0265625 0.0265625
0 0.24765625 0.17109375 0.025 0.025
0 0.259375 0.18984375 0.0234375 0.0234375
0 0.234375 0.196875 0.0234375 0.0265625
0 0.18984375 0.2015625 0.0234375 0.0265625
0 0.1484375 0.23203125 0.0203125 0.0171875
0 0.1546875 0.22265625 0.0234375 0.0234375
0 0.1609375 0.33046875 0.025 0.0265625
0 0.1703125 0.35 0.0234375 0.025
0 0.21796875 0.25078125 0.0234375 0.0265625
0 0.23203125 0.26328125 0.0234375 0.0265625
0 0.25546875 0.27109375 0.0265625 0.028125
0 0.2234375 0.30625 0.028125 0.0296875
0 0.259375 0.2953125 0.025 0.025
0 0.2640625 0.31953125 0.0234375 0.0234375
0 0.2890625 0.32734375 0.0265625 0.025
0 0.2921875 0.3546875 0.025 0.0265625
0 0.34609375 0.36953125 0.0234375 0.0265625
0 0.33359375 0.390625 0.025 0.0234375
0 0.353125 0.39609375 0.025 0.0265625
0 0.28828125 0.403125 0.0234375 0.0234375
0 0.2859375 0.38359375 0.0234375 0.0234375
0 0.30390625 0.39296875 0.0234375 0.025
0 0.31796875 0.409375 0.025 0.0234375
0 0.2984375 0.41796875 0.0234375 0.0234375
0 0.315625 0.42890625 0.0234375 0.0234375
0 0.27109375 0.41484375 0.0265625 0.0234375
0 0.25546875 0.42890625 0.025 0.0265625
0 0.275 0.434375 0.025 0.0265625
0 0.30234375 0.44453125 0.0265625 0.0234375
0 0.30546875 0.46875 0.025 0.0265625
0 0.32421875 0.478125 0.025 0.025
0 0.284375 0.48828125 0.0234375 0.0265625
0 0.309375 0.490625 0.0234375 0.025
0 0.34453125 0.4203125 0.0234375 0.0234375
0 0.35234375 0.43671875 0.0234375 0.0234375
0 0.37734375 0.44296875 0.0234375 0.0234375
0 0.39453125 0.45078125 0.021875 0.021875
0 0.4125 0.45078125 0.0234375 0.0234375
0 0.3609375 0.45625 0.0234375 0.0234375
0 0.3796875 0.4640625 0.0234375 0.025
0 0.40390625 0.46796875 0.0234375 0.0234375
0 0.421875 0.471875 0.0234375 0.0234375
0 0.43984375 0.47578125 0.0234375 0.0234375
0 0.38984375 0.48203125 0.0234375 0.0234375
0 0.409375 0.48828125 0.0234375 0.0234375
0 0.42734375 0.490625 0.0234375 0.0234375
0 0.44609375 0.49921875 0.0234375 0.0234375
0 0.428125 0.509375 0.0234375 0.0234375
0 0.44453125 0.5171875 0.0234375 0.0234375
0 0.40859375 0.50703125 0.021875 0.021875
0 0.37421875 0.50546875 0.0234375 0.0265625
0 0.390625 0.51484375 0.0234375 0.0265625
0 0.4140625 0.52734375 0.0234375 0.0234375
0 0.4328125 0.5328125 0.0234375 0.0234375
0 0.52109375 0.42421875 0.025 0.0234375
0 0.50078125 0.4078125 0.025 0.0234375
0 0.48203125 0.3921875 0.0234375 0.0234375
0 0.478125 0.41328125 0.021875 0.021875
0 0.49140625 0.42578125 0.0234375 0.0234375
0 0.50859375 0.43515625 0.0234375 0.0234375
0 0.5171875 0.45078125 0.0234375 0.0234375
0 0.525 0.4671875 0.0234375 0.0234375
0 0.5296875 0.484375 0.0234375 0.0234375
0 0.4953125 0.45625 0.0234375 0.0234375
0 0.49921875 0.47578125 0.0234375 0.0234375
0 0.48515625 0.4859375 0.0234375 0.0234375
0 0.49140625 0.503125 0.0234375 0.0234375
0 0.4734375 0.51015625 0.025 0.0234375
0 0.4984375 0.52109375 0.0234375 0.0234375
0 0.48203125 0.52890625 0.0234375 0.0234375
0 0.4734375 0.546875 0.0234375 0.0234375
0 0.49296875 0.54609375 0.0234375 0.0234375
0 0.51484375 0.57265625 0.0265625 0.0234375
0 0.484375 0.5890625 0.025 0.0265625
0 0.50625 0.58984375 0.0234375 0.0265625
0 0.45078125 0.6 0.0234375 0.0265625
0 0.46171875 0.628125 0.0234375 0.0265625
0 0.478125 0.66640625 0.0234375 0.025
0 0.43828125 0.65390625 0.0234375 0.025
0 0.4609375 0.659375 0.0234375 0.0234375
0 0.48984375 0.6484375 0.0234375 0.0234375
0 0.5421875 0.5515625 0.0265625 0.025
0 0.56796875 0.55703125 0.0265625 0.0234375
0 0.56640625 0.57734375 0.0265625 0.025
0 0.59609375 0.5609375 0.025 0.025
0 0.59609375 0.59296875 0.0265625 0.028125
0 0.54921875 0.60625 0.0234375 0.025
0 0.56875 0.60625 0.0234375 0.025
0 0.5828125 0.609375 0.0234375 0.0265625
0 0.59453125 0.63046875 0.0234375 0.025
0 0.61484375 0.63046875 0.025 0.025
0 0.5734375 0.62890625 0.025 0.025
0 0.52265625 0.6671875 0.025 0.0265625
0 0.63671875 0.66015625 0.0265625 0.025
0 0.5984375 0.65078125 0.025 0.0265625
0 0.6203125 0.6515625 0.0234375 0.0265625
0 0.578125 0.64765625 0.0234375 0.0234375
0 0.56015625 0.65546875 0.025 0.0265625
0 0.56796875 0.67421875 0.0234375 0.0265625
0 0.5859375 0.6671875 0.0234375 0.0265625
0 0.60546875 0.66875 0.0234375 0.0265625
0 0.62265625 0.67421875 0.0234375 0.0234375
0 0.6421875 0.68125 0.0234375 0.0265625
0 0.61328125 0.6921875 0.025 0.0234375
0 0.58359375 0.69453125 0.0234375 0.025
0 0.59609375 0.7109375 0.0234375 0.025
0 0.61875 0.71640625 0.0234375 0.0234375
0 0.63203125 0.69921875 0.0234375 0.0234375
0 0.65 0.703125 0.025 0.025
0 0.66796875 0.71875 0.0265625 0.025
0 0.6484375 0.72265625 0.0234375 0.0234375
0 0.63046875 0.73359375 0.0265625 0.025
0 0.66796875 0.7578125 0.0265625 0.0234375
0 0.65859375 0.7390625 0.0234375 0.0234375
0 0.678125 0.74296875 0.0265625 0.0234375
0 0.7078125 0.75703125 0.025 0.025
0 0.721875 0.77109375 0.025 0.025
0 0.11875 0.41640625 0.0265625 0.0265625
0 0.109375 0.43671875 0.028125 0.0234375
0 0.1078125 0.45625 0.025 0.0265625
0 0.0421875 0.4515625 0.0296875 0.0296875
0 0.0984375 0.47734375 0.028125 0.0265625
0 0.0390625 0.5203125 0.0296875 0.0296875
0 0.16796875 0.553125 0.025 0.0265625
0 0.15625 0.5890625 0.025 0.0265625
0 0.23125 0.61328125 0.028125 0.028125
0 0.33515625 0.6328125 0.025 0.025
0 0.353125 0.64296875 0.0265625 0.0265625
0 0.32890625 0.653125 0.0265625 0.025
0 0.334375 0.68046875 0.0265625 0.0265625
0 0.34765625 0.69765625 0.0234375 0.0265625
0 0.23125 0.46796875 0.0265625 0.0265625
0 0.2125 0.46640625 0.0234375 0.025
0 0.2 0.48046875 0.0234375 0.0234375
0 0.22109375 0.48515625 0.0265625 0.0234375
0 0.20625 0.49921875 0.0265625 0.0265625
0 0.23125 0.5015625 0.0265625 0.0234375
0 0.2125 0.51640625 0.0265625 0.025
0 0.21953125 0.5390625 0.025 0.025
0 0.23359375 0.5234375 0.0234375 0.025
0 0.25078125 0.525 0.0234375 0.0265625
0 0.26015625 0.50859375 0.0265625 0.0234375
0 0.271875 0.52421875 0.0265625 0.0234375
0 0.31953125 0.54609375 0.0265625 0.025
0 0.33125 0.56015625 0.0234375 0.021875
0 0.3296875 0.5765625 0.025 0.0234375
0 0.34921875 0.56953125 0.0265625 0.0265625
0 0.3484375 0.60234375 0.0265625 0.0265625
0 0.36796875 0.5828125 0.0234375 0.0265625
0 0.39921875 0.5375 0.0234375 0.0265625
0 0.4203125 0.54609375 0.0234375 0.0234375
0 0.41875 0.56484375 0.0265625 0.0234375
0 0.4140625 0.58359375 0.025 0.025
0 0.39375 0.60546875 0.025 0.0234375
0 0.4140625 0.60625 0.0234375 0.025
0 0.3984375 0.62578125 0.025 0.025
0 0.42265625 0.63046875 0.025 0.0265625
0 0.40703125 0.64140625 0.0234375 0.0234375
0 0.3984375 0.659375 0.0234375 0.0265625
0 0.41796875 0.65703125 0.0234375 0.025
0 0.40859375 0.67578125 0.0234375 0.0265625
0 0.428125 0.68046875 0.025 0.0265625
0 0.44609375 0.671875 0.0234375 0.0234375
0 0.46171875 0.6828125 0.0234375 0.025
0 0.47734375 0.7015625 0.025 0.025
0 0.459375 0.71015625 0.0234375 0.0265625
0 0.44296875 0.69140625 0.0234375 0.0265625
0 0.440625 0.7125 0.0234375 0.025
0 0.39921875 0.6953125 0.0234375 0.0265625
0 0.41953125 0.69921875 0.025 0.025
0 0.23671875 0.69765625 0.028125 0.03125
0 0.16953125 0.6796875 0.0265625 0.0265625
0 0.1796875 0.709375 0.0265625 0.0265625
0 0.21796875 0.74609375 0.0296875 0.0296875
0 0.25625 0.784375 0.028125 0.0296875
0 0.275 0.7546875 0.0265625 0.0265625
0 0.378125 0.72265625 0.0265625 0.0265625
0 0.3640625 0.7375 0.0296875 0.025
0 0.353125 0.7546875 0.0265625 0.0265625
0 0.33828125 0.76796875 0.0265625 0.0265625
0 0.3734375 0.7734375 0.028125 0.0296875
0 0.41875 0.721875 0.025 0.025
0 0.41015625 0.7421875 0.0265625 0.0265625
0 0.43671875 0.73828125 0.025 0.0265625
0 0.43515625 0.76328125 0.0234375 0.0265625
0 0.45546875 0.76796875 0.0265625 0.028125
0 0.46484375 0.74296875 0.0234375 0.0265625
0 0.47578125 0.7234375 0.025 0.025
0 0.4984375 0.7140625 0.0234375 0.0265625
0 0.48671875 0.74453125 0.0234375 0.0265625
0 0.50546875 0.73359375 0.0234375 0.0234375
0 0.50546875 0.7546875 0.0234375 0.0265625
0 0.53984375 0.771875 0.0265625 0.025
0 0.525 0.73984375 0.0234375 0.0265625
0 0.55 0.7125 0.025 0.0265625
0 0.5484375 0.73984375 0.0234375 0.0265625
0 0.57421875 0.7328125 0.0234375 0.0234375
0 0.58984375 0.74375 0.0234375 0.0265625
0 0.6046875 0.7703125 0.0234375 0.0265625
0 0.621875 0.7625 0.0234375 0.0265625
0 0.63515625 0.77890625 0.025 0.0265625
0 0.6578125 0.775 0.0265625 0.025
0 0.6765625 0.78203125 0.025 0.025
0 0.68984375 0.77109375 0.025 0.025
0 0.69453125 0.78984375 0.0234375 0.0234375
0 0.715625 0.7890625 0.025 0.0234375
0 0.728125 0.80546875 0.0234375 0.025
0 0.72578125 0.8265625 0.025 0.0265625
0 0.74453125 0.82578125 0.0234375 0.0234375
0 0.75390625 0.84296875 0.0234375 0.0265625
0 0.73515625 0.8546875 0.0234375 0.0265625
0 0.67578125 0.87109375 0.0265625 0.025
0 0.69453125 0.86875 0.0265625 0.0265625
0 0.8703125 0.7765625 0.0265625 0.0265625