0 0.9375 0.63203125 0.0234375 0.021875
0 0.921875 0.5 0.0234375 0.0234375
0 0.9109375 0.440625 0.0203125 0.0234375
0 0.88984375 0.440625 0.021875 0.0234375
0 0.89921875 0.42578125 0.01875 0.0203125
0 0.90390625 0.40703125 0.0171875 0.0203125
0 0.88671875 0.40703125 0.0234375 0.0203125
0 0.8046875 0.77421875 0.0234375 0.025
0 0.8359375 0.728125 0.0234375 0.0265625
0 0.8546875 0.6890625 0.0203125 0.025
0 0.83515625 0.69765625 0.021875 0.0234375
0 0.82734375 0.678125 0.021875 0.0203125
0 0.759375 0.6765625 0.0234375 0.0265625
0 0.78125 0.65546875 0.0234375 0.0234375
0 0.79765625 0.63828125 0.0203125 0.0234375
0 0.80546875 0.609375 0.0203125 0.025
0 0.7765625 0.634375 0.0234375 0.0234375
0 0.7890625 0.61875 0.0203125 0.0203125
0 0.7828125 0.6 0.021875 0.021875
0 0.76484375 0.61796875 0.01875 0.0203125
0 0.7453125 0.57421875 0.0203125 0.0234375
0 0.7625 0.596875 0.0234375 0.0234375
0 0.83125 0.6 0.0234375 0.0234375
0 0.825 0.578125 0.0203125 0.0234375
0 0.82265625 0.5484375 0.0171875 0.021875
0 0.82578125 0.528125 0.0203125 0.0203125
0 0.80703125 0.5640625 0.0203125 0.0234375
0 0.8046875 0.54296875 0.0203125 0.0203125
0 0.80625 0.521875 0.0203125 0.0234375
0 0.82265625 0.5078125 0.0203125 0.0234375
0 0.7796875 0.540625 0.021875 0.0265625
0 0.7796875 0.5171875 0.021875 0.021875
0 0.7609375 0.53984375 0.0203125 0.0234375
0 0.76015625 0.51875 0.0203125 0.021875
0 0.74453125 0.546875 0.0203125 0.021875
0 0.74296875 0.525 0.0203125 0.021875
0 0.7546875 0.46328125 0.021875 0.025
0 0.73671875 0.45078125 0.021875 0.021875
0 0.77734375 0.4171875 0.0203125 0.0234375
0 0.75859375 0.4171875 0.0203125 0.0234375
0 0.7359375 0.4296875 0.0234375 0.021875
0 0.740625 0.40859375 0.01875 0.021875
0 0.73125 0.609375 0.025 0.0234375
0 0.728125 0.58515625 0.0234375 0.025
0 0.7296875 0.56015625 0.0203125 0.021875
0 0.7125 0.55078125 0.021875 0.021875
0 0.6890625 0.55078125 0.025 0.0234375
0 0.7265625 0.53515625 0.0203125 0.0203125
0 0.7171875 0.5171875 0.01875 0.01875
0 0.7296875 0.503125 0.0265625 0.0234375
0 0.71796875 0.48515625 0.0203125 0.0171875
0 0.73046875 0.46953125 0.0203125 0.0234375
0 0.715625 0.45 0.0203125 0.025
0 0.696875 0.4546875 0.0234375 0.0234375
0 0.70078125 0.434375 0.0234375 0.0203125
0 0.7046875 0.41484375 0.0265625 0.0234375
0 0.72265625 0.4046875 0.0234375 0.0234375
0 0.71015625 0.3859375 0.021875 0.0234375
0 0.68203125 0.41171875 0.0234375 0.0234375
0 0.6296875 0.421875 0.0265625 0.025
0 0.65625 0.459375 0.021875 0.025
0 0.6359375 0.4515625 0.021875 0.0234375
0 0.6734375 0.5796875 0.0234375 0.025
0 0.63515625 0.50859375 0.025 0.0234375
0 0.64765625 0.534375 0.0234375 0.0234375
0 0.6296875 0.56015625 0.0234375 0.025
0 0.625 0.5375 0.0234375 0.0234375
0 0.63515625 0.6140625 0.025 0.025
0 0.68125 0.69140625 0.0265625 0.0234375
0 0.67734375 0.71484375 0.025 0.025
0 0.66953125 0.73828125 0.0203125 0.025
0 0.64765625 0.73671875 0.0234375 0.0265625
0 0.64765625 0.71328125 0.025 0.0234375
0 0.53515625 0.5890625 0.0234375 0.0234375
0 0.51328125 0.5765625 0.0234375 0.021875
0 0.5046875 0.5546875 0.0265625 0.0234375
0 0.4921875 0.5328125 0.025 0.0234375
0 0.475 0.5625 0.0234375 0.0265625
0 0.5171875 0.60859375 0.025 0.0265625
0 0.4875 0.58359375 0.025 0.028125
0 0.49375 0.61328125 0.0265625 0.0265625
0 0.615625 0.72421875 0.0234375 0.0265625
0 0.5921875 0.7265625 0.0234375 0.0234375
0 0.56171875 0.709375 0.028125 0.028125
0 0.5125 0.6921875 0.0265625 0.025
0 0.5859375 0.81015625 0.0296875 0.028125
0 0.50390625 0.728125 0.028125 0.0265625
0 0.54921875 0.8890625 0.0296875 0.0296875
0 0.4765625 0.921875 0.0328125 0.0328125
0 0.46171875 0.865625 0.0265625 0.0296875
0 0.478125 0.82578125 0.0265625 0.0296875
0 0.46015625 0.71015625 0.0234375 0.028125
0 0.4390625 0.70078125 0.0265625 0.0296875
0 0.44765625 0.74296875 0.0265625 0.0296875
0 0.425 0.72421875 0.028125 0.025
0 0.353125 0.75234375 0.0296875 0.0265625
0 0.36484375 0.728125 0.03125 0.0265625
0 0.39140625 0.71640625 0.025 0.028125
0 0.36953125 0.7 0.0296875 0.0265625
0 0.41171875 0.684375 0.0265625 0.025
0 0.46171875 0.659375 0.0234375 0.025
0 0.44140625 0.63984375 0.0234375 0.0265625
0 0.43828125 0.584375 0.0234375 0.0265625
0 0.44375 0.6078125 0.0234375 0.0234375
0 0.41875 0.59921875 0.0234375 0.0234375
0 0.39375 0.640625 0.0265625 0.0265625
0 0.37890625 0.61953125 0.0265625 0.0234375
0 0.4171875 0.6359375 0.0265625 0.025
0 0.36640625 0.64609375 0.028125 0.0234375
0 0.353125 0.625 0.028125 0.0265625
0 0.403125 0.61640625 0.028125 0.0234375
0 0.33984375 0.65390625 0.0265625 0.0265625
0 0.3296875 0.62109375 0.0265625 0.028125
0 0.34375 0.5953125 0.0296875 0.028125
0 0.3890625 0.5875 0.028125 0.0234375
0 0.4125 0.57734375 0.0265625 0.0203125
0 0.43203125 0.55859375 0.0265625 0.0265625
0 0.45234375 0.54453125 0.0296875 0.0265625
0 0.40859375 0.54140625 0.0265625 0.0234375
0 0.43046875 0.53515625 0.0234375 0.021875
0 0.4609375 0.525 0.0203125 0.0265625
0 0.44296875 0.52265625 0.0203125 0.0234375
0 0.53671875 0.50859375 0.0265625 0.0234375
0 0.50234375 0.47265625 0.025 0.0234375
0 0.48359375 0.48515625 0.0234375 0.025
0 0.475 0.4609375 0.0265625 0.0234375
0 0.4640625 0.42890625 0.0234375 0.0234375
0 0.4484375 0.41015625 0.0234375 0.0234375
0 0.44921875 0.44453125 0.0203125 0.0203125
0 0.43203125 0.425 0.028125 0.0234375
0 0.4609375 0.490625 0.0234375 0.025
0 0.4515625 0.46796875 0.0234375 0.0234375
0 0.4265625 0.44765625 0.0296875 0.0265625
0 0.43984375 0.49375 0.021875 0.0234375
0 0.42734375 0.47265625 0.025 0.0265625
0 0.40625 0.459375 0.0265625 0.0234375
0 0.4015625 0.43359375 0.028125 0.0234375
0 0.41875 0.50546875 0.0265625 0.0265625
0 0.4015625 0.4828125 0.0265625 0.0265625
0 0.38125 0.46484375 0.0265625 0.025
0 0.36484375 0.446875 0.0265625 0.0265625
0 0.340625 0.44609375 0.0265625 0.03125
0 0.31484375 0.4484375 0.0265625 0.0265625
0 0.29140625 0.4609375 0.0265625 0.0265625
0 0.27578125 0.43828125 0.0296875 0.0265625
0 0.2359375 0.45625 0.028125 0.0265625
0 0.21875 0.4359375 0.03125 0.0265625
0 0.24375 0.50625 0.0296875 0.0265625
0 0.21875 0.47734375 0.0296875 0.028125
0 0.19765625 0.4546875 0.03125 0.0265625
0 0.2265625 0.53046875 0.0296875 0.0265625
0 0.20234375 0.5078125 0.0328125 0.0265625
0 0.284375 0.6859375 0.0296875 0.0265625
0 0.2484375 0.69375 0.0296875 0.0265625
0 0.2203125 0.67109375 0.03125 0.0296875
0 0.1984375 0.65546875 0.0296875 0.0296875
0 0.2234375 0.6015625 0.0328125 0.028125
0 0.190625 0.59765625 0.0328125 0.03125
0 0.1953125 0.54765625 0.03125 0.028125
0 0.17890625 0.52734375 0.0328125 0.0296875