0 0.20546875 0.05 0.0375 0.0421875
0 0.3125 0.146875 0.0328125 0.0328125
0 0.27578125 0.12890625 0.034375 0.0359375
0 0.3375 0.10546875 0.0359375 0.0359375
0 0.3421875 0.15859375 0.034375 0.0296875
0 0.31484375 0.1796875 0.0390625 0.0390625
0 0.27890625 0.18515625 0.034375 0.0328125
0 0.23515625 0.18203125 0.0359375 0.0359375
0 0.203125 0.19453125 0.034375 0.0359375
0 0.253125 0.24453125 0.0359375 0.0328125
0 0.36796875 0.22421875 0.034375 0.034375
0 0.3328125 0.2234375 0.0359375 0.0359375
0 0.31328125 0.25078125 0.03125 0.0328125
0 0.28515625 0.2625 0.03125 0.0359375
0 0.35390625 0.2859375 0.0359375 0.034375
0 0.37421875 0.26328125 0.0328125 0.0359375
0 0.46015625 0.234375 0.0328125 0.0359375
0 0.43125 0.2515625 0.0359375 0.0328125
0 0.41171875 0.275 0.0328125 0.0359375
0 0.390625 0.2953125 0.0328125 0.0328125
0 0.35703125 0.3171875 0.034375 0.03125
0 0.33046875 0.30234375 0.03125 0.0359375
0 0.18359375 0.2984375 0.0390625 0.0390625
0 0.25703125 0.284375 0.034375 0.0359375
0 0.22265625 0.29765625 0.0390625 0.0390625
0 0.20078125 0.34609375 0.0390625 0.0390625
0 0.271875 0.33203125 0.0375 0.040625
0 0.296875 0.2984375 0.0328125 0.0359375
0 0.22421875 0.328125 0.034375 0.0359375
0 0.1921875 0.37578125 0.0359375 0.0359375
0 0.15234375 0.38828125 0.0390625 0.0390625
0 0.34609375 0.34453125 0.0359375 0.034375
0 0.29765625 0.353125 0.0328125 0.0359375
0 0.234375 0.36796875 0.0359375 0.0359375
0 0.32578125 0.3671875 0.0328125 0.0359375
0 0.30625 0.3890625 0.0359375 0.0375
0 0.27578125 0.37734375 0.0328125 0.0359375
0 0.25625 0.40859375 0.034375 0.0390625
0 0.2265625 0.4 0.0328125 0.0375
0 0.1921875 0.4125 0.0359375 0.0359375
0 0.42734375 0.31640625 0.034375 0.0328125
0 0.40078125 0.3265625 0.0296875 0.0296875
0 0.37421875 0.346875 0.0359375 0.0328125
0 0.353125 0.3734375 0.0328125 0.034375
0 0.33671875 0.39765625 0.0328125 0.03125
0 0.31328125 0.4203125 0.0375 0.0359375
0 0.28046875 0.425 0.0328125 0.0328125
0 0.2546875 0.4421875 0.0359375 0.034375
0 0.2234375 0.4328125 0.0359375 0.0359375
0 0.190625 0.44375 0.0375 0.0390625
0 0.075 0.43203125 0.0375 0.0390625
0 0.45625 0.32421875 0.0359375 0.0328125
0 0.40859375 0.35625 0.0328125 0.034375
0 0.45 0.35390625 0.0328125 0.034375
0 0.38203125 0.38203125 0.0328125 0.034375
0 0.46328125 0.3828125 0.0328125 0.034375
0 0.4375 0.396875 0.03125 0.0328125
0 0.4109375 0.3859375 0.0328125 0.0359375
0 0.39140625 0.4078125 0.0328125 0.03125
0 0.3640625 0.41796875 0.0328125 0.03125
0 0.3390625 0.43359375 0.03125 0.0328125
0 0.29296875 0.45546875 0.0328125 0.0328125
0 0.25078125 0.47578125 0.0359375 0.0359375
0 0.22109375 0.48828125 0.0359375 0.0359375
0 0.32421875 0.4578125 0.0328125 0.0359375
0 0.2796875 0.48359375 0.0328125 0.0359375
0 0.35546875 0.4625 0.0328125 0.0328125
0 0.4203125 0.42109375 0.0328125 0.0359375
0 0.38046875 0.44375 0.0359375 0.0328125
0 0.475 0.4140625 0.0328125 0.0328125
0 0.43828125 0.46953125 0.03125 0.0328125
0 0.41640625 0.45078125 0.0328125 0.0328125
0 0.47265625 0.44453125 0.0359375 0.0359375
0 0.4453125 0.43828125 0.0296875 0.034375
0 0.4 0.4765625 0.0359375 0.0328125
0 0.36953125 0.49453125 0.0328125 0.034375
0 0.340625 0.48984375 0.0328125 0.0328125
0 0.3109375 0.48828125 0.0359375 0.0359375
0 0.26484375 0.509375 0.0359375 0.0359375
0 0.2703125 0.540625 0.0359375 0.0359375
0 0.32265625 0.51328125 0.0359375 0.0328125
0 0.4765625 0.475 0.0359375 0.0328125
0 0.45 0.4953125 0.03125 0.0359375
0 0.42265625 0.49765625 0.0328125 0.034375
0 0.35 0.52109375 0.03125 0.0328125
0 0.30703125 0.5390625 0.034375 0.0328125
0 0.25703125 0.5765625 0.03125 0.0359375
0 0.203125 0.57890625 0.0375 0.0390625
0 0.29453125 0.56953125 0.0328125 0.0328125
0 0.3765625 0.52421875 0.0328125 0.03125
0 0.4765625 0.50625 0.0328125 0.034375
0 0.40703125 0.5234375 0.0328125 0.0359375
0 0.38515625 0.55390625 0.0328125 0.0359375
0 0.35625 0.54609375 0.0328125 0.0296875
0 0.32890625 0.5640625 0.0328125 0.0375
0 0.46953125 0.53828125 0.03125 0.0328125
0 0.440625 0.534375 0.0296875 0.0328125
0 0.415625 0.55390625 0.0328125 0.0328125
0 0.365625 0.57578125 0.03125 0.0328125
0 0.40078125 0.5828125 0.0328125 0.0359375
0 0.44765625 0.56328125 0.0328125 0.0359375
0 0.4984375 0.559375 0.0328125 0.0328125
0 0.475 0.58046875 0.0328125 0.0359375
0 0.39921875 0.6125 0.0328125 0.034375
0 0.434375 0.590625 0.034375 0.034375
0 0.37109375 0.6046875 0.03125 0.0328125
0 0.3421875 0.61640625 0.0328125 0.0359375
0 0.31328125 0.625 0.034375 0.0359375
0 0.509375 0.590625 0.0359375 0.0359375
0 0.48359375 0.60703125 0.0328125 0.0328125
0 0.4546875 0.615625 0.03125 0.034375
0 0.425 0.625 0.03125 0.0375
0 0.396875 0.64375 0.0359375 0.0328125
0 0.36796875 0.63515625 0.0328125 0.0359375
0 0.34609375 0.65390625 0.034375 0.034375
0 0.32578125 0.6765625 0.0359375 0.0390625
0 0.5046875 0.63203125 0.0359375 0.0359375
0 0.47421875 0.63828125 0.0328125 0.0328125
0 0.44375 0.64609375 0.0328125 0.034375
0 0.38359375 0.66953125 0.03125 0.0359375
0 0.3546875 0.6890625 0.0328125 0.034375
0 0.4640625 0.6765625 0.0328125 0.0359375
0 0.4265625 0.6703125 0.03125 0.0328125
0 0.41015625 0.69609375 0.0328125 0.0359375
0 0.38046875 0.7046875 0.0328125 0.0359375
0 0.35 0.71796875 0.0328125 0.034375
0 0.49453125 0.66953125 0.0328125 0.034375
0 0.46953125 0.71171875 0.0296875 0.0328125
0 0.44375 0.7015625 0.0296875 0.034375
0 0.4296875 0.72890625 0.034375 0.0359375
0 0.39765625 0.72890625 0.0375 0.0390625
0 0.36796875 0.740625 0.0328125 0.0375
0 0.49609375 0.70390625 0.03125 0.0359375
0 0.45859375 0.7421875 0.0359375 0.0359375
0 0.42265625 0.7578125 0.0375 0.0390625
0 0.39375 0.76953125 0.034375 0.040625
0 0.5046875 0.77265625 0.0390625 0.0390625
0 0.47265625 0.7734375 0.0359375 0.0390625
0 0.44375 0.78359375 0.034375 0.0359375
0 0.421875 0.8171875 0.034375 0.0390625
0 0.88046875 0.703125 0.0328125 0.034375
0 0.87265625 0.7328125 0.0328125 0.0359375