0 0.38203125 0.88125 0.04375 0.05
0 0.0984375 0.58984375 0.0421875 0.04375
0 0.10546875 0.515625 0.046875 0.05625
0 0.13359375 0.578125 0.0421875 0.05625
0 0.12890625 0.54375 0.0375 0.046875
0 0.13359375 0.50078125 0.0390625 0.046875
0 0.1953125 0.6015625 0.040625 0.05
0 0.17890625 0.54765625 0.0421875 0.0484375
0 0.159375 0.47265625 0.0421875 0.05625
0 0.175 0.42421875 0.0421875 0.046875
0 0.16953125 0.3828125 0.0453125 0.046875
0 0.2140625 0.43046875 0.046875 0.0484375
0 0.2046875 0.38828125 0.0390625 0.04375
0 0.246875 0.45234375 0.04375 0.053125
0 0.23828125 0.40625 0.04375 0.05
0 0.22890625 0.36328125 0.04375 0.05
0 0.22421875 0.3140625 0.0375 0.046875
0 0.1953125 0.284375 0.0421875 0.046875
0 0.21953125 0.2328125 0.040625 0.05
0 0.2515625 0.29921875 0.040625 0.05
0 0.27109375 0.37421875 0.0359375 0.04375
0 0.29453125 0.35234375 0.0421875 0.05625
0 0.2828125 0.3203125 0.0421875 0.0453125
0 0.309375 0.30390625 0.0390625 0.046875
0 0.29609375 0.24140625 0.04375 0.0484375
0 0.35390625 0.27421875 0.040625 0.046875
0 0.3859375 0.2328125 0.0390625 0.046875
0 0.42109375 0.209375 0.040625 0.05
0 0.46328125 0.390625 0.04375 0.05
0 0.42890625 0.340625 0.0421875 0.05
0 0.38046875 0.31015625 0.0390625 0.053125
0 0.38359375 0.371875 0.04375 0.05
0 0.45078125 0.434375 0.0421875 0.05
0 0.3890625 0.41484375 0.04375 0.046875
0 0.35625 0.4640625 0.0421875 0.046875
0 0.359375 0.51796875 0.040625 0.05
0 0.359375 0.56015625 0.0359375 0.0515625
0 0.39375 0.51875 0.04375 0.05
0 0.3296875 0.56953125 0.0375 0.046875
0 0.38828125 0.57109375 0.0390625 0.04375
0 0.35625 0.61015625 0.0390625 0.046875
0 0.41640625 0.5828125 0.0421875 0.0453125
0 0.39296875 0.61328125 0.0390625 0.04375
0 0.42890625 0.61953125 0.040625 0.0484375
0 0.40390625 0.68984375 0.0390625 0.0421875
0 0.42890625 0.66796875 0.0390625 0.053125
0 0.39609375 0.74375 0.0390625 0.046875
0 0.42734375 0.73515625 0.040625 0.046875
0 0.45 0.70546875 0.0421875 0.04375
0 0.4546875 0.6515625 0.0421875 0.046875
0 0.48515625 0.64375 0.04375 0.053125
0 0.4765625 0.565625 0.0390625 0.0421875
0 0.46640625 0.4734375 0.0421875 0.0484375
0 0.45 0.58515625 0.0359375 0.040625
0 0.509375 0.5890625 0.0390625 0.046875
0 0.509375 0.546875 0.0421875 0.046875
0 0.4828125 0.60625 0.0421875 0.046875
0 0.4796875 0.6890625 0.04375 0.05
0 0.46953125 0.7421875 0.04375 0.0484375
0 0.4546875 0.87265625 0.0484375 0.0546875
0 0.44453125 0.80625 0.04375 0.0515625
0 0.4765625 0.8125 0.04375 0.053125
0 0.50859375 0.796875 0.046875 0.0546875
0 0.5375 0.934375 0.046875 0.0546875
0 0.553125 0.86875 0.04375 0.0546875
0 0.54453125 0.8046875 0.0421875 0.053125
0 0.528125 0.76328125 0.040625 0.046875
0 0.559375 0.75703125 0.04375 0.05
0 0.55546875 0.71484375 0.046875 0.053125
0 0.51796875 0.6640625 0.040625 0.05
0 0.52578125 0.62265625 0.0390625 0.046875
0 0.553125 0.60390625 0.0453125 0.0484375
0 0.6046875 0.6453125 0.046875 0.0546875
0 0.64921875 0.6109375 0.0453125 0.0484375
0 0.63359375 0.8828125 0.04375 0.05
0 0.65390625 0.8125 0.046875 0.0546875
0 0.66640625 0.73828125 0.04375 0.05
0 0.7359375 0.7453125 0.05 0.053125
0 0.79140625 0.65546875 0.0421875 0.046875
0 0.78671875 0.70078125 0.046875 0.0546875
0 0.8234375 0.6796875 0.04375 0.0484375
0 0.84765625 0.646875 0.04375 0.05
0 0.8625 0.596875 0.0453125 0.0515625
0 0.7265625 0.5421875 0.04375 0.05
0 0.521875 0.48203125 0.0421875 0.046875
0 0.5859375 0.50625 0.04375 0.05
0 0.60625 0.46328125 0.0453125 0.053125
0 0.5078125 0.25859375 0.04375 0.0484375
0 0.5078125 0.21328125 0.046875 0.0515625
0 0.5453125 0.2796875 0.04375 0.0484375
0 0.5515625 0.21953125 0.040625 0.05
0 0.59375 0.22265625 0.046875 0.0515625
0 0.7140625 0.26484375 0.05 0.0546875
0 0.7203125 0.34765625 0.0421875 0.046875
0 0.72734375 0.30703125 0.0453125 0.0484375
0 0.7203125 0.38828125 0.0421875 0.04375
0 0.76015625 0.3453125 0.040625 0.0484375
0 0.82890625 0.375 0.04375 0.05
0 0.8640625 0.36953125 0.04375 0.0515625