0 0.59453125 0.190625 0.02265625 0.01796875
0 0.60859375 0.20234375 0.0265625 0.01796875
0 0.56328125 0.1859375 0.0234375 0.0171875
0 0.575 0.20078125 0.025 0.01875
0 0.58984375 0.21328125 0.0234375 0.01796875
0 0.61171875 0.2203125 0.02421875 0.01875
0 0.63828125 0.22734375 0.02578125 0.0203125
0 0.59375 0.2328125 0.02734375 0.02109375
0 0.61953125 0.2375 0.02265625 0.0171875
0 0.62734375 0.25546875 0.02734375 0.01953125
0 0.65703125 0.24609375 0.025 0.021875
0 0.6046875 0.2640625 0.025 0.01953125
0 0.62734375 0.27578125 0.02578125 0.02265625
0 0.5875 0.2515625 0.02578125 0.02109375
0 0.58828125 0.28359375 0.02578125 0.02109375
0 0.6109375 0.2921875 0.0265625 0.02109375
0 0.63359375 0.30078125 0.0265625 0.01875
0 0.6015625 0.31015625 0.02734375 0.025
0 0.6390625 0.3203125 0.028125 0.02421875
0 0.73984375 0.26484375 0.0296875 0.02421875
0 0.70859375 0.37578125 0.02734375 0.021875
0 0.759375 0.33125 0.0328125 0.028125
0 0.75625 0.35859375 0.03046875 0.025
0 0.69921875 0.38828125 0.028125 0.02734375
0 0.7 0.35234375 0.028125 0.0234375
0 0.6796875 0.4125 0.02890625 0.0296875
0 0.63671875 0.40078125 0.0296875 0.0265625
0 0.59921875 0.44609375 0.03046875 0.02734375
0 0.58203125 0.42109375 0.0296875 0.02421875
0 0.55078125 0.41640625 0.0296875 0.02578125
0 0.54375 0.4421875 0.03046875 0.025
0 0.51796875 0.4234375 0.02109375 0.02578125
0 0.50390625 0.4015625 0.0265625 0.01875
0 0.52734375 0.390625 0.02890625 0.025
0 0.5 0.421875 0.025 0.02578125
0 0.47578125 0.40859375 0.0296875 0.025
0 0.475 0.38203125 0.028125 0.02265625
0 0.47734375 0.359375 0.03046875 0.02109375
0 0.5046875 0.36640625 0.0265625 0.021875
0 0.55 0.33671875 0.02734375 0.021875
0 0.46875 0.3390625 0.0265625 0.021875
0 0.49375 0.33203125 0.02578125 0.025
0 0.51171875 0.1765625 0.021875 0.01875
0 0.51484375 0.19296875 0.0234375 0.0203125
0 0.51171875 0.31171875 0.02578125 0.02109375
0 0.48671875 0.30390625 0.02578125 0.02109375
0 0.49375 0.25234375 0.02734375 0.02265625
0 0.50703125 0.2265625 0.028125 0.01953125
0 0.50078125 0.20546875 0.02421875 0.0171875
0 0.4828125 0.17578125 0.02421875 0.015625
0 0.4890625 0.1921875 0.0234375 0.0171875
0 0.4578125 0.18125 0.02421875 0.015625
0 0.4734375 0.203125 0.02578125 0.01640625
0 0.484375 0.2203125 0.025 0.01875
0 0.45078125 0.196875 0.0234375 0.01796875
0 0.459375 0.21796875 0.02578125 0.0203125
0 0.428125 0.20078125 0.02421875 0.01875
0 0.434375 0.21796875 0.025 0.01796875
0 0.4109375 0.215625 0.02421875 0.01640625
0 0.43203125 0.234375 0.028125 0.02109375
0 0.40078125 0.2015625 0.0234375 0.01953125
0 0.4078125 0.23125 0.0234375 0.01796875
0 0.4109375 0.25 0.025 0.0203125
0 0.38203125 0.221875 0.0265625 0.01953125
0 0.3875 0.24296875 0.025 0.01875
0 0.3609375 0.23359375 0.0265625 0.02109375
0 0.36484375 0.25078125 0.02890625 0.01875
0 0.39140625 0.26015625 0.02734375 0.01796875
0 0.409375 0.2796875 0.02578125 0.02265625
0 0.33125 0.2234375 0.028125 0.0203125
0 0.3046875 0.23359375 0.02734375 0.021875
0 0.33203125 0.2453125 0.028125 0.02109375
0 0.33515625 0.26484375 0.0296875 0.01796875
0 0.36953125 0.26953125 0.0265625 0.02421875
0 0.3859375 0.2859375 0.02734375 0.021875
0 0.33046875 0.28359375 0.02734375 0.01953125
0 0.3421875 0.30234375 0.0265625 0.021875
0 0.3671875 0.29921875 0.02578125 0.02109375
0 0.38515625 0.31328125 0.03046875 0.0234375
0 0.315625 0.30703125 0.02734375 0.0203125
0 0.2828125 0.28671875 0.02890625 0.0265625
0 0.31796875 0.32734375 0.028125 0.02421875
0 0.34140625 0.334375 0.0296875 0.02265625
0 0.3671875 0.3375 0.028125 0.025
0 0.33359375 0.3578125 0.0296875 0.0234375
0 0.38828125 0.35078125 0.03046875 0.0203125
0 0.35625 0.36796875 0.03046875 0.0234375
0 0.38359375 0.37109375 0.02890625 0.02421875
0 0.36796875 0.3921875 0.03203125 0.0265625
0 0.38359375 0.42265625 0.0328125 0.028125
0 0.41640625 0.45390625 0.03125 0.02734375
0 0.53828125 0.4953125 0.0328125 0.0296875
0 0.775 0.44765625 0.03203125 0.0296875
0 0.76328125 0.48828125 0.0328125 0.03046875
0 0.625 0.5421875 0.03203125 0.03046875
0 0.075 0.334375 0.034375 0.02421875
0 0.13046875 0.37421875 0.03359375 0.0265625
0 0.34296875 0.6453125 0.03359375 0.03515625
0 0.35390625 0.7046875 0.0375 0.034375