0 0.9796875 0.4734375 0.025 0.028125
0 0.9328125 0.459375 0.025 0.0234375
0 0.925 0.484375 0.021875 0.0265625
0 0.89609375 0.428125 0.0234375 0.028125
0 0.9046875 0.46484375 0.0203125 0.025
0 0.8890625 0.47265625 0.021875 0.0265625
0 0.87578125 0.45703125 0.025 0.025
0 0.86171875 0.43203125 0.0234375 0.0265625
0 0.84140625 0.45 0.021875 0.0265625
0 0.846875 0.4984375 0.021875 0.025
0 0.7875 0.43046875 0.025 0.0265625
0 0.80546875 0.434375 0.021875 0.025
0 0.79921875 0.45625 0.025 0.025
0 0.7953125 0.50234375 0.0265625 0.0296875
0 0.78125 0.528125 0.025 0.0265625
0 0.76875 0.60234375 0.0265625 0.028125
0 0.75546875 0.575 0.025 0.025
0 0.72421875 0.46796875 0.0265625 0.0296875
0 0.7484375 0.47421875 0.028125 0.028125
0 0.77109375 0.496875 0.0234375 0.03125
0 0.75234375 0.50234375 0.021875 0.0265625
0 0.734375 0.503125 0.0234375 0.03125
0 0.71640625 0.49453125 0.0234375 0.028125
0 0.69453125 0.484375 0.025 0.025
0 0.71953125 0.52890625 0.0265625 0.028125
0 0.7296875 0.56640625 0.0265625 0.028125
0 0.70546875 0.54921875 0.0265625 0.028125
0 0.6984375 0.57421875 0.025 0.0296875
0 0.67734375 0.5171875 0.0265625 0.028125
0 0.6828125 0.55703125 0.0265625 0.028125
0 0.66328125 0.54609375 0.025 0.0265625
0 0.6484375 0.52734375 0.0296875 0.03125
0 0.64296875 0.59296875 0.0265625 0.028125
0 0.66328125 0.6703125 0.0296875 0.0296875
0 0.65078125 0.61796875 0.0265625 0.0296875
0 0.62265625 0.51015625 0.0265625 0.028125
0 0.62109375 0.54609375 0.0296875 0.03125
0 0.60625 0.565625 0.03125 0.0328125
0 0.5953125 0.6421875 0.0296875 0.034375
0 0.5875 0.540625 0.0328125 0.034375
0 0.575 0.625 0.0296875 0.0296875
0 0.571875 0.5109375 0.0296875 0.0328125
0 0.55234375 0.60390625 0.0265625 0.034375
0 0.5609375 0.54140625 0.0296875 0.0328125
0 0.55546875 0.5734375 0.0296875 0.0328125
0 0.57578125 0.59453125 0.028125 0.03125
0 0.53359375 0.58046875 0.0296875 0.0328125
0 0.53046875 0.6109375 0.028125 0.028125
0 0.51328125 0.57890625 0.028125 0.028125
0 0.49375 0.53046875 0.0296875 0.03125
0 0.50625 0.5515625 0.03125 0.0328125
0 0.4984375 0.5046875 0.0296875 0.0328125
0 0.4734375 0.47265625 0.0296875 0.0328125
0 0.4734375 0.51328125 0.0296875 0.03125
0 0.46953125 0.53984375 0.0265625 0.028125
0 0.484375 0.56796875 0.0296875 0.0328125
0 0.496875 0.61328125 0.0296875 0.0296875
0 0.49375 0.64140625 0.0328125 0.03125
0 0.47265625 0.61640625 0.03125 0.03125
0 0.46484375 0.584375 0.0296875 0.03125
0 0.44375 0.53046875 0.0296875 0.03125
0 0.45390625 0.55703125 0.0296875 0.0328125
0 0.4390625 0.57578125 0.0296875 0.0328125
0 0.45703125 0.64609375 0.03125 0.0328125
0 0.4234375 0.659375 0.0328125 0.0328125
0 0.44453125 0.60546875 0.0296875 0.0328125
0 0.425 0.63046875 0.0328125 0.0296875
0 0.39921875 0.64140625 0.03125 0.034375
0 0.4203125 0.59375 0.0296875 0.03125
0 0.4015625 0.61328125 0.03125 0.03125
0 0.415625 0.565625 0.0296875 0.0296875
0 0.39609375 0.5859375 0.03125 0.0296875
0 0.37578125 0.6046875 0.03125 0.0328125
0 0.365625 0.634375 0.0328125 0.0359375
0 0.37890625 0.6640625 0.0328125 0.0328125
0 0.36640625 0.69609375 0.0375 0.0359375
0 0.3484375 0.671875 0.0359375 0.0359375
0 0.41953125 0.5421875 0.0328125 0.03125
0 0.38515625 0.52890625 0.0328125 0.0359375
0 0.38984375 0.55859375 0.0296875 0.0328125
0 0.37109375 0.57734375 0.0328125 0.0328125
0 0.35078125 0.60625 0.0328125 0.0328125
0 0.3375 0.634375 0.034375 0.0328125
0 0.36015625 0.55 0.0359375 0.0359375
0 0.34140625 0.57734375 0.034375 0.0328125
0 0.32109375 0.60078125 0.0359375 0.0359375
0 0.31015625 0.62421875 0.0375 0.0359375
0 0.28984375 0.65 0.040625 0.0390625
0 0.28125 0.61015625 0.0359375 0.034375
0 0.3125 0.5703125 0.0359375 0.034375
0 0.28671875 0.57734375 0.0328125 0.034375
0 0.2578125 0.58828125 0.0390625 0.0390625
0 0.1890625 0.56171875 0.0421875 0.0375
0 0.22265625 0.575 0.040625 0.0421875
0 0.25390625 0.61953125 0.0359375 0.034375
0 0.24375 0.65 0.0390625 0.0375
0 0.21171875 0.65234375 0.0390625 0.0359375
0 0.1828125 0.678125 0.040625 0.040625
0 0.12265625 0.665625 0.0453125 0.0390625