0 0.60234375 0.69296875 0.0296875 0.03203125
0 0.61328125 0.6734375 0.034375 0.028125
0 0.5765625 0.59921875 0.0296875 0.0296875
0 0.54453125 0.6171875 0.03203125 0.02734375
0 0.5125 0.59375 0.0296875 0.02578125
0 0.69921875 0.63828125 0.03046875 0.0296875
0 0.66171875 0.6140625 0.0296875 0.028125
0 0.65390625 0.5890625 0.02890625 0.02734375
0 0.6953125 0.5578125 0.03203125 0.03046875
0 0.66640625 0.56015625 0.03046875 0.028125
0 0.68046875 0.525 0.02890625 0.028125
0 0.6484375 0.5125 0.0296875 0.028125
0 0.628125 0.53046875 0.03046875 0.0265625
0 0.5875 0.52265625 0.03046875 0.028125
0 0.56796875 0.50546875 0.0265625 0.0234375
0 0.6171875 0.484375 0.0265625 0.02578125
0 0.59609375 0.496875 0.0265625 0.02421875
0 0.575 0.48359375 0.028125 0.02265625
0 0.6109375 0.46015625 0.02578125 0.021875
0 0.59453125 0.47265625 0.0234375 0.0234375
0 0.578125 0.45625 0.0265625 0.0203125
0 0.55703125 0.446875 0.0265625 0.021875
0 0.59453125 0.4421875 0.02578125 0.02265625
0 0.57734375 0.4265625 0.02421875 0.021875
0 0.53515625 0.43203125 0.02265625 0.01328125
0 0.51015625 0.4390625 0.02421875 0.02109375
0 0.5328125 0.44375 0.0234375 0.021875
0 0.5296875 0.46875 0.0234375 0.02265625
0 0.50859375 0.484375 0.02578125 0.025
0 0.4828125 0.46953125 0.025 0.02421875
0 0.459375 0.48125 0.025 0.0234375
0 0.43828125 0.49375 0.02578125 0.02265625
0 0.471875 0.51796875 0.02734375 0.025
0 0.44453125 0.521875 0.02578125 0.02421875
0 0.41640625 0.51171875 0.0265625 0.02578125
0 0.45625 0.55078125 0.02578125 0.02578125
0 0.42421875 0.5453125 0.028125 0.028125
0 0.39609375 0.55390625 0.0265625 0.0265625
0 0.8203125 0.5828125 0.0296875 0.028125
0 0.859375 0.54375 0.03359375 0.02890625
0 0.1984375 0.6578125 0.034375 0.028125
0 0.16484375 0.671875 0.03359375 0.0328125
0 0.1265625 0.5890625 0.03125 0.028125
0 0.11484375 0.54609375 0.03046875 0.02890625
0 0.1921875 0.55390625 0.03359375 0.02734375
0 0.19453125 0.5265625 0.0328125 0.02734375
0 0.16640625 0.51796875 0.03125 0.0265625
0 0.18984375 0.4921875 0.03046875 0.025
0 0.1515625 0.48359375 0.0296875 0.0265625
0 0.24609375 0.4859375 0.03203125 0.02734375
0 0.11875 0.4734375 0.03046875 0.02578125
0 0.10390625 0.4265625 0.02890625 0.02421875
0 0.14296875 0.4578125 0.0296875 0.02421875
0 0.12734375 0.440625 0.02734375 0.02265625
0 0.12734375 0.403125 0.03125 0.0234375
0 0.1171875 0.3765625 0.028125 0.02265625
0 0.16484375 0.4 0.0296875 0.02421875
0 0.1734375 0.43671875 0.02734375 0.0265625
0 0.20234375 0.4421875 0.028125 0.025
0 0.2828125 0.4375 0.03515625 0.0265625
0 0.44453125 0.42890625 0.025 0.025
0 0.41953125 0.43046875 0.0265625 0.02421875
0 0.4046875 0.3984375 0.0265625 0.02265625
0 0.39609375 0.37890625 0.025 0.02109375
0 0.4203125 0.365625 0.02578125 0.02265625
0 0.42890625 0.34765625 0.02890625 0.02265625
0 0.4578125 0.31640625 0.025 0.02109375
0 0.44296875 0.33203125 0.02421875 0.02109375
0 0.4390625 0.2953125 0.02421875 0.02109375
0 0.415625 0.296875 0.0234375 0.0203125
0 0.4015625 0.31015625 0.02421875 0.0203125
0 0.3796875 0.30078125 0.02421875 0.01953125
0 0.4109375 0.278125 0.02421875 0.01953125
0 0.38671875 0.27890625 0.02421875 0.0203125
0 0.446875 0.2703125 0.0265625 0.02109375
0 0.42421875 0.25234375 0.02265625 0.01796875
0 0.39609375 0.24765625 0.02421875 0.02109375
0 0.41484375 0.23671875 0.0234375 0.02109375
0 0.4421875 0.2265625 0.025 0.0203125
0 0.39140625 0.20078125 0.02578125 0.021875
0 0.37421875 0.21484375 0.0234375 0.0203125
0 0.34921875 0.20625 0.02265625 0.0203125
0 0.365625 0.1890625 0.02421875 0.02265625
0 0.26796875 0.21484375 0.02890625 0.02265625
0 0.3703125 0.1546875 0.01953125 0.01640625
0 0.3671875 0.1390625 0.0203125 0.01875
0 0.33984375 0.1375 0.02265625 0.01796875
0 0.38203125 0.16484375 0.02109375 0.021875
0 0.3890625 0.140625 0.02109375 0.01875
0 0.39765625 0.1265625 0.0203125 0.015625
0 0.3765625 0.1234375 0.0203125 0.015625
0 0.38046875 0.10859375 0.0234375 0.0171875
0 0.37734375 0.0921875 0.02265625 0.01640625
0 0.40078125 0.10078125 0.02109375 0.01875
0 0.40859375 0.1421875 0.021875 0.0171875
0 0.45 0.1421875 0.02421875 0.01875
0 0.4265625 0.1390625 0.0203125 0.01796875
0 0.43984375 0.15390625 0.015625 0.015625
0 0.42421875 0.1546875 0.01953125 0.0171875
0 0.45234375 0.16640625 0.02109375 0.0171875
0 0.4703125 0.16171875 0.0234375 0.01875
0 0.4546875 0.18203125 0.02109375 0.01796875
0 0.4390625 0.1921875 0.021875 0.01640625
0 0.47578125 0.1921875 0.028125 0.01875
0 0.48984375 0.22109375 0.0234375 0.01875
0 0.46328125 0.2125 0.02734375 0.01875
0 0.55859375 0.41171875 0.02578125 0.0234375
0 0.54609375 0.38359375 0.02421875 0.02265625
0 0.52890625 0.40703125 0.03046875 0.0234375
0 0.5890625 0.3953125 0.0265625 0.025
0 0.5515625 0.35546875 0.02421875 0.02265625
0 0.515625 0.34296875 0.02578125 0.02421875
0 0.50859375 0.31484375 0.0234375 0.02265625
0 0.534375 0.309375 0.0234375 0.0234375
0 0.60546875 0.325 0.02734375 0.0234375
0 0.55 0.28515625 0.0234375 0.02109375
0 0.559375 0.265625 0.0234375 0.01875
0 0.5625 0.24140625 0.02265625 0.0234375
0 0.90859375 0.41328125 0.028125 0.02421875
0 0.90078125 0.3859375 0.0265625 0.025
0 0.834375 0.39453125 0.03125 0.02578125
0 0.86171875 0.36171875 0.0265625 0.021875
0 0.83828125 0.34375 0.02734375 0.02421875
0 0.8375 0.3171875 0.028125 0.021875
0 0.8015625 0.3015625 0.0265625 0.0234375
0 0.77578125 0.30390625 0.02578125 0.0265625
0 0.7453125 0.26328125 0.0265625 0.02421875
0 0.66953125 0.33046875 0.02734375 0.025
0 0.73046875 0.24375 0.02421875 0.0203125
0 0.71015625 0.23828125 0.025 0.01953125
0 0.6828125 0.22578125 0.02109375 0.0171875
0 0.71796875 0.21953125 0.01640625 0.01875
0 0.6546875 0.21015625 0.02421875 0.01953125
0 0.70078125 0.21796875 0.0234375 0.01796875
0 0.70390625 0.17578125 0.02265625 0.01875
0 0.709375 0.1578125 0.0203125 0.01796875
0 0.66484375 0.1546875 0.021875 0.01953125
0 0.67421875 0.134375 0.02109375 0.0203125
0 0.65078125 0.13125 0.021875 0.0203125
0 0.6171875 0.125 0.025 0.0234375
0 0.5828125 0.178125 0.02578125 0.0203125
0 0.66484375 0.11484375 0.025 0.021875
0 0.4921875 0.12109375 0.02421875 0.01875
0 0.4625 0.08046875 0.02265625 0.02109375