0 0.2671875 0.7640625 0.0296875 0.0296875
0 0.28671875 0.78671875 0.0296875 0.0296875
0 0.340625 0.7734375 0.0296875 0.0296875
0 0.3671875 0.76875 0.028125 0.0296875
0 0.39453125 0.76640625 0.0296875 0.0296875
0 0.42109375 0.778125 0.028125 0.0296875
0 0.44453125 0.76796875 0.0265625 0.0296875
0 0.46796875 0.76171875 0.0265625 0.028125
0 0.48515625 0.7890625 0.028125 0.0328125
0 0.44921875 0.6921875 0.0265625 0.025
0 0.47265625 0.68203125 0.028125 0.028125
0 0.40390625 0.6578125 0.028125 0.0265625
0 0.42421875 0.63671875 0.0265625 0.0265625
0 0.3921875 0.62734375 0.0234375 0.0265625
0 0.39609375 0.60390625 0.0265625 0.025
0 0.365625 0.590625 0.0265625 0.025
0 0.37265625 0.6125 0.0265625 0.0234375
0 0.3546875 0.55234375 0.028125 0.0296875
0 0.37734375 0.528125 0.028125 0.028125
0 0.30078125 0.4859375 0.0296875 0.0265625
0 0.35234375 0.45546875 0.0296875 0.028125
0 0.2734375 0.46875 0.028125 0.028125
0 0.371875 0.428125 0.0296875 0.0296875
0 0.40859375 0.42890625 0.0296875 0.0296875
0 0.4375 0.434375 0.0265625 0.028125
0 0.46953125 0.43359375 0.028125 0.03125
0 0.440625 0.52265625 0.03125 0.03125
0 0.503125 0.46484375 0.034375 0.034375
0 0.50234375 0.41484375 0.028125 0.0265625
0 0.5109375 0.3921875 0.0265625 0.0265625
0 0.4875 0.36875 0.028125 0.0265625
0 0.52734375 0.42734375 0.0265625 0.0265625
0 0.53203125 0.40390625 0.025 0.0265625
0 0.5546875 0.4109375 0.0265625 0.0265625
0 0.56328125 0.4375 0.03125 0.03125
0 0.54296875 0.3734375 0.0296875 0.028125
0 0.54765625 0.34765625 0.0296875 0.0296875
0 0.571875 0.34609375 0.028125 0.0296875
0 0.5953125 0.34375 0.0234375 0.0265625
0 0.6078125 0.3625 0.0265625 0.0265625
0 0.6125 0.33046875 0.0265625 0.025
0 0.62734375 0.35078125 0.0265625 0.0265625
0 0.63828125 0.328125 0.0265625 0.0265625
0 0.65 0.35546875 0.028125 0.0296875
0 0.6453125 0.303125 0.0265625 0.028125
0 0.59140625 0.30625 0.0296875 0.028125
0 0.62109375 0.3078125 0.0265625 0.0265625
0 0.5609375 0.31015625 0.0296875 0.0296875
0 0.571875 0.28515625 0.0265625 0.0265625
0 0.52578125 0.271875 0.028125 0.0296875
0 0.5484375 0.2828125 0.0265625 0.028125
0 0.5875 0.25859375 0.0265625 0.0265625
0 0.5984375 0.28203125 0.025 0.0265625
0 0.61484375 0.259375 0.0265625 0.0265625
0 0.6296875 0.275 0.0296875 0.0296875
0 0.65625 0.27578125 0.0234375 0.0265625
0 0.6296875 0.2375 0.0296875 0.0296875
0 0.68046875 0.2875 0.0265625 0.0265625
0 0.70546875 0.29921875 0.0265625 0.028125
0 0.728125 0.28984375 0.0234375 0.0265625
0 0.70546875 0.33671875 0.028125 0.0296875
0 0.6859375 0.32265625 0.0265625 0.0265625
0 0.67578125 0.34765625 0.028125 0.028125
0 0.6609375 0.3234375 0.028125 0.0296875
0 0.64609375 0.425 0.03125 0.03125
0 0.66796875 0.409375 0.0265625 0.0265625
0 0.41953125 0.284375 0.034375 0.0328125
0 0.5171875 0.57890625 0.0296875 0.028125
0 0.53984375 0.5734375 0.0265625 0.0234375
0 0.5640625 0.565625 0.0234375 0.028125
0 0.55390625 0.5421875 0.0265625 0.028125
0 0.553125 0.515625 0.028125 0.0265625
0 0.59453125 0.5234375 0.028125 0.0296875
0 0.61484375 0.60859375 0.028125 0.0265625
0 0.64609375 0.625 0.0296875 0.0328125
0 0.68203125 0.59921875 0.025 0.0234375
0 0.68828125 0.57421875 0.0296875 0.0296875
0 0.7125 0.5890625 0.0265625 0.028125
0 0.7375 0.5828125 0.028125 0.0296875
0 0.73125 0.5046875 0.0296875 0.0296875
0 0.76796875 0.43125 0.03125 0.03125
0 0.72421875 0.13515625 0.03125 0.03125
0 0.75078125 0.134375 0.0265625 0.0265625
0 0.63203125 0.80859375 0.04375 0.0375