0 0.4140625 0.20234375 0.01875 0.0203125
0 0.45 0.18984375 0.0203125 0.021875
0 0.21640625 0.32890625 0.025 0.0234375
0 0.21171875 0.35625 0.01875 0.021875
0 0.346875 0.321875 0.0203125 0.021875
0 0.3296875 0.328125 0.0203125 0.021875
0 0.32890625 0.346875 0.021875 0.021875
0 0.34453125 0.3625 0.021875 0.021875
0 0.3453125 0.34375 0.0203125 0.021875
0 0.440625 0.24765625 0.021875 0.021875
0 0.43125 0.2890625 0.0234375 0.0234375
0 0.4125 0.3359375 0.021875 0.021875
0 0.61875 0.25703125 0.0234375 0.025
0 0.60390625 0.32421875 0.0234375 0.0234375
0 0.65 0.29765625 0.021875 0.021875
0 0.6734375 0.2921875 0.021875 0.021875
0 0.64296875 0.315625 0.021875 0.021875
0 0.63515625 0.33359375 0.0234375 0.0234375
0 0.65703125 0.3265625 0.0234375 0.0234375
0 0.68046875 0.31171875 0.021875 0.021875
0 0.6609375 0.309375 0.01875 0.021875
0 0.54296875 0.35703125 0.021875 0.021875
0 0.40234375 0.390625 0.021875 0.021875
0 0.40859375 0.40703125 0.021875 0.021875
0 0.38046875 0.42890625 0.0234375 0.025
0 0.35625 0.43828125 0.0234375 0.025
0 0.31015625 0.40078125 0.0234375 0.025
0 0.28515625 0.4515625 0.021875 0.021875
0 0.28046875 0.46171875 0.021875 0.0203125
0 0.46875 0.4203125 0.0234375 0.0234375
0 0.46171875 0.44140625 0.0203125 0.021875
0 0.478125 0.44375 0.0234375 0.0234375
0 0.51953125 0.425 0.021875 0.021875
0 0.5375 0.428125 0.0234375 0.0234375
0 0.53203125 0.44375 0.0234375 0.025
0 0.55625 0.44765625 0.025 0.0234375
0 0.54375 0.45859375 0.021875 0.021875
0 0.51875 0.46875 0.021875 0.0234375
0 0.4953125 0.47734375 0.021875 0.021875
0 0.49140625 0.49609375 0.025 0.0234375
0 0.509375 0.4875 0.021875 0.0203125
0 0.52578125 0.490625 0.021875 0.021875
0 0.53984375 0.478125 0.0203125 0.021875
0 0.50703125 0.50390625 0.021875 0.01875
0 0.49609375 0.51875 0.0234375 0.021875
0 0.51953125 0.50703125 0.021875 0.01875
0 0.53515625 0.509375 0.021875 0.021875
0 0.51328125 0.52265625 0.021875 0.021875
0 0.51953125 0.53671875 0.021875 0.021875
0 0.51328125 0.55078125 0.025 0.0234375
0 0.54140625 0.54609375 0.0265625 0.025
0 0.45 0.5390625 0.0234375 0.025
0 0.43125 0.5390625 0.0265625 0.025
0 0.4515625 0.5625 0.025 0.0234375
0 0.33125 0.5328125 0.028125 0.0265625
0 0.27734375 0.5640625 0.0265625 0.0265625
0 0.215625 0.54609375 0.0265625 0.0265625
0 0.490625 0.57890625 0.021875 0.021875
0 0.47578125 0.58515625 0.0203125 0.021875
0 0.4421875 0.609375 0.0234375 0.0234375
0 0.46875 0.6109375 0.021875 0.021875
0 0.48828125 0.59765625 0.01875 0.021875
0 0.4859375 0.61171875 0.0203125 0.0203125
0 0.51328125 0.59375 0.0203125 0.021875
0 0.5 0.6 0.0234375 0.0234375
0 0.51953125 0.60703125 0.01875 0.0203125
0 0.51640625 0.6234375 0.0203125 0.01875
0 0.53515625 0.609375 0.01875 0.021875
0 0.53515625 0.63203125 0.021875 0.0203125
0 0.60625 0.39765625 0.0203125 0.021875
0 0.62109375 0.409375 0.0203125 0.021875
0 0.640625 0.42265625 0.0234375 0.021875
0 0.70390625 0.3421875 0.0234375 0.0234375
0 0.7140625 0.38125 0.021875 0.021875
0 0.73125 0.3546875 0.021875 0.021875
0 0.73046875 0.371875 0.0203125 0.021875
0 0.6 0.471875 0.01875 0.021875
0 0.58671875 0.48828125 0.021875 0.021875
0 0.5921875 0.5046875 0.0203125 0.0203125
0 0.60625 0.51640625 0.021875 0.021875
0 0.596875 0.5296875 0.01875 0.021875
0 0.5796875 0.534375 0.025 0.025
0 0.61171875 0.540625 0.0234375 0.0234375
0 0.6578125 0.47734375 0.0234375 0.025
0 0.6515625 0.50625 0.021875 0.021875
0 0.65625 0.5234375 0.025 0.0234375
0 0.678125 0.5046875 0.0234375 0.025
0 0.69453125 0.51328125 0.0265625 0.0265625
0 0.5984375 0.60078125 0.01875 0.0203125
0 0.590625 0.61640625 0.01875 0.0203125
0 0.56953125 0.6171875 0.01875 0.0203125
0 0.5484375 0.62265625 0.0203125 0.021875
0 0.5578125 0.6375 0.01875 0.021875
0 0.57421875 0.63515625 0.021875 0.021875
0 0.61328125 0.6125 0.0203125 0.0203125
0 0.63671875 0.621875 0.0234375 0.025
0 0.66640625 0.58828125 0.021875 0.021875
0 0.65859375 0.6203125 0.01875 0.021875
0 0.67734375 0.60859375 0.0203125 0.021875
0 0.68515625 0.6421875 0.0203125 0.021875
0 0.734375 0.6328125 0.0234375 0.0234375
0 0.75078125 0.65625 0.0203125 0.021875
0 0.7203125 0.6734375 0.01875 0.021875
0 0.65 0.68125 0.01875 0.021875
0 0.61640625 0.6890625 0.0203125 0.01875
0 0.5953125 0.68515625 0.01875 0.0203125
0 0.63671875 0.69765625 0.01875 0.01875
0 0.6140625 0.7125 0.01875 0.0203125
0 0.6546875 0.6984375 0.021875 0.01875
0 0.67265625 0.70859375 0.021875 0.021875
0 0.6 0.72109375 0.01875 0.0203125
0 0.5453125 0.6828125 0.0203125 0.021875
0 0.540625 0.70546875 0.0234375 0.0234375
0 0.58515625 0.7484375 0.0203125 0.021875
0 0.54375 0.76328125 0.021875 0.0203125
0 0.54140625 0.7859375 0.021875 0.021875
0 0.60234375 0.7453125 0.01875 0.021875
0 0.60078125 0.7703125 0.01875 0.021875
0 0.6140625 0.7546875 0.021875 0.01875
0 0.61328125 0.7828125 0.01875 0.0203125
0 0.625 0.76953125 0.021875 0.01875
0 0.48828125 0.81796875 0.0203125 0.0203125
0 0.51640625 0.81796875 0.021875 0.01875
0 0.503125 0.81640625 0.015625 0.0203125
0 0.4203125 0.82421875 0.021875 0.021875
0 0.39140625 0.82109375 0.021875 0.0203125
0 0.37265625 0.8140625 0.0203125 0.021875
0 0.39765625 0.80390625 0.021875 0.021875
0 0.4109375 0.7671875 0.021875 0.021875
0 0.39609375 0.75859375 0.021875 0.0203125
0 0.44140625 0.73515625 0.0234375 0.0234375
0 0.42421875 0.73125 0.021875 0.021875
0 0.40625 0.7234375 0.0234375 0.0234375
0 0.4375 0.68046875 0.021875 0.021875
0 0.41796875 0.68203125 0.021875 0.0203125
0 0.4078125 0.66796875 0.0234375 0.021875
0 0.39921875 0.64921875 0.025 0.0234375
0 0.69921875 0.7171875 0.021875 0.021875
0 0.67109375 0.72890625 0.01875 0.0203125
0 0.68359375 0.73984375 0.01875 0.0203125
0 0.6921875 0.75390625 0.0203125 0.01875
0 0.69609375 0.77265625 0.0203125 0.021875
0 0.75390625 0.76328125 0.01875 0.021875
0 0.3640625 0.87578125 0.0265625 0.03125