0 0.46953125 0.35859375 0.025 0.025
0 0.24296875 0.4390625 0.0359375 0.0359375
0 0.33203125 0.4453125 0.0296875 0.0296875
0 0.125 0.61640625 0.03125 0.03125
0 0.31875 0.55546875 0.0296875 0.0296875
0 0.5984375 0.5046875 0.0328125 0.03125
0 0.3546875 0.65703125 0.0296875 0.03125
0 0.79609375 0.621875 0.034375 0.03125
0 0.64453125 0.675 0.03125 0.03125
0 0.2203125 0.68125 0.03125 0.03125
0 0.4640625 0.53515625 0.028125 0.0296875
0 0.57109375 0.4484375 0.034375 0.03125
0 0.30625 0.6265625 0.03125 0.03125
0 0.7609375 0.225 0.03125 0.0328125
0 0.71171875 0.5609375 0.0328125 0.03125
0 0.23984375 0.6125 0.03125 0.03125
0 0.27421875 0.63984375 0.03125 0.034375
0 0.71015625 0.3609375 0.0328125 0.03125
0 0.2328125 0.509375 0.03125 0.0296875
0 0.55078125 0.0546875 0.03125 0.03125
0 0.3171875 0.7375 0.0296875 0.03125
0 0.2234375 0.58515625 0.0328125 0.0328125
0 0.67890625 0.625 0.034375 0.03125
0 0.61015625 0.790625 0.0328125 0.0328125
0 0.24609375 0.75 0.03125 0.034375
0 0.403125 0.68671875 0.0296875 0.03125
0 0.8421875 0.32890625 0.034375 0.03125
0 0.5515625 0.7171875 0.03125 0.034375
0 0.65078125 0.21171875 0.03125 0.034375
0 0.7109375 0.51875 0.03125 0.0328125
0 0.475 0.05703125 0.03125 0.03125
0 0.70703125 0.59453125 0.03125 0.03125
0 0.62265625 0.2375 0.0296875 0.03125
0 0.69921875 0.4703125 0.03125 0.03125
0 0.52109375 0.46171875 0.0328125 0.03125
0 0.72265625 0.08046875 0.028125 0.03125
0 0.36484375 0.5453125 0.0296875 0.0296875
0 0.559375 0.79140625 0.03125 0.03125
0 0.375 0.7265625 0.03125 0.03125
0 0.73828125 0.26640625 0.03125 0.03125
0 0.34921875 0.49375 0.03125 0.03125
0 0.37265625 0.7640625 0.03125 0.03125
0 0.53828125 0.49609375 0.0296875 0.0296875
0 0.59140625 0.63984375 0.03125 0.0296875
0 0.4296875 0.7375 0.0296875 0.03125
0 0.80234375 0.26953125 0.0296875 0.034375
0 0.40859375 0.25078125 0.0296875 0.0296875
0 0.42734375 0.05390625 0.028125 0.0296875
0 0.7484375 0.4984375 0.03125 0.03125
0 0.76484375 0.259375 0.03125 0.034375
0 0.496875 0.6875 0.03125 0.03125
0 0.44609375 0.7125 0.03125 0.03125
0 0.45546875 0.78671875 0.0296875 0.03125
0 0.72421875 0.4828125 0.03125 0.0328125
0 0.3890625 0.49921875 0.0296875 0.03125
0 0.515625 0.78984375 0.0296875 0.03125
0 0.74609375 0.525 0.03125 0.03125
0 0.69609375 0.32578125 0.03125 0.0328125
0 0.5421875 0.4171875 0.0296875 0.03125
0 0.3640625 0.51640625 0.03125 0.0296875
0 0.571875 0.6125 0.03125 0.03125
0 0.6234375 0.3828125 0.03125 0.03125
0 0.39921875 0.56484375 0.0296875 0.03125
0 0.59296875 0.25703125 0.028125 0.03125
0 0.5109375 0.72890625 0.03125 0.03125
0 0.5359375 0.61953125 0.03125 0.0296875
0 0.3625 0.3390625 0.0296875 0.03125
0 0.64609375 0.27578125 0.0328125 0.03125
0 0.47734375 0.475 0.028125 0.03125
0 0.45546875 0.3015625 0.03125 0.03125
0 0.4125 0.63203125 0.03125 0.03125
0 0.528125 0.21875 0.03125 0.03125
0 0.59453125 0.37578125 0.034375 0.03125
0 0.4453125 0.4671875 0.0296875 0.03125
0 0.465625 0.08671875 0.03125 0.03125
0 0.3671875 0.3953125 0.03125 0.03125
0 0.42109375 0.08125 0.0296875 0.034375
0 0.4890625 0.7140625 0.0296875 0.0296875
0 0.49765625 0.4921875 0.03125 0.03125
0 0.37578125 0.421875 0.03125 0.03125
0 0.62421875 0.30390625 0.03125 0.034375
0 0.22109375 0.5328125 0.03125 0.03125
0 0.48359375 0.57890625 0.0296875 0.03125
0 0.38671875 0.46171875 0.0296875 0.0296875
0 0.403125 0.278125 0.03125 0.03125
0 0.58125 0.22734375 0.03125 0.0328125
0 0.4 0.5984375 0.0296875 0.0296875
0 0.54296875 0.5953125 0.03125 0.03125
0 0.415625 0.46484375 0.028125 0.0296875
0 0.68125 0.29453125 0.03125 0.03125
0 0.5875 0.3484375 0.0296875 0.03125
0 0.2109375 0.55 0.0296875 0.03125
0 0.44921875 0.06875 0.028125 0.03125
0 0.51015625 0.56640625 0.0296875 0.03125
0 0.61640625 0.33515625 0.03125 0.03125
0 0.55546875 0.21875 0.0296875 0.03125
0 0.54296875 0.2453125 0.03125 0.034375
0 0.453125 0.58046875 0.028125 0.0296875
0 0.45 0.609375 0.0296875 0.0296875
0 0.403125 0.43203125 0.03125 0.0296875
0 0.64375 0.33671875 0.0296875 0.03125
0 0.52890625 0.284375 0.03125 0.0328125
0 0.546875 0.38828125 0.0296875 0.03125
0 0.43046875 0.43671875 0.03125 0.03125
0 0.39140625 0.3015625 0.03125 0.03125
0 0.4515625 0.38984375 0.03125 0.034375
0 0.66875 0.32421875 0.0296875 0.03125
0 0.653125 0.3 0.028125 0.03125
0 0.42578125 0.57890625 0.0296875 0.0296875
0 0.5671875 0.25078125 0.0296875 0.03125
0 0.56328125 0.36640625 0.03125 0.03125
0 0.5171875 0.58359375 0.03125 0.03125
0 0.50703125 0.3703125 0.028125 0.0296875
0 0.42421875 0.60703125 0.0296875 0.028125
0 0.44921875 0.41640625 0.03125 0.0296875
0 0.49375 0.35078125 0.03125 0.0328125
0 0.5578125 0.28984375 0.0359375 0.0328125
0 0.525 0.31328125 0.03125 0.03125
0 0.4109375 0.36875 0.028125 0.03125
0 0.534375 0.3640625 0.03125 0.03125
0 0.54921875 0.3171875 0.0296875 0.03125
0 0.38671875 0.328125 0.03125 0.03125
0 0.44453125 0.36171875 0.0296875 0.03125
0 0.5265625 0.3390625 0.0296875 0.03125
0 0.4765625 0.3734375 0.028125 0.03125
0 0.38828125 0.38203125 0.03125 0.0296875
0 0.4265625 0.34296875 0.028125 0.03125
0 0.4375 0.32265625 0.028125 0.03125
0 0.46015625 0.33828125 0.03125 0.03125
0 0.55234375 0.34296875 0.03125 0.03125
0 0.3890625 0.35390625 0.0296875 0.03125
0 0.41171875 0.31875 0.0296875 0.03125