0 0.11875 0.61796875 0.05 0.04375
0 0.41015625 0.9015625 0.04375 0.0421875
0 0.484375 0.89453125 0.05625 0.046875
0 0.421875 0.86640625 0.05625 0.0421875
0 0.45625 0.87109375 0.046875 0.0375
0 0.49921875 0.86640625 0.046875 0.0390625
0 0.3984375 0.8046875 0.05 0.040625
0 0.45234375 0.82109375 0.0484375 0.0421875
0 0.52734375 0.840625 0.05625 0.0421875
0 0.57578125 0.825 0.046875 0.0421875
0 0.6171875 0.83046875 0.046875 0.0453125
0 0.56953125 0.7859375 0.0484375 0.046875
0 0.61171875 0.7953125 0.04375 0.0390625
0 0.54765625 0.753125 0.053125 0.04375
0 0.59375 0.76171875 0.05 0.04375
0 0.63671875 0.77109375 0.05 0.04375
0 0.6859375 0.77578125 0.046875 0.0375
0 0.715625 0.8046875 0.046875 0.0421875
0 0.7671875 0.78046875 0.05 0.040625
0 0.70078125 0.7484375 0.05 0.040625
0 0.62578125 0.72890625 0.04375 0.0359375
0 0.64765625 0.70546875 0.05625 0.0421875
0 0.6796875 0.7171875 0.0453125 0.0421875
0 0.69609375 0.690625 0.046875 0.0390625
0 0.75859375 0.70390625 0.0484375 0.04375
0 0.72578125 0.64609375 0.046875 0.040625
0 0.7671875 0.6140625 0.046875 0.0390625
0 0.790625 0.57890625 0.05 0.040625
0 0.609375 0.53671875 0.05 0.04375
0 0.659375 0.57109375 0.05 0.0421875
0 0.68984375 0.61953125 0.053125 0.0390625
0 0.628125 0.61640625 0.05 0.04375
0 0.565625 0.54921875 0.05 0.0421875
0 0.58515625 0.6109375 0.046875 0.04375
0 0.5359375 0.64375 0.046875 0.0421875
0 0.48203125 0.640625 0.05 0.040625
0 0.43984375 0.640625 0.0515625 0.0359375
0 0.48125 0.60625 0.05 0.04375
0 0.43046875 0.6703125 0.046875 0.0375
0 0.42890625 0.61171875 0.04375 0.0390625
0 0.38984375 0.64375 0.046875 0.0390625
0 0.4171875 0.58359375 0.0453125 0.0421875
0 0.38671875 0.60703125 0.04375 0.0390625
0 0.38046875 0.57109375 0.0484375 0.040625
0 0.31015625 0.59609375 0.0421875 0.0390625
0 0.33203125 0.57109375 0.053125 0.0390625
0 0.25625 0.60390625 0.046875 0.0390625
0 0.26484375 0.57265625 0.046875 0.040625
0 0.29453125 0.55 0.04375 0.0421875
0 0.3484375 0.5453125 0.046875 0.0421875
0 0.35625 0.51484375 0.053125 0.04375
0 0.434375 0.5234375 0.0421875 0.0390625
0 0.5265625 0.53359375 0.0484375 0.0421875
0 0.41484375 0.55 0.040625 0.0359375
0 0.4109375 0.490625 0.046875 0.0390625
0 0.453125 0.490625 0.046875 0.0421875
0 0.39375 0.5171875 0.046875 0.0421875
0 0.3109375 0.5203125 0.05 0.04375
0 0.2578125 0.53046875 0.0484375 0.04375
0 0.12734375 0.5453125 0.0546875 0.0484375
0 0.19375 0.55546875 0.0515625 0.04375
0 0.1875 0.5234375 0.053125 0.04375
0 0.203125 0.49140625 0.0546875 0.046875
0 0.065625 0.4625 0.0546875 0.046875
0 0.13125 0.446875 0.0546875 0.04375
0 0.1953125 0.45546875 0.053125 0.0421875
0 0.23671875 0.471875 0.046875 0.040625
0 0.24296875 0.440625 0.05 0.04375
0 0.28515625 0.44453125 0.053125 0.046875
0 0.3359375 0.48203125 0.05 0.040625
0 0.37734375 0.47421875 0.046875 0.0390625
0 0.39609375 0.446875 0.0484375 0.0453125
0 0.3546875 0.3953125 0.0546875 0.046875
0 0.3890625 0.35078125 0.0484375 0.0453125
0 0.1171875 0.36640625 0.05 0.04375
0 0.1875 0.34609375 0.0546875 0.046875
0 0.26171875 0.33359375 0.05 0.04375
0 0.2546875 0.2640625 0.0515625 0.05
0 0.34453125 0.20859375 0.046875 0.0421875
0 0.29921875 0.21328125 0.0546875 0.046875
0 0.3203125 0.1765625 0.0484375 0.04375
0 0.353125 0.15234375 0.05 0.04375
0 0.403125 0.1375 0.0515625 0.0453125
0 0.4578125 0.2734375 0.05 0.04375
0 0.51796875 0.478125 0.046875 0.0421875
0 0.49375 0.4140625 0.05 0.04375
0 0.53671875 0.39375 0.053125 0.0453125
0 0.74140625 0.4921875 0.0484375 0.04375
0 0.78671875 0.4921875 0.0515625 0.046875
0 0.7203125 0.4546875 0.0484375 0.04375
0 0.78046875 0.4484375 0.05 0.040625
0 0.77734375 0.40625 0.0515625 0.046875
0 0.73515625 0.2859375 0.0546875 0.05
0 0.65234375 0.2796875 0.046875 0.0421875
0 0.69296875 0.27265625 0.0484375 0.0453125
0 0.61171875 0.2796875 0.04375 0.0421875
0 0.6546875 0.23984375 0.0484375 0.040625
0 0.625 0.17109375 0.05 0.04375
0 0.63046875 0.1359375 0.0515625 0.04375