0 0.590625 0.33203125 0.0203125 0.0234375
0 0.53984375 0.3 0.01875 0.021875
0 0.40859375 0.30390625 0.01875 0.01875
0 0.3984375 0.35 0.015625 0.01875
0 0.38359375 0.35078125 0.015625 0.01875
0 0.36875 0.3515625 0.0171875 0.01875
0 0.3640625 0.36640625 0.015625 0.015625
0 0.39296875 0.3671875 0.01875 0.0171875
0 0.37890625 0.3671875 0.015625 0.0171875
0 0.3859375 0.38125 0.01875 0.0171875
0 0.37109375 0.378125 0.01875 0.015625
0 0.35703125 0.37890625 0.0171875 0.01875
0 0.3484375 0.36484375 0.01875 0.0203125
0 0.33515625 0.3703125 0.015625 0.0171875
0 0.3328125 0.38515625 0.01875 0.01875
0 0.31484375 0.3765625 0.01875 0.0171875
0 0.30625 0.3875 0.015625 0.01875
0 0.2921875 0.3765625 0.01875 0.01875
0 0.33828125 0.4 0.01875 0.01875
0 0.34609375 0.38828125 0.01875 0.01875
0 0.3546875 0.40234375 0.01875 0.01875
0 0.38125 0.396875 0.01875 0.021875
0 0.3640625 0.39140625 0.01875 0.01875
0 0.359375 0.4171875 0.0171875 0.01875
0 0.33828125 0.42265625 0.01875 0.01875
0 0.33125 0.43515625 0.01875 0.01875
0 0.353125 0.4328125 0.01875 0.01875
0 0.34453125 0.44921875 0.015625 0.01875
0 0.32578125 0.45078125 0.01875 0.01875
0 0.28984375 0.42109375 0.0171875 0.0203125
0 0.27734375 0.425 0.015625 0.01875
0 0.2875 0.4359375 0.0171875 0.01875
0 0.27265625 0.43828125 0.0171875 0.021875
0 0.265625 0.453125 0.015625 0.01875
0 0.29921875 0.45390625 0.0171875 0.01875
0 0.2859375 0.45234375 0.015625 0.0203125
0 0.2765625 0.4609375 0.015625 0.01875
0 0.2703125 0.4734375 0.015625 0.0171875
0 0.2640625 0.48515625 0.0171875 0.01875
0 0.2828125 0.47421875 0.01875 0.01875
0 0.27890625 0.48828125 0.0171875 0.0203125
0 0.296875 0.471875 0.0171875 0.01875
0 0.2921875 0.48515625 0.015625 0.01875
0 0.3125 0.47109375 0.0171875 0.0203125
0 0.321875 0.484375 0.015625 0.01875
0 0.30546875 0.484375 0.015625 0.01875
0 0.31484375 0.496875 0.015625 0.01875
0 0.3015625 0.49765625 0.015625 0.0171875
0 0.28984375 0.50234375 0.015625 0.01875
0 0.27734375 0.50703125 0.015625 0.015625
0 0.2640625 0.5046875 0.0171875 0.0171875
0 0.28671875 0.515625 0.015625 0.0203125
0 0.30859375 0.5109375 0.015625 0.01875
0 0.3265625 0.5296875 0.015625 0.01875
0 0.31328125 0.5234375 0.01875 0.01875
0 0.3 0.525 0.015625 0.015625
0 0.290625 0.53359375 0.015625 0.01875
0 0.2765625 0.53828125 0.015625 0.01875
0 0.3046875 0.540625 0.0171875 0.01875
0 0.296875 0.55 0.0140625 0.0140625
0 0.28203125 0.55625 0.015625 0.0171875
0 0.309375 0.5546875 0.0171875 0.0171875
0 0.325 0.55703125 0.0171875 0.021875
0 0.309375 0.56953125 0.015625 0.01875
0 0.29453125 0.56875 0.015625 0.01875
0 0.2828125 0.57421875 0.0171875 0.01875
0 0.28984375 0.59375 0.015625 0.01875
0 0.303125 0.60390625 0.0140625 0.0171875
0 0.29296875 0.61015625 0.015625 0.01875
0 0.296875 0.625 0.015625 0.01875
0 0.2859375 0.64296875 0.015625 0.0171875
0 0.30859375 0.61953125 0.0140625 0.0171875
0 0.34453125 0.57890625 0.015625 0.01875
0 0.33828125 0.59921875 0.015625 0.015625
0 0.35390625 0.60859375 0.01875 0.01875
0 0.31953125 0.615625 0.015625 0.0171875
0 0.31796875 0.62890625 0.015625 0.015625
0 0.30859375 0.6375 0.01875 0.01875
0 0.33046875 0.6234375 0.0140625 0.0140625
0 0.3640625 0.61796875 0.0171875 0.0171875
0 0.33671875 0.6453125 0.015625 0.0171875
0 0.32265625 0.64453125 0.0140625 0.0171875
0 0.3109375 0.65390625 0.015625 0.01875
0 0.32734375 0.66171875 0.015625 0.0203125
0 0.315625 0.66796875 0.0140625 0.01875
0 0.30078125 0.67109375 0.015625 0.01875
0 0.32734375 0.684375 0.015625 0.01875
0 0.31328125 0.6796875 0.015625 0.01875
0 0.2984375 0.68515625 0.0171875 0.021875
0 0.32109375 0.70078125 0.015625 0.0203125
0 0.3078125 0.696875 0.01875 0.021875
0 0.3078125 0.71015625 0.015625 0.01875
0 0.31875 0.71953125 0.0171875 0.021875
0 0.30078125 0.72421875 0.0171875 0.0203125
0 0.32421875 0.7421875 0.0171875 0.021875
0 0.3109375 0.73828125 0.015625 0.01875
0 0.365625 0.67578125 0.0171875 0.0203125
0 0.359375 0.71171875 0.01875 0.021875
0 0.39296875 0.68671875 0.01875 0.0203125
0 0.38515625 0.7109375 0.0171875 0.021875
0 0.41484375 0.7203125 0.015625 0.01875
0 0.40390625 0.72578125 0.015625 0.0203125
0 0.39921875 0.71015625 0.0171875 0.021875
0 0.3953125 0.73359375 0.015625 0.01875
0 0.384375 0.74375 0.0203125 0.01875
0 0.40625 0.74140625 0.015625 0.01875
0 0.41796875 0.7359375 0.0171875 0.01875
0 0.3984375 0.665625 0.015625 0.0203125
0 0.3984375 0.6453125 0.01875 0.01875
0 0.396875 0.628125 0.01875 0.01875
0 0.396875 0.61328125 0.015625 0.0171875
0 0.45234375 0.43203125 0.0171875 0.021875
0 0.42578125 0.46171875 0.015625 0.01875
0 0.41484375 0.4734375 0.015625 0.01875
0 0.47421875 0.47421875 0.01875 0.0203125
0 0.42421875 0.5140625 0.01875 0.01875
0 0.40234375 0.5578125 0.015625 0.01875
0 0.41171875 0.5703125 0.015625 0.0171875
0 0.39609375 0.5703125 0.015625 0.0171875
0 0.38203125 0.5734375 0.015625 0.01875
0 0.3671875 0.58046875 0.0140625 0.015625
0 0.39921875 0.58515625 0.015625 0.01875
0 0.38125 0.58671875 0.015625 0.015625
0 0.3828125 0.6015625 0.015625 0.0171875
0 0.36875 0.59453125 0.015625 0.015625
0 0.40390625 0.60234375 0.015625 0.01875
0 0.3171875 0.78828125 0.015625 0.015625
0 0.43203125 0.74609375 0.0140625 0.0171875
0 0.44765625 0.74765625 0.015625 0.0171875
0 0.421875 0.75390625 0.015625 0.0171875
0 0.409375 0.7546875 0.015625 0.0171875
0 0.39453125 0.753125 0.0140625 0.0171875
0 0.38828125 0.76484375 0.015625 0.01875
0 0.40546875 0.76875 0.0140625 0.0171875
0 0.39609375 0.7796875 0.0171875 0.0171875
0 0.421875 0.7671875 0.015625 0.015625
0 0.4125 0.78125 0.015625 0.01875
0 0.434375 0.76015625 0.015625 0.01875
0 0.4375 0.775 0.0125 0.015625
0 0.4265625 0.7828125 0.015625 0.0171875
0 0.45234375 0.77421875 0.015625 0.01875
0 0.44453125 0.790625 0.015625 0.01875
0 0.428125 0.79921875 0.01875 0.01875
0 0.4640625 0.7921875 0.015625 0.01875