0 0.02734375 0.49140625 0.0265625 0.0265625
0 0.0515625 0.4921875 0.025 0.0265625
0 0.10390625 0.4703125 0.028125 0.025
0 0.1625 0.46796875 0.0296875 0.0265625
0 0.20703125 0.50546875 0.0296875 0.025
0 0.24453125 0.48046875 0.0296875 0.0234375
0 0.23828125 0.503125 0.028125 0.025
0 0.23203125 0.525 0.028125 0.0234375
0 0.15390625 0.696875 0.0265625 0.0265625
0 0.24296875 0.6625 0.0296875 0.028125
0 0.26640625 0.52734375 0.0296875 0.0265625
0 0.29453125 0.52265625 0.0265625 0.0265625
0 0.2890625 0.49609375 0.03125 0.0265625
0 0.2671875 0.553125 0.0296875 0.025
0 0.2765625 0.5765625 0.0328125 0.0265625
0 0.215625 0.7328125 0.0265625 0.0265625
0 0.23984375 0.7203125 0.0265625 0.0265625
0 0.2625 0.70390625 0.028125 0.028125
0 0.21484375 0.76484375 0.0296875 0.0265625
0 0.23671875 0.74609375 0.0265625 0.0265625
0 0.2578125 0.7359375 0.0296875 0.0265625
0 0.24375 0.771875 0.0296875 0.025
0 0.290625 0.79921875 0.0296875 0.0296875
0 0.34609375 0.80546875 0.0296875 0.0265625
0 0.31484375 0.83359375 0.0265625 0.0265625
0 0.3390625 0.82734375 0.0265625 0.0234375
0 0.34609375 0.65078125 0.028125 0.0265625
0 0.36796875 0.6671875 0.03125 0.0296875
0 0.38828125 0.6921875 0.0296875 0.0265625
0 0.30390625 0.46875 0.0296875 0.0265625
0 0.32265625 0.4375 0.028125 0.0265625
0 0.3296875 0.46640625 0.0265625 0.0265625
0 0.3640625 0.4609375 0.0265625 0.0265625
0 0.36328125 0.4859375 0.0265625 0.025
0 0.36875 0.50546875 0.0296875 0.0265625
0 0.36328125 0.5296875 0.028125 0.025
0 0.38984375 0.51484375 0.0265625 0.0265625
0 0.37421875 0.54921875 0.028125 0.0265625
0 0.39375 0.5390625 0.0296875 0.025
0 0.390625 0.46953125 0.0296875 0.0265625
0 0.4390625 0.45859375 0.028125 0.0265625
0 0.41015625 0.48125 0.0265625 0.0265625
0 0.43046875 0.48984375 0.0265625 0.025
0 0.40390625 0.56875 0.0234375 0.025
0 0.4171875 0.546875 0.0234375 0.025
0 0.42265625 0.52109375 0.025 0.0234375
0 0.44296875 0.5390625 0.025 0.0234375
0 0.45703125 0.51953125 0.025 0.0234375
0 0.45390625 0.496875 0.025 0.025
0 0.45859375 0.46875 0.0265625 0.0265625
0 0.47421875 0.484375 0.025 0.0234375
0 0.4890625 0.46796875 0.025 0.025
0 0.47890625 0.50703125 0.025 0.0265625
0 0.48671875 0.53046875 0.025 0.0265625
0 0.4984375 0.4921875 0.0234375 0.025
0 0.51875 0.4984375 0.0234375 0.0265625
0 0.5375 0.48671875 0.025 0.0265625
0 0.5140625 0.4453125 0.0265625 0.0234375
0 0.509375 0.42265625 0.0234375 0.0234375
0 0.4859375 0.42578125 0.0265625 0.0265625
0 0.5390625 0.4140625 0.0265625 0.0234375
0 0.5546875 0.47109375 0.0265625 0.0234375
0 0.57578125 0.48203125 0.0265625 0.0265625
0 0.578125 0.42578125 0.0265625 0.025
0 0.6078125 0.3875 0.0265625 0.0296875
0 0.59453125 0.44140625 0.0265625 0.0234375
0 0.6125 0.4109375 0.0265625 0.0234375
0 0.61484375 0.434375 0.025 0.025
0 0.60390625 0.45546875 0.025 0.0234375
0 0.59765625 0.47734375 0.0234375 0.0234375
0 0.61953125 0.48203125 0.021875 0.025
0 0.63984375 0.4734375 0.0265625 0.025
0 0.6234375 0.50546875 0.0265625 0.0265625
0 0.5359375 0.52578125 0.0265625 0.0265625
0 0.53125 0.57890625 0.0265625 0.0265625
0 0.46640625 0.6015625 0.0265625 0.025
0 0.49140625 0.6046875 0.025 0.0265625
0 0.4484375 0.6234375 0.0265625 0.0265625
0 0.5125 0.621875 0.0265625 0.0234375
0 0.52890625 0.60546875 0.025 0.025
0 0.54765625 0.6234375 0.0265625 0.0265625
0 0.46875 0.70234375 0.0265625 0.025
0 0.5078125 0.68828125 0.0265625 0.0234375
0 0.53125 0.690625 0.0265625 0.0265625
0 0.51171875 0.72578125 0.0265625 0.0234375
0 0.528125 0.74609375 0.0265625 0.0265625
0 0.6578125 0.49765625 0.0265625 0.025
0 0.64609375 0.51640625 0.0265625 0.0234375
0 0.66875 0.5265625 0.0265625 0.0234375
0 0.64375 0.5484375 0.0265625 0.0265625
0 0.66953125 0.55 0.0265625 0.0265625
0 0.63125 0.56640625 0.0265625 0.025
0 0.6546875 0.5890625 0.0265625 0.0234375
0 0.62890625 0.59140625 0.0265625 0.025
0 0.646875 0.609375 0.0265625 0.025
0 0.6296875 0.6890625 0.0296875 0.0234375
0 0.6578125 0.69921875 0.0265625 0.025
0 0.67109375 0.67265625 0.0265625 0.0265625
0 0.6671875 0.640625 0.0265625 0.028125
0 0.70625 0.703125 0.0265625 0.0265625
0 0.7046875 0.77578125 0.0265625 0.025
0 0.7421875 0.79453125 0.0296875 0.0265625
0 0.76015625 0.746875 0.028125 0.0265625
0 0.6546875 0.33984375 0.0265625 0.0265625
0 0.68359375 0.3375 0.0265625 0.0296875
0 0.70703125 0.37109375 0.0265625 0.025
0 0.7125 0.3984375 0.0265625 0.0265625
0 0.73046875 0.496875 0.0265625 0.0265625
0 0.7453125 0.56875 0.0234375 0.0234375
0 0.75546875 0.59609375 0.0265625 0.0234375
0 0.75625 0.64453125 0.025 0.0265625
0 0.775 0.625 0.0234375 0.0234375
0 0.78984375 0.5875 0.0265625 0.025
0 0.7984375 0.56640625 0.025 0.025
0 0.7625 0.4875 0.0296875 0.028125
0 0.77890625 0.64765625 0.0265625 0.0265625
0 0.79765625 0.671875 0.0265625 0.0265625
0 0.81484375 0.7046875 0.0296875 0.0265625
0 0.828125 0.66328125 0.0265625 0.0265625
0 0.8453125 0.6796875 0.0265625 0.025
0 0.86640625 0.6875 0.0265625 0.025
0 0.8953125 0.6890625 0.028125 0.0265625
0 0.89375 0.77265625 0.028125 0.0265625
0 0.8328125 0.5390625 0.028125 0.0265625
0 0.83203125 0.5625 0.0265625 0.0265625
0 0.8671875 0.55390625 0.0265625 0.025
0 0.84921875 0.578125 0.0265625 0.0265625
0 0.87421875 0.58828125 0.0265625 0.0234375
0 0.8875 0.56953125 0.0234375 0.028125
0 0.84296875 0.47734375 0.028125 0.0265625
0 0.87421875 0.46640625 0.0234375 0.025
0 0.91484375 0.425 0.028125 0.0265625
0 0.909375 0.40625 0.0265625 0.021875
0 0.90703125 0.3859375 0.0265625 0.0265625
0 0.909375 0.359375 0.025 0.0234375
0 0.9046875 0.3375 0.0265625 0.0265625
0 0.884375 0.2890625 0.0265625 0.03125
0 0.878125 0.35078125 0.0265625 0.028125
0 0.8296875 0.3390625 0.0265625 0.028125
0 0.809375 0.35703125 0.025 0.0234375
0 0.80234375 0.40078125 0.0265625 0.0296875
0 0.78203125 0.38984375 0.0265625 0.0265625
0 0.76328125 0.37890625 0.025 0.028125
0 0.9828125 0.35546875 0.0328125 0.0328125