0 0.6640625 0.25546875 0.021875 0.01875
0 0.64140625 0.2515625 0.02109375 0.01875
0 0.62421875 0.26328125 0.021875 0.0203125
0 0.615625 0.2875 0.0234375 0.02109375
0 0.63984375 0.27578125 0.0234375 0.0203125
0 0.6625 0.28515625 0.02578125 0.02109375
0 0.640625 0.29609375 0.02578125 0.02109375
0 0.73515625 0.17890625 0.025 0.02421875
0 0.8109375 0.1859375 0.028125 0.0234375
0 0.7875 0.228125 0.02421875 0.021875
0 0.75546875 0.21328125 0.025 0.01953125
0 0.7078125 0.20625 0.02421875 0.0203125
0 0.69375 0.21953125 0.0234375 0.01875
0 0.6921875 0.2359375 0.0234375 0.01875
0 0.68671875 0.253125 0.02265625 0.01953125
0 0.69375 0.27109375 0.02421875 0.02109375
0 0.71015625 0.25 0.02421875 0.01875
0 0.72109375 0.2640625 0.0265625 0.01796875
0 0.746875 0.25 0.02265625 0.01953125
0 0.76640625 0.26875 0.025 0.0203125
0 0.72265625 0.284375 0.021875 0.01953125
0 0.7625 0.30859375 0.0265625 0.021875
0 0.71875 0.303125 0.02265625 0.01953125
0 0.6921875 0.3203125 0.0234375 0.01953125
0 0.7578125 0.3390625 0.02578125 0.0203125
0 0.715625 0.32265625 0.02421875 0.01875
0 0.7375 0.325 0.02578125 0.02109375
0 0.73359375 0.34609375 0.02578125 0.0203125
0 0.6859375 0.3375 0.025 0.0203125
0 0.65390625 0.32109375 0.02265625 0.02109375
0 0.63359375 0.34921875 0.02421875 0.0234375
0 0.66640625 0.35 0.02265625 0.02421875
0 0.69296875 0.35859375 0.0265625 0.02265625
0 0.7125 0.3703125 0.02421875 0.0234375
0 0.7359375 0.36796875 0.0265625 0.021875
0 0.76015625 0.3609375 0.025 0.021875
0 0.765625 0.38515625 0.02578125 0.02265625
0 0.73828125 0.39296875 0.02890625 0.02421875
0 0.76328125 0.41328125 0.02734375 0.0265625
0 0.7421875 0.43046875 0.03125 0.02578125
0 0.7921875 0.4359375 0.02890625 0.02734375
0 0.75703125 0.45859375 0.02734375 0.02578125
0 0.7859375 0.45859375 0.025 0.025
0 0.76015625 0.51796875 0.02734375 0.02578125
0 0.7671875 0.490625 0.02734375 0.02578125
0 0.734375 0.50546875 0.0296875 0.02578125
0 0.7296875 0.52734375 0.0296875 0.0234375
0 0.71875 0.55078125 0.03203125 0.028125
0 0.334375 0.1921875 0.02109375 0.01953125
0 0.30546875 0.20078125 0.02265625 0.01875
0 0.3140625 0.21953125 0.02421875 0.02109375
0 0.44453125 0.20390625 0.025 0.021875
0 0.49296875 0.21640625 0.02578125 0.021875
0 0.53125 0.24296875 0.02734375 0.02109375
0 0.5796875 0.353125 0.02734375 0.02265625
0 0.54453125 0.28671875 0.02578125 0.0203125
0 0.496875 0.275 0.02578125 0.0203125
0 0.515625 0.29296875 0.025 0.0203125
0 0.528125 0.3125 0.0265625 0.021875
0 0.53125 0.33359375 0.02421875 0.0203125
0 0.51953125 0.35390625 0.025 0.02109375
0 0.46640625 0.3078125 0.025 0.02421875
0 0.48203125 0.33828125 0.0265625 0.02109375
0 0.375 0.33515625 0.028125 0.025
0 0.446875 0.35625 0.0265625 0.02265625
0 0.48828125 0.3640625 0.02578125 0.02109375
0 0.5078125 0.37578125 0.02421875 0.021875
0 0.49296875 0.4078125 0.0265625 0.02421875
0 0.52109375 0.41484375 0.0265625 0.02265625
0 0.61953125 0.403125 0.02421875 0.021875
0 0.609375 0.43125 0.02734375 0.025
0 0.6 0.459375 0.02421875 0.0265625
0 0.57578125 0.4671875 0.02578125 0.02421875
0 0.48125 0.52578125 0.0265625 0.02734375
0 0.4546875 0.5375 0.02890625 0.02578125
0 0.203125 0.50078125 0.025 0.02421875
0 0.30390625 0.4265625 0.02578125 0.0265625
0 0.3203125 0.45078125 0.0265625 0.02421875
0 0.34375 0.4078125 0.02734375 0.025
0 0.3921875 0.4046875 0.0265625 0.02265625
0 0.4015625 0.38515625 0.02890625 0.021875
0 0.459375 0.38046875 0.025 0.02109375
0 0.45703125 0.40546875 0.02578125 0.02265625
0 0.465625 0.4234375 0.0234375 0.025
0 0.4234375 0.41171875 0.02421875 0.021875
0 0.44140625 0.43046875 0.02734375 0.0234375
0 0.4015625 0.43046875 0.02890625 0.02109375
0 0.43359375 0.45 0.02578125 0.0234375
0 0.39765625 0.45234375 0.025 0.02421875
0 0.4171875 0.46953125 0.02578125 0.02578125
0 0.3234375 0.54296875 0.02890625 0.02734375
0 0.34921875 0.5359375 0.028125 0.028125
0 0.36953125 0.50703125 0.02578125 0.025
0 0.38203125 0.525 0.0265625 0.02421875
0 0.39296875 0.553125 0.028125 0.02734375
0 0.32265625 0.590625 0.028125 0.02734375
0 0.4703125 0.625 0.03203125 0.03125
0 0.51015625 0.60859375 0.028125 0.028125
0 0.53984375 0.60703125 0.028125 0.02890625
0 0.68203125 0.63984375 0.03125 0.03125