0 0.48515625 0.56953125 0.01640625 0.0171875
0 0.53828125 0.49765625 0.0140625 0.01484375
0 0.4828125 0.62421875 0.0140625 0.01484375
0 0.53203125 0.5796875 0.01484375 0.01484375
0 0.35546875 0.53828125 0.0140625 0.0140625
0 0.3375 0.49453125 0.0140625 0.01484375
0 0.31484375 0.478125 0.0140625 0.0140625
0 0.42890625 0.55703125 0.01328125 0.0140625
0 0.4984375 0.59375 0.01328125 0.0140625
0 0.409375 0.5140625 0.01328125 0.01484375
0 0.56015625 0.50703125 0.01328125 0.0140625
0 0.30390625 0.428125 0.0140625 0.01484375
0 0.55 0.4828125 0.0140625 0.0140625
0 0.4 0.4890625 0.0140625 0.0140625
0 0.4515625 0.49375 0.01484375 0.0140625
0 0.38359375 0.575 0.0140625 0.01484375
0 0.465625 0.50859375 0.01328125 0.0140625
0 0.50234375 0.575 0.0140625 0.01484375
0 0.5640625 0.4859375 0.01328125 0.0140625
0 0.56640625 0.4265625 0.01328125 0.0140625
0 0.325 0.4421875 0.01484375 0.0140625
0 0.3625 0.5078125 0.01328125 0.0140625
0 0.578125 0.34609375 0.01328125 0.0140625
0 0.51484375 0.58203125 0.01328125 0.0140625
0 0.39921875 0.61484375 0.0140625 0.01484375
0 0.465625 0.465625 0.01328125 0.01328125
0 0.56953125 0.38359375 0.01328125 0.01484375
0 0.33046875 0.39453125 0.01484375 0.0140625
0 0.47265625 0.44140625 0.0140625 0.01484375
0 0.44375 0.30078125 0.01328125 0.0140625
0 0.52421875 0.43671875 0.01328125 0.0140625
0 0.5390625 0.41640625 0.01328125 0.0140625
0 0.3734375 0.5875 0.0140625 0.015625
0 0.55546875 0.52578125 0.01328125 0.01484375
0 0.4640625 0.29765625 0.01328125 0.01328125
0 0.55390625 0.40625 0.01328125 0.0140625
0 0.57109375 0.4453125 0.0125 0.01328125
0 0.48203125 0.2640625 0.01328125 0.0140625
0 0.36796875 0.5671875 0.0140625 0.015625
0 0.5265625 0.30859375 0.01328125 0.0140625
0 0.3328125 0.36015625 0.0140625 0.0140625
0 0.5609375 0.3296875 0.01328125 0.01328125
0 0.3828125 0.6015625 0.0140625 0.01484375
0 0.49921875 0.409375 0.01328125 0.0140625
0 0.5109375 0.30625 0.01328125 0.01328125
0 0.50390625 0.44765625 0.01328125 0.01328125
0 0.48671875 0.43671875 0.01328125 0.0140625
0 0.38125 0.3828125 0.0140625 0.0140625
0 0.37890625 0.4578125 0.0140625 0.01484375
0 0.49453125 0.3375 0.01328125 0.0140625
0 0.43046875 0.37578125 0.0140625 0.0140625
0 0.4703125 0.275 0.01328125 0.01484375
0 0.446875 0.36796875 0.01328125 0.0140625
0 0.48203125 0.64140625 0.01484375 0.01484375
0 0.51640625 0.4125 0.0140625 0.0140625
0 0.45546875 0.2515625 0.01328125 0.0140625
0 0.553125 0.3546875 0.01328125 0.0140625
0 0.3546875 0.3984375 0.01484375 0.0140625
0 0.48203125 0.3890625 0.01484375 0.0140625
0 0.54609375 0.38359375 0.01328125 0.01328125
0 0.4421875 0.45390625 0.01328125 0.0140625
0 0.49453125 0.29453125 0.01328125 0.0140625
0 0.52265625 0.3578125 0.01328125 0.0140625
0 0.41875 0.46796875 0.01328125 0.0140625
0 0.45625 0.271875 0.015625 0.0140625
0 0.39921875 0.39140625 0.0140625 0.0140625
0 0.54765625 0.34140625 0.0140625 0.0140625
0 0.4 0.446875 0.0140625 0.01484375
0 0.5125 0.33984375 0.01328125 0.0140625
0 0.48671875 0.28046875 0.01328125 0.0140625
0 0.3640625 0.4546875 0.0140625 0.01484375
0 0.3484375 0.44453125 0.0140625 0.01640625
0 0.35390625 0.42734375 0.015625 0.01484375
0 0.46328125 0.38671875 0.01328125 0.0140625
0 0.37578125 0.41484375 0.01484375 0.01484375
0 0.54140625 0.36875 0.01328125 0.0140625
0 0.52734375 0.37109375 0.0125 0.0140625
0 0.36328125 0.440625 0.0140625 0.0140625
0 0.3515625 0.41171875 0.0140625 0.0140625
0 0.50625 0.32421875 0.01328125 0.015625
0 0.38125 0.39765625 0.0140625 0.0140625
0 0.4609375 0.40078125 0.0140625 0.0140625
0 0.4140625 0.45390625 0.0140625 0.01484375
0 0.39296875 0.425 0.01484375 0.0140625
0 0.5296875 0.33828125 0.01484375 0.0140625
0 0.4328125 0.421875 0.0140625 0.0140625
0 0.42734375 0.4484375 0.0140625 0.0140625
0 0.44765625 0.38203125 0.01328125 0.01328125
0 0.43828125 0.4359375 0.01328125 0.01484375
0 0.52265625 0.32578125 0.01328125 0.015625
0 0.428125 0.39296875 0.01484375 0.01484375
0 0.4078125 0.41796875 0.015625 0.0140625
0 0.4359375 0.40703125 0.01328125 0.01328125
0 0.421875 0.40859375 0.0140625 0.0140625
0 0.40859375 0.43203125 0.0140625 0.01328125
0 0.4046875 0.40390625 0.015625 0.01484375
0 0.44296875 0.39453125 0.0140625 0.0140625
0 0.3890625 0.41015625 0.0140625 0.01484375
0 0.42265625 0.43515625 0.0140625 0.0140625
0 0.3765625 0.59296875 0.01328125 0.0140625