0 0.8234375 0.86640625 0.0265625 0.025
0 0.82265625 0.84609375 0.025 0.0234375
0 0.80546875 0.8375 0.025 0.028125
0 0.79453125 0.86015625 0.025 0.0234375
0 0.75 0.8515625 0.025 0.028125
0 0.7328125 0.86875 0.0234375 0.025
0 0.70546875 0.84140625 0.028125 0.0296875
0 0.56328125 0.83046875 0.0265625 0.025
0 0.52890625 0.82578125 0.0328125 0.034375
0 0.57734375 0.81171875 0.028125 0.028125
0 0.55859375 0.8015625 0.0234375 0.025
0 0.65859375 0.809375 0.0265625 0.0265625
0 0.62265625 0.78203125 0.0265625 0.0265625
0 0.6375 0.753125 0.028125 0.0265625
0 0.665625 0.7671875 0.0265625 0.0265625
0 0.6609375 0.7140625 0.03125 0.028125
0 0.72421875 0.7546875 0.028125 0.0265625
0 0.69921875 0.7546875 0.0265625 0.0265625
0 0.7515625 0.72109375 0.025 0.0234375
0 0.72109375 0.73203125 0.0265625 0.0265625
0 0.759375 0.7484375 0.025 0.0234375
0 0.74921875 0.70625 0.021875 0.0203125
0 0.74296875 0.73515625 0.0234375 0.0234375
0 0.70625 0.71953125 0.0234375 0.0265625
0 0.75546875 0.68125 0.0265625 0.0265625
0 0.6609375 0.68125 0.0265625 0.0265625
0 0.8171875 0.63828125 0.025 0.0265625
0 0.78828125 0.63515625 0.025 0.028125
0 0.815625 0.6109375 0.0265625 0.0265625
0 0.77890625 0.61015625 0.0234375 0.025
0 0.75234375 0.63125 0.0234375 0.0265625
0 0.81953125 0.5875 0.0203125 0.025
0 0.79765625 0.59296875 0.0234375 0.025
0 0.77890625 0.58671875 0.021875 0.0296875
0 0.759375 0.59140625 0.025 0.0296875
0 0.81953125 0.56484375 0.025 0.028125
0 0.803125 0.5703125 0.0234375 0.0265625
0 0.78515625 0.56875 0.0203125 0.021875
0 0.74453125 0.5578125 0.0265625 0.0265625
0 0.8109375 0.546875 0.025 0.0234375
0 0.78046875 0.5421875 0.021875 0.025
0 0.76953125 0.559375 0.0234375 0.025
0 0.7421875 0.53359375 0.0234375 0.0265625
0 0.81171875 0.52421875 0.0203125 0.025
0 0.85703125 0.53125 0.025 0.0296875
0 0.8453125 0.51328125 0.0203125 0.0234375
0 0.89765625 0.53125 0.021875 0.025
0 0.865625 0.48203125 0.025 0.028125
0 0.84765625 0.49296875 0.0203125 0.021875
0 0.8453125 0.45234375 0.0265625 0.025
0 0.83828125 0.475 0.025 0.0234375
0 0.86953125 0.46015625 0.0234375 0.025
0 0.85546875 0.46328125 0.0171875 0.025
0 0.83046875 0.49609375 0.0234375 0.025
0 0.88046875 0.44453125 0.01875 0.021875
0 0.86484375 0.43671875 0.0203125 0.025
0 0.8390625 0.43359375 0.025 0.0234375
0 0.86875 0.4125 0.0234375 0.0265625
0 0.85078125 0.4203125 0.0203125 0.025
0 0.771875 0.446875 0.025 0.0296875
0 0.8265625 0.44140625 0.0203125 0.028125
0 0.76484375 0.428125 0.0234375 0.025
0 0.79296875 0.4609375 0.025 0.0296875
0 0.75859375 0.40625 0.0265625 0.028125
0 0.82421875 0.39140625 0.021875 0.0296875
0 0.8046875 0.3984375 0.0265625 0.0265625
0 0.7484375 0.3859375 0.025 0.0265625
0 0.68125 0.50546875 0.0296875 0.03125
0 0.68515625 0.47890625 0.021875 0.028125
0 0.6640625 0.4828125 0.0265625 0.0265625
0 0.684375 0.45546875 0.028125 0.0296875
0 0.66796875 0.4296875 0.0296875 0.0296875
0 0.64375 0.4328125 0.0265625 0.0296875
0 0.69296875 0.4171875 0.028125 0.025
0 0.653125 0.4078125 0.028125 0.0296875
0 0.675 0.4015625 0.028125 0.0296875
0 0.77421875 0.3421875 0.0234375 0.03125
0 0.79921875 0.371875 0.0234375 0.025
0 0.7890625 0.353125 0.021875 0.025
0 0.778125 0.31796875 0.025 0.028125
0 0.778125 0.3703125 0.0171875 0.0203125
0 0.784375 0.29765625 0.021875 0.028125
0 0.74140625 0.31171875 0.0265625 0.028125
0 0.56171875 0.66171875 0.021875 0.0265625
0 0.54453125 0.66875 0.021875 0.028125
0 0.52265625 0.67265625 0.0296875 0.0265625
0 0.5984375 0.62890625 0.028125 0.0328125
0 0.578125 0.621875 0.025 0.0296875
0 0.53046875 0.646875 0.028125 0.0328125
0 0.55 0.5921875 0.0296875 0.0328125
0 0.6 0.5578125 0.0296875 0.0296875
0 0.51171875 0.5515625 0.028125 0.0328125
0 0.57109375 0.54609375 0.028125 0.0328125
0 0.528125 0.534375 0.0265625 0.0265625
0 0.50859375 0.5171875 0.0296875 0.0265625
0 0.5765625 0.5 0.028125 0.0328125
0 0.55078125 0.4953125 0.028125 0.0328125
0 0.52421875 0.49609375 0.025 0.03125
0 0.4984375 0.49453125 0.028125 0.03125
0 0.56015625 0.4671875 0.0296875 0.028125
0 0.54140625 0.44609375 0.0296875 0.03125
0 0.51953125 0.428125 0.028125 0.0328125
0 0.39375 0.55234375 0.03125 0.0359375
0 0.3640625 0.5703125 0.03125 0.0359375
0 0.3515625 0.54140625 0.0296875 0.0296875
0 0.35625 0.484375 0.03125 0.0359375
0 0.325 0.4671875 0.03125 0.0328125
0 0.428125 0.44140625 0.0296875 0.028125
0 0.41953125 0.415625 0.0296875 0.0328125
0 0.46171875 0.4015625 0.025 0.0296875
0 0.4375 0.39765625 0.028125 0.0328125
0 0.48359375 0.390625 0.0296875 0.0328125
0 0.521875 0.38671875 0.0296875 0.0328125
0 0.546875 0.4203125 0.0265625 0.0328125
0 0.52265625 0.4078125 0.0234375 0.025
0 0.48203125 0.36328125 0.0265625 0.0296875
0 0.490625 0.3375 0.028125 0.0328125
0 0.38828125 0.3828125 0.03125 0.0328125
0 0.5125 0.36015625 0.03125 0.03125
0 0.50703125 0.32109375 0.025 0.03125
0 0.4609375 0.26484375 0.03125 0.0359375
0 0.35078125 0.23515625 0.03125 0.0359375
0 0.3265625 0.22265625 0.034375 0.0375
0 0.3828125 0.1921875 0.03125 0.0359375
0 0.35625 0.1984375 0.03125 0.0359375
0 0.453125 0.17578125 0.03125 0.034375
0 0.78125 0.14609375 0.025 0.0296875
0 0.80078125 0.15390625 0.0265625 0.0296875
0 0.77734375 0.1296875 0.0234375 0.025
0 0.74921875 0.23515625 0.028125 0.0328125
0 0.7421875 0.1875 0.0265625 0.0296875
0 0.76015625 0.21015625 0.028125 0.03125
0 0.60625 0.253125 0.0265625 0.0296875
0 0.56953125 0.240625 0.0265625 0.03125
0 0.56484375 0.19765625 0.028125 0.0328125
0 0.54140625 0.13359375 0.0296875 0.0375
0 0.62109375 0.28828125 0.025 0.03125
0 0.596875 0.2859375 0.028125 0.0328125
0 0.640625 0.34765625 0.0265625 0.028125
0 0.64296875 0.28984375 0.025 0.028125
0 0.66171875 0.34453125 0.0234375 0.025
0 0.6328125 0.32421875 0.025 0.028125
0 0.60703125 0.32890625 0.025 0.0296875
0 0.62734375 0.36484375 0.0265625 0.028125