0 0.865625 0.43359375 0.07109375 0.0765625
0 0.80078125 0.40703125 0.07109375 0.0609375
0 0.8125 0.4671875 0.06953125 0.059375
0 0.72578125 0.4203125 0.0671875 0.06171875
0 0.74609375 0.4796875 0.06171875 0.0609375
0 0.6484375 0.4375 0.06328125 0.0625
0 0.6578125 0.3734375 0.07578125 0.06953125
0 0.575 0.37109375 0.07109375 0.06640625
0 0.58359375 0.4359375 0.06484375 0.0609375
0 0.6109375 0.49375 0.059375 0.06015625
0 0.68046875 0.49453125 0.05859375 0.05859375
0 0.703125 0.55 0.06171875 0.05546875
0 0.6796875 0.60078125 0.053125 0.059375
0 0.6390625 0.5453125 0.06171875 0.06015625
0 0.56484375 0.59609375 0.05703125 0.05546875
0 0.5421875 0.47734375 0.05390625 0.0578125
0 0.56640625 0.53515625 0.059375 0.0609375
0 0.503125 0.38984375 0.06640625 0.0671875
0 0.48984375 0.45546875 0.06171875 0.0640625
0 0.50234375 0.5265625 0.05546875 0.05859375
0 0.50859375 0.5796875 0.05703125 0.05078125
0 0.4421875 0.51953125 0.0625 0.05703125
0 0.4359375 0.571875 0.06171875 0.05
0 0.42421875 0.459375 0.06640625 0.0609375
0 0.34609375 0.45703125 0.065625 0.0578125
0 0.3796875 0.5078125 0.0640625 0.0515625
0 0.37109375 0.55859375 0.06171875 0.05390625
0 0.24765625 0.57421875 0.07578125 0.059375
0 0.3015625 0.5296875 0.06875 0.0609375
0 0.16171875 0.5328125 0.0734375 0.065625
0 0.096875 0.5703125 0.06875 0.0609375
0 0.18125 0.61015625 0.06640625 0.05859375
0 0.20625 0.721875 0.06328125 0.053125
0 0.084375 0.7296875 0.06953125 0.06328125
0 0.19765625 0.66953125 0.0609375 0.05546875
0 0.26796875 0.6265625 0.0671875 0.053125
0 0.3296875 0.603125 0.06015625 0.05546875
0 0.39140625 0.6109375 0.059375 0.05390625
0 0.45546875 0.6203125 0.05625 0.05
0 0.5171875 0.6328125 0.0578125 0.05625
0 0.4734375 0.66796875 0.05859375 0.053125
0 0.35234375 0.64921875 0.06171875 0.0515625
0 0.41875 0.6578125 0.05625 0.05078125
0 0.3765625 0.696875 0.05625 0.0484375
0 0.325 0.725 0.0609375 0.05078125
0 0.3015625 0.68046875 0.059375 0.0546875
0 0.26796875 0.74375 0.05859375 0.053125
0 0.21015625 0.821875 0.0625 0.05078125
0 0.2953125 0.8390625 0.0578125 0.05234375
0 0.33671875 0.7796875 0.05546875 0.05
0 0.44375 0.803125 0.06171875 0.04609375
0 0.4296875 0.7078125 0.05234375 0.04765625
0 0.3828125 0.74453125 0.05703125 0.0484375
0 0.3890625 0.7953125 0.059375 0.04609375
0 0.43984375 0.75546875 0.05390625 0.04453125
0 0.48828125 0.71875 0.05546875 0.05
0 0.53984375 0.68671875 0.06015625 0.053125
0 0.57890625 0.6453125 0.0625 0.05078125
0 0.62265625 0.60234375 0.05859375 0.0546875
0 0.64609375 0.64765625 0.059375 0.05625
0 0.6 0.69375 0.0578125 0.0546875
0 0.68046875 0.6828125 0.06015625 0.0515625
0 0.71640625 0.63828125 0.0578125 0.05234375
0 0.73984375 0.5859375 0.05625 0.0484375
0 0.76640625 0.53203125 0.0578125 0.05546875
0 0.89375 0.484375 0.06484375 0.05703125
0 0.83515625 0.51484375 0.06171875 0.05234375
0 0.8203125 0.56875 0.06171875 0.0546875
0 0.78203125 0.6171875 0.06171875 0.0515625
0 0.8828125 0.5421875 0.06015625 0.05546875
0 0.88515625 0.59921875 0.06171875 0.053125
0 0.93671875 0.56484375 0.065625 0.0546875
0 0.9625 0.61953125 0.0609375 0.05546875
0 0.8796875 0.65390625 0.059375 0.05
0 0.815625 0.65234375 0.0578125 0.0515625
0 0.7578125 0.67109375 0.05859375 0.05078125
0 0.7234375 0.7109375 0.05703125 0.04765625
0 0.64140625 0.72109375 0.05703125 0.05078125
0 0.6015625 0.75625 0.0578125 0.04921875
0 0.85703125 0.703125 0.06015625 0.05546875
0 0.7859375 0.709375 0.05703125 0.0515625
0 0.8328125 0.75859375 0.0546875 0.05078125
0 0.85234375 0.8015625 0.05546875 0.0515625
0 0.73515625 0.75703125 0.05703125 0.04765625
0 0.78046875 0.775 0.053125 0.05390625
0 0.68125 0.746875 0.05625 0.05
0 0.70546875 0.8015625 0.0515625 0.04765625
0 0.65 0.7828125 0.05546875 0.04765625
0 0.5515625 0.73828125 0.05546875 0.04921875
0 0.4921875 0.7734375 0.0546875 0.046875
0 0.54609375 0.78515625 0.0578125 0.04453125
0 0.596875 0.80546875 0.053125 0.05
0 0.6421875 0.834375 0.0546875 0.0484375
0 0.4984375 0.8265625 0.05625 0.0484375
0 0.55390625 0.83125 0.05078125 0.04609375
0 0.5875 0.85703125 0.04921875 0.0453125
0 0.603125 0.9 0.05546875 0.0484375