0 0.21015625 0.42265625 0.01640625 0.021875
0 0.21875 0.4125 0.02109375 0.025
0 0.246875 0.38125 0.0171875 0.02265625
0 0.41171875 0.89140625 0.01953125 0.02109375
0 0.4109375 0.86953125 0.02109375 0.0203125
0 0.4453125 0.884375 0.01875 0.02109375
0 0.37578125 0.8890625 0.0203125 0.0203125
0 0.465625 0.8890625 0.01875 0.0203125
0 0.47265625 0.87109375 0.0203125 0.0203125
0 0.4796875 0.8515625 0.0171875 0.01953125
0 0.46953125 0.834375 0.01796875 0.0203125
0 0.49453125 0.859375 0.01953125 0.01796875
0 0.49375 0.8390625 0.01796875 0.0203125
0 0.5140625 0.8609375 0.01953125 0.02109375
0 0.5125 0.83828125 0.01875 0.0203125
0 0.48359375 0.82265625 0.01875 0.0203125
0 0.534375 0.8359375 0.02109375 0.02109375
0 0.50703125 0.8171875 0.01953125 0.0203125
0 0.4859375 0.80390625 0.0203125 0.021875
0 0.5265625 0.81796875 0.0203125 0.021875
0 0.5 0.7921875 0.0203125 0.02109375
0 0.54765625 0.815625 0.02109375 0.0203125
0 0.55 0.79609375 0.01953125 0.0203125
0 0.45 0.79765625 0.0203125 0.0234375
0 0.575 0.80234375 0.01875 0.01953125
0 0.5609375 0.7765625 0.01875 0.0203125
0 0.534375 0.7703125 0.01875 0.0203125
0 0.50859375 0.771875 0.01875 0.0203125
0 0.59375 0.78046875 0.01875 0.02109375
0 0.5859375 0.7609375 0.01953125 0.02109375
0 0.6140625 0.771875 0.01953125 0.0203125
0 0.52109375 0.76015625 0.02109375 0.01953125
0 0.54375 0.7546875 0.0203125 0.02109375
0 0.5296875 0.74375 0.01953125 0.02109375
0 0.5 0.75 0.02109375 0.0203125
0 0.47421875 0.77578125 0.0203125 0.0203125
0 0.45703125 0.7796875 0.0203125 0.01953125
0 0.484375 0.7609375 0.021875 0.021875
0 0.4625 0.7609375 0.02109375 0.021875
0 0.440625 0.77109375 0.01875 0.01953125
0 0.44296875 0.75078125 0.01953125 0.0234375
0 0.47109375 0.7453125 0.01875 0.01953125
0 0.4921875 0.734375 0.0203125 0.02109375
0 0.47421875 0.728125 0.0203125 0.02109375
0 0.51328125 0.73359375 0.01875 0.02109375
0 0.36328125 0.87734375 0.01953125 0.0203125
0 0.34375 0.86015625 0.0203125 0.021875
0 0.346875 0.8359375 0.01953125 0.02109375
0 0.3890625 0.8 0.01875 0.02109375
0 0.3640625 0.796875 0.01875 0.0203125
0 0.38203125 0.784375 0.01953125 0.01953125
0 0.36484375 0.778125 0.01953125 0.01953125
0 0.3828125 0.765625 0.02109375 0.02109375
0 0.3671875 0.75703125 0.0203125 0.0203125
0 0.37890625 0.740625 0.01875 0.021875
0 0.41640625 0.7453125 0.02109375 0.021875
0 0.396875 0.7453125 0.021875 0.02109375
0 0.40546875 0.72890625 0.01875 0.02109375
0 0.29296875 0.79140625 0.0203125 0.02109375
0 0.31328125 0.7828125 0.01796875 0.0203125
0 0.3328125 0.7796875 0.01953125 0.0234375
0 0.31484375 0.76328125 0.0203125 0.02109375
0 0.33515625 0.74375 0.0203125 0.02109375
0 0.30859375 0.73828125 0.01953125 0.021875
0 0.28828125 0.72421875 0.02109375 0.02265625
0 0.315625 0.70625 0.021875 0.02265625
0 0.19921875 0.72265625 0.021875 0.0203125
0 0.3328125 0.71875 0.02109375 0.0203125
0 0.34765625 0.70546875 0.01953125 0.0203125
0 0.378125 0.71171875 0.01953125 0.0203125
0 0.3046875 0.66484375 0.01796875 0.02109375
0 0.296875 0.63828125 0.02109375 0.01953125
0 0.321875 0.65703125 0.01796875 0.021875
0 0.3140625 0.62890625 0.01875 0.021875
0 0.22109375 0.6203125 0.021875 0.021875
0 0.1828125 0.65859375 0.02265625 0.021875
0 0.33046875 0.6421875 0.02109375 0.0203125
0 0.3375 0.625 0.0203125 0.01953125
0 0.32578125 0.6125 0.0203125 0.01953125
0 0.30625 0.61171875 0.0203125 0.01875
0 0.3546875 0.61953125 0.01953125 0.021875
0 0.3625 0.6015625 0.021875 0.0203125
0 0.328125 0.5765625 0.01953125 0.02265625
0 0.309375 0.5828125 0.01953125 0.021875
0 0.284375 0.58515625 0.0203125 0.021875
0 0.38046875 0.57734375 0.01953125 0.021875
0 0.2859375 0.55703125 0.02109375 0.02265625
0 0.265625 0.55703125 0.01953125 0.02265625
0 0.30078125 0.54296875 0.01953125 0.02109375
0 0.28515625 0.534375 0.01953125 0.02109375
0 0.25859375 0.53984375 0.01953125 0.01953125
0 0.2484375 0.52578125 0.0203125 0.02109375
0 0.27109375 0.5078125 0.0203125 0.021875
0 0.2453125 0.50546875 0.0203125 0.02109375
0 0.5140625 0.696875 0.0203125 0.02109375
0 0.5375 0.69375 0.01953125 0.021875
0 0.5171875 0.67890625 0.0203125 0.021875
0 0.5375 0.66796875 0.0203125 0.0203125
0 0.53671875 0.64921875 0.0203125 0.01953125
0 0.521875 0.628125 0.0203125 0.02109375
0 0.503125 0.63125 0.01796875 0.01953125
0 0.4890625 0.61796875 0.01875 0.0203125
0 0.46171875 0.6140625 0.02109375 0.02265625
0 0.503125 0.60703125 0.01953125 0.02421875
0 0.459375 0.590625 0.0203125 0.021875
0 0.63125 0.740625 0.01953125 0.021875
0 0.6453125 0.696875 0.0203125 0.02265625
0 0.6328125 0.66328125 0.0203125 0.0203125
0 0.6046875 0.66015625 0.01953125 0.02109375
0 0.62265625 0.6453125 0.01875 0.01953125
0 0.59375 0.64453125 0.01953125 0.0203125
0 0.62890625 0.6296875 0.01875 0.01953125
0 0.60859375 0.63359375 0.01953125 0.02109375
0 0.546875 0.6109375 0.01875 0.01953125
0 0.53203125 0.60078125 0.01796875 0.01953125
0 0.565625 0.59921875 0.01875 0.0203125
0 0.5484375 0.59375 0.01953125 0.01875
0 0.5296875 0.58359375 0.01953125 0.01875
0 0.55390625 0.57734375 0.01875 0.01875
0 0.53671875 0.56875 0.01875 0.0203125
0 0.56953125 0.58203125 0.01796875 0.01953125
0 0.5953125 0.5703125 0.01875 0.01953125
0 0.553125 0.559375 0.01875 0.0203125
0 0.58671875 0.5875 0.0203125 0.01953125
0 0.575 0.565625 0.01953125 0.01875
0 0.6359375 0.61015625 0.01875 0.01953125
0 0.6640625 0.60390625 0.0203125 0.01953125
0 0.6765625 0.58046875 0.01796875 0.021875
0 0.653125 0.578125 0.01953125 0.02109375
0 0.6328125 0.58046875 0.01953125 0.0203125
0 0.61328125 0.58984375 0.01875 0.01953125
0 0.61015625 0.5625 0.01875 0.021875
0 0.58828125 0.55390625 0.01875 0.0203125
0 0.6265625 0.553125 0.01875 0.01953125
0 0.61171875 0.54453125 0.01953125 0.01796875
0 0.56015625 0.54296875 0.0203125 0.0234375
0 0.5421875 0.5390625 0.0171875 0.0203125
0 0.5578125 0.52109375 0.0203125 0.02265625
0 0.56796875 0.50703125 0.01875 0.02109375
0 0.5984375 0.53203125 0.01953125 0.0203125
0 0.64609375 0.553125 0.01796875 0.02109375
0 0.63046875 0.5375 0.01796875 0.01953125
0 0.6203125 0.521875 0.01953125 0.0203125
0 0.6640625 0.5515625 0.01875 0.01953125
0 0.67578125 0.53515625 0.01796875 0.02109375
0 0.659375 0.525 0.01953125 0.0203125
0 0.696875 0.52890625 0.01953125 0.0203125
0 0.68125 0.51875 0.01953125 0.02109375
0 0.68125 0.50078125 0.01953125 0.01953125
0 0.6515625 0.48671875 0.0203125 0.0203125
0 0.68984375 0.48515625 0.02109375 0.0203125
0 0.67578125 0.4734375 0.01875 0.01953125
0 0.70625 0.49296875 0.01796875 0.02109375
0 0.703125 0.4703125 0.01796875 0.01875
0 0.71796875 0.45234375 0.01953125 0.02109375
0 0.58984375 0.4828125 0.01953125 0.02109375
0 0.62578125 0.4671875 0.01875 0.0203125
0 0.60859375 0.4796875 0.01875 0.0203125
0 0.60078125 0.46328125 0.01796875 0.0203125
0 0.5859375 0.45546875 0.0203125 0.01953125
0 0.57578125 0.43828125 0.01953125 0.01953125
0 0.5984375 0.4453125 0.01796875 0.01875
0 0.5921875 0.428125 0.01875 0.0203125
0 0.6140625 0.4375 0.01875 0.0203125
0 0.64453125 0.4328125 0.02109375 0.021875
0 0.63671875 0.453125 0.01875 0.0203125
0 0.64140625 0.40859375 0.01953125 0.0203125
0 0.596875 0.40859375 0.021875 0.0203125
0 0.653125 0.390625 0.01953125 0.02265625
0 0.55546875 0.3953125 0.01953125 0.02109375
0 0.546875 0.4125 0.01953125 0.01953125
0 0.5921875 0.37890625 0.01953125 0.02109375
0 0.665625 0.3765625 0.01875 0.01796875
0 0.65546875 0.3625 0.0171875 0.01875
0 0.60234375 0.36484375 0.02109375 0.0203125
0 0.61484375 0.3484375 0.0171875 0.0203125
0 0.59609375 0.3484375 0.01796875 0.02109375
0 0.6671875 0.34609375 0.01953125 0.01953125
0 0.75703125 0.3796875 0.0203125 0.02265625
0 0.71015625 0.3390625 0.01875 0.02109375
0 0.69609375 0.328125 0.01875 0.01953125
0 0.67890625 0.328125 0.01796875 0.01953125
0 0.66015625 0.3296875 0.01875 0.0203125
0 0.70546875 0.3125 0.0171875 0.0203125
0 0.6875 0.31171875 0.01875 0.02109375
0 0.66640625 0.31171875 0.01875 0.01953125
0 0.6796875 0.2953125 0.0171875 0.02109375
0 0.6609375 0.29375 0.01953125 0.0203125
0 0.62109375 0.31328125 0.021875 0.021875
0 0.603125 0.3171875 0.01796875 0.0203125
0 0.609375 0.29921875 0.01875 0.021875
0 0.575 0.33671875 0.0203125 0.0234375
0 0.571875 0.290625 0.0203125 0.021875
0 0.54765625 0.3109375 0.01875 0.021875
0 0.47890625 0.43203125 0.01875 0.02109375
0 0.453125 0.421875 0.01875 0.02109375
0 0.4671875 0.41171875 0.01875 0.0234375
0 0.48203125 0.403125 0.0203125 0.02421875
0 0.46328125 0.3890625 0.01953125 0.02109375
0 0.4609375 0.3671875 0.01796875 0.0203125
0 0.41484375 0.54140625 0.0203125 0.01953125
0 0.4375 0.534375 0.01953125 0.02109375
0 0.42265625 0.52265625 0.01875 0.01875
0 0.39765625 0.53046875 0.01953125 0.02109375
0 0.3984375 0.51171875 0.0203125 0.01953125
0 0.4375 0.5140625 0.0203125 0.01875
0 0.41875 0.50234375 0.01953125 0.01875
0 0.4390625 0.49453125 0.01875 0.01953125
0 0.39453125 0.4921875 0.01875 0.02109375
0 0.41328125 0.48515625 0.01875 0.01875
0 0.43359375 0.47578125 0.01953125 0.02265625
0 0.3640625 0.509375 0.0203125 0.021875
0 0.3671875 0.48984375 0.02109375 0.02109375
0 0.34921875 0.4828125 0.01953125 0.0203125
0 0.35390625 0.4640625 0.021875 0.01796875
0 0.33671875 0.45078125 0.01953125 0.0203125
0 0.38671875 0.45703125 0.02265625 0.02109375
0 0.35546875 0.4484375 0.01953125 0.01953125
0 0.403125 0.446875 0.021875 0.02109375
0 0.378125 0.43984375 0.021875 0.01953125
0 0.36875 0.4234375 0.01953125 0.0203125
0 0.35078125 0.4296875 0.01953125 0.0203125
0 0.33046875 0.4328125 0.021875 0.0203125
0 0.31015625 0.43046875 0.0203125 0.02109375
0 0.3390625 0.41796875 0.02109375 0.021875
0 0.325 0.4015625 0.0203125 0.02109375
0 0.303125 0.39296875 0.0203125 0.02109375
0 0.28046875 0.40078125 0.02109375 0.02109375
0 0.31875 0.38046875 0.01953125 0.021875
0 0.28671875 0.3640625 0.01953125 0.0203125
0 0.36171875 0.39453125 0.01875 0.021875
0 0.34609375 0.39296875 0.0171875 0.01953125
0 0.334375 0.37890625 0.01953125 0.01875
0 0.3328125 0.359375 0.02109375 0.0203125
0 0.30703125 0.34921875 0.021875 0.021875
0 0.290625 0.33515625 0.01875 0.0203125
0 0.328125 0.33984375 0.01953125 0.0203125
0 0.3671875 0.3671875 0.0203125 0.02109375
0 0.35 0.34609375 0.02265625 0.02109375
0 0.390625 0.41953125 0.0203125 0.021875
0 0.39609375 0.4015625 0.01875 0.01953125
0 0.3828125 0.384375 0.01953125 0.021875
0 0.3984375 0.3625 0.025 0.021875
0 0.37734375 0.334375 0.01953125 0.02265625
0 0.359375 0.30859375 0.02109375 0.02421875
0 0.434375 0.32578125 0.0203125 0.02265625
0 0.4484375 0.29375 0.0203125 0.02265625
0 0.4296875 0.275 0.01953125 0.02109375
0 0.45078125 0.26328125 0.0203125 0.0234375
0 0.45078125 0.24609375 0.02265625 0.0203125
0 0.428125 0.240625 0.02265625 0.021875
0 0.46953125 0.2234375 0.01953125 0.0203125
0 0.47578125 0.2046875 0.02421875 0.0203125
0 0.46796875 0.1859375 0.0203125 0.021875
0 0.79296875 0.315625 0.02109375 0.02421875