0 0.08515625 0.17265625 0.021875 0.021875
0 0.10546875 0.17109375 0.021875 0.021875
0 0.11328125 0.1859375 0.021875 0.021875
0 0.09609375 0.196875 0.021875 0.0234375
0 0.10625 0.2375 0.0234375 0.021875
0 0.09140625 0.25546875 0.021875 0.0234375
0 0.1203125 0.27734375 0.0234375 0.0234375
0 0.15859375 0.3171875 0.0234375 0.0234375
0 0.17890625 0.4859375 0.025 0.025
0 0.1890625 0.4578125 0.025 0.028125
0 0.19375 0.425 0.0234375 0.025
0 0.17265625 0.42109375 0.025 0.021875
0 0.18359375 0.39609375 0.021875 0.025
0 0.2046875 0.403125 0.025 0.021875
0 0.22265625 0.38671875 0.025 0.021875
0 0.22734375 0.40546875 0.021875 0.025
0 0.21640625 0.425 0.025 0.025
0 0.24765625 0.415625 0.025 0.025
0 0.2390625 0.4359375 0.025 0.0234375
0 0.2609375 0.440625 0.025 0.021875
0 0.25234375 0.4609375 0.0265625 0.025
0 0.30078125 0.50234375 0.0265625 0.0234375
0 0.3109375 0.5234375 0.028125 0.025
0 0.33203125 0.503125 0.028125 0.025
0 0.2953125 0.4578125 0.021875 0.021875
0 0.29765625 0.4375 0.025 0.025
0 0.3140625 0.415625 0.025 0.021875
0 0.321875 0.4359375 0.025 0.025
0 0.3171875 0.4578125 0.025 0.025
0 0.26953125 0.33203125 0.021875 0.021875
0 0.284375 0.35234375 0.025 0.021875
0 0.30859375 0.35234375 0.0234375 0.021875
0 0.32109375 0.3734375 0.025 0.025
0 0.3390625 0.3609375 0.0234375 0.021875
0 0.3625 0.35625 0.025 0.025
0 0.3828125 0.35625 0.025 0.021875
0 0.34765625 0.38203125 0.025 0.021875
0 0.41875 0.446875 0.0203125 0.025
0 0.453125 0.44921875 0.0171875 0.01875
0 0.3484375 0.4453125 0.025 0.021875
0 0.36640625 0.465625 0.028125 0.025
0 0.39765625 0.54375 0.028125 0.025
0 0.42421875 0.55546875 0.028125 0.025
0 0.45234375 0.5546875 0.028125 0.025
0 0.43203125 0.43046875 0.028125 0.021875
0 0.440625 0.45078125 0.028125 0.025
0 0.42578125 0.4859375 0.0265625 0.025
0 0.4546875 0.50078125 0.028125 0.021875
0 0.4609375 0.484375 0.0234375 0.015625
0 0.46015625 0.51484375 0.025 0.021875
0 0.4953125 0.5140625 0.028125 0.028125
0 0.521875 0.5171875 0.028125 0.0234375
0 0.51796875 0.57109375 0.028125 0.028125
0 0.33828125 0.2359375 0.028125 0.0234375
0 0.3703125 0.16953125 0.0234375 0.021875
0 0.3828125 0.19609375 0.0234375 0.021875
0 0.39921875 0.18046875 0.025 0.021875
0 0.40703125 0.159375 0.025 0.021875
0 0.44921875 0.1328125 0.0234375 0.021875
0 0.428125 0.16796875 0.021875 0.0234375
0 0.41953125 0.19921875 0.025 0.0234375
0 0.440625 0.19609375 0.025 0.021875
0 0.403125 0.253125 0.028125 0.0234375
0 0.44296875 0.28515625 0.025 0.021875
0 0.4421875 0.31015625 0.025 0.0234375
0 0.46484375 0.27890625 0.0234375 0.021875
0 0.46328125 0.29921875 0.028125 0.0234375
0 0.48515625 0.2734375 0.0265625 0.021875
0 0.5078125 0.26875 0.028125 0.025
0 0.5046875 0.28984375 0.025 0.025
0 0.490625 0.2 0.021875 0.01875
0 0.48359375 0.2140625 0.021875 0.021875
0 0.46015625 0.21328125 0.0171875 0.015625
0 0.46953125 0.23203125 0.0265625 0.025
0 0.4921875 0.2296875 0.021875 0.0203125
0 0.51015625 0.21015625 0.025 0.021875
0 0.51171875 0.2296875 0.025 0.021875
0 0.52109375 0.2453125 0.021875 0.0234375
0 0.54296875 0.24453125 0.025 0.0203125
0 0.5375 0.1765625 0.0265625 0.021875
0 0.534375 0.228125 0.021875 0.021875
0 0.5625 0.24921875 0.025 0.025
0 0.44296875 0.35703125 0.0265625 0.0265625
0 0.46640625 0.36015625 0.0234375 0.021875
0 0.47421875 0.40625 0.028125 0.025
0 0.4890625 0.3671875 0.025 0.021875
0 0.48984375 0.3875 0.03125 0.0265625
0 0.51015625 0.36953125 0.0234375 0.025
0 0.53125 0.375 0.025 0.025
0 0.55859375 0.35546875 0.025 0.021875
0 0.55234375 0.37421875 0.0265625 0.0203125
0 0.55703125 0.3890625 0.025 0.01875
0 0.58359375 0.38671875 0.028125 0.0265625
0 0.5890625 0.365625 0.025 0.021875
0 0.60859375 0.3796875 0.028125 0.0203125
0 0.54375 0.31015625 0.025 0.0203125
0 0.571875 0.2765625 0.0265625 0.0203125
0 0.56171875 0.29375 0.0234375 0.021875
0 0.57578125 0.309375 0.025 0.025
0 0.5796875 0.24140625 0.0203125 0.021875
0 0.58046875 0.259375 0.025 0.0203125
0 0.59765625 0.27265625 0.021875 0.0203125
0 0.5890625 0.290625 0.025 0.021875
0 0.61171875 0.315625 0.0265625 0.0234375
0 0.61015625 0.28671875 0.0234375 0.021875
0 0.6265625 0.30078125 0.0234375 0.025
0 0.6390625 0.32578125 0.0265625 0.021875
0 0.646875 0.30625 0.025 0.021875
0 0.6625 0.321875 0.025 0.021875
0 0.6359375 0.28359375 0.025 0.021875
0 0.6703125 0.3015625 0.025 0.0234375
0 0.7265625 0.2234375 0.025 0.028125
0 0.7015625 0.178125 0.021875 0.025
0 0.71953125 0.16796875 0.021875 0.021875
0 0.73515625 0.15390625 0.025 0.0203125
0 0.7453125 0.1640625 0.01875 0.01875
0 0.77421875 0.11953125 0.025 0.021875
0 0.7640625 0.10078125 0.0234375 0.021875
0 0.790625 0.121875 0.01875 0.0203125
0 0.62265625 0.40859375 0.028125 0.025
0 0.58359375 0.53046875 0.0296875 0.0234375
0 0.59140625 0.49140625 0.028125 0.025
0 0.6046875 0.51640625 0.028125 0.0265625
0 0.61171875 0.54765625 0.025 0.025
0 0.62890625 0.5546875 0.0140625 0.025
0 0.67265625 0.56015625 0.034375 0.0296875
0 0.63671875 0.52265625 0.028125 0.025
0 0.65625 0.5390625 0.0296875 0.025
0 0.63984375 0.49296875 0.028125 0.028125
0 0.6625 0.5015625 0.028125 0.0265625
0 0.6859375 0.50078125 0.028125 0.021875
0 0.7078125 0.51484375 0.03125 0.0265625
0 0.66953125 0.4765625 0.028125 0.025
0 0.71328125 0.49375 0.028125 0.0265625
0 0.6921875 0.4578125 0.025 0.021875
0 0.696875 0.48046875 0.028125 0.025
0 0.68125 0.43671875 0.0296875 0.025
0 0.72265625 0.4609375 0.034375 0.0265625
0 0.77109375 0.4203125 0.028125 0.021875
0 0.7515625 0.4328125 0.0328125 0.0265625
0 0.78828125 0.2859375 0.028125 0.025
0 0.8140625 0.30390625 0.028125 0.025
0 0.89140625 0.44921875 0.034375 0.0296875