0 0.3203125 0.23203125 0.034375 0.0296875
0 0.53515625 0.2078125 0.034375 0.0265625
0 0.50625 0.26640625 0.0328125 0.0265625
0 0.5484375 0.25390625 0.0328125 0.028125
0 0.57265625 0.23125 0.03125 0.028125
0 0.6 0.22109375 0.03125 0.0265625
0 0.63984375 0.21484375 0.0328125 0.0265625
0 0.6921875 0.25078125 0.03125 0.0234375
0 0.71484375 0.2671875 0.03125 0.0234375
0 0.725 0.29140625 0.0359375 0.028125
0 0.89140625 0.31796875 0.03125 0.025
0 0.87578125 0.33671875 0.0296875 0.0234375
0 0.8984375 0.37265625 0.0359375 0.028125
0 0.80703125 0.36484375 0.03125 0.0265625
0 0.83125 0.42421875 0.034375 0.0296875
0 0.76953125 0.40625 0.03125 0.0265625
0 0.7484375 0.415625 0.0375 0.0265625
0 0.7171875 0.515625 0.0328125 0.0265625
0 0.71953125 0.49453125 0.0328125 0.0265625
0 0.73203125 0.4609375 0.034375 0.0296875
0 0.58828125 0.3171875 0.034375 0.028125
0 0.6671875 0.36953125 0.0359375 0.028125
0 0.62890625 0.37734375 0.034375 0.0234375
0 0.640625 0.39453125 0.0375 0.0265625
0 0.6640625 0.4140625 0.03125 0.028125
0 0.6421875 0.43046875 0.03125 0.0296875
0 0.60703125 0.42578125 0.0375 0.0296875
0 0.52265625 0.37890625 0.03125 0.0265625
0 0.496875 0.36796875 0.034375 0.028125
0 0.49921875 0.34921875 0.034375 0.0234375
0 0.42265625 0.2953125 0.034375 0.0265625
0 0.43125 0.32421875 0.034375 0.0265625
0 0.4421875 0.3609375 0.034375 0.0296875
0 0.45078125 0.4046875 0.034375 0.0296875
0 0.48046875 0.40234375 0.034375 0.0296875
0 0.59296875 0.45 0.0328125 0.0328125
0 0.571875 0.50859375 0.034375 0.0296875
0 0.56796875 0.54296875 0.03125 0.0296875
0 0.5078125 0.5609375 0.034375 0.0296875
0 0.4828125 0.53671875 0.034375 0.0296875
0 0.45859375 0.465625 0.034375 0.0265625
0 0.48828125 0.4765625 0.03125 0.0265625
0 0.47109375 0.5109375 0.034375 0.0265625
0 0.41640625 0.46875 0.034375 0.0265625
0 0.33359375 0.32265625 0.034375 0.0296875
0 0.33046875 0.35078125 0.0328125 0.0296875
0 0.33984375 0.39609375 0.03125 0.0265625
0 0.29140625 0.39765625 0.034375 0.0265625
0 0.30234375 0.521875 0.03125 0.028125
0 0.35234375 0.51796875 0.03125 0.0265625
0 0.32890625 0.534375 0.034375 0.0265625
0 0.28203125 0.50390625 0.034375 0.0296875
0 0.315625 0.4859375 0.03125 0.0296875
0 0.26328125 0.4234375 0.03125 0.0265625
0 0.27109375 0.4625 0.0328125 0.028125
0 0.10234375 0.36484375 0.0390625 0.0296875
0 0.1 0.39921875 0.034375 0.028125
0 0.04921875 0.44453125 0.034375 0.028125
0 0.0703125 0.4296875 0.034375 0.0296875
0 0.12890625 0.440625 0.034375 0.028125
0 0.16171875 0.45703125 0.03125 0.0296875
0 0.37890625 0.76015625 0.03125 0.03125
0 0.20390625 0.74609375 0.034375 0.03125
0 0.296875 0.79921875 0.034375 0.0296875
0 0.03828125 0.47109375 0.0375 0.03125
0 0.078125 0.48203125 0.0328125 0.0265625
0 0.1234375 0.5125 0.03125 0.028125
0 0.09375 0.5171875 0.0328125 0.0296875
0 0.06484375 0.52109375 0.034375 0.0265625
0 0.04375 0.50546875 0.0328125 0.0265625
0 0.0375 0.53671875 0.040625 0.0328125
0 0.0734375 0.546875 0.034375 0.0265625
0 0.103125 0.54765625 0.0328125 0.0296875
0 0.09375 0.603125 0.0359375 0.0328125
0 0.1765625 0.69609375 0.0328125 0.03125
0 0.3359375 0.67578125 0.0375 0.0296875
0 0.2640625 0.65546875 0.0375 0.034375
0 0.1734375 0.61796875 0.0359375 0.0296875
0 0.21484375 0.62578125 0.034375 0.0296875
0 0.1609375 0.57890625 0.034375 0.0296875
0 0.175 0.55625 0.0359375 0.028125
0 0.20703125 0.5734375 0.034375 0.0296875
0 0.23125 0.58671875 0.034375 0.0265625
0 0.24609375 0.60703125 0.034375 0.028125
0 0.27265625 0.6203125 0.034375 0.0296875
0 0.3328125 0.56484375 0.03125 0.0265625
0 0.38359375 0.578125 0.0375 0.0296875
0 0.48671875 0.64921875 0.0390625 0.0328125
0 0.5875 0.6390625 0.034375 0.0296875
0 0.540625 0.6640625 0.03125 0.028125
0 0.5609375 0.68828125 0.034375 0.0296875
0 0.58359375 0.6703125 0.034375 0.0265625
0 0.59296875 0.6984375 0.0328125 0.0296875
0 0.5078125 0.71328125 0.0375 0.0296875
0 0.54609375 0.73046875 0.034375 0.0296875
0 0.603125 0.7375 0.0375 0.028125
0 0.63828125 0.7265625 0.0390625 0.028125
0 0.653125 0.7046875 0.034375 0.0296875
0 0.690625 0.5578125 0.0390625 0.0296875