0 0.32890625 0.353125 0.065625 0.06875
0 0.31796875 0.31796875 0.0703125 0.065625
0 0.3140625 0.42578125 0.071875 0.06875
0 0.37421875 0.3984375 0.0703125 0.0671875
0 0.5109375 0.2328125 0.0625 0.0578125
0 0.51796875 0.196875 0.0625 0.0578125
0 0.5796875 0.103125 0.0671875 0.0703125
0 0.559375 0.0703125 0.059375 0.0578125
0 0.615625 0.18515625 0.0671875 0.065625
0 0.6609375 0.07421875 0.071875 0.06875
0 0.6421875 0.28203125 0.065625 0.0671875
0 0.6796875 0.3171875 0.065625 0.0671875
0 0.75390625 0.13515625 0.065625 0.0703125
0 0.865625 0.28125 0.06875 0.0671875
0 0.8578125 0.32578125 0.0671875 0.065625
0 0.78671875 0.45234375 0.071875 0.0703125
0 0.84453125 0.46484375 0.06875 0.0625
0 0.8203125 0.51953125 0.0671875 0.0671875
0 0.78984375 0.5796875 0.071875 0.06875
0 0.86484375 0.71796875 0.065625 0.06875
0 0.76953125 0.6515625 0.071875 0.071875
0 0.7046875 0.61328125 0.0671875 0.0671875
0 0.659375 0.5609375 0.0734375 0.06875
0 0.621875 0.5265625 0.0671875 0.0703125
0 0.63359375 0.46953125 0.0765625 0.0796875
0 0.60078125 0.41796875 0.0671875 0.0671875
0 0.5640625 0.53828125 0.0640625 0.0640625
0 0.5828125 0.58984375 0.0671875 0.0640625
0 0.646875 0.62734375 0.0671875 0.0625
0 0.6375 0.684375 0.0640625 0.0640625
0 0.590625 0.66328125 0.06875 0.071875
0 0.6078125 0.72109375 0.071875 0.0734375
0 0.70859375 0.71015625 0.075 0.0703125
0 0.5375 0.63515625 0.0734375 0.06875
0 0.503125 0.55703125 0.071875 0.0734375
0 0.453125 0.52578125 0.06875 0.071875
0 0.396875 0.503125 0.0734375 0.071875
0 0.43203125 0.58359375 0.0640625 0.0640625
0 0.46953125 0.62578125 0.0640625 0.06875
0 0.475 0.67734375 0.0703125 0.075
0 0.4828125 0.73828125 0.075 0.071875
0 0.40546875 0.63359375 0.075 0.0703125
0 0.38671875 0.69140625 0.078125 0.075
0 0.42265625 0.790625 0.075 0.071875
0 0.3609375 0.86328125 0.06875 0.071875
0 0.378125 0.91640625 0.0703125 0.06875
0 0.32578125 0.91484375 0.071875 0.071875
0 0.34375 0.9515625 0.0734375 0.0609375