0 0.63125 0.16953125 0.0421875 0.0453125
0 0.59453125 0.17890625 0.0421875 0.0453125
0 0.5765625 0.21015625 0.04375 0.0453125
0 0.6078125 0.2203125 0.0421875 0.04375
0 0.63671875 0.19921875 0.0390625 0.0390625
0 0.65859375 0.2234375 0.0421875 0.0421875
0 0.54296875 0.2046875 0.04375 0.04375
0 0.55 0.2390625 0.040625 0.040625
0 0.58125 0.2484375 0.040625 0.040625
0 0.6234375 0.2578125 0.0421875 0.0421875
0 0.5015625 0.215625 0.0421875 0.0453125
0 0.48125 0.2515625 0.0421875 0.0453125
0 0.51484375 0.24921875 0.0421875 0.04375
0 0.540625 0.26953125 0.040625 0.0390625
0 0.578125 0.28125 0.0453125 0.0453125
0 0.53984375 0.3046875 0.0421875 0.0421875
0 0.5671875 0.3234375 0.0421875 0.0421875
0 0.5984375 0.3125 0.0421875 0.0421875
0 0.3640625 0.26875 0.0453125 0.04375
0 0.409375 0.29296875 0.0515625 0.05
0 0.4515625 0.3125 0.0453125 0.0453125
0 0.48515625 0.2984375 0.0453125 0.0421875
0 0.49609375 0.334375 0.0421875 0.04375
0 0.309375 0.3109375 0.0484375 0.0484375
0 0.3609375 0.33359375 0.0453125 0.04375
0 0.38984375 0.3546875 0.0453125 0.0421875
0 0.40546875 0.38515625 0.0453125 0.0421875
0 0.45703125 0.35 0.04375 0.0421875
0 0.4890625 0.37265625 0.04375 0.0453125
0 0.0453125 0.4546875 0.0515625 0.05625
0 0.13984375 0.51640625 0.053125 0.053125
0 0.29140625 0.39765625 0.046875 0.05
0 0.3671875 0.42421875 0.0421875 0.046875
0 0.40546875 0.421875 0.0453125 0.0421875
0 0.453125 0.4046875 0.04375 0.0453125
0 0.49609375 0.421875 0.04375 0.046875
0 0.38671875 0.459375 0.046875 0.046875
0 0.43359375 0.44765625 0.0421875 0.0421875
0 0.46640625 0.45859375 0.0453125 0.0421875
0 0.52421875 0.4453125 0.04375 0.04375
0 0.50234375 0.4828125 0.04375 0.0453125
0 0.4296875 0.4859375 0.04375 0.0484375
0 0.46953125 0.4953125 0.04375 0.0453125
0 0.48984375 0.53046875 0.0453125 0.0453125
0 0.6640625 0.15703125 0.0421875 0.04375
0 0.6890625 0.19140625 0.0421875 0.046875
0 0.72421875 0.18125 0.04375 0.0453125
0 0.74453125 0.13671875 0.0421875 0.0453125
0 0.725 0.2125 0.0421875 0.0390625
0 0.759375 0.1875 0.0421875 0.0453125
0 0.703125 0.2421875 0.0390625 0.040625
0 0.7421875 0.24453125 0.0421875 0.0453125
0 0.775 0.2390625 0.0421875 0.0421875
0 0.80078125 0.2109375 0.0421875 0.046875
0 0.8484375 0.22421875 0.046875 0.0484375
0 0.871875 0.2734375 0.0453125 0.0453125
0 0.69296875 0.2875 0.0453125 0.0453125
0 0.74375 0.29296875 0.0421875 0.0453125
0 0.78671875 0.2828125 0.04375 0.0453125
0 0.6765625 0.328125 0.0421875 0.0453125
0 0.7171875 0.315625 0.040625 0.04375
0 0.74765625 0.3296875 0.040625 0.040625
0 0.77890625 0.33046875 0.04375 0.05
0 0.675 0.36875 0.04375 0.0453125
0 0.71015625 0.3703125 0.04375 0.0453125
0 0.74453125 0.365625 0.0390625 0.040625
0 0.77578125 0.37109375 0.0421875 0.040625
0 0.64296875 0.37734375 0.0390625 0.04375
0 0.73125 0.396875 0.0421875 0.0421875
0 0.76484375 0.40078125 0.0421875 0.0453125
0 0.6375 0.4109375 0.040625 0.040625
0 0.671875 0.40625 0.0390625 0.0421875
0 0.70234375 0.41171875 0.0390625 0.04375
0 0.7359375 0.42890625 0.0421875 0.040625
0 0.64453125 0.44296875 0.040625 0.040625
0 0.6765625 0.440625 0.0421875 0.0421875
0 0.7125 0.45390625 0.040625 0.04375
0 0.63828125 0.4796875 0.0390625 0.0390625
0 0.66875 0.4703125 0.0421875 0.0421875
0 0.7015625 0.48984375 0.0453125 0.0484375
0 0.63359375 0.5109375 0.0359375 0.04375
0 0.665625 0.5 0.040625 0.040625
0 0.6078125 0.4921875 0.0421875 0.0453125
0 0.6078125 0.45 0.0421875 0.0453125
0 0.60703125 0.53203125 0.0453125 0.0453125
0 0.66875 0.53515625 0.04375 0.0484375
0 0.6171875 0.56328125 0.0375 0.0375
0 0.65078125 0.5625 0.0390625 0.04375
0 0.7 0.5421875 0.0453125 0.04375
0 0.5875 0.57734375 0.0453125 0.046875
0 0.6796875 0.58828125 0.0453125 0.046875
0 0.596875 0.61796875 0.0390625 0.04375
0 0.621875 0.59453125 0.0453125 0.046875
0 0.56484375 0.61171875 0.04375 0.046875
0 0.44453125 0.6078125 0.046875 0.0515625
0 0.60546875 0.67265625 0.0421875 0.04375
0 0.628125 0.69921875 0.046875 0.046875
0 0.45625 0.90234375 0.05 0.0515625
0 0.4703125 0.94765625 0.05 0.05