0 0.521875 0.72265625 0.0234375 0.025
0 0.48125 0.68203125 0.021875 0.021875
0 0.4578125 0.68984375 0.0234375 0.025
0 0.46796875 0.6671875 0.021875 0.0234375
0 0.48515625 0.659375 0.0234375 0.025
0 0.52734375 0.64375 0.021875 0.021875
0 0.49296875 0.6375 0.0203125 0.0234375
0 0.47109375 0.6484375 0.021875 0.021875
0 0.44609375 0.66875 0.0234375 0.0265625
0 0.6375 0.62578125 0.021875 0.021875
0 0.69375 0.6640625 0.01875 0.0203125
0 0.70234375 0.6140625 0.01875 0.0203125
0 0.734375 0.62890625 0.01875 0.0203125
0 0.75390625 0.63203125 0.021875 0.01875
0 0.7671875 0.6171875 0.01875 0.01875
0 0.76875 0.59609375 0.01875 0.0203125
0 0.8578125 0.603125 0.01875 0.021875
0 0.85703125 0.578125 0.0171875 0.0203125
0 0.75546875 0.603125 0.0171875 0.01875
0 0.75234375 0.5828125 0.01875 0.0203125
0 0.74296875 0.60703125 0.0171875 0.021875
0 0.725 0.60625 0.01875 0.01875
0 0.7359375 0.590625 0.01875 0.01875
0 0.7375 0.5703125 0.021875 0.0203125
0 0.721875 0.5828125 0.01875 0.01875
0 0.7 0.5578125 0.01875 0.021875
0 0.69296875 0.54296875 0.01875 0.0203125
0 0.63984375 0.5328125 0.0203125 0.021875
0 0.64296875 0.5109375 0.01875 0.021875
0 0.6265625 0.509375 0.01875 0.0203125
0 0.5921875 0.5296875 0.01875 0.021875
0 0.575 0.51328125 0.01875 0.021875
0 0.60546875 0.478125 0.021875 0.021875
0 0.56484375 0.49765625 0.0203125 0.01875
0 0.5796875 0.4828125 0.01875 0.0203125
0 0.58515625 0.4671875 0.01875 0.0203125
0 0.5625 0.48046875 0.01875 0.0203125
0 0.5703125 0.46796875 0.015625 0.0171875
0 0.54765625 0.48359375 0.01875 0.0203125
0 0.5421875 0.46796875 0.01875 0.021875
0 0.55625 0.46328125 0.01875 0.021875
0 0.5609375 0.446875 0.0171875 0.01875
0 0.57421875 0.4515625 0.0171875 0.01875
0 0.58828125 0.4484375 0.015625 0.0203125
0 0.60625 0.45625 0.01875 0.021875
0 0.5984375 0.4375 0.0171875 0.01875
0 0.58046875 0.43359375 0.0171875 0.01875
0 0.5640625 0.4296875 0.0171875 0.021875
0 0.5453125 0.45 0.0171875 0.0203125
0 0.55 0.43203125 0.01875 0.0203125
0 0.5703125 0.415625 0.01875 0.021875
0 0.53359375 0.43515625 0.01875 0.021875
0 0.553125 0.41328125 0.0171875 0.021875
0 0.546875 0.3953125 0.021875 0.01875
0 0.5234375 0.46171875 0.01875 0.021875
0 0.50546875 0.4796875 0.0203125 0.021875
0 0.52734375 0.48046875 0.01875 0.021875
0 0.50390625 0.45859375 0.01875 0.021875
0 0.503125 0.50703125 0.021875 0.021875
0 0.50703125 0.54296875 0.021875 0.021875
0 0.48828125 0.5171875 0.01875 0.0234375
0 0.5109375 0.52578125 0.01875 0.021875