0 0.7734375 0.3984375 0.025 0.034375
0 0.765625 0.37265625 0.0203125 0.028125
0 0.7453125 0.375 0.025 0.0296875
0 0.72265625 0.37734375 0.021875 0.025
0 0.7359375 0.42578125 0.0234375 0.025
0 0.71875 0.43984375 0.025 0.03125
0 0.7078125 0.390625 0.0234375 0.028125
0 0.69140625 0.378125 0.0234375 0.0265625
0 0.69140625 0.41328125 0.0265625 0.0296875
0 0.79140625 0.38671875 0.0265625 0.0296875
0 0.79453125 0.4109375 0.025 0.028125
0 0.796875 0.43828125 0.0234375 0.028125
0 0.75 0.44921875 0.0234375 0.028125
0 0.74921875 0.47421875 0.0234375 0.025
0 0.77734375 0.4578125 0.025 0.0296875
0 0.778125 0.484375 0.0234375 0.028125
0 0.7625 0.50546875 0.025 0.0296875
0 0.76953125 0.52578125 0.025 0.0265625
0 0.76953125 0.54921875 0.0234375 0.0265625
0 0.7828125 0.56328125 0.0234375 0.025
0 0.79296875 0.615625 0.025 0.0296875
0 0.771875 0.60703125 0.0234375 0.0265625
0 0.74453125 0.54921875 0.0234375 0.028125
0 0.76015625 0.56796875 0.0234375 0.028125
0 0.7578125 0.5921875 0.025 0.0296875
0 0.7515625 0.52578125 0.0234375 0.025
0 0.73125 0.53359375 0.0234375 0.0296875
0 0.72890625 0.55859375 0.0234375 0.025
0 0.7328125 0.5828125 0.021875 0.025
0 0.728125 0.603125 0.0234375 0.025
0 0.740625 0.62265625 0.0234375 0.0265625
0 0.7375 0.646875 0.0234375 0.028125
0 0.7140625 0.63046875 0.025 0.0296875
0 0.7140625 0.58125 0.021875 0.028125
0 0.71015625 0.6046875 0.0203125 0.025
0 0.69453125 0.615625 0.0234375 0.028125
0 0.703125 0.521875 0.0234375 0.025
0 0.71484375 0.54140625 0.021875 0.021875
0 0.69921875 0.55078125 0.0234375 0.028125
0 0.69765625 0.5734375 0.0234375 0.0234375
0 0.6875 0.5921875 0.0234375 0.025
0 0.68203125 0.53984375 0.021875 0.025
0 0.678125 0.5609375 0.0203125 0.025
0 0.66640625 0.5796875 0.0234375 0.028125
0 0.64140625 0.58046875 0.0265625 0.0296875
0 0.68359375 0.50625 0.0234375 0.025
0 0.67734375 0.4796875 0.025 0.0296875
0 0.6625 0.5046875 0.0234375 0.0265625
0 0.64609375 0.4640625 0.0234375 0.028125
0 0.6515625 0.434375 0.0234375 0.028125
0 0.6328125 0.44296875 0.021875 0.0265625
0 0.6515625 0.39921875 0.0234375 0.028125
0 0.6296875 0.4171875 0.0234375 0.028125
0 0.6125 0.41484375 0.0234375 0.028125
0 0.6140625 0.4375 0.0234375 0.025
0 0.58515625 0.42109375 0.0234375 0.028125
0 0.61171875 0.390625 0.021875 0.025
0 0.5921875 0.39921875 0.0265625 0.0265625
0 0.6078125 0.36484375 0.0203125 0.025
0 0.59453125 0.3765625 0.0234375 0.0265625
0 0.61015625 0.3359375 0.0234375 0.0265625
0 0.59453125 0.346875 0.0234375 0.028125
0 0.578125 0.3625 0.0234375 0.025
0 0.57421875 0.3859375 0.0234375 0.028125
0 0.5765625 0.3359375 0.0234375 0.0265625
0 0.559375 0.35703125 0.0234375 0.025
0 0.55703125 0.33125 0.0234375 0.025
0 0.55703125 0.30546875 0.0234375 0.028125
0 0.57109375 0.29296875 0.0234375 0.025
0 0.5515625 0.27421875 0.0234375 0.028125
0 0.53515625 0.2984375 0.025 0.0296875
0 0.534375 0.321875 0.0234375 0.025
0 0.53515625 0.26015625 0.0234375 0.028125
0 0.52421875 0.278125 0.021875 0.025
0 0.51640625 0.2984375 0.021875 0.025
0 0.50546875 0.31484375 0.0234375 0.025
0 0.49609375 0.28828125 0.0234375 0.028125
0 0.503125 0.2671875 0.0234375 0.028125
0 0.515625 0.24921875 0.0234375 0.0234375
0 0.5265625 0.2296875 0.0234375 0.028125
0 0.5578125 0.2265625 0.0234375 0.028125
0 0.5046875 0.21953125 0.0234375 0.0265625
0 0.49296875 0.23984375 0.0234375 0.028125
0 0.48671875 0.20078125 0.0234375 0.0265625
0 0.47734375 0.22421875 0.0234375 0.028125
0 0.47421875 0.175 0.025 0.0296875
0 0.52421875 0.11953125 0.025 0.0296875
0 0.4984375 0.1359375 0.0265625 0.0296875
0 0.4640625 0.12265625 0.0234375 0.028125
0 0.44375 0.11015625 0.0265625 0.0296875
0 0.41953125 0.128125 0.0265625 0.0296875
0 0.3921875 0.15234375 0.0234375 0.025
0 0.38203125 0.17421875 0.0265625 0.0296875
0 0.38828125 0.196875 0.0234375 0.025
0 0.4125 0.19921875 0.0234375 0.028125
0 0.41171875 0.1515625 0.0234375 0.0265625
0 0.41640625 0.1765625 0.0234375 0.028125
0 0.4328125 0.19296875 0.0234375 0.028125