0 0.578125 0.86328125 0.0375 0.02890625
0 0.5484375 0.84921875 0.0359375 0.0296875
0 0.35390625 0.85859375 0.04296875 0.0328125
0 0.31640625 0.8234375 0.0375 0.03359375
0 0.28046875 0.809375 0.03984375 0.0328125
0 0.3125 0.7796875 0.040625 0.03359375
0 0.2453125 0.7828125 0.046875 0.03515625
0 0.41171875 0.7375 0.0421875 0.034375
0 0.20546875 0.7171875 0.04765625 0.034375
0 0.2484375 0.640625 0.046875 0.03359375
0 0.1609375 0.6 0.05234375 0.03671875
0 0.16953125 0.5265625 0.0484375 0.03515625
0 0.3953125 0.628125 0.04296875 0.0359375
0 0.365625 0.5875 0.04609375 0.03359375
0 0.415625 0.53515625 0.040625 0.03359375
0 0.60390625 0.59765625 0.03828125 0.03125
0 0.58046875 0.5703125 0.040625 0.03046875
0 0.55078125 0.53359375 0.03828125 0.03203125
0 0.47890625 0.51953125 0.040625 0.0296875
0 0.45390625 0.49765625 0.0421875 0.03125
0 0.41171875 0.4984375 0.04375 0.0328125
0 0.37421875 0.4796875 0.0390625 0.03046875
0 0.3375 0.4890625 0.04375 0.03046875
0 0.2953125 0.49375 0.04453125 0.03515625
0 0.32265625 0.45 0.0328125 0.03046875
0 0.3046875 0.45546875 0.04140625 0.03125
0 0.29921875 0.421875 0.04453125 0.03515625
0 0.240625 0.42578125 0.05078125 0.034375
0 0.20078125 0.4453125 0.0484375 0.0328125
0 0.2453125 0.459375 0.04375 0.03828125
0 0.25625 0.39453125 0.04375 0.0328125
0 0.20625 0.3984375 0.05078125 0.03203125
0 0.15390625 0.396875 0.04921875 0.034375
0 0.22421875 0.365625 0.04609375 0.0359375
0 0.215625 0.3296875 0.05 0.0375
0 0.38046875 0.32109375 0.04140625 0.03125
0 0.36171875 0.35078125 0.04609375 0.034375
0 0.415625 0.3375 0.0390625 0.02578125
0 0.39296875 0.37734375 0.03515625 0.03046875
0 0.40546875 0.36015625 0.0453125 0.03125
0 0.45546875 0.34140625 0.04296875 0.0328125
0 0.50234375 0.353125 0.0390625 0.03046875
0 0.46328125 0.3734375 0.040625 0.03125
0 0.53359375 0.37421875 0.040625 0.02890625
0 0.5 0.38515625 0.03984375 0.0296875
0 0.57109375 0.3890625 0.0359375 0.0328125
0 0.53515625 0.415625 0.03984375 0.03125
0 0.578125 0.41796875 0.03984375 0.02890625
0 0.51015625 0.44921875 0.03984375 0.03203125
0 0.47265625 0.403125 0.03828125 0.03046875
0 0.43046875 0.41171875 0.0375 0.0296875
0 0.3921875 0.42421875 0.04375 0.034375
0 0.459375 0.43203125 0.03828125 0.03046875
0 0.40390625 0.45390625 0.04296875 0.03203125
0 0.36171875 0.4484375 0.03828125 0.03203125
0 0.66015625 0.5015625 0.040625 0.0296875
0 0.6609375 0.46875 0.03828125 0.03203125
0 0.6203125 0.465625 0.0390625 0.03515625
0 0.796875 0.6296875 0.03515625 0.025
0 0.77890625 0.6078125 0.034375 0.02421875
0 0.7859375 0.5625 0.03515625 0.0265625
0 0.75546875 0.57734375 0.03828125 0.0296875
0 0.7265625 0.59375 0.03984375 0.02890625
0 0.7984375 0.70390625 0.04296875 0.03046875
0 0.6828125 0.73203125 0.03671875 0.03046875
0 0.6578125 0.75625 0.034375 0.0296875
0 0.6359375 0.7375 0.0375 0.03125
0 0.59765625 0.728125 0.0390625 0.03125
0 0.8078125 0.503125 0.03671875 0.02890625
0 0.7796875 0.45859375 0.03515625 0.0265625
0 0.81328125 0.44921875 0.03046875 0.025
0 0.79140625 0.4328125 0.03125 0.02578125
0 0.76328125 0.42265625 0.03515625 0.0296875
0 0.82578125 0.41171875 0.03515625 0.02734375
0 0.85 0.37109375 0.0328125 0.02578125
0 0.81796875 0.36328125 0.03203125 0.02578125
0 0.82109375 0.3359375 0.0375 0.0265625
0 0.75625 0.33984375 0.0390625 0.02890625
0 0.76015625 0.3109375 0.04296875 0.0296875
0 0.83046875 0.3109375 0.0359375 0.028125
0 0.87890625 0.30078125 0.03125 0.02734375
0 0.83046875 0.28203125 0.03125 0.02890625
0 0.80390625 0.2671875 0.03671875 0.02734375
0 0.859375 0.2625 0.03359375 0.02890625
0 0.7875 0.24296875 0.03828125 0.0296875
0 0.74921875 0.26328125 0.034375 0.02734375
0 0.71171875 0.23125 0.0375 0.03046875
0 0.68828125 0.25 0.03984375 0.03046875
0 0.70546875 0.2015625 0.03984375 0.0296875
0 0.78046875 0.21171875 0.0390625 0.03125
0 0.690625 0.1546875 0.04140625 0.03203125
0 0.66484375 0.1234375 0.04140625 0.03125
0 0.6 0.14921875 0.0359375 0.03203125
0 0.5609375 0.15234375 0.03828125 0.0359375
0 0.63671875 0.0984375 0.03671875 0.0328125
0 0.66171875 0.08125 0.03671875 0.0328125
0 0.5921875 0.096875 0.04296875 0.03515625
0 0.60078125 0.0671875 0.04296875 0.0359375
0 0.2625 0.23671875 0.04609375 0.0359375