0 0.60859375 0.43359375 0.04375 0.03671875
0 0.57109375 0.446875 0.04375 0.03203125
0 0.5328125 0.4328125 0.04296875 0.03515625
0 0.578125 0.409375 0.03984375 0.03515625
0 0.60625 0.38125 0.04140625 0.03671875
0 0.6484375 0.3984375 0.04453125 0.03125
0 0.65625 0.43046875 0.04375 0.0328125
0 0.6984375 0.37109375 0.0484375 0.040625
0 0.74921875 0.34609375 0.04453125 0.03828125
0 0.778125 0.42734375 0.0453125 0.03359375
0 0.78828125 0.46484375 0.040625 0.03359375
0 0.76484375 0.496875 0.04453125 0.03359375
0 0.74921875 0.39375 0.0421875 0.03359375
0 0.72109375 0.525 0.0421875 0.03125
0 0.71953125 0.42578125 0.0421875 0.03203125
0 0.71953125 0.5546875 0.0390625 0.03203125
0 0.67890625 0.48984375 0.040625 0.03359375
0 0.6828125 0.534375 0.0375 0.03125
0 0.73515625 0.5984375 0.04140625 0.0328125
0 0.6421875 0.54609375 0.03984375 0.03203125
0 0.68046875 0.575 0.040625 0.03203125
0 0.61171875 0.52734375 0.040625 0.03046875
0 0.63359375 0.58046875 0.03828125 0.02890625
0 0.65 0.60703125 0.03671875 0.02578125
0 0.59453125 0.5921875 0.0375 0.0265625
0 0.60625 0.61875 0.04296875 0.02890625
0 0.540625 0.4703125 0.0359375 0.03046875
0 0.490625 0.415625 0.04375 0.03359375
0 0.5 0.459375 0.04609375 0.02734375
0 0.509375 0.4859375 0.04296875 0.0296875
0 0.42578125 0.45 0.04296875 0.0296875
0 0.46484375 0.47578125 0.03984375 0.02890625
0 0.4578125 0.50234375 0.04296875 0.02890625
0 0.4953125 0.5140625 0.04140625 0.0296875
0 0.51484375 0.534375 0.03828125 0.0265625
0 0.55 0.546875 0.03984375 0.03203125
0 0.4140625 0.48046875 0.04296875 0.02734375
0 0.41875 0.509375 0.040625 0.02578125
0 0.44609375 0.53046875 0.03671875 0.02890625
0 0.47890625 0.54453125 0.0359375 0.02890625
0 0.50703125 0.5625 0.03515625 0.0296875
0 0.53203125 0.57734375 0.0375 0.0265625
0 0.5546875 0.6078125 0.0375 0.0296875
0 0.46953125 0.57265625 0.03671875 0.025
0 0.41015625 0.5375 0.03984375 0.0296875
0 0.43515625 0.55859375 0.0390625 0.02734375
0 0.4359375 0.5890625 0.0375 0.02578125
0 0.3828125 0.55546875 0.0390625 0.02578125
0 0.3953125 0.58359375 0.03984375 0.02265625
0 0.35 0.578125 0.0390625 0.02578125
0 0.36796875 0.603125 0.04375 0.0265625
0 0.40859375 0.61875 0.0375 0.028125
0 0.446875 0.61328125 0.0359375 0.0265625
0 0.4890625 0.60234375 0.040625 0.0328125
0 0.6359375 0.6703125 0.0328125 0.0296875
0 0.59921875 0.66953125 0.0359375 0.025
0 0.59765625 0.69609375 0.0328125 0.0265625
0 0.6609375 0.634375 0.0390625 0.02734375
0 0.56796875 0.71484375 0.0359375 0.0265625
0 0.55546875 0.68515625 0.0375 0.02734375
0 0.53203125 0.7109375 0.0359375 0.02578125
0 0.5609375 0.74375 0.03671875 0.028125
0 0.60546875 0.72421875 0.0359375 0.0265625
0 0.51015625 0.7328125 0.0390625 0.02421875
0 0.521875 0.759375 0.03359375 0.0234375
0 0.47265625 0.72578125 0.03671875 0.02421875
0 0.503125 0.684375 0.03828125 0.028125
0 0.42421875 0.64296875 0.03828125 0.02890625
0 0.35546875 0.63203125 0.0390625 0.028125
0 0.24296875 0.54765625 0.04765625 0.034375
0 0.22890625 0.5921875 0.04375 0.03203125
0 0.321875 0.653125 0.03984375 0.028125
0 0.4 0.6703125 0.04375 0.02734375
0 0.41796875 0.69765625 0.03515625 0.0296875
0 0.4328125 0.728125 0.03671875 0.0265625
0 0.46171875 0.75078125 0.0390625 0.03046875
0 0.628125 0.77578125 0.03828125 0.02734375
0 0.6828125 0.846875 0.03046875 0.0234375
0 0.390625 0.7328125 0.0359375 0.02734375
0 0.5703125 0.8109375 0.03671875 0.025
0 0.3578125 0.71640625 0.0375 0.028125
0 0.40703125 0.7609375 0.03671875 0.028125
0 0.52890625 0.81015625 0.0375 0.02734375
0 0.3625 0.7578125 0.0390625 0.03046875
0 0.37578125 0.7890625 0.0375 0.02734375
0 0.434375 0.8015625 0.0375 0.02265625
0 0.3375 0.80234375 0.03359375 0.03046875
0 0.06171875 0.65859375 0.03984375 0.03125
0 0.29296875 0.771875 0.0375 0.02734375
0 0.1140625 0.68984375 0.040625 0.02890625
0 0.29921875 0.80078125 0.03515625 0.02734375
0 0.3453125 0.83359375 0.03828125 0.028125
0 0.1296875 0.72109375 0.0375 0.02734375
0 0.28359375 0.8296875 0.03515625 0.02578125
0 0.18515625 0.79375 0.03359375 0.028125
0 0.28671875 0.8546875 0.0359375 0.02265625
0 0.2328125 0.81484375 0.0359375 0.02890625
0 0.2953125 0.88671875 0.03515625 0.028125
0 0.34296875 0.90625 0.03828125 0.02734375