0 0.59609375 0.70390625 0.01875 0.015625
0 0.58515625 0.68828125 0.01875 0.0171875
0 0.5640625 0.6859375 0.021875 0.0171875
0 0.609375 0.68046875 0.021875 0.01875
0 0.678125 0.66640625 0.021875 0.01875
0 0.6546875 0.67890625 0.021875 0.01875
0 0.64765625 0.6140625 0.021875 0.01875
0 0.6484375 0.63359375 0.021875 0.01875
0 0.65234375 0.65546875 0.025 0.0203125
0 0.6296875 0.66796875 0.025 0.0203125
0 0.62265625 0.65 0.025 0.0203125
0 0.6015625 0.65859375 0.021875 0.01875
0 0.5578125 0.6546875 0.021875 0.015625
0 0.5875 0.67109375 0.021875 0.015625
0 0.565625 0.6703125 0.021875 0.01875
0 0.57890625 0.65625 0.01875 0.015625
0 0.59375 0.6421875 0.01875 0.015625
0 0.6125 0.63203125 0.021875 0.01875
0 0.62578125 0.60625 0.0203125 0.01875
0 0.60546875 0.61484375 0.021875 0.0171875
0 0.58515625 0.625 0.021875 0.015625
0 0.5703125 0.640625 0.021875 0.0171875
0 0.56484375 0.6234375 0.0203125 0.01875
0 0.58203125 0.60703125 0.0203125 0.01875
0 0.53984375 0.59765625 0.021875 0.01875
0 0.56015625 0.6046875 0.01875 0.015625
0 0.54296875 0.61875 0.0203125 0.01875
0 0.55 0.63671875 0.01875 0.0171875
0 0.534375 0.65078125 0.0234375 0.0203125
0 0.54140625 0.66796875 0.01875 0.015625
0 0.51953125 0.6640625 0.0203125 0.0171875
0 0.496875 0.6640625 0.0203125 0.0171875
0 0.5109375 0.6484375 0.01875 0.015625
0 0.51875 0.61328125 0.021875 0.015625
0 0.52421875 0.63125 0.01875 0.021875
0 0.50234375 0.63125 0.021875 0.01875
0 0.4875 0.64921875 0.021875 0.0171875
0 0.4765625 0.665625 0.01875 0.015625
0 0.46171875 0.653125 0.01875 0.01875
0 0.471875 0.6359375 0.021875 0.01875
0 0.484375 0.621875 0.021875 0.01875
0 0.49765625 0.60546875 0.01875 0.01875
0 0.51875 0.59375 0.021875 0.021875
0 0.47421875 0.5734375 0.0203125 0.01875
0 0.4953125 0.5859375 0.021875 0.0203125
0 0.475 0.5953125 0.025 0.0203125
0 0.46484375 0.6109375 0.021875 0.01875
0 0.453125 0.6265625 0.0203125 0.015625
0 0.44375 0.64296875 0.0203125 0.0171875
0 0.42265625 0.65 0.021875 0.01875
0 0.4390625 0.66328125 0.021875 0.01875
0 0.45703125 0.671875 0.01875 0.015625
0 0.43046875 0.67890625 0.021875 0.01875
0 0.4515625 0.6890625 0.0203125 0.01875
0 0.4734375 0.6828125 0.0203125 0.0171875
0 0.49453125 0.6828125 0.01875 0.01875
0 0.52109375 0.6828125 0.01875 0.015625
0 0.5078125 0.69765625 0.01875 0.015625
0 0.53125 0.69921875 0.021875 0.015625
0 0.54921875 0.70625 0.021875 0.01875
0 0.54375 0.68515625 0.01875 0.0171875
0 0.57109375 0.70390625 0.021875 0.01875
0 0.546875 0.72421875 0.01875 0.01875
0 0.525 0.73125 0.01875 0.0171875
0 0.51875 0.7125 0.021875 0.0171875
0 0.4984375 0.73125 0.021875 0.015625
0 0.49765625 0.7140625 0.021875 0.01875
0 0.475 0.7203125 0.01875 0.01875
0 0.45 0.725 0.021875 0.01875
0 0.48359375 0.6984375 0.01875 0.015625
0 0.4625 0.70390625 0.01875 0.015625
0 0.4421875 0.71015625 0.021875 0.01875
0 0.42578125 0.7203125 0.01875 0.015625
0 0.4125 0.70703125 0.0203125 0.01875
0 0.4296875 0.696875 0.01875 0.015625
0 0.409375 0.6890625 0.01875 0.01875
0 0.3875 0.684375 0.021875 0.01875
0 0.40234375 0.67109375 0.0203125 0.01875
0 0.36875 0.665625 0.021875 0.01875
0 0.39765625 0.6515625 0.021875 0.01875
0 0.39921875 0.6328125 0.021875 0.01875
0 0.42890625 0.62890625 0.0203125 0.01875
0 0.44375 0.61015625 0.0203125 0.0171875
0 0.4515625 0.5890625 0.021875 0.01875
0 0.42421875 0.60234375 0.021875 0.0203125
0 0.403125 0.61015625 0.021875 0.0203125
0 0.3875 0.59296875 0.025 0.021875
0 0.81640625 0.52109375 0.0265625 0.0234375
0 0.8671875 0.55859375 0.028125 0.0234375
0 0.690625 0.6109375 0.0234375 0.025
0 0.65 0.5734375 0.0265625 0.025
0 0.61875 0.5671875 0.021875 0.021875
0 0.6 0.59453125 0.021875 0.021875
0 0.5796875 0.58828125 0.0203125 0.021875
0 0.5578125 0.58515625 0.0203125 0.021875
0 0.53671875 0.57421875 0.0203125 0.021875
0 0.51328125 0.57421875 0.01875 0.01875
0 0.49765625 0.56171875 0.0203125 0.01875
0 0.4875 0.54375 0.021875 0.021875